s07_AV97 Record=40: Actinolite HS116.3B          ASDFRb AREF
 1.1498895e-001
 1.2193500e-001
 1.3024043e-001
 1.3781765e-001
 1.4688267e-001
 1.5794510e-001
 1.6896646e-001
 1.7677093e-001
 1.8458274e-001
 1.9411008e-001
 2.0353781e-001
 2.1302490e-001
 2.2049992e-001
 2.2632827e-001
 2.3137870e-001
 2.3411369e-001
 2.3420250e-001
 2.3290944e-001
 2.3071580e-001
 2.2830638e-001
 2.2534662e-001
 2.2146325e-001
 2.1729182e-001
 2.1307273e-001
 2.0887731e-001
 2.0453659e-001
 2.0025052e-001
 1.9603331e-001
 1.9243988e-001
 1.8934202e-001
 1.8697919e-001
 1.8580657e-001
 1.8725385e-001
 1.8595292e-001
 1.8524550e-001
 1.8406761e-001
 1.8361107e-001
 1.8417396e-001
 1.8502596e-001
 1.8615261e-001
 1.8785220e-001
 1.8988352e-001
 1.9229962e-001
 1.9508675e-001
 1.9793443e-001
 2.0053069e-001
 2.0239037e-001
 2.0304295e-001
 2.0269908e-001
 2.0151748e-001
 1.9958508e-001
 1.9709665e-001
 1.9444282e-001
 1.9189675e-001
 1.8964797e-001
 1.8777372e-001
 1.8638100e-001
 1.8523872e-001
 1.8438934e-001
 1.8370651e-001
 1.8296064e-001
 1.8217686e-001
 1.8026984e-001
 1.7921230e-001
 1.7741729e-001
 1.7536658e-001
 1.7303726e-001
 1.7056237e-001
 1.6862421e-001
 1.6646403e-001
 1.6568604e-001
 1.6598403e-001
 1.6826740e-001
 1.7249186e-001
 1.7894953e-001
 1.8748590e-001
 1.9603054e-001
 2.0549873e-001
 2.1493031e-001
 2.2283080e-001
 2.3153052e-001
 2.3895828e-001
 2.4686573e-001
 2.5458112e-001
 2.6125738e-001
 2.6895872e-001
 2.7617833e-001
 2.8460911e-001
 2.9300734e-001
 3.0091751e-001
 3.0992898e-001
 3.1941736e-001
 3.2798278e-001
 3.3774370e-001
 3.4667972e-001
 3.5589588e-001
 3.4168437e-001
 3.5139847e-001
 3.6035568e-001
 3.7002486e-001
 3.7938085e-001
 3.8830560e-001
 3.9789101e-001
 4.0680259e-001
 4.1573036e-001
 4.2430979e-001
 4.3199694e-001
 4.3738118e-001
 4.4020116e-001
 4.2399058e-001
 3.4386957e-001
 4.0332854e-001
 4.5714647e-001
 4.7019389e-001
 4.7506860e-001
 4.7986150e-001
 4.8603207e-001
 4.9331963e-001
 5.0055397e-001
 5.0711745e-001
 5.1296020e-001
 5.1803827e-001
 5.2244771e-001
 5.2617121e-001
 5.3012502e-001
 5.3454340e-001
 5.3923219e-001
 5.4387009e-001
 5.4832363e-001
 5.5319506e-001
 5.5790341e-001
 5.6272614e-001
 5.6744641e-001
 5.7199639e-001
 5.7619876e-001
 5.8079368e-001
 5.8516484e-001
 5.8933997e-001
 5.9365779e-001
 5.9683365e-001
 6.0097533e-001
 6.0451448e-001
 6.0820067e-001
 6.1054629e-001
 6.1225224e-001
 6.1455727e-001
 6.1563033e-001
 6.1785376e-001
 6.1933690e-001
 6.2104440e-001
 6.2135106e-001
 6.2216908e-001
 6.2182069e-001
 6.2115908e-001
 6.1871308e-001
 6.1756045e-001
 6.1566556e-001
 6.1319810e-001
 6.1018580e-001
 6.0446924e-001
 6.0704637e-001
 6.0098559e-001
 5.9829211e-001
 5.9359294e-001
 5.9577554e-001
 5.9911042e-001
 6.0000050e-001
 5.9825778e-001
 5.9511942e-001
 5.9353387e-001
 5.8814967e-001
 5.8236855e-001
 5.7849169e-001
 5.7795578e-001
 5.8015352e-001
 5.8501410e-001
 5.8757913e-001
 5.8353460e-001
 5.8087599e-001
 5.7937467e-001
 5.7353473e-001
 5.6865084e-001
 5.6111068e-001
 5.4006100e-001
 5.3176862e-001
 5.3169125e-001
 5.3769594e-001
 5.3796381e-001
 5.3757429e-001
 5.3753150e-001
 5.3364968e-001
 5.2873319e-001
 5.2368307e-001
 5.1830202e-001
 5.0953424e-001
 4.9797541e-001
 4.7746557e-001
 4.6115044e-001
 4.4527858e-001
 4.1251728e-001
 3.6776802e-001
 3.1951338e-001
 2.6747757e-001
 2.5022823e-001
 2.4536280e-001
 3.0216393e-001
 3.6843503e-001
 3.9044759e-001
 3.8493806e-001
 3.6013669e-001
 3.1306037e-001
 2.8805941e-001
 3.2582644e-001
 3.6400354e-001
 3.7355351e-001
 3.8076901e-001
 3.7507710e-001
 3.6402956e-001
 3.5524979e-001
 3.5203224e-001
 3.5081252e-001
 3.5531339e-001
 3.5602856e-001
-1.2300000e+034
