s07_AV97 Record=3680: Calcite+.33Muscov AMX5 Ruby   BECKa AREF
 6.8923473e-001
 7.0537835e-001
 7.2399104e-001
 7.4294651e-001
 7.6310056e-001
 7.7973592e-001
 7.9588842e-001
 8.0907243e-001
 8.2171214e-001
 8.2843447e-001
 8.3441532e-001
 8.3882344e-001
 8.4622592e-001
 8.4814328e-001
 8.4537286e-001
 8.4545761e-001
 8.4682280e-001
 8.4868276e-001
 8.4848976e-001
 8.5082453e-001
 8.5251778e-001
 8.5450304e-001
 8.5862416e-001
 8.6266047e-001
 8.6604774e-001
 8.6829245e-001
 8.7208313e-001
 8.7585741e-001
 8.7751663e-001
 8.8043344e-001
 8.8480586e-001
 8.8897848e-001
 8.8412011e-001
 8.8850719e-001
 8.8961172e-001
 8.9131135e-001
 8.9210945e-001
 8.9400810e-001
 8.9704251e-001
 8.9850622e-001
 8.9940035e-001
 8.9976513e-001
 9.0172082e-001
 9.0090942e-001
 9.0217829e-001
 9.0202749e-001
 9.0098053e-001
 9.0081316e-001
 9.0021682e-001
 9.0127593e-001
 9.0279043e-001
 9.0051556e-001
 8.9892107e-001
 9.0104920e-001
 8.9781034e-001
 8.9710367e-001
 8.9985502e-001
 8.9538008e-001
 8.9663380e-001
 8.9510846e-001
 8.9772868e-001
 8.9864337e-001
 8.9889592e-001
 8.9929408e-001
 8.9994723e-001
 9.0438306e-001
 9.0326673e-001
 9.0347940e-001
 9.0822691e-001
 9.0812957e-001
 9.0755641e-001
 9.0886813e-001
 9.0688527e-001
 9.0914994e-001
 9.0830696e-001
 9.0880871e-001
 9.0947223e-001
 9.0971303e-001
 9.1068733e-001
 9.1028899e-001
 9.1190743e-001
 9.1271806e-001
 9.1182798e-001
 9.1331947e-001
 9.1388935e-001
 9.1490233e-001
 9.1000742e-001
 9.1518980e-001
 9.1561723e-001
 9.1588551e-001
 9.1767418e-001
 9.1781843e-001
 9.1976643e-001
 9.1943783e-001
 9.2066193e-001
 9.2167979e-001
 9.2038339e-001
 9.2094970e-001
 9.2244583e-001
 9.2236024e-001
 9.2267954e-001
 9.2193615e-001
 9.2234796e-001
 9.2262638e-001
 9.2314339e-001
 9.2488861e-001
 9.2462921e-001
 9.2298222e-001
 9.2270684e-001
 9.1668975e-001
 8.9275187e-001
 8.5387665e-001
 8.4756780e-001
 8.8508809e-001
 9.1460812e-001
 9.2469811e-001
 9.2782795e-001
 9.2850578e-001
 9.3154746e-001
 9.3323606e-001
 9.3439180e-001
 9.3321270e-001
 9.3396574e-001
 9.3379456e-001
 9.3376541e-001
 9.3588531e-001
 9.3701309e-001
 9.3322259e-001
 9.3326682e-001
 9.3537724e-001
 9.3713367e-001
 9.3822592e-001
 9.3637812e-001
 9.3736202e-001
 9.3536115e-001
 9.3622404e-001
 9.3425345e-001
 9.3490028e-001
 9.3423378e-001
 9.3306935e-001
 9.2908823e-001
 9.3154079e-001
 9.2736745e-001
 9.2391968e-001
 9.2609292e-001
 9.2391378e-001
 9.2221481e-001
 9.2346221e-001
 9.2979836e-001
 9.3167222e-001
 9.2890555e-001
 9.2718279e-001
 9.2438209e-001
 9.1772121e-001
 9.1132092e-001
 9.0253317e-001
 8.9949727e-001
 8.9251828e-001
 8.7039781e-001
 8.7485439e-001
 8.6934531e-001
 8.9040989e-001
 9.0123624e-001
 8.9872181e-001
 8.9530408e-001
 8.9311892e-001
 8.9220804e-001
 8.8955998e-001
 8.8167042e-001
 8.7329042e-001
 8.6980301e-001
 8.5777980e-001
 8.5166657e-001
 8.6938918e-001
 8.8635212e-001
 8.9415240e-001
 8.9861631e-001
 8.9940161e-001
 8.9790446e-001
 8.9700806e-001
 8.9154315e-001
 8.8826382e-001
 8.7719524e-001
 8.6752808e-001
 8.6298674e-001
 8.5997897e-001
 8.5096133e-001
 8.3025175e-001
 8.1960523e-001
 8.1036383e-001
 7.9768246e-001
 7.7056670e-001
 7.4990332e-001
 7.5359756e-001
 7.7209830e-001
 7.8568786e-001
 7.8070676e-001
 7.7168971e-001
 7.5744516e-001
 7.3891455e-001
 7.2000194e-001
 6.9025654e-001
 6.6639781e-001
 6.5227252e-001
 6.2729627e-001
 5.9631068e-001
 5.6708711e-001
 5.7793921e-001
 6.3041645e-001
 6.9658828e-001
 7.3989946e-001
 7.4681604e-001
 7.4148566e-001
 7.3421657e-001
 7.2326559e-001
 7.0412338e-001
 6.7965096e-001
 6.5439641e-001
 6.3272297e-001
 6.1059070e-001
 5.9090072e-001
 5.7274163e-001
 5.5493659e-001
 5.3758746e-001
