s07_AV97 Record=3845: Dolomite.5+Ca-Mont.5 AMX10   ASDNGb AREF
 5.8994544e-001
 5.9736234e-001
 6.0494459e-001
 6.1079192e-001
 6.1497372e-001
 6.1839867e-001
 6.2168348e-001
 6.2549049e-001
 6.3089740e-001
 6.3638234e-001
 6.4103311e-001
 6.4530003e-001
 6.4949203e-001
 6.5382504e-001
 6.5823209e-001
 6.6266978e-001
 6.6718894e-001
 6.7182058e-001
 6.7655921e-001
 6.8115485e-001
 6.8535799e-001
 6.8883854e-001
 6.9186854e-001
 6.9441235e-001
 6.9662333e-001
 6.9848955e-001
 7.0015311e-001
 7.0172906e-001
 7.0327240e-001
 7.0479620e-001
 7.0628315e-001
 7.0768315e-001
 7.0604408e-001
 7.0743221e-001
 7.0865953e-001
 7.0972031e-001
 7.1066111e-001
 7.1148604e-001
 7.1236736e-001
 7.1330673e-001
 7.1402919e-001
 7.1484447e-001
 7.1571183e-001
 7.1634960e-001
 7.1684581e-001
 7.1719611e-001
 7.1742553e-001
 7.1751523e-001
 7.1764755e-001
 7.1758044e-001
 7.1731919e-001
 7.1706104e-001
 7.1676701e-001
 7.1646714e-001
 7.1610945e-001
 7.1571714e-001
 7.1538430e-001
 7.1492040e-001
 7.1443099e-001
 7.1392554e-001
 7.1320587e-001
 7.1213681e-001
 7.1017176e-001
 7.0799035e-001
 7.0789313e-001
 7.0951289e-001
 7.1076214e-001
 7.1168625e-001
 7.1234113e-001
 7.1287698e-001
 7.1341127e-001
 7.1391487e-001
 7.1448845e-001
 7.1503693e-001
 7.1556646e-001
 7.1612197e-001
 7.1659333e-001
 7.1709090e-001
 7.1742314e-001
 7.1767169e-001
 7.1770066e-001
 7.1693140e-001
 7.1385711e-001
 7.0951641e-001
 7.0991647e-001
 7.1246427e-001
 7.1376038e-001
 7.1416050e-001
 7.1464229e-001
 7.1539211e-001
 7.1589959e-001
 7.1620148e-001
 7.1646571e-001
 7.1627086e-001
 7.1606243e-001
 7.1644801e-001
 7.1610767e-001
 7.1628952e-001
 7.1628541e-001
 7.1534663e-001
 7.1370596e-001
 7.1219349e-001
 7.1059692e-001
 7.0833695e-001
 7.0519376e-001
 7.0183682e-001
 6.9863600e-001
 6.9443774e-001
 6.8611479e-001
 6.6951501e-001
 6.3948792e-001
 6.0800701e-001
 5.8980733e-001
 5.9539992e-001
 6.1598414e-001
 6.3114059e-001
 6.3816303e-001
 6.4058679e-001
 6.4758205e-001
 6.5756416e-001
 6.6577250e-001
 6.7222899e-001
 6.7758387e-001
 6.8213439e-001
 6.8600732e-001
 6.8926734e-001
 6.9212377e-001
 6.9481415e-001
 6.9724154e-001
 6.9917530e-001
 7.0079511e-001
 7.0229274e-001
 7.0338327e-001
 7.0439786e-001
 7.0530933e-001
 7.0607197e-001
 7.0677650e-001
 7.0725489e-001
 7.0727301e-001
 7.0685935e-001
 7.0617050e-001
 7.0500654e-001
 7.0339739e-001
 7.0125949e-001
 6.9867665e-001
 6.9579899e-001
 6.9343084e-001
 6.9124562e-001
 6.8854731e-001
 6.8581849e-001
 6.8332613e-001
 6.8132573e-001
 6.7964381e-001
 6.7755479e-001
 6.7491597e-001
 6.6996455e-001
 6.6195929e-001
 6.5067649e-001
 6.3511693e-001
 6.0366744e-001
 6.1583817e-001
 5.6981385e-001
 5.1254314e-001
 4.8091599e-001
 4.8974994e-001
 5.1040637e-001
 5.2571821e-001
 5.3556997e-001
 5.4188454e-001
 5.4616290e-001
 5.5175334e-001
 5.6243372e-001
 5.7653987e-001
 5.8914655e-001
 5.9965944e-001
 6.0836411e-001
 6.1511064e-001
 6.2054181e-001
 6.2444973e-001
 6.2699199e-001
 6.2837178e-001
 6.2875569e-001
 6.2889272e-001
 6.2858731e-001
 6.2770629e-001
 6.2603998e-001
 6.2493539e-001
 6.2554747e-001
 6.2719226e-001
 6.2569398e-001
 6.1928433e-001
 6.0612279e-001
 5.8156198e-001
 5.4948616e-001
 5.3779632e-001
 5.4544532e-001
 5.4839277e-001
 5.4417640e-001
 5.3516519e-001
 5.2518654e-001
 5.1717079e-001
 5.0515872e-001
 4.8915339e-001
 4.7409454e-001
 4.6204016e-001
 4.6220133e-001
 4.8303062e-001
 5.1223040e-001
 5.2916068e-001
 5.2808917e-001
 5.1819289e-001
 5.0647187e-001
 4.9418068e-001
 4.8164192e-001
 4.6671742e-001
 4.4415259e-001
 4.2077509e-001
 3.9475313e-001
 3.7546346e-001
 3.6553299e-001
 3.5747662e-001
 3.4162045e-001
 3.2544303e-001
-1.2300000e+034
