s07_AV97 Record=1792: Kaolinite CM9                 BECKb AREF
 5.0858128e-001
 5.5997765e-001
 5.9437013e-001
 6.1996782e-001
 6.3880044e-001
 6.5245122e-001
 6.6383100e-001
 6.7569888e-001
 6.8990666e-001
 6.9767231e-001
 7.0403409e-001
 7.0899266e-001
 7.1558911e-001
 7.2117943e-001
 7.2857380e-001
 7.3664004e-001
 7.4268037e-001
 7.4860346e-001
 7.5301391e-001
 7.5744027e-001
 7.5852621e-001
 7.6145923e-001
 7.6520485e-001
 7.6559162e-001
 7.6551372e-001
 7.6528352e-001
 7.6662415e-001
 7.6826739e-001
 7.6733738e-001
 7.6839858e-001
 7.6979530e-001
 7.6914883e-001
 7.6966691e-001
 7.6910233e-001
 7.7056193e-001
 7.6959389e-001
 7.7188396e-001
 7.7215970e-001
 7.7533364e-001
 7.7712852e-001
 7.7900344e-001
 7.8058851e-001
 7.8412116e-001
 7.8405631e-001
 7.8740829e-001
 7.8687829e-001
 7.9167306e-001
 7.9177248e-001
 7.9140884e-001
 7.9322463e-001
 7.9575217e-001
 7.9751223e-001
 7.9475737e-001
 7.9045528e-001
 7.8706312e-001
 7.8739148e-001
 7.9176164e-001
 7.9097015e-001
 7.8238606e-001
 7.8466755e-001
 7.7989823e-001
 7.7912700e-001
 7.7000624e-001
 7.6220226e-001
 7.7203113e-001
 7.8241193e-001
 7.8434539e-001
 7.8362221e-001
 7.8434217e-001
 7.8499031e-001
 7.8560084e-001
 7.8372508e-001
 7.8648961e-001
 7.8473580e-001
 7.8422165e-001
 7.8464806e-001
 7.8365779e-001
 7.8460521e-001
 7.8339583e-001
 7.8360039e-001
 7.8367770e-001
 7.8397828e-001
 7.8522742e-001
 7.8443092e-001
 7.8417951e-001
 7.8285587e-001
 7.8379214e-001
 7.8405750e-001
 7.8166312e-001
 7.8036374e-001
 7.7727878e-001
 7.6631063e-001
 7.5960547e-001
 7.6837176e-001
 7.7122426e-001
 7.7181506e-001
 7.6986563e-001
 7.7231669e-001
 7.6984155e-001
 7.5833660e-001
 7.3763168e-001
 7.2477651e-001
 7.1580893e-001
 7.0616734e-001
 6.9985604e-001
 6.9091880e-001
 6.4951897e-001
 6.3948858e-001
 6.2918013e-001
 5.7010704e-001
 4.8415941e-001
 4.8916775e-001
 4.9785337e-001
 6.4833963e-001
 7.1868443e-001
 7.4143726e-001
 7.5218403e-001
 7.6049083e-001
 7.7014232e-001
 7.7360165e-001
 7.7907616e-001
 7.8239435e-001
 7.8296942e-001
 7.8593755e-001
 7.8888226e-001
 7.8803104e-001
 7.8956127e-001
 7.9025131e-001
 7.9055250e-001
 7.9163474e-001
 7.9524189e-001
 7.9254973e-001
 7.9448873e-001
 7.9461211e-001
 7.9408664e-001
 7.9191172e-001
 7.9448473e-001
 7.8948581e-001
 7.8977865e-001
 7.8551745e-001
 7.8524166e-001
 7.8434187e-001
 7.7830136e-001
 7.7629882e-001
 7.7263165e-001
 7.6762283e-001
 7.6608008e-001
 7.5656259e-001
 7.4710906e-001
 7.3404658e-001
 7.2494584e-001
 7.1515524e-001
 7.0417351e-001
 7.0400280e-001
 7.1187413e-001
 7.0612353e-001
 7.1979767e-001
 7.2942942e-001
 7.1578962e-001
 6.9413847e-001
 7.0149440e-001
 6.7893982e-001
 6.5721148e-001
 6.3537055e-001
 6.2619561e-001
 6.2945747e-001
 6.2833458e-001
 6.3154113e-001
 6.3652164e-001
 6.3986695e-001
 6.4296448e-001
 6.4456731e-001
 6.3977367e-001
 6.3488823e-001
 6.3248265e-001
 6.3044143e-001
 6.2067717e-001
 6.1518103e-001
 6.0807592e-001
 5.9049380e-001
 5.7202792e-001
 5.5999887e-001
 5.5173719e-001
 5.3587979e-001
 5.1401561e-001
 4.9982172e-001
 4.6153247e-001
 3.9580759e-001
 3.4646827e-001
 3.4649965e-001
 3.5991696e-001
 3.5336339e-001
 3.1261009e-001
 2.9729164e-001
 3.7911677e-001
 4.4050014e-001
 4.3736979e-001
 4.3787718e-001
 4.3429077e-001
 4.1851434e-001
 4.0312338e-001
 3.8811895e-001
 3.7597573e-001
 3.6886209e-001
 3.5393032e-001
 3.5634813e-001
 3.5976633e-001
 3.4735519e-001
 3.3603546e-001
 3.3347693e-001
 3.1773707e-001
 3.1552240e-001
 3.2268649e-001
 3.2839563e-001
 3.2648227e-001
 3.1490329e-001
 2.9887480e-001
 2.8492579e-001
 2.7535531e-001
 2.6702785e-001
 2.6019451e-001
 2.5434709e-001
 2.4906866e-001
 2.4402680e-001
