s07_AV97 Record=778: Chlorapatite WS423           NIC4bb RREF
-1.2300000e+034
-1.2300000e+034
-1.2300000e+034
-1.2300000e+034
-1.2300000e+034
-1.2300000e+034
-1.2300000e+034
-1.2300000e+034
-1.2300000e+034
-1.2300000e+034
-1.2300000e+034
-1.2300000e+034
-1.2300000e+034
-1.2300000e+034
-1.2300000e+034
-1.2300000e+034
-1.2300000e+034
-1.2300000e+034
-1.2300000e+034
-1.2300000e+034
-1.2300000e+034
-1.2300000e+034
-1.2300000e+034
-1.2300000e+034
-1.2300000e+034
-1.2300000e+034
-1.2300000e+034
-1.2300000e+034
-1.2300000e+034
-1.2300000e+034
-1.2300000e+034
-1.2300000e+034
-1.2300000e+034
-1.2300000e+034
-1.2300000e+034
-1.2300000e+034
-1.2300000e+034
-1.2300000e+034
-1.2300000e+034
-1.2300000e+034
-1.2300000e+034
-1.2300000e+034
-1.2300000e+034
-1.2300000e+034
-1.2300000e+034
-1.2300000e+034
-1.2300000e+034
-1.2300000e+034
-1.2300000e+034
-1.2300000e+034
-1.2300000e+034
-1.2300000e+034
-1.2300000e+034
-1.2300000e+034
-1.2300000e+034
-1.2300000e+034
-1.2300000e+034
-1.2300000e+034
-1.2300000e+034
-1.2300000e+034
-1.2300000e+034
-1.2300000e+034
-1.2300000e+034
-1.2300000e+034
-1.2300000e+034
-1.2300000e+034
-1.2300000e+034
-1.2300000e+034
-1.2300000e+034
-1.2300000e+034
-1.2300000e+034
-1.2300000e+034
-1.2300000e+034
-1.2300000e+034
-1.2300000e+034
-1.2300000e+034
-1.2300000e+034
-1.2300000e+034
-1.2300000e+034
-1.2300000e+034
-1.2300000e+034
-1.2300000e+034
-1.2300000e+034
-1.2300000e+034
-1.2300000e+034
-1.2300000e+034
-1.2300000e+034
-1.2300000e+034
-1.2300000e+034
-1.2300000e+034
-1.2300000e+034
-1.2300000e+034
-1.2300000e+034
-1.2300000e+034
-1.2300000e+034
-1.2300000e+034
-1.2300000e+034
-1.2300000e+034
-1.2300000e+034
-1.2300000e+034
-1.2300000e+034
-1.2300000e+034
-1.2300000e+034
-1.2300000e+034
-1.2300000e+034
-1.2300000e+034
-1.2300000e+034
-1.2300000e+034
-1.2300000e+034
-1.2300000e+034
-1.2300000e+034
-1.2300000e+034
-1.2300000e+034
-1.2300000e+034
-1.2300000e+034
-1.2300000e+034
-1.2300000e+034
-1.2300000e+034
-1.2300000e+034
-1.2300000e+034
-1.2300000e+034
-1.2300000e+034
-1.2300000e+034
-1.2300000e+034
-1.2300000e+034
-1.2300000e+034
-1.2300000e+034
-1.2300000e+034
-1.2300000e+034
-1.2300000e+034
-1.2300000e+034
-1.2300000e+034
 6.9489485e-001
 7.0337713e-001
 7.1071059e-001
 7.1694666e-001
 7.2301573e-001
 7.2857791e-001
 7.3365366e-001
 7.3822731e-001
 7.4252248e-001
 7.4596786e-001
 7.4895710e-001
 7.5229651e-001
 7.5573236e-001
 7.5886112e-001
 7.6205117e-001
 7.6499569e-001
 7.6746750e-001
 7.6951998e-001
 7.7141303e-001
 7.7314258e-001
 7.7483594e-001
 7.7651733e-001
 7.7814454e-001
 7.7974921e-001
 7.8146183e-001
 7.8265446e-001
 7.8265917e-001
 7.8356624e-001
 7.8327632e-001
 7.8357100e-001
 7.8318864e-001
 7.8344095e-001
 7.8401023e-001
 7.8497928e-001
 7.8584105e-001
 7.8663063e-001
 7.8732961e-001
 7.8798360e-001
 7.8865629e-001
 7.8966898e-001
 7.9114950e-001
 7.9282445e-001
 7.9442763e-001
 7.9584312e-001
 7.9724759e-001
 7.9922396e-001
 8.0087537e-001
 8.0217266e-001
 8.0333966e-001
 8.0444318e-001
 8.0561906e-001
 8.0662251e-001
 8.0712062e-001
 8.0728096e-001
 8.0714345e-001
 8.0772376e-001
 8.0868423e-001
 8.0970889e-001
 8.1079745e-001
 8.1150264e-001
 8.1200826e-001
 8.1251830e-001
 8.1307960e-001
 8.1332910e-001
 8.1325245e-001
 8.1290871e-001
 8.1216723e-001
 8.1105167e-001
 8.0837631e-001
 8.0347574e-001
 8.0148971e-001
 7.9607183e-001
 7.9632264e-001
 8.0246627e-001
 8.0624962e-001
 8.0650055e-001
 8.0573243e-001
 8.0430472e-001
 8.0242205e-001
 8.0084831e-001
 8.0138761e-001
 8.0247700e-001
 8.0214369e-001
 8.0128086e-001
 8.0052459e-001
 7.9993540e-001
 7.9906595e-001
 7.9865992e-001
 7.9982305e-001
 7.9984045e-001
 7.9919994e-001
 7.9830325e-001
