s07_AV97 Record=3402: Ulexite HS441.2B             ASDFRa AREF
 8.4321785e-001
 8.5027862e-001
 8.5717970e-001
 8.6115187e-001
 8.6494398e-001
 8.6919862e-001
 8.7358463e-001
 8.7808287e-001
 8.8232464e-001
 8.8628370e-001
 8.8959205e-001
 8.9247876e-001
 8.9487422e-001
 8.9708346e-001
 8.9943588e-001
 9.0194345e-001
 9.0422171e-001
 9.0635121e-001
 9.0784365e-001
 9.0924042e-001
 9.1022223e-001
 9.1082072e-001
 9.1078007e-001
 9.1076785e-001
 9.1125530e-001
 9.1097409e-001
 9.1075242e-001
 9.1134131e-001
 9.1141438e-001
 9.1121930e-001
 9.1126662e-001
 9.1129130e-001
 9.1128212e-001
 9.1127962e-001
 9.1132849e-001
 9.1151965e-001
 9.1146004e-001
 9.1137272e-001
 9.1122806e-001
 9.1099364e-001
 9.1043371e-001
 9.0978813e-001
 9.1029406e-001
 9.1100997e-001
 9.1176039e-001
 9.1240281e-001
 9.1294616e-001
 9.1361362e-001
 9.1414762e-001
 9.1459250e-001
 9.1475815e-001
 9.1454428e-001
 9.1416931e-001
 9.1367555e-001
 9.1342449e-001
 9.1299480e-001
 9.1288042e-001
 9.1276747e-001
 9.1281003e-001
 9.1225767e-001
 9.1125524e-001
 9.0959817e-001
 9.0643966e-001
 9.0017354e-001
 8.8951445e-001
 8.8325083e-001
 8.8897222e-001
 8.9366263e-001
 8.9694566e-001
 9.0017939e-001
 9.0391415e-001
 9.0683097e-001
 9.0924090e-001
 9.1090143e-001
 9.1165042e-001
 9.1223967e-001
 9.1176403e-001
 9.1123837e-001
 9.1023904e-001
 9.0899789e-001
 9.0723920e-001
 9.0530163e-001
 9.0106022e-001
 8.9398736e-001
 8.8481158e-001
 8.7283450e-001
 8.6326808e-001
 8.5643440e-001
 8.5255599e-001
 8.5048592e-001
 8.4892464e-001
 8.4731609e-001
 8.4700042e-001
 8.4739369e-001
 8.4878927e-001
 8.4981877e-001
 8.4778124e-001
 8.4966445e-001
 8.4991133e-001
 8.4988821e-001
 8.4725320e-001
 8.4184891e-001
 8.3319622e-001
 8.2209992e-001
 8.0967659e-001
 7.9956681e-001
 7.9364282e-001
 7.8842068e-001
 7.7986658e-001
 7.6418096e-001
 7.3446327e-001
 6.9312370e-001
 6.3502192e-001
 5.7318497e-001
 5.5245221e-001
 5.6391662e-001
 5.5869120e-001
 5.4990649e-001
 5.5286914e-001
 5.6394458e-001
 5.7387072e-001
 5.8187002e-001
 5.9045589e-001
 5.9791338e-001
 6.0221696e-001
 6.0690528e-001
 6.1196059e-001
 6.1551559e-001
 6.1628026e-001
 6.1536002e-001
 6.1343437e-001
 6.0998166e-001
 6.0653639e-001
 6.0381937e-001
 6.0084569e-001
 5.9778625e-001
 5.9506118e-001
 5.9308052e-001
 5.9151608e-001
 5.9027719e-001
 5.8924741e-001
 5.8792216e-001
 5.8613211e-001
 5.8450586e-001
 5.8333284e-001
 5.8083391e-001
 5.7876861e-001
 5.7703573e-001
 5.7611758e-001
 5.7711619e-001
 5.7937974e-001
 5.8285701e-001
 5.8510906e-001
 5.8504105e-001
 5.8260477e-001
 5.7801557e-001
 5.7096303e-001
 5.5901831e-001
 5.4241240e-001
 5.2018601e-001
 5.2994812e-001
 5.0308704e-001
 4.6763816e-001
 4.2642978e-001
 3.8246247e-001
 3.3317158e-001
 2.7628604e-001
 2.3857678e-001
 2.4121577e-001
 2.6477408e-001
 2.8104866e-001
 3.0133778e-001
 3.2424626e-001
 3.4107301e-001
 3.5075867e-001
 3.5486376e-001
 3.5645661e-001
 3.5645184e-001
 3.5577574e-001
 3.5213012e-001
 3.4789932e-001
 3.4310952e-001
 3.3554214e-001
 3.2383201e-001
 3.1045625e-001
 3.1260952e-001
 3.2130414e-001
 3.1812510e-001
 3.0673388e-001
 3.0102104e-001
 3.0542377e-001
 3.2264352e-001
 3.4270215e-001
 3.5717201e-001
 3.6680731e-001
 3.7146974e-001
 3.7143967e-001
 3.7705895e-001
 3.9252448e-001
 4.0746453e-001
 4.1465750e-001
 4.1695794e-001
 4.1532639e-001
 4.1235927e-001
 4.0606344e-001
 4.0175611e-001
 3.9550510e-001
 3.8533980e-001
 3.7281549e-001
 3.5774174e-001
 3.4244373e-001
 3.2685187e-001
 3.0947992e-001
 2.9715431e-001
 2.8685954e-001
 2.7750948e-001
 2.6759833e-001
 2.5501147e-001
 2.3896229e-001
 2.2810240e-001
 2.2091997e-001
 2.2375169e-001
 2.2575274e-001
-1.2300000e+034
