s07_AV97 Record=1531: Hornblende HS16.3B            BECKb AREF
 4.9293339e-002
 5.0585277e-002
 5.1383570e-002
 5.2720021e-002
 5.4441076e-002
 5.5698749e-002
 5.6369986e-002
 5.7275727e-002
 5.7411253e-002
 5.8791105e-002
 6.0604401e-002
 6.0316823e-002
 6.0237337e-002
 6.0498651e-002
 6.1198417e-002
 6.1564229e-002
 5.9783801e-002
 6.0036439e-002
 6.0364436e-002
 6.0965482e-002
 6.0678184e-002
 6.0158830e-002
 6.0307689e-002
 6.0604628e-002
 6.0653158e-002
 5.9869058e-002
 6.0063414e-002
 5.9692319e-002
 5.9317671e-002
 5.8872912e-002
 5.9476048e-002
 5.8774874e-002
 5.9566718e-002
 5.8790993e-002
 5.8991663e-002
 5.8316253e-002
 5.9039962e-002
 5.9168931e-002
 5.9971992e-002
 5.9831791e-002
 6.0433727e-002
 6.0129881e-002
 6.0924642e-002
 6.1493117e-002
 6.1631385e-002
 6.1579995e-002
 6.2292535e-002
 6.2161885e-002
 6.2962711e-002
 6.3022889e-002
 6.1524175e-002
 6.3331015e-002
 6.7022562e-002
 6.6104218e-002
 6.2281817e-002
 5.9772577e-002
 6.1829165e-002
 6.4327210e-002
 6.1429612e-002
 6.4756103e-002
 6.4239189e-002
 6.2594675e-002
 6.4964093e-002
 6.4662255e-002
 6.4501338e-002
 6.5960146e-002
 6.6470988e-002
 6.4783975e-002
 6.5149054e-002
 6.6892490e-002
 6.6299938e-002
 6.6929027e-002
 6.6691115e-002
 6.7114659e-002
 6.7391306e-002
 6.8433240e-002
 6.9794923e-002
 6.9163978e-002
 6.9158472e-002
 6.9532827e-002
 6.9790795e-002
 6.9818646e-002
 7.1536139e-002
 7.1968444e-002
 7.3102243e-002
 7.0208929e-002
 7.4957415e-002
 7.6000914e-002
 7.5688682e-002
 7.7833362e-002
 7.9197086e-002
 8.0256477e-002
 8.0977283e-002
 8.3855554e-002
 8.4767781e-002
 8.6989619e-002
 8.4345095e-002
 8.5775100e-002
 8.8363141e-002
 9.0404600e-002
 9.2674889e-002
 9.5002525e-002
 9.6971586e-002
 1.0030331e-001
 1.0252333e-001
 1.0528050e-001
 1.0754709e-001
 1.1125795e-001
 1.1275861e-001
 1.1555191e-001
 1.1841837e-001
 1.2288781e-001
 1.2976697e-001
 1.3493407e-001
 1.3852361e-001
 1.4357057e-001
 1.4588796e-001
 1.5103781e-001
 1.5474774e-001
 1.6061445e-001
 1.6630684e-001
 1.7017457e-001
 1.7450246e-001
 1.7938802e-001
 1.8439342e-001
 1.8795086e-001
 1.9482662e-001
 2.0062882e-001
 2.0589955e-001
 2.1065180e-001
 2.1604557e-001
 2.1929362e-001
 2.2440937e-001
 2.3036753e-001
 2.3578323e-001
 2.4137299e-001
 2.4479336e-001
 2.5207120e-001
 2.5442198e-001
 2.6154572e-001
 2.6391497e-001
 2.7006531e-001
 2.7786404e-001
 2.7967665e-001
 2.8542474e-001
 2.9138505e-001
 2.9456258e-001
 2.9822314e-001
 3.0554530e-001
 3.1082281e-001
 3.1485862e-001
 3.2010120e-001
 3.2414958e-001
 3.2572430e-001
 3.3350736e-001
 3.3819893e-001
 3.4209651e-001
 3.4390298e-001
 3.4803048e-001
 3.5019442e-001
 3.5019282e-001
 3.4976068e-001
 3.4945908e-001
 3.5048324e-001
 3.5566306e-001
 3.6092791e-001
 3.6536640e-001
 3.6699823e-001
 3.7157354e-001
 3.7985998e-001
 3.8043550e-001
 3.8425595e-001
 3.8656864e-001
 3.9013028e-001
 3.9445212e-001
 3.9585233e-001
 3.9887518e-001
 4.0007678e-001
 4.0331545e-001
 4.0592584e-001
 4.0728652e-001
 4.0515119e-001
 4.0656775e-001
 4.0910617e-001
 4.1011915e-001
 4.1290125e-001
 4.1560712e-001
 4.1778377e-001
 4.1633305e-001
 4.1841555e-001
 4.2145672e-001
 4.2243335e-001
 4.2381153e-001
 4.2213458e-001
 4.2140248e-001
 4.2471278e-001
 4.2371783e-001
 4.2054576e-001
 4.1851872e-001
 4.1414735e-001
 4.1049939e-001
 3.9723921e-001
 3.7008962e-001
 3.3865017e-001
 3.1151238e-001
 3.1453407e-001
 3.2638696e-001
 3.4289542e-001
 3.5973805e-001
 3.5926396e-001
 3.4434381e-001
 3.3585677e-001
 3.3728164e-001
 3.4967089e-001
 3.6613831e-001
 3.7775022e-001
 3.8362780e-001
 3.8514379e-001
 3.8437444e-001
 3.8317883e-001
 3.8314700e-001
 3.8391256e-001
 3.8471955e-001
 3.8499653e-001
