s07_AV97 Record=1303: Goethite GDS134              ASDFRb AREF
 1.7315812e-002
 1.7716426e-002
 1.7799594e-002
 1.7590998e-002
 1.7732760e-002
 1.8231781e-002
 1.9262314e-002
 2.1207290e-002
 2.3185220e-002
 2.4373662e-002
 2.4964169e-002
 2.5743768e-002
 2.7222818e-002
 2.9791048e-002
 3.3751242e-002
 3.9272852e-002
 4.6874408e-002
 5.6900993e-002
 6.9267109e-002
 8.2745545e-002
 9.6108817e-002
 1.0718109e-001
 1.1444122e-001
 1.1820403e-001
 1.1966065e-001
 1.2001883e-001
 1.1996157e-001
 1.1985870e-001
 1.2020054e-001
 1.2114523e-001
 1.2291744e-001
 1.2557723e-001
 1.2255461e-001
 1.2498926e-001
 1.2824744e-001
 1.3244735e-001
 1.3744546e-001
 1.4316593e-001
 1.4925818e-001
 1.5517613e-001
 1.6033974e-001
 1.6395792e-001
 1.6567703e-001
 1.6542724e-001
 1.6342576e-001
 1.6010912e-001
 1.5593012e-001
 1.5140247e-001
 1.4684321e-001
 1.4254117e-001
 1.3857920e-001
 1.3512418e-001
 1.3218844e-001
 1.2978621e-001
 1.2788416e-001
 1.2649515e-001
 1.2556227e-001
 1.2504432e-001
 1.2486611e-001
 1.2507565e-001
 1.2554540e-001
 1.2624642e-001
 1.2726481e-001
 1.2858540e-001
 1.3001294e-001
 1.3170557e-001
 1.3372207e-001
 1.3616322e-001
 1.3907947e-001
 1.4241010e-001
 1.4589526e-001
 1.4962979e-001
 1.5400928e-001
 1.5829214e-001
 1.6381483e-001
 1.6976249e-001
 1.7584109e-001
 1.8316145e-001
 1.9107386e-001
 1.9864260e-001
 2.0777243e-001
 2.1648386e-001
 2.2638726e-001
 2.3679675e-001
 2.4618566e-001
 2.5649539e-001
 2.6580182e-001
 2.7583766e-001
 2.8525415e-001
 2.9332760e-001
 3.0158195e-001
 3.0903929e-001
 3.1501046e-001
 3.2087594e-001
 3.2546175e-001
 3.2987741e-001
 3.2301101e-001
 3.2772422e-001
 3.3193737e-001
 3.3552265e-001
 3.3851263e-001
 3.4104684e-001
 3.4318569e-001
 3.4503266e-001
 3.4661758e-001
 3.4800610e-001
 3.4936142e-001
 3.5060173e-001
 3.5160872e-001
 3.5246155e-001
 3.5302106e-001
 3.5312435e-001
 3.5302556e-001
 3.5308433e-001
 3.5346335e-001
 3.5400906e-001
 3.5469142e-001
 3.5547638e-001
 3.5615456e-001
 3.5710540e-001
 3.5787138e-001
 3.5861650e-001
 3.5945576e-001
 3.6005965e-001
 3.6042833e-001
 3.6061713e-001
 3.6060733e-001
 3.6031327e-001
 3.5973576e-001
 3.5879451e-001
 3.5731703e-001
 3.5569701e-001
 3.5385847e-001
 3.5204056e-001
 3.4991175e-001
 3.4816328e-001
 3.4670496e-001
 3.4557155e-001
 3.4526309e-001
 3.4524414e-001
 3.4544945e-001
 3.4554341e-001
 3.4545249e-001
 3.4546277e-001
 3.4503686e-001
 3.4393808e-001
 3.4308162e-001
 3.4251970e-001
 3.4252089e-001
 3.4298143e-001
 3.4367326e-001
 3.4558856e-001
 3.4723306e-001
 3.4810448e-001
 3.4935871e-001
 3.5032663e-001
 3.5096776e-001
 3.5173738e-001
 3.5200593e-001
 3.5151976e-001
 3.5188857e-001
 3.5080242e-001
 3.4850353e-001
 3.4563580e-001
 3.4353882e-001
 3.4245917e-001
 3.4201458e-001
 3.4232590e-001
 3.4279945e-001
 3.4316751e-001
 3.4363791e-001
 3.4391120e-001
 3.4449559e-001
 3.4558934e-001
 3.4793833e-001
 3.5130703e-001
 3.5493246e-001
 3.5877395e-001
 3.6192101e-001
 3.6431721e-001
 3.6610681e-001
 3.6753854e-001
 3.6875418e-001
 3.6917430e-001
 3.6964235e-001
 3.6955878e-001
 3.6917463e-001
 3.6816755e-001
 3.6652228e-001
 3.6465308e-001
 3.6304173e-001
 3.6106834e-001
 3.5867733e-001
 3.5577112e-001
 3.5250568e-001
 3.4911337e-001
 3.4542179e-001
 3.4220800e-001
 3.3903909e-001
 3.3623898e-001
 3.3337948e-001
 3.3048066e-001
 3.2759887e-001
 3.2460880e-001
 3.2123071e-001
 3.1762016e-001
 3.1424567e-001
 3.1021029e-001
 3.0568725e-001
 3.0015340e-001
 2.9290441e-001
 2.8527516e-001
 2.7733764e-001
 2.7230841e-001
 2.7058238e-001
 2.6985228e-001
 2.7058655e-001
 2.7093393e-001
 2.7041438e-001
 2.6939142e-001
 2.6881459e-001
 2.6739004e-001
 2.6934186e-001
-1.2300000e+034
