s07_AV97 Record=1107: Dumortierite HS190.3B         BECKc AREF
 4.5695159e-001
 4.6397263e-001
 4.6830279e-001
 4.6977907e-001
 4.6583858e-001
 4.5616537e-001
 4.4317707e-001
 4.3022570e-001
 4.1760248e-001
 4.0564859e-001
 3.9621258e-001
 3.8903153e-001
 3.8507536e-001
 3.8327798e-001
 3.8461506e-001
 3.8855737e-001
 3.9543781e-001
 4.0436918e-001
 4.1477644e-001
 4.2727938e-001
 4.4172105e-001
 4.5626140e-001
 4.7134966e-001
 4.8560882e-001
 5.0012839e-001
 5.1497042e-001
 5.2836913e-001
 5.4127568e-001
 5.5436265e-001
 5.6668735e-001
 5.8005404e-001
 5.9222144e-001
 5.7802749e-001
 5.8996034e-001
 6.0191125e-001
 6.1446935e-001
 6.2665004e-001
 6.3809466e-001
 6.4966726e-001
 6.6004688e-001
 6.6991210e-001
 6.7978346e-001
 6.8987775e-001
 6.9801080e-001
 7.0611978e-001
 7.1276468e-001
 7.2025806e-001
 7.2720212e-001
 7.3348475e-001
 7.3776191e-001
 7.4138522e-001
 7.5062269e-001
 7.5745767e-001
 7.6029718e-001
 7.6444238e-001
 7.6806736e-001
 7.7031398e-001
 7.7312165e-001
 7.7198225e-001
 7.7410728e-001
 7.8039217e-001
 7.8104877e-001
 7.8139126e-001
 7.8329849e-001
 7.9155600e-001
 7.9432917e-001
 7.9828626e-001
 7.9918724e-001
 8.0191332e-001
 8.0403566e-001
 8.0578852e-001
 8.0763847e-001
 8.1057310e-001
 8.1186116e-001
 8.1373227e-001
 8.1501687e-001
 8.1886071e-001
 8.1866145e-001
 8.1998253e-001
 8.2068306e-001
 8.2075477e-001
 8.2325721e-001
 8.2476026e-001
 8.2517612e-001
 8.2562071e-001
 8.2809383e-001
 8.2780552e-001
 8.3112568e-001
 8.3006448e-001
 8.3029622e-001
 8.3068579e-001
 8.2914716e-001
 8.2886916e-001
 8.3129197e-001
 8.3436406e-001
 8.3316684e-001
 8.3268577e-001
 8.3437812e-001
 8.3223957e-001
 8.3017832e-001
 8.2552928e-001
 8.2358414e-001
 8.2301641e-001
 8.2033849e-001
 8.1863308e-001
 8.1837666e-001
 8.1007379e-001
 8.0237943e-001
 7.9140460e-001
 7.4727196e-001
 6.5491223e-001
 6.7263472e-001
 6.8158430e-001
 7.6947635e-001
 8.0403626e-001
 8.0941957e-001
 8.0374920e-001
 7.9272550e-001
 7.9758924e-001
 8.1216186e-001
 8.1871819e-001
 8.2239938e-001
 8.2255793e-001
 8.2224017e-001
 8.2266521e-001
 8.2328779e-001
 8.2230622e-001
 8.2027757e-001
 8.1859934e-001
 8.1717718e-001
 8.1584251e-001
 8.1368989e-001
 8.0892128e-001
 8.0659121e-001
 8.0344272e-001
 7.9997855e-001
 7.9654700e-001
 7.9307514e-001
 7.8840947e-001
 7.8312391e-001
 7.8029740e-001
 7.7476645e-001
 7.6855332e-001
 7.6201171e-001
 7.5715607e-001
 7.5119787e-001
 7.5152177e-001
 7.4735159e-001
 7.4693322e-001
 7.4556792e-001
 7.4527162e-001
 7.4143142e-001
 7.3672652e-001
 7.3387098e-001
 7.2939116e-001
 7.2515035e-001
 7.2018862e-001
 7.1607172e-001
 7.1064210e-001
 7.0309931e-001
 7.0564312e-001
 6.9694746e-001
 6.8601364e-001
 6.7627090e-001
 6.7106026e-001
 6.6897500e-001
 6.6720808e-001
 6.6281337e-001
 6.6268295e-001
 6.6224730e-001
 6.5666932e-001
 6.5795499e-001
 6.5662873e-001
 6.5212190e-001
 6.5045339e-001
 6.4925236e-001
 6.4399177e-001
 6.3800234e-001
 6.3690370e-001
 6.2939912e-001
 6.2132448e-001
 6.1755258e-001
 6.1433429e-001
 6.1026484e-001
 6.0116297e-001
 5.9744513e-001
 5.8316600e-001
 5.5713314e-001
 5.0478011e-001
 4.7688994e-001
 4.9132410e-001
 4.8240730e-001
 4.6929249e-001
 4.7601840e-001
 5.1058239e-001
 5.2377874e-001
 5.0396240e-001
 4.8640689e-001
 4.7763684e-001
 4.7880483e-001
 4.8605171e-001
 4.9074817e-001
 4.8800814e-001
 4.7273606e-001
 4.6172255e-001
 4.6132299e-001
 4.6168670e-001
 4.5126539e-001
 4.4975820e-001
 4.5182908e-001
 4.4379416e-001
 4.3391183e-001
 4.3408602e-001
 4.3138096e-001
 4.2391554e-001
 4.1637510e-001
 4.1020262e-001
 4.0581393e-001
 4.0282676e-001
 3.9944479e-001
 3.9523470e-001
 3.9077550e-001
 3.8691998e-001
 3.8423473e-001
