s07_AV97 Record=3803: ClinozoisiteEpidote HS299.2B NIC4bc RREF
-1.2300000e+034
-1.2300000e+034
-1.2300000e+034
-1.2300000e+034
-1.2300000e+034
-1.2300000e+034
-1.2300000e+034
-1.2300000e+034
-1.2300000e+034
-1.2300000e+034
-1.2300000e+034
-1.2300000e+034
-1.2300000e+034
-1.2300000e+034
-1.2300000e+034
-1.2300000e+034
-1.2300000e+034
-1.2300000e+034
-1.2300000e+034
-1.2300000e+034
-1.2300000e+034
-1.2300000e+034
-1.2300000e+034
-1.2300000e+034
-1.2300000e+034
-1.2300000e+034
-1.2300000e+034
-1.2300000e+034
-1.2300000e+034
-1.2300000e+034
-1.2300000e+034
-1.2300000e+034
-1.2300000e+034
-1.2300000e+034
-1.2300000e+034
-1.2300000e+034
-1.2300000e+034
-1.2300000e+034
-1.2300000e+034
-1.2300000e+034
-1.2300000e+034
-1.2300000e+034
-1.2300000e+034
-1.2300000e+034
-1.2300000e+034
-1.2300000e+034
-1.2300000e+034
-1.2300000e+034
-1.2300000e+034
-1.2300000e+034
-1.2300000e+034
-1.2300000e+034
-1.2300000e+034
-1.2300000e+034
-1.2300000e+034
-1.2300000e+034
-1.2300000e+034
-1.2300000e+034
-1.2300000e+034
-1.2300000e+034
-1.2300000e+034
-1.2300000e+034
-1.2300000e+034
-1.2300000e+034
-1.2300000e+034
-1.2300000e+034
-1.2300000e+034
-1.2300000e+034
-1.2300000e+034
-1.2300000e+034
-1.2300000e+034
-1.2300000e+034
-1.2300000e+034
-1.2300000e+034
-1.2300000e+034
-1.2300000e+034
-1.2300000e+034
-1.2300000e+034
-1.2300000e+034
-1.2300000e+034
-1.2300000e+034
-1.2300000e+034
-1.2300000e+034
-1.2300000e+034
-1.2300000e+034
-1.2300000e+034
-1.2300000e+034
-1.2300000e+034
-1.2300000e+034
-1.2300000e+034
-1.2300000e+034
-1.2300000e+034
-1.2300000e+034
-1.2300000e+034
-1.2300000e+034
-1.2300000e+034
-1.2300000e+034
-1.2300000e+034
-1.2300000e+034
-1.2300000e+034
-1.2300000e+034
-1.2300000e+034
-1.2300000e+034
-1.2300000e+034
-1.2300000e+034
-1.2300000e+034
-1.2300000e+034
-1.2300000e+034
-1.2300000e+034
-1.2300000e+034
-1.2300000e+034
-1.2300000e+034
-1.2300000e+034
-1.2300000e+034
-1.2300000e+034
-1.2300000e+034
-1.2300000e+034
-1.2300000e+034
-1.2300000e+034
-1.2300000e+034
-1.2300000e+034
-1.2300000e+034
-1.2300000e+034
-1.2300000e+034
-1.2300000e+034
-1.2300000e+034
-1.2300000e+034
-1.2300000e+034
-1.2300000e+034
-1.2300000e+034
 5.3346401e-001
 5.4319012e-001
 5.5401719e-001
 5.6406122e-001
 5.7298595e-001
 5.8129376e-001
 5.8898324e-001
 5.9604591e-001
 6.0257745e-001
 6.0873336e-001
 6.1464828e-001
 6.2028790e-001
 6.2546355e-001
 6.3023925e-001
 6.3469452e-001
 6.3911235e-001
 6.4327866e-001
 6.4712310e-001
 6.5093935e-001
 6.5423608e-001
 6.5720844e-001
 6.5992719e-001
 6.6178095e-001
 6.6109478e-001
 6.6189128e-001
 6.6733390e-001
 6.7190701e-001
 6.7449594e-001
 6.7622697e-001
 6.7589396e-001
 6.7598730e-001
 6.7677867e-001
 6.7855692e-001
 6.7982185e-001
 6.8183678e-001
 6.8366921e-001
 6.8446970e-001
 6.8451065e-001
 6.8633962e-001
 6.8954718e-001
 6.9278151e-001
 6.9505918e-001
 6.9687080e-001
 6.9875252e-001
 7.0022380e-001
 7.0181096e-001
 7.0351648e-001
 7.0523262e-001
 7.0623797e-001
 7.0739281e-001
 7.0834988e-001
 7.0906949e-001
 7.0975113e-001
 7.1046019e-001
 7.1109951e-001
 7.1170974e-001
 7.1216786e-001
 7.1252376e-001
 7.1251363e-001
 7.1184260e-001
 7.1045983e-001
 7.0857680e-001
 7.0644516e-001
 7.0435458e-001
 7.0165867e-001
 6.9478160e-001
 6.7589277e-001
 6.4205736e-001
 6.3356304e-001
 6.5148693e-001
 6.5777773e-001
 6.4825201e-001
 6.2844825e-001
 6.0039145e-001
 5.6471175e-001
 5.2206808e-001
 4.8549449e-001
 4.8299903e-001
 5.2525055e-001
 5.9493273e-001
 6.4668643e-001
 6.7317879e-001
 6.8745524e-001
 6.9594276e-001
 7.0052636e-001
 7.0261538e-001
 7.0311296e-001
 7.0204216e-001
 7.0000094e-001
 6.9746190e-001
 6.9473839e-001
 6.9177210e-001
 6.8864143e-001
 6.8490571e-001
