s07_AV97 Record=2838: Rhodochrosite HS338.3B       NIC4bb RREF
-1.2300000e+034
-1.2300000e+034
-1.2300000e+034
-1.2300000e+034
-1.2300000e+034
-1.2300000e+034
-1.2300000e+034
-1.2300000e+034
-1.2300000e+034
-1.2300000e+034
-1.2300000e+034
-1.2300000e+034
-1.2300000e+034
-1.2300000e+034
-1.2300000e+034
-1.2300000e+034
-1.2300000e+034
-1.2300000e+034
-1.2300000e+034
-1.2300000e+034
-1.2300000e+034
-1.2300000e+034
-1.2300000e+034
-1.2300000e+034
-1.2300000e+034
-1.2300000e+034
-1.2300000e+034
-1.2300000e+034
-1.2300000e+034
-1.2300000e+034
-1.2300000e+034
-1.2300000e+034
-1.2300000e+034
-1.2300000e+034
-1.2300000e+034
-1.2300000e+034
-1.2300000e+034
-1.2300000e+034
-1.2300000e+034
-1.2300000e+034
-1.2300000e+034
-1.2300000e+034
-1.2300000e+034
-1.2300000e+034
-1.2300000e+034
-1.2300000e+034
-1.2300000e+034
-1.2300000e+034
-1.2300000e+034
-1.2300000e+034
-1.2300000e+034
-1.2300000e+034
-1.2300000e+034
-1.2300000e+034
-1.2300000e+034
-1.2300000e+034
-1.2300000e+034
-1.2300000e+034
-1.2300000e+034
-1.2300000e+034
-1.2300000e+034
-1.2300000e+034
-1.2300000e+034
-1.2300000e+034
-1.2300000e+034
-1.2300000e+034
-1.2300000e+034
-1.2300000e+034
-1.2300000e+034
-1.2300000e+034
-1.2300000e+034
-1.2300000e+034
-1.2300000e+034
-1.2300000e+034
-1.2300000e+034
-1.2300000e+034
-1.2300000e+034
-1.2300000e+034
-1.2300000e+034
-1.2300000e+034
-1.2300000e+034
-1.2300000e+034
-1.2300000e+034
-1.2300000e+034
-1.2300000e+034
-1.2300000e+034
-1.2300000e+034
-1.2300000e+034
-1.2300000e+034
-1.2300000e+034
-1.2300000e+034
-1.2300000e+034
-1.2300000e+034
-1.2300000e+034
-1.2300000e+034
-1.2300000e+034
-1.2300000e+034
-1.2300000e+034
-1.2300000e+034
-1.2300000e+034
-1.2300000e+034
-1.2300000e+034
-1.2300000e+034
-1.2300000e+034
-1.2300000e+034
-1.2300000e+034
-1.2300000e+034
-1.2300000e+034
-1.2300000e+034
-1.2300000e+034
-1.2300000e+034
-1.2300000e+034
-1.2300000e+034
-1.2300000e+034
-1.2300000e+034
-1.2300000e+034
-1.2300000e+034
-1.2300000e+034
-1.2300000e+034
-1.2300000e+034
-1.2300000e+034
-1.2300000e+034
-1.2300000e+034
-1.2300000e+034
-1.2300000e+034
-1.2300000e+034
-1.2300000e+034
-1.2300000e+034
-1.2300000e+034
-1.2300000e+034
 6.1624199e-001
 6.1380869e-001
 6.1207873e-001
 6.1087203e-001
 6.0900187e-001
 6.0695803e-001
 6.0558164e-001
 6.0463279e-001
 6.0439193e-001
 6.0456502e-001
 6.0427094e-001
 6.0316658e-001
 6.0153824e-001
 6.0018790e-001
 5.9913230e-001
 5.9896946e-001
 5.9873313e-001
 5.9865457e-001
 5.9880751e-001
 5.9883833e-001
 5.9872878e-001
 5.9786344e-001
 5.9699929e-001
 5.9616691e-001
 5.9549892e-001
 5.9437490e-001
 5.9274709e-001
 5.9065801e-001
 5.8692181e-001
 5.8014512e-001
 5.8266038e-001
 5.7442802e-001
 5.7206321e-001
 5.7369477e-001
 5.7343793e-001
 5.7344949e-001
 5.7433397e-001
 5.7536501e-001
 5.7569444e-001
 5.7551032e-001
 5.7526737e-001
 5.7509965e-001
 5.7369471e-001
 5.7273424e-001
 5.7834679e-001
 5.8552188e-001
 5.8998358e-001
 5.9273714e-001
 5.9407163e-001
 5.9464502e-001
 5.9485596e-001
 5.9469181e-001
 5.9440619e-001
 5.9374279e-001
 5.9330857e-001
 5.9300399e-001
 5.9216195e-001
 5.8981651e-001
 5.8681399e-001
 5.8590794e-001
 5.8731669e-001
 5.8959526e-001
 5.8887017e-001
 5.8749557e-001
 5.8537525e-001
 5.8216101e-001
 5.7766926e-001
 5.7199758e-001
 5.6516880e-001
 5.5693030e-001
 5.4716736e-001
 5.3397065e-001
 5.1750743e-001
 5.0320584e-001
 4.9240363e-001
 4.8391891e-001
 4.7636396e-001
 4.6698767e-001
 4.5657861e-001
 4.6148613e-001
 4.9421111e-001
 5.4615825e-001
 5.7256615e-001
 5.7538033e-001
 5.6821632e-001
 5.5900812e-001
 5.5026287e-001
 5.3756124e-001
 5.2175951e-001
 5.0130880e-001
 4.7504875e-001
 4.4682848e-001
 4.2494389e-001
 4.1202489e-001
