s07_AV97 Record=1375: Grossular WS485 Garnet       NIC4bb RREF
-1.2300000e+034
-1.2300000e+034
-1.2300000e+034
-1.2300000e+034
-1.2300000e+034
-1.2300000e+034
-1.2300000e+034
-1.2300000e+034
-1.2300000e+034
-1.2300000e+034
-1.2300000e+034
-1.2300000e+034
-1.2300000e+034
-1.2300000e+034
-1.2300000e+034
-1.2300000e+034
-1.2300000e+034
-1.2300000e+034
-1.2300000e+034
-1.2300000e+034
-1.2300000e+034
-1.2300000e+034
-1.2300000e+034
-1.2300000e+034
-1.2300000e+034
-1.2300000e+034
-1.2300000e+034
-1.2300000e+034
-1.2300000e+034
-1.2300000e+034
-1.2300000e+034
-1.2300000e+034
-1.2300000e+034
-1.2300000e+034
-1.2300000e+034
-1.2300000e+034
-1.2300000e+034
-1.2300000e+034
-1.2300000e+034
-1.2300000e+034
-1.2300000e+034
-1.2300000e+034
-1.2300000e+034
-1.2300000e+034
-1.2300000e+034
-1.2300000e+034
-1.2300000e+034
-1.2300000e+034
-1.2300000e+034
-1.2300000e+034
-1.2300000e+034
-1.2300000e+034
-1.2300000e+034
-1.2300000e+034
-1.2300000e+034
-1.2300000e+034
-1.2300000e+034
-1.2300000e+034
-1.2300000e+034
-1.2300000e+034
-1.2300000e+034
-1.2300000e+034
-1.2300000e+034
-1.2300000e+034
-1.2300000e+034
-1.2300000e+034
-1.2300000e+034
-1.2300000e+034
-1.2300000e+034
-1.2300000e+034
-1.2300000e+034
-1.2300000e+034
-1.2300000e+034
-1.2300000e+034
-1.2300000e+034
-1.2300000e+034
-1.2300000e+034
-1.2300000e+034
-1.2300000e+034
-1.2300000e+034
-1.2300000e+034
-1.2300000e+034
-1.2300000e+034
-1.2300000e+034
-1.2300000e+034
-1.2300000e+034
-1.2300000e+034
-1.2300000e+034
-1.2300000e+034
-1.2300000e+034
-1.2300000e+034
-1.2300000e+034
-1.2300000e+034
-1.2300000e+034
-1.2300000e+034
-1.2300000e+034
-1.2300000e+034
-1.2300000e+034
-1.2300000e+034
-1.2300000e+034
-1.2300000e+034
-1.2300000e+034
-1.2300000e+034
-1.2300000e+034
-1.2300000e+034
-1.2300000e+034
-1.2300000e+034
-1.2300000e+034
-1.2300000e+034
-1.2300000e+034
-1.2300000e+034
-1.2300000e+034
-1.2300000e+034
-1.2300000e+034
-1.2300000e+034
-1.2300000e+034
-1.2300000e+034
-1.2300000e+034
-1.2300000e+034
-1.2300000e+034
-1.2300000e+034
-1.2300000e+034
-1.2300000e+034
-1.2300000e+034
-1.2300000e+034
-1.2300000e+034
-1.2300000e+034
-1.2300000e+034
-1.2300000e+034
-1.2300000e+034
-1.2300000e+034
-1.2300000e+034
 6.8297285e-001
 6.8778974e-001
 6.9230777e-001
 6.9626331e-001
 7.0017391e-001
 7.0363748e-001
 7.0731390e-001
 7.1026486e-001
 7.1302092e-001
 7.1535760e-001
 7.1745563e-001
 7.1983784e-001
 7.2242922e-001
 7.2501785e-001
 7.2733778e-001
 7.2948289e-001
 7.3108023e-001
 7.3257697e-001
 7.3416585e-001
 7.3573852e-001
 7.3727059e-001
 7.3902619e-001
 7.4093843e-001
 7.4229276e-001
 7.4370503e-001
 7.4478680e-001
 7.4490821e-001
 7.4582464e-001
 7.4553090e-001
 7.4594086e-001
 7.4558014e-001
 7.4553800e-001
 7.4634826e-001
 7.4762332e-001
 7.4853390e-001
 7.4925876e-001
 7.4954808e-001
 7.4983495e-001
 7.5058693e-001
 7.5196743e-001
 7.5380838e-001
 7.5573957e-001
 7.5760168e-001
 7.5886858e-001
 7.5990045e-001
 7.6061249e-001
 7.6117384e-001
 7.6136565e-001
 7.6128757e-001
 7.6121801e-001
 7.6139504e-001
 7.6190162e-001
 7.6258826e-001
 7.6265824e-001
 7.6177937e-001
 7.5966400e-001
 7.5508934e-001
 7.5017518e-001
 7.4580938e-001
 7.4123275e-001
 7.3606050e-001
 7.3421407e-001
 7.3639131e-001
 7.3768473e-001
 7.3661792e-001
 7.3781186e-001
 7.3967731e-001
 7.4094296e-001
 7.3769236e-001
 7.3443747e-001
 7.3593795e-001
 7.3286670e-001
 7.2570080e-001
 7.1939385e-001
 7.1407843e-001
 7.0885658e-001
 7.0455021e-001
 7.0170194e-001
 7.0413238e-001
 7.0663851e-001
 7.1217477e-001
 7.1531975e-001
 7.1470696e-001
 7.1135479e-001
 7.0662248e-001
 7.0294899e-001
 6.9823766e-001
 6.9400740e-001
 6.9041419e-001
 6.8658942e-001
 6.8230569e-001
 6.8040252e-001
