s07_AV97 Record=604: Bronzite HS9.3B Pyroxene      BECKc AREF
 1.6588077e-001
 1.7614114e-001
 1.8626161e-001
 1.9415982e-001
 2.0045587e-001
 2.0610826e-001
 2.1248788e-001
 2.2465098e-001
 2.3310184e-001
 2.4115190e-001
 2.4816595e-001
 2.5529414e-001
 2.6697013e-001
 2.8179148e-001
 2.9783225e-001
 3.2759821e-001
 3.5044423e-001
 3.6515853e-001
 3.6983305e-001
 3.7808299e-001
 3.8530076e-001
 3.8876781e-001
 3.9244542e-001
 3.9629436e-001
 4.0056884e-001
 4.0513241e-001
 4.1074169e-001
 4.1501665e-001
 4.1851178e-001
 4.2246577e-001
 4.2723125e-001
 4.3416759e-001
 4.2627493e-001
 4.3253303e-001
 4.4147089e-001
 4.4502103e-001
 4.4929972e-001
 4.5486736e-001
 4.5647979e-001
 4.5127261e-001
 4.3854484e-001
 4.1862017e-001
 3.9242381e-001
 3.6217281e-001
 3.2941982e-001
 2.9695109e-001
 2.6732802e-001
 2.4002302e-001
 2.1612555e-001
 1.9548199e-001
 1.7859772e-001
 1.6583779e-001
 1.5440874e-001
 1.4393441e-001
 1.3669707e-001
 1.3407418e-001
 1.3051319e-001
 1.2751263e-001
 1.2489472e-001
 1.2502775e-001
 1.2924787e-001
 1.3092524e-001
 1.3642955e-001
 1.4434062e-001
 1.5511641e-001
 1.6689868e-001
 1.8310589e-001
 1.9996417e-001
 2.2156900e-001
 2.4322110e-001
 2.6835263e-001
 2.9428938e-001
 3.2058915e-001
 3.4603158e-001
 3.7053910e-001
 3.9403501e-001
 4.1523728e-001
 4.3389440e-001
 4.5172259e-001
 4.6628916e-001
 4.7980389e-001
 4.9059117e-001
 5.0076121e-001
 5.0800937e-001
 5.1411515e-001
 5.1960081e-001
 5.2508217e-001
 5.3140503e-001
 5.3345764e-001
 5.3685105e-001
 5.4004347e-001
 5.4142731e-001
 5.4248983e-001
 5.4288691e-001
 5.4399031e-001
 5.4541969e-001
 5.4300416e-001
 5.4513913e-001
 5.4484457e-001
 5.4421788e-001
 5.4346859e-001
 5.4157573e-001
 5.3978842e-001
 5.3725034e-001
 5.3344882e-001
 5.2877837e-001
 5.2228826e-001
 5.1698905e-001
 5.0816530e-001
 4.9665028e-001
 4.7845840e-001
 4.7910121e-001
 4.7123271e-001
 4.6299773e-001
 4.5299357e-001
 4.4242486e-001
 4.3112230e-001
 4.1941845e-001
 4.0936664e-001
 3.9734116e-001
 3.8534048e-001
 3.7182307e-001
 3.6073816e-001
 3.5036242e-001
 3.3921292e-001
 3.2780704e-001
 3.1841952e-001
 3.0850485e-001
 2.9787546e-001
 2.8849924e-001
 2.8000334e-001
 2.7192792e-001
 2.6285768e-001
 2.5542381e-001
 2.4723023e-001
 2.4182481e-001
 2.3436481e-001
 2.2932240e-001
 2.2303782e-001
 2.1817420e-001
 2.1311514e-001
 2.0746671e-001
 2.0528439e-001
 1.9871132e-001
 1.9633237e-001
 1.9086194e-001
 1.9034801e-001
 1.8818110e-001
 1.8606465e-001
 1.8457569e-001
 1.8221487e-001
 1.8058047e-001
 1.7917861e-001
 1.7954969e-001
 1.7726050e-001
 1.7822406e-001
 1.7749982e-001
 1.7767176e-001
 1.7729536e-001
 1.7742684e-001
 1.7703603e-001
 1.7874002e-001
 1.8044873e-001
 1.8207486e-001
 1.8373027e-001
 1.8458514e-001
 1.8626338e-001
 1.9017169e-001
 1.9257371e-001
 1.9736931e-001
 2.0377859e-001
 2.0680897e-001
 2.1087492e-001
 2.1323560e-001
 2.1725915e-001
 2.2377121e-001
 2.2913748e-001
 2.3338027e-001
 2.4296413e-001
 2.4916925e-001
 2.5425309e-001
 2.6075146e-001
 2.6734039e-001
 2.7413842e-001
 2.7993590e-001
 2.9145771e-001
 2.9740447e-001
 3.0307001e-001
 3.1073335e-001
 3.1446150e-001
 3.1901139e-001
 3.2579666e-001
 3.3156767e-001
 3.3444431e-001
 3.4313637e-001
 3.5024223e-001
 3.4975737e-001
 3.5193816e-001
 3.5797369e-001
 3.5891262e-001
 3.5773265e-001
 3.6338833e-001
 3.6179686e-001
 3.5730904e-001
 3.6708727e-001
 3.7872940e-001
 3.8309106e-001
 3.8953081e-001
 3.9215136e-001
 3.9071071e-001
 3.9130536e-001
 3.9247921e-001
 3.9558092e-001
 4.0047503e-001
 4.0478131e-001
 4.0603963e-001
 4.0557012e-001
 4.0551582e-001
 4.0629444e-001
 4.0787575e-001
 4.0998319e-001
 4.1235372e-001
 4.1471887e-001
 4.1681331e-001
