s07_AV97 Record=3601: Alunite0.66K+.34Na CU91-217A  NIC4b RREF
-1.2300000e+034
-1.2300000e+034
-1.2300000e+034
-1.2300000e+034
-1.2300000e+034
-1.2300000e+034
-1.2300000e+034
-1.2300000e+034
-1.2300000e+034
-1.2300000e+034
-1.2300000e+034
-1.2300000e+034
-1.2300000e+034
-1.2300000e+034
-1.2300000e+034
-1.2300000e+034
-1.2300000e+034
-1.2300000e+034
-1.2300000e+034
-1.2300000e+034
-1.2300000e+034
-1.2300000e+034
-1.2300000e+034
-1.2300000e+034
-1.2300000e+034
-1.2300000e+034
-1.2300000e+034
-1.2300000e+034
-1.2300000e+034
-1.2300000e+034
-1.2300000e+034
-1.2300000e+034
-1.2300000e+034
-1.2300000e+034
-1.2300000e+034
-1.2300000e+034
-1.2300000e+034
-1.2300000e+034
-1.2300000e+034
-1.2300000e+034
-1.2300000e+034
-1.2300000e+034
-1.2300000e+034
-1.2300000e+034
-1.2300000e+034
-1.2300000e+034
-1.2300000e+034
-1.2300000e+034
-1.2300000e+034
-1.2300000e+034
-1.2300000e+034
-1.2300000e+034
-1.2300000e+034
-1.2300000e+034
-1.2300000e+034
-1.2300000e+034
-1.2300000e+034
-1.2300000e+034
-1.2300000e+034
-1.2300000e+034
-1.2300000e+034
-1.2300000e+034
-1.2300000e+034
-1.2300000e+034
-1.2300000e+034
-1.2300000e+034
-1.2300000e+034
-1.2300000e+034
-1.2300000e+034
-1.2300000e+034
-1.2300000e+034
-1.2300000e+034
-1.2300000e+034
-1.2300000e+034
-1.2300000e+034
-1.2300000e+034
-1.2300000e+034
-1.2300000e+034
-1.2300000e+034
-1.2300000e+034
-1.2300000e+034
-1.2300000e+034
-1.2300000e+034
-1.2300000e+034
-1.2300000e+034
-1.2300000e+034
-1.2300000e+034
-1.2300000e+034
-1.2300000e+034
-1.2300000e+034
-1.2300000e+034
-1.2300000e+034
-1.2300000e+034
-1.2300000e+034
-1.2300000e+034
-1.2300000e+034
-1.2300000e+034
-1.2300000e+034
-1.2300000e+034
-1.2300000e+034
-1.2300000e+034
 5.8596665e-001
 5.9356153e-001
 5.9618104e-001
 5.9213763e-001
 5.8920127e-001
 5.8422995e-001
 5.7677621e-001
 5.6639171e-001
 5.5501908e-001
 5.4357183e-001
 5.3347766e-001
 4.9768546e-001
 4.7094971e-001
 4.5860612e-001
 4.7067279e-001
 4.7140491e-001
 4.6103460e-001
 4.3365210e-001
 4.3862361e-001
 4.5903209e-001
 4.8005617e-001
 4.9680960e-001
 5.1110780e-001
 5.1943773e-001
 5.2441019e-001
 5.2497804e-001
 5.2578229e-001
 5.2628148e-001
 5.2720600e-001
 5.2768481e-001
 5.2708167e-001
 5.2578056e-001
 5.2434421e-001
 5.2345502e-001
 5.2275497e-001
 5.2146953e-001
 5.1952499e-001
 5.1699591e-001
 5.1416987e-001
 5.0803149e-001
 5.0346273e-001
 4.9829933e-001
 4.8868021e-001
 4.7383675e-001
 4.5585692e-001
 4.3844381e-001
 4.2746887e-001
 4.2884707e-001
 4.4371384e-001
 4.6251655e-001
 4.7397572e-001
 4.8012638e-001
 4.8092812e-001
 4.7851852e-001
 4.7443190e-001
 4.7009873e-001
 4.6437699e-001
 4.5665655e-001
 4.4609824e-001
 4.4980776e-001
 4.3670961e-001
 4.2060441e-001
 4.0793592e-001
 3.9725164e-001
 3.8894942e-001
 3.8305718e-001
 3.7698358e-001
 3.7024233e-001
 3.6476290e-001
 3.5999668e-001
 3.5382748e-001
 3.4594151e-001
 3.3999777e-001
 3.3769304e-001
 3.3505288e-001
 3.3061916e-001
 3.2682222e-001
 3.2356608e-001
 3.2206514e-001
 3.2124275e-001
 3.1817713e-001
 3.1100905e-001
 2.9881471e-001
 2.8125384e-001
 2.6111716e-001
 2.4159504e-001
 2.2298895e-001
 2.0849656e-001
 2.0163305e-001
 2.0325109e-001
 2.1527800e-001
 2.2969453e-001
 2.2954741e-001
 2.5340524e-001
 2.8548500e-001
 3.0207303e-001
 3.1304410e-001
 3.1785360e-001
 3.1781203e-001
 3.1385946e-001
 3.0582705e-001
 2.8992406e-001
 2.6199758e-001
 2.3563445e-001
 2.3608509e-001
 2.4816085e-001
 2.5719747e-001
 2.5418660e-001
 2.3623200e-001
 2.2128128e-001
 2.0768353e-001
 1.9792192e-001
 1.9460686e-001
 1.8705578e-001
 1.7409782e-001
 1.6390428e-001
 1.6047792e-001
 1.5780964e-001
 1.5530680e-001
 1.5648648e-001
 1.5382303e-001
 1.4476994e-001
 1.3396087e-001
