s07_AV97 Record=2839: Rhodochrosite HS338.6        ASDFRb AREF
 1.9662565e-001
 2.3695941e-001
 2.3216596e-001
 1.7926158e-001
 1.1940951e-001
 2.3580769e-001
 2.3506047e-001
 2.0566833e-001
 2.0337825e-001
 2.2637554e-001
 2.7156428e-001
 3.2996139e-001
 3.6676452e-001
 3.6763835e-001
 3.4164825e-001
 3.0148095e-001
 2.6095971e-001
 2.3149696e-001
 2.1808217e-001
 2.2191487e-001
 2.4305119e-001
 2.8113997e-001
 3.3377573e-001
 3.9184412e-001
 4.4499198e-001
 4.8398486e-001
 5.0901777e-001
 5.2198982e-001
 5.2846819e-001
 5.3229892e-001
 5.3499001e-001
 5.3726095e-001
 5.3460598e-001
 5.3685033e-001
 5.3888315e-001
 5.4083484e-001
 5.4258895e-001
 5.4418528e-001
 5.4545647e-001
 5.4641777e-001
 5.4715955e-001
 5.4778343e-001
 5.4834157e-001
 5.4850417e-001
 5.4817027e-001
 5.4730278e-001
 5.4605949e-001
 5.4446834e-001
 5.4259849e-001
 5.4013824e-001
 5.3717202e-001
 5.3381014e-001
 5.3000754e-001
 5.2580482e-001
 5.2129579e-001
 5.1644391e-001
 5.1126748e-001
 5.0584853e-001
 5.0037318e-001
 4.9477705e-001
 4.8905304e-001
 4.8329875e-001
 4.7762537e-001
 4.7190550e-001
 4.6665880e-001
 4.6168697e-001
 4.5705104e-001
 4.5297214e-001
 4.4964510e-001
 4.4597283e-001
 4.4371280e-001
 4.4165412e-001
 4.4011769e-001
 4.3917781e-001
 4.3864858e-001
 4.3857029e-001
 4.3898848e-001
 4.3955287e-001
 4.4045806e-001
 4.4077983e-001
 4.4138148e-001
 4.4152251e-001
 4.4160169e-001
 4.4178566e-001
 4.4193834e-001
 4.4173929e-001
 4.4141302e-001
 4.4092113e-001
 4.4058165e-001
 4.4028726e-001
 4.3978488e-001
 4.3953815e-001
 4.3938634e-001
 4.3897402e-001
 4.3872347e-001
 4.3839502e-001
 4.3873107e-001
 4.3852702e-001
 4.3850514e-001
 4.3840855e-001
 4.3859017e-001
 4.3912542e-001
 4.3985480e-001
 4.4037876e-001
 4.4117379e-001
 4.4182399e-001
 4.4262436e-001
 4.4366917e-001
 4.4395769e-001
 4.4279280e-001
 4.3828931e-001
 4.3185586e-001
 4.2673022e-001
 4.2453098e-001
 4.2472324e-001
 4.2557040e-001
 4.2733705e-001
 4.3031085e-001
 4.3457583e-001
 4.3964088e-001
 4.4538665e-001
 4.5200166e-001
 4.5773724e-001
 4.6267131e-001
 4.6726066e-001
 4.7116524e-001
 4.7450408e-001
 4.7716814e-001
 4.7881848e-001
 4.8243296e-001
 4.8685619e-001
 4.8925883e-001
 4.9088198e-001
 4.9151731e-001
 4.9162504e-001
 4.9143711e-001
 4.9053395e-001
 4.9045104e-001
 4.9097860e-001
 4.9072817e-001
 4.8921505e-001
 4.8722127e-001
 4.8439658e-001
 4.8075461e-001
 4.7755352e-001
 4.7515354e-001
 4.7329003e-001
 4.7141314e-001
 4.7239444e-001
 4.7633684e-001
 4.7991174e-001
 4.7841766e-001
 4.7414792e-001
 4.6824524e-001
 4.6176499e-001
 4.5111558e-001
 4.3804252e-001
 4.2359951e-001
 4.0315956e-001
 3.7073812e-001
 3.8505262e-001
 3.5134152e-001
 3.4151074e-001
 3.4341562e-001
 3.3888775e-001
 3.3496937e-001
 3.3490935e-001
 3.3657390e-001
 3.3751142e-001
 3.3787692e-001
 3.3957171e-001
 3.4047890e-001
 3.3579737e-001
 3.3501762e-001
 3.5644889e-001
 3.8231000e-001
 3.9866948e-001
 4.0909860e-001
 4.1493034e-001
 4.1808257e-001
 4.2019144e-001
 4.2018116e-001
 4.1735038e-001
 4.1270170e-001
 4.0715250e-001
 4.0077740e-001
 3.9101905e-001
 3.7458891e-001
 3.5873887e-001
 3.5359719e-001
 3.5940421e-001
 3.6761412e-001
 3.6598030e-001
 3.5976866e-001
 3.4775072e-001
 3.3016533e-001
 3.0989537e-001
 2.9047811e-001
 2.6813978e-001
 2.4591954e-001
 2.2331244e-001
 1.9950576e-001
 1.7670667e-001
 1.5980889e-001
 1.4899340e-001
 1.4107823e-001
 1.3398010e-001
 1.2611586e-001
 1.2044195e-001
 1.2591812e-001
 1.5739086e-001
 2.2236569e-001
 2.6497501e-001
 2.6692224e-001
 2.4923596e-001
 2.3283651e-001
 2.1591857e-001
 1.9556896e-001
 1.7283128e-001
 1.5023027e-001
 1.2635432e-001
 1.0753386e-001
 9.6305415e-002
-1.2300000e+034
