s07_AV97 Record=2438: Olivine HS420.2B             ASDFRc AREF
 4.5847061e-001
 4.7140124e-001
 4.8108181e-001
 4.9093434e-001
 5.0023037e-001
 5.0684679e-001
 5.1188385e-001
 5.1725793e-001
 5.2202129e-001
 5.2716029e-001
 5.3355980e-001
 5.4019451e-001
 5.4387277e-001
 5.4797441e-001
 5.5474311e-001
 5.5938530e-001
 5.6339979e-001
 5.6729978e-001
 5.7055956e-001
 5.7261276e-001
 5.7358223e-001
 5.7387781e-001
 5.7385427e-001
 5.7373786e-001
 5.7353544e-001
 5.7316184e-001
 5.7262945e-001
 5.7239878e-001
 5.7268643e-001
 5.7312560e-001
 5.7334000e-001
 5.7299471e-001
 5.7335424e-001
 5.7313335e-001
 5.7224661e-001
 5.7089698e-001
 5.6882274e-001
 5.6654298e-001
 5.6380373e-001
 5.6062078e-001
 5.5682194e-001
 5.5234128e-001
 5.4750454e-001
 5.4226083e-001
 5.3693789e-001
 5.3160471e-001
 5.2649695e-001
 5.2164108e-001
 5.1706117e-001
 5.1266390e-001
 5.0852180e-001
 5.0481600e-001
 5.0114971e-001
 4.9784085e-001
 4.9453679e-001
 4.9129367e-001
 4.8754606e-001
 4.8338452e-001
 4.7892252e-001
 4.7369301e-001
 4.6778363e-001
 4.6140137e-001
 4.5458648e-001
 4.4757283e-001
 4.4042975e-001
 4.3345374e-001
 4.2669609e-001
 4.2038897e-001
 4.1512379e-001
 4.0989721e-001
 4.0648323e-001
 4.0421590e-001
 4.0303570e-001
 4.0414730e-001
 4.0535939e-001
 4.0885672e-001
 4.1242883e-001
 4.1763195e-001
 4.2360196e-001
 4.2843878e-001
 4.3394583e-001
 4.3833265e-001
 4.4244334e-001
 4.4653082e-001
 4.4993582e-001
 4.5313630e-001
 4.5565337e-001
 4.5773616e-001
 4.5982292e-001
 4.6217489e-001
 4.6422604e-001
 4.6681172e-001
 4.6883771e-001
 4.7159705e-001
 4.7407603e-001
 4.7729141e-001
 4.7252518e-001
 4.7586271e-001
 4.7901872e-001
 4.8261806e-001
 4.8635074e-001
 4.9001428e-001
 4.9421403e-001
 4.9860582e-001
 5.0324851e-001
 5.0803328e-001
 5.1264960e-001
 5.1792932e-001
 5.2231514e-001
 5.2437460e-001
 5.2883685e-001
 5.3670436e-001
 5.4360121e-001
 5.4906684e-001
 5.5412918e-001
 5.5916274e-001
 5.6309366e-001
 5.6714863e-001
 5.7095146e-001
 5.7534873e-001
 5.7825595e-001
 5.8137822e-001
 5.8403724e-001
 5.8666378e-001
 5.8897984e-001
 5.9088904e-001
 5.9229201e-001
 5.9357470e-001
 5.9454876e-001
 5.9487009e-001
 5.9519446e-001
 5.9517562e-001
 5.9572697e-001
 5.9593081e-001
 5.9579182e-001
 5.9518081e-001
 5.9504592e-001
 5.9418881e-001
 5.9342635e-001
 5.9300625e-001
 5.9229380e-001
 5.9155029e-001
 5.9022176e-001
 5.8913404e-001
 5.8852506e-001
 5.8723491e-001
 5.8630395e-001
 5.8489841e-001
 5.8454996e-001
 5.8397913e-001
 5.8294445e-001
 5.8192122e-001
 5.8064771e-001
 5.8029592e-001
 5.7917744e-001
 5.7842278e-001
 5.7738572e-001
 5.7592434e-001
 5.7573259e-001
 5.7511377e-001
 5.7520854e-001
 5.7478827e-001
 5.7392359e-001
 5.7270980e-001
 5.7179165e-001
 5.7085478e-001
 5.7102978e-001
 5.7016814e-001
 5.6932795e-001
 5.6939352e-001
 5.6863397e-001
 5.6860280e-001
 5.6829143e-001
 5.6924516e-001
 5.6924909e-001
 5.6949973e-001
 5.7000351e-001
 5.7155502e-001
 5.7293570e-001
 5.7363009e-001
 5.7416201e-001
 5.7392752e-001
 5.7449245e-001
 5.7478392e-001
 5.7468712e-001
 5.7406199e-001
 5.7370061e-001
 5.7386231e-001
 5.7330847e-001
 5.7324487e-001
 5.7278162e-001
 5.7320625e-001
 5.7329601e-001
 5.7355917e-001
 5.7245588e-001
 5.7101852e-001
 5.7073355e-001
 5.7028347e-001
 5.6930840e-001
 5.6767565e-001
 5.6737536e-001
 5.6673092e-001
 5.6605965e-001
 5.6381291e-001
 5.6182313e-001
 5.6127989e-001
 5.6374758e-001
 5.6804544e-001
 5.7062966e-001
 5.7035148e-001
 5.7028437e-001
 5.6847459e-001
 5.6814438e-001
 5.6894273e-001
 5.6718141e-001
 5.6497335e-001
 5.6291151e-001
 5.6271178e-001
 5.6161553e-001
 5.5886376e-001
 5.5593610e-001
 5.5598420e-001
 5.5995309e-001
-1.2300000e+034
