s07_AV97 Record=3955: Kaol_Wxl+0.5Musc_Ruby AMX12   BECKa AREF
 4.8015454e-001
 5.2058572e-001
 5.5123627e-001
 5.7803905e-001
 5.9143764e-001
 6.1425227e-001
 6.3020146e-001
 6.4356679e-001
 6.5715504e-001
 6.6760606e-001
 6.7424357e-001
 6.8063122e-001
 6.9066250e-001
 6.9423693e-001
 6.9399226e-001
 6.9813782e-001
 7.0219833e-001
 7.0598471e-001
 7.0955497e-001
 7.1338004e-001
 7.1576613e-001
 7.1970135e-001
 7.2582996e-001
 7.3101211e-001
 7.3666507e-001
 7.4151969e-001
 7.4698496e-001
 7.5228024e-001
 7.5574076e-001
 7.6007837e-001
 7.6468593e-001
 7.6776993e-001
 7.6399404e-001
 7.6709056e-001
 7.7097291e-001
 7.7342129e-001
 7.7689844e-001
 7.7940387e-001
 7.8295332e-001
 7.8583270e-001
 7.8818822e-001
 7.8941149e-001
 7.9134357e-001
 7.9128665e-001
 7.9268807e-001
 7.9159951e-001
 7.9249024e-001
 7.9124910e-001
 7.9027754e-001
 7.8971684e-001
 7.8391284e-001
 7.8546715e-001
 7.8811741e-001
 7.8400165e-001
 7.8140789e-001
 7.8186095e-001
 7.8430712e-001
 7.8508669e-001
 7.7992415e-001
 7.8130430e-001
 7.8072178e-001
 7.8114402e-001
 7.7560836e-001
 7.6941901e-001
 7.7761090e-001
 7.8576481e-001
 7.8817654e-001
 7.8864330e-001
 7.8899246e-001
 7.8946757e-001
 7.9055238e-001
 7.8926408e-001
 7.9120666e-001
 7.9096806e-001
 7.8973675e-001
 7.9110134e-001
 7.9105306e-001
 7.9201370e-001
 7.9247165e-001
 7.9273939e-001
 7.9371870e-001
 7.9479766e-001
 7.9661006e-001
 7.9795688e-001
 7.9746038e-001
 7.9829413e-001
 7.9931545e-001
 8.0144310e-001
 8.0109483e-001
 8.0168390e-001
 8.0124193e-001
 7.9745603e-001
 7.9577237e-001
 8.0034691e-001
 8.0391061e-001
 8.0580086e-001
 8.0239069e-001
 8.0531287e-001
 8.0536443e-001
 7.9999876e-001
 7.9020751e-001
 7.8341550e-001
 7.7921742e-001
 7.7455986e-001
 7.7335024e-001
 7.7099174e-001
 7.5158596e-001
 7.4579960e-001
 7.3775393e-001
 7.0122576e-001
 6.2153649e-001
 5.6604910e-001
 5.6024951e-001
 6.9163138e-001
 7.7178133e-001
 7.9893601e-001
 8.0886251e-001
 8.1542850e-001
 8.2255566e-001
 8.2465804e-001
 8.2847363e-001
 8.3073503e-001
 8.3221072e-001
 8.3489829e-001
 8.3530486e-001
 8.3629632e-001
 8.3761036e-001
 8.3871913e-001
 8.3922613e-001
 8.4034777e-001
 8.4310102e-001
 8.4200007e-001
 8.4332865e-001
 8.4389013e-001
 8.4318322e-001
 8.4234786e-001
 8.4399199e-001
 8.4124529e-001
 8.4066588e-001
 8.3920109e-001
 8.3891714e-001
 8.3954710e-001
 8.3663529e-001
 8.3539647e-001
 8.3321059e-001
 8.3024025e-001
 8.2869536e-001
 8.2359385e-001
 8.1753093e-001
 8.1195527e-001
 8.0724961e-001
 8.0172443e-001
 7.9468602e-001
 7.9202342e-001
 7.9462707e-001
 7.9052466e-001
 7.9660255e-001
 8.0241585e-001
 7.9392266e-001
 7.7937412e-001
 7.8425694e-001
 7.6871210e-001
 7.5167102e-001
 7.3394597e-001
 7.2521305e-001
 7.2706324e-001
 7.2751528e-001
 7.2929651e-001
 7.3157883e-001
 7.3207450e-001
 7.3283905e-001
 7.3240787e-001
 7.2878087e-001
 7.2485894e-001
 7.2512841e-001
 7.2388262e-001
 7.1920919e-001
 7.1461177e-001
 7.0897758e-001
 6.9742095e-001
 6.8457061e-001
 6.7331600e-001
 6.6113061e-001
 6.4647734e-001
 6.3222229e-001
 6.2532711e-001
 6.0779393e-001
 5.7048386e-001
 5.3555888e-001
 5.1541460e-001
 4.8607326e-001
 4.3800271e-001
 3.9289686e-001
 4.0081233e-001
 4.8057291e-001
 5.4489100e-001
 5.5904537e-001
 5.6795520e-001
 5.7012033e-001
 5.6469673e-001
 5.5825782e-001
 5.4826438e-001
 5.3301430e-001
 5.1526248e-001
 4.9352083e-001
 4.7696266e-001
 4.6307206e-001
 4.4983459e-001
 4.4782481e-001
 4.5383832e-001
 4.4764191e-001
 4.4440502e-001
 4.4818622e-001
 4.4549775e-001
 4.3457809e-001
 4.2048216e-001
 4.0769717e-001
 4.0004799e-001
 3.9747590e-001
 3.9750591e-001
 3.9892840e-001
 4.0120116e-001
 4.0401527e-001
 4.0698263e-001
