s07_AV97 Record=2672: Psilomelane HS139.2B         ASDFRb AREF
-1.2300000e+034
-1.2300000e+034
-1.2300000e+034
 5.6295659e-002
 5.6560438e-002
 5.6318011e-002
 5.6189597e-002
 5.5775803e-002
 5.5322837e-002
 5.4792292e-002
 5.4231927e-002
 5.3643689e-002
 5.3131394e-002
 5.2603800e-002
 5.2088823e-002
 5.1636230e-002
 5.1220834e-002
 5.0791766e-002
 5.0436813e-002
 5.0075121e-002
 4.9746633e-002
 4.9445052e-002
 4.9183208e-002
 4.8919998e-002
 4.8707284e-002
 4.8504651e-002
 4.8349764e-002
 4.8263684e-002
 4.8201047e-002
 4.8188802e-002
 4.8223276e-002
 4.8249137e-002
 4.8217084e-002
 4.8246816e-002
 4.8261743e-002
 4.8291400e-002
 4.8287094e-002
 4.8265964e-002
 4.8235230e-002
 4.8201907e-002
 4.8169710e-002
 4.8141111e-002
 4.8115477e-002
 4.8086952e-002
 4.8057057e-002
 4.8043430e-002
 4.8036564e-002
 4.8009824e-002
 4.8006721e-002
 4.8000466e-002
 4.7992874e-002
 4.7997441e-002
 4.8002988e-002
 4.8007458e-002
 4.8032958e-002
 4.8040610e-002
 4.8074551e-002
 4.8106816e-002
 4.8111551e-002
 4.8155550e-002
 4.8158702e-002
 4.8221271e-002
 4.8240233e-002
 4.8263323e-002
 4.8335422e-002
 4.8329346e-002
 4.8319396e-002
 4.8465207e-002
 4.8222024e-002
 4.8719700e-002
 4.8842758e-002
 4.8970565e-002
 4.9028616e-002
 4.9139086e-002
 4.9375899e-002
 4.9456641e-002
 4.9755521e-002
 4.9810223e-002
 4.9952779e-002
 5.0104018e-002
 5.0166670e-002
 5.0375395e-002
 5.0485626e-002
 5.0724640e-002
 5.0803147e-002
 5.0921075e-002
 5.1031925e-002
 5.1146768e-002
 5.1304109e-002
 5.1436178e-002
 5.1597174e-002
 5.1659234e-002
 5.1802438e-002
 5.1900759e-002
 5.2080531e-002
 5.2244578e-002
 5.2025627e-002
 5.2144524e-002
 5.2286550e-002
 5.2378483e-002
 5.2580077e-002
 5.2682538e-002
 5.2795779e-002
 5.2919652e-002
 5.3056117e-002
 5.3284325e-002
 5.3420004e-002
 5.3549714e-002
 5.3736594e-002
 5.3919107e-002
 5.4127458e-002
 5.4323249e-002
 5.4517567e-002
 5.4731250e-002
 5.4938503e-002
 5.5169426e-002
 5.5312179e-002
 5.5560607e-002
 5.5764180e-002
 5.5981740e-002
 5.6200981e-002
 5.6389704e-002
 5.6581993e-002
 5.6825127e-002
 5.6990109e-002
 5.7202302e-002
 5.7417627e-002
 5.7632975e-002
 5.7860982e-002
 5.8065578e-002
 5.8245309e-002
 5.8459360e-002
 5.8662623e-002
 5.8838625e-002
 5.9058599e-002
 5.9298404e-002
 5.9511952e-002
 5.9724841e-002
 5.9957504e-002
 6.0165059e-002
 6.0382843e-002
 6.0631800e-002
 6.0902994e-002
 6.1136071e-002
 6.1289690e-002
 6.1475553e-002
 6.1686926e-002
 6.1863441e-002
 6.2039413e-002
 6.2337551e-002
 6.2562756e-002
 6.2856980e-002
 6.3047871e-002
 6.3210756e-002
 6.3470080e-002
 6.3669480e-002
 6.3901886e-002
 6.4136915e-002
 6.4341754e-002
 6.4705685e-002
 6.4534731e-002
 6.4752780e-002
 6.5015435e-002
 6.5224081e-002
 6.5489791e-002
 6.5672331e-002
 6.5863900e-002
 6.6103779e-002
 6.6211194e-002
 6.6460378e-002
 6.6683806e-002
 6.6936530e-002
 6.7179985e-002
 6.7480192e-002
 6.7741245e-002
 6.8018362e-002
 6.8325318e-002
 6.8676524e-002
 6.8987913e-002
 6.9262736e-002
 6.9569945e-002
 6.9848016e-002
 7.0138834e-002
 7.0478328e-002
 7.0628703e-002
 7.0947066e-002
 7.1137242e-002
 7.1308926e-002
 7.1571603e-002
 7.1777821e-002
 7.2046928e-002
 7.2316021e-002
 7.2630696e-002
 7.2808877e-002
 7.2941758e-002
 7.3183179e-002
 7.3491253e-002
 7.3751137e-002
 7.3997840e-002
 7.4313633e-002
 7.4619271e-002
 7.4829549e-002
 7.5177237e-002
 7.5421222e-002
 7.5644329e-002
 7.6090142e-002
 7.6363251e-002
 7.6334715e-002
 7.6615013e-002
 7.6919481e-002
 7.7067792e-002
 7.7172250e-002
 7.7526569e-002
 7.7493407e-002
 7.7657588e-002
 7.7851847e-002
 7.7916034e-002
 7.7879332e-002
 7.7842727e-002
 7.8640833e-002
 7.8627385e-002
 7.8575142e-002
 7.8264810e-002
-1.2300000e+034
