s07_AV97 Record=4126: Pyrophyl+Muscovite JH_PYRM1  ASDFRb AREF
 1.6800901e-001
 1.7443258e-001
 1.8347070e-001
 1.9309811e-001
 2.0063160e-001
 2.0588946e-001
 2.1148469e-001
 2.1793889e-001
 2.2411783e-001
 2.2865722e-001
 2.3215982e-001
 2.3591341e-001
 2.4052674e-001
 2.4635352e-001
 2.5307027e-001
 2.6022750e-001
 2.6776373e-001
 2.7544570e-001
 2.8302860e-001
 2.9017469e-001
 2.9651871e-001
 3.0202255e-001
 3.0678833e-001
 3.1064525e-001
 3.1378928e-001
 3.1664151e-001
 3.1924129e-001
 3.2189286e-001
 3.2428718e-001
 3.2669806e-001
 3.2926437e-001
 3.3181474e-001
 3.2885301e-001
 3.3132502e-001
 3.3380190e-001
 3.3645284e-001
 3.3921710e-001
 3.4186345e-001
 3.4419593e-001
 3.4615350e-001
 3.4854782e-001
 3.5058296e-001
 3.5240492e-001
 3.5392109e-001
 3.5515755e-001
 3.5615328e-001
 3.5728288e-001
 3.5839638e-001
 3.5926995e-001
 3.5991237e-001
 3.6036086e-001
 3.6062554e-001
 3.6072463e-001
 3.6072257e-001
 3.6069554e-001
 3.6062410e-001
 3.6043742e-001
 3.6019287e-001
 3.5990763e-001
 3.5956368e-001
 3.5958400e-001
 3.5902306e-001
 3.5290384e-001
 3.5648409e-001
 3.5819039e-001
 3.5950723e-001
 3.6000040e-001
 3.6037302e-001
 3.6083794e-001
 3.6134413e-001
 3.6178589e-001
 3.6225837e-001
 3.6286148e-001
 3.6353663e-001
 3.6421567e-001
 3.6505446e-001
 3.6582023e-001
 3.6677879e-001
 3.6773059e-001
 3.6868042e-001
 3.6976641e-001
 3.7045094e-001
 3.7091509e-001
 3.7145883e-001
 3.7209266e-001
 3.7288707e-001
 3.7358752e-001
 3.7444180e-001
 3.7520793e-001
 3.7583491e-001
 3.7632164e-001
 3.7526265e-001
 3.7696746e-001
 3.7886369e-001
 3.7992907e-001
 3.8045797e-001
 3.7932920e-001
 3.8028905e-001
 3.8063398e-001
 3.8057435e-001
 3.8010025e-001
 3.7949082e-001
 3.7803662e-001
 3.7590125e-001
 3.7410417e-001
 3.7655249e-001
 3.7659606e-001
 3.7304381e-001
 3.6962876e-001
 3.3070654e-001
 2.4437828e-001
 2.8148332e-001
 3.0505556e-001
 3.4112087e-001
 3.5801739e-001
 3.6455655e-001
 3.6675659e-001
 3.6869693e-001
 3.7203243e-001
 3.7524968e-001
 3.7809545e-001
 3.8048404e-001
 3.8272604e-001
 3.8484418e-001
 3.8652557e-001
 3.8782391e-001
 3.8898870e-001
 3.9039022e-001
 3.9150566e-001
 3.9241451e-001
 3.9307916e-001
 3.9340475e-001
 3.9369771e-001
 3.9392728e-001
 3.9398357e-001
 3.9392054e-001
 3.9392763e-001
 3.9415371e-001
 3.9459321e-001
 3.9505830e-001
 3.9547780e-001
 3.9590383e-001
 3.9608720e-001
 3.9555934e-001
 3.9507854e-001
 3.9423048e-001
 3.9301753e-001
 3.9199367e-001
 3.9092341e-001
 3.9120930e-001
 3.9139175e-001
 3.9130822e-001
 3.9345124e-001
 3.9479399e-001
 3.9467871e-001
 3.9417085e-001
 3.9259484e-001
 3.8894826e-001
 3.8135830e-001
 3.6398906e-001
 3.7183502e-001
 3.4954235e-001
 3.2044417e-001
 3.0144796e-001
 2.9956082e-001
 3.0238032e-001
 3.0574715e-001
 3.0845690e-001
 3.1197014e-001
 3.1649879e-001
 3.2100242e-001
 3.2561010e-001
 3.3027920e-001
 3.3423337e-001
 3.3785912e-001
 3.4136689e-001
 3.4401882e-001
 3.4330118e-001
 3.3461747e-001
 3.3056623e-001
 3.2822952e-001
 3.3476603e-001
 3.3906114e-001
 3.3535856e-001
 3.2580939e-001
 3.1235471e-001
 2.9951841e-001
 2.6806617e-001
 2.0146210e-001
 1.6143781e-001
 1.9889204e-001
 2.0935403e-001
 2.1178994e-001
 2.3299916e-001
 2.5643256e-001
 2.7620766e-001
 2.8241584e-001
 2.8047103e-001
 2.7669677e-001
 2.7025881e-001
 2.5647098e-001
 2.3913290e-001
 2.2646329e-001
 2.1058661e-001
 1.9215217e-001
 1.9366112e-001
 1.9753942e-001
 1.9086154e-001
 1.9434051e-001
 2.0008078e-001
 1.9698396e-001
 1.8566589e-001
 1.8224703e-001
 1.7798433e-001
 1.7110862e-001
 1.6252543e-001
 1.5955210e-001
 1.6061482e-001
 1.5976554e-001
 1.6058639e-001
 1.5635693e-001
 1.4921530e-001
 1.4613037e-001
-1.2300000e+034
