s07_AV97 Record=2625: Pinnoite NMNH123943           BECKa AREF
 7.4110097e-001
 7.4771959e-001
 7.5446755e-001
 7.6013649e-001
 7.6513124e-001
 7.6878554e-001
 7.7412301e-001
 7.8075242e-001
 7.8745270e-001
 7.9354960e-001
 7.9785359e-001
 8.0141854e-001
 8.0526656e-001
 8.0896616e-001
 8.1264275e-001
 8.1581521e-001
 8.1931347e-001
 8.2174152e-001
 8.2411826e-001
 8.2510161e-001
 8.2472837e-001
 8.2775325e-001
 8.2979727e-001
 8.2969356e-001
 8.2874018e-001
 8.2834846e-001
 8.3039659e-001
 8.3291405e-001
 8.3443773e-001
 8.3574128e-001
 8.3700895e-001
 8.3789182e-001
 8.3684468e-001
 8.3773071e-001
 8.3858675e-001
 8.3942199e-001
 8.4151930e-001
 8.4240878e-001
 8.4250021e-001
 8.4254801e-001
 8.4234017e-001
 8.4086883e-001
 8.4031987e-001
 8.4265727e-001
 8.4267145e-001
 8.4349883e-001
 8.4281045e-001
 8.4218264e-001
 8.4219295e-001
 8.4035373e-001
 8.3611673e-001
 8.3845979e-001
 8.4026283e-001
 8.4116775e-001
 8.4443873e-001
 8.4420156e-001
 8.4301257e-001
 8.4085268e-001
 8.4052265e-001
 8.4018147e-001
 8.3970642e-001
 8.3733511e-001
 8.3119094e-001
 8.2573938e-001
 8.1417310e-001
 7.9673320e-001
 7.9552066e-001
 8.2322603e-001
 8.2801431e-001
 8.2911569e-001
 8.3060747e-001
 8.3395308e-001
 8.3339918e-001
 8.3377779e-001
 8.3430338e-001
 8.3437115e-001
 8.3442670e-001
 8.3381337e-001
 8.3379227e-001
 8.3459735e-001
 8.3486021e-001
 8.3301723e-001
 8.3133924e-001
 8.2721114e-001
 8.2323825e-001
 8.2060909e-001
 8.1828773e-001
 8.1631929e-001
 8.1010371e-001
 8.0330694e-001
 8.0095381e-001
 7.9327697e-001
 7.8762835e-001
 7.8583193e-001
 7.8234822e-001
 7.7943921e-001
 7.8457463e-001
 7.8045744e-001
 7.7921325e-001
 7.8211570e-001
 7.8326082e-001
 7.7988583e-001
 7.7053046e-001
 7.5791597e-001
 7.4771208e-001
 7.3440939e-001
 7.1998703e-001
 7.0996332e-001
 7.0215607e-001
 6.8532491e-001
 6.4489633e-001
 5.7082915e-001
 5.6462616e-001
 5.1261306e-001
 4.4884843e-001
 4.4291949e-001
 5.1685220e-001
 5.2343023e-001
 5.1758760e-001
 5.1108837e-001
 5.0604272e-001
 4.9611008e-001
 4.8994669e-001
 5.0004268e-001
 5.1153076e-001
 5.1139724e-001
 5.1209557e-001
 5.3406286e-001
 5.5829418e-001
 5.6551313e-001
 5.6605631e-001
 5.5940711e-001
 5.4933035e-001
 5.3613895e-001
 5.2361572e-001
 5.1649219e-001
 5.1663464e-001
 5.1931727e-001
 5.2344495e-001
 5.2700478e-001
 5.3070635e-001
 5.3518218e-001
 5.3806537e-001
 5.4112506e-001
 5.3979087e-001
 5.3273410e-001
 5.2841824e-001
 5.2689302e-001
 5.2855885e-001
 5.2861077e-001
 5.3158724e-001
 5.3198415e-001
 5.3248763e-001
 5.3142375e-001
 5.3205979e-001
 5.3191751e-001
 5.2854127e-001
 5.2372360e-001
 5.1638031e-001
 5.0507390e-001
 5.0920761e-001
 4.9311110e-001
 4.6761981e-001
 4.3992302e-001
 4.1603774e-001
 3.9609534e-001
 3.8557354e-001
 3.7888876e-001
 3.7588704e-001
 3.7463143e-001
 3.7197837e-001
 3.7175542e-001
 3.7251499e-001
 3.7495241e-001
 3.7901515e-001
 3.8094223e-001
 3.7534001e-001
 3.5339034e-001
 3.3777636e-001
 3.4339333e-001
 3.4915972e-001
 3.4477556e-001
 3.2224387e-001
 2.8795359e-001
 2.5880697e-001
 2.5201899e-001
 2.8173035e-001
 3.0708098e-001
 3.0838472e-001
 2.9934165e-001
 2.9016253e-001
 2.8880948e-001
 2.8601661e-001
 2.8117809e-001
 2.8655881e-001
 2.9894269e-001
 3.0582696e-001
 3.1503221e-001
 3.2475415e-001
 3.3711988e-001
 3.4481105e-001
 3.4141669e-001
 3.3836836e-001
 3.3470133e-001
 3.2878593e-001
 3.1770793e-001
 3.1329826e-001
 3.0605122e-001
 2.9375282e-001
 2.8131232e-001
 2.6672742e-001
 2.5829273e-001
 2.5040001e-001
 2.4511404e-001
 2.4062689e-001
 2.3355551e-001
 2.2515699e-001
 2.1772774e-001
 2.1234570e-001
 2.0754613e-001
 2.0365664e-001
 2.0019528e-001
 1.9665217e-001
 1.9276525e-001
