s07_AV97 Record=1176: Eugsterite GDS140 Syn         BECKb AREF
 5.5363369e-001
 5.7165378e-001
 5.8917427e-001
 6.0490662e-001
 6.1816460e-001
 6.2834483e-001
 6.4014554e-001
 6.5310484e-001
 6.6522723e-001
 6.7545253e-001
 6.8379879e-001
 6.9099492e-001
 6.9820076e-001
 7.0601439e-001
 7.1392739e-001
 7.2185600e-001
 7.2907072e-001
 7.3533243e-001
 7.4044073e-001
 7.4459833e-001
 7.4903786e-001
 7.5304407e-001
 7.5608969e-001
 7.5824183e-001
 7.6008368e-001
 7.6200241e-001
 7.6554340e-001
 7.6882893e-001
 7.7108574e-001
 7.7413338e-001
 7.7622122e-001
 7.7800137e-001
 7.7602929e-001
 7.7754295e-001
 7.8018510e-001
 7.8395391e-001
 7.8810591e-001
 7.9224557e-001
 7.9664427e-001
 7.9849541e-001
 8.0136222e-001
 8.0281776e-001
 8.0470848e-001
 8.0690837e-001
 8.0734992e-001
 8.0904239e-001
 8.0925947e-001
 8.1071126e-001
 8.0966282e-001
 8.1002408e-001
 8.0740678e-001
 8.0842954e-001
 8.0990046e-001
 8.0970860e-001
 8.1072909e-001
 8.1173468e-001
 8.1349432e-001
 8.1613445e-001
 8.1321871e-001
 8.1288856e-001
 8.1476563e-001
 8.1439859e-001
 8.1362724e-001
 8.1530237e-001
 8.1529278e-001
 8.1498027e-001
 8.1593603e-001
 8.1742907e-001
 8.1888163e-001
 8.1966710e-001
 8.1993186e-001
 8.2159090e-001
 8.2287776e-001
 8.2320046e-001
 8.2390511e-001
 8.2464033e-001
 8.2551253e-001
 8.2519639e-001
 8.2644790e-001
 8.2500333e-001
 8.2717597e-001
 8.2634139e-001
 8.2591391e-001
 8.2549644e-001
 8.2061481e-001
 8.1993079e-001
 8.2196552e-001
 8.2153046e-001
 8.2171798e-001
 8.2308882e-001
 8.2291949e-001
 8.2445264e-001
 8.2465333e-001
 8.2533222e-001
 8.2773387e-001
 8.2751203e-001
 8.2615650e-001
 8.2819670e-001
 8.2774788e-001
 8.2875896e-001
 8.2871479e-001
 8.2931155e-001
 8.2742143e-001
 8.2612300e-001
 8.2300836e-001
 8.2153374e-001
 8.1885171e-001
 8.1800717e-001
 8.1727093e-001
 8.1285328e-001
 8.0371571e-001
 7.8847206e-001
 7.7026594e-001
 7.5468934e-001
 7.4743146e-001
 7.4682122e-001
 7.5159198e-001
 7.5522780e-001
 7.5725394e-001
 7.6123351e-001
 7.6621467e-001
 7.7157694e-001
 7.7412391e-001
 7.7612543e-001
 7.7883494e-001
 7.7896762e-001
 7.7982461e-001
 7.8377795e-001
 7.8311640e-001
 7.8337353e-001
 7.8550142e-001
 7.8743714e-001
 7.8831285e-001
 7.8901559e-001
 7.9111117e-001
 7.9194021e-001
 7.9556549e-001
 7.9553622e-001
 7.9556882e-001
 7.9710370e-001
 8.0083466e-001
 8.0124587e-001
 8.0012983e-001
 7.9739618e-001
 7.9701471e-001
 7.9415411e-001
 7.9060519e-001
 7.8700602e-001
 7.8336495e-001
 7.8589630e-001
 7.8556985e-001
 7.8708905e-001
 7.8774244e-001
 7.8710282e-001
 7.8800052e-001
 7.8885162e-001
 7.8648710e-001
 7.7823210e-001
 7.6387846e-001
 7.4005973e-001
 7.4891466e-001
 7.1686918e-001
 6.7108315e-001
 6.1231232e-001
 5.5548644e-001
 5.2534485e-001
 5.2333373e-001
 5.2742308e-001
 5.3284806e-001
 5.3736675e-001
 5.4795820e-001
 5.6322807e-001
 5.8048737e-001
 5.9983808e-001
 6.2116086e-001
 6.3727027e-001
 6.4328116e-001
 6.4717418e-001
 6.5184766e-001
 6.5361464e-001
 6.5593767e-001
 6.6063541e-001
 6.6484642e-001
 6.7135185e-001
 6.7901713e-001
 6.8707067e-001
 6.9258922e-001
 6.9760317e-001
 6.9951212e-001
 7.0138073e-001
 7.0598131e-001
 7.0696646e-001
 7.0666224e-001
 7.0843363e-001
 7.1155745e-001
 7.1559763e-001
 7.1942818e-001
 7.2245902e-001
 7.2286344e-001
 7.2409928e-001
 7.3039651e-001
 7.2855204e-001
 7.2441351e-001
 7.2128576e-001
 7.1292281e-001
 7.0315319e-001
 6.9571298e-001
 6.8288106e-001
 6.7150944e-001
 6.5847713e-001
 6.4349854e-001
 6.3334453e-001
 6.1573809e-001
 5.9407818e-001
 5.7302386e-001
 5.5563688e-001
 5.4144359e-001
 5.2914721e-001
 5.1946557e-001
 5.1045370e-001
 5.0357234e-001
 4.9935505e-001
 4.9838069e-001
 5.0088918e-001
