s07_AV97 Record=2967: Serpentine HS318.4B          ASDFRc AREF
 1.0114366e-001
 1.0338575e-001
 1.0717605e-001
 1.1569560e-001
 1.1101415e-001
 1.0528009e-001
 1.0080491e-001
 9.8066457e-002
 9.9539772e-002
 1.0178655e-001
 1.1277664e-001
 1.3500957e-001
 1.4746340e-001
 1.5294254e-001
 1.5966113e-001
 1.6735172e-001
 1.7477290e-001
 1.8029267e-001
 1.8250424e-001
 1.8259157e-001
 1.8211073e-001
 1.8235826e-001
 1.8232571e-001
 1.8138587e-001
 1.7968608e-001
 1.7743109e-001
 1.7470503e-001
 1.7218719e-001
 1.7038424e-001
 1.6947123e-001
 1.7032227e-001
 1.7213982e-001
 1.7007332e-001
 1.7177345e-001
 1.7350899e-001
 1.7542799e-001
 1.7753144e-001
 1.7876272e-001
 1.7905706e-001
 1.7883055e-001
 1.7857252e-001
 1.7846198e-001
 1.7873231e-001
 1.7910151e-001
 1.7953405e-001
 1.7980145e-001
 1.7982149e-001
 1.7952718e-001
 1.7889585e-001
 1.7797175e-001
 1.7679447e-001
 1.7544332e-001
 1.7397065e-001
 1.7242655e-001
 1.7091462e-001
 1.6923253e-001
 1.6768454e-001
 1.6626748e-001
 1.6508205e-001
 1.6386189e-001
 1.6272517e-001
 1.6029844e-001
 1.5854318e-001
 1.5847768e-001
 1.5910450e-001
 1.5869126e-001
 1.5819435e-001
 1.5767610e-001
 1.5711878e-001
 1.5583251e-001
 1.5611678e-001
 1.5499125e-001
 1.5422209e-001
 1.5387334e-001
 1.5307048e-001
 1.5288030e-001
 1.5263136e-001
 1.5242313e-001
 1.5246999e-001
 1.5213220e-001
 1.5218520e-001
 1.5193412e-001
 1.5204042e-001
 1.5214041e-001
 1.5228724e-001
 1.5239207e-001
 1.5269464e-001
 1.5302172e-001
 1.5358336e-001
 1.5404299e-001
 1.5440932e-001
 1.5499793e-001
 1.5546794e-001
 1.5561746e-001
 1.5519100e-001
 1.5461135e-001
 1.5537240e-001
 1.5499072e-001
 1.5408774e-001
 1.5263353e-001
 1.5496475e-001
 1.5647779e-001
 1.5726317e-001
 1.5799412e-001
 1.5803979e-001
 1.5727015e-001
 1.5128477e-001
 1.4662978e-001
 1.4286467e-001
 1.0633256e-001
 9.5075130e-002
 1.1194780e-001
 1.3915470e-001
 1.4280105e-001
 1.4726759e-001
 1.5154913e-001
 1.5318254e-001
 1.5469138e-001
 1.5626395e-001
 1.5707342e-001
 1.5758620e-001
 1.5808244e-001
 1.5838075e-001
 1.5863000e-001
 1.5880477e-001
 1.5925726e-001
 1.5978858e-001
 1.6010618e-001
 1.6037704e-001
 1.6086523e-001
 1.6115706e-001
 1.6147046e-001
 1.6162974e-001
 1.6182156e-001
 1.6186309e-001
 1.6194639e-001
 1.6199248e-001
 1.6192150e-001
 1.6211329e-001
 1.6203922e-001
 1.6180249e-001
 1.6173424e-001
 1.6142583e-001
 1.6104873e-001
 1.6051759e-001
 1.6002971e-001
 1.5946332e-001
 1.5846545e-001
 1.5781364e-001
 1.5752651e-001
 1.5706912e-001
 1.5618020e-001
 1.5533157e-001
 1.5541135e-001
 1.5527485e-001
 1.5454495e-001
 1.5310143e-001
 1.5234689e-001
 1.5097973e-001
 1.4673141e-001
 1.4881781e-001
 1.4312884e-001
 1.3550605e-001
 1.2811984e-001
 1.2478096e-001
 1.2384184e-001
 1.2263003e-001
 1.2048966e-001
 1.1783461e-001
 1.1570416e-001
 1.1481152e-001
 1.1560310e-001
 1.1762328e-001
 1.2039773e-001
 1.2205762e-001
 1.2360297e-001
 1.2733924e-001
 1.3289882e-001
 1.3721421e-001
 1.3801685e-001
 1.3506950e-001
 1.2966904e-001
 1.2604345e-001
 1.2293825e-001
 1.2229719e-001
 1.2138207e-001
 1.2217619e-001
 1.2805164e-001
 1.3319369e-001
 1.3571495e-001
 1.3650249e-001
 1.3629608e-001
 1.3549328e-001
 1.3325043e-001
 1.2800705e-001
 1.1719698e-001
 1.0108991e-001
 9.3114972e-002
 8.8925883e-002
 7.6988026e-002
 7.0469454e-002
 6.7374907e-002
 6.2082667e-002
 5.5595919e-002
 4.8552804e-002
 4.5245130e-002
 4.9394507e-002
 6.3527331e-002
 7.2085507e-002
 6.9081135e-002
 6.4968787e-002
 6.4562052e-002
 6.1765555e-002
 5.9444368e-002
 5.8057461e-002
 5.7734191e-002
 5.5168360e-002
 5.4641087e-002
 5.9330512e-002
 5.9698012e-002
 5.4080885e-002
 4.9389813e-002
 4.6427060e-002
-1.2300000e+034
