s07_AV97 Record=4147: Sand DWO-3-DEL2a  no vis.oil ASDFRa AREF
 5.9726033e-002
 6.3365877e-002
 6.7553625e-002
 7.1336098e-002
 7.5023822e-002
 7.9308160e-002
 8.4111378e-002
 8.9208379e-002
 9.4219029e-002
 9.9049859e-002
 1.0344650e-001
 1.0763893e-001
 1.1201542e-001
 1.1673005e-001
 1.2188577e-001
 1.2728868e-001
 1.3297729e-001
 1.3887534e-001
 1.4471325e-001
 1.5035325e-001
 1.5572116e-001
 1.6050637e-001
 1.6500022e-001
 1.6911852e-001
 1.7266506e-001
 1.7611197e-001
 1.7965382e-001
 1.8321975e-001
 1.8674110e-001
 1.9020857e-001
 1.9336706e-001
 1.9687271e-001
 1.9286090e-001
 1.9612066e-001
 2.0030124e-001
 2.0589539e-001
 2.1144025e-001
 2.1688102e-001
 2.2288160e-001
 2.2884248e-001
 2.3436895e-001
 2.3958337e-001
 2.4306603e-001
 2.4939544e-001
 2.5296023e-001
 2.5729820e-001
 2.6142693e-001
 2.6544127e-001
 2.6932666e-001
 2.7313051e-001
 2.7670756e-001
 2.8008479e-001
 2.8342512e-001
 2.8664041e-001
 2.8987798e-001
 2.9312897e-001
 2.9608998e-001
 2.9895362e-001
 3.0165562e-001
 3.0479249e-001
 3.0196038e-001
 3.0256498e-001
 3.0595127e-001
 3.1132168e-001
 3.1678164e-001
 3.1986904e-001
 3.2292455e-001
 3.2544914e-001
 3.2837847e-001
 3.3125702e-001
 3.3410820e-001
 3.3681646e-001
 3.3955187e-001
 3.4205016e-001
 3.4480551e-001
 3.4736165e-001
 3.4960651e-001
 3.5200059e-001
 3.5388798e-001
 3.5430682e-001
-1.2300000e+034
-1.2300000e+034
-1.2300000e+034
 3.5589024e-001
 3.5783902e-001
 3.5922366e-001
 3.6032593e-001
 3.6172357e-001
 3.6341220e-001
 3.6539617e-001
 3.6801410e-001
 3.7107551e-001
 3.7384927e-001
 3.7678596e-001
 3.7942302e-001
 3.8190335e-001
 3.7799373e-001
 3.8070312e-001
 3.8288513e-001
 3.8475773e-001
 3.8643777e-001
 3.8745034e-001
 3.8747463e-001
 3.8636270e-001
 3.8334203e-001
 3.7995628e-001
-1.2300000e+034
-1.2300000e+034
-1.2300000e+034
-1.2300000e+034
-1.2300000e+034
-1.2300000e+034
-1.2300000e+034
-1.2300000e+034
-1.2300000e+034
-1.2300000e+034
 3.0003974e-001
 3.0228758e-001
 3.0680415e-001
 3.1351152e-001
 3.2133645e-001
 3.2746038e-001
 3.3346388e-001
 3.3909872e-001
 3.4398091e-001
 3.4829462e-001
 3.5230786e-001
 3.5581523e-001
 3.5905555e-001
 3.6220407e-001
 3.6561397e-001
 3.6945277e-001
 3.7311298e-001
 3.7626484e-001
 3.7879395e-001
 3.8049275e-001
 3.8095090e-001
 3.8023174e-001
 3.7954828e-001
 3.7930447e-001
 3.7867638e-001
 3.7792477e-001
 3.7695065e-001
 3.7531477e-001
 3.7467712e-001
 3.7423187e-001
 3.7279096e-001
 3.7084663e-001
 3.6905050e-001
 3.6771205e-001
 3.6540732e-001
-1.2300000e+034
-1.2300000e+034
-1.2300000e+034
-1.2300000e+034
-1.2300000e+034
-1.2300000e+034
-1.2300000e+034
-1.2300000e+034
-1.2300000e+034
-1.2300000e+034
-1.2300000e+034
-1.2300000e+034
-1.2300000e+034
-1.2300000e+034
-1.2300000e+034
-1.2300000e+034
-1.2300000e+034
-1.2300000e+034
-1.2300000e+034
 2.5500253e-001
 2.6226392e-001
 2.6862550e-001
-1.2300000e+034
 2.8173685e-001
 2.8395662e-001
 2.8504106e-001
 2.8608388e-001
 2.8697872e-001
 2.8811693e-001
 2.8984520e-001
 2.9188266e-001
 2.9391986e-001
 2.9598638e-001
 2.9837111e-001
 3.0047947e-001
 3.0299625e-001
 3.0517158e-001
 3.0721217e-001
 3.0913699e-001
 3.1029260e-001
 3.1022215e-001
 3.1001943e-001
 3.0960715e-001
 3.0973896e-001
 3.0837613e-001
 3.0395570e-001
 2.9889649e-001
 2.9404673e-001
 2.9019591e-001
 2.8785071e-001
 2.8595093e-001
 2.8241628e-001
 2.7836445e-001
 2.7477363e-001
 2.7126738e-001
 2.6724824e-001
 2.6472169e-001
 2.6306048e-001
 2.6147193e-001
 2.5982991e-001
 2.5429052e-001
 2.5417560e-001
 2.4849458e-001
 2.4008013e-001
-1.2300000e+034
-1.2300000e+034
-1.2300000e+034
-1.2300000e+034
-1.2300000e+034
-1.2300000e+034
-1.2300000e+034
-1.2300000e+034
-1.2300000e+034
