s07_AV97 Record=493: Arsenopyrite HS262.3B        ASDFRc AREF
 9.4097167e-002
 9.7805671e-002
 1.0156190e-001
 1.0470547e-001
 1.0702772e-001
 1.0875722e-001
 1.0956716e-001
 1.1044881e-001
 1.1194908e-001
 1.1290319e-001
 1.1359242e-001
 1.1398809e-001
 1.1429287e-001
 1.1449282e-001
 1.1454923e-001
 1.1450585e-001
 1.1438566e-001
 1.1420724e-001
 1.1398724e-001
 1.1368842e-001
 1.1337540e-001
 1.1299213e-001
 1.1258395e-001
 1.1225005e-001
 1.1178936e-001
 1.1146194e-001
 1.1103440e-001
 1.1063312e-001
 1.1021520e-001
 1.0984147e-001
 1.0946009e-001
 1.0906798e-001
 1.0952400e-001
 1.0914218e-001
 1.0875757e-001
 1.0836051e-001
 1.0797396e-001
 1.0757529e-001
 1.0717020e-001
 1.0676641e-001
 1.0635776e-001
 1.0594351e-001
 1.0550719e-001
 1.0507444e-001
 1.0464065e-001
 1.0421203e-001
 1.0376918e-001
 1.0333724e-001
 1.0290910e-001
 1.0248916e-001
 1.0206296e-001
 1.0164112e-001
 1.0122751e-001
 1.0080646e-001
 1.0040633e-001
 1.0002922e-001
 9.9664740e-002
 9.9302113e-002
 9.8928720e-002
 9.8594703e-002
 9.8258860e-002
 9.7939253e-002
 9.7634338e-002
 9.7330429e-002
 9.7030394e-002
 9.6762329e-002
 9.6431248e-002
 9.6348621e-002
 9.5953584e-002
 9.6022449e-002
 9.5679976e-002
 9.5444910e-002
 9.5195927e-002
 9.4983675e-002
 9.4724871e-002
 9.4522603e-002
 9.4301306e-002
 9.4073400e-002
 9.3793832e-002
 9.3687594e-002
 9.3524426e-002
 9.3357176e-002
 9.3207940e-002
 9.3031950e-002
 9.2835560e-002
 9.2639476e-002
 9.2497140e-002
 9.2317961e-002
 9.2253380e-002
 9.2128038e-002
 9.2025302e-002
 9.1898173e-002
 9.1807641e-002
 9.1686964e-002
 9.1575958e-002
 9.1470174e-002
 9.1632113e-002
 9.1519825e-002
 9.1409519e-002
 9.1279566e-002
 9.1151774e-002
 9.1024704e-002
 9.0901464e-002
 9.0735838e-002
 9.0660311e-002
 9.0556800e-002
 9.0515748e-002
 9.0407312e-002
 9.0249956e-002
 9.0053014e-002
 8.9610189e-002
 8.9030661e-002
 8.8815928e-002
 8.9101113e-002
 8.9160040e-002
 8.9061320e-002
 8.8954017e-002
 8.8871069e-002
 8.8818006e-002
 8.8747464e-002
 8.8628456e-002
 8.8531069e-002
 8.8446565e-002
 8.8356182e-002
 8.8251486e-002
 8.8171534e-002
 8.8066183e-002
 8.7995604e-002
 8.7897174e-002
 8.7812349e-002
 8.7718517e-002
 8.7614574e-002
 8.7523580e-002
 8.7410718e-002
 8.7315850e-002
 8.7208644e-002
 8.7114051e-002
 8.7020986e-002
 8.6905636e-002
 8.6818092e-002
 8.6684227e-002
 8.6557545e-002
 8.6466223e-002
 8.6318657e-002
 8.6140364e-002
 8.5943013e-002
 8.5777551e-002
 8.5619308e-002
 8.5463807e-002
 8.5346982e-002
 8.5234545e-002
 8.5133754e-002
 8.5020125e-002
 8.4917121e-002
 8.4784627e-002
 8.4639579e-002
 8.4462292e-002
 8.4324218e-002
 8.4106036e-002
 8.3718531e-002
 8.3882540e-002
 8.3485425e-002
 8.2900487e-002
 8.2335718e-002
 8.1980512e-002
 8.1749119e-002
 8.1586532e-002
 8.1421770e-002
 8.1270106e-002
 8.1111632e-002
 8.1028461e-002
 8.0959059e-002
 8.0832571e-002
 8.0789216e-002
 8.0747217e-002
 8.0719240e-002
 8.0698729e-002
 8.0615565e-002
 8.0588192e-002
 8.0432251e-002
 8.0367208e-002
 8.0204412e-002
 8.0022201e-002
 7.9899289e-002
 7.9852685e-002
 7.9839051e-002
 7.9786547e-002
 7.9725422e-002
 7.9644822e-002
 7.9505667e-002
 7.9153195e-002
 7.8730419e-002
 7.8341998e-002
 7.8393243e-002
 7.8695446e-002
 7.9062097e-002
 7.9241253e-002
 7.9300627e-002
 7.9321235e-002
 7.9338104e-002
 7.9418033e-002
 7.9283357e-002
 7.9109237e-002
 7.9051085e-002
 7.8804605e-002
 7.8697756e-002
 7.8391843e-002
 7.8301303e-002
 7.8156367e-002
 7.8024276e-002
 7.7983700e-002
 7.7704966e-002
 7.7626161e-002
 7.7266537e-002
 7.7089086e-002
 7.6686576e-002
 7.6319478e-002
 7.6330945e-002
 7.5683288e-002
 7.5310893e-002
 7.5155988e-002
 7.5075261e-002
 7.5176530e-002
-1.2300000e+034
