s07_AV97 Record=1978: Magnetite HS78.3B           NIC4bbu RREF
-1.2300000e+034
-1.2300000e+034
-1.2300000e+034
-1.2300000e+034
-1.2300000e+034
-1.2300000e+034
-1.2300000e+034
-1.2300000e+034
-1.2300000e+034
-1.2300000e+034
-1.2300000e+034
-1.2300000e+034
-1.2300000e+034
-1.2300000e+034
-1.2300000e+034
-1.2300000e+034
-1.2300000e+034
-1.2300000e+034
-1.2300000e+034
-1.2300000e+034
-1.2300000e+034
-1.2300000e+034
-1.2300000e+034
-1.2300000e+034
-1.2300000e+034
-1.2300000e+034
-1.2300000e+034
-1.2300000e+034
-1.2300000e+034
-1.2300000e+034
-1.2300000e+034
-1.2300000e+034
-1.2300000e+034
-1.2300000e+034
-1.2300000e+034
-1.2300000e+034
-1.2300000e+034
-1.2300000e+034
-1.2300000e+034
-1.2300000e+034
-1.2300000e+034
-1.2300000e+034
-1.2300000e+034
-1.2300000e+034
-1.2300000e+034
-1.2300000e+034
-1.2300000e+034
-1.2300000e+034
-1.2300000e+034
-1.2300000e+034
-1.2300000e+034
-1.2300000e+034
-1.2300000e+034
-1.2300000e+034
-1.2300000e+034
-1.2300000e+034
-1.2300000e+034
-1.2300000e+034
-1.2300000e+034
-1.2300000e+034
-1.2300000e+034
-1.2300000e+034
-1.2300000e+034
-1.2300000e+034
-1.2300000e+034
-1.2300000e+034
-1.2300000e+034
-1.2300000e+034
-1.2300000e+034
-1.2300000e+034
-1.2300000e+034
-1.2300000e+034
-1.2300000e+034
-1.2300000e+034
-1.2300000e+034
-1.2300000e+034
-1.2300000e+034
-1.2300000e+034
-1.2300000e+034
-1.2300000e+034
-1.2300000e+034
-1.2300000e+034
-1.2300000e+034
-1.2300000e+034
-1.2300000e+034
-1.2300000e+034
-1.2300000e+034
-1.2300000e+034
-1.2300000e+034
-1.2300000e+034
-1.2300000e+034
-1.2300000e+034
-1.2300000e+034
-1.2300000e+034
-1.2300000e+034
-1.2300000e+034
-1.2300000e+034
-1.2300000e+034
-1.2300000e+034
-1.2300000e+034
-1.2300000e+034
-1.2300000e+034
-1.2300000e+034
-1.2300000e+034
-1.2300000e+034
-1.2300000e+034
-1.2300000e+034
-1.2300000e+034
-1.2300000e+034
-1.2300000e+034
-1.2300000e+034
-1.2300000e+034
-1.2300000e+034
-1.2300000e+034
-1.2300000e+034
-1.2300000e+034
-1.2300000e+034
-1.2300000e+034
-1.2300000e+034
-1.2300000e+034
-1.2300000e+034
 3.9541494e-002
 3.9641939e-002
 3.9889205e-002
 3.9989933e-002
 4.0197618e-002
 4.0426720e-002
 4.0699113e-002
 4.0874314e-002
 4.1101180e-002
 4.1327052e-002
 4.1450180e-002
 4.1728780e-002
 4.1933753e-002
 4.2052291e-002
 4.2335421e-002
 4.2511635e-002
 4.2697243e-002
 4.2862736e-002
 4.3094810e-002
 4.3249182e-002
 4.3400645e-002
 4.3577984e-002
 4.3762118e-002
 4.3936204e-002
 4.4062886e-002
 4.4322003e-002
 4.4515040e-002
 4.4599067e-002
 4.4694342e-002
 4.4846460e-002
 4.5017011e-002
 4.5135312e-002
 4.5279827e-002
 4.5405798e-002
 4.5614395e-002
 4.5807142e-002
 4.5970984e-002
 4.6036169e-002
 4.6202697e-002
 4.6149820e-002
 4.6340045e-002
 4.6463706e-002
 4.6611097e-002
 4.6775762e-002
 4.7006704e-002
 4.7161821e-002
 4.7266144e-002
 4.7353674e-002
 4.7484756e-002
 4.7633283e-002
 4.7800012e-002
 4.7963798e-002
 4.8106596e-002
 4.8235863e-002
 4.8393875e-002
 4.8548378e-002
 4.8644055e-002
 4.8754059e-002
 4.8856292e-002
 4.8967045e-002
 4.9124159e-002
 4.9274269e-002
 4.9458154e-002
 4.9557507e-002
 4.9678355e-002
 4.9873643e-002
 4.9986970e-002
 5.0140306e-002
 5.0244376e-002
 5.0402869e-002
 5.0494667e-002
 5.0541800e-002
 5.0571211e-002
 5.0731201e-002
 5.0851066e-002
 5.0991587e-002
 5.1127855e-002
 5.1207911e-002
 5.1243272e-002
 5.1378168e-002
 5.1493406e-002
 5.1547267e-002
 5.1549833e-002
 5.1697258e-002
 5.1805310e-002
 5.1960416e-002
 5.2223340e-002
 5.2383587e-002
 5.2470762e-002
 5.2466348e-002
 5.2545022e-002
 5.2694123e-002
 5.2740030e-002
 5.2894413e-002
 5.3022444e-002
 5.3016730e-002
 5.3128969e-002
 5.3236127e-002
 5.3406980e-002
 5.3506549e-002
 5.3620100e-002
 5.3688850e-002
 5.3780310e-002
