s07_AV97 Record=1588: Hypersthene NMNHC2368         BECKb AREF
 1.1849397e-001
 1.2666194e-001
 1.3668336e-001
 1.4706394e-001
 1.5755925e-001
 1.6644624e-001
 1.7164706e-001
 1.7643158e-001
 1.7735019e-001
 1.8357894e-001
 1.8729828e-001
 1.8888405e-001
 1.9253340e-001
 1.9739799e-001
 2.0052770e-001
 2.0504777e-001
 2.0833133e-001
 2.1065943e-001
 2.1201074e-001
 2.1586375e-001
 2.1961722e-001
 2.2292240e-001
 2.2662430e-001
 2.2974330e-001
 2.3326068e-001
 2.3681849e-001
 2.4076942e-001
 2.4419345e-001
 2.4829626e-001
 2.5275338e-001
 2.5710800e-001
 2.6210767e-001
 2.5637576e-001
 2.6112953e-001
 2.6598245e-001
 2.7085781e-001
 2.7563936e-001
 2.8026974e-001
 2.8391793e-001
 2.8722355e-001
 2.8971714e-001
 2.9064217e-001
 2.9002711e-001
 2.8864342e-001
 2.8508842e-001
 2.7904949e-001
 2.7176887e-001
 2.6248002e-001
 2.5211903e-001
 2.4168345e-001
 2.3047093e-001
 2.2013393e-001
 2.0850033e-001
 1.9875102e-001
 1.9141398e-001
 1.8538591e-001
 1.8114185e-001
 1.7815322e-001
 1.7626034e-001
 1.7512122e-001
 1.8021411e-001
 1.8353461e-001
 1.8822393e-001
 1.9549014e-001
 2.0382343e-001
 2.1442416e-001
 2.2700094e-001
 2.3805669e-001
 2.5088716e-001
 2.6269907e-001
 2.7294129e-001
 2.8511608e-001
 2.9352573e-001
 3.0335325e-001
 3.0984548e-001
 3.1660008e-001
 3.2270452e-001
 3.2617202e-001
 3.2980564e-001
 3.3336973e-001
 3.3446315e-001
 3.3722547e-001
 3.3863595e-001
 3.3968815e-001
 3.4007484e-001
 3.4168902e-001
 3.4342414e-001
 3.4249735e-001
 3.4241417e-001
 3.4242302e-001
 3.4446445e-001
 3.4369084e-001
 3.4327465e-001
 3.4352568e-001
 3.4396213e-001
 3.4325206e-001
 3.4380496e-001
 3.4400803e-001
 3.4258413e-001
 3.4288791e-001
 3.4292221e-001
 3.4239095e-001
 3.4100348e-001
 3.3957049e-001
 3.3847392e-001
 3.3729070e-001
 3.3480594e-001
 3.3365545e-001
 3.3199742e-001
 3.3197266e-001
 3.2897550e-001
 3.2669884e-001
 3.2587826e-001
 3.2417786e-001
 3.2180300e-001
 3.1838357e-001
 3.1604123e-001
 3.1405437e-001
 3.1163716e-001
 3.0984738e-001
 3.0610004e-001
 3.0197772e-001
 2.9868284e-001
 2.9605287e-001
 2.9353976e-001
 2.9018226e-001
 2.8771475e-001
 2.8430393e-001
 2.8176159e-001
 2.7809542e-001
 2.7541712e-001
 2.7282789e-001
 2.6969886e-001
 2.6657033e-001
 2.6308587e-001
 2.6152736e-001
 2.5897104e-001
 2.5622648e-001
 2.5356215e-001
 2.5177884e-001
 2.5005445e-001
 2.4945393e-001
 2.4689552e-001
 2.4464725e-001
 2.4426688e-001
 2.4350370e-001
 2.4389842e-001
 2.4091934e-001
 2.3736699e-001
 2.4224967e-001
 2.4107915e-001
 2.3727235e-001
 2.3849380e-001
 2.3757845e-001
 2.3959318e-001
 2.3844607e-001
 2.3850021e-001
 2.4019849e-001
 2.4032246e-001
 2.4112460e-001
 2.4068609e-001
 2.4236758e-001
 2.4354286e-001
 2.4486098e-001
 2.4533352e-001
 2.4745587e-001
 2.5246975e-001
 2.5267613e-001
 2.5484440e-001
 2.5753722e-001
 2.6075977e-001
 2.6507258e-001
 2.6710397e-001
 2.6833513e-001
 2.7344912e-001
 2.7544624e-001
 2.8112689e-001
 2.8407374e-001
 2.8783301e-001
 2.9335862e-001
 2.9515404e-001
 3.0038056e-001
 3.0510530e-001
 3.0806044e-001
 3.0948848e-001
 3.1572509e-001
 3.2020193e-001
 3.2109970e-001
 3.2480901e-001
 3.2806420e-001
 3.2944852e-001
 3.3376697e-001
 3.3333394e-001
 3.3443880e-001
 3.3626571e-001
 3.3780122e-001
 3.3982429e-001
 3.4408888e-001
 3.4468994e-001
 3.4427267e-001
 3.4753922e-001
 3.5045683e-001
 3.5191453e-001
 3.4764686e-001
 3.5052890e-001
 3.5472605e-001
 3.5667801e-001
 3.5480630e-001
 3.5888654e-001
 3.6040157e-001
 3.6093405e-001
 3.6028737e-001
 3.6248776e-001
 3.6429769e-001
 3.6481774e-001
 3.6479399e-001
 3.6454692e-001
 3.6427745e-001
 3.6416927e-001
 3.6436176e-001
 3.6491778e-001
 3.6543953e-001
 3.6544222e-001
 3.6468604e-001
