s07_AV97 Record=3990: Kaolin_Smect KLF506 .95kaol  NIC4bb RREF
-1.2300000e+034
-1.2300000e+034
-1.2300000e+034
-1.2300000e+034
-1.2300000e+034
-1.2300000e+034
-1.2300000e+034
-1.2300000e+034
-1.2300000e+034
-1.2300000e+034
-1.2300000e+034
-1.2300000e+034
-1.2300000e+034
-1.2300000e+034
-1.2300000e+034
-1.2300000e+034
-1.2300000e+034
-1.2300000e+034
-1.2300000e+034
-1.2300000e+034
-1.2300000e+034
-1.2300000e+034
-1.2300000e+034
-1.2300000e+034
-1.2300000e+034
-1.2300000e+034
-1.2300000e+034
-1.2300000e+034
-1.2300000e+034
-1.2300000e+034
-1.2300000e+034
-1.2300000e+034
-1.2300000e+034
-1.2300000e+034
-1.2300000e+034
-1.2300000e+034
-1.2300000e+034
-1.2300000e+034
-1.2300000e+034
-1.2300000e+034
-1.2300000e+034
-1.2300000e+034
-1.2300000e+034
-1.2300000e+034
-1.2300000e+034
-1.2300000e+034
-1.2300000e+034
-1.2300000e+034
-1.2300000e+034
-1.2300000e+034
-1.2300000e+034
-1.2300000e+034
-1.2300000e+034
-1.2300000e+034
-1.2300000e+034
-1.2300000e+034
-1.2300000e+034
-1.2300000e+034
-1.2300000e+034
-1.2300000e+034
-1.2300000e+034
-1.2300000e+034
-1.2300000e+034
-1.2300000e+034
-1.2300000e+034
-1.2300000e+034
-1.2300000e+034
-1.2300000e+034
-1.2300000e+034
-1.2300000e+034
-1.2300000e+034
-1.2300000e+034
-1.2300000e+034
-1.2300000e+034
-1.2300000e+034
-1.2300000e+034
-1.2300000e+034
-1.2300000e+034
-1.2300000e+034
-1.2300000e+034
-1.2300000e+034
-1.2300000e+034
-1.2300000e+034
-1.2300000e+034
-1.2300000e+034
-1.2300000e+034
-1.2300000e+034
-1.2300000e+034
-1.2300000e+034
-1.2300000e+034
-1.2300000e+034
-1.2300000e+034
-1.2300000e+034
-1.2300000e+034
-1.2300000e+034
-1.2300000e+034
-1.2300000e+034
-1.2300000e+034
-1.2300000e+034
-1.2300000e+034
-1.2300000e+034
-1.2300000e+034
-1.2300000e+034
-1.2300000e+034
-1.2300000e+034
-1.2300000e+034
-1.2300000e+034
-1.2300000e+034
 6.6822559e-001
 6.3716906e-001
 6.0768485e-001
 5.9313864e-001
 5.6841201e-001
 6.0349727e-001
 6.2034893e-001
 6.2297869e-001
 6.2190700e-001
 6.1990511e-001
 6.1903268e-001
 6.1978573e-001
 6.2157720e-001
 6.2361574e-001
 6.2568974e-001
 6.2751216e-001
 6.2975049e-001
 6.3279134e-001
 6.3628113e-001
 6.3980544e-001
 6.4291948e-001
 6.4584786e-001
 6.4867139e-001
 6.5176368e-001
 6.5519148e-001
 6.5859044e-001
 6.6171956e-001
 6.6431171e-001
 6.6652602e-001
 6.6883415e-001
 6.7130506e-001
 6.7387611e-001
 6.7624509e-001
 6.7825234e-001
 6.7995036e-001
 6.8118203e-001
 6.8215781e-001
 6.8348157e-001
 6.8479544e-001
 6.8598437e-001
 6.8661636e-001
 6.8669546e-001
 6.8609881e-001
 6.8600070e-001
 6.8592799e-001
 6.8589354e-001
 6.8648487e-001
 6.8612504e-001
 6.8773520e-001
 6.8722618e-001
 6.8084157e-001
 6.6922110e-001
 6.7349356e-001
 6.5847528e-001
 6.3842857e-001
 6.2638408e-001
 6.3382751e-001
 6.4529955e-001
 6.5311682e-001
 6.5829682e-001
 6.6178328e-001
 6.6437155e-001
 6.6655862e-001
 6.6856295e-001
 6.7027152e-001
 6.7224157e-001
 6.7386210e-001
 6.7472696e-001
 6.7492884e-001
 6.7433143e-001
 6.7250150e-001
 6.6917151e-001
 6.6509426e-001
 6.6096437e-001
 6.5770626e-001
 6.5211338e-001
 6.4814442e-001
 6.4377558e-001
 6.3124180e-001
 6.0443592e-001
 5.7484525e-001
 5.6221157e-001
 5.5731320e-001
 5.4713696e-001
 5.2677822e-001
 5.0200236e-001
 5.6031799e-001
 5.9087574e-001
 5.9599072e-001
 6.0069770e-001
 6.0256696e-001
 6.0043734e-001
 5.9426099e-001
 5.8665156e-001
 5.7811755e-001
 5.6752932e-001
 5.5900830e-001
 5.5459887e-001
 5.5160922e-001
 5.4242569e-001
 5.3533369e-001
 5.3305703e-001
 5.2234823e-001
 5.1695389e-001
 5.2192068e-001
 5.2377611e-001
 5.1910090e-001
 5.0990528e-001
 4.9700338e-001
 4.8885509e-001
 4.8444149e-001
 4.8018742e-001
 4.7362182e-001
 4.6480116e-001
 4.6046951e-001
 4.5592418e-001
