s07_AV97 Record=208: Alunite GDS82 Na82            NIC4b RREF
-1.2300000e+034
-1.2300000e+034
-1.2300000e+034
-1.2300000e+034
-1.2300000e+034
-1.2300000e+034
-1.2300000e+034
-1.2300000e+034
-1.2300000e+034
-1.2300000e+034
-1.2300000e+034
-1.2300000e+034
-1.2300000e+034
-1.2300000e+034
-1.2300000e+034
-1.2300000e+034
-1.2300000e+034
-1.2300000e+034
-1.2300000e+034
-1.2300000e+034
-1.2300000e+034
-1.2300000e+034
-1.2300000e+034
-1.2300000e+034
-1.2300000e+034
-1.2300000e+034
-1.2300000e+034
-1.2300000e+034
-1.2300000e+034
-1.2300000e+034
-1.2300000e+034
-1.2300000e+034
-1.2300000e+034
-1.2300000e+034
-1.2300000e+034
-1.2300000e+034
-1.2300000e+034
-1.2300000e+034
-1.2300000e+034
-1.2300000e+034
-1.2300000e+034
-1.2300000e+034
-1.2300000e+034
-1.2300000e+034
-1.2300000e+034
-1.2300000e+034
-1.2300000e+034
-1.2300000e+034
-1.2300000e+034
-1.2300000e+034
-1.2300000e+034
-1.2300000e+034
-1.2300000e+034
-1.2300000e+034
-1.2300000e+034
-1.2300000e+034
-1.2300000e+034
-1.2300000e+034
-1.2300000e+034
-1.2300000e+034
-1.2300000e+034
-1.2300000e+034
-1.2300000e+034
-1.2300000e+034
-1.2300000e+034
-1.2300000e+034
-1.2300000e+034
-1.2300000e+034
-1.2300000e+034
-1.2300000e+034
-1.2300000e+034
-1.2300000e+034
-1.2300000e+034
-1.2300000e+034
-1.2300000e+034
-1.2300000e+034
-1.2300000e+034
-1.2300000e+034
-1.2300000e+034
-1.2300000e+034
-1.2300000e+034
-1.2300000e+034
-1.2300000e+034
-1.2300000e+034
-1.2300000e+034
-1.2300000e+034
-1.2300000e+034
-1.2300000e+034
-1.2300000e+034
-1.2300000e+034
-1.2300000e+034
-1.2300000e+034
-1.2300000e+034
-1.2300000e+034
-1.2300000e+034
-1.2300000e+034
-1.2300000e+034
-1.2300000e+034
-1.2300000e+034
-1.2300000e+034
-1.2300000e+034
 6.9216776e-001
 6.9792289e-001
 7.0457071e-001
 7.1203715e-001
 7.2066689e-001
 7.2473627e-001
 7.3075706e-001
 7.3509163e-001
 7.3103863e-001
 7.2688621e-001
 7.2735268e-001
 7.2072828e-001
 7.1487439e-001
 7.0223790e-001
 7.0652807e-001
 7.1764421e-001
 7.1923590e-001
 7.1661234e-001
 7.1341562e-001
 7.1314299e-001
 7.2354847e-001
 7.3649794e-001
 7.4362522e-001
 7.4994755e-001
 7.5447297e-001
 7.5587440e-001
 7.5672048e-001
 7.5800830e-001
 7.5856328e-001
 7.5922346e-001
 7.6012671e-001
 7.5965762e-001
 7.5940377e-001
 7.5837940e-001
 7.5841063e-001
 7.5700206e-001
 7.5612402e-001
 7.5531936e-001
 7.5330871e-001
 7.5078434e-001
 7.4840182e-001
 7.4518216e-001
 7.3956650e-001
 7.3138809e-001
 7.2049594e-001
 7.1134180e-001
 7.0545340e-001
 7.0632142e-001
 7.1564639e-001
 7.2624761e-001
 7.3241508e-001
 7.3460764e-001
 7.3451853e-001
 7.3303735e-001
 7.2976166e-001
 7.2586465e-001
 7.1989650e-001
 7.1138620e-001
 6.9891918e-001
 7.0363617e-001
 6.8656772e-001
 6.6388792e-001
 6.4196384e-001
 6.2692642e-001
 6.2311381e-001
 6.2513500e-001
 6.2821460e-001
 6.2965739e-001
 6.3045853e-001
 6.3112909e-001
 6.3047463e-001
 6.2906498e-001
 6.2767035e-001
 6.2711203e-001
 6.2629950e-001
 6.2366557e-001
 6.2077165e-001
 6.1840338e-001
 6.1613536e-001
 6.1366433e-001
 6.1123294e-001
 6.0781503e-001
 6.0215968e-001
 5.9224737e-001
 5.7573915e-001
 5.5411839e-001
 5.2973658e-001
 5.0778699e-001
 4.9633688e-001
 4.9715650e-001
 5.0924939e-001
 5.2618307e-001
 5.3695893e-001
 5.4982483e-001
 5.7283503e-001
 5.9097981e-001
 6.0201687e-001
 6.0527593e-001
 6.0407507e-001
 5.9886414e-001
 5.9112883e-001
 5.7912678e-001
 5.6078601e-001
 5.3855658e-001
 5.2695900e-001
 5.2661437e-001
 5.2839690e-001
 5.2668047e-001
 5.1884562e-001
 5.0310755e-001
 4.8154789e-001
 4.6229714e-001
 4.5067382e-001
 4.3988183e-001
 4.2266497e-001
 4.0081507e-001
 3.8541403e-001
 3.7963289e-001
 3.7673450e-001
 3.7332559e-001
 3.6833110e-001
 3.6012790e-001
 3.5070094e-001
