s07_AV97 Record=3707: Calcite.33+Na-Mont.67 AMX44  ASDNGb AREF
 5.2673912e-001
 5.5240965e-001
 5.7916147e-001
 5.9947801e-001
 6.1852849e-001
 6.3845479e-001
 6.5674663e-001
 6.7324245e-001
 6.9041777e-001
 7.0253330e-001
 7.1170336e-001
 7.1894169e-001
 7.2457731e-001
 7.3119462e-001
 7.3823458e-001
 7.4692249e-001
 7.5615996e-001
 7.6287574e-001
 7.6878190e-001
 7.7343172e-001
 7.7632487e-001
 7.7785444e-001
 7.7889115e-001
 7.7956384e-001
 7.8007990e-001
 7.8062367e-001
 7.8137970e-001
 7.8246170e-001
 7.8396332e-001
 7.8590405e-001
 7.8817534e-001
 7.9066360e-001
 7.8779662e-001
 7.9017359e-001
 7.9265267e-001
 7.9510897e-001
 7.9732990e-001
 7.9924804e-001
 8.0081129e-001
 8.0202061e-001
 8.0296260e-001
 8.0387378e-001
 8.0465877e-001
 8.0521834e-001
 8.0553669e-001
 8.0568933e-001
 8.0557823e-001
 8.0551058e-001
 8.0531698e-001
 8.0500102e-001
 8.0454361e-001
 8.0413133e-001
 8.0371308e-001
 8.0337769e-001
 8.0315220e-001
 8.0302531e-001
 8.0298275e-001
 8.0312479e-001
 8.0337089e-001
 8.0372107e-001
 8.0404395e-001
 8.0420995e-001
 8.0403322e-001
 8.0391735e-001
 8.0515814e-001
 8.0703247e-001
 8.0850631e-001
 8.0964744e-001
 8.1062269e-001
 8.1157351e-001
 8.1242120e-001
 8.1310040e-001
 8.1376255e-001
 8.1443053e-001
 8.1504726e-001
 8.1559831e-001
 8.1611204e-001
 8.1663626e-001
 8.1705481e-001
 8.1748277e-001
 8.1784034e-001
 8.1784213e-001
 8.1698328e-001
 8.1602031e-001
 8.1708187e-001
 8.1817192e-001
 8.1882083e-001
 8.1931436e-001
 8.1983393e-001
 8.2047534e-001
 8.2106680e-001
 8.2165307e-001
 8.2205880e-001
 8.2244533e-001
 8.2302636e-001
 8.2351929e-001
 8.2270330e-001
 8.2329822e-001
 8.2362878e-001
 8.2354033e-001
 8.2312721e-001
 8.2261771e-001
 8.2202888e-001
 8.2125074e-001
 8.2023960e-001
 8.1904835e-001
 8.1763917e-001
 8.1479692e-001
 8.0670106e-001
 7.9111123e-001
 7.6504743e-001
 7.3437214e-001
 7.2365904e-001
 7.4516100e-001
 7.7232456e-001
 7.8797203e-001
 7.9340631e-001
 7.9552948e-001
 8.0148679e-001
 8.0775720e-001
 8.1231296e-001
 8.1576872e-001
 8.1857079e-001
 8.2089686e-001
 8.2272655e-001
 8.2431036e-001
 8.2568294e-001
 8.2653970e-001
 8.2793319e-001
 8.2940000e-001
 8.3054370e-001
 8.3136016e-001
 8.3196449e-001
 8.3250374e-001
 8.3295983e-001
 8.3322448e-001
 8.3347732e-001
 8.3417571e-001
 8.3459955e-001
 8.3483130e-001
 8.3460557e-001
 8.3398998e-001
 8.3312881e-001
 8.3204830e-001
 8.3054739e-001
 8.2893020e-001
 8.2726943e-001
 8.2641661e-001
 8.2686448e-001
 8.2649624e-001
 8.2541800e-001
 8.2414269e-001
 8.2276124e-001
 8.2070214e-001
 8.1750089e-001
 8.1346655e-001
 8.0879003e-001
 7.9951674e-001
 7.7845263e-001
 7.4355596e-001
 7.5626397e-001
 7.0710105e-001
 6.4782035e-001
 6.3469934e-001
 6.6562837e-001
 6.9595414e-001
 7.1217585e-001
 7.1939117e-001
 7.2330856e-001
 7.2770506e-001
 7.3364472e-001
 7.3901421e-001
 7.4563873e-001
 7.5898123e-001
 7.7053463e-001
 7.7899140e-001
 7.8510964e-001
 7.8945392e-001
 7.9182911e-001
 7.9222417e-001
 7.9164982e-001
 7.9055399e-001
 7.8979510e-001
 7.8919268e-001
 7.8903401e-001
 7.8726029e-001
 7.8174996e-001
 7.7315742e-001
 7.6227802e-001
 7.4398834e-001
 7.2211391e-001
 6.9979328e-001
 6.7751038e-001
 6.6806901e-001
 6.8118572e-001
 6.9481528e-001
 7.0305324e-001
 7.1494120e-001
 7.2312558e-001
 7.2178960e-001
 7.1271777e-001
 6.9930482e-001
 6.8671221e-001
 6.7603749e-001
 6.6552263e-001
 6.5113562e-001
 6.3616830e-001
 6.3146091e-001
 6.3972735e-001
 6.5258366e-001
 6.5711105e-001
 6.5421045e-001
 6.4765757e-001
 6.4171654e-001
 6.3465470e-001
 6.2386769e-001
 6.1151654e-001
 5.9877557e-001
 5.8674204e-001
 5.7402152e-001
 5.6116110e-001
 5.5136812e-001
 5.4448116e-001
-1.2300000e+034
