s07_AV97 Record=2296: Muscovite HS146.3B           ASDFRa AREF
 3.4287494e-001
 3.5823271e-001
 3.7731522e-001
 3.9630464e-001
 4.1326219e-001
 4.2487171e-001
 4.3010923e-001
 4.3130809e-001
 4.3747726e-001
 4.5339131e-001
 4.6253547e-001
 4.6882331e-001
 4.7346929e-001
 4.7704482e-001
 4.7954348e-001
 4.8153368e-001
 4.8322725e-001
 4.8499548e-001
 4.8658577e-001
 4.8797199e-001
 4.8933604e-001
 4.9084580e-001
 4.9247211e-001
 4.9397805e-001
 4.9583369e-001
 4.9795735e-001
 5.0026238e-001
 5.0264239e-001
 5.0520575e-001
 5.0791109e-001
 5.1045007e-001
 5.1323020e-001
 5.1003385e-001
 5.1267028e-001
 5.1556516e-001
 5.1862341e-001
 5.2167201e-001
 5.2456820e-001
 5.2756864e-001
 5.3074688e-001
 5.3371251e-001
 5.3652251e-001
 5.3913051e-001
 5.4125822e-001
 5.4284257e-001
 5.4372144e-001
 5.4349881e-001
 5.4235238e-001
 5.4030514e-001
 5.3757870e-001
 5.3460544e-001
 5.3131890e-001
 5.2802259e-001
 5.2508986e-001
 5.2273828e-001
 5.2134210e-001
 5.2057791e-001
 5.2057123e-001
 5.2158082e-001
 5.2366751e-001
 5.2655506e-001
 5.3031409e-001
 5.3441423e-001
 5.3752196e-001
 5.4167253e-001
 5.4878384e-001
 5.5527693e-001
 5.6031781e-001
 5.6415075e-001
 5.6709135e-001
 5.7027519e-001
 5.7135648e-001
 5.7206845e-001
 5.7284021e-001
 5.7241613e-001
 5.7208753e-001
 5.7169265e-001
 5.7097530e-001
 5.7041085e-001
 5.6967151e-001
 5.6909531e-001
 5.6854230e-001
 5.6838059e-001
 5.6875181e-001
 5.6928402e-001
 5.6970567e-001
 5.7057488e-001
 5.7172346e-001
 5.7340777e-001
 5.7500774e-001
 5.7729435e-001
 5.7995456e-001
 5.8272225e-001
 5.8568257e-001
 5.8900374e-001
 5.9254277e-001
 5.8711052e-001
 5.9080273e-001
 5.9397572e-001
 5.9741741e-001
 5.9998941e-001
 6.0356247e-001
 6.0751259e-001
 6.1247259e-001
 6.1748564e-001
 6.2272424e-001
 6.2721527e-001
 6.3086063e-001
 6.3292092e-001
 6.3150656e-001
 6.0727602e-001
 5.4092193e-001
 4.9808446e-001
 5.3524959e-001
 6.0474592e-001
 6.5105504e-001
 6.6992426e-001
 6.8023705e-001
 6.8688697e-001
 6.9250590e-001
 6.9811982e-001
 7.0295519e-001
 7.0711190e-001
 7.1194184e-001
 7.1590924e-001
 7.2025895e-001
 7.2439575e-001
 7.2842664e-001
 7.3201364e-001
 7.3527229e-001
 7.3795956e-001
 7.4105459e-001
 7.4370056e-001
 7.4634129e-001
 7.4877363e-001
 7.5099826e-001
 7.5352794e-001
 7.5535291e-001
 7.5734293e-001
 7.5912398e-001
 7.6102895e-001
 7.6265085e-001
 7.6409090e-001
 7.6535821e-001
 7.6600099e-001
 7.6650137e-001
 7.6679444e-001
 7.6689768e-001
 7.6719624e-001
 7.6812565e-001
 7.6883310e-001
 7.6940322e-001
 7.6915008e-001
 7.6723707e-001
 7.6281387e-001
 7.5809962e-001
 7.5909489e-001
 7.6296169e-001
 7.5977725e-001
 7.5281966e-001
 7.5593710e-001
 7.4828488e-001
 7.3721975e-001
 7.2632694e-001
 7.2282565e-001
 7.2517413e-001
 7.3011202e-001
 7.3356479e-001
 7.3588675e-001
 7.3710185e-001
 7.3822731e-001
 7.3989224e-001
 7.4113458e-001
 7.4353325e-001
 7.4494582e-001
 7.4587804e-001
 7.4527484e-001
 7.4432474e-001
 7.4346685e-001
 7.4234456e-001
 7.3884988e-001
 7.2917312e-001
 7.1385366e-001
 6.9640821e-001
 6.8305683e-001
 6.7747235e-001
 6.7472559e-001
 6.6458708e-001
 6.4627373e-001
 6.1533427e-001
 5.6164718e-001
 4.8630708e-001
 4.1973078e-001
 3.9764079e-001
 4.2350948e-001
 4.6783462e-001
 4.9298918e-001
 5.1926345e-001
 5.6324792e-001
 5.9331274e-001
 6.0462403e-001
 6.0477710e-001
 5.9340435e-001
 5.6740987e-001
 5.3261256e-001
 4.9306458e-001
 4.5850989e-001
 4.3671089e-001
 4.3495941e-001
 4.3925023e-001
 4.4132772e-001
 4.4592190e-001
 4.5196950e-001
 4.5062935e-001
 4.4170001e-001
 4.2760816e-001
 4.1518307e-001
 4.1174880e-001
 4.1455883e-001
 4.2544475e-001
 4.3563285e-001
 4.3991402e-001
 4.5204201e-001
-1.2300000e+034
