s07_AV97 Record=2913: Sauconite GDS135              BECKb AREF
 7.1563289e-002
 7.7505879e-002
 8.5073881e-002
 9.2409663e-002
 9.9219523e-002
 1.0683312e-001
 1.1675803e-001
 1.2913160e-001
 1.4061834e-001
 1.4826886e-001
 1.5336806e-001
 1.5937150e-001
 1.6779189e-001
 1.7962667e-001
 1.9286138e-001
 2.0701453e-001
 2.2348583e-001
 2.4452604e-001
 2.7249387e-001
 3.0962071e-001
 3.5420147e-001
 4.0112230e-001
 4.4305834e-001
 4.7553143e-001
 4.9812388e-001
 5.1424307e-001
 5.2677208e-001
 5.3651905e-001
 5.4480803e-001
 5.5327630e-001
 5.6114292e-001
 5.6916094e-001
 5.5991596e-001
 5.6756079e-001
 5.7544804e-001
 5.8361262e-001
 5.9331268e-001
 6.0190684e-001
 6.0890639e-001
 6.1458653e-001
 6.1865866e-001
 6.2274343e-001
 6.2514043e-001
 6.2505955e-001
 6.2376833e-001
 6.2182814e-001
 6.1955118e-001
 6.1723137e-001
 6.1417073e-001
 6.1122394e-001
 6.0826457e-001
 6.0670453e-001
 6.0450095e-001
 6.0069007e-001
 6.0147208e-001
 6.0252106e-001
 6.0066694e-001
 6.0357219e-001
 6.0318106e-001
 6.0474908e-001
 6.0763890e-001
 6.0824221e-001
 6.0571730e-001
 6.0189831e-001
 6.1213660e-001
 6.1842871e-001
 6.2318403e-001
 6.2873942e-001
 6.3467181e-001
 6.3872361e-001
 6.4454520e-001
 6.4847124e-001
 6.5379930e-001
 6.5860659e-001
 6.6335654e-001
 6.6768724e-001
 6.7309296e-001
 6.7763954e-001
 6.8143159e-001
 6.8551773e-001
 6.8843424e-001
 6.8984365e-001
 6.8337405e-001
 6.7457837e-001
 6.7646599e-001
 6.8389761e-001
 6.8986619e-001
 6.9364303e-001
 6.9343531e-001
 6.9752657e-001
 7.0009053e-001
 7.0176297e-001
 7.0293248e-001
 7.0453244e-001
 7.0486909e-001
 7.0455313e-001
 7.0437032e-001
 7.0489192e-001
 7.0357984e-001
 6.9981050e-001
 6.9535947e-001
 6.9306022e-001
 6.8580508e-001
 6.7750347e-001
 6.6592044e-001
 6.5405172e-001
 6.4300209e-001
 6.3088351e-001
 6.1036295e-001
 5.7174993e-001
 4.9938622e-001
 3.7048870e-001
 3.6276415e-001
 3.9832664e-001
 4.2159057e-001
 4.4037768e-001
 4.5175940e-001
 4.5531207e-001
 4.6814090e-001
 4.8883909e-001
 5.0665504e-001
 5.2179092e-001
 5.3513920e-001
 5.4692709e-001
 5.5616301e-001
 5.6481844e-001
 5.7174516e-001
 5.8044648e-001
 5.8470666e-001
 5.8951873e-001
 5.9442532e-001
 5.9905070e-001
 6.0260415e-001
 6.0528857e-001
 6.0931551e-001
 6.1192918e-001
 6.1532605e-001
 6.1740345e-001
 6.1713445e-001
 6.1659116e-001
 6.1576504e-001
 6.1498940e-001
 6.1102009e-001
 6.0467392e-001
 5.9823382e-001
 5.9173191e-001
 5.8541930e-001
 5.7975084e-001
 5.7256746e-001
 5.6770623e-001
 5.6604803e-001
 5.6159449e-001
 5.5894381e-001
 5.5687505e-001
 5.5468041e-001
 5.4714018e-001
 5.3277516e-001
 5.0846791e-001
 4.6363601e-001
 3.9031112e-001
 4.1697451e-001
 3.2305127e-001
 2.2725572e-001
 1.8231109e-001
 1.8858820e-001
 2.0882429e-001
 2.2624843e-001
 2.3893575e-001
 2.5041491e-001
 2.6220906e-001
 2.7540067e-001
 2.9193503e-001
 3.1086564e-001
 3.3094487e-001
 3.5026601e-001
 3.6609873e-001
 3.7984478e-001
 3.9051807e-001
 4.0207824e-001
 4.1186973e-001
 4.1725865e-001
 4.2512113e-001
 4.2979541e-001
 4.3220657e-001
 4.3573382e-001
 4.4202238e-001
 4.4537964e-001
 4.4626355e-001
 4.4612947e-001
 4.4579133e-001
 4.4238040e-001
 4.3825468e-001
 4.3475744e-001
 4.3366069e-001
 4.3139160e-001
 4.2964590e-001
 4.2498058e-001
 4.1224754e-001
 3.9929938e-001
 3.9906678e-001
 3.9657626e-001
 3.8538268e-001
 3.6510658e-001
 3.3318919e-001
 2.9734623e-001
 2.6967579e-001
 2.5374898e-001
 2.5270644e-001
 2.6788288e-001
 2.8255981e-001
 2.8448883e-001
 2.7763119e-001
 2.6147899e-001
 2.4438345e-001
 2.3166516e-001
 2.2529212e-001
 2.2231787e-001
 2.1885647e-001
 2.1460669e-001
 2.0922470e-001
 2.0366681e-001
 1.9808255e-001
 1.9254333e-001
 1.8716809e-001
