s07_AV97 Record=4211: Teepleite+Trona NMNH102798    BECKa AREF
 3.1114948e-001
 3.3722171e-001
 3.6095271e-001
 3.8027850e-001
 3.9849478e-001
 4.1743967e-001
 4.3768987e-001
 4.5808446e-001
 4.7770110e-001
 4.9735093e-001
 5.1509517e-001
 5.3267574e-001
 5.4971111e-001
 5.6650561e-001
 5.8266693e-001
 5.9733915e-001
 6.1186469e-001
 6.2569839e-001
 6.3704932e-001
 6.4712161e-001
 6.5445489e-001
 6.6621590e-001
 6.7617929e-001
 6.8248570e-001
 6.8835127e-001
 6.9414455e-001
 7.0138460e-001
 7.0872146e-001
 7.1540195e-001
 7.2076672e-001
 7.2747773e-001
 7.3212153e-001
 7.2644842e-001
 7.3137689e-001
 7.3542398e-001
 7.4044454e-001
 7.4875784e-001
 7.5275815e-001
 7.5578386e-001
 7.5811076e-001
 7.6042867e-001
 7.6144236e-001
 7.5987649e-001
 7.6062691e-001
 7.6444024e-001
 7.6747108e-001
 7.6742995e-001
 7.6756215e-001
 7.6861012e-001
 7.6933324e-001
 7.7206612e-001
 7.7415901e-001
 7.7555865e-001
 7.7549124e-001
 7.7567929e-001
 7.7645922e-001
 7.7470350e-001
 7.7815902e-001
 7.7946913e-001
 7.7705753e-001
 7.8122401e-001
 7.7982664e-001
 7.7583951e-001
 7.7511477e-001
 7.6533991e-001
 7.4417114e-001
 7.3668933e-001
 7.2596765e-001
 7.6421988e-001
 7.6845044e-001
 7.7501863e-001
 7.7730244e-001
 7.7972949e-001
 7.8006536e-001
 7.8018552e-001
 7.7816635e-001
 7.7648437e-001
 7.7788866e-001
 7.7898645e-001
 7.7828956e-001
 7.7885866e-001
 7.7539802e-001
 7.7077693e-001
 7.6211530e-001
 7.4983746e-001
 7.3991108e-001
 7.3706388e-001
 7.3171306e-001
 7.2499150e-001
 7.1914846e-001
 7.1005785e-001
 6.9588649e-001
 6.8040144e-001
 6.8019086e-001
 7.0902342e-001
 7.1470094e-001
 6.9442135e-001
 7.1337658e-001
 7.1320081e-001
 7.1261376e-001
 7.1665066e-001
 7.1387464e-001
 6.9994414e-001
 6.9096041e-001
 6.8079430e-001
 6.7409682e-001
 6.6719753e-001
 6.5994006e-001
 6.5203881e-001
 6.3881993e-001
 6.1496615e-001
 5.1320547e-001
 4.3224901e-001
 4.6233135e-001
 4.6744883e-001
 4.4012311e-001
 3.6042491e-001
 4.2770338e-001
 4.3448055e-001
 4.2557684e-001
 4.2010260e-001
 4.2002261e-001
 4.1885865e-001
 4.1725829e-001
 4.1673937e-001
 4.2283446e-001
 4.3058455e-001
 4.3854424e-001
 4.4168970e-001
 4.4307569e-001
 4.4178224e-001
 4.3657583e-001
 4.3075889e-001
 4.2281500e-001
 4.1622940e-001
 4.0596399e-001
 3.9728868e-001
 3.8626370e-001
 3.7298661e-001
 3.6247870e-001
 3.5095799e-001
 3.4329090e-001
 3.3799323e-001
 3.3321226e-001
 3.3228263e-001
 3.2937303e-001
 3.2667023e-001
 3.2329920e-001
 3.1866276e-001
 3.1560516e-001
 3.1249270e-001
 3.0947885e-001
 3.1182137e-001
 3.1073597e-001
 3.1100717e-001
 3.0750641e-001
 3.0137932e-001
 2.9344526e-001
 2.8378665e-001
 2.6938218e-001
 2.7475527e-001
 2.5637355e-001
 2.3319279e-001
 2.0732231e-001
 1.8517309e-001
 1.6758950e-001
 1.5822507e-001
 1.5806775e-001
 1.6425599e-001
 1.7272177e-001
 1.7656985e-001
 1.7730808e-001
 1.7617321e-001
 1.7153738e-001
 1.6734356e-001
 1.6429451e-001
 1.6103561e-001
 1.5616873e-001
 1.4882788e-001
 1.4331429e-001
 1.4145386e-001
 1.4057101e-001
 1.4205962e-001
 1.4493163e-001
 1.5288953e-001
 1.6343531e-001
 1.6851822e-001
 1.7009859e-001
 1.7094672e-001
 1.7433468e-001
 1.7617133e-001
 1.7505062e-001
 1.7421308e-001
 1.7335868e-001
 1.7070171e-001
 1.6893291e-001
 1.6804907e-001
 1.6293031e-001
 1.5179083e-001
 1.4471491e-001
 1.4676979e-001
 1.6213629e-001
 1.7574792e-001
 1.7165802e-001
 1.7270108e-001
 1.6943529e-001
 1.6538459e-001
 1.6079202e-001
 1.5955329e-001
 1.5294072e-001
 1.4788432e-001
 1.4446232e-001
 1.4050539e-001
 1.3582319e-001
 1.3119337e-001
 1.2719092e-001
 1.2220117e-001
 1.1453366e-001
 1.0730027e-001
 1.0294805e-001
 1.0478471e-001
 1.0899287e-001
 1.1051013e-001
 1.0617445e-001
