s07_AV97 Record=877: Clinochlore NMNH83369         BECKb AREF
 2.9223055e-001
 2.9187253e-001
 2.9258057e-001
 2.8673747e-001
 2.8110191e-001
 2.7989835e-001
 2.8638706e-001
 3.1194410e-001
 3.4691334e-001
 3.7506336e-001
 3.9778513e-001
 4.1663903e-001
 4.2961371e-001
 4.3469238e-001
 4.4232324e-001
 4.4571161e-001
 4.4578025e-001
 4.4550645e-001
 4.4520855e-001
 4.4380671e-001
 4.4126794e-001
 4.3907705e-001
 4.3566182e-001
 4.3013841e-001
 4.2416707e-001
 4.1802558e-001
 4.1277385e-001
 4.0760744e-001
 4.0262756e-001
 3.9803654e-001
 3.9365450e-001
 3.8970140e-001
 3.9435378e-001
 3.9031363e-001
 3.8744366e-001
 3.8552302e-001
 3.8476866e-001
 3.8425547e-001
 3.8508862e-001
 3.8691941e-001
 3.9041835e-001
 3.9429900e-001
 3.9885056e-001
 4.0466627e-001
 4.0878862e-001
 4.1189417e-001
 4.1413960e-001
 4.1475472e-001
 4.1281670e-001
 4.1026771e-001
 4.0482572e-001
 4.0443194e-001
 4.0313494e-001
 4.0045485e-001
 4.0162605e-001
 3.9881572e-001
 3.9925602e-001
 4.0144756e-001
 4.0164033e-001
 4.0248117e-001
 4.0659437e-001
 4.0946066e-001
 4.1015798e-001
 4.1748208e-001
 4.1854650e-001
 4.2132521e-001
 4.2304441e-001
 4.2402038e-001
 4.2540306e-001
 4.2481691e-001
 4.2629164e-001
 4.2658940e-001
 4.2556378e-001
 4.2621133e-001
 4.2623353e-001
 4.2676386e-001
 4.2796671e-001
 4.2887935e-001
 4.2996800e-001
 4.3180177e-001
 4.3419588e-001
 4.3717358e-001
 4.3935931e-001
 4.4301468e-001
 4.4585901e-001
 4.5022160e-001
 4.5404708e-001
 4.6046224e-001
 4.6252671e-001
 4.6819386e-001
 4.7436693e-001
 4.7857791e-001
 4.8323181e-001
 4.8845744e-001
 4.9213985e-001
 4.9571764e-001
 4.8981935e-001
 4.9442378e-001
 4.9787477e-001
 5.0206912e-001
 5.0673288e-001
 5.1101029e-001
 5.1594257e-001
 5.2046305e-001
 5.2606899e-001
 5.3099245e-001
 5.3283346e-001
 5.3567994e-001
 5.3223079e-001
 4.8463669e-001
 4.4744053e-001
 4.9967897e-001
 5.0664955e-001
 5.0550199e-001
 5.0607902e-001
 5.1444197e-001
 5.2640325e-001
 5.3767353e-001
 5.4591501e-001
 5.5021566e-001
 5.5254656e-001
 5.5365294e-001
 5.5769056e-001
 5.6204230e-001
 5.6399566e-001
 5.6874263e-001
 5.7372963e-001
 5.7949895e-001
 5.8417046e-001
 5.9038615e-001
 5.9451979e-001
 5.9890163e-001
 6.0447609e-001
 6.0841382e-001
 6.1177766e-001
 6.1627114e-001
 6.1854458e-001
 6.2108922e-001
 6.2256801e-001
 6.2513053e-001
 6.3201070e-001
 6.2973285e-001
 6.3296747e-001
 6.3066554e-001
 6.3301533e-001
 6.3678205e-001
 6.3789296e-001
 6.3802761e-001
 6.3551199e-001
 6.3676488e-001
 6.3574547e-001
 6.3307333e-001
 6.3017309e-001
 6.2767911e-001
 6.2175816e-001
 6.1724561e-001
 6.0922557e-001
 6.0071504e-001
 5.9484178e-001
 5.9160197e-001
 5.9230012e-001
 5.9098554e-001
 5.9108388e-001
 5.8969605e-001
 5.8218837e-001
 5.7522732e-001
 5.6954628e-001
 5.6024241e-001
 5.5326134e-001
 5.4469067e-001
 5.3967321e-001
 5.3699893e-001
 5.4083765e-001
 5.4494292e-001
 5.5138689e-001
 5.6778699e-001
 5.8031332e-001
 5.9176409e-001
 5.9932262e-001
 6.0556728e-001
 6.0916394e-001
 6.0584760e-001
 5.9938639e-001
 5.9500533e-001
 5.9557337e-001
 5.9477633e-001
 5.9609717e-001
 5.9394050e-001
 5.9121138e-001
 5.8551264e-001
 5.7761174e-001
 5.6485534e-001
 5.4908842e-001
 5.3160238e-001
 5.0700134e-001
 4.6690705e-001
 4.2137408e-001
 4.0196702e-001
 4.0440059e-001
 4.0901065e-001
 4.0188828e-001
 3.7146175e-001
 3.4528747e-001
 3.2775706e-001
 3.0370289e-001
 3.0154034e-001
 3.1506348e-001
 3.3385551e-001
 3.5201028e-001
 3.6949235e-001
 3.7794581e-001
 3.7626851e-001
 3.8116986e-001
 3.8890713e-001
 3.9260373e-001
 3.8745278e-001
 3.7678823e-001
 3.6579534e-001
 3.5764772e-001
 3.5152039e-001
 3.4890932e-001
 3.4840268e-001
 3.4821451e-001
 3.4708223e-001
