s07_AV97 Record=2389: Oligoclase HS110.3B           BECKc AREF
 7.6474082e-001
 7.7474934e-001
 7.8909129e-001
 8.0012351e-001
 8.0884796e-001
 8.1384927e-001
 8.1935221e-001
 8.2421130e-001
 8.3124834e-001
 8.3833218e-001
 8.4370214e-001
 8.4816670e-001
 8.5286629e-001
 8.5530311e-001
 8.5496163e-001
 8.5774422e-001
 8.5743529e-001
 8.6197639e-001
 8.6361748e-001
 8.6602783e-001
 8.6728257e-001
 8.7211460e-001
 8.7405807e-001
 8.7920570e-001
 8.8184464e-001
 8.8506293e-001
 8.8593954e-001
 8.8860685e-001
 8.8997096e-001
 8.9265811e-001
 8.9460939e-001
 8.9771783e-001
 8.9390928e-001
 8.9763618e-001
 8.9760464e-001
 8.9776385e-001
 8.9978296e-001
 9.0161198e-001
 9.0144765e-001
 9.0575093e-001
 9.0635180e-001
 9.0837193e-001
 9.0857935e-001
 9.1091377e-001
 9.1153210e-001
 9.1379583e-001
 9.1175681e-001
 9.1330779e-001
 9.1258919e-001
 9.1226131e-001
 9.1141760e-001
 9.1161835e-001
 9.1358972e-001
 9.1056502e-001
 9.0566629e-001
 9.0582031e-001
 9.0630245e-001
 9.0186787e-001
 9.0449518e-001
 9.0298086e-001
 8.9905995e-001
 8.9571607e-001
 8.9234847e-001
 8.9164102e-001
 8.8722450e-001
 8.9108199e-001
 8.8462234e-001
 8.8148856e-001
 8.7957150e-001
 8.7421101e-001
 8.7476188e-001
 8.7389541e-001
 8.7153101e-001
 8.7015200e-001
 8.6436665e-001
 8.6375737e-001
 8.5906899e-001
 8.5820603e-001
 8.5614395e-001
 8.5653102e-001
 8.5332668e-001
 8.5001421e-001
 8.5087979e-001
 8.4952527e-001
 8.4755898e-001
 8.4581250e-001
 8.4447962e-001
 8.4501851e-001
 8.4289265e-001
 8.4281600e-001
 8.4132898e-001
 8.4223253e-001
 8.4560186e-001
 8.4266716e-001
 8.4367216e-001
 8.4355927e-001
 8.4229743e-001
 8.4394002e-001
 8.4361923e-001
 8.4302670e-001
 8.4358251e-001
 8.4446913e-001
 8.4401381e-001
 8.4500557e-001
 8.4627897e-001
 8.4831464e-001
 8.4955841e-001
 8.4535593e-001
 8.4848148e-001
 8.4648174e-001
 8.4088415e-001
 8.2212490e-001
 8.1957310e-001
 8.2875443e-001
 8.3372086e-001
 8.3401453e-001
 8.3583224e-001
 8.3578151e-001
 8.3723330e-001
 8.4030032e-001
 8.4731066e-001
 8.4889746e-001
 8.5000587e-001
 8.5757262e-001
 8.6030328e-001
 8.6392540e-001
 8.6582983e-001
 8.6710143e-001
 8.6957490e-001
 8.6870295e-001
 8.6997169e-001
 8.7179863e-001
 8.7346357e-001
 8.7356311e-001
 8.7306923e-001
 8.7171060e-001
 8.7285036e-001
 8.7558663e-001
 8.7784672e-001
 8.7172204e-001
 8.7401384e-001
 8.7455982e-001
 8.7456942e-001
 8.7434250e-001
 8.6974424e-001
 8.7380546e-001
 8.7319762e-001
 8.7720042e-001
 8.7422717e-001
 8.7206906e-001
 8.7247312e-001
 8.7227303e-001
 8.7372953e-001
 8.7141770e-001
 8.7053317e-001
 8.6986703e-001
 8.7184596e-001
 8.7044168e-001
 8.6814082e-001
 8.5074341e-001
 8.5794151e-001
 8.4472227e-001
 8.2603914e-001
 7.8612375e-001
 7.7531463e-001
 7.6870072e-001
 7.7000737e-001
 7.6935035e-001
 7.7046806e-001
 7.8544283e-001
 7.9271036e-001
 8.0008894e-001
 8.0934983e-001
 8.1659502e-001
 8.2167304e-001
 8.2594138e-001
 8.3831990e-001
 8.4216303e-001
 8.4666491e-001
 8.5175329e-001
 8.4993941e-001
 8.5264271e-001
 8.6122525e-001
 8.5958064e-001
 8.5748476e-001
 8.6053437e-001
 8.6383086e-001
 8.6168224e-001
 8.5837823e-001
 8.5083300e-001
 8.3939540e-001
 8.1490421e-001
 8.1361228e-001
 8.1723762e-001
 8.2352138e-001
 8.2944435e-001
 8.3038402e-001
 8.3634621e-001
 8.3600920e-001
 8.3606470e-001
 8.3532614e-001
 8.2869291e-001
 8.3255851e-001
 8.2386875e-001
 8.1747001e-001
 8.0536455e-001
 7.9518646e-001
 7.8946644e-001
 7.7896696e-001
 7.8572822e-001
 7.9096729e-001
 7.9229283e-001
 7.8674513e-001
 7.8224009e-001
 7.7956492e-001
 7.7584827e-001
 7.7119362e-001
 7.6649445e-001
 7.6282644e-001
 7.5996298e-001
 7.5863630e-001
 7.5799012e-001
 7.5694191e-001
 7.5478178e-001
