s07_AV97 Record=1035: Dickite NMNH106242            NIC4b RREF
-1.2300000e+034
-1.2300000e+034
-1.2300000e+034
-1.2300000e+034
-1.2300000e+034
-1.2300000e+034
-1.2300000e+034
-1.2300000e+034
-1.2300000e+034
-1.2300000e+034
-1.2300000e+034
-1.2300000e+034
-1.2300000e+034
-1.2300000e+034
-1.2300000e+034
-1.2300000e+034
-1.2300000e+034
-1.2300000e+034
-1.2300000e+034
-1.2300000e+034
-1.2300000e+034
-1.2300000e+034
-1.2300000e+034
-1.2300000e+034
-1.2300000e+034
-1.2300000e+034
-1.2300000e+034
-1.2300000e+034
-1.2300000e+034
-1.2300000e+034
-1.2300000e+034
-1.2300000e+034
-1.2300000e+034
-1.2300000e+034
-1.2300000e+034
-1.2300000e+034
-1.2300000e+034
-1.2300000e+034
-1.2300000e+034
-1.2300000e+034
-1.2300000e+034
-1.2300000e+034
-1.2300000e+034
-1.2300000e+034
-1.2300000e+034
-1.2300000e+034
-1.2300000e+034
-1.2300000e+034
-1.2300000e+034
-1.2300000e+034
-1.2300000e+034
-1.2300000e+034
-1.2300000e+034
-1.2300000e+034
-1.2300000e+034
-1.2300000e+034
-1.2300000e+034
-1.2300000e+034
-1.2300000e+034
-1.2300000e+034
-1.2300000e+034
-1.2300000e+034
-1.2300000e+034
-1.2300000e+034
-1.2300000e+034
-1.2300000e+034
-1.2300000e+034
-1.2300000e+034
-1.2300000e+034
-1.2300000e+034
-1.2300000e+034
-1.2300000e+034
-1.2300000e+034
-1.2300000e+034
-1.2300000e+034
-1.2300000e+034
-1.2300000e+034
-1.2300000e+034
-1.2300000e+034
-1.2300000e+034
-1.2300000e+034
-1.2300000e+034
-1.2300000e+034
-1.2300000e+034
-1.2300000e+034
-1.2300000e+034
-1.2300000e+034
-1.2300000e+034
-1.2300000e+034
-1.2300000e+034
-1.2300000e+034
-1.2300000e+034
-1.2300000e+034
-1.2300000e+034
-1.2300000e+034
-1.2300000e+034
-1.2300000e+034
-1.2300000e+034
-1.2300000e+034
-1.2300000e+034
-1.2300000e+034
-1.2300000e+034
-1.2300000e+034
-1.2300000e+034
-1.2300000e+034
-1.2300000e+034
-1.2300000e+034
-1.2300000e+034
-1.2300000e+034
-1.2300000e+034
-1.2300000e+034
-1.2300000e+034
-1.2300000e+034
-1.2300000e+034
-1.2300000e+034
-1.2300000e+034
-1.2300000e+034
-1.2300000e+034
-1.2300000e+034
-1.2300000e+034
-1.2300000e+034
-1.2300000e+034
-1.2300000e+034
-1.2300000e+034
-1.2300000e+034
-1.2300000e+034
-1.2300000e+034
-1.2300000e+034
-1.2300000e+034
 5.7427448e-001
 5.7843244e-001
 5.8196241e-001
 5.8472282e-001
 5.8704221e-001
 5.8976281e-001
 5.9309512e-001
 5.9692293e-001
 6.0046703e-001
 6.0340643e-001
 6.0530293e-001
 6.0664868e-001
 6.0793531e-001
 6.0980219e-001
 6.1206335e-001
 6.1377245e-001
 6.1491221e-001
 6.1579984e-001
 6.1548144e-001
 6.1274731e-001
 6.0817087e-001
 6.0171145e-001
 5.9882981e-001
 6.0289305e-001
 6.0394406e-001
 6.0648119e-001
 6.1089611e-001
 6.2092978e-001
 6.2509513e-001
 6.2576771e-001
 6.2551773e-001
 6.2561899e-001
 6.2503737e-001
 6.2342417e-001
 6.2112796e-001
 6.1885285e-001
 6.1643863e-001
 6.1350757e-001
 6.1133236e-001
 6.1077940e-001
 6.1156839e-001
 6.1173826e-001
 6.1121106e-001
 6.1028218e-001
 6.0984743e-001
 6.0751235e-001
 6.0300767e-001
 5.9706229e-001
 5.8813268e-001
 5.7684612e-001
 5.7049692e-001
 5.5997699e-001
 5.5039424e-001
 5.4354221e-001
 5.2599239e-001
 5.2181721e-001
 5.1152778e-001
 4.7505286e-001
 4.4128007e-001
 3.9579964e-001
 3.2755718e-001
 2.9921469e-001
 3.3804476e-001
 3.4489471e-001
 2.7941373e-001
 3.8146451e-001
 4.5876819e-001
 4.8087925e-001
 4.6676987e-001
 4.5034602e-001
 4.5122525e-001
 4.4090649e-001
 4.1355541e-001
 3.8560268e-001
 3.7816647e-001
 3.8368809e-001
 3.8416219e-001
 3.7851429e-001
 3.5534927e-001
 3.4715980e-001
 3.4450439e-001
 3.1965959e-001
 3.1665853e-001
 3.3638144e-001
 3.4973264e-001
 3.4999406e-001
 3.4194049e-001
 3.2301077e-001
 3.1683251e-001
 3.1636962e-001
 3.1091812e-001
 2.9769218e-001
 2.8177395e-001
 2.8301984e-001
 2.7527186e-001
