s07_AV97 Record=969: Corundum HS283.3B             BECKc AREF
 4.7859710e-001
 4.4956839e-001
 4.6455055e-001
 5.3547555e-001
 5.7513618e-001
 5.9122616e-001
 5.9675080e-001
 5.8140016e-001
 5.5149156e-001
 5.6560123e-001
 6.0556215e-001
 6.3684052e-001
 6.4852065e-001
 6.4429569e-001
 6.3297534e-001
 6.1952484e-001
 6.0652465e-001
 5.9480864e-001
 5.8479053e-001
 5.7803708e-001
 5.7608402e-001
 5.7722688e-001
 5.8124232e-001
 5.8837897e-001
 5.9555972e-001
 6.0103995e-001
 6.0640794e-001
 6.1002600e-001
 6.1255890e-001
 6.1522073e-001
 6.1801124e-001
 6.1957616e-001
 6.1767614e-001
 6.1931098e-001
 6.2089556e-001
 6.2302315e-001
 6.2733495e-001
 6.3179618e-001
 6.3709414e-001
 6.4252281e-001
 6.4806360e-001
 6.5502173e-001
 6.6217822e-001
 6.6969651e-001
 6.7738754e-001
 6.8450379e-001
 6.9159752e-001
 6.9903743e-001
 7.0585352e-001
 7.1046859e-001
 7.1602267e-001
 7.2799915e-001
 7.3792154e-001
 7.3725593e-001
 7.4323958e-001
 7.5044072e-001
 7.5495183e-001
 7.5728667e-001
 7.5690144e-001
 7.6154327e-001
 7.6621681e-001
 7.6468807e-001
 7.6696515e-001
 7.6882666e-001
 7.7063042e-001
 7.7156329e-001
 7.6936370e-001
 7.7239460e-001
 7.7130771e-001
 7.7236885e-001
 7.7441514e-001
 7.7299172e-001
 7.7282822e-001
 7.7493411e-001
 7.7421927e-001
 7.7496088e-001
 7.7682465e-001
 7.7898401e-001
 7.8076041e-001
 7.8231138e-001
 7.8568506e-001
 7.8938138e-001
 7.9359251e-001
 7.9616290e-001
 7.9989225e-001
 8.0428338e-001
 8.0658531e-001
 8.1469262e-001
 8.1764787e-001
 8.2135409e-001
 8.2688183e-001
 8.3080733e-001
 8.3460879e-001
 8.4023279e-001
 8.4292060e-001
 8.4759742e-001
 8.4166998e-001
 8.4555238e-001
 8.4971613e-001
 8.5259986e-001
 8.5667723e-001
 8.5958052e-001
 8.6195284e-001
 8.6385071e-001
 8.6540991e-001
 8.6729985e-001
 8.6775750e-001
 8.6689621e-001
 8.6761624e-001
 8.6605209e-001
 8.6153144e-001
 8.5573369e-001
 8.5498524e-001
 8.5913354e-001
 8.5992301e-001
 8.6028230e-001
 8.5863602e-001
 8.5591686e-001
 8.5379118e-001
 8.4980929e-001
 8.4681743e-001
 8.4316188e-001
 8.3652550e-001
 8.2769191e-001
 8.2015711e-001
 8.1223863e-001
 7.9974133e-001
 7.8800553e-001
 7.7449554e-001
 7.5960201e-001
 7.4642742e-001
 7.3278683e-001
 7.1830994e-001
 7.0529228e-001
 6.9414121e-001
 6.7936981e-001
 6.6735613e-001
 6.5414351e-001
 6.4195824e-001
 6.3224304e-001
 6.2040752e-001
 6.0903525e-001
 5.9842908e-001
 5.8317566e-001
 5.7176816e-001
 5.6137645e-001
 5.4970467e-001
 5.3926599e-001
 5.2904570e-001
 5.2424896e-001
 5.1934671e-001
 5.1490408e-001
 5.1323390e-001
 5.1212716e-001
 5.1344407e-001
 5.1529795e-001
 5.1884967e-001
 5.2389205e-001
 5.2749598e-001
 5.3016335e-001
 5.2928919e-001
 5.3247845e-001
 5.3343898e-001
 5.3352934e-001
 5.3631347e-001
 5.3653520e-001
 5.3674316e-001
 5.3319514e-001
 5.2917856e-001
 5.2436411e-001
 5.1404178e-001
 5.0813758e-001
 5.0440592e-001
 4.9507603e-001
 4.9360165e-001
 4.9208936e-001
 4.8916700e-001
 4.8669580e-001
 4.8758024e-001
 4.8931551e-001
 4.9055928e-001
 4.9022260e-001
 4.9041021e-001
 4.8963156e-001
 4.9021372e-001
 4.9318346e-001
 4.9352425e-001
 4.9157783e-001
 4.9018389e-001
 4.8732957e-001
 4.8836938e-001
 4.8816806e-001
 4.8591578e-001
 4.8520499e-001
 4.8677629e-001
 4.9093136e-001
 4.8587483e-001
 4.8443049e-001
 4.8521563e-001
 4.8557010e-001
 4.8473901e-001
 4.8207089e-001
 4.7900638e-001
 4.7581333e-001
 4.7866383e-001
 4.7441724e-001
 4.7140718e-001
 4.6762136e-001
 4.6214274e-001
 4.6209258e-001
 4.5770726e-001
 4.5230702e-001
 4.4838661e-001
 4.4317633e-001
 4.3702754e-001
 4.3180025e-001
 4.2764914e-001
 4.2427528e-001
 4.2171776e-001
 4.1923666e-001
 4.1701227e-001
 4.1509828e-001
 4.1358417e-001
 4.1243502e-001
