s07_AV97 Record=1967: Magnetite HS195.4B           ASDFRb AREF
 9.2623636e-002
 9.2773959e-002
 9.3148254e-002
 9.3363807e-002
 9.3290836e-002
 9.3001083e-002
 9.2678279e-002
 9.2049055e-002
 9.1554493e-002
 9.1175288e-002
 9.1123000e-002
 9.1235235e-002
 9.1252446e-002
 9.1167219e-002
 9.1084711e-002
 9.0993598e-002
 9.1051519e-002
 9.1136180e-002
 9.1307268e-002
 9.1534145e-002
 9.1734931e-002
 9.1889232e-002
 9.1893047e-002
 9.1891035e-002
-1.2300000e+034
 9.2299230e-002
 9.2289761e-002
 9.2044353e-002
 9.1677718e-002
 9.1540158e-002
 9.1204971e-002
 9.0762921e-002
 9.1273516e-002
 9.0850547e-002
 9.0372398e-002
 8.9822665e-002
 8.9227229e-002
 8.8578999e-002
 8.7913863e-002
 8.7216526e-002
 8.6478882e-002
 8.5725524e-002
 8.4941775e-002
 8.4134944e-002
 8.3308101e-002
 8.2490481e-002
 8.1647143e-002
 8.0832236e-002
 8.0019444e-002
 7.9205342e-002
 7.8424618e-002
 7.7665649e-002
 7.6942749e-002
 7.6253332e-002
 7.5602323e-002
 7.4979663e-002
 7.4428856e-002
 7.3897265e-002
 7.3417664e-002
 7.2977349e-002
 7.2549820e-002
 7.2165824e-002
 7.1844861e-002
 7.1582675e-002
 7.1332246e-002
 7.1175337e-002
 7.0974812e-002
 7.1311548e-002
 7.1018107e-002
 7.1431637e-002
 7.1300745e-002
 7.1430042e-002
 7.1486399e-002
 7.1418390e-002
 7.1714573e-002
 7.1866982e-002
 7.2109096e-002
 7.2347879e-002
 7.2525576e-002
 7.2975323e-002
 7.3476575e-002
 7.3924534e-002
 7.4408010e-002
 7.4897461e-002
 7.5359434e-002
 7.5866282e-002
 7.6353945e-002
 7.7031642e-002
 7.7696227e-002
 7.8356922e-002
 7.9157464e-002
 7.9870708e-002
 8.0584057e-002
 8.1435978e-002
 8.2206301e-002
 8.3071895e-002
 8.1774570e-002
 8.2613245e-002
 8.3403513e-002
 8.4160924e-002
 8.4958971e-002
 8.5738033e-002
 8.6537905e-002
 8.7280110e-002
 8.8054366e-002
 8.8801973e-002
 8.9529961e-002
 9.0404302e-002
 9.1072127e-002
 9.1923483e-002
 9.2546627e-002
 9.3231380e-002
 9.3921982e-002
 9.4648488e-002
 9.5455199e-002
 9.6165881e-002
 9.6838027e-002
 9.7605489e-002
 9.8372780e-002
 9.9158213e-002
 9.9909306e-002
 1.0065690e-001
 1.0135101e-001
 1.0203809e-001
 1.0268184e-001
 1.0321144e-001
 1.0376582e-001
 1.0429932e-001
 1.0475238e-001
 1.0527142e-001
 1.0586149e-001
 1.0640329e-001
 1.0698317e-001
 1.0757153e-001
 1.0816657e-001
 1.0880728e-001
 1.0937820e-001
 1.0999651e-001
 1.1051337e-001
 1.1095373e-001
 1.1131198e-001
 1.1166852e-001
 1.1194810e-001
 1.1216184e-001
 1.1230286e-001
 1.1247677e-001
 1.1264748e-001
 1.1282770e-001
 1.1308421e-001
 1.1333526e-001
 1.1368350e-001
 1.1393458e-001
 1.1441330e-001
 1.1486996e-001
 1.1534093e-001
 1.1592248e-001
 1.1644309e-001
 1.1690493e-001
 1.1739434e-001
 1.1791830e-001
 1.1776868e-001
 1.1821231e-001
 1.1859244e-001
 1.1908054e-001
 1.1942171e-001
 1.1984777e-001
 1.2039880e-001
 1.2071728e-001
 1.2110119e-001
 1.2146723e-001
 1.2183537e-001
 1.2214089e-001
 1.2262902e-001
 1.2305596e-001
 1.2350462e-001
 1.2411039e-001
 1.2460360e-001
 1.2521000e-001
 1.2569228e-001
 1.2622465e-001
 1.2670708e-001
 1.2716541e-001
 1.2755831e-001
 1.2796038e-001
 1.2831968e-001
 1.2865366e-001
 1.2892273e-001
 1.2912279e-001
 1.2949532e-001
 1.2978731e-001
 1.2996663e-001
 1.3030124e-001
 1.3055907e-001
 1.3088575e-001
 1.3105303e-001
 1.3133726e-001
 1.3170755e-001
 1.3196117e-001
 1.3224679e-001
 1.3261855e-001
 1.3305528e-001
 1.3337690e-001
 1.3367569e-001
 1.3400991e-001
 1.3434385e-001
 1.3475055e-001
 1.3511834e-001
 1.3538699e-001
 1.3565426e-001
 1.3593754e-001
 1.3634500e-001
 1.3660498e-001
 1.3672468e-001
 1.3675399e-001
 1.3682258e-001
 1.3632260e-001
 1.3636900e-001
 1.3671875e-001
 1.3658200e-001
 1.3629384e-001
 1.3598776e-001
 1.3641979e-001
 1.3665165e-001
-1.2300000e+034
