s07_AV97 Record=1678: Jadeite HS343.3B            NIC4cbu RREF
-1.2300000e+034
-1.2300000e+034
-1.2300000e+034
-1.2300000e+034
-1.2300000e+034
-1.2300000e+034
-1.2300000e+034
-1.2300000e+034
-1.2300000e+034
-1.2300000e+034
-1.2300000e+034
-1.2300000e+034
-1.2300000e+034
-1.2300000e+034
-1.2300000e+034
-1.2300000e+034
-1.2300000e+034
-1.2300000e+034
-1.2300000e+034
-1.2300000e+034
-1.2300000e+034
-1.2300000e+034
-1.2300000e+034
-1.2300000e+034
-1.2300000e+034
-1.2300000e+034
-1.2300000e+034
-1.2300000e+034
-1.2300000e+034
-1.2300000e+034
-1.2300000e+034
-1.2300000e+034
-1.2300000e+034
-1.2300000e+034
-1.2300000e+034
-1.2300000e+034
-1.2300000e+034
-1.2300000e+034
-1.2300000e+034
-1.2300000e+034
-1.2300000e+034
-1.2300000e+034
-1.2300000e+034
-1.2300000e+034
-1.2300000e+034
-1.2300000e+034
-1.2300000e+034
-1.2300000e+034
-1.2300000e+034
-1.2300000e+034
-1.2300000e+034
-1.2300000e+034
-1.2300000e+034
-1.2300000e+034
-1.2300000e+034
-1.2300000e+034
-1.2300000e+034
-1.2300000e+034
-1.2300000e+034
-1.2300000e+034
-1.2300000e+034
-1.2300000e+034
-1.2300000e+034
-1.2300000e+034
-1.2300000e+034
-1.2300000e+034
-1.2300000e+034
-1.2300000e+034
-1.2300000e+034
-1.2300000e+034
-1.2300000e+034
-1.2300000e+034
-1.2300000e+034
-1.2300000e+034
-1.2300000e+034
-1.2300000e+034
-1.2300000e+034
-1.2300000e+034
-1.2300000e+034
-1.2300000e+034
-1.2300000e+034
-1.2300000e+034
-1.2300000e+034
-1.2300000e+034
-1.2300000e+034
-1.2300000e+034
-1.2300000e+034
-1.2300000e+034
-1.2300000e+034
-1.2300000e+034
-1.2300000e+034
-1.2300000e+034
-1.2300000e+034
-1.2300000e+034
-1.2300000e+034
-1.2300000e+034
-1.2300000e+034
-1.2300000e+034
-1.2300000e+034
-1.2300000e+034
-1.2300000e+034
-1.2300000e+034
-1.2300000e+034
-1.2300000e+034
-1.2300000e+034
-1.2300000e+034
-1.2300000e+034
-1.2300000e+034
-1.2300000e+034
-1.2300000e+034
-1.2300000e+034
-1.2300000e+034
-1.2300000e+034
-1.2300000e+034
-1.2300000e+034
-1.2300000e+034
-1.2300000e+034
-1.2300000e+034
-1.2300000e+034
-1.2300000e+034
-1.2300000e+034
-1.2300000e+034
-1.2300000e+034
-1.2300000e+034
-1.2300000e+034
-1.2300000e+034
-1.2300000e+034
-1.2300000e+034
-1.2300000e+034
-1.2300000e+034
-1.2300000e+034
-1.2300000e+034
-1.2300000e+034
-1.2300000e+034
-1.2300000e+034
-1.2300000e+034
-1.2300000e+034
-1.2300000e+034
-1.2300000e+034
-1.2300000e+034
-1.2300000e+034
-1.2300000e+034
-1.2300000e+034
-1.2300000e+034
-1.2300000e+034
-1.2300000e+034
-1.2300000e+034
-1.2300000e+034
-1.2300000e+034
-1.2300000e+034
-1.2300000e+034
 3.3781046e-001
 3.3940089e-001
 3.4122756e-001
 3.4293476e-001
 3.4440714e-001
 3.4598732e-001
 3.4718066e-001
 3.4764275e-001
 3.4810585e-001
 3.4805876e-001
 3.4735689e-001
 3.4399989e-001
 3.3801433e-001
 3.4088480e-001
 3.4689593e-001
 3.5027528e-001
 3.5266447e-001
 3.5449210e-001
 3.5600984e-001
 3.5759121e-001
 3.5911039e-001
 3.6057022e-001
 3.6207247e-001
 3.6331478e-001
 3.6433256e-001
 3.6523587e-001
 3.6605418e-001
 3.6669549e-001
 3.6724141e-001
 3.6775315e-001
 3.6838809e-001
 3.6924937e-001
 3.7000647e-001
 3.7069669e-001
 3.7136596e-001
 3.7190622e-001
 3.7230030e-001
 3.7267217e-001
 3.7279436e-001
 3.7295637e-001
 3.7283161e-001
 3.7254757e-001
 3.7232459e-001
 3.7259391e-001
 3.7290683e-001
 3.7338853e-001
 3.7388381e-001
 3.7422726e-001
 3.7480465e-001
 3.7486055e-001
 3.7514120e-001
 3.7501067e-001
 3.7483954e-001
 3.7482658e-001
 3.7515000e-001
 3.7536082e-001
 3.7550890e-001
 3.7575531e-001
 3.7575269e-001
 3.7572014e-001
 3.7578252e-001
 3.7575421e-001
 3.7554201e-001
 3.7470537e-001
 3.7340346e-001
 3.7198785e-001
 3.7025565e-001
 3.6848751e-001
 3.6653388e-001
 3.6472893e-001
 3.6331707e-001
 3.6234388e-001
 3.6161655e-001
