s07_AV97 Record=678: Calcite HS48.3B               BECKa AREF
 6.9448972e-001
 7.2090572e-001
 7.4426210e-001
 7.6029915e-001
 7.7314234e-001
 7.8012651e-001
 7.8333372e-001
 7.8783387e-001
 7.9234928e-001
 7.9468298e-001
 7.9948539e-001
 8.0514866e-001
 8.1138861e-001
 8.1821746e-001
 8.2035589e-001
 8.2638431e-001
 8.3331788e-001
 8.3776569e-001
 8.4146369e-001
 8.4514630e-001
 8.4913355e-001
 8.5467160e-001
 8.5680342e-001
 8.5896337e-001
 8.6198950e-001
 8.6502188e-001
 8.6860025e-001
 8.7144762e-001
 8.7241757e-001
 8.7521690e-001
 8.7725168e-001
 8.7804973e-001
 8.7717980e-001
 8.7809557e-001
 8.7992877e-001
 8.8036370e-001
 8.8180625e-001
 8.8234347e-001
 8.8448846e-001
 8.8479608e-001
 8.8544893e-001
 8.8581002e-001
 8.8781798e-001
 8.8836622e-001
 8.9017099e-001
 8.8903052e-001
 8.9165837e-001
 8.9257133e-001
 8.9237553e-001
 8.9281273e-001
 8.8807184e-001
 8.8967049e-001
 8.9223176e-001
 8.8891923e-001
 8.8376832e-001
 8.8072842e-001
 8.8004708e-001
 8.7923425e-001
 8.7786639e-001
 8.7763822e-001
 8.7514311e-001
 8.7116104e-001
 8.6945516e-001
 8.6501449e-001
 8.6454743e-001
 8.6120701e-001
 8.6159861e-001
 8.5422933e-001
 8.5420382e-001
 8.5285938e-001
 8.4935009e-001
 8.4427965e-001
 8.4525716e-001
 8.4034270e-001
 8.4275460e-001
 8.3895409e-001
 8.3813715e-001
 8.3647031e-001
 8.3567595e-001
 8.3545589e-001
 8.3451134e-001
 8.3531994e-001
 8.3852857e-001
 8.3630955e-001
 8.3720285e-001
 8.3776236e-001
 8.3801705e-001
 8.4028369e-001
 8.3951300e-001
 8.4076214e-001
 8.4069914e-001
 8.4368449e-001
 8.4260738e-001
 8.4410518e-001
 8.4197789e-001
 8.4353745e-001
 8.4316361e-001
 8.4321213e-001
 8.4341425e-001
 8.4273720e-001
 8.4067005e-001
 8.3924878e-001
 8.3787775e-001
 8.3916265e-001
 8.3945417e-001
 8.4124577e-001
 8.4351248e-001
 8.4279352e-001
 8.4261537e-001
 8.4079611e-001
 8.3467793e-001
 8.4081352e-001
 8.4244913e-001
 8.4170640e-001
 8.4167516e-001
 8.4238392e-001
 8.4313709e-001
 8.4475422e-001
 8.4545904e-001
 8.4423453e-001
 8.4558427e-001
 8.4636307e-001
 8.4670877e-001
 8.4812671e-001
 8.5089588e-001
 8.5045224e-001
 8.5058230e-001
 8.5074955e-001
 8.4760010e-001
 8.5130113e-001
 8.5501641e-001
 8.5421824e-001
 8.5549736e-001
 8.5834867e-001
 8.6102897e-001
 8.6115140e-001
 8.6447251e-001
 8.6359900e-001
 8.6337805e-001
 8.6557573e-001
 8.6943859e-001
 8.6419398e-001
 8.6299294e-001
 8.6166799e-001
 8.6299819e-001
 8.6471879e-001
 8.6273229e-001
 8.6371130e-001
 8.7353235e-001
 8.7474912e-001
 8.7816858e-001
 8.7184620e-001
 8.6760521e-001
 8.6594170e-001
 8.5645920e-001
 8.4891349e-001
 8.4141523e-001
 8.2882482e-001
 8.1037080e-001
 8.2124758e-001
 8.1370735e-001
 8.4096307e-001
 8.5944241e-001
 8.6268991e-001
 8.6181206e-001
 8.6294633e-001
 8.5937530e-001
 8.5214126e-001
 8.4392333e-001
 8.3604562e-001
 8.2985497e-001
 8.1291884e-001
 8.0489832e-001
 8.2944697e-001
 8.5258693e-001
 8.6877668e-001
 8.7704444e-001
 8.8310957e-001
 8.8011116e-001
 8.7699169e-001
 8.8062781e-001
 8.7813854e-001
 8.7252951e-001
 8.6500466e-001
 8.5566849e-001
 8.5052103e-001
 8.3366764e-001
 8.1371099e-001
 8.0317330e-001
 8.0571771e-001
 8.2518119e-001
 8.2990056e-001
 8.2683843e-001
 8.1934267e-001
 8.0105054e-001
 7.8700471e-001
 7.7238864e-001
 7.4928236e-001
 7.2739381e-001
 7.0080239e-001
 6.6876817e-001
 6.4084214e-001
 6.2095475e-001
 6.0375023e-001
 5.8691138e-001
 5.6149381e-001
 5.4271775e-001
 5.6550038e-001
 6.2659830e-001
 6.9718033e-001
 7.4486613e-001
 7.6221734e-001
 7.6738197e-001
 7.6269257e-001
 7.5044578e-001
 7.3348558e-001
 7.1063179e-001
 6.8016177e-001
 6.4834493e-001
 6.1245185e-001
 5.7941729e-001
 5.4915661e-001
 5.2085388e-001
 4.9493933e-001
