s07_AV97 Record=986: Cummingtonite HS294.3B       ASDFRc AREF
 5.6266084e-002
 6.0725387e-002
 6.4994693e-002
 6.8354711e-002
 7.1689680e-002
 7.3863789e-002
 7.6042704e-002
 7.7680796e-002
 7.9369724e-002
 8.0928005e-002
 8.2269646e-002
 8.3243966e-002
 8.4908143e-002
 8.6984567e-002
 8.7526739e-002
 8.8621400e-002
 9.1168500e-002
 9.2424311e-002
 9.2509016e-002
 9.2727952e-002
 9.4410121e-002
 9.4953030e-002
 9.4740726e-002
 9.4352677e-002
 9.3851484e-002
 9.3315229e-002
 9.2616953e-002
 9.1678418e-002
 9.0867229e-002
 9.0139322e-002
 8.9456156e-002
 8.8841543e-002
 8.9560606e-002
 8.8958740e-002
 8.8343352e-002
 8.7681405e-002
 8.7066695e-002
 8.6498886e-002
 8.6066619e-002
 8.5647680e-002
 8.5231192e-002
 8.4762201e-002
 8.4286824e-002
 8.3797909e-002
 8.3136462e-002
 8.2306355e-002
 8.1234261e-002
 7.9875663e-002
 7.8184895e-002
 7.6186143e-002
 7.3983729e-002
 7.1720377e-002
 6.9425978e-002
 6.7253046e-002
 6.5250345e-002
 6.3368149e-002
 6.1587770e-002
 6.0101431e-002
 5.8803886e-002
 5.7634436e-002
 5.6642320e-002
 5.5824410e-002
 5.5172797e-002
 5.4608621e-002
 5.4177772e-002
 5.3850573e-002
 5.3704616e-002
 5.3615522e-002
 5.3723272e-002
 5.3879887e-002
 5.5431351e-002
 5.5679463e-002
 5.6879010e-002
 5.8000740e-002
 5.9282541e-002
 6.0852557e-002
 6.1937131e-002
 6.3407883e-002
 6.4902619e-002
 6.5630063e-002
 6.6437297e-002
 6.7109786e-002
 6.7772098e-002
 6.8522274e-002
 6.9004491e-002
 6.9633313e-002
 7.0122249e-002
 7.0656776e-002
 7.1283266e-002
 7.1878061e-002
 7.2835661e-002
 7.3996380e-002
 7.4877083e-002
 7.5831659e-002
 7.6602429e-002
 7.7711672e-002
 7.6095894e-002
 7.7189147e-002
 7.8320965e-002
 7.9562306e-002
 8.0825783e-002
 8.1816010e-002
 8.3203651e-002
 8.4469341e-002
 8.5706346e-002
 8.6995855e-002
 8.8447198e-002
 9.0119302e-002
 9.1595896e-002
 9.2552446e-002
 9.2979997e-002
 9.2305794e-002
 9.3373343e-002
 9.7409971e-002
 9.9530369e-002
 1.0082837e-001
 1.0209912e-001
 1.0364573e-001
 1.0518043e-001
 1.0644441e-001
 1.0793597e-001
 1.0946842e-001
 1.1062405e-001
 1.1193886e-001
 1.1310194e-001
 1.1432090e-001
 1.1562372e-001
 1.1644436e-001
 1.1718161e-001
 1.1831502e-001
 1.1952423e-001
 1.2097825e-001
 1.2193547e-001
 1.2280877e-001
 1.2372490e-001
 1.2474722e-001
 1.2566446e-001
 1.2664618e-001
 1.2756597e-001
 1.2833402e-001
 1.2923017e-001
 1.3030118e-001
 1.3129185e-001
 1.3213108e-001
 1.3275714e-001
 1.3326833e-001
 1.3386385e-001
 1.3446388e-001
 1.3535751e-001
 1.3609014e-001
 1.3682565e-001
 1.3725418e-001
 1.3790239e-001
 1.3826852e-001
 1.3904585e-001
 1.3962178e-001
 1.4026138e-001
 1.4112885e-001
 1.4135352e-001
 1.4130014e-001
 1.4126566e-001
 1.4151445e-001
 1.4176244e-001
 1.4177150e-001
 1.4206159e-001
 1.4206934e-001
 1.4236288e-001
 1.4240529e-001
 1.4247228e-001
 1.4239427e-001
 1.4198914e-001
 1.4194278e-001
 1.4170207e-001
 1.4171207e-001
 1.4172280e-001
 1.4167485e-001
 1.4186992e-001
 1.4215961e-001
 1.4252847e-001
 1.4269212e-001
 1.4236100e-001
 1.4186272e-001
 1.4139417e-001
 1.4096570e-001
 1.4041042e-001
 1.3950823e-001
 1.3900793e-001
 1.3794768e-001
 1.3733745e-001
 1.3691050e-001
 1.3635981e-001
 1.3585947e-001
 1.3505009e-001
 1.3406381e-001
 1.3277236e-001
 1.3141508e-001
 1.2928078e-001
 1.2631682e-001
 1.2348722e-001
 1.2319399e-001
 1.2334712e-001
 1.2242443e-001
 1.2035541e-001
 1.1786654e-001
 1.1549320e-001
 1.1337896e-001
 1.1211169e-001
 1.1187658e-001
 1.1290307e-001
 1.1374887e-001
 1.1444485e-001
 1.1429188e-001
 1.1334998e-001
 1.1250441e-001
 1.1198360e-001
 1.1221010e-001
 1.1184511e-001
 1.1098768e-001
 1.1053771e-001
 1.0943445e-001
 1.0789688e-001
 1.0949926e-001
 1.0708914e-001
-1.2300000e+034
