s07_AV97 Record=350: Andradite GDS12 Garnet        BECKc AREF
 1.8034130e-001
 1.9385906e-001
 2.2392778e-001
 2.5902086e-001
 2.7788845e-001
 2.9206404e-001
 2.9739255e-001
 3.0029869e-001
 3.2623285e-001
 3.3952478e-001
 3.4865674e-001
 3.5804072e-001
 3.6849660e-001
 3.8196054e-001
 3.9370465e-001
 4.0503523e-001
 4.1546524e-001
 4.2841524e-001
 4.4299459e-001
 4.5632508e-001
 4.6842760e-001
 4.8145002e-001
 4.9178907e-001
 5.0290859e-001
 5.1275444e-001
 5.2134383e-001
 5.3029370e-001
 5.3949058e-001
 5.4619372e-001
 5.5277473e-001
 5.6003523e-001
 5.6689245e-001
 5.5930233e-001
 5.6539977e-001
 5.7092750e-001
 5.7624263e-001
 5.7942128e-001
 5.8290434e-001
 5.8549178e-001
 5.8899301e-001
 5.9019011e-001
 5.9266943e-001
 5.9468544e-001
 5.9566826e-001
 5.9811223e-001
 5.9946030e-001
 6.0033804e-001
 6.0230076e-001
 6.0211194e-001
 6.0351157e-001
 6.0309690e-001
 6.0303837e-001
 6.0302991e-001
 6.0489368e-001
 6.0551757e-001
 6.0440725e-001
 6.0578448e-001
 6.0449117e-001
 6.0965371e-001
 6.1183834e-001
 6.1330122e-001
 6.1448193e-001
 6.1481577e-001
 6.1824280e-001
 6.2170202e-001
 6.2535167e-001
 6.2669289e-001
 6.2912935e-001
 6.3110578e-001
 6.3247460e-001
 6.3635325e-001
 6.3605291e-001
 6.4037776e-001
 6.4157289e-001
 6.4035827e-001
 6.4057821e-001
 6.3989288e-001
 6.4171189e-001
 6.4062655e-001
 6.4152020e-001
 6.4131773e-001
 6.4227480e-001
 6.4186341e-001
 6.4194024e-001
 6.4191139e-001
 6.4201486e-001
 6.4074987e-001
 6.4190102e-001
 6.4317471e-001
 6.4564711e-001
 6.4589345e-001
 6.4872456e-001
 6.4998889e-001
 6.5212816e-001
 6.5255421e-001
 6.5694511e-001
 6.5160561e-001
 6.5492028e-001
 6.5792894e-001
 6.5967005e-001
 6.6115397e-001
 6.6631275e-001
 6.6842991e-001
 6.7040193e-001
 6.7460263e-001
 6.7908180e-001
 6.8126577e-001
 6.8374789e-001
 6.9025779e-001
 6.9096607e-001
 6.8829834e-001
 6.8676561e-001
 6.9222838e-001
 6.9843686e-001
 7.0377749e-001
 7.0575064e-001
 7.1076179e-001
 7.1550256e-001
 7.1911341e-001
 7.1973956e-001
 7.2288734e-001
 7.2580808e-001
 7.2565681e-001
 7.2815400e-001
 7.3102224e-001
 7.3401845e-001
 7.3472756e-001
 7.3836082e-001
 7.3723775e-001
 7.3722702e-001
 7.3910511e-001
 7.4018896e-001
 7.4346298e-001
 7.4193430e-001
 7.4375677e-001
 7.4371070e-001
 7.4301082e-001
 7.4403512e-001
 7.4502766e-001
 7.4680877e-001
 7.4431366e-001
 7.4769723e-001
 7.5136381e-001
 7.5050122e-001
 7.4688435e-001
 7.5038296e-001
 7.5321132e-001
 7.5426406e-001
 7.5521857e-001
 7.5566113e-001
 7.5539458e-001
 7.5794256e-001
 7.5610644e-001
 7.5534320e-001
 7.5555325e-001
 7.5822443e-001
 7.5951821e-001
 7.6011747e-001
 7.5886399e-001
 7.5212282e-001
 7.5445086e-001
 7.5266075e-001
 7.5190198e-001
 7.4034148e-001
 7.4112660e-001
 7.4404955e-001
 7.4570084e-001
 7.4967021e-001
 7.4734068e-001
 7.5410044e-001
 7.6153266e-001
 7.6336998e-001
 7.6389623e-001
 7.6933748e-001
 7.7275932e-001
 7.7342397e-001
 7.7801412e-001
 7.7982652e-001
 7.8066427e-001
 7.8580129e-001
 7.8558993e-001
 7.8560424e-001
 7.8675574e-001
 7.8977859e-001
 7.9262894e-001
 7.9344201e-001
 7.9054964e-001
 7.9383337e-001
 7.9276407e-001
 7.8680825e-001
 7.8558052e-001
 7.7858913e-001
 7.7385801e-001
 7.7594739e-001
 7.7356750e-001
 7.6703495e-001
 7.5983894e-001
 7.5928348e-001
 7.5981605e-001
 7.6202458e-001
 7.6925790e-001
 7.7197260e-001
 7.7377230e-001
 7.7445316e-001
 7.7657086e-001
 7.7437437e-001
 7.6404017e-001
 7.5634384e-001
 7.3732132e-001
 7.3738497e-001
 7.4389046e-001
 7.4409252e-001
 7.4169374e-001
 7.4057990e-001
 7.4052656e-001
 7.3970455e-001
 7.3747522e-001
 7.3369265e-001
 7.2993284e-001
 7.2705388e-001
 7.2662878e-001
 7.2757947e-001
 7.2838539e-001
 7.2800332e-001
