s07_AV97 Record=3321: Topaz Wigwam_Area_2_#12       BECKb AREF
 8.1825250e-001
 8.2454044e-001
 8.2850021e-001
 8.3343792e-001
 8.3735508e-001
 8.4225386e-001
 8.4848940e-001
 8.5406286e-001
 8.5909534e-001
 8.6374670e-001
 8.6743498e-001
 8.7068170e-001
 8.7368655e-001
 8.7620986e-001
 8.7753111e-001
 8.7766802e-001
 8.7777817e-001
 8.7859422e-001
 8.8138735e-001
 8.8496983e-001
 8.8746661e-001
 8.8999063e-001
 8.9334726e-001
 8.9870495e-001
 9.0290463e-001
 9.0532720e-001
 9.0620208e-001
 9.0678078e-001
 9.0822786e-001
 9.0972430e-001
 9.1147822e-001
 9.1372281e-001
 9.1130716e-001
 9.1313362e-001
 9.1430128e-001
 9.1623527e-001
 9.1681558e-001
 9.1640294e-001
 9.1668552e-001
 9.1746187e-001
 9.1975778e-001
 9.1950607e-001
 9.1929215e-001
 9.1972673e-001
 9.2020297e-001
 9.2106467e-001
 9.2050838e-001
 9.1997159e-001
 9.2217976e-001
 9.2384261e-001
 9.2457134e-001
 9.2543507e-001
 9.2621124e-001
 9.2785150e-001
 9.2641485e-001
 9.2348057e-001
 9.2712516e-001
 9.2614347e-001
 9.2200994e-001
 9.3019593e-001
 9.2992944e-001
 9.2933482e-001
 9.2850661e-001
 9.3161809e-001
 9.3361539e-001
 9.3338412e-001
 9.3272185e-001
 9.3686831e-001
 9.3414307e-001
 9.3781137e-001
 9.3515193e-001
 9.3809551e-001
 9.3920088e-001
 9.3960321e-001
 9.3980914e-001
 9.4265199e-001
 9.4007987e-001
 9.4156444e-001
 9.4619405e-001
 9.4696707e-001
 9.4787598e-001
 9.4413537e-001
 9.4754314e-001
 9.4568461e-001
 9.4632632e-001
 9.4624197e-001
 9.4560790e-001
 9.4709241e-001
 9.4733751e-001
 9.4659847e-001
 9.4855529e-001
 9.5231432e-001
 9.5187551e-001
 9.5272875e-001
 9.5185477e-001
 9.5223051e-001
 9.5148045e-001
 9.5235354e-001
 9.5252061e-001
 9.5224649e-001
 9.5492315e-001
 9.5479906e-001
 9.5655459e-001
 9.5387185e-001
 9.5308375e-001
 9.5102680e-001
 9.5017993e-001
 9.5022535e-001
 9.5223099e-001
 9.5210832e-001
 9.4383812e-001
 8.9436984e-001
 9.3596107e-001
 9.5371759e-001
 9.5344722e-001
 9.5440608e-001
 9.5582563e-001
 9.5453554e-001
 9.5391655e-001
 9.5431811e-001
 9.5535886e-001
 9.5558017e-001
 9.5690614e-001
 9.5865762e-001
 9.5662230e-001
 9.5509797e-001
 9.5898736e-001
 9.5934200e-001
 9.5624650e-001
 9.5832986e-001
 9.6160895e-001
 9.5867914e-001
 9.6011686e-001
 9.5965254e-001
 9.5903069e-001
 9.6131665e-001
 9.6062106e-001
 9.6225357e-001
 9.5430756e-001
 9.5065773e-001
 9.4773000e-001
 9.5298731e-001
 9.5572281e-001
 9.5519841e-001
 9.5225883e-001
 9.4992667e-001
 9.4809109e-001
 9.5247954e-001
 9.5701426e-001
 9.5764369e-001
 9.5779425e-001
 9.6319038e-001
 9.6031129e-001
 9.5371616e-001
 9.5504212e-001
 9.5455986e-001
 9.5286769e-001
 9.5818257e-001
 9.5413619e-001
 9.5317090e-001
 9.5224106e-001
 9.5411277e-001
 9.4816846e-001
 9.4120151e-001
 9.4070107e-001
 9.4077992e-001
 9.4037300e-001
 9.4355816e-001
 9.4436228e-001
 9.4409919e-001
 9.4458139e-001
 9.4681633e-001
 9.4798100e-001
 9.4741613e-001
 9.4894111e-001
 9.5019382e-001
 9.4821483e-001
 9.4523132e-001
 9.3867433e-001
 9.0295833e-001
 7.5617492e-001
 7.2847891e-001
 8.9461040e-001
 9.1931182e-001
 9.3276685e-001
 9.3852854e-001
 9.1482145e-001
 8.9735824e-001
 9.0350068e-001
 9.1284132e-001
 9.1564196e-001
 9.1737473e-001
 9.1926533e-001
 9.0836376e-001
 9.1267246e-001
 9.3318957e-001
 9.2757958e-001
 9.2842233e-001
 9.1880023e-001
 9.0825880e-001
 9.2358434e-001
 9.2171699e-001
 9.1721833e-001
 9.1260916e-001
 9.0140164e-001
 8.9531147e-001
 8.9847165e-001
 8.9723825e-001
 8.9523864e-001
 8.8345754e-001
 8.7931383e-001
 8.8759857e-001
 8.8226944e-001
 8.7361842e-001
 8.6667007e-001
 8.6069149e-001
 8.5436499e-001
 8.4638160e-001
 8.3771539e-001
 8.2693970e-001
 8.1507719e-001
 8.0096626e-001
 7.8318655e-001
 7.6132160e-001
