s07_AV97 Record=2381: Nontronite SWa-1.a          NIC4bbb RREF
-1.2300000e+034
-1.2300000e+034
-1.2300000e+034
-1.2300000e+034
-1.2300000e+034
-1.2300000e+034
-1.2300000e+034
-1.2300000e+034
-1.2300000e+034
-1.2300000e+034
-1.2300000e+034
-1.2300000e+034
-1.2300000e+034
-1.2300000e+034
-1.2300000e+034
-1.2300000e+034
-1.2300000e+034
-1.2300000e+034
-1.2300000e+034
-1.2300000e+034
-1.2300000e+034
-1.2300000e+034
-1.2300000e+034
-1.2300000e+034
-1.2300000e+034
-1.2300000e+034
-1.2300000e+034
-1.2300000e+034
-1.2300000e+034
-1.2300000e+034
-1.2300000e+034
-1.2300000e+034
-1.2300000e+034
-1.2300000e+034
-1.2300000e+034
-1.2300000e+034
-1.2300000e+034
-1.2300000e+034
-1.2300000e+034
-1.2300000e+034
-1.2300000e+034
-1.2300000e+034
-1.2300000e+034
-1.2300000e+034
-1.2300000e+034
-1.2300000e+034
-1.2300000e+034
-1.2300000e+034
-1.2300000e+034
-1.2300000e+034
-1.2300000e+034
-1.2300000e+034
-1.2300000e+034
-1.2300000e+034
-1.2300000e+034
-1.2300000e+034
-1.2300000e+034
-1.2300000e+034
-1.2300000e+034
-1.2300000e+034
-1.2300000e+034
-1.2300000e+034
-1.2300000e+034
-1.2300000e+034
-1.2300000e+034
-1.2300000e+034
-1.2300000e+034
-1.2300000e+034
-1.2300000e+034
-1.2300000e+034
-1.2300000e+034
-1.2300000e+034
-1.2300000e+034
-1.2300000e+034
-1.2300000e+034
-1.2300000e+034
-1.2300000e+034
-1.2300000e+034
-1.2300000e+034
-1.2300000e+034
-1.2300000e+034
-1.2300000e+034
-1.2300000e+034
-1.2300000e+034
-1.2300000e+034
-1.2300000e+034
-1.2300000e+034
-1.2300000e+034
-1.2300000e+034
-1.2300000e+034
-1.2300000e+034
-1.2300000e+034
-1.2300000e+034
-1.2300000e+034
-1.2300000e+034
-1.2300000e+034
-1.2300000e+034
-1.2300000e+034
-1.2300000e+034
-1.2300000e+034
-1.2300000e+034
-1.2300000e+034
-1.2300000e+034
-1.2300000e+034
-1.2300000e+034
-1.2300000e+034
-1.2300000e+034
-1.2300000e+034
-1.2300000e+034
 4.5981500e-001
 4.2836508e-001
 3.8827914e-001
 3.6470354e-001
 3.6239958e-001
 3.7131643e-001
 3.9289048e-001
 4.1209865e-001
 4.1734466e-001
 4.2257950e-001
 4.3037772e-001
 4.3651694e-001
 4.4117934e-001
 4.4484922e-001
 4.4804811e-001
 4.5112497e-001
 4.5446697e-001
 4.5782027e-001
 4.6097121e-001
 4.6379206e-001
 4.6623346e-001
 4.6869063e-001
 4.7148326e-001
 4.7431049e-001
 4.7701576e-001
 4.7945258e-001
 4.8150149e-001
 4.8329049e-001
 4.8512834e-001
 4.8715538e-001
 4.8911187e-001
 4.9086878e-001
 4.9202746e-001
 4.9271089e-001
 4.9299553e-001
 4.9328527e-001
 4.9380785e-001
 4.9430716e-001
 4.9458650e-001
 4.9443737e-001
 4.9376273e-001
 4.9261126e-001
 4.9153599e-001
 4.9063835e-001
 4.8977333e-001
 4.8869380e-001
 4.8668498e-001
 4.8312658e-001
 4.7507843e-001
 4.5596746e-001
 4.1740283e-001
 4.3221760e-001
 3.7523803e-001
 3.0541533e-001
 2.8339708e-001
 3.0973378e-001
 3.4255370e-001
 3.6664674e-001
 3.8361460e-001
 3.9604300e-001
 4.0560913e-001
 4.1406301e-001
 4.2235795e-001
 4.3075979e-001
 4.3914330e-001
 4.4718626e-001
 4.5423555e-001
 4.5987311e-001
 4.6391761e-001
 4.6640474e-001
 4.6757752e-001
 4.6827558e-001
 4.6802577e-001
 4.6778014e-001
 4.6763328e-001
 4.6770254e-001
 4.6785972e-001
 4.6827212e-001
 4.6797234e-001
 4.6574560e-001
 4.5957777e-001
 4.4898051e-001
 4.3727303e-001
 4.2911834e-001
 4.1979960e-001
 4.0455195e-001
 3.8800901e-001
 3.8165402e-001
 3.8793644e-001
 3.9134020e-001
 3.7404883e-001
 3.4464061e-001
 3.2991141e-001
 3.4380561e-001
 3.6754811e-001
 3.8171396e-001
 3.8242486e-001
 3.7560281e-001
 3.6524591e-001
 3.5238463e-001
 3.3806655e-001
 3.2605356e-001
 3.1612661e-001
 3.0784199e-001
 3.0412763e-001
 3.0323929e-001
 3.0055818e-001
 2.9627335e-001
 2.9139870e-001
 2.8591239e-001
 2.8017640e-001
 2.7406958e-001
 2.6664132e-001
 2.5935850e-001
 2.5482854e-001
