s07_AV97 Record=2272: Muscovite GDS118 Capitan    NIC4aaa RREF
-1.2300000e+034
-1.2300000e+034
-1.2300000e+034
-1.2300000e+034
-1.2300000e+034
-1.2300000e+034
-1.2300000e+034
-1.2300000e+034
-1.2300000e+034
-1.2300000e+034
-1.2300000e+034
-1.2300000e+034
-1.2300000e+034
-1.2300000e+034
-1.2300000e+034
-1.2300000e+034
-1.2300000e+034
-1.2300000e+034
-1.2300000e+034
-1.2300000e+034
-1.2300000e+034
-1.2300000e+034
-1.2300000e+034
-1.2300000e+034
-1.2300000e+034
-1.2300000e+034
-1.2300000e+034
-1.2300000e+034
-1.2300000e+034
-1.2300000e+034
-1.2300000e+034
-1.2300000e+034
-1.2300000e+034
-1.2300000e+034
-1.2300000e+034
-1.2300000e+034
-1.2300000e+034
-1.2300000e+034
-1.2300000e+034
-1.2300000e+034
-1.2300000e+034
-1.2300000e+034
-1.2300000e+034
-1.2300000e+034
-1.2300000e+034
-1.2300000e+034
-1.2300000e+034
-1.2300000e+034
-1.2300000e+034
-1.2300000e+034
-1.2300000e+034
-1.2300000e+034
-1.2300000e+034
-1.2300000e+034
-1.2300000e+034
-1.2300000e+034
-1.2300000e+034
-1.2300000e+034
-1.2300000e+034
-1.2300000e+034
-1.2300000e+034
-1.2300000e+034
-1.2300000e+034
-1.2300000e+034
-1.2300000e+034
-1.2300000e+034
-1.2300000e+034
-1.2300000e+034
-1.2300000e+034
-1.2300000e+034
-1.2300000e+034
-1.2300000e+034
-1.2300000e+034
-1.2300000e+034
-1.2300000e+034
-1.2300000e+034
-1.2300000e+034
-1.2300000e+034
-1.2300000e+034
-1.2300000e+034
-1.2300000e+034
-1.2300000e+034
-1.2300000e+034
-1.2300000e+034
-1.2300000e+034
-1.2300000e+034
-1.2300000e+034
-1.2300000e+034
-1.2300000e+034
-1.2300000e+034
-1.2300000e+034
-1.2300000e+034
-1.2300000e+034
-1.2300000e+034
-1.2300000e+034
-1.2300000e+034
-1.2300000e+034
-1.2300000e+034
-1.2300000e+034
-1.2300000e+034
-1.2300000e+034
-1.2300000e+034
-1.2300000e+034
-1.2300000e+034
-1.2300000e+034
-1.2300000e+034
-1.2300000e+034
-1.2300000e+034
-1.2300000e+034
 5.9645212e-001
 5.9162837e-001
 5.6954116e-001
 5.5189204e-001
 5.6806219e-001
 5.9154737e-001
 6.0384321e-001
 6.0747766e-001
 6.0858601e-001
 6.0953903e-001
 6.1079299e-001
 6.1231464e-001
 6.1367655e-001
 6.1471969e-001
 6.1566615e-001
 6.1706793e-001
 6.1875194e-001
 6.2048894e-001
 6.2199563e-001
 6.2313288e-001
 6.2414581e-001
 6.2528735e-001
 6.2678897e-001
 6.2846577e-001
 6.2995046e-001
 6.3111228e-001
 6.3181156e-001
 6.3232762e-001
 6.3305074e-001
 6.3405192e-001
 6.3527322e-001
 6.3634247e-001
 6.3709706e-001
 6.3722664e-001
 6.3723421e-001
 6.3726664e-001
 6.3772047e-001
 6.3837361e-001
 6.3904542e-001
 6.3959843e-001
 6.3985431e-001
 6.3967931e-001
 6.3935184e-001
 6.3909972e-001
 6.3912547e-001
 6.3922250e-001
 6.3930929e-001
 6.3941383e-001
 6.3965654e-001
 6.3862747e-001
 6.3511592e-001
 6.3624281e-001
 6.3338816e-001
 6.2986988e-001
 6.2608409e-001
 6.2496048e-001
 6.2589955e-001
 6.2754637e-001
 6.2909913e-001
 6.3011581e-001
 6.3065493e-001
 6.3090461e-001
 6.3123500e-001
 6.3156420e-001
 6.3211703e-001
 6.3273919e-001
 6.3337082e-001
 6.3399971e-001
 6.3437152e-001
 6.3447237e-001
 6.3423026e-001
 6.3342738e-001
 6.3170063e-001
 6.2894458e-001
 6.2599730e-001
 6.2346047e-001
 6.2229663e-001
 6.2196755e-001
 6.1999995e-001
 6.1542934e-001
 6.0752678e-001
 5.9287649e-001
 5.6678402e-001
 5.3520656e-001
 5.1981723e-001
 5.2870482e-001
 5.4666913e-001
 5.5617946e-001
 5.6698972e-001
 5.8277637e-001
 5.9387112e-001
 5.9843546e-001
 5.9971535e-001
 5.9810537e-001
 5.9185833e-001
 5.8124149e-001
 5.6759584e-001
 5.5324119e-001
 5.4357493e-001
 5.4204863e-001
 5.4324675e-001
 5.4314893e-001
 5.4459101e-001
 5.4746968e-001
 5.4741108e-001
 5.4281348e-001
 5.3581977e-001
 5.2950156e-001
 5.2807862e-001
 5.3056014e-001
 5.3485835e-001
 5.3921330e-001
 5.4234725e-001
 5.4417121e-001
 5.4666680e-001
