s07_AV97 Record=2408: Olivine GDS70.d Fo89 <60um  NIC4bbb RREF
-1.2300000e+034
-1.2300000e+034
-1.2300000e+034
-1.2300000e+034
-1.2300000e+034
-1.2300000e+034
-1.2300000e+034
-1.2300000e+034
-1.2300000e+034
-1.2300000e+034
-1.2300000e+034
-1.2300000e+034
-1.2300000e+034
-1.2300000e+034
-1.2300000e+034
-1.2300000e+034
-1.2300000e+034
-1.2300000e+034
-1.2300000e+034
-1.2300000e+034
-1.2300000e+034
-1.2300000e+034
-1.2300000e+034
-1.2300000e+034
-1.2300000e+034
-1.2300000e+034
-1.2300000e+034
-1.2300000e+034
-1.2300000e+034
-1.2300000e+034
-1.2300000e+034
-1.2300000e+034
-1.2300000e+034
-1.2300000e+034
-1.2300000e+034
-1.2300000e+034
-1.2300000e+034
-1.2300000e+034
-1.2300000e+034
-1.2300000e+034
-1.2300000e+034
-1.2300000e+034
-1.2300000e+034
-1.2300000e+034
-1.2300000e+034
-1.2300000e+034
-1.2300000e+034
-1.2300000e+034
-1.2300000e+034
-1.2300000e+034
-1.2300000e+034
-1.2300000e+034
-1.2300000e+034
-1.2300000e+034
-1.2300000e+034
-1.2300000e+034
-1.2300000e+034
-1.2300000e+034
-1.2300000e+034
-1.2300000e+034
-1.2300000e+034
-1.2300000e+034
-1.2300000e+034
-1.2300000e+034
-1.2300000e+034
-1.2300000e+034
-1.2300000e+034
-1.2300000e+034
-1.2300000e+034
-1.2300000e+034
-1.2300000e+034
-1.2300000e+034
-1.2300000e+034
-1.2300000e+034
-1.2300000e+034
-1.2300000e+034
-1.2300000e+034
-1.2300000e+034
-1.2300000e+034
-1.2300000e+034
-1.2300000e+034
-1.2300000e+034
-1.2300000e+034
-1.2300000e+034
-1.2300000e+034
-1.2300000e+034
-1.2300000e+034
-1.2300000e+034
-1.2300000e+034
-1.2300000e+034
-1.2300000e+034
-1.2300000e+034
-1.2300000e+034
-1.2300000e+034
-1.2300000e+034
-1.2300000e+034
-1.2300000e+034
-1.2300000e+034
-1.2300000e+034
 4.6851367e-001
 4.7197419e-001
 4.7597328e-001
 4.8032165e-001
 4.8500425e-001
 4.8989671e-001
 4.9496275e-001
 4.9983916e-001
 5.0551188e-001
 5.1180673e-001
 5.1826477e-001
 5.2496374e-001
 5.3184199e-001
 5.3883666e-001
 5.4589605e-001
 5.5293971e-001
 5.5996859e-001
 5.6689024e-001
 5.7365859e-001
 5.8029658e-001
 5.8681828e-001
 5.9312361e-001
 5.9918153e-001
 6.0502070e-001
 6.1057293e-001
 6.1582220e-001
 6.2077385e-001
 6.2540078e-001
 6.2970823e-001
 6.3371414e-001
 6.3734788e-001
 6.4070135e-001
 6.4379138e-001
 6.4661849e-001
 6.4920503e-001
 6.5153474e-001
 6.5362704e-001
 6.5548980e-001
 6.5713030e-001
 6.5860009e-001
 6.5995246e-001
 6.6111052e-001
 6.6213143e-001
 6.6301769e-001
 6.6374069e-001
 6.6447955e-001
 6.6526490e-001
 6.6596395e-001
 6.6647583e-001
 6.6703272e-001
 6.6751450e-001
 6.6789705e-001
 6.6828930e-001
 6.6866744e-001
 6.6894907e-001
 6.6928452e-001
 6.6956115e-001
 6.6985977e-001
 6.7011452e-001
 6.7027599e-001
 6.7043948e-001
 6.7039293e-001
 6.7043489e-001
 6.7020714e-001
 6.6991955e-001
 6.6976893e-001
 6.6970313e-001
 6.6969556e-001
 6.6971481e-001
 6.6971022e-001
 6.6974151e-001
 6.6979522e-001
 6.6997308e-001
 6.7010629e-001
 6.7012280e-001
 6.7015773e-001
 6.7021537e-001
 6.7018789e-001
 6.7017460e-001
 6.7013621e-001
 6.7009443e-001
 6.7003357e-001
 6.6998082e-001
 6.6994363e-001
 6.6991246e-001
 6.6984928e-001
 6.6984850e-001
 6.6976279e-001
 6.6971606e-001
 6.6963202e-001
 6.6961819e-001
 6.6954225e-001
 6.6946852e-001
 6.6937417e-001
 6.6937697e-001
 6.6943395e-001
 6.6946006e-001
 6.6949201e-001
 6.6942340e-001
 6.6930389e-001
 6.6915417e-001
 6.6906726e-001
 6.6905725e-001
 6.6889793e-001
 6.6869879e-001
 6.6922134e-001
 6.6968173e-001
 6.6968471e-001
 6.6960782e-001
 6.7000043e-001
 6.7022991e-001
 6.7047870e-001
 6.7073894e-001
 6.7100072e-001
 6.7122817e-001
 6.7145944e-001
 6.7161745e-001
 6.7170960e-001
 6.7170328e-001
 6.7170900e-001
 6.7184913e-001
 6.7198557e-001
 6.7213970e-001
 6.7225617e-001
 6.7233539e-001
