s07_AV97 Record=1546: Hornblende HS177.3B          ASDFRc AREF
 4.5107923e-002
 4.7143023e-002
 4.9383931e-002
 4.9929705e-002
 5.0816376e-002
 5.1599003e-002
 5.2711762e-002
 5.3468842e-002
 5.3773914e-002
 5.4530699e-002
 5.5069074e-002
 5.5813450e-002
 5.6530438e-002
 5.7166185e-002
 5.7873972e-002
 5.8617823e-002
 5.9358850e-002
 5.9966229e-002
 6.0684614e-002
 6.1245266e-002
 6.1780661e-002
 6.2202249e-002
 6.2587149e-002
 6.3214973e-002
 6.3577488e-002
 6.3858576e-002
 6.4098544e-002
 6.4310260e-002
 6.4588606e-002
 6.4834781e-002
 6.5065093e-002
 6.5262057e-002
 6.5030187e-002
 6.5227419e-002
 6.5418161e-002
 6.5627947e-002
 6.5809742e-002
 6.5965608e-002
 6.6125631e-002
 6.6394418e-002
 6.6636369e-002
 6.6987120e-002
 6.7291364e-002
 6.7556135e-002
 6.7734607e-002
 6.7954123e-002
 6.8096362e-002
 6.8154760e-002
 6.8158045e-002
 6.8132184e-002
 6.7999125e-002
 6.7852736e-002
 6.7727156e-002
 6.7558475e-002
 6.7405023e-002
 6.7341425e-002
 6.7293942e-002
 6.7290798e-002
 6.7394443e-002
 6.7439586e-002
 6.7523181e-002
 6.7691579e-002
 6.7898035e-002
 6.8141334e-002
 6.8322681e-002
 6.8469249e-002
 6.8577640e-002
 6.8788074e-002
 6.8906322e-002
 6.8304755e-002
 7.0138924e-002
 7.0132300e-002
 7.0532382e-002
 7.1748786e-002
 7.2288372e-002
 7.3979586e-002
 7.5109310e-002
 7.6441139e-002
 7.8098811e-002
 7.8814693e-002
 8.0290504e-002
 8.1095494e-002
 8.2364887e-002
 8.3517075e-002
 8.4664501e-002
 8.5898116e-002
 8.7117307e-002
 8.8339560e-002
 8.9595445e-002
 9.0901248e-002
 9.2378855e-002
 9.4407834e-002
 9.6045636e-002
 9.8019153e-002
 9.9632390e-002
 1.0157800e-001
 9.8514922e-002
 1.0070141e-001
 1.0277621e-001
 1.0499848e-001
 1.0736835e-001
 1.0988080e-001
 1.1270407e-001
 1.1526606e-001
 1.1779909e-001
 1.2042134e-001
 1.2334655e-001
 1.2657928e-001
 1.2872918e-001
 1.2933627e-001
 1.3051458e-001
 1.3417257e-001
 1.3930456e-001
 1.4499055e-001
 1.4947969e-001
 1.5323038e-001
 1.5664679e-001
 1.6050230e-001
 1.6401647e-001
 1.6733606e-001
 1.7076954e-001
 1.7438193e-001
 1.7772299e-001
 1.8116088e-001
 1.8466826e-001
 1.8827558e-001
 1.9190036e-001
 1.9526739e-001
 1.9852822e-001
 2.0189349e-001
 2.0519222e-001
 2.0849782e-001
 2.1164361e-001
 2.1498798e-001
 2.1841533e-001
 2.2167020e-001
 2.2466691e-001
 2.2766320e-001
 2.3076394e-001
 2.3330255e-001
 2.3609361e-001
 2.3871793e-001
 2.4131992e-001
 2.4402826e-001
 2.4644208e-001
 2.4888301e-001
 2.5149179e-001
 2.5365931e-001
 2.5605187e-001
 2.5820434e-001
 2.6024163e-001
 2.6190561e-001
 2.6383922e-001
 2.6560706e-001
 2.6688352e-001
 2.6828116e-001
 2.6990843e-001
 2.7119938e-001
 2.7251238e-001
 2.7316648e-001
 2.7292773e-001
 2.7373943e-001
 2.7464315e-001
 2.7494183e-001
 2.7582115e-001
 2.7613363e-001
 2.7668232e-001
 2.7687845e-001
 2.7699140e-001
 2.7648920e-001
 2.7626711e-001
 2.7626052e-001
 2.7564970e-001
 2.7525881e-001
 2.7461976e-001
 2.7440885e-001
 2.7382386e-001
 2.7348581e-001
 2.7263403e-001
 2.7183390e-001
 2.7046335e-001
 2.6868626e-001
 2.6724702e-001
 2.6562080e-001
 2.6397777e-001
 2.6241854e-001
 2.6145887e-001
 2.6067841e-001
 2.6008689e-001
 2.5913563e-001
 2.5838628e-001
 2.5760755e-001
 2.5625095e-001
 2.5539249e-001
 2.5430772e-001
 2.5266904e-001
 2.4878356e-001
 2.4208280e-001
 2.4054140e-001
 2.4204153e-001
 2.3832171e-001
 2.2756582e-001
 2.1559437e-001
 2.0582819e-001
 1.9932285e-001
 1.9763145e-001
 2.0181416e-001
 2.0978759e-001
 2.1709789e-001
 2.1820156e-001
 2.1323910e-001
 2.0950390e-001
 2.1211579e-001
 2.1932435e-001
 2.2729155e-001
 2.3288272e-001
 2.3710084e-001
 2.3985328e-001
 2.4312565e-001
 2.4440771e-001
 2.4557079e-001
 2.4593791e-001
 2.4996769e-001
-1.2300000e+034
