s07_AV97 Record=4170: Sand DWO-3-DEL2ar1    no oil ASDFRa AREF
 1.0919207e-001
 1.1443679e-001
 1.2076020e-001
 1.2548964e-001
 1.3038838e-001
 1.3626745e-001
 1.4254336e-001
 1.4908397e-001
 1.5555869e-001
 1.6156527e-001
 1.6661361e-001
 1.7130806e-001
 1.7628439e-001
 1.8187693e-001
 1.8796910e-001
 1.9447055e-001
 2.0142227e-001
 2.0879486e-001
 2.1599953e-001
 2.2296466e-001
 2.2951473e-001
 2.3479168e-001
 2.3925896e-001
 2.4286979e-001
 2.4576178e-001
 2.4797969e-001
 2.4991144e-001
 2.5177014e-001
 2.5345138e-001
 2.5507545e-001
 2.5658342e-001
 2.5830373e-001
 2.5634775e-001
 2.5790933e-001
 2.6019201e-001
 2.6330081e-001
 2.6594540e-001
 2.6814875e-001
 2.7018306e-001
 2.7219552e-001
 2.7423421e-001
 2.7629408e-001
 2.7831426e-001
 2.8035995e-001
 2.8239647e-001
 2.8430861e-001
 2.8605512e-001
 2.8768206e-001
 2.8918383e-001
 2.9045102e-001
 2.9152113e-001
 2.9248071e-001
 2.9339570e-001
 2.9417935e-001
 2.9496771e-001
 2.9577312e-001
 2.9669037e-001
 2.9768050e-001
 2.9875907e-001
 2.9999986e-001
 3.0121440e-001
 3.0251011e-001
 3.0383906e-001
 3.0511084e-001
 3.0647600e-001
 3.0797601e-001
 3.0946624e-001
 3.1093073e-001
 3.1227699e-001
 3.1371254e-001
 3.1514624e-001
 3.1639293e-001
 3.1779492e-001
 3.1907535e-001
 3.2044044e-001
 3.2181433e-001
 3.2304713e-001
 3.2442591e-001
 3.2583666e-001
 3.2708716e-001
 3.2835487e-001
 3.2932153e-001
 3.3013070e-001
 3.3102313e-001
 3.3217058e-001
 3.3366561e-001
 3.3507150e-001
 3.3669004e-001
 3.3833626e-001
 3.3992282e-001
 3.4170201e-001
 3.4351939e-001
 3.4518105e-001
 3.4707552e-001
 3.4873903e-001
 3.5052481e-001
 3.4782612e-001
 3.4963164e-001
 3.5140294e-001
 3.5310173e-001
 3.5474363e-001
 3.5633537e-001
 3.5755789e-001
 3.5847372e-001
 3.5904947e-001
 3.5946101e-001
 3.5983571e-001
 3.6006978e-001
 3.5900563e-001
 3.5496891e-001
 3.4636715e-001
 3.3556235e-001
 3.2824033e-001
 3.2823601e-001
 3.3023566e-001
 3.3257258e-001
 3.3488551e-001
 3.3778238e-001
 3.4189856e-001
 3.4676644e-001
 3.5166523e-001
 3.5628417e-001
 3.6056495e-001
 3.6452281e-001
 3.6805624e-001
 3.7126771e-001
 3.7419122e-001
 3.7685671e-001
 3.7933078e-001
 3.8160166e-001
 3.8364083e-001
 3.8551289e-001
 3.8720697e-001
 3.8871816e-001
 3.9010927e-001
 3.9128467e-001
 3.9245969e-001
 3.9347938e-001
 3.9441988e-001
 3.9522067e-001
 3.9600387e-001
 3.9663690e-001
 3.9715457e-001
 3.9742553e-001
 3.9734557e-001
 3.9691141e-001
 3.9638603e-001
 3.9579967e-001
 3.9522767e-001
 3.9484984e-001
 3.9484411e-001
 3.9509216e-001
 3.9537388e-001
 3.9547181e-001
 3.9517367e-001
 3.9437947e-001
 3.9171863e-001
 3.8558128e-001
 3.7255356e-001
 3.4928250e-001
 3.5981381e-001
 3.3088529e-001
 2.9992843e-001
 2.8088072e-001
 2.7590644e-001
 2.7684051e-001
 2.8055397e-001
 2.8545302e-001
 2.9139227e-001
 2.9797289e-001
 3.0524087e-001
 3.1295988e-001
 3.2060590e-001
 3.2810098e-001
 3.3512670e-001
 3.4174168e-001
 3.4781641e-001
 3.5344324e-001
 3.5857219e-001
 3.6313382e-001
 3.6735877e-001
 3.7112850e-001
 3.7437209e-001
 3.7716496e-001
 3.7979120e-001
 3.8199890e-001
 3.8359275e-001
 3.8424179e-001
 3.8414800e-001
 3.8382041e-001
 3.8241407e-001
 3.7947613e-001
 3.7569118e-001
 3.7326205e-001
 3.7461993e-001
 3.7642419e-001
 3.7692735e-001
 3.7668461e-001
 3.7717530e-001
 3.7746182e-001
 3.7587261e-001
 3.7280414e-001
 3.6992091e-001
 3.6737669e-001
 3.6379290e-001
 3.5966298e-001
 3.5550824e-001
 3.5197276e-001
 3.4950808e-001
 3.4734777e-001
 3.4431189e-001
 3.4104621e-001
 3.3790180e-001
 3.3387998e-001
 3.2941800e-001
 3.2481179e-001
 3.1941864e-001
 3.1413782e-001
 3.0888563e-001
 3.0403072e-001
 2.9934314e-001
 2.9506725e-001
 2.9159728e-001
-1.2300000e+034
