s07_AV97 Record=888: Clinochlore_Fe GDS157.b      ASDFRa AREF
 7.4170761e-002
 7.4885994e-002
 7.5873733e-002
 7.7854954e-002
 7.8833289e-002
 8.1609137e-002
 8.5542031e-002
 8.9099497e-002
 9.1364540e-002
 9.2879333e-002
 9.6293747e-002
 1.0158741e-001
 1.0623330e-001
 1.0824734e-001
 1.1180308e-001
 1.1409706e-001
 1.1454440e-001
 1.1438527e-001
 1.1410771e-001
 1.1339045e-001
 1.1197262e-001
 1.0974731e-001
 1.0724418e-001
 1.0408986e-001
 1.0095143e-001
 9.7931489e-002
 9.5029078e-002
 9.2227876e-002
 8.9525543e-002
 8.6892627e-002
 8.4605575e-002
 8.2748756e-002
 8.4942706e-002
 8.3066449e-002
 8.1465706e-002
 7.9998724e-002
 7.9067513e-002
 7.8443445e-002
 7.8236766e-002
 7.8620411e-002
 7.9306029e-002
 8.0245204e-002
 8.1435166e-002
 8.2795262e-002
 8.4086329e-002
 8.5324928e-002
 8.6481057e-002
 8.6973049e-002
 8.6809814e-002
 8.6246282e-002
 8.5632265e-002
 8.4816992e-002
 8.4018402e-002
 8.3353721e-002
 8.2685739e-002
 8.2274064e-002
 8.2221240e-002
 8.2288660e-002
 8.2810305e-002
 8.3437815e-002
 8.4363267e-002
 8.5523017e-002
 8.6867929e-002
 8.8325284e-002
 8.9693613e-002
 9.1284335e-002
 9.2518173e-002
 9.3720794e-002
 9.5114194e-002
 9.7778179e-002
 9.8014198e-002
 9.8249801e-002
 9.8500855e-002
 9.8829404e-002
 9.9083342e-002
 9.9443376e-002
 9.9718757e-002
 9.9987082e-002
 1.0049818e-001
 1.0113852e-001
 1.0191597e-001
 1.0276066e-001
 1.0374618e-001
 1.0475060e-001
 1.0567008e-001
 1.0705250e-001
 1.0855173e-001
 1.1046015e-001
 1.1242786e-001
 1.1429525e-001
 1.1656120e-001
 1.1879628e-001
 1.2095414e-001
 1.2353568e-001
 1.2600487e-001
 1.2887707e-001
 1.2459849e-001
 1.2740590e-001
 1.3037692e-001
 1.3349147e-001
 1.3677284e-001
 1.3991721e-001
 1.4323732e-001
 1.4667432e-001
 1.5008105e-001
 1.5339141e-001
 1.5674284e-001
 1.6014212e-001
 1.6360475e-001
 1.6603738e-001
 1.6412185e-001
 1.6337302e-001
 1.6977988e-001
 1.7782834e-001
 1.8165118e-001
 1.8429083e-001
 1.8741809e-001
 1.9152580e-001
 1.9597025e-001
 1.9994077e-001
 2.0367587e-001
 2.0710808e-001
 2.1032245e-001
 2.1345124e-001
 2.1672684e-001
 2.2034389e-001
 2.2409330e-001
 2.2788930e-001
 2.3168944e-001
 2.3560883e-001
 2.3966697e-001
 2.4380803e-001
 2.4832267e-001
 2.5279656e-001
 2.5724262e-001
 2.6166677e-001
 2.6596043e-001
 2.7035522e-001
 2.7470940e-001
 2.7837440e-001
 2.8270090e-001
 2.8722793e-001
 2.9154858e-001
 2.9566950e-001
 2.9953113e-001
 3.0340618e-001
 3.0722505e-001
 3.1081620e-001
 3.1760553e-001
 3.2292500e-001
 3.2669032e-001
 3.3001620e-001
 3.3391815e-001
 3.3773500e-001
 3.4058166e-001
 3.4390995e-001
 3.4636584e-001
 3.4857845e-001
 3.5061643e-001
 3.5251141e-001
 3.5159621e-001
 3.5456499e-001
 3.5846725e-001
 3.6239821e-001
 3.6631614e-001
 3.6963698e-001
 3.7175271e-001
 3.7227950e-001
 3.7271872e-001
 3.7333494e-001
 3.7262636e-001
 3.7170750e-001
 3.7242591e-001
 3.7588921e-001
 3.8249752e-001
 3.9140910e-001
 4.0012172e-001
 4.0820804e-001
 4.1409996e-001
 4.1933891e-001
 4.2375961e-001
 4.2788422e-001
 4.3044829e-001
 4.3195918e-001
 4.3234700e-001
 4.3353093e-001
 4.3580219e-001
 4.3788567e-001
 4.3910986e-001
 4.3944964e-001
 4.3861780e-001
 4.3654066e-001
 4.3328649e-001
 4.2853346e-001
 4.2021656e-001
 4.0435266e-001
 3.7103829e-001
 3.3366591e-001
 3.2143652e-001
 3.3467180e-001
 3.4586915e-001
 3.4321010e-001
 3.3169046e-001
 3.2146743e-001
 3.1416824e-001
 3.0480850e-001
 2.9333124e-001
 2.8782678e-001
 2.9616103e-001
 3.1552720e-001
 3.3769658e-001
 3.5349065e-001
 3.6097062e-001
 3.6472270e-001
 3.6867043e-001
 3.7119296e-001
 3.6999220e-001
 3.6613590e-001
 3.6001310e-001
 3.5071513e-001
 3.4231776e-001
 3.3570361e-001
 3.3329666e-001
-1.2300000e+034
