s07_AV97 Record=752: Chalcopyrite HS431.2B        ASDFRb AREF
 2.0925878e-002
 2.2099786e-002
 2.2719659e-002
 2.3881849e-002
 2.4574719e-002
 2.5967583e-002
 2.7509587e-002
 2.9452544e-002
 3.2111794e-002
 3.4978978e-002
 3.7821315e-002
 4.0675934e-002
 4.3516248e-002
 4.6304628e-002
 4.9020864e-002
 5.1621720e-002
 5.4073855e-002
 5.6311611e-002
 5.8313943e-002
 6.0082413e-002
 6.1587542e-002
 6.2864751e-002
 6.3846335e-002
 6.4654239e-002
 6.5345839e-002
 6.5877549e-002
 6.6382654e-002
 6.6764623e-002
 6.7047812e-002
 6.7276835e-002
 6.7456372e-002
 6.7584962e-002
 6.7434169e-002
 6.7565843e-002
 6.7647040e-002
 6.7685932e-002
 6.7671411e-002
 6.7617737e-002
 6.7518674e-002
 6.7373686e-002
 6.7177877e-002
 6.6941343e-002
 6.6664211e-002
 6.6379994e-002
 6.6064715e-002
 6.5735132e-002
 6.5410987e-002
 6.5089159e-002
 6.4782523e-002
 6.4497180e-002
 6.4227477e-002
 6.4004935e-002
 6.3811235e-002
 6.3662857e-002
 6.3551314e-002
 6.3481443e-002
 6.3463017e-002
 6.3484810e-002
 6.3564032e-002
 6.3680083e-002
 6.3819744e-002
 6.4003564e-002
 6.4209431e-002
 6.4457908e-002
 6.4732112e-002
 6.5009855e-002
 6.5327130e-002
 6.5786414e-002
 6.5833844e-002
 6.6537134e-002
 6.6864051e-002
 6.7221448e-002
 6.7510158e-002
 6.7788914e-002
 6.8249941e-002
 6.8599425e-002
 6.8921387e-002
 6.9096781e-002
 6.9250137e-002
 6.9486916e-002
 6.9599889e-002
 6.9825307e-002
 6.9905475e-002
 7.0067719e-002
 7.0129998e-002
 7.0180133e-002
 7.0282288e-002
 7.0337959e-002
 7.0342019e-002
 7.0437819e-002
 7.0494615e-002
 7.0461884e-002
 7.0488364e-002
 7.0504650e-002
 7.0486844e-002
 7.0507862e-002
 7.0521250e-002
 7.0475183e-002
 7.0471369e-002
 7.0475206e-002
 7.0544980e-002
 7.0519783e-002
 7.0495211e-002
 7.0511371e-002
 7.0481598e-002
 7.0515744e-002
 7.0531510e-002
 7.0564248e-002
 7.0532940e-002
 7.0572168e-002
 7.0544951e-002
 7.0538022e-002
 7.0452340e-002
 7.0442788e-002
 7.0467405e-002
 7.0431180e-002
 7.0364922e-002
 7.0286021e-002
 7.0192382e-002
 7.0126839e-002
 7.0036270e-002
 6.9909364e-002
 6.9827579e-002
 6.9700062e-002
 6.9634236e-002
 6.9540709e-002
 6.9440655e-002
 6.9343612e-002
 6.9251291e-002
 6.9178991e-002
 6.9106363e-002
 6.9069684e-002
 6.8966962e-002
 6.8872474e-002
 6.8901852e-002
 6.8911672e-002
 6.8974547e-002
 6.9030322e-002
 6.9138303e-002
 6.9253132e-002
 6.9325939e-002
 6.9367051e-002
 6.9408901e-002
 6.9406211e-002
 6.9308706e-002
 6.9250584e-002
 6.9169320e-002
 6.9059312e-002
 6.8994403e-002
 6.8963185e-002
 6.8928398e-002
 6.8902627e-002
 6.8883494e-002
 6.8874076e-002
 6.8844885e-002
 6.8818234e-002
 6.8847328e-002
 6.8777472e-002
 6.8824984e-002
 6.8768770e-002
 6.8827398e-002
 6.8762906e-002
 6.8835966e-002
 6.8811499e-002
 6.8764277e-002
 6.8766221e-002
 6.8793200e-002
 6.8813480e-002
 6.8763204e-002
 6.8712868e-002
 6.8745531e-002
 6.8813264e-002
 6.8888471e-002
 6.8982996e-002
 6.9194257e-002
 6.9225028e-002
 6.9398277e-002
 6.9548450e-002
 6.9709204e-002
 6.9840468e-002
 6.9999307e-002
 7.0120595e-002
 7.0255712e-002
 7.0304409e-002
 7.0321463e-002
 7.0414230e-002
 7.0481651e-002
 7.0551254e-002
 7.0614725e-002
 7.0668578e-002
 7.0589267e-002
 7.0689060e-002
 7.0846990e-002
 7.0854977e-002
 7.0904285e-002
 7.0879921e-002
 7.0978001e-002
 7.1036115e-002
 7.1189277e-002
 7.1159311e-002
 7.1213543e-002
 7.1336508e-002
 7.1387790e-002
 7.1475759e-002
 7.1581051e-002
 7.1668260e-002
 7.1663439e-002
 7.1831718e-002
 7.1923174e-002
 7.1785383e-002
 7.1786366e-002
 7.1655110e-002
 7.1671896e-002
 7.1682639e-002
 7.1693465e-002
 7.1683943e-002
 7.1607366e-002
 7.1561322e-002
 7.1367651e-002
 7.1259990e-002
 7.1260564e-002
 7.1087569e-002
 7.0317708e-002
-1.2300000e+034
