s07_AV97 Record=1050: Diopside HS15.3B pyroxene    ASDFRc AREF
 2.5660533e-001
 2.6649401e-001
 2.7726409e-001
 2.8784367e-001
 2.9802012e-001
 3.1011444e-001
 3.2165858e-001
 3.3126244e-001
 3.4195104e-001
 3.5316771e-001
 3.6445275e-001
 3.7669331e-001
 3.8816538e-001
 4.0060949e-001
 4.1271880e-001
 4.2250085e-001
 4.3001524e-001
 4.3593535e-001
 4.3977094e-001
 4.4190359e-001
 4.4217628e-001
 4.4065803e-001
 4.3785077e-001
 4.3429545e-001
 4.3008837e-001
 4.2536798e-001
 4.1955197e-001
 4.1356590e-001
 4.0700018e-001
 3.9955088e-001
 3.9164394e-001
 3.8338968e-001
 3.9294237e-001
 3.8499868e-001
 3.7686536e-001
 3.6860672e-001
 3.6030763e-001
 3.5205227e-001
 3.4382960e-001
 3.3591369e-001
 3.2840985e-001
 3.2126033e-001
 3.1470451e-001
 3.0878282e-001
 3.0365577e-001
 2.9947194e-001
 2.9665515e-001
 2.9517332e-001
 2.9506913e-001
 2.9639590e-001
 2.9869807e-001
 3.0130416e-001
 3.0388561e-001
 3.0604556e-001
 3.0724967e-001
 3.0731428e-001
 3.0635187e-001
 3.0406240e-001
 3.0098867e-001
 2.9770172e-001
 2.9397133e-001
 2.9018301e-001
 2.8668931e-001
 2.8372905e-001
 2.8129688e-001
 2.7928653e-001
 2.7768320e-001
 2.7649826e-001
 2.7551150e-001
 2.7426675e-001
 2.7390015e-001
 2.7311799e-001
 2.7252933e-001
 2.7252293e-001
 2.7290219e-001
 2.7390841e-001
 2.7487621e-001
 2.7636784e-001
 2.7816287e-001
 2.7949840e-001
 2.8120631e-001
 2.8248531e-001
 2.8375122e-001
 2.8495279e-001
 2.8624368e-001
 2.8782588e-001
 2.8942317e-001
 2.9142183e-001
 2.9356247e-001
 2.9603073e-001
 2.9884022e-001
 3.0218381e-001
 3.0554122e-001
 3.0920357e-001
 3.1297010e-001
 3.1728902e-001
 3.1075278e-001
 3.1516910e-001
 3.1942201e-001
 3.2380307e-001
 3.2819173e-001
 3.3270752e-001
 3.3735064e-001
 3.4177873e-001
 3.4641531e-001
 3.5104787e-001
 3.5537875e-001
 3.6006501e-001
 3.6394989e-001
 3.6742646e-001
 3.6983716e-001
 3.7561226e-001
 3.8026214e-001
 3.8429669e-001
 3.8844070e-001
 3.9236581e-001
 3.9593115e-001
 3.9936087e-001
 4.0276688e-001
 4.0734115e-001
 4.1123596e-001
 4.1524261e-001
 4.1888288e-001
 4.2293006e-001
 4.2669049e-001
 4.3001568e-001
 4.3358687e-001
 4.3733612e-001
 4.4069955e-001
 4.4386259e-001
 4.4741315e-001
 4.5105812e-001
 4.5411867e-001
 4.5720193e-001
 4.6076527e-001
 4.6426579e-001
 4.6735653e-001
 4.7016481e-001
 4.7310716e-001
 4.7611812e-001
 4.7955623e-001
 4.8274195e-001
 4.8572558e-001
 4.8864701e-001
 4.9156734e-001
 4.9418902e-001
 4.9656609e-001
 4.9933583e-001
 5.0216305e-001
 5.0525582e-001
 5.0824678e-001
 5.1073265e-001
 5.1306444e-001
 5.1538491e-001
 5.1768243e-001
 5.2040213e-001
 5.2278161e-001
 5.2552789e-001
 5.2775371e-001
 5.2893955e-001
 5.2837646e-001
 5.2933174e-001
 5.2873009e-001
 5.2766007e-001
 5.2743620e-001
 5.2870148e-001
 5.3081733e-001
 5.3356671e-001
 5.3574830e-001
 5.3798646e-001
 5.4014760e-001
 5.4295975e-001
 5.4654408e-001
 5.4952627e-001
 5.5216837e-001
 5.5466127e-001
 5.5730551e-001
 5.5978519e-001
 5.6155086e-001
 5.6299001e-001
 5.6478781e-001
 5.6598467e-001
 5.6724179e-001
 5.6725961e-001
 5.6732118e-001
 5.6749797e-001
 5.6799793e-001
 5.6774515e-001
 5.6717336e-001
 5.6787050e-001
 5.6815714e-001
 5.6907213e-001
 5.6930894e-001
 5.6927347e-001
 5.6841010e-001
 5.6700307e-001
 5.6678724e-001
 5.6730390e-001
 5.6716371e-001
 5.6605142e-001
 5.6263292e-001
 5.5618864e-001
 5.5322289e-001
 5.4605961e-001
 5.4716253e-001
 5.5717218e-001
 5.6351984e-001
 5.6762308e-001
 5.7130831e-001
 5.7131368e-001
 5.6884444e-001
 5.6615561e-001
 5.7038933e-001
 5.7391584e-001
 5.7817507e-001
 5.8203411e-001
 5.8225918e-001
 5.8328611e-001
 5.8440030e-001
 5.8501673e-001
 5.8735824e-001
 5.9032810e-001
 5.9307724e-001
-1.2300000e+034
