s07_AV97 Record=2764: Pyroxene HS119.3B           NIC4ccc RREF
-1.2300000e+034
-1.2300000e+034
-1.2300000e+034
-1.2300000e+034
-1.2300000e+034
-1.2300000e+034
-1.2300000e+034
-1.2300000e+034
-1.2300000e+034
-1.2300000e+034
-1.2300000e+034
-1.2300000e+034
-1.2300000e+034
-1.2300000e+034
-1.2300000e+034
-1.2300000e+034
-1.2300000e+034
-1.2300000e+034
-1.2300000e+034
-1.2300000e+034
-1.2300000e+034
-1.2300000e+034
-1.2300000e+034
-1.2300000e+034
-1.2300000e+034
-1.2300000e+034
-1.2300000e+034
-1.2300000e+034
-1.2300000e+034
-1.2300000e+034
-1.2300000e+034
-1.2300000e+034
-1.2300000e+034
-1.2300000e+034
-1.2300000e+034
-1.2300000e+034
-1.2300000e+034
-1.2300000e+034
-1.2300000e+034
-1.2300000e+034
-1.2300000e+034
-1.2300000e+034
-1.2300000e+034
-1.2300000e+034
-1.2300000e+034
-1.2300000e+034
-1.2300000e+034
-1.2300000e+034
-1.2300000e+034
-1.2300000e+034
-1.2300000e+034
-1.2300000e+034
-1.2300000e+034
-1.2300000e+034
-1.2300000e+034
-1.2300000e+034
-1.2300000e+034
-1.2300000e+034
-1.2300000e+034
-1.2300000e+034
-1.2300000e+034
-1.2300000e+034
-1.2300000e+034
-1.2300000e+034
-1.2300000e+034
-1.2300000e+034
-1.2300000e+034
-1.2300000e+034
-1.2300000e+034
-1.2300000e+034
-1.2300000e+034
-1.2300000e+034
-1.2300000e+034
-1.2300000e+034
-1.2300000e+034
-1.2300000e+034
-1.2300000e+034
-1.2300000e+034
-1.2300000e+034
-1.2300000e+034
-1.2300000e+034
-1.2300000e+034
-1.2300000e+034
-1.2300000e+034
-1.2300000e+034
-1.2300000e+034
-1.2300000e+034
-1.2300000e+034
-1.2300000e+034
-1.2300000e+034
-1.2300000e+034
-1.2300000e+034
-1.2300000e+034
-1.2300000e+034
-1.2300000e+034
-1.2300000e+034
-1.2300000e+034
-1.2300000e+034
-1.2300000e+034
-1.2300000e+034
-1.2300000e+034
-1.2300000e+034
-1.2300000e+034
-1.2300000e+034
-1.2300000e+034
-1.2300000e+034
-1.2300000e+034
-1.2300000e+034
 1.3445944e-001
 1.3617054e-001
 1.3658305e-001
 1.3840094e-001
 1.4028190e-001
 1.4196357e-001
 1.4354667e-001
 1.4552175e-001
 1.4727890e-001
 1.4902620e-001
 1.5080562e-001
 1.5298608e-001
 1.5541205e-001
 1.5786378e-001
 1.6020571e-001
 1.6257077e-001
 1.6518088e-001
 1.6791673e-001
 1.7073952e-001
 1.7345878e-001
 1.7617750e-001
 1.7893915e-001
 1.8156722e-001
 1.8448317e-001
 1.8748552e-001
 1.9037019e-001
 1.9321217e-001
 1.9593771e-001
 1.9860846e-001
 2.0121427e-001
 2.0413488e-001
 2.0714410e-001
 2.0994739e-001
 2.1271200e-001
 2.1532631e-001
 2.1778944e-001
 2.2042665e-001
 2.2309197e-001
 2.2590646e-001
 2.2869037e-001
 2.3147941e-001
 2.3405167e-001
 2.3643400e-001
 2.3888211e-001
 2.4121350e-001
 2.4386194e-001
 2.4652350e-001
 2.4921685e-001
 2.5187874e-001
 2.5427049e-001
 2.5655243e-001
 2.5840366e-001
 2.5779802e-001
 2.5957233e-001
 2.6108092e-001
 2.6296532e-001
 2.6561165e-001
 2.6847151e-001
 2.7140370e-001
 2.7408102e-001
 2.7647969e-001
 2.7864102e-001
 2.8071076e-001
 2.8295577e-001
 2.8538263e-001
 2.8804716e-001
 2.9067659e-001
 2.9341900e-001
 2.9602760e-001
 2.9842004e-001
 3.0047014e-001
 3.0221769e-001
 3.0375096e-001
 3.0554873e-001
 3.0747479e-001
 3.0953908e-001
 3.1170103e-001
 3.1399542e-001
 3.1637177e-001
 3.1866825e-001
 3.2075244e-001
 3.2243881e-001
 3.2391658e-001
 3.2511991e-001
 3.2620692e-001
 3.2718787e-001
 3.2832360e-001
 3.2957426e-001
 3.3149156e-001
 3.3397475e-001
 3.3601660e-001
 3.3706012e-001
 3.3567446e-001
 3.3039436e-001
 3.2742336e-001
 3.2198474e-001
 3.2252118e-001
 3.3380240e-001
 3.4374964e-001
 3.4901917e-001
 3.5178438e-001
 3.5317445e-001
 3.5265115e-001
 3.5128096e-001
 3.5394877e-001
 3.6010888e-001
 3.6396927e-001
 3.6571050e-001
 3.6779961e-001
 3.6939484e-001
 3.7053704e-001
 3.7222484e-001
 3.7539172e-001
 3.7793785e-001
 3.7943152e-001
 3.8131934e-001
