s07_AV97 Record=2688: Pyrite HS35.3                 BECKb AREF
 5.1087823e-002
 5.6101378e-002
 5.9750095e-002
 6.2659003e-002
 6.4946361e-002
 6.7408100e-002
 6.9644958e-002
 7.2495677e-002
 7.5361699e-002
 7.8569837e-002
 8.2193442e-002
 8.5809745e-002
 8.9348540e-002
 9.2057288e-002
 9.4518133e-002
 9.6182510e-002
 9.7673737e-002
 9.9109538e-002
 1.0032324e-001
 1.0145316e-001
 1.0248195e-001
 1.0365818e-001
 1.0428762e-001
 1.0433738e-001
 1.0405094e-001
 1.0420525e-001
 1.0446087e-001
 1.0503632e-001
 1.0603182e-001
 1.0662629e-001
 1.0749266e-001
 1.0833871e-001
 1.0737297e-001
 1.0821937e-001
 1.0885222e-001
 1.0914072e-001
 1.0956244e-001
 1.0941659e-001
 1.0918892e-001
 1.0859148e-001
 1.0781813e-001
 1.0672851e-001
 1.0573225e-001
 1.0498087e-001
 1.0400538e-001
 1.0297024e-001
 1.0188103e-001
 1.0065911e-001
 9.9904239e-002
 9.8610751e-002
 9.7103171e-002
 9.6040592e-002
 9.5234215e-002
 9.4696201e-002
 9.4387285e-002
 9.4434582e-002
 9.4644018e-002
 9.4191298e-002
 9.2545785e-002
 9.1656089e-002
 9.0497293e-002
 9.1317184e-002
 8.9014366e-002
 8.8292450e-002
 8.8464670e-002
 8.7249815e-002
 8.7194942e-002
 8.6007990e-002
 8.6176381e-002
 8.4652245e-002
 8.4391221e-002
 8.4327921e-002
 8.3310895e-002
 8.4221721e-002
 8.3791897e-002
 8.2829036e-002
 8.3145283e-002
 8.2449436e-002
 8.2267039e-002
 8.1928134e-002
 8.2294457e-002
 8.1514657e-002
 8.1369519e-002
 8.0921583e-002
 8.0587156e-002
 8.0414519e-002
 8.0734029e-002
 8.1162147e-002
 7.9964988e-002
 8.0305584e-002
 7.9543218e-002
 8.0430649e-002
 8.0598831e-002
 8.0314204e-002
 7.9647236e-002
 7.9793200e-002
 8.0264211e-002
 7.9545163e-002
 7.9730310e-002
 7.9888381e-002
 7.8993604e-002
 7.8842692e-002
 7.9020329e-002
 7.8930147e-002
 7.8955628e-002
 7.9036340e-002
 7.8889161e-002
 7.9222567e-002
 7.9214863e-002
 8.0307432e-002
 8.0031209e-002
 7.9458378e-002
 7.9126976e-002
 7.9996705e-002
 7.9642855e-002
 8.0319121e-002
 8.0334634e-002
 8.0679812e-002
 8.0139473e-002
 8.0578469e-002
 8.0386400e-002
 8.0437370e-002
 7.9729117e-002
 8.0689795e-002
 8.0384664e-002
 8.0154441e-002
 8.0777854e-002
 8.0523282e-002
 8.0596268e-002
 8.0498762e-002
 8.0417886e-002
 8.0337889e-002
 8.0363423e-002
 7.9811856e-002
 7.9375133e-002
 7.9307161e-002
 7.9368010e-002
 7.9412341e-002
 7.8996442e-002
 7.9699539e-002
 8.0136992e-002
 8.0389626e-002
 7.8971744e-002
 7.9664342e-002
 7.8688048e-002
 7.8473039e-002
 7.9192005e-002
 7.9102635e-002
 7.8837320e-002
 7.8833073e-002
 8.0747575e-002
 7.9395205e-002
 7.9015911e-002
 7.7811047e-002
 7.8222796e-002
 7.8769431e-002
 7.7635825e-002
 7.7446744e-002
 7.7913791e-002
 7.6329894e-002
 7.6975308e-002
 7.6685876e-002
 7.7160798e-002
 7.6972485e-002
 7.7724628e-002
 7.5238571e-002
 7.5867936e-002
 7.5511970e-002
 7.4878089e-002
 7.4430741e-002
 7.5077020e-002
 7.4211337e-002
 7.4915029e-002
 7.5162001e-002
 7.4365690e-002
 7.4245989e-002
 7.5228699e-002
 7.4274972e-002
 7.4075744e-002
 7.4219361e-002
 7.4106604e-002
 7.5130813e-002
 7.5111240e-002
 7.5814933e-002
 7.5264804e-002
 7.4950539e-002
 7.5306609e-002
 7.6011539e-002
 7.5803213e-002
 7.5634122e-002
 7.5961672e-002
 7.5164974e-002
 7.3795393e-002
 7.6696701e-002
 7.6216616e-002
 7.6531492e-002
 7.6332390e-002
 7.7349357e-002
 7.7909932e-002
 7.8190081e-002
 7.7090055e-002
 7.7947736e-002
 7.6802731e-002
 7.7666871e-002
 7.9128057e-002
 7.6786086e-002
 7.7998504e-002
 7.6504432e-002
 7.6296002e-002
 7.7964447e-002
 7.7014305e-002
 7.8503907e-002
 7.8119308e-002
 7.8234889e-002
 7.9100572e-002
 7.9582758e-002
 7.9692371e-002
 7.9733059e-002
 7.9837270e-002
 8.0098890e-002
 8.0517881e-002
 8.0877371e-002
 8.0916233e-002
 8.0522478e-002
