s07_AV97 Record=3566: Alunite+Pyrophyl SD1093A      BECKb AREF
 5.4615755e-002
 5.6657620e-002
 5.8909602e-002
 6.1033893e-002
 6.2938683e-002
 6.5196924e-002
 6.7627311e-002
 7.1267977e-002
 7.4613787e-002
 7.6249100e-002
 7.6988310e-002
 7.7988200e-002
 8.0161884e-002
 8.3683401e-002
 8.9203253e-002
 9.6288368e-002
 1.0602789e-001
 1.1931027e-001
 1.3580689e-001
 1.5333781e-001
 1.7069687e-001
 1.8491955e-001
 1.9389156e-001
 1.9772860e-001
 1.9839898e-001
 1.9832714e-001
 1.9785540e-001
 1.9789556e-001
 1.9848867e-001
 1.9936745e-001
 2.0132941e-001
 2.0376995e-001
 2.0094356e-001
 2.0318225e-001
 2.0646447e-001
 2.1060286e-001
 2.1602680e-001
 2.2144015e-001
 2.2654051e-001
 2.3097512e-001
 2.3427561e-001
 2.3649314e-001
 2.3667490e-001
 2.3576966e-001
 2.3329008e-001
 2.3016278e-001
 2.2689214e-001
 2.2286950e-001
 2.1881318e-001
 2.1529245e-001
 2.1103980e-001
 2.0898362e-001
 2.0503898e-001
 2.0030591e-001
 1.9818810e-001
 1.9751343e-001
 1.9791569e-001
 1.9678864e-001
 1.9517219e-001
 1.9581413e-001
 1.9720562e-001
 1.9742276e-001
 1.9657484e-001
 1.9914240e-001
 2.0194462e-001
 2.0378426e-001
 2.0514993e-001
 2.0792601e-001
 2.1061182e-001
 2.1227175e-001
 2.1726449e-001
 2.2046596e-001
 2.2380075e-001
 2.2810444e-001
 2.3264389e-001
 2.3722681e-001
 2.4263781e-001
 2.4740295e-001
 2.5272971e-001
 2.5858462e-001
 2.6417294e-001
 2.6951468e-001
 2.7454686e-001
 2.7978233e-001
 2.8434762e-001
 2.8806978e-001
 2.9285592e-001
 2.9693568e-001
 3.0026579e-001
 3.0362839e-001
 3.0662030e-001
 3.0795816e-001
 3.1040111e-001
 3.1239507e-001
 3.1345385e-001
 3.1482437e-001
 3.1298187e-001
 3.1408697e-001
 3.1541574e-001
 3.1666201e-001
 3.1748310e-001
 3.1853354e-001
 3.1885946e-001
 3.1893107e-001
 3.1886777e-001
 3.1907833e-001
 3.1871429e-001
 3.1886217e-001
 3.1916422e-001
 3.1221598e-001
 2.7834246e-001
 2.9997438e-001
 3.0646813e-001
 3.0476597e-001
 2.9917675e-001
 3.0252996e-001
 3.0670255e-001
 3.0615106e-001
 3.0215538e-001
 2.9842997e-001
 2.9941416e-001
 3.0635741e-001
 3.1111097e-001
 3.1408787e-001
 3.1508285e-001
 3.1545463e-001
 3.1602955e-001
 3.1662220e-001
 3.1569302e-001
 3.1581461e-001
 3.1504342e-001
 3.1522292e-001
 3.1451744e-001
 3.1430927e-001
 3.1346425e-001
 3.1279653e-001
 3.1229901e-001
 3.1146082e-001
 3.1065345e-001
 3.0877438e-001
 3.0919486e-001
 3.0859807e-001
 3.0651519e-001
 3.0264726e-001
 2.9988706e-001
 2.9664761e-001
 2.9312822e-001
 2.9050741e-001
 2.8829974e-001
 2.9417101e-001
 2.9976255e-001
 2.9998851e-001
 3.0004722e-001
 2.9908371e-001
 2.9831207e-001
 2.9843837e-001
 2.9821274e-001
 2.9594281e-001
 2.9333648e-001
 2.8908992e-001
 2.9080573e-001
 2.8397045e-001
 2.7422747e-001
 2.6576117e-001
 2.6234868e-001
 2.6146147e-001
 2.6099765e-001
 2.6080981e-001
 2.6111549e-001
 2.6295516e-001
 2.6416290e-001
 2.6458237e-001
 2.6371494e-001
 2.6295069e-001
 2.6222798e-001
 2.6368126e-001
 2.6342374e-001
 2.6013196e-001
 2.5787255e-001
 2.5602427e-001
 2.5494978e-001
 2.5289413e-001
 2.5100872e-001
 2.4700674e-001
 2.3968793e-001
 2.2846702e-001
 2.1952668e-001
 2.1042885e-001
 1.8919389e-001
 1.7633335e-001
 1.9393103e-001
 2.1021309e-001
 2.1786541e-001
 2.2108558e-001
 2.2058940e-001
 2.3089306e-001
 2.3830183e-001
 2.4138032e-001
 2.4144866e-001
 2.3877993e-001
 2.3520567e-001
 2.2839534e-001
 2.2229044e-001
 2.1276838e-001
 2.0133790e-001
 2.0363827e-001
 2.1096601e-001
 2.1019326e-001
 2.1105595e-001
 2.1163166e-001
 2.0721895e-001
 1.9619390e-001
 1.8886663e-001
 1.8480283e-001
 1.8131530e-001
 1.7630714e-001
 1.7106424e-001
 1.6749533e-001
 1.6539684e-001
 1.6288741e-001
 1.5922685e-001
 1.5509738e-001
 1.5151788e-001
 1.4930123e-001
