s07_AV97 Record=1275: Gibbsite WS214                BECKb AREF
 2.4507658e-001
 2.5197592e-001
 2.6112726e-001
 2.7228630e-001
 2.8385699e-001
 2.9587945e-001
 3.0908212e-001
 3.2670793e-001
 3.4251437e-001
 3.5448512e-001
 3.6293951e-001
 3.7131029e-001
 3.8182163e-001
 3.9536253e-001
 4.1020557e-001
 4.2714334e-001
 4.4472328e-001
 4.6512961e-001
 4.8464420e-001
 5.0345302e-001
 5.2186042e-001
 5.3756434e-001
 5.4812157e-001
 5.5866772e-001
 5.6570834e-001
 5.7300144e-001
 5.7842505e-001
 5.8524865e-001
 5.9109122e-001
 5.9787720e-001
 6.0449177e-001
 6.1388338e-001
 6.0310084e-001
 6.1237067e-001
 6.1706632e-001
 6.2402838e-001
 6.2701827e-001
 6.3306928e-001
 6.3849878e-001
 6.4494652e-001
 6.4772063e-001
 6.5223873e-001
 6.5397161e-001
 6.5993178e-001
 6.6349006e-001
 6.6595548e-001
 6.6778988e-001
 6.7065638e-001
 6.7269427e-001
 6.7282188e-001
 6.7960441e-001
 6.8074107e-001
 6.7855442e-001
 6.8009794e-001
 6.7954201e-001
 6.7687881e-001
 6.8048251e-001
 6.7987698e-001
 6.8294305e-001
 6.8536627e-001
 6.8268263e-001
 6.8529397e-001
 6.8546307e-001
 6.8557262e-001
 6.8433827e-001
 6.8772292e-001
 6.8751913e-001
 6.8994343e-001
 6.9455534e-001
 6.9793254e-001
 7.0362496e-001
 7.0667726e-001
 7.0756406e-001
 7.1217728e-001
 7.1195674e-001
 7.1538526e-001
 7.1622872e-001
 7.2009212e-001
 7.2223043e-001
 7.2419846e-001
 7.2529125e-001
 7.2653526e-001
 7.2946638e-001
 7.2858292e-001
 7.3205721e-001
 7.3260349e-001
 7.3211861e-001
 7.3381257e-001
 7.3691672e-001
 7.3693788e-001
 7.3592317e-001
 7.3506796e-001
 7.3437917e-001
 7.3005742e-001
 7.2191179e-001
 7.1253824e-001
 7.2510540e-001
 7.1776366e-001
 7.0993650e-001
 7.0970076e-001
 7.0654720e-001
 7.0280588e-001
 7.0038044e-001
 7.0127523e-001
 7.0422930e-001
 7.0572883e-001
 7.0710099e-001
 6.9884485e-001
 6.8224150e-001
 6.5035772e-001
 5.8993798e-001
 5.4971343e-001
 5.0940889e-001
 4.9056262e-001
 4.7033608e-001
 4.5191693e-001
 4.4352993e-001
 4.7527367e-001
 5.4057449e-001
 5.7437295e-001
 5.8377242e-001
 5.7673836e-001
 5.6414825e-001
 5.5073845e-001
 5.4676187e-001
 5.4046547e-001
 5.3965825e-001
 5.6108987e-001
 5.7834703e-001
 5.8955443e-001
 6.1103910e-001
 6.2412095e-001
 6.3684767e-001
 6.4547110e-001
 6.5002376e-001
 6.5549755e-001
 6.5671223e-001
 6.6149980e-001
 6.6602224e-001
 6.6785908e-001
 6.6754901e-001
 6.7076761e-001
 6.6892666e-001
 6.7005569e-001
 6.6748208e-001
 6.6688055e-001
 6.6324651e-001
 6.5509260e-001
 6.5119123e-001
 6.4046633e-001
 6.3007349e-001
 6.2471718e-001
 6.1420697e-001
 6.0485357e-001
 6.0242712e-001
 5.9767854e-001
 5.9588993e-001
 5.9438461e-001
 5.8908647e-001
 5.7675815e-001
 5.8114284e-001
 5.7405138e-001
 5.6622678e-001
 5.4578912e-001
 5.3803110e-001
 5.3026241e-001
 5.2305305e-001
 5.1982933e-001
 5.2117503e-001
 5.1889324e-001
 5.1744270e-001
 5.1402473e-001
 5.1006585e-001
 5.1045412e-001
 5.1053071e-001
 5.1136661e-001
 5.0847542e-001
 5.0741971e-001
 5.0671065e-001
 5.0194007e-001
 4.9952486e-001
 4.9938133e-001
 4.9791005e-001
 4.9777499e-001
 4.9376684e-001
 4.7728172e-001
 4.6251649e-001
 4.5427290e-001
 4.3625379e-001
 3.9492163e-001
 3.7546253e-001
 3.6022514e-001
 3.3801857e-001
 3.2100764e-001
 3.1194085e-001
 2.9062542e-001
 2.6232356e-001
 2.2491655e-001
 1.9937380e-001
 1.8751493e-001
 1.9864400e-001
 2.1587035e-001
 2.4073771e-001
 2.4120918e-001
 2.4781010e-001
 2.5581831e-001
 2.5447133e-001
 2.5259790e-001
 2.3985557e-001
 2.4500188e-001
 2.5018305e-001
 2.4553993e-001
 2.4747987e-001
 2.5195470e-001
 2.5587952e-001
 2.5874490e-001
 2.6140189e-001
 2.6478523e-001
 2.6740521e-001
 2.6766244e-001
 2.6387236e-001
 2.5804490e-001
 2.5285298e-001
 2.4990654e-001
