s07_AV97 Record=852: Cinnabar HS133.3B             BECKc AREF
 9.0075456e-002
 8.8295877e-002
 8.7528765e-002
 8.6575925e-002
 8.5791670e-002
 8.5291073e-002
 8.5074529e-002
 8.4897704e-002
 8.4702075e-002
 8.4672652e-002
 8.4642693e-002
 8.4527589e-002
 8.4728703e-002
 8.5652396e-002
 8.6721160e-002
 8.8069372e-002
 8.9562267e-002
 9.1272131e-002
 9.4147414e-002
 9.8197199e-002
 1.0524804e-001
 1.1765311e-001
 1.3747700e-001
 1.6974570e-001
 2.2366013e-001
 3.0085051e-001
 3.6440703e-001
 3.9574066e-001
 4.1148591e-001
 4.2210725e-001
 4.3137270e-001
 4.3994445e-001
 4.2981362e-001
 4.3851003e-001
 4.4569778e-001
 4.5323098e-001
 4.6020558e-001
 4.6633244e-001
 4.7143558e-001
 4.7633490e-001
 4.7997159e-001
 4.8172134e-001
 4.8299354e-001
 4.8403358e-001
 4.8377717e-001
 4.8319834e-001
 4.8257613e-001
 4.8217177e-001
 4.8129165e-001
 4.8072180e-001
 4.7980487e-001
 4.8280436e-001
 4.8601404e-001
 4.8656917e-001
 4.9015579e-001
 4.8843792e-001
 4.9205816e-001
 4.9627298e-001
 4.9257955e-001
 4.9687257e-001
 4.9932668e-001
 5.0192106e-001
 5.0450349e-001
 5.0942278e-001
 5.1432180e-001
 5.1586074e-001
 5.1820290e-001
 5.2268016e-001
 5.2522022e-001
 5.2726161e-001
 5.3146017e-001
 5.3438216e-001
 5.3709286e-001
 5.3708667e-001
 5.3869599e-001
 5.4229265e-001
 5.4278260e-001
 5.4550290e-001
 5.4832011e-001
 5.4926729e-001
 5.4916656e-001
 5.5212843e-001
 5.5384803e-001
 5.5558771e-001
 5.5550903e-001
 5.5734003e-001
 5.5845213e-001
 5.6096601e-001
 5.6113136e-001
 5.6229949e-001
 5.6434208e-001
 5.6563765e-001
 5.6537873e-001
 5.6789756e-001
 5.6769580e-001
 5.6915063e-001
 5.6810617e-001
 5.6843090e-001
 5.6924480e-001
 5.6969720e-001
 5.7105994e-001
 5.7154834e-001
 5.7161933e-001
 5.7229638e-001
 5.7425153e-001
 5.7443750e-001
 5.7535863e-001
 5.7597685e-001
 5.7645470e-001
 5.7537931e-001
 5.7254601e-001
 5.6623679e-001
 5.6199259e-001
 5.6922561e-001
 5.7595265e-001
 5.7997262e-001
 5.8103651e-001
 5.8113647e-001
 5.8204734e-001
 5.8424866e-001
 5.8384120e-001
 5.8439982e-001
 5.8498782e-001
 5.8601898e-001
 5.8740658e-001
 5.8836091e-001
 5.8899432e-001
 5.9005290e-001
 5.9145898e-001
 5.9137380e-001
 5.9186363e-001
 5.9262633e-001
 5.9283817e-001
 5.9265018e-001
 5.9312677e-001
 5.9508771e-001
 5.9482414e-001
 5.9458339e-001
 5.9575105e-001
 5.9557486e-001
 5.9859639e-001
 5.9867764e-001
 5.9950978e-001
 5.9845901e-001
 5.9756994e-001
 6.0007924e-001
 6.0216951e-001
 6.0307968e-001
 6.0054922e-001
 6.0202968e-001
 6.0387975e-001
 6.0236019e-001
 6.0283250e-001
 6.0079211e-001
 6.0314369e-001
 6.0427058e-001
 6.0580909e-001
 6.0233098e-001
 6.0179073e-001
 5.9850687e-001
 6.0043168e-001
 5.9610975e-001
 5.9615654e-001
 5.9321982e-001
 5.9045511e-001
 5.8851510e-001
 5.9040463e-001
 5.9425420e-001
 5.9153545e-001
 5.9414750e-001
 5.9686655e-001
 5.9636676e-001
 5.9555596e-001
 5.9915268e-001
 6.0021394e-001
 6.0143048e-001
 6.0184467e-001
 6.0263228e-001
 6.0412812e-001
 6.0107362e-001
 6.0339099e-001
 6.0163885e-001
 5.9873402e-001
 6.0141867e-001
 6.0163105e-001
 6.0165393e-001
 6.0443997e-001
 6.0521668e-001
 6.0255897e-001
 6.0283792e-001
 5.9894240e-001
 5.8837026e-001
 5.8228958e-001
 5.7873869e-001
 5.7506394e-001
 5.7374102e-001
 5.8458251e-001
 5.9281111e-001
 5.9856838e-001
 6.0444975e-001
 6.0095656e-001
 6.0270911e-001
 6.0295826e-001
 5.9243482e-001
 5.9592819e-001
 5.9343237e-001
 5.8631611e-001
 5.8099407e-001
 5.8525002e-001
 5.9441710e-001
 5.9754944e-001
 5.9452373e-001
 5.9613949e-001
 5.9347397e-001
 5.8701837e-001
 5.8228815e-001
 5.7964051e-001
 5.7813728e-001
 5.7768947e-001
 5.7850969e-001
 5.8075112e-001
 5.8351123e-001
 5.8569992e-001
 5.8662212e-001
