s07_AV97 Record=1907: Lepidolite NMNH105538         BECKb AREF
 3.4605363e-001
 3.6930665e-001
 3.7753183e-001
 3.7010506e-001
 3.5065582e-001
 3.2797301e-001
 3.0912200e-001
 2.9455897e-001
 2.8674790e-001
 2.8474963e-001
 2.8638035e-001
 2.8722465e-001
 2.8783008e-001
 2.8588811e-001
 2.7837139e-001
 2.7016613e-001
 2.6460862e-001
 2.6226854e-001
 2.6175377e-001
 2.6300761e-001
 2.6729241e-001
 2.7698192e-001
 2.9241562e-001
 3.1264222e-001
 3.3581844e-001
 3.5883194e-001
 3.7964177e-001
 3.9589840e-001
 4.0709403e-001
 4.1274339e-001
 4.1365343e-001
 4.1032696e-001
 4.1391850e-001
 4.1113847e-001
 4.0659860e-001
 4.0063033e-001
 3.9374611e-001
 3.8775507e-001
 3.8173416e-001
 3.7588188e-001
 3.7067267e-001
 3.6717606e-001
 3.6382475e-001
 3.6191529e-001
 3.6025792e-001
 3.5903212e-001
 3.5851434e-001
 3.5889941e-001
 3.5901496e-001
 3.6016190e-001
 3.6333182e-001
 3.6433280e-001
 3.6729717e-001
 3.7265295e-001
 3.7766960e-001
 3.7972388e-001
 3.8307756e-001
 3.8448098e-001
 3.9142826e-001
 3.9452505e-001
 4.0193975e-001
 4.0792945e-001
 4.0468630e-001
 4.0691370e-001
 4.1825014e-001
 4.3025497e-001
 4.3655425e-001
 4.4520628e-001
 4.5000556e-001
 4.5756304e-001
 4.6664068e-001
 4.7365165e-001
 4.7944236e-001
 4.8646343e-001
 4.9366656e-001
 5.0110126e-001
 5.0847858e-001
 5.1685292e-001
 5.2252793e-001
 5.2869183e-001
 5.3665006e-001
 5.4297638e-001
 5.5160755e-001
 5.5681849e-001
 5.6336153e-001
 5.6925893e-001
 5.7639956e-001
 5.8304954e-001
 5.8908069e-001
 5.9454501e-001
 6.0167664e-001
 6.0662907e-001
 6.0789007e-001
 6.0837555e-001
 6.2014139e-001
 6.2711251e-001
 6.1385953e-001
 6.2386924e-001
 6.2941623e-001
 6.3102448e-001
 6.2897682e-001
 6.2611681e-001
 6.2529778e-001
 6.2630427e-001
 6.2974524e-001
 6.3822889e-001
 6.4282507e-001
 6.3276577e-001
 6.0529518e-001
 5.0937444e-001
 3.8534439e-001
 2.7807742e-001
 2.7128991e-001
 4.2199403e-001
 5.5542296e-001
 6.2525928e-001
 6.5510046e-001
 6.6679251e-001
 6.7421490e-001
 6.8483227e-001
 6.9165862e-001
 6.9832832e-001
 7.0511937e-001
 7.1101809e-001
 7.1545100e-001
 7.1868837e-001
 7.2219980e-001
 7.2595876e-001
 7.2521889e-001
 7.2868532e-001
 7.3169172e-001
 7.3431295e-001
 7.3623902e-001
 7.3741931e-001
 7.3979169e-001
 7.4157202e-001
 7.4502420e-001
 7.4676621e-001
 7.4541074e-001
 7.4596238e-001
 7.5100833e-001
 7.4939382e-001
 7.4926424e-001
 7.4495286e-001
 7.4621260e-001
 7.4938500e-001
 7.4679470e-001
 7.4068195e-001
 7.3768127e-001
 7.4047965e-001
 7.4238735e-001
 7.3669124e-001
 7.3165917e-001
 7.2066903e-001
 7.0672458e-001
 7.0467550e-001
 7.0940834e-001
 7.0675188e-001
 7.0098919e-001
 6.8564677e-001
 6.9241118e-001
 6.6100377e-001
 6.0664666e-001
 5.6666934e-001
 5.6895745e-001
 5.8795148e-001
 6.0259050e-001
 6.0539973e-001
 6.0765094e-001
 6.0966045e-001
 6.1264682e-001
 6.1682045e-001
 6.2140536e-001
 6.2258095e-001
 6.2477905e-001
 6.2560183e-001
 6.2429184e-001
 6.2127769e-001
 6.1781824e-001
 6.0932624e-001
 5.7911730e-001
 5.4439664e-001
 5.2387446e-001
 4.9986178e-001
 4.8380458e-001
 4.8158097e-001
 4.7389597e-001
 4.5082656e-001
 4.0518749e-001
 3.2963580e-001
 2.3440354e-001
 1.6120014e-001
 1.3456365e-001
 1.5714769e-001
 2.2524832e-001
 3.0068704e-001
 3.4617093e-001
 3.6768511e-001
 3.7916091e-001
 3.8041076e-001
 3.7564322e-001
 3.6343586e-001
 3.4037837e-001
 3.0503675e-001
 2.5905633e-001
 2.2096953e-001
 1.9157524e-001
 1.7781724e-001
 1.8071117e-001
 1.8852438e-001
 1.9182803e-001
 1.9348933e-001
 1.9084120e-001
 1.8006337e-001
 1.6533688e-001
 1.5362407e-001
 1.4678422e-001
 1.4511734e-001
 1.4714791e-001
 1.5169717e-001
 1.5724926e-001
 1.6331752e-001
 1.6961099e-001
 1.7578694e-001
