s07_AV97 Record=2594: Phlogopite HS23.3B          NIC4bbb RREF
-1.2300000e+034
-1.2300000e+034
-1.2300000e+034
-1.2300000e+034
-1.2300000e+034
-1.2300000e+034
-1.2300000e+034
-1.2300000e+034
-1.2300000e+034
-1.2300000e+034
-1.2300000e+034
-1.2300000e+034
-1.2300000e+034
-1.2300000e+034
-1.2300000e+034
-1.2300000e+034
-1.2300000e+034
-1.2300000e+034
-1.2300000e+034
-1.2300000e+034
-1.2300000e+034
-1.2300000e+034
-1.2300000e+034
-1.2300000e+034
-1.2300000e+034
-1.2300000e+034
-1.2300000e+034
-1.2300000e+034
-1.2300000e+034
-1.2300000e+034
-1.2300000e+034
-1.2300000e+034
-1.2300000e+034
-1.2300000e+034
-1.2300000e+034
-1.2300000e+034
-1.2300000e+034
-1.2300000e+034
-1.2300000e+034
-1.2300000e+034
-1.2300000e+034
-1.2300000e+034
-1.2300000e+034
-1.2300000e+034
-1.2300000e+034
-1.2300000e+034
-1.2300000e+034
-1.2300000e+034
-1.2300000e+034
-1.2300000e+034
-1.2300000e+034
-1.2300000e+034
-1.2300000e+034
-1.2300000e+034
-1.2300000e+034
-1.2300000e+034
-1.2300000e+034
-1.2300000e+034
-1.2300000e+034
-1.2300000e+034
-1.2300000e+034
-1.2300000e+034
-1.2300000e+034
-1.2300000e+034
-1.2300000e+034
-1.2300000e+034
-1.2300000e+034
-1.2300000e+034
-1.2300000e+034
-1.2300000e+034
-1.2300000e+034
-1.2300000e+034
-1.2300000e+034
-1.2300000e+034
-1.2300000e+034
-1.2300000e+034
-1.2300000e+034
-1.2300000e+034
-1.2300000e+034
-1.2300000e+034
-1.2300000e+034
-1.2300000e+034
-1.2300000e+034
-1.2300000e+034
-1.2300000e+034
-1.2300000e+034
-1.2300000e+034
-1.2300000e+034
-1.2300000e+034
-1.2300000e+034
-1.2300000e+034
-1.2300000e+034
-1.2300000e+034
-1.2300000e+034
-1.2300000e+034
-1.2300000e+034
-1.2300000e+034
-1.2300000e+034
-1.2300000e+034
-1.2300000e+034
-1.2300000e+034
-1.2300000e+034
-1.2300000e+034
-1.2300000e+034
-1.2300000e+034
-1.2300000e+034
-1.2300000e+034
 7.1076089e-001
 6.8178356e-001
 6.7222178e-001
 6.7894483e-001
 6.7699444e-001
 6.7272407e-001
 6.6655606e-001
 6.6107810e-001
 6.5676624e-001
 6.5322864e-001
 6.5066814e-001
 6.4948136e-001
 6.5015435e-001
 6.5209365e-001
 6.5481168e-001
 6.5781778e-001
 6.6092765e-001
 6.6459125e-001
 6.6904539e-001
 6.7381173e-001
 6.7855448e-001
 6.8271393e-001
 6.8642545e-001
 6.9027025e-001
 6.9450688e-001
 6.9890720e-001
 7.0329750e-001
 7.0716518e-001
 7.1035343e-001
 7.1306342e-001
 7.1595514e-001
 7.1914274e-001
 7.2242391e-001
 7.2578555e-001
 7.2872013e-001
 7.3106229e-001
 7.3314589e-001
 7.3503178e-001
 7.3721981e-001
 7.3942691e-001
 7.4169874e-001
 7.4392039e-001
 7.4535412e-001
 7.4619967e-001
 7.4680781e-001
 7.4731624e-001
 7.4779433e-001
 7.4854195e-001
 7.4935991e-001
 7.5052863e-001
 7.5133759e-001
 7.5089109e-001
 7.5148934e-001
 7.5129426e-001
 7.5130677e-001
 7.5041950e-001
 7.5010175e-001
 7.5046992e-001
 7.5139618e-001
 7.5250626e-001
 7.5326985e-001
 7.5347847e-001
 7.5324833e-001
 7.5294274e-001
 7.5249147e-001
 7.5230098e-001
 7.5237834e-001
 7.5256109e-001
 7.5272828e-001
 7.5303018e-001
 7.5308639e-001
 7.5268447e-001
 7.4992806e-001
 7.4475181e-001
 7.4144953e-001
 7.3950940e-001
 7.3773199e-001
 7.3602903e-001
 7.3572826e-001
 7.3587924e-001
 7.3611236e-001
 7.3632771e-001
 7.3675615e-001
 7.3702550e-001
 7.3655248e-001
 7.3578376e-001
 7.3422116e-001
 7.3266912e-001
 7.2646540e-001
 7.0714831e-001
 6.9390380e-001
 7.0474601e-001
 7.0910031e-001
 7.0081592e-001
 6.8265140e-001
 6.6196263e-001
 6.3487953e-001
 6.0838056e-001
 6.0496938e-001
 6.3329428e-001
 6.5275437e-001
 6.5430951e-001
 6.4271247e-001
 6.2512857e-001
 6.3120043e-001
 6.5181118e-001
 6.6102213e-001
 6.6700488e-001
 6.6672421e-001
 6.6097146e-001
 6.6116089e-001
 6.6728204e-001
 6.7220998e-001
 6.7392761e-001
 6.7446911e-001
 6.7232138e-001
 6.7046231e-001
