s07_AV97 Record=363: Andradite HS111.4B Garnet    ASDFRb AREF
 7.5383723e-002
 7.6915681e-002
 8.1549399e-002
 8.7700441e-002
 9.1943666e-002
 9.5183805e-002
 9.5193893e-002
 9.4381668e-002
 1.0484312e-001
 1.1396098e-001
 1.2052754e-001
 1.2723388e-001
 1.3625568e-001
 1.4649509e-001
 1.5760604e-001
 1.6920872e-001
 1.8053246e-001
 1.9055553e-001
 1.9877397e-001
 2.0554124e-001
 2.1126455e-001
 2.1641551e-001
 2.2129735e-001
 2.2570123e-001
 2.2978978e-001
 2.3371853e-001
 2.3891415e-001
 2.4524666e-001
 2.5220990e-001
 2.5990105e-001
 2.6771086e-001
 2.7540973e-001
 2.6645285e-001
 2.7398047e-001
 2.8091452e-001
 2.8701895e-001
 2.9239905e-001
 2.9724911e-001
 3.0144808e-001
 3.0482000e-001
 3.0727407e-001
 3.0842590e-001
 3.0802643e-001
 3.0613887e-001
 3.0260304e-001
 2.9769862e-001
 2.9199120e-001
 2.8583848e-001
 2.7985552e-001
 2.7454776e-001
 2.7032256e-001
 2.6760849e-001
 2.6663852e-001
 2.6724532e-001
 2.6921690e-001
 2.7224395e-001
 2.7613738e-001
 2.8090900e-001
 2.8643152e-001
 2.9275653e-001
 2.9966348e-001
 3.0706340e-001
 3.1457782e-001
 3.2184374e-001
 3.2888660e-001
 3.3611110e-001
 3.4313819e-001
 3.4994939e-001
 3.5628319e-001
 3.6215919e-001
 3.6789063e-001
 3.7301835e-001
 3.7852350e-001
 3.8363844e-001
 3.8903198e-001
 3.9459094e-001
 3.9958808e-001
 4.0533653e-001
 4.1136637e-001
 4.1664454e-001
 4.2275199e-001
 4.2784917e-001
 4.3352038e-001
 4.3867606e-001
 4.4314107e-001
 4.4808155e-001
 4.5257926e-001
 4.5704234e-001
 4.6159148e-001
 4.6558398e-001
 4.6996379e-001
 4.7446090e-001
 4.7846612e-001
 4.8277882e-001
 4.8641908e-001
 4.9049658e-001
 4.8435041e-001
 4.8842412e-001
 4.9243775e-001
 4.9631512e-001
 5.0008607e-001
 5.0351560e-001
 5.0682342e-001
 5.0993079e-001
 5.1278281e-001
 5.1539028e-001
 5.1745850e-001
 5.1912230e-001
 5.2036768e-001
 5.2122337e-001
 5.1688451e-001
 5.0271678e-001
 4.8529604e-001
 4.9059102e-001
 5.0562733e-001
 5.1800686e-001
 5.2675879e-001
 5.3313690e-001
 5.3769565e-001
 5.4140508e-001
 5.4501808e-001
 5.4883170e-001
 5.5253017e-001
 5.5621529e-001
 5.5954760e-001
 5.6261194e-001
 5.6544650e-001
 5.6832850e-001
 5.7102329e-001
 5.7360655e-001
 5.7628781e-001
 5.7936412e-001
 5.8246309e-001
 5.8553427e-001
 5.8841097e-001
 5.9101278e-001
 5.9405583e-001
 5.9650034e-001
 5.9863067e-001
 5.9966838e-001
 5.9921753e-001
 5.9970605e-001
 6.0116130e-001
 6.0263807e-001
 6.0388237e-001
 6.0439587e-001
 6.0526520e-001
 6.0595465e-001
 6.0742396e-001
 6.0877258e-001
 6.1040384e-001
 6.1232048e-001
 6.1390871e-001
 6.1534220e-001
 6.1645246e-001
 6.1943734e-001
 6.2206268e-001
 6.2379098e-001
 6.2366819e-001
 6.2048781e-001
 6.2228405e-001
 6.1630404e-001
 6.0595024e-001
 5.9413427e-001
 5.8581966e-001
 5.8249563e-001
 5.8327436e-001
 5.8557785e-001
 5.8910847e-001
 5.9308201e-001
 5.9716678e-001
 6.0159194e-001
 6.0584611e-001
 6.0927922e-001
 6.1145818e-001
 6.1337507e-001
 6.1402392e-001
 6.1471963e-001
 6.1557668e-001
 6.1585522e-001
 6.1629850e-001
 6.1694229e-001
 6.1737210e-001
 6.1761594e-001
 6.1828130e-001
 6.1856222e-001
 6.1809576e-001
 6.1556327e-001
 6.1086917e-001
 6.0395950e-001
 5.9448838e-001
 5.8329910e-001
 5.7180095e-001
 5.5578959e-001
 5.3563064e-001
 5.2102554e-001
 5.1297051e-001
 5.1351780e-001
 5.1430470e-001
 5.1655537e-001
 5.1818919e-001
 5.1753449e-001
 5.2449894e-001
 5.1856452e-001
 5.1073831e-001
 5.1362532e-001
 5.1676744e-001
 5.1043534e-001
 4.9169806e-001
 4.6529710e-001
 4.3495488e-001
 4.0667522e-001
 3.9508069e-001
 4.0004110e-001
 4.0697569e-001
 4.1123968e-001
 4.1248870e-001
 4.0851080e-001
 3.9909017e-001
 3.8991678e-001
 3.8062611e-001
 3.7552130e-001
 3.7550318e-001
-1.2300000e+034
