s07_AV97 Record=1031: Dickite NMNH106242            BECKb AREF
 4.7927511e-001
 5.1748842e-001
 5.5167627e-001
 5.8180350e-001
 6.0566592e-001
 6.2419307e-001
 6.3573492e-001
 6.4566141e-001
 6.5934110e-001
 6.7259383e-001
 6.8380851e-001
 6.9471645e-001
 7.0464140e-001
 7.1334654e-001
 7.2185189e-001
 7.3100793e-001
 7.3901016e-001
 7.4686056e-001
 7.5374907e-001
 7.6056135e-001
 7.6832330e-001
 7.7450621e-001
 7.8074306e-001
 7.8635365e-001
 7.9103404e-001
 7.9536170e-001
 8.0068916e-001
 8.0509132e-001
 8.0980915e-001
 8.1387603e-001
 8.1830519e-001
 8.2179290e-001
 8.1783193e-001
 8.2095629e-001
 8.2479781e-001
 8.2809675e-001
 8.3081424e-001
 8.3332479e-001
 8.3568102e-001
 8.3773470e-001
 8.3789915e-001
 8.4017473e-001
 8.4363371e-001
 8.4599453e-001
 8.4746462e-001
 8.4804738e-001
 8.4952754e-001
 8.5032833e-001
 8.4962207e-001
 8.4841412e-001
 8.5124314e-001
 8.4995013e-001
 8.5525745e-001
 8.5484201e-001
 8.5192186e-001
 8.5479385e-001
 8.5205352e-001
 8.4741974e-001
 8.4036058e-001
 8.3865499e-001
 8.3805919e-001
 8.1647474e-001
 8.2172173e-001
 8.1923229e-001
 8.0638641e-001
 8.4469855e-001
 8.5431117e-001
 8.5741186e-001
 8.5825765e-001
 8.5862929e-001
 8.6030674e-001
 8.6078912e-001
 8.6085755e-001
 8.6187327e-001
 8.6132115e-001
 8.6160362e-001
 8.6298698e-001
 8.6230963e-001
 8.6267841e-001
 8.6033136e-001
 8.6166888e-001
 8.6201108e-001
 8.6265588e-001
 8.6223710e-001
 8.6058760e-001
 8.6007446e-001
 8.5927135e-001
 8.5783809e-001
 8.5235482e-001
 8.4765315e-001
 8.3901477e-001
 8.2569146e-001
 8.1134248e-001
 8.0608219e-001
 8.1558490e-001
 8.2089329e-001
 8.1056237e-001
 8.2004130e-001
 8.1600773e-001
 8.0048460e-001
 7.7408236e-001
 7.4336982e-001
 7.3666322e-001
 7.3204917e-001
 7.2622734e-001
 7.0890731e-001
 6.6509140e-001
 6.2053090e-001
 5.3143710e-001
 4.5188278e-001
 5.7776260e-001
 5.7751763e-001
 4.0367994e-001
 5.5864930e-001
 7.3782790e-001
 7.9289556e-001
 8.1802011e-001
 8.3755928e-001
 8.4562606e-001
 8.5016435e-001
 8.5254711e-001
 8.5517627e-001
 8.5626346e-001
 8.5812670e-001
 8.5709584e-001
 8.5549206e-001
 8.5577428e-001
 8.5598141e-001
 8.5602856e-001
 8.5697615e-001
 8.5892445e-001
 8.5947055e-001
 8.5779744e-001
 8.5623521e-001
 8.5565007e-001
 8.5400254e-001
 8.5300833e-001
 8.5140842e-001
 8.4906608e-001
 8.4766424e-001
 8.4436935e-001
 8.4406894e-001
 8.3972847e-001
 8.3508146e-001
 8.2681942e-001
 8.2095581e-001
 8.1617963e-001
 8.0840510e-001
 7.9606110e-001
 7.8081846e-001
 7.5475419e-001
 7.3547333e-001
 7.3932481e-001
 7.3349887e-001
 7.3309571e-001
 7.4270153e-001
 7.6839143e-001
 7.8376991e-001
 7.8391206e-001
 7.7765566e-001
 7.8037101e-001
 7.7204663e-001
 7.6232839e-001
 7.4851769e-001
 7.3622346e-001
 7.2797829e-001
 7.2232246e-001
 7.1508998e-001
 7.1430695e-001
 7.1548021e-001
 7.1323770e-001
 7.1325302e-001
 7.0936370e-001
 7.0349079e-001
 6.9649082e-001
 6.8619198e-001
 6.7365170e-001
 6.5489942e-001
 6.3375401e-001
 6.2018561e-001
 6.0293311e-001
 5.8665317e-001
 5.7237250e-001
 5.4980367e-001
 5.3189975e-001
 5.2577269e-001
 4.7217095e-001
 4.3051052e-001
 3.7444973e-001
 2.8934181e-001
 2.5141439e-001
 2.9950806e-001
 3.1193841e-001
 2.4583897e-001
 3.3107641e-001
 4.4325596e-001
 4.7526401e-001
 4.5697618e-001
 4.3116948e-001
 4.3551525e-001
 4.2481843e-001
 3.9059177e-001
 3.5655773e-001
 3.4498355e-001
 3.5271701e-001
 3.5360214e-001
 3.4748894e-001
 3.1970698e-001
 3.0718836e-001
 3.0778173e-001
 2.8090385e-001
 2.7655062e-001
 2.9353464e-001
 3.0891433e-001
 3.1308991e-001
 3.0571577e-001
 2.9355502e-001
 2.8435841e-001
 2.7903685e-001
 2.7352124e-001
 2.6615027e-001
 2.5705728e-001
 2.4687371e-001
 2.3623632e-001
