s07_AV97 Record=723: Cassiterite HS279.3B          BECKc AREF
 5.9682667e-002
 6.0191914e-002
 6.0375467e-002
 6.0864959e-002
 6.1101627e-002
 6.1529581e-002
 6.2726013e-002
 6.3430086e-002
 6.4047337e-002
 6.4390391e-002
 6.4836361e-002
 6.4723313e-002
 6.5166391e-002
 6.5823667e-002
 6.6451252e-002
 6.7216828e-002
 6.7724116e-002
 6.8659969e-002
 6.9798477e-002
 7.1032867e-002
 7.2107770e-002
 7.3609672e-002
 7.4471258e-002
 7.4832499e-002
 7.5322025e-002
 7.5714536e-002
 7.5794660e-002
 7.6287940e-002
 7.6724179e-002
 7.7296458e-002
 7.7877477e-002
 7.8116372e-002
 7.7831395e-002
 7.7997304e-002
 7.8931332e-002
 7.9370901e-002
 7.9914436e-002
 8.0670603e-002
 8.1533931e-002
 8.1900418e-002
 8.2605734e-002
 8.3130062e-002
 8.3782382e-002
 8.4144063e-002
 8.4654197e-002
 8.4622711e-002
 8.4882163e-002
 8.4505320e-002
 8.4739849e-002
 8.4757395e-002
 8.4378481e-002
 8.4707990e-002
 8.6054087e-002
 8.4639691e-002
 8.4111065e-002
 8.4153034e-002
 8.5166581e-002
 8.2143001e-002
 7.9232447e-002
 7.7711172e-002
 8.0002524e-002
 7.8153096e-002
 7.7919059e-002
 7.5821511e-002
 7.7718988e-002
 7.6137923e-002
 7.6560043e-002
 7.5463198e-002
 7.3176399e-002
 7.3160537e-002
 7.1970277e-002
 7.2198495e-002
 7.1436897e-002
 7.2103240e-002
 7.1516700e-002
 7.0878223e-002
 7.1531713e-002
 6.9019981e-002
 6.9612630e-002
 6.8872429e-002
 6.7874044e-002
 6.7855500e-002
 6.7119911e-002
 6.6402912e-002
 6.6933312e-002
 6.6237152e-002
 6.5674745e-002
 6.6910274e-002
 6.5687455e-002
 6.4486392e-002
 6.4933546e-002
 6.3586980e-002
 6.3975953e-002
 6.3629262e-002
 6.3665763e-002
 6.3574903e-002
 6.3031189e-002
 6.3782945e-002
 6.3484415e-002
 6.3487463e-002
 6.3398652e-002
 6.2845685e-002
 6.2222198e-002
 6.1477222e-002
 6.1487526e-002
 6.1345026e-002
 6.1528608e-002
 6.0833342e-002
 6.0884368e-002
 6.0636561e-002
 5.9870690e-002
 6.0326591e-002
 5.8742248e-002
 5.8856606e-002
 5.9921391e-002
 5.9974518e-002
 5.8389459e-002
 5.8193710e-002
 5.9105847e-002
 5.9110448e-002
 5.8239952e-002
 5.6601390e-002
 5.6629002e-002
 5.7470649e-002
 5.7903748e-002
 5.7547063e-002
 5.6596421e-002
 5.6426305e-002
 5.6026679e-002
 5.5954423e-002
 5.5978727e-002
 5.6252550e-002
 5.6350190e-002
 5.4391578e-002
 5.5296171e-002
 5.4984543e-002
 5.4333124e-002
 5.3875782e-002
 5.5059828e-002
 5.3845968e-002
 5.5132527e-002
 5.4531187e-002
 5.4832369e-002
 5.4174829e-002
 5.4655343e-002
 5.6357194e-002
 5.4260410e-002
 5.2832056e-002
 5.3241652e-002
 5.4566022e-002
 5.5578642e-002
 5.3365007e-002
 5.3187586e-002
 5.2901212e-002
 5.2488334e-002
 5.3201847e-002
 5.4182313e-002
 5.3992573e-002
 5.3367969e-002
 5.2149601e-002
 5.2526049e-002
 5.2971814e-002
 5.3017341e-002
 5.1350772e-002
 5.1100601e-002
 5.0371099e-002
 5.2814774e-002
 5.1334716e-002
 5.0294556e-002
 5.0465055e-002
 4.9737204e-002
 4.8822004e-002
 5.0854232e-002
 4.9419004e-002
 5.1107924e-002
 4.9487539e-002
 5.0783046e-002
 5.1026143e-002
 5.0427746e-002
 5.1267467e-002
 5.1484771e-002
 5.1199965e-002
 5.1081795e-002
 5.1665388e-002
 5.3166624e-002
 5.1743954e-002
 5.0069220e-002
 4.9797177e-002
 4.9546145e-002
 4.9150351e-002
 4.9858090e-002
 4.9928695e-002
 5.1285386e-002
 5.0859243e-002
 5.0817315e-002
 5.0242539e-002
 4.9718454e-002
 4.9600042e-002
 5.0203223e-002
 5.1125813e-002
 4.6719015e-002
 4.9563281e-002
 4.7315411e-002
 4.6060469e-002
 5.0258193e-002
 4.8684571e-002
 5.1769149e-002
 4.8540190e-002
 4.7003072e-002
 5.1756278e-002
 4.8424695e-002
 4.7370169e-002
 4.8128720e-002
 4.7979563e-002
 4.7118939e-002
 4.6846349e-002
 4.6856053e-002
 4.6504874e-002
 4.5989793e-002
 4.5677438e-002
 4.5971032e-002
 4.6658017e-002
 4.7414221e-002
 4.7986265e-002
