s07_AV97 Record=1457: Hedenbergite HS10.4B         ASDFRc AREF
 3.7997581e-002
 3.9136831e-002
 4.0081497e-002
 4.0965181e-002
 4.1694231e-002
 4.2664144e-002
 4.3825060e-002
 4.5027658e-002
 4.6215761e-002
 4.7396883e-002
 4.8577514e-002
 4.9800768e-002
 5.0945710e-002
 5.2131597e-002
 5.3371176e-002
 5.4648794e-002
 5.5975884e-002
 5.7300221e-002
 5.8529574e-002
 5.9731588e-002
 6.0865600e-002
 6.1841454e-002
 6.2578835e-002
 6.3160807e-002
 6.3647978e-002
 6.4684659e-002
 6.5012939e-002
 6.5391704e-002
 6.5790020e-002
 6.6179842e-002
 6.6469297e-002
 6.6592284e-002
 6.6443563e-002
 6.6566028e-002
 6.6603653e-002
 6.6512905e-002
 6.6416509e-002
 6.6264056e-002
 6.6263452e-002
 6.6296712e-002
 6.6360801e-002
 6.6477880e-002
 6.6649124e-002
 6.6908486e-002
 6.7086831e-002
 6.7237094e-002
 6.7425705e-002
 6.7591436e-002
 6.7768000e-002
 6.8006136e-002
 6.8247817e-002
 6.8380065e-002
 6.8446793e-002
 6.8446122e-002
 6.8464972e-002
 6.8371236e-002
 6.8180598e-002
 6.7887872e-002
 6.7680404e-002
 6.7364588e-002
 6.7117766e-002
 6.6673204e-002
 6.6336691e-002
 6.6144794e-002
 6.5937981e-002
 6.5746367e-002
 6.5628149e-002
 6.5522768e-002
 6.5516412e-002
 6.5026991e-002
 6.5759145e-002
 6.5720007e-002
 6.5715857e-002
 6.5972626e-002
 6.6093206e-002
 6.6167384e-002
 6.6348150e-002
 6.6337250e-002
 6.6508971e-002
 6.6417597e-002
 6.6323265e-002
 6.6188574e-002
 6.6243917e-002
 6.6316590e-002
 6.6417955e-002
 6.6502377e-002
 6.6613145e-002
 6.6822350e-002
 6.7086563e-002
 6.7229122e-002
 6.7409039e-002
 6.7731701e-002
 6.8105876e-002
 6.8523675e-002
 6.8978600e-002
 6.9453128e-002
 6.8684280e-002
 6.9234408e-002
 6.9716729e-002
 7.0264578e-002
 7.0602104e-002
 7.1017198e-002
 7.1577430e-002
 7.2144732e-002
 7.2820738e-002
 7.3579527e-002
 7.4236952e-002
 7.4931718e-002
 7.5497746e-002
 7.6218672e-002
 7.6729916e-002
 7.6858722e-002
 7.7292301e-002
 7.8246877e-002
 7.9040289e-002
 7.9887562e-002
 8.0707744e-002
 8.1672937e-002
 8.2568884e-002
 8.3473951e-002
 8.4379621e-002
 8.5205920e-002
 8.6170577e-002
 8.7123089e-002
 8.8122532e-002
 8.8973314e-002
 8.9920469e-002
 9.0879366e-002
 9.1600038e-002
 9.2496440e-002
 9.3622454e-002
 9.4738230e-002
 9.5539019e-002
 9.6479565e-002
 9.7740367e-002
 9.8835342e-002
 9.9740051e-002
 1.0074083e-001
 1.0173726e-001
 1.0280501e-001
 1.0386137e-001
 1.0503075e-001
 1.0603520e-001
 1.0718109e-001
 1.0854907e-001
 1.0987584e-001
 1.1096238e-001
 1.1207307e-001
 1.1322090e-001
 1.1459733e-001
 1.1606697e-001
 1.1742908e-001
 1.1860336e-001
 1.1996000e-001
 1.2116122e-001
 1.2265240e-001
 1.2357467e-001
 1.2483872e-001
 1.2522191e-001
 1.2383563e-001
 1.2462839e-001
 1.2169983e-001
 1.1629250e-001
 1.1175920e-001
 1.1205301e-001
 1.1477120e-001
 1.1806817e-001
 1.2109479e-001
 1.2368709e-001
 1.2635216e-001
 1.2927048e-001
 1.3211823e-001
 1.3478716e-001
 1.3762610e-001
 1.4041689e-001
 1.4309706e-001
 1.4574155e-001
 1.4820293e-001
 1.5074642e-001
 1.5289503e-001
 1.5509209e-001
 1.5703501e-001
 1.5907820e-001
 1.6087599e-001
 1.6280603e-001
 1.6437694e-001
 1.6612877e-001
 1.6764206e-001
 1.6874079e-001
 1.6992804e-001
 1.7045824e-001
 1.7088252e-001
 1.7124584e-001
 1.7152318e-001
 1.7159168e-001
 1.7185387e-001
 1.7230374e-001
 1.7231561e-001
 1.7176005e-001
 1.6975078e-001
 1.6520225e-001
 1.5904017e-001
 1.5564223e-001
 1.5796514e-001
 1.6387261e-001
 1.6759273e-001
 1.6846967e-001
 1.6800545e-001
 1.6784486e-001
 1.6592920e-001
 1.6324379e-001
 1.6202179e-001
 1.6099320e-001
 1.6002722e-001
 1.5904264e-001
 1.5837072e-001
 1.5739799e-001
 1.5600088e-001
 1.5391757e-001
 1.5140852e-001
 1.4859447e-001
 1.4662880e-001
 1.4454891e-001
-1.2300000e+034
