s07_AV97 Record=997: Cuprite HS127.3B             ASDFRb AREF
 3.8588509e-002
 4.0792037e-002
 4.1173417e-002
 4.2061441e-002
 4.2478833e-002
 4.2613488e-002
 4.2780831e-002
 4.2925812e-002
 4.3042764e-002
 4.3234039e-002
 4.3431628e-002
 4.3617349e-002
 4.3834072e-002
 4.4037588e-002
 4.4188220e-002
 4.4361480e-002
 4.4521764e-002
 4.4679608e-002
 4.4816125e-002
 4.4934403e-002
 4.5085974e-002
 4.5299336e-002
 4.5579523e-002
 4.6012517e-002
 4.6724495e-002
 4.7496408e-002
 4.8398029e-002
 4.9699321e-002
 5.0991751e-002
 5.2075464e-002
 5.3226344e-002
 5.4495290e-002
 5.3030007e-002
 5.4245114e-002
 5.5534784e-002
 5.6916092e-002
 5.8418993e-002
 6.0072016e-002
 6.1914556e-002
 6.4022429e-002
 6.6482648e-002
 6.9369301e-002
 7.2820619e-002
 7.6880045e-002
 8.1611015e-002
 8.7079257e-002
 9.3236521e-002
 9.9983267e-002
 1.0715602e-001
 1.1448687e-001
 1.2177251e-001
 1.2878406e-001
 1.3534406e-001
 1.4137834e-001
 1.4685869e-001
 1.5180701e-001
 1.5631333e-001
 1.6038382e-001
 1.6411865e-001
 1.6754641e-001
 1.7071998e-001
 1.7364639e-001
 1.7638378e-001
 1.7891233e-001
 1.8129398e-001
 1.8353352e-001
 1.8557863e-001
 1.8766819e-001
 1.8919478e-001
 1.9130334e-001
 1.9273946e-001
 1.9403455e-001
 1.9533256e-001
 1.9629465e-001
 1.9741276e-001
 1.9836937e-001
 1.9909734e-001
 1.9976968e-001
 2.0049579e-001
 2.0109262e-001
 2.0169249e-001
 2.0226260e-001
 2.0276940e-001
 2.0335384e-001
 2.0370583e-001
 2.0418666e-001
 2.0460589e-001
 2.0502424e-001
 2.0562355e-001
 2.0608857e-001
 2.0660037e-001
 2.0708904e-001
 2.0759271e-001
 2.0811383e-001
 2.0859414e-001
 2.0919795e-001
 2.0834246e-001
 2.0889767e-001
 2.0945877e-001
 2.1002463e-001
 2.1058309e-001
 2.1110152e-001
 2.1167919e-001
 2.1221589e-001
 2.1287458e-001
 2.1351157e-001
 2.1430309e-001
 2.1502304e-001
 2.1554999e-001
 2.1613327e-001
 2.1655351e-001
 2.1655838e-001
 2.1669187e-001
 2.1760093e-001
 2.1852337e-001
 2.1943809e-001
 2.2019324e-001
 2.2100677e-001
 2.2177334e-001
 2.2255024e-001
 2.2329053e-001
 2.2408262e-001
 2.2482494e-001
 2.2558233e-001
 2.2634023e-001
 2.2708343e-001
 2.2788319e-001
 2.2865553e-001
 2.2939393e-001
 2.3012885e-001
 2.3087530e-001
 2.3167644e-001
 2.3254418e-001
 2.3320061e-001
 2.3396802e-001
 2.3461340e-001
 2.3528509e-001
 2.3597129e-001
 2.3662578e-001
 2.3725460e-001
 2.3787199e-001
 2.3856276e-001
 2.3928569e-001
 2.3985213e-001
 2.4033327e-001
 2.4066013e-001
 2.4109711e-001
 2.4149881e-001
 2.4198219e-001
 2.4243520e-001
 2.4284658e-001
 2.4318078e-001
 2.4352880e-001
 2.4379341e-001
 2.4403615e-001
 2.4420698e-001
 2.4436906e-001
 2.4459165e-001
 2.4473460e-001
 2.4413106e-001
 2.4447766e-001
 2.4345997e-001
 2.4209449e-001
 2.4076255e-001
 2.4045490e-001
 2.4061732e-001
 2.4105629e-001
 2.4123697e-001
 2.4149927e-001
 2.4171749e-001
 2.4194050e-001
 2.4224041e-001
 2.4263401e-001
 2.4304703e-001
 2.4345139e-001
 2.4398421e-001
 2.4459173e-001
 2.4526542e-001
 2.4595882e-001
 2.4650681e-001
 2.4695846e-001
 2.4720322e-001
 2.4738388e-001
 2.4756712e-001
 2.4778357e-001
 2.4787512e-001
 2.4782269e-001
 2.4748866e-001
 2.4696916e-001
 2.4650213e-001
 2.4600841e-001
 2.4531451e-001
 2.4392585e-001
 2.4209976e-001
 2.4072085e-001
 2.4019346e-001
 2.3912854e-001
 2.3777141e-001
 2.3526736e-001
 2.3354904e-001
 2.3395751e-001
 2.3558441e-001
 2.3736699e-001
 2.3892353e-001
 2.3982702e-001
 2.3951954e-001
 2.3814175e-001
 2.3592968e-001
 2.3444703e-001
 2.3457432e-001
 2.3412010e-001
 2.3339911e-001
 2.3271054e-001
 2.3214251e-001
 2.3198126e-001
 2.3191591e-001
 2.3218812e-001
 2.3248306e-001
 2.3344734e-001
 2.3395027e-001
 2.3400548e-001
 2.3339780e-001
 2.3419636e-001
-1.2300000e+034
