s07_AV97 Record=3364: Tourmaline HS282.2B         NIC4ccc RREF
-1.2300000e+034
-1.2300000e+034
-1.2300000e+034
-1.2300000e+034
-1.2300000e+034
-1.2300000e+034
-1.2300000e+034
-1.2300000e+034
-1.2300000e+034
-1.2300000e+034
-1.2300000e+034
-1.2300000e+034
-1.2300000e+034
-1.2300000e+034
-1.2300000e+034
-1.2300000e+034
-1.2300000e+034
-1.2300000e+034
-1.2300000e+034
-1.2300000e+034
-1.2300000e+034
-1.2300000e+034
-1.2300000e+034
-1.2300000e+034
-1.2300000e+034
-1.2300000e+034
-1.2300000e+034
-1.2300000e+034
-1.2300000e+034
-1.2300000e+034
-1.2300000e+034
-1.2300000e+034
-1.2300000e+034
-1.2300000e+034
-1.2300000e+034
-1.2300000e+034
-1.2300000e+034
-1.2300000e+034
-1.2300000e+034
-1.2300000e+034
-1.2300000e+034
-1.2300000e+034
-1.2300000e+034
-1.2300000e+034
-1.2300000e+034
-1.2300000e+034
-1.2300000e+034
-1.2300000e+034
-1.2300000e+034
-1.2300000e+034
-1.2300000e+034
-1.2300000e+034
-1.2300000e+034
-1.2300000e+034
-1.2300000e+034
-1.2300000e+034
-1.2300000e+034
-1.2300000e+034
-1.2300000e+034
-1.2300000e+034
-1.2300000e+034
-1.2300000e+034
-1.2300000e+034
-1.2300000e+034
-1.2300000e+034
-1.2300000e+034
-1.2300000e+034
-1.2300000e+034
-1.2300000e+034
-1.2300000e+034
-1.2300000e+034
-1.2300000e+034
-1.2300000e+034
-1.2300000e+034
-1.2300000e+034
-1.2300000e+034
-1.2300000e+034
-1.2300000e+034
-1.2300000e+034
-1.2300000e+034
-1.2300000e+034
-1.2300000e+034
-1.2300000e+034
-1.2300000e+034
-1.2300000e+034
-1.2300000e+034
-1.2300000e+034
-1.2300000e+034
-1.2300000e+034
-1.2300000e+034
-1.2300000e+034
-1.2300000e+034
-1.2300000e+034
-1.2300000e+034
-1.2300000e+034
-1.2300000e+034
-1.2300000e+034
-1.2300000e+034
-1.2300000e+034
-1.2300000e+034
-1.2300000e+034
-1.2300000e+034
-1.2300000e+034
-1.2300000e+034
-1.2300000e+034
-1.2300000e+034
 6.3587850e-001
 6.2681580e-001
 6.2146914e-001
 6.1747181e-001
 6.0687494e-001
 5.9507877e-001
 5.8392876e-001
 5.5614710e-001
 5.2738339e-001
 5.3939980e-001
 5.5621207e-001
 5.6453574e-001
 5.6900787e-001
 5.7249779e-001
 5.7564610e-001
 5.7837570e-001
 5.8062315e-001
 5.8290201e-001
 5.8565342e-001
 5.8909273e-001
 5.9280944e-001
 5.9648222e-001
 6.0006076e-001
 6.0323209e-001
 6.0642600e-001
 6.1001557e-001
 6.1386353e-001
 6.1764014e-001
 6.2103468e-001
 6.2408054e-001
 6.2667650e-001
 6.2945086e-001
 6.3252479e-001
 6.3543451e-001
 6.3816404e-001
 6.4066505e-001
 6.4268571e-001
 6.4459884e-001
 6.4647841e-001
 6.4865756e-001
 6.5083462e-001
 6.5289932e-001
 6.5473586e-001
 6.5612763e-001
 6.5720129e-001
 6.5812457e-001
 6.5900910e-001
 6.6001475e-001
 6.6136163e-001
 6.6316551e-001
 6.6447192e-001
 6.6435528e-001
 6.6434020e-001
 6.6578603e-001
 6.6535878e-001
 6.6617703e-001
 6.6625720e-001
 6.6675448e-001
 6.6652018e-001
 6.6561675e-001
 6.6546905e-001
 6.6725641e-001
 6.6838551e-001
 6.6887897e-001
 6.6848868e-001
 6.6823113e-001
 6.6780186e-001
 6.6792989e-001
 6.6855729e-001
 6.6879570e-001
 6.6915870e-001
 6.7026991e-001
 6.7107534e-001
 6.7096317e-001
 6.7087960e-001
 6.7130530e-001
 6.7186773e-001
 6.7208475e-001
 6.7116141e-001
 6.6864949e-001
 6.6576868e-001
 6.6395497e-001
 6.6083860e-001
 6.5640533e-001
 6.5184188e-001
 6.4035791e-001
 5.9910136e-001
 5.5306071e-001
 5.8797044e-001
 6.1773837e-001
 5.8279955e-001
 5.7758546e-001
 6.1892831e-001
 6.4233607e-001
 6.3979447e-001
 6.0589468e-001
 5.9252685e-001
 5.9718150e-001
 5.8740723e-001
 5.8146501e-001
 5.7117701e-001
 5.3910643e-001
 5.2248722e-001
 5.5425876e-001
 5.8635473e-001
 5.9714574e-001
 5.9773254e-001
 5.9616131e-001
 5.9438175e-001
 5.8952868e-001
 5.8463186e-001
 5.7941902e-001
 5.7398653e-001
 5.7125902e-001
 5.7179523e-001
 5.7188207e-001
 5.7005566e-001
 5.6911552e-001
