s07_AV97 Record=3308: Topaz Mt_Antero_#5            BECKb AREF
 8.6104000e-001
 8.6479044e-001
 8.6809486e-001
 8.7286299e-001
 8.7587434e-001
 8.8034672e-001
 8.8492364e-001
 8.8952398e-001
 8.9453936e-001
 9.0006852e-001
 9.0338302e-001
 9.0655005e-001
 9.0763056e-001
 9.0814024e-001
 9.0700775e-001
 9.0708363e-001
 9.0529263e-001
 9.0568113e-001
 9.0619129e-001
 9.0835065e-001
 9.0941447e-001
 9.1281420e-001
 9.1538775e-001
 9.2134398e-001
 9.2666006e-001
 9.2956513e-001
 9.3204981e-001
 9.3309617e-001
 9.3476135e-001
 9.3559027e-001
 9.3629080e-001
 9.3858355e-001
 9.3598521e-001
 9.3837368e-001
 9.3916386e-001
 9.4131529e-001
 9.4046330e-001
 9.3968165e-001
 9.3905729e-001
 9.4051540e-001
 9.3935615e-001
 9.3972993e-001
 9.3948579e-001
 9.3913037e-001
 9.4037265e-001
 9.3810219e-001
 9.3848383e-001
 9.3689597e-001
 9.3478286e-001
 9.3185353e-001
 9.2911541e-001
 9.3042892e-001
 9.4285756e-001
 9.4609839e-001
 9.3976623e-001
 9.3556172e-001
 9.3334115e-001
 9.3787807e-001
 9.3784887e-001
 9.3922228e-001
 9.3701905e-001
 9.3081075e-001
 9.3465596e-001
 9.2757863e-001
 9.2967820e-001
 9.3093884e-001
 9.3317521e-001
 9.3307132e-001
 9.3126953e-001
 9.3682146e-001
 9.3248731e-001
 9.3639225e-001
 9.3360043e-001
 9.3303972e-001
 9.3639475e-001
 9.3124151e-001
 9.3253946e-001
 9.3542469e-001
 9.3231642e-001
 9.3317044e-001
 9.3310457e-001
 9.3250227e-001
 9.3307930e-001
 9.3054646e-001
 9.3327343e-001
 9.3281400e-001
 9.3057483e-001
 9.3109506e-001
 9.3224210e-001
 9.2662650e-001
 9.3157828e-001
 9.3062335e-001
 9.3487859e-001
 9.3501306e-001
 9.3379319e-001
 9.3140167e-001
 9.3450004e-001
 9.3294531e-001
 9.3294501e-001
 9.3396229e-001
 9.3308258e-001
 9.3018872e-001
 9.2956549e-001
 9.2828572e-001
 9.2691964e-001
 9.1555995e-001
 9.1194093e-001
 9.1487706e-001
 9.0996867e-001
 9.1300964e-001
 8.9244092e-001
 7.6801479e-001
 7.8483313e-001
 8.9999282e-001
 9.2388505e-001
 9.2848867e-001
 9.3067390e-001
 9.3297261e-001
 9.3210644e-001
 9.3210632e-001
 9.3535733e-001
 9.3354350e-001
 9.3562567e-001
 9.3599743e-001
 9.3670034e-001
 9.3664020e-001
 9.3648231e-001
 9.3538696e-001
 9.3932277e-001
 9.3919373e-001
 9.3338615e-001
 9.3174982e-001
 9.3470764e-001
 9.3501168e-001
 9.3519640e-001
 9.3716300e-001
 9.3162209e-001
 9.3408638e-001
 9.2956012e-001
 9.0785432e-001
 8.9987165e-001
 9.2056274e-001
 9.2334056e-001
 9.2072642e-001
 9.1593748e-001
 9.2073458e-001
 9.1762656e-001
 9.1987431e-001
 9.2281139e-001
 9.2619240e-001
 9.2839283e-001
 9.2737740e-001
 9.2716867e-001
 9.2543453e-001
 9.2251825e-001
 9.2029965e-001
 9.1903412e-001
 9.1765362e-001
 9.1764772e-001
 9.1863412e-001
 9.1833574e-001
 9.1842264e-001
 9.1577512e-001
 9.1304982e-001
 9.1013467e-001
 9.0319186e-001
 9.0011835e-001
 9.0097356e-001
 8.9547235e-001
 8.9587575e-001
 9.0311855e-001
 9.0081292e-001
 8.9755267e-001
 8.9043063e-001
 8.9201874e-001
 8.9761364e-001
 8.8798159e-001
 8.7527895e-001
 8.3899873e-001
 7.4920493e-001
 5.1748741e-001
 3.6954102e-001
 5.4090476e-001
 7.1996766e-001
 7.8295535e-001
 8.0978006e-001
 7.8689992e-001
 7.4062067e-001
 7.2901642e-001
 7.4537557e-001
 7.6595777e-001
 7.7502763e-001
 7.8452229e-001
 7.7293730e-001
 7.6606655e-001
 7.9528600e-001
 8.2828486e-001
 8.3860946e-001
 8.0243880e-001
 7.6753932e-001
 7.9258150e-001
 7.9547918e-001
 8.0310434e-001
 7.7520365e-001
 7.3731905e-001
 7.2644407e-001
 7.1675426e-001
 7.0714414e-001
 7.0999593e-001
 7.0481205e-001
 6.8446583e-001
 6.8009812e-001
 6.7570776e-001
 6.6279638e-001
 6.4704847e-001
 6.3723069e-001
 6.2993348e-001
 6.1899376e-001
 6.0447711e-001
 5.8341211e-001
 5.5759436e-001
 5.2799171e-001
 4.9567235e-001
 4.6217445e-001
