s07_AV97 Record=1965: Magnetite HS195.3B           ASDFRb AREF
 5.8497749e-002
 6.0006596e-002
 6.3369282e-002
 6.4174734e-002
 6.4314619e-002
 6.4707622e-002
 6.4347290e-002
 6.3940853e-002
 6.3465752e-002
 6.3021176e-002
 6.2925637e-002
 6.2821992e-002
 6.2802471e-002
 6.2663332e-002
 6.2505700e-002
 6.2475741e-002
 6.2507831e-002
 6.2601119e-002
 6.2738970e-002
 6.2877908e-002
 6.3006684e-002
 6.3139692e-002
 6.3227542e-002
 6.3247845e-002
 6.3300744e-002
 6.3358985e-002
 6.3406706e-002
 6.3431211e-002
 6.3323595e-002
 6.3143253e-002
 6.2952124e-002
 6.2673606e-002
 6.2986895e-002
 6.2736236e-002
 6.2423568e-002
 6.2119026e-002
 6.1707843e-002
 6.1285306e-002
 6.0827177e-002
 6.0318623e-002
 5.9771325e-002
 5.9223507e-002
 5.8689013e-002
 5.8081303e-002
 5.7438821e-002
 5.6840770e-002
 5.6227237e-002
 5.5621043e-002
 5.5005044e-002
 5.4416232e-002
 5.3852487e-002
 5.3338874e-002
 5.2837037e-002
 5.2339863e-002
 5.1852934e-002
 5.1426616e-002
 5.1049378e-002
 5.0717205e-002
 5.0383072e-002
 5.0137050e-002
 4.9859516e-002
 4.9663641e-002
 4.9459442e-002
 4.9250580e-002
 4.9161978e-002
 4.9058028e-002
 4.8819076e-002
 4.8844658e-002
 4.8576362e-002
 4.7354672e-002
 4.8407603e-002
 4.7819022e-002
 4.7384728e-002
 4.7814157e-002
 4.7149863e-002
 4.7758635e-002
 4.7779854e-002
 4.8145853e-002
 4.8658002e-002
 4.8454661e-002
 4.8757546e-002
 4.8764784e-002
 4.9140662e-002
 4.9502298e-002
 4.9797092e-002
 5.0230823e-002
 5.0557248e-002
 5.0769594e-002
 5.1063530e-002
 5.1385712e-002
 5.1768851e-002
 5.2481864e-002
 5.2788392e-002
 5.3301372e-002
 5.3642947e-002
 5.4079093e-002
 5.3242188e-002
 5.3955819e-002
 5.4488454e-002
 5.4888695e-002
 5.5324107e-002
 5.5763051e-002
 5.6489646e-002
 5.7013877e-002
 5.7474706e-002
 5.7942577e-002
 5.8640454e-002
 5.9463143e-002
 5.9968658e-002
 6.0420148e-002
 6.0792021e-002
 6.1325084e-002
 6.1867226e-002
 6.2391840e-002
 6.2902026e-002
 6.3415401e-002
 6.3960448e-002
 6.4614929e-002
 6.5178439e-002
 6.5606304e-002
 6.6094548e-002
 6.6709220e-002
 6.7220353e-002
 6.7635886e-002
 6.8148829e-002
 6.8660088e-002
 6.9200814e-002
 6.9630377e-002
 6.9975823e-002
 7.0587285e-002
 7.1181200e-002
 7.1773812e-002
 7.2079726e-002
 7.2665118e-002
 7.3229365e-002
 7.3581770e-002
 7.3986746e-002
 7.4570008e-002
 7.5115666e-002
 7.5549938e-002
 7.5978272e-002
 7.6469094e-002
 7.7055953e-002
 7.7411838e-002
 7.7709585e-002
 7.8087315e-002
 7.8584023e-002
 7.8692541e-002
 7.9234704e-002
 7.9670385e-002
 7.9915144e-002
 8.0289602e-002
 8.0995716e-002
 8.1379488e-002
 8.1761569e-002
 8.2314812e-002
 8.2624651e-002
 8.2999147e-002
 8.3563142e-002
 8.3569609e-002
 8.3661370e-002
 8.3762996e-002
 8.4198333e-002
 8.4556371e-002
 8.4802933e-002
 8.5049018e-002
 8.5377082e-002
 8.5555784e-002
 8.5736744e-002
 8.5995920e-002
 8.6278848e-002
 8.6607449e-002
 8.7042309e-002
 8.7268010e-002
 8.7623820e-002
 8.7924764e-002
 8.8328771e-002
 8.8901825e-002
 8.9350276e-002
 8.9685529e-002
 8.9927956e-002
 9.0187982e-002
 9.0519719e-002
 9.0886340e-002
 9.1258079e-002
 9.1496117e-002
 9.1647938e-002
 9.1732599e-002
 9.1834232e-002
 9.2030339e-002
 9.2358448e-002
 9.2610456e-002
 9.2840068e-002
 9.3048044e-002
 9.3255974e-002
 9.3662471e-002
 9.4160460e-002
 9.4365433e-002
 9.4496280e-002
 9.4911896e-002
 9.5207773e-002
 9.5492259e-002
 9.5953844e-002
 9.6089907e-002
 9.6279502e-002
 9.6671894e-002
 9.6795604e-002
 9.6902922e-002
 9.6865401e-002
 9.7141109e-002
 9.7484075e-002
 9.7598024e-002
 9.7554810e-002
 9.7897194e-002
 9.7968690e-002
 9.8342314e-002
 9.7908385e-002
 9.7947977e-002
 9.8826908e-002
 9.8778464e-002
 9.7393692e-002
 9.7507402e-002
 9.8138273e-002
-1.2300000e+034
