s07_AV97 Record=3019: Sodium Bicarbonate GDS55     NIC4aa RREF
-1.2300000e+034
-1.2300000e+034
-1.2300000e+034
-1.2300000e+034
-1.2300000e+034
-1.2300000e+034
-1.2300000e+034
-1.2300000e+034
-1.2300000e+034
-1.2300000e+034
-1.2300000e+034
-1.2300000e+034
-1.2300000e+034
-1.2300000e+034
-1.2300000e+034
-1.2300000e+034
-1.2300000e+034
-1.2300000e+034
-1.2300000e+034
-1.2300000e+034
-1.2300000e+034
-1.2300000e+034
-1.2300000e+034
-1.2300000e+034
-1.2300000e+034
-1.2300000e+034
-1.2300000e+034
-1.2300000e+034
-1.2300000e+034
-1.2300000e+034
-1.2300000e+034
-1.2300000e+034
-1.2300000e+034
-1.2300000e+034
-1.2300000e+034
-1.2300000e+034
-1.2300000e+034
-1.2300000e+034
-1.2300000e+034
-1.2300000e+034
-1.2300000e+034
-1.2300000e+034
-1.2300000e+034
-1.2300000e+034
-1.2300000e+034
-1.2300000e+034
-1.2300000e+034
-1.2300000e+034
-1.2300000e+034
-1.2300000e+034
-1.2300000e+034
-1.2300000e+034
-1.2300000e+034
-1.2300000e+034
-1.2300000e+034
-1.2300000e+034
-1.2300000e+034
-1.2300000e+034
-1.2300000e+034
-1.2300000e+034
-1.2300000e+034
-1.2300000e+034
-1.2300000e+034
-1.2300000e+034
-1.2300000e+034
-1.2300000e+034
-1.2300000e+034
-1.2300000e+034
-1.2300000e+034
-1.2300000e+034
-1.2300000e+034
-1.2300000e+034
-1.2300000e+034
-1.2300000e+034
-1.2300000e+034
-1.2300000e+034
-1.2300000e+034
-1.2300000e+034
-1.2300000e+034
-1.2300000e+034
-1.2300000e+034
-1.2300000e+034
-1.2300000e+034
-1.2300000e+034
-1.2300000e+034
-1.2300000e+034
-1.2300000e+034
-1.2300000e+034
-1.2300000e+034
-1.2300000e+034
-1.2300000e+034
-1.2300000e+034
-1.2300000e+034
-1.2300000e+034
-1.2300000e+034
-1.2300000e+034
-1.2300000e+034
-1.2300000e+034
-1.2300000e+034
 3.9190795e-002
 4.3145500e-002
 4.7274094e-002
 5.0865963e-002
 5.3765550e-002
 5.6060188e-002
 5.7741772e-002
 5.8982328e-002
 5.9850533e-002
 6.0307015e-002
 6.0632378e-002
 6.0659826e-002
 6.0535707e-002
 6.0258191e-002
 5.9961211e-002
 5.9678484e-002
 5.9362296e-002
 5.9002679e-002
 5.8603086e-002
 5.8212947e-002
 5.7910062e-002
 5.7666428e-002
 5.7415653e-002
 5.7104610e-002
 5.6699309e-002
 5.6226254e-002
 5.5749848e-002
 5.5256970e-002
 5.4750443e-002
 5.4184224e-002
 5.3575039e-002
 5.2938659e-002
 5.2244771e-002
 5.1467292e-002
 5.0605725e-002
 4.9664922e-002
 4.8742510e-002
 4.7778677e-002
 4.6695620e-002
 4.5552950e-002
 4.4545643e-002
 4.3646522e-002
 4.2758238e-002
 4.1786067e-002
 4.0901721e-002
 4.0252257e-002
 3.9687816e-002
 3.9006568e-002
 3.8137443e-002
 3.7142057e-002
 3.6134090e-002
 3.5111770e-002
 3.4111269e-002
 3.3160582e-002
 3.2282587e-002
 3.1434353e-002
 3.0572655e-002
 2.9719798e-002
 2.9008927e-002
 2.8547291e-002
 2.8126556e-002
 2.8254397e-002
 2.7941875e-002
 2.7778903e-002
 2.7625676e-002
 2.7381022e-002
 2.7022367e-002
 2.6618352e-002
 2.6214654e-002
 2.5856735e-002
 2.5509490e-002
 2.5161589e-002
 2.4854787e-002
 2.4576511e-002
 2.4345756e-002
 2.4189712e-002
 2.4122674e-002
 2.4146648e-002
 2.4219012e-002
 2.4306653e-002
 2.4349794e-002
 2.4457291e-002
 2.4568249e-002
 2.4621671e-002
 2.4649525e-002
 2.4620065e-002
 2.4502628e-002
 2.4327327e-002
 2.4153905e-002
 2.4066655e-002
 2.4030404e-002
 2.3834718e-002
 2.3528343e-002
 2.3104919e-002
 2.2639139e-002
 2.2317469e-002
 2.2172049e-002
 2.2153597e-002
 2.2164471e-002
 2.2149747e-002
 2.2090342e-002
 2.2052448e-002
 2.1989083e-002
 2.1888385e-002
 2.1847012e-002
 2.1847505e-002
 2.1936098e-002
 2.2121795e-002
 2.2329861e-002
 2.2604704e-002
 2.2817198e-002
 2.2935275e-002
 2.2891080e-002
 2.2722958e-002
 2.2461249e-002
 2.2199092e-002
 2.1985119e-002
 2.1744307e-002
 2.1459166e-002
 2.1126786e-002
 2.0784793e-002
 2.0451706e-002
 2.0237060e-002
 2.0041516e-002
 1.9919282e-002
