s07_AV97 Record=1655: Illite IMt-1.b <2um          ASDNGa AREF
 2.5804684e-001
 2.7043471e-001
 2.8616083e-001
 3.0232507e-001
 3.1661406e-001
 3.3170101e-001
 3.4847924e-001
 3.6609784e-001
 3.8049293e-001
 3.9316767e-001
 4.0386608e-001
 4.1399798e-001
 4.2480612e-001
 4.3727440e-001
 4.5237291e-001
 4.6754840e-001
 4.8150051e-001
 4.9362767e-001
 5.0302988e-001
 5.0874156e-001
 5.1060593e-001
 5.0933415e-001
 5.0536323e-001
 4.9979424e-001
 4.9301526e-001
 4.8550397e-001
 4.7788972e-001
 4.7021589e-001
 4.6239382e-001
 4.5456466e-001
 4.4669434e-001
 4.3884426e-001
 4.4795626e-001
 4.4035318e-001
 4.3280587e-001
 4.2547679e-001
 4.1846102e-001
 4.1201270e-001
 4.0625301e-001
 4.0129283e-001
 3.9738825e-001
 3.9463300e-001
 3.9311418e-001
 3.9275572e-001
 3.9333791e-001
 3.9472613e-001
 3.9656261e-001
 3.9839554e-001
 3.9976594e-001
 4.0054718e-001
 4.0039396e-001
 3.9962822e-001
 3.9794290e-001
 3.9554420e-001
 3.9296371e-001
 3.9003471e-001
 3.8697731e-001
 3.8395461e-001
 3.8130057e-001
 3.7884191e-001
 3.7659860e-001
 3.7470725e-001
 3.7287450e-001
 3.7131837e-001
 3.6997101e-001
 3.6856976e-001
 3.6711502e-001
 3.6558449e-001
 3.6388606e-001
 3.6201632e-001
 3.6024821e-001
 3.5840172e-001
 3.5653248e-001
 3.5459965e-001
 3.5272375e-001
 3.5121068e-001
 3.4997773e-001
 3.4899467e-001
 3.4834829e-001
 3.4778273e-001
 3.4758398e-001
 3.4770969e-001
 3.4808472e-001
 3.4870028e-001
 3.4968731e-001
 3.5069698e-001
 3.5208699e-001
 3.5389131e-001
 3.5588315e-001
 3.5801062e-001
 3.6026406e-001
 3.6287472e-001
 3.6537132e-001
 3.6799794e-001
 3.7079000e-001
 3.7347189e-001
 3.6933252e-001
 3.7210247e-001
 3.7497303e-001
 3.7791571e-001
 3.8083091e-001
 3.8366202e-001
 3.8664576e-001
 3.8971615e-001
 3.9294729e-001
 3.9618888e-001
 3.9944258e-001
 4.0240562e-001
 4.0497708e-001
 4.0675893e-001
 4.0585396e-001
 4.0218851e-001
 4.0067467e-001
 4.0790614e-001
 4.1746768e-001
 4.2433870e-001
 4.2987490e-001
 4.3464521e-001
 4.3865976e-001
 4.4239411e-001
 4.4608289e-001
 4.4963968e-001
 4.5321292e-001
 4.5666984e-001
 4.6010306e-001
 4.6340525e-001
 4.6661514e-001
 4.7009113e-001
 4.7362301e-001
 4.7671089e-001
 4.7977313e-001
 4.8287013e-001
 4.8600814e-001
 4.8902643e-001
 4.9223128e-001
 4.9506640e-001
 4.9825385e-001
 5.0132662e-001
 5.0434053e-001
 5.0721419e-001
 5.0989038e-001
 5.1263630e-001
 5.1530975e-001
 5.1746356e-001
 5.1955426e-001
 5.2198660e-001
 5.2435136e-001
 5.2656144e-001
 5.2864629e-001
 5.3093725e-001
 5.3324819e-001
 5.3568625e-001
 5.3787249e-001
 5.3965306e-001
 5.4124600e-001
 5.4280323e-001
 5.4464674e-001
 5.4521030e-001
 5.4391116e-001
 5.3862733e-001
 5.4079312e-001
 5.3235322e-001
 5.1938665e-001
 5.1135987e-001
 5.1473296e-001
 5.2189201e-001
 5.2817261e-001
 5.3250170e-001
 5.3583753e-001
 5.3927940e-001
 5.4176253e-001
 5.4470754e-001
 5.4775763e-001
 5.5099666e-001
 5.5457461e-001
 5.5809182e-001
 5.6087011e-001
 5.6305516e-001
 5.6483555e-001
 5.6589341e-001
 5.6642759e-001
 5.6560063e-001
 5.6419128e-001
 5.6258225e-001
 5.6165761e-001
 5.6108946e-001
 5.5960661e-001
 5.5598086e-001
 5.4832685e-001
 5.3667414e-001
 5.2033842e-001
 5.0016117e-001
 4.8038128e-001
 4.6773201e-001
 4.6711466e-001
 4.7312096e-001
 4.8230854e-001
 4.8583946e-001
 4.8968071e-001
 5.0085831e-001
 5.1199532e-001
 5.1123428e-001
 5.0174761e-001
 4.9182263e-001
 4.8285443e-001
 4.7338834e-001
 4.6191299e-001
 4.5434082e-001
 4.5554227e-001
 4.5760429e-001
 4.5849168e-001
 4.6027195e-001
 4.6098253e-001
 4.5821100e-001
 4.5205796e-001
 4.4302180e-001
 4.3541694e-001
 4.3180099e-001
 4.3068704e-001
 4.3213388e-001
 4.3321744e-001
 4.3390265e-001
 4.3589815e-001
-1.2300000e+034
