s07_AV97 Record=2510: Opal TM8896 (Hyalite)        ASDNGa AREF
 6.0890055e-001
 6.1791706e-001
 6.2752050e-001
 6.3673306e-001
 6.4524353e-001
 6.5327466e-001
 6.6138196e-001
 6.6928142e-001
 6.7664069e-001
 6.8318683e-001
 6.8865383e-001
 6.9357961e-001
 6.9879067e-001
 7.0461458e-001
 7.1048480e-001
 7.1607298e-001
 7.2156912e-001
 7.2692031e-001
 7.3222715e-001
 7.3713428e-001
 7.4156910e-001
 7.4589747e-001
 7.4988627e-001
 7.5320107e-001
 7.5588799e-001
 7.5839752e-001
 7.6066852e-001
 7.6279151e-001
 7.6481682e-001
 7.6675904e-001
 7.6861954e-001
 7.7039659e-001
 7.6832771e-001
 7.7006149e-001
 7.7172840e-001
 7.7332741e-001
 7.7480567e-001
 7.7618754e-001
 7.7743191e-001
 7.7852374e-001
 7.7973002e-001
 7.8102249e-001
 7.8218353e-001
 7.8321135e-001
 7.8414482e-001
 7.8501129e-001
 7.8584683e-001
 7.8659552e-001
 7.8723603e-001
 7.8772110e-001
 7.8819048e-001
 7.8887105e-001
 7.8950006e-001
 7.9004186e-001
 7.9048574e-001
 7.9089439e-001
 7.9132462e-001
 7.9168123e-001
 7.9198027e-001
 7.9190588e-001
 7.9134631e-001
 7.8959149e-001
 7.8692770e-001
 7.8672135e-001
 7.8931618e-001
 7.9111826e-001
 7.9277450e-001
 7.9395360e-001
 7.9499429e-001
 7.9592657e-001
 7.9681039e-001
 7.9759830e-001
 7.9825699e-001
 7.9861087e-001
 7.9884493e-001
 7.9900932e-001
 7.9921138e-001
 7.9931349e-001
 7.9924279e-001
 7.9905641e-001
 7.9834551e-001
 7.9607433e-001
 7.8931701e-001
 7.8545111e-001
 7.9063380e-001
 7.9328865e-001
 7.9427171e-001
 7.9445261e-001
 7.9488456e-001
 7.9545271e-001
 7.9571187e-001
 7.9517150e-001
 7.9254466e-001
 7.9055691e-001
 7.9115099e-001
 7.9153132e-001
 7.9074860e-001
 7.9143518e-001
 7.9122442e-001
 7.9014331e-001
 7.8876024e-001
 7.8694683e-001
 7.8392947e-001
 7.7863979e-001
 7.7027494e-001
 7.6082504e-001
 7.5254071e-001
 7.4120098e-001
 7.1305269e-001
 6.6436714e-001
 6.1712444e-001
 5.7661027e-001
 5.8427662e-001
 6.1282873e-001
 6.3189346e-001
 6.4159691e-001
 6.4328641e-001
 6.4213181e-001
 6.5088916e-001
 6.6054296e-001
 6.6753954e-001
 6.7295486e-001
 6.7743891e-001
 6.8118852e-001
 6.8434352e-001
 6.8696070e-001
 6.8910587e-001
 6.9084215e-001
 6.9212091e-001
 6.9295239e-001
 6.9337332e-001
 6.9342709e-001
 6.9319803e-001
 6.9271255e-001
 6.9202757e-001
 6.9125551e-001
 6.9041127e-001
 6.8952787e-001
 6.8858713e-001
 6.8763006e-001
 6.8662375e-001
 6.8555772e-001
 6.8435365e-001
 6.8265855e-001
 6.8046260e-001
 6.7778867e-001
 6.7460757e-001
 6.7128307e-001
 6.6807294e-001
 6.6527778e-001
 6.6308403e-001
 6.6136062e-001
 6.5963459e-001
 6.5734541e-001
 6.5433884e-001
 6.5014941e-001
 6.4341635e-001
 6.3067394e-001
 6.0329598e-001
 5.4128492e-001
 5.6602752e-001
 4.6555510e-001
 3.7265152e-001
 3.8715267e-001
 4.2928270e-001
 4.5481336e-001
 4.6817735e-001
 4.7748914e-001
 4.8749426e-001
 5.0004530e-001
 5.1483077e-001
 5.3066254e-001
 5.4583001e-001
 5.5946648e-001
 5.7101715e-001
 5.7993007e-001
 5.8598042e-001
 5.9011990e-001
 5.9255403e-001
 5.9409738e-001
 5.9569246e-001
 5.9700716e-001
 5.9762627e-001
 5.9735882e-001
 5.9575367e-001
 5.9218246e-001
 5.8629447e-001
 5.7768863e-001
 5.6649888e-001
 5.5258864e-001
 5.3394657e-001
 5.0761408e-001
 4.7025406e-001
 4.3558472e-001
 4.2583036e-001
 4.2919594e-001
 4.2978090e-001
 4.2716718e-001
 4.2602289e-001
 4.2853293e-001
 4.3390107e-001
 4.4053769e-001
 4.4808933e-001
 4.5630506e-001
 4.6438766e-001
 4.7164759e-001
 4.7704032e-001
 4.8068085e-001
 4.8226571e-001
 4.8158818e-001
 4.7883123e-001
 4.7410589e-001
 4.6669269e-001
 4.5662609e-001
 4.4415060e-001
 4.2956829e-001
 4.1408673e-001
 3.9857739e-001
 3.8348624e-001
 3.7051550e-001
 3.5923010e-001
 3.4989056e-001
 3.4324202e-001
-1.2300000e+034
