s07_AV97 Record=1511: Hematite WS161                BECKb AREF
 2.4232186e-002
 2.5784653e-002
 2.6236447e-002
 2.6543446e-002
 2.6828783e-002
 2.7725700e-002
 2.7797284e-002
 2.8025199e-002
 2.7740713e-002
 2.6172841e-002
 2.6512947e-002
 2.6476806e-002
 2.6673310e-002
 2.6610622e-002
 2.6109017e-002
 2.6353516e-002
 2.6651151e-002
 2.7276589e-002
 2.8567974e-002
 3.1765208e-002
 3.6413684e-002
 4.5407914e-002
 5.8702506e-002
 7.3942795e-002
 8.5064329e-002
 9.4061330e-002
 9.9261552e-002
 1.0350037e-001
 1.0720045e-001
 1.1210859e-001
 1.1780892e-001
 1.2572132e-001
 1.1683746e-001
 1.2406890e-001
 1.3261968e-001
 1.4318632e-001
 1.5476324e-001
 1.6560739e-001
 1.7543952e-001
 1.8295234e-001
 1.8739834e-001
 1.8727285e-001
 1.8444991e-001
 1.7946988e-001
 1.7372896e-001
 1.6574454e-001
 1.6006164e-001
 1.5341067e-001
 1.4912075e-001
 1.4499085e-001
 1.4192347e-001
 1.4174539e-001
 1.4158908e-001
 1.4433433e-001
 1.4599730e-001
 1.4713061e-001
 1.5625118e-001
 1.6142890e-001
 1.6708967e-001
 1.7535254e-001
 1.8239185e-001
 1.9738933e-001
 2.0614661e-001
 2.2025810e-001
 2.3491636e-001
 2.4560818e-001
 2.5839767e-001
 2.6850495e-001
 2.7742442e-001
 2.8827104e-001
 2.9392925e-001
 3.0065018e-001
 3.0432528e-001
 3.1177896e-001
 3.1686929e-001
 3.2190996e-001
 3.2602853e-001
 3.2909364e-001
 3.3426064e-001
 3.4016603e-001
 3.4328288e-001
 3.4669802e-001
 3.4975538e-001
 3.5240617e-001
 3.5383323e-001
 3.5715979e-001
 3.6103305e-001
 3.6085486e-001
 3.6253232e-001
 3.6431131e-001
 3.6239088e-001
 3.6632413e-001
 3.6817610e-001
 3.6662823e-001
 3.7084615e-001
 3.6970767e-001
 3.6866835e-001
 3.7066317e-001
 3.7136340e-001
 3.7287593e-001
 3.7344494e-001
 3.7331507e-001
 3.7543377e-001
 3.7509251e-001
 3.7570724e-001
 3.7768295e-001
 3.7981731e-001
 3.7909922e-001
 3.8046160e-001
 3.8345093e-001
 3.8599503e-001
 3.8509190e-001
 3.8582683e-001
 3.8680339e-001
 3.8845187e-001
 3.8895690e-001
 3.8970691e-001
 3.9241388e-001
 3.9352271e-001
 3.9499539e-001
 3.9616930e-001
 3.9720866e-001
 3.9828891e-001
 3.9855093e-001
 4.0029532e-001
 4.0181866e-001
 4.0250346e-001
 4.0561906e-001
 4.0516758e-001
 4.0626764e-001
 4.1018000e-001
 4.1081098e-001
 4.1102579e-001
 4.1159379e-001
 4.1433167e-001
 4.1563386e-001
 4.1439652e-001
 4.1746941e-001
 4.1778237e-001
 4.1962525e-001
 4.1887122e-001
 4.2106420e-001
 4.2367011e-001
 4.2338642e-001
 4.2505002e-001
 4.2664567e-001
 4.2799154e-001
 4.2992553e-001
 4.3143788e-001
 4.3244380e-001
 4.3048987e-001
 4.3394992e-001
 4.3330994e-001
 4.3525773e-001
 4.3558735e-001
 4.4088316e-001
 4.3970323e-001
 4.3901065e-001
 4.4013309e-001
 4.3985108e-001
 4.3972117e-001
 4.4210261e-001
 4.4343221e-001
 4.4200435e-001
 4.4492120e-001
 4.4349521e-001
 4.4177586e-001
 4.4423556e-001
 4.4857100e-001
 4.5268089e-001
 4.5286909e-001
 4.5356515e-001
 4.5149910e-001
 4.5487851e-001
 4.5893106e-001
 4.5687664e-001
 4.6383199e-001
 4.6425277e-001
 4.5963362e-001
 4.6381164e-001
 4.6344796e-001
 4.6292338e-001
 4.6828836e-001
 4.7061875e-001
 4.7669995e-001
 4.7635421e-001
 4.7418970e-001
 4.7645518e-001
 4.7668782e-001
 4.7697207e-001
 4.7908145e-001
 4.7891369e-001
 4.7802028e-001
 4.7815317e-001
 4.7942922e-001
 4.8749703e-001
 4.8405051e-001
 4.8108846e-001
 4.8509768e-001
 4.8497695e-001
 4.8764664e-001
 4.8761234e-001
 4.8524621e-001
 4.9190316e-001
 4.9034533e-001
 4.9073085e-001
 4.9268919e-001
 4.8965454e-001
 4.9505612e-001
 4.9560124e-001
 4.9695083e-001
 4.9898252e-001
 4.9972862e-001
 4.9907389e-001
 4.9802476e-001
 4.9775824e-001
 4.9844193e-001
 4.9993503e-001
 5.0162733e-001
 5.0338578e-001
 5.0464386e-001
 5.0553584e-001
 5.0629985e-001
 5.0705594e-001
