s07_AV97 Record=1060: Diopside HS317.3B (Cr)Pyx     BECKc AREF
 2.9041764e-001
 3.1191248e-001
 3.3072022e-001
 3.4439057e-001
 3.5322249e-001
 3.5942620e-001
 3.6401570e-001
 3.6766237e-001
 3.7098497e-001
 3.7617621e-001
 3.8498214e-001
 3.9494303e-001
 4.0793338e-001
 4.2471579e-001
 4.4329447e-001
 4.6382239e-001
 4.8006168e-001
 4.9431005e-001
 4.9922052e-001
 4.9806866e-001
 4.9252361e-001
 4.8141691e-001
 4.6818018e-001
 4.5502302e-001
 4.3978295e-001
 4.2553577e-001
 4.1200781e-001
 4.0397623e-001
 4.0288109e-001
 4.0129706e-001
 4.0559894e-001
 4.1910207e-001
 4.0405914e-001
 4.1605473e-001
 4.2498270e-001
 4.2520964e-001
 4.4047594e-001
 4.5789593e-001
 4.7370639e-001
 4.8879132e-001
 4.9784309e-001
 5.0448656e-001
 5.0894290e-001
 5.1177841e-001
 5.1248586e-001
 5.1085013e-001
 5.0700033e-001
 5.0180775e-001
 4.9685651e-001
 4.8753732e-001
 4.7268894e-001
 4.6829113e-001
 4.6544206e-001
 4.5704585e-001
 4.4573259e-001
 4.3690369e-001
 4.2957035e-001
 4.1715178e-001
 4.1154167e-001
 4.0322152e-001
 3.9611053e-001
 3.8707370e-001
 3.8079175e-001
 3.7655988e-001
 3.7146637e-001
 3.6274764e-001
 3.5794219e-001
 3.5070196e-001
 3.4568915e-001
 3.3712533e-001
 3.3629528e-001
 3.3205739e-001
 3.3016840e-001
 3.2839808e-001
 3.2977813e-001
 3.3069426e-001
 3.3501983e-001
 3.4281471e-001
 3.4649196e-001
 3.5442710e-001
 3.5986528e-001
 3.6787826e-001
 3.7258643e-001
 3.7882492e-001
 3.8183075e-001
 3.9017558e-001
 3.9511371e-001
 4.0095121e-001
 4.0767285e-001
 4.1310474e-001
 4.1914937e-001
 4.2507008e-001
 4.3414143e-001
 4.4062278e-001
 4.4744998e-001
 4.5366043e-001
 4.4339275e-001
 4.5089781e-001
 4.5706505e-001
 4.6361229e-001
 4.7138295e-001
 4.7701213e-001
 4.8260066e-001
 4.8582727e-001
 4.9373198e-001
 4.9909651e-001
 5.0482774e-001
 5.0849205e-001
 5.1307833e-001
 4.9936491e-001
 4.7211665e-001
 5.0890654e-001
 5.1920569e-001
 5.2341092e-001
 5.2771723e-001
 5.3033775e-001
 5.3374457e-001
 5.3620315e-001
 5.3842056e-001
 5.3851455e-001
 5.4005170e-001
 5.4087538e-001
 5.4035932e-001
 5.4407871e-001
 5.4250085e-001
 5.4726577e-001
 5.4439539e-001
 5.4616380e-001
 5.4631495e-001
 5.4791647e-001
 5.4674971e-001
 5.4815143e-001
 5.4870045e-001
 5.4843557e-001
 5.4866558e-001
 5.4883301e-001
 5.4983848e-001
 5.4950160e-001
 5.5088025e-001
 5.4805368e-001
 5.4681712e-001
 5.4916525e-001
 5.5045927e-001
 5.5099106e-001
 5.4874027e-001
 5.4493457e-001
 5.4709268e-001
 5.4892772e-001
 5.4968762e-001
 5.4765511e-001
 5.4568595e-001
 5.4575014e-001
 5.4687333e-001
 5.4496187e-001
 5.4546392e-001
 5.4401785e-001
 5.4335749e-001
 5.4109478e-001
 5.4150063e-001
 5.3647447e-001
 5.3908116e-001
 5.3367841e-001
 5.3310162e-001
 5.2736735e-001
 5.2297592e-001
 5.2334177e-001
 5.2321333e-001
 5.2153331e-001
 5.2117974e-001
 5.2277893e-001
 5.2471501e-001
 5.2268416e-001
 5.2144349e-001
 5.1928651e-001
 5.1912069e-001
 5.1645219e-001
 5.1877129e-001
 5.1779181e-001
 5.1443827e-001
 5.1426804e-001
 5.0872225e-001
 5.0850236e-001
 5.0933868e-001
 5.0553703e-001
 5.0522304e-001
 5.0596607e-001
 5.0056714e-001
 4.9949431e-001
 4.9834356e-001
 4.9379885e-001
 4.9088120e-001
 4.8744288e-001
 4.8520562e-001
 4.8413044e-001
 4.8041552e-001
 4.7023281e-001
 4.6712929e-001
 4.6569091e-001
 4.6127367e-001
 4.5412812e-001
 4.3572205e-001
 4.0937844e-001
 3.9452955e-001
 3.6906797e-001
 3.8040096e-001
 4.2851040e-001
 4.5091388e-001
 4.5334819e-001
 4.4715509e-001
 4.4451931e-001
 4.2432916e-001
 4.1772136e-001
 4.3079180e-001
 4.4382349e-001
 4.4956762e-001
 4.4904774e-001
 4.4544238e-001
 4.4223261e-001
 4.4082510e-001
 4.4120538e-001
 4.4356617e-001
 4.4666439e-001
 4.4902158e-001
 4.4964975e-001
