s07_AV97 Record=65: Actinolite HS315.4B          ASDFRb AREF
 2.1744937e-001
 2.2891209e-001
 2.4158192e-001
 2.5235796e-001
 2.6145682e-001
 2.7389061e-001
 2.8895468e-001
 3.0266085e-001
 3.1078723e-001
 3.2204962e-001
 3.3314371e-001
 3.4564474e-001
 3.5670832e-001
 3.6410701e-001
 3.7171566e-001
 3.8086551e-001
 3.8577875e-001
 3.8861006e-001
 3.9112732e-001
 3.9556900e-001
 3.9735717e-001
 3.9707687e-001
 3.9553663e-001
 3.9320767e-001
 3.9027503e-001
 3.8729131e-001
 3.8443729e-001
 3.8168043e-001
 3.7844765e-001
 3.7537274e-001
 3.7266612e-001
 3.7049612e-001
 3.7305090e-001
 3.7088063e-001
 3.6907539e-001
 3.6762714e-001
 3.6643383e-001
 3.6562228e-001
 3.6539274e-001
 3.6538947e-001
 3.6648721e-001
 3.6778405e-001
 3.6976695e-001
 3.7193450e-001
 3.7389323e-001
 3.7490746e-001
 3.7481841e-001
 3.7361249e-001
 3.7118971e-001
 3.6748019e-001
 3.6280608e-001
 3.5733595e-001
 3.5122454e-001
 3.4451497e-001
 3.3734629e-001
 3.2947892e-001
 3.2101816e-001
 3.1167147e-001
 3.0182832e-001
 2.9099926e-001
 2.7954808e-001
 2.6751995e-001
 2.5316834e-001
 2.4437974e-001
 2.3400880e-001
 2.2420354e-001
 2.1563876e-001
 2.0866327e-001
 2.0333958e-001
 1.9915195e-001
 1.9821429e-001
 2.0018052e-001
 2.0603888e-001
 2.1541633e-001
 2.2974786e-001
 2.4826753e-001
 2.6711765e-001
 2.8891373e-001
 3.1048027e-001
 3.2931572e-001
 3.4935865e-001
 3.6561042e-001
 3.8149059e-001
 3.9570388e-001
 4.0722030e-001
 4.1865098e-001
 4.2842430e-001
 4.3877536e-001
 4.4861859e-001
 4.5733187e-001
 4.6680668e-001
 4.7659588e-001
 4.8517451e-001
 4.9467069e-001
 5.0264311e-001
 5.0923175e-001
 4.9832064e-001
 5.0630367e-001
 5.1229918e-001
 5.2244592e-001
 5.3101701e-001
 5.3988254e-001
 5.4950637e-001
 5.5726510e-001
 5.6550169e-001
 5.7318002e-001
 5.7776678e-001
 5.7608795e-001
 5.4933935e-001
 4.9516553e-001
 3.7279841e-001
 5.0157410e-001
 5.7199961e-001
 5.9704655e-001
 6.0953516e-001
 6.1861300e-001
 6.2615728e-001
 6.3259977e-001
 6.3755655e-001
 6.4281428e-001
 6.4736712e-001
 6.5107316e-001
 6.5633911e-001
 6.6014010e-001
 6.6252458e-001
 6.6648042e-001
 6.7199588e-001
 6.7641348e-001
 6.7983276e-001
 6.8294233e-001
 6.8606198e-001
 6.8864638e-001
 6.9094723e-001
 6.9280529e-001
 6.9449598e-001
 6.9653702e-001
 6.9799799e-001
 6.9947910e-001
 7.0020884e-001
 7.0099646e-001
 7.0196342e-001
 7.0246780e-001
 7.0232391e-001
 7.0192528e-001
 7.0042741e-001
 6.9871998e-001
 6.9690895e-001
 6.9540316e-001
 6.9373006e-001
 6.9105762e-001
 6.8807036e-001
 6.8410087e-001
 6.7952722e-001
 6.7359591e-001
 6.6649508e-001
 6.6171002e-001
 6.5641320e-001
 6.5401316e-001
 6.5217358e-001
 6.4837682e-001
 6.5006888e-001
 6.4458519e-001
 6.3457674e-001
 6.2303883e-001
 6.1745250e-001
 6.1606526e-001
 6.1280823e-001
 6.0640955e-001
 5.9811765e-001
 5.8929592e-001
 5.7856596e-001
 5.6817269e-001
 5.6082058e-001
 5.5666685e-001
 5.5755323e-001
 5.6009501e-001
 5.5363542e-001
 5.4202265e-001
 5.3472155e-001
 5.2838492e-001
 5.1647156e-001
 5.0593466e-001
 4.9407506e-001
 4.6221861e-001
 4.5666569e-001
 4.5749557e-001
 4.6503422e-001
 4.6602559e-001
 4.6865153e-001
 4.6851227e-001
 4.6327412e-001
 4.5988587e-001
 4.5512837e-001
 4.4991955e-001
 4.4218111e-001
 4.2681259e-001
 4.0069038e-001
 3.7729231e-001
 3.6474949e-001
 3.2143730e-001
 2.6517180e-001
 2.1286264e-001
 1.7148502e-001
 1.5787302e-001
 1.6187538e-001
 2.3883794e-001
 3.0405512e-001
 3.1509495e-001
 3.0226219e-001
 2.6692209e-001
 2.1244691e-001
 1.9465777e-001
 2.4326311e-001
 2.7952954e-001
 2.7984962e-001
 2.8785175e-001
 2.7980679e-001
 2.7040038e-001
 2.6259419e-001
 2.6184469e-001
 2.6628885e-001
 2.6960269e-001
 2.7119982e-001
-1.2300000e+034
