s07_AV97 Record=3702: Calcite.33+Ca-Mont.67 AMX19   BECKb AREF
 6.1767012e-001
 6.2730086e-001
 6.4200699e-001
 6.5279359e-001
 6.6397995e-001
 6.7359513e-001
 6.8098605e-001
 6.8934035e-001
 7.0133883e-001
 7.0940745e-001
 7.1698749e-001
 7.2336751e-001
 7.3010081e-001
 7.3675275e-001
 7.4308538e-001
 7.4787515e-001
 7.5400925e-001
 7.5968009e-001
 7.6661670e-001
 7.7381986e-001
 7.8015810e-001
 7.8733963e-001
 7.9075193e-001
 7.9460919e-001
 7.9842716e-001
 8.0068600e-001
 8.0409324e-001
 8.0830193e-001
 8.1051302e-001
 8.1450486e-001
 8.1645221e-001
 8.1937009e-001
 8.1697518e-001
 8.1804168e-001
 8.2170218e-001
 8.1916380e-001
 8.2291448e-001
 8.2357097e-001
 8.2653970e-001
 8.2872045e-001
 8.3066922e-001
 8.3202988e-001
 8.3493775e-001
 8.3488810e-001
 8.3917654e-001
 8.3841288e-001
 8.4146178e-001
 8.4189433e-001
 8.4079164e-001
 8.4519202e-001
 8.4670097e-001
 8.4309548e-001
 8.4418297e-001
 8.4657812e-001
 8.4394705e-001
 8.4031188e-001
 8.4412044e-001
 8.4546274e-001
 8.4313571e-001
 8.4174800e-001
 8.3905321e-001
 8.4173948e-001
 8.3967310e-001
 8.3741510e-001
 8.3791155e-001
 8.4132057e-001
 8.4429884e-001
 8.4542847e-001
 8.5032809e-001
 8.5144264e-001
 8.5104042e-001
 8.5213673e-001
 8.5198778e-001
 8.5455674e-001
 8.5431278e-001
 8.5477078e-001
 8.5458571e-001
 8.5579938e-001
 8.5572171e-001
 8.5441244e-001
 8.5580009e-001
 8.5326856e-001
 8.4740609e-001
 8.3893484e-001
 8.4107172e-001
 8.4464610e-001
 8.4476948e-001
 8.4640241e-001
 8.4825957e-001
 8.4856343e-001
 8.5042220e-001
 8.4974086e-001
 8.5061955e-001
 8.5202438e-001
 8.4994400e-001
 8.5034496e-001
 8.5145527e-001
 8.4969640e-001
 8.5115659e-001
 8.4903276e-001
 8.4590143e-001
 8.4280348e-001
 8.3911014e-001
 8.3514744e-001
 8.2917154e-001
 8.2352060e-001
 8.1720531e-001
 8.0850190e-001
 7.9442734e-001
 7.6472336e-001
 7.1828628e-001
 6.7069739e-001
 6.4309007e-001
 6.5049636e-001
 6.7608720e-001
 6.9389361e-001
 7.0153886e-001
 7.0327991e-001
 7.1424156e-001
 7.2853541e-001
 7.4215180e-001
 7.5159466e-001
 7.5883693e-001
 7.6704562e-001
 7.7455038e-001
 7.7981329e-001
 7.8755122e-001
 7.8843087e-001
 7.9212320e-001
 7.9621977e-001
 8.0149931e-001
 8.0223072e-001
 8.0323875e-001
 8.0634320e-001
 8.0650914e-001
 8.0893058e-001
 8.0998826e-001
 8.0970865e-001
 8.1003416e-001
 8.0889869e-001
 8.0639678e-001
 8.0586940e-001
 8.0246079e-001
 7.9707456e-001
 7.9507142e-001
 7.8977269e-001
 7.8469169e-001
 7.8000718e-001
 7.8137404e-001
 7.7552921e-001
 7.7174556e-001
 7.6882070e-001
 7.6595432e-001
 7.6344079e-001
 7.5839132e-001
 7.4919909e-001
 7.3652560e-001
 7.1798640e-001
 6.7457289e-001
 6.2434506e-001
 6.4008224e-001
 5.8586538e-001
 5.2000886e-001
 4.8135436e-001
 4.9137539e-001
 5.1632172e-001
 5.3401846e-001
 5.4408932e-001
 5.4898703e-001
 5.5529922e-001
 5.6534809e-001
 5.7151186e-001
 5.7979876e-001
 5.9993988e-001
 6.2102968e-001
 6.3995987e-001
 6.5134448e-001
 6.5932703e-001
 6.6539025e-001
 6.7017120e-001
 6.7408311e-001
 6.7711937e-001
 6.7660099e-001
 6.7921942e-001
 6.8134195e-001
 6.8230999e-001
 6.8103480e-001
 6.7656690e-001
 6.7291081e-001
 6.7242467e-001
 6.7180991e-001
 6.6057336e-001
 6.3138336e-001
 5.9139442e-001
 5.7963061e-001
 5.9298503e-001
 5.9944463e-001
 6.0521144e-001
 6.0594261e-001
 5.9690046e-001
 5.8241647e-001
 5.6054825e-001
 5.4432648e-001
 5.3231758e-001
 5.1444650e-001
 4.9893272e-001
 4.8145264e-001
 4.7920504e-001
 4.9771163e-001
 5.1635456e-001
 5.2880448e-001
 5.2533782e-001
 5.1389194e-001
 5.0439799e-001
 4.9561909e-001
 4.8226067e-001
 4.6504736e-001
 4.4623676e-001
 4.2913848e-001
 4.1090864e-001
 3.9413443e-001
 3.7836578e-001
 3.6292681e-001
 3.4789470e-001
