s07_AV97 Record=2457: Olivine KI3054 Fo66 <60um     BECKb AREF
 1.6758266e-001
 2.0041859e-001
 2.2772010e-001
 2.4399595e-001
 2.7058500e-001
 2.8819111e-001
 2.9623953e-001
 3.0412960e-001
 3.0276418e-001
 3.0972821e-001
 3.2264042e-001
 3.4147820e-001
 3.5059354e-001
 3.6046666e-001
 3.8315204e-001
 3.9853638e-001
 4.0951717e-001
 4.2368680e-001
 4.3644622e-001
 4.4687912e-001
 4.5272583e-001
 4.5637125e-001
 4.5808241e-001
 4.5924786e-001
 4.5973027e-001
 4.6003303e-001
 4.6170253e-001
 4.6677926e-001
 4.7439742e-001
 4.8303804e-001
 4.8808360e-001
 4.8861593e-001
 4.8759264e-001
 4.8862094e-001
 4.8731217e-001
 4.8282856e-001
 4.7832850e-001
 4.6900737e-001
 4.5997828e-001
 4.4930527e-001
 4.3703794e-001
 4.2402071e-001
 4.0932900e-001
 3.9584461e-001
 3.8192642e-001
 3.6692581e-001
 3.5490614e-001
 3.4076828e-001
 3.2889825e-001
 3.1840894e-001
 3.1028938e-001
 2.9181808e-001
 2.7811441e-001
 2.7699056e-001
 2.6604718e-001
 2.5939277e-001
 2.5953969e-001
 2.5428775e-001
 2.5085101e-001
 2.4139260e-001
 2.3055483e-001
 2.2985578e-001
 2.2065550e-001
 2.1268934e-001
 2.0612168e-001
 1.9765824e-001
 1.9355547e-001
 1.8646681e-001
 1.8322429e-001
 1.7835820e-001
 1.7665686e-001
 1.7341894e-001
 1.7162806e-001
 1.7175087e-001
 1.7261277e-001
 1.7310807e-001
 1.7411105e-001
 1.7808801e-001
 1.8067300e-001
 1.8763202e-001
 1.8967853e-001
 1.9239338e-001
 1.9780909e-001
 2.0194393e-001
 2.0439650e-001
 2.0630956e-001
 2.0805657e-001
 2.1268053e-001
 2.1298756e-001
 2.1686545e-001
 2.1655056e-001
 2.1968938e-001
 2.2221187e-001
 2.2473820e-001
 2.2710487e-001
 2.2954127e-001
 2.2590594e-001
 2.2878297e-001
 2.3055401e-001
 2.3540589e-001
 2.3920000e-001
 2.4105278e-001
 2.4647057e-001
 2.5286251e-001
 2.5849497e-001
 2.6276964e-001
 2.6957971e-001
 2.7397129e-001
 2.8082019e-001
 2.8833801e-001
 2.9859021e-001
 3.0724269e-001
 3.1661654e-001
 3.2392398e-001
 3.3357134e-001
 3.4398547e-001
 3.5440582e-001
 3.6555547e-001
 3.7512630e-001
 3.8520423e-001
 3.9629272e-001
 4.0813449e-001
 4.1603041e-001
 4.2771798e-001
 4.3600431e-001
 4.4370803e-001
 4.5463228e-001
 4.6556798e-001
 4.7554287e-001
 4.8519868e-001
 4.9452394e-001
 4.9847886e-001
 5.0720102e-001
 5.1339561e-001
 5.1941383e-001
 5.2342987e-001
 5.3212243e-001
 5.3509110e-001
 5.4111731e-001
 5.4380810e-001
 5.4618734e-001
 5.5080247e-001
 5.5634439e-001
 5.5908400e-001
 5.5971467e-001
 5.6142199e-001
 5.6367654e-001
 5.6707025e-001
 5.6832057e-001
 5.6722999e-001
 5.7159621e-001
 5.6769526e-001
 5.7149374e-001
 5.7548887e-001
 5.7862842e-001
 5.7701170e-001
 5.7199460e-001
 5.7292515e-001
 5.7761931e-001
 5.7515168e-001
 5.7669109e-001
 5.7429975e-001
 5.7726455e-001
 5.7424098e-001
 5.7315439e-001
 5.7778722e-001
 5.7707965e-001
 5.7804471e-001
 5.8051461e-001
 5.8283681e-001
 5.8245534e-001
 5.8418167e-001
 5.8494794e-001
 5.8614397e-001
 5.8914447e-001
 5.9258074e-001
 5.8824623e-001
 5.9029317e-001
 5.9179407e-001
 5.9450704e-001
 5.9499669e-001
 5.9563786e-001
 5.9956145e-001
 6.0034895e-001
 6.0332131e-001
 6.0479343e-001
 6.0695720e-001
 6.0622531e-001
 6.0218883e-001
 5.9995121e-001
 6.0675937e-001
 6.0578400e-001
 6.0167265e-001
 6.0476309e-001
 6.0207248e-001
 6.0303289e-001
 6.0480148e-001
 6.0536999e-001
 6.0240394e-001
 6.0043800e-001
 6.0218304e-001
 6.0621935e-001
 6.0933322e-001
 6.1108762e-001
 6.1383379e-001
 6.1612231e-001
 6.1490482e-001
 6.1537504e-001
 6.1833811e-001
 6.1863697e-001
 6.1988479e-001
 6.2194890e-001
 6.1934471e-001
 6.1747324e-001
 6.1811560e-001
 6.2027544e-001
 6.2239933e-001
 6.2301862e-001
 6.2257963e-001
 6.2214959e-001
 6.2258440e-001
 6.2336731e-001
 6.2371111e-001
 6.2314403e-001
