s07_AV97 Record=2646: Prehnite GDS613.a <60um      ASDFRa AREF
 3.8857138e-001
 4.1681391e-001
 4.4534162e-001
 4.6880335e-001
 4.8613226e-001
 4.9848101e-001
 5.0801528e-001
 5.1829773e-001
 5.2788049e-001
 5.3530419e-001
 5.4084826e-001
 5.4499799e-001
 5.4828495e-001
 5.5100530e-001
 5.5328208e-001
 5.5519950e-001
 5.5687392e-001
 5.5832529e-001
 5.5955625e-001
 5.6058395e-001
 5.6148976e-001
 5.6235445e-001
 5.6315881e-001
 5.6403208e-001
 5.6492072e-001
 5.6593573e-001
 5.6699771e-001
 5.6799829e-001
 5.6898504e-001
 5.6996912e-001
 5.7087433e-001
 5.7170087e-001
 5.7073873e-001
 5.7154244e-001
 5.7237953e-001
 5.7320541e-001
 5.7399338e-001
 5.7470202e-001
 5.7536042e-001
 5.7591122e-001
 5.7638526e-001
 5.7682127e-001
 5.7719654e-001
 5.7749063e-001
 5.7780510e-001
 5.7813150e-001
 5.7845122e-001
 5.7869250e-001
 5.7894880e-001
 5.7918650e-001
 5.7937258e-001
 5.7956511e-001
 5.7978016e-001
 5.7994068e-001
 5.8016562e-001
 5.8039123e-001
 5.8064491e-001
 5.8087873e-001
 5.8108723e-001
 5.8138710e-001
 5.8187062e-001
 5.8242565e-001
 5.8303273e-001
 5.8360600e-001
 5.8418316e-001
 5.8475697e-001
 5.8537585e-001
 5.8585173e-001
 5.8634496e-001
 5.8744115e-001
 5.8929294e-001
 5.9072894e-001
 5.9202111e-001
 5.9318012e-001
 5.9428519e-001
 5.9543937e-001
 5.9654450e-001
 5.9778190e-001
 5.9896463e-001
 5.9991336e-001
 6.0109329e-001
 6.0205752e-001
 6.0292953e-001
 6.0373908e-001
 6.0457575e-001
 6.0552734e-001
 6.0637569e-001
 6.0719198e-001
 6.0774219e-001
 6.0842824e-001
 6.0927510e-001
 6.1016291e-001
 6.1075372e-001
 6.1122984e-001
 6.1140841e-001
 6.1107904e-001
 6.1131567e-001
 6.1138350e-001
 6.1054111e-001
 6.0779631e-001
 6.0701311e-001
 6.0852635e-001
 6.1046189e-001
 6.1154550e-001
 6.1220974e-001
 6.1305374e-001
 6.1336076e-001
 6.1335957e-001
 6.1302143e-001
 6.1208558e-001
 6.1000037e-001
 6.0692900e-001
 6.0368556e-001
 5.9967726e-001
 5.9248370e-001
 5.8883828e-001
 5.8188665e-001
 5.6191176e-001
 5.2320957e-001
 5.0572336e-001
 5.5303872e-001
 5.7985944e-001
 5.9399039e-001
 6.0291851e-001
 6.0727948e-001
 6.0945380e-001
 6.1105812e-001
 6.1222738e-001
 6.1325544e-001
 6.1407936e-001
 6.1433238e-001
 6.1460268e-001
 6.1482805e-001
 6.1502820e-001
 6.1547422e-001
 6.1589581e-001
 6.1619312e-001
 6.1624342e-001
 6.1612076e-001
 6.1607909e-001
 6.1573035e-001
 6.1473560e-001
 6.1345160e-001
 6.1194676e-001
 6.1048049e-001
 6.0967910e-001
 6.0951072e-001
 6.1000717e-001
 6.1057663e-001
 6.1095142e-001
 6.1088789e-001
 6.0971183e-001
 6.0729539e-001
 6.0370827e-001
 6.0044813e-001
 5.9890705e-001
 5.9794068e-001
 5.9473228e-001
 5.8758771e-001
 5.8187383e-001
 5.8343416e-001
 5.7985747e-001
 5.7313472e-001
 5.6777513e-001
 5.6709826e-001
 5.6706607e-001
 5.6841534e-001
 5.7207412e-001
 5.7567966e-001
 5.7757252e-001
 5.7790339e-001
 5.7752782e-001
 5.7813466e-001
 5.7975459e-001
 5.8102840e-001
 5.8303970e-001
 5.8516306e-001
 5.8691823e-001
 5.8798957e-001
 5.8831441e-001
 5.8830237e-001
 5.8747005e-001
 5.8530265e-001
 5.8272320e-001
 5.8088791e-001
 5.7926553e-001
 5.7756925e-001
 5.7510585e-001
 5.7176852e-001
 5.6779093e-001
 5.6298983e-001
 5.5730921e-001
 5.4616535e-001
 5.2245396e-001
 4.8582581e-001
 4.5549485e-001
 4.4714609e-001
 4.6465895e-001
 4.8252943e-001
 4.7874153e-001
 4.5938063e-001
 4.5353511e-001
 4.6536171e-001
 4.7656152e-001
 4.4423348e-001
 3.6373797e-001
 2.9164144e-001
 2.6636204e-001
 2.6687253e-001
 2.9886070e-001
 3.1860316e-001
 3.2039580e-001
 3.4186256e-001
 3.6690316e-001
 3.8890561e-001
 4.1040903e-001
 4.2653328e-001
 4.3212724e-001
 4.2497146e-001
 4.1232595e-001
 4.0288353e-001
 4.0352258e-001
 4.0062159e-001
-1.2300000e+034
