s07_AV97 Record=1292: Glaucophane HS426.1B         ASDFRc AREF
 2.2658926e-001
 2.4428575e-001
 2.6164883e-001
 2.7924103e-001
 2.9815641e-001
 3.1544739e-001
 3.2940492e-001
 3.3783010e-001
 3.4976444e-001
 3.5815191e-001
 3.6306381e-001
 3.6582381e-001
 3.6666426e-001
 3.6606351e-001
 3.6475176e-001
 3.6254123e-001
 3.6020327e-001
 3.5848579e-001
 3.5744020e-001
 3.5711238e-001
 3.5728085e-001
 3.5766202e-001
 3.5820353e-001
 3.5860592e-001
 3.5889804e-001
 3.5951307e-001
 3.6055782e-001
 3.6206308e-001
 3.6425960e-001
 3.6732543e-001
 3.7138507e-001
 3.7600702e-001
 3.7068686e-001
 3.7504852e-001
 3.8007501e-001
 3.8559616e-001
 3.9162147e-001
 3.9810023e-001
 4.0511599e-001
 4.1240731e-001
 4.1920954e-001
 4.2564774e-001
 4.3122786e-001
 4.3592507e-001
 4.3951347e-001
 4.4200647e-001
 4.4410279e-001
 4.4534960e-001
 4.4659743e-001
 4.4768950e-001
 4.4893923e-001
 4.5068368e-001
 4.5266795e-001
 4.5539838e-001
 4.5847908e-001
 4.6192354e-001
 4.6568617e-001
 4.6957356e-001
 4.7343802e-001
 4.7729883e-001
 4.8072413e-001
 4.8410383e-001
 4.8681697e-001
 4.8921442e-001
 4.9196157e-001
 4.9390343e-001
 4.9615884e-001
 4.9836645e-001
 5.0091368e-001
 5.0371933e-001
 5.0734764e-001
 5.1035911e-001
 5.1417339e-001
 5.1803958e-001
 5.2223945e-001
 5.2685386e-001
 5.3155291e-001
 5.3657484e-001
 5.4208565e-001
 5.4693502e-001
 5.5251682e-001
 5.5699265e-001
 5.6155539e-001
 5.6758708e-001
 5.7257646e-001
 5.7793319e-001
 5.8266872e-001
 5.8796918e-001
 5.9339982e-001
 5.9829974e-001
 6.0308939e-001
 6.0794711e-001
 6.1207283e-001
 6.1749494e-001
 6.2162125e-001
 6.2587577e-001
 6.1941129e-001
 6.2393528e-001
 6.2809241e-001
 6.3223344e-001
 6.3590235e-001
 6.3993096e-001
 6.4421517e-001
 6.4749390e-001
 6.5134805e-001
 6.5562201e-001
 6.5906072e-001
 6.6258937e-001
 6.6547924e-001
 6.6723806e-001
 6.5875536e-001
 6.4230222e-001
 6.5798324e-001
 6.7426860e-001
 6.7800915e-001
 6.8024313e-001
 6.8146604e-001
 6.8352991e-001
 6.8597502e-001
 6.8906748e-001
 6.9160616e-001
 6.9366497e-001
 6.9584382e-001
 6.9905752e-001
 7.0146656e-001
 7.0331037e-001
 7.0530123e-001
 7.0645255e-001
 7.0770878e-001
 7.0939612e-001
 7.1009463e-001
 7.1128082e-001
 7.1257526e-001
 7.1345115e-001
 7.1442193e-001
 7.1455586e-001
 7.1497953e-001
 7.1552688e-001
 7.1530086e-001
 7.1496999e-001
 7.1538341e-001
 7.1519011e-001
 7.1567345e-001
 7.1535319e-001
 7.1578717e-001
 7.1630269e-001
 7.1599191e-001
 7.1627921e-001
 7.1600658e-001
 7.1675920e-001
 7.1757627e-001
 7.1820253e-001
 7.1916026e-001
 7.1815914e-001
 7.1784395e-001
 7.1729541e-001
 7.1631777e-001
 7.1563351e-001
 7.1384954e-001
 7.1156806e-001
 7.1255094e-001
 7.0912403e-001
 7.0333284e-001
 6.9730127e-001
 6.9121927e-001
 6.8549204e-001
 6.8336648e-001
 6.8328166e-001
 6.8476039e-001
 6.8581212e-001
 6.8644649e-001
 6.8778896e-001
 6.8787855e-001
 6.9009018e-001
 6.9215220e-001
 6.9312060e-001
 6.9475114e-001
 6.9708437e-001
 6.9866496e-001
 6.9972193e-001
 7.0109546e-001
 7.0107418e-001
 7.0161933e-001
 7.0102936e-001
 6.9983190e-001
 6.9964683e-001
 6.9857693e-001
 6.9561803e-001
 6.9185060e-001
 6.8773234e-001
 6.8348962e-001
 6.8096817e-001
 6.7778742e-001
 6.7564142e-001
 6.7055297e-001
 6.6199076e-001
 6.5195471e-001
 6.4247984e-001
 6.3242835e-001
 6.2350202e-001
 6.1102778e-001
 5.9386206e-001
 5.7304001e-001
 5.5683523e-001
 5.5506134e-001
 5.6563205e-001
 5.8386254e-001
 6.0166305e-001
 6.1165857e-001
 6.1300677e-001
 6.1049765e-001
 6.0766566e-001
 6.1157727e-001
 6.1810422e-001
 6.2115175e-001
 6.2093228e-001
 6.1918461e-001
 6.1499798e-001
 6.0881561e-001
 6.0154659e-001
 5.9743440e-001
 5.9373862e-001
 5.9408569e-001
-1.2300000e+034
