s07_AV97 Record=1063: Diopside HS317.3B (Cr)Pyx   NIC4dcc RREF
-1.2300000e+034
-1.2300000e+034
-1.2300000e+034
-1.2300000e+034
-1.2300000e+034
-1.2300000e+034
-1.2300000e+034
-1.2300000e+034
-1.2300000e+034
-1.2300000e+034
-1.2300000e+034
-1.2300000e+034
-1.2300000e+034
-1.2300000e+034
-1.2300000e+034
-1.2300000e+034
-1.2300000e+034
-1.2300000e+034
-1.2300000e+034
-1.2300000e+034
-1.2300000e+034
-1.2300000e+034
-1.2300000e+034
-1.2300000e+034
-1.2300000e+034
-1.2300000e+034
-1.2300000e+034
-1.2300000e+034
-1.2300000e+034
-1.2300000e+034
-1.2300000e+034
-1.2300000e+034
-1.2300000e+034
-1.2300000e+034
-1.2300000e+034
-1.2300000e+034
-1.2300000e+034
-1.2300000e+034
-1.2300000e+034
-1.2300000e+034
-1.2300000e+034
-1.2300000e+034
-1.2300000e+034
-1.2300000e+034
-1.2300000e+034
-1.2300000e+034
-1.2300000e+034
-1.2300000e+034
-1.2300000e+034
-1.2300000e+034
-1.2300000e+034
-1.2300000e+034
-1.2300000e+034
-1.2300000e+034
-1.2300000e+034
-1.2300000e+034
-1.2300000e+034
-1.2300000e+034
-1.2300000e+034
-1.2300000e+034
-1.2300000e+034
-1.2300000e+034
-1.2300000e+034
-1.2300000e+034
-1.2300000e+034
-1.2300000e+034
-1.2300000e+034
-1.2300000e+034
-1.2300000e+034
-1.2300000e+034
-1.2300000e+034
-1.2300000e+034
-1.2300000e+034
-1.2300000e+034
-1.2300000e+034
-1.2300000e+034
-1.2300000e+034
-1.2300000e+034
-1.2300000e+034
-1.2300000e+034
-1.2300000e+034
-1.2300000e+034
-1.2300000e+034
-1.2300000e+034
-1.2300000e+034
-1.2300000e+034
-1.2300000e+034
-1.2300000e+034
-1.2300000e+034
-1.2300000e+034
-1.2300000e+034
-1.2300000e+034
-1.2300000e+034
-1.2300000e+034
-1.2300000e+034
-1.2300000e+034
-1.2300000e+034
-1.2300000e+034
-1.2300000e+034
-1.2300000e+034
-1.2300000e+034
-1.2300000e+034
-1.2300000e+034
-1.2300000e+034
-1.2300000e+034
-1.2300000e+034
-1.2300000e+034
-1.2300000e+034
-1.2300000e+034
-1.2300000e+034
 4.5596269e-001
 4.6531928e-001
 4.6347982e-001
 4.5969635e-001
 4.5765468e-001
 4.5606405e-001
 4.5460436e-001
 4.5353666e-001
 4.5301455e-001
 4.5417711e-001
 4.5587924e-001
 4.5776150e-001
 4.5939177e-001
 4.6081007e-001
 4.6260577e-001
 4.6530974e-001
 4.6827367e-001
 4.7102296e-001
 4.7318715e-001
 4.7508055e-001
 4.7685486e-001
 4.7927213e-001
 4.8187631e-001
 4.8434654e-001
 4.8635474e-001
 4.8787898e-001
 4.8924312e-001
 4.9052599e-001
 4.9220124e-001
 4.9418113e-001
 4.9588442e-001
 4.9714649e-001
 4.9802366e-001
 4.9868679e-001
 4.9914342e-001
 4.9998862e-001
 5.0110120e-001
 5.0229639e-001
 5.0335419e-001
 5.0371152e-001
 5.0383246e-001
 5.0372702e-001
 5.0357187e-001
 5.0358564e-001
 5.0402027e-001
 5.0450230e-001
 5.0494337e-001
 5.0467056e-001
 5.0362670e-001
 5.0165117e-001
 5.0235873e-001
 4.9980754e-001
 4.9692681e-001
 4.9592826e-001
 4.9663740e-001
 4.9767795e-001
 4.9834055e-001
 4.9851248e-001
 4.9827006e-001
 4.9747553e-001
 4.9661067e-001
 4.9573919e-001
 4.9503750e-001
 4.9480245e-001
 4.9474269e-001
 4.9485236e-001
 4.9456519e-001
 4.9377927e-001
 4.9262837e-001
 4.9087495e-001
 4.8868528e-001
 4.8738310e-001
 4.8619699e-001
 4.8453516e-001
 4.8364145e-001
 4.8288351e-001
 4.8249125e-001
 4.8202118e-001
 4.8110801e-001
 4.7942552e-001
 4.7761777e-001
 4.7556597e-001
 4.7308138e-001
 4.7035274e-001
 4.6831849e-001
 4.6628278e-001
 4.6536911e-001
 4.6448341e-001
 4.6237984e-001
 4.5735455e-001
 4.4826743e-001
 4.3176123e-001
 4.2565292e-001
 4.1148654e-001
 4.1194218e-001
 4.3484730e-001
 4.4805381e-001
 4.4996232e-001
 4.4894764e-001
 4.4604710e-001
 4.3748587e-001
 4.3108961e-001
 4.3782520e-001
 4.4728088e-001
 4.4839433e-001
 4.4711196e-001
 4.4615746e-001
 4.4537917e-001
 4.4333357e-001
 4.4217449e-001
 4.4501647e-001
 4.4591922e-001
 4.4477767e-001
 4.4467774e-001
