s07_AV97 Record=1882: Lazurite HS418.4B            ASDFRb AREF
 1.8161225e-001
 1.8953739e-001
 1.9637248e-001
 2.0606852e-001
 2.1669909e-001
 2.3012958e-001
 2.4534099e-001
 2.6182425e-001
 2.7580428e-001
 2.8459466e-001
 2.8553075e-001
 2.7566978e-001
 2.5622359e-001
 2.3102380e-001
 2.0514822e-001
 1.8250185e-001
 1.6434902e-001
 1.5048276e-001
 1.4003217e-001
 1.3236852e-001
 1.2683484e-001
 1.2287582e-001
 1.2026303e-001
 1.1882810e-001
 1.1806562e-001
 1.1829900e-001
 1.1952375e-001
 1.2199720e-001
 1.2556051e-001
 1.3056195e-001
 1.3749820e-001
 1.4696261e-001
 1.3620310e-001
 1.4486217e-001
 1.5649545e-001
 1.7162438e-001
 1.9032136e-001
 2.1177667e-001
 2.3452787e-001
 2.5657833e-001
 2.7602935e-001
 2.9194206e-001
 3.0435103e-001
 3.1402746e-001
 3.2163212e-001
 3.2778811e-001
 3.3306256e-001
 3.3801118e-001
 3.4267303e-001
 3.4715304e-001
 3.5160893e-001
 3.5599160e-001
 3.6012682e-001
 3.6431211e-001
 3.6852869e-001
 3.7251705e-001
 3.7645668e-001
 3.8032898e-001
 3.8397595e-001
 3.8748559e-001
 3.9081678e-001
 3.9389145e-001
 3.9674178e-001
 3.9928052e-001
 4.0167633e-001
 4.0413976e-001
 4.0654925e-001
 4.0871930e-001
 4.1079253e-001
 4.1252163e-001
 4.1505772e-001
 4.1658637e-001
 4.1805261e-001
 4.1953650e-001
 4.2060861e-001
 4.2174086e-001
 4.2244336e-001
 4.2363316e-001
 4.2467672e-001
 4.2507634e-001
 4.2555940e-001
 4.2590392e-001
 4.2587498e-001
 4.2563275e-001
 4.2538863e-001
 4.2573681e-001
 4.2610115e-001
 4.2666095e-001
 4.2691916e-001
 4.2738393e-001
 4.2791501e-001
 4.2882878e-001
 4.2919135e-001
 4.2947915e-001
 4.2992052e-001
 4.3061799e-001
 4.2967480e-001
 4.3029037e-001
 4.3097994e-001
 4.3129367e-001
 4.3140468e-001
 4.3141612e-001
 4.3153304e-001
 4.3125409e-001
 4.3074521e-001
 4.3015987e-001
 4.2983344e-001
 4.2955646e-001
 4.2874259e-001
 4.2634997e-001
 4.2180720e-001
 4.1344064e-001
 4.0262139e-001
 3.9395109e-001
 3.9132243e-001
 3.9211828e-001
 3.9425337e-001
 3.9652935e-001
 3.9903057e-001
 4.0317446e-001
 4.0782699e-001
 4.1219398e-001
 4.1604581e-001
 4.1940033e-001
 4.2164686e-001
 4.2387605e-001
 4.2573008e-001
 4.2711890e-001
 4.2819196e-001
 4.2852932e-001
 4.2909250e-001
 4.2962134e-001
 4.2988697e-001
 4.3010342e-001
 4.3033367e-001
 4.3050471e-001
 4.3082607e-001
 4.3114641e-001
 4.3135861e-001
 4.3112591e-001
 4.3116009e-001
 4.3073571e-001
 4.2998517e-001
 4.2890602e-001
 4.2727014e-001
 4.2507443e-001
 4.2254677e-001
 4.2115292e-001
 4.2028490e-001
 4.1958329e-001
 4.1898173e-001
 4.1856039e-001
 4.1827920e-001
 4.1789588e-001
 4.1699758e-001
 4.1506907e-001
 4.1186395e-001
 4.0635481e-001
 3.9669514e-001
 3.7869045e-001
 3.8722557e-001
 3.6183286e-001
 3.2317704e-001
 2.8093165e-001
 2.5721043e-001
 2.5149560e-001
 2.5103718e-001
 2.5511175e-001
 2.6211596e-001
 2.6941258e-001
 2.7723256e-001
 2.8631791e-001
 2.9650542e-001
 3.0635247e-001
 3.1477785e-001
 3.2178834e-001
 3.2740426e-001
 3.3264226e-001
 3.3763692e-001
 3.4227246e-001
 3.4678099e-001
 3.5054764e-001
 3.5409656e-001
 3.5778818e-001
 3.6086261e-001
 3.6366722e-001
 3.6629477e-001
 3.6815578e-001
 3.6979666e-001
 3.7145373e-001
 3.7271124e-001
 3.7450880e-001
 3.7658095e-001
 3.7806365e-001
 3.7910184e-001
 3.8060859e-001
 3.8143852e-001
 3.8187078e-001
 3.8221437e-001
 3.8171735e-001
 3.8083550e-001
 3.7864342e-001
 3.7592912e-001
 3.7261301e-001
 3.6828208e-001
 3.6282504e-001
 3.5593554e-001
 3.4927902e-001
 3.4300026e-001
 3.3535144e-001
 3.2580981e-001
 3.1522283e-001
 3.0338600e-001
 2.9215038e-001
 2.8018403e-001
 2.7135968e-001
 2.6195860e-001
 2.5329357e-001
 2.4756299e-001
 2.4221908e-001
 2.3583083e-001
 2.3303278e-001
 2.3226856e-001
-1.2300000e+034
