s07_AV97 Record=3270: Topaz Harris_Park_#9          BECKb AREF
 8.2578933e-001
 8.3317167e-001
 8.3784729e-001
 8.4266520e-001
 8.4697330e-001
 8.5017568e-001
 8.5551512e-001
 8.6069781e-001
 8.6512935e-001
 8.6881804e-001
 8.7336308e-001
 8.7614584e-001
 8.7800771e-001
 8.8195962e-001
 8.8294065e-001
 8.8484657e-001
 8.8635111e-001
 8.8785881e-001
 8.8961399e-001
 8.9193869e-001
 8.9402401e-001
 8.9616197e-001
 9.0037125e-001
 9.0717673e-001
 9.1254020e-001
 9.1624850e-001
 9.1804248e-001
 9.2100698e-001
 9.2311615e-001
 9.2423075e-001
 9.2610437e-001
 9.2829943e-001
 9.2564875e-001
 9.2806655e-001
 9.2953604e-001
 9.3062013e-001
 9.3025017e-001
 9.2940700e-001
 9.2896038e-001
 9.2938417e-001
 9.3074876e-001
 9.2880273e-001
 9.2736924e-001
 9.2879611e-001
 9.2872828e-001
 9.2694807e-001
 9.2693549e-001
 9.2496353e-001
 9.2548251e-001
 9.2047411e-001
 9.2018634e-001
 9.1791528e-001
 9.1868198e-001
 9.1971600e-001
 9.2456746e-001
 9.2601967e-001
 9.1932964e-001
 9.2541504e-001
 9.2442745e-001
 9.2053002e-001
 9.3393558e-001
 9.2614985e-001
 9.2620462e-001
 9.2963994e-001
 9.2773044e-001
 9.3114048e-001
 9.3165100e-001
 9.3648106e-001
 9.3572032e-001
 9.3635702e-001
 9.3835765e-001
 9.3599916e-001
 9.3709713e-001
 9.3817878e-001
 9.4138300e-001
 9.3918020e-001
 9.4160408e-001
 9.4037074e-001
 9.4218582e-001
 9.4407421e-001
 9.4154936e-001
 9.4009864e-001
 9.4357991e-001
 9.4691312e-001
 9.4468910e-001
 9.4225168e-001
 9.4022703e-001
 9.4500417e-001
 9.4371897e-001
 9.4307071e-001
 9.4521701e-001
 9.4259894e-001
 9.4930834e-001
 9.4823629e-001
 9.4814372e-001
 9.4981986e-001
 9.4796431e-001
 9.4847077e-001
 9.4918746e-001
 9.5005393e-001
 9.4746172e-001
 9.4638652e-001
 9.4921690e-001
 9.5218003e-001
 9.4736040e-001
 9.4127291e-001
 9.4506091e-001
 9.4537377e-001
 9.4294238e-001
 9.4116533e-001
 9.3368912e-001
 8.7833959e-001
 9.2339665e-001
 9.4388944e-001
 9.4564861e-001
 9.4476908e-001
 9.4672287e-001
 9.4704306e-001
 9.4817966e-001
 9.4767988e-001
 9.4731748e-001
 9.4763279e-001
 9.4945288e-001
 9.4959992e-001
 9.4766855e-001
 9.5272154e-001
 9.4851238e-001
 9.4948757e-001
 9.5378292e-001
 9.5263952e-001
 9.4884104e-001
 9.5151436e-001
 9.5332289e-001
 9.5361543e-001
 9.5182490e-001
 9.4811946e-001
 9.5053303e-001
 9.5255852e-001
 9.4842583e-001
 9.3764400e-001
 9.4007128e-001
 9.4346231e-001
 9.4212157e-001
 9.4897175e-001
 9.4314349e-001
 9.3389070e-001
 9.3930346e-001
 9.4345891e-001
 9.4689089e-001
 9.4471866e-001
 9.4747895e-001
 9.4750434e-001
 9.5082670e-001
 9.4996244e-001
 9.4782156e-001
 9.4383919e-001
 9.4441450e-001
 9.4795477e-001
 9.4704431e-001
 9.4105631e-001
 9.4332087e-001
 9.3783438e-001
 9.3351781e-001
 9.2973125e-001
 9.3202972e-001
 9.3197560e-001
 9.3045962e-001
 9.3064660e-001
 9.3023759e-001
 9.3177938e-001
 9.3505484e-001
 9.3554729e-001
 9.3811226e-001
 9.4015229e-001
 9.3646312e-001
 9.3453211e-001
 9.3471074e-001
 9.3219608e-001
 9.2164880e-001
 8.7825620e-001
 7.2492641e-001
 6.9499505e-001
 8.7466717e-001
 9.1082507e-001
 9.2084259e-001
 9.1361916e-001
 9.0196306e-001
 8.8977760e-001
 8.8833612e-001
 8.9668524e-001
 9.0056080e-001
 9.0841216e-001
 8.9956594e-001
 8.9403534e-001
 8.9916950e-001
 9.1249788e-001
 9.2592019e-001
 9.1842330e-001
 8.9024562e-001
 8.9704663e-001
 9.0903509e-001
 9.0391004e-001
 8.8723880e-001
 8.8517344e-001
 8.8264954e-001
 8.7857008e-001
 8.7314028e-001
 8.7646681e-001
 8.7754822e-001
 8.6685252e-001
 8.5733354e-001
 8.6872727e-001
 8.6264336e-001
 8.5257840e-001
 8.4577155e-001
 8.4140700e-001
 8.3655781e-001
 8.2814544e-001
 8.1761789e-001
 8.0421352e-001
 7.9003251e-001
 7.7408504e-001
 7.5496948e-001
 7.3225743e-001
