s07_AV97 Record=1854: Knebelite HS419.6            ASDFRc AREF
 7.9838634e-002
 8.5998334e-002
 9.0358853e-002
 9.4113879e-002
 9.5562659e-002
 9.8015130e-002
 1.0050016e-001
 1.0302874e-001
 1.0548218e-001
 1.0704280e-001
 1.0904893e-001
 1.1111131e-001
 1.1303774e-001
 1.1504470e-001
 1.1742974e-001
 1.1961897e-001
 1.2149401e-001
 1.2364018e-001
 1.2609574e-001
 1.2881017e-001
 1.3163623e-001
 1.3470295e-001
 1.3766669e-001
 1.4039908e-001
 1.4320381e-001
 1.4643814e-001
 1.5076575e-001
 1.5565495e-001
 1.6064344e-001
 1.6559817e-001
 1.6966465e-001
 1.7311196e-001
 1.6907446e-001
 1.7248797e-001
 1.7536348e-001
 1.7756441e-001
 1.7968902e-001
 1.8141662e-001
 1.8289104e-001
 1.8398164e-001
 1.8463080e-001
 1.8453240e-001
 1.8369514e-001
 1.8206094e-001
 1.7964065e-001
 1.7674322e-001
 1.7323983e-001
 1.6916199e-001
 1.6476844e-001
 1.6034096e-001
 1.5587570e-001
 1.5122019e-001
 1.4670692e-001
 1.4241382e-001
 1.3838771e-001
 1.3459593e-001
 1.3118207e-001
 1.2803125e-001
 1.2520589e-001
 1.2269482e-001
 1.2034235e-001
 1.1847174e-001
 1.1703341e-001
 1.1568098e-001
 1.1463423e-001
 1.1391833e-001
 1.1340896e-001
 1.1300982e-001
 1.1308402e-001
 1.1260074e-001
 1.1319133e-001
 1.1340661e-001
 1.1361135e-001
 1.1445152e-001
 1.1463746e-001
 1.1540169e-001
 1.1556428e-001
 1.1594935e-001
 1.1640580e-001
 1.1611953e-001
 1.1613668e-001
 1.1599488e-001
 1.1622228e-001
 1.1645103e-001
 1.1650020e-001
 1.1665165e-001
 1.1692926e-001
 1.1697570e-001
 1.1708289e-001
 1.1714566e-001
 1.1735743e-001
 1.1801901e-001
 1.1851747e-001
 1.1878197e-001
 1.1904722e-001
 1.1943928e-001
 1.1881831e-001
 1.1931642e-001
 1.1978891e-001
 1.2021589e-001
 1.2078199e-001
 1.2144401e-001
 1.2234083e-001
 1.2320076e-001
 1.2386768e-001
 1.2454625e-001
 1.2550035e-001
 1.2671758e-001
 1.2754148e-001
 1.2842734e-001
 1.2858890e-001
 1.2616432e-001
 1.2622042e-001
 1.2939484e-001
 1.3257903e-001
 1.3506065e-001
 1.3692939e-001
 1.3903737e-001
 1.4080486e-001
 1.4254166e-001
 1.4445138e-001
 1.4640218e-001
 1.4823122e-001
 1.5021867e-001
 1.5216888e-001
 1.5434277e-001
 1.5632828e-001
 1.5831447e-001
 1.6047566e-001
 1.6254656e-001
 1.6466309e-001
 1.6704185e-001
 1.6922888e-001
 1.7137930e-001
 1.7333663e-001
 1.7524125e-001
 1.7727478e-001
 1.7933542e-001
 1.8115036e-001
 1.8280263e-001
 1.8445785e-001
 1.8610494e-001
 1.8769427e-001
 1.8901138e-001
 1.9013734e-001
 1.9102252e-001
 1.9186695e-001
 1.9216539e-001
 1.9279625e-001
 1.9329518e-001
 1.9339408e-001
 1.9353193e-001
 1.9373037e-001
 1.9373117e-001
 1.9357058e-001
 1.9322370e-001
 1.9270614e-001
 1.9208300e-001
 1.9130495e-001
 1.8918751e-001
 1.9007666e-001
 1.8785605e-001
 1.8535158e-001
 1.8289809e-001
 1.8100779e-001
 1.7945357e-001
 1.7815164e-001
 1.7711295e-001
 1.7588177e-001
 1.7475088e-001
 1.7365253e-001
 1.7268570e-001
 1.7159064e-001
 1.7091718e-001
 1.7080420e-001
 1.7119080e-001
 1.7170765e-001
 1.7226700e-001
 1.7291991e-001
 1.7305470e-001
 1.7314173e-001
 1.7268784e-001
 1.7198503e-001
 1.7101708e-001
 1.6974179e-001
 1.6852796e-001
 1.6775778e-001
 1.6704428e-001
 1.6613655e-001
 1.6513062e-001
 1.6371623e-001
 1.6277064e-001
 1.6198440e-001
 1.6144550e-001
 1.6057737e-001
 1.5950340e-001
 1.5840124e-001
 1.5737359e-001
 1.5549874e-001
 1.5367594e-001
 1.5177788e-001
 1.4925076e-001
 1.4644749e-001
 1.4312224e-001
 1.3945594e-001
 1.3561979e-001
 1.3159291e-001
 1.2795800e-001
 1.2656957e-001
 1.2879443e-001
 1.3521308e-001
 1.4196149e-001
 1.4643225e-001
 1.4702773e-001
 1.4568500e-001
 1.4439207e-001
 1.4334604e-001
 1.4166695e-001
 1.3987672e-001
 1.3664180e-001
 1.3299283e-001
 1.2907436e-001
 1.2759176e-001
-1.2300000e+034
