s07_AV97 Record=3374: Tremolite HS18.3B            ASDFRc AREF
 6.2025911e-001
 6.3912201e-001
 6.5499496e-001
 6.6842949e-001
 6.7744392e-001
 6.8730992e-001
 6.9622916e-001
 7.0379281e-001
 7.1206474e-001
 7.1890515e-001
 7.2502178e-001
 7.3104191e-001
 7.3635298e-001
 7.4097937e-001
 7.4518120e-001
 7.4980801e-001
 7.5343549e-001
 7.5655740e-001
 7.5968719e-001
 7.6334578e-001
 7.6630932e-001
 7.6837897e-001
 7.7109122e-001
 7.7204502e-001
 7.7424628e-001
 7.7506548e-001
 7.7579576e-001
 7.7675432e-001
 7.7770978e-001
 7.7889675e-001
 7.8019482e-001
 7.8123587e-001
 7.7998245e-001
 7.8105813e-001
 7.8206354e-001
 7.8309590e-001
 7.8420061e-001
 7.8491038e-001
 7.8538066e-001
 7.8483713e-001
 7.8556502e-001
 7.8535765e-001
 7.8507924e-001
 7.8473753e-001
 7.8343618e-001
 7.8216344e-001
 7.8026980e-001
 7.7827150e-001
 7.7556652e-001
 7.7327627e-001
 7.7032053e-001
 7.6767641e-001
 7.6414531e-001
 7.6158869e-001
 7.5721544e-001
 7.5422621e-001
 7.4907643e-001
 7.4453151e-001
 7.3871666e-001
 7.3214871e-001
 7.2516501e-001
 7.1488154e-001
 6.9592440e-001
 6.9701511e-001
 6.8793166e-001
 6.7801315e-001
 6.6780823e-001
 6.5852422e-001
 6.5029502e-001
 6.4437330e-001
 6.4271891e-001
 6.4382619e-001
 6.4967370e-001
 6.5859252e-001
 6.7237228e-001
 6.8967360e-001
 7.0592815e-001
 7.2196329e-001
 7.3616713e-001
 7.4780613e-001
 7.5832307e-001
 7.6626408e-001
 7.7426386e-001
 7.8093761e-001
 7.8564447e-001
 7.9092675e-001
 7.9507136e-001
 7.9899734e-001
 8.0305105e-001
 8.0661285e-001
 8.1104225e-001
 8.1555402e-001
 8.1891298e-001
 8.2237035e-001
 8.2485062e-001
 8.2457167e-001
 8.2375807e-001
 8.2528037e-001
 8.2403529e-001
 8.2912093e-001
 8.3165902e-001
 8.3553344e-001
 8.3962977e-001
 8.4100795e-001
 8.4376180e-001
 8.4583646e-001
 8.4415138e-001
 8.3394140e-001
 7.9231316e-001
 7.4151784e-001
 6.2633014e-001
 7.7291358e-001
 8.2687896e-001
 8.4166658e-001
 8.4669155e-001
 8.5203892e-001
 8.5634977e-001
 8.5841829e-001
 8.6020571e-001
 8.6212802e-001
 8.6333698e-001
 8.6415952e-001
 8.6621517e-001
 8.6690170e-001
 8.6615312e-001
 8.6749846e-001
 8.7009490e-001
 8.7116522e-001
 8.7189925e-001
 8.7254024e-001
 8.7365669e-001
 8.7352240e-001
 8.7368864e-001
 8.7444311e-001
 8.7461436e-001
 8.7470222e-001
 8.7515277e-001
 8.7576711e-001
 8.7613851e-001
 8.7666231e-001
 8.7649381e-001
 8.7632972e-001
 8.7692571e-001
 8.7654024e-001
 8.7560713e-001
 8.7491900e-001
 8.7379646e-001
 8.7319046e-001
 8.7297696e-001
 8.7266201e-001
 8.7194473e-001
 8.7042928e-001
 8.6753011e-001
 8.6449987e-001
 8.6182237e-001
 8.5753518e-001
 8.5341066e-001
 8.5190153e-001
 8.5126054e-001
 8.4754062e-001
 8.4913415e-001
 8.4382051e-001
 8.3254528e-001
 8.2333291e-001
 8.2235724e-001
 8.2483417e-001
 8.2714516e-001
 8.2602537e-001
 8.2264566e-001
 8.1723374e-001
 8.1082696e-001
 8.0316681e-001
 7.9829961e-001
 7.9718429e-001
 8.0166727e-001
 8.0887693e-001
 8.0363530e-001
 7.9336983e-001
 7.8767902e-001
 7.8424424e-001
 7.7622038e-001
 7.7002686e-001
 7.5979745e-001
 7.2309750e-001
 7.2263354e-001
 7.2944403e-001
 7.4598461e-001
 7.5293523e-001
 7.6242858e-001
 7.6695716e-001
 7.6341504e-001
 7.6521587e-001
 7.6312900e-001
 7.5995594e-001
 7.5541383e-001
 7.4185658e-001
 7.0603824e-001
 6.8465924e-001
 6.7206967e-001
 6.0809612e-001
 5.3080511e-001
 4.5834190e-001
 3.8989064e-001
 3.7150130e-001
 3.8211533e-001
 5.2083522e-001
 6.1586589e-001
 6.2293780e-001
 5.9669155e-001
 5.3708065e-001
 4.5319304e-001
 4.3369585e-001
 5.2014476e-001
 5.7290667e-001
 5.7159257e-001
 5.8645380e-001
 5.6699950e-001
 5.5181068e-001
 5.4186559e-001
 5.4171473e-001
 5.4760110e-001
 5.5269086e-001
 5.5937642e-001
-1.2300000e+034
