s07_AV97 Record=3939: Kalun+kaol+gth mv2-ar3       ASDFRb AREF
 1.2049095e-001
 1.2658760e-001
 1.3316903e-001
 1.3907255e-001
 1.4426248e-001
 1.4967392e-001
 1.5636612e-001
 1.6422410e-001
 1.7060682e-001
 1.7375508e-001
 1.7565782e-001
 1.7835987e-001
 1.8302585e-001
 1.8992630e-001
 1.9815019e-001
 2.0714796e-001
 2.1723440e-001
 2.2879654e-001
 2.4216217e-001
 2.5820100e-001
 2.7784541e-001
 3.0074903e-001
 3.2549766e-001
 3.5007489e-001
 3.7167710e-001
 3.8915396e-001
 4.0274593e-001
 4.1405663e-001
 4.2469564e-001
 4.3576410e-001
 4.4777396e-001
 4.6136799e-001
 4.4573313e-001
 4.5857859e-001
 4.7330019e-001
 4.9070215e-001
 5.0983852e-001
 5.2859050e-001
 5.4535174e-001
 5.5862981e-001
 5.6785870e-001
 5.7272816e-001
 5.7294548e-001
 5.6893778e-001
 5.6318235e-001
 5.5724299e-001
 5.5092031e-001
 5.4491556e-001
 5.3862172e-001
 5.3236020e-001
 5.2764589e-001
 5.2433163e-001
 5.2179050e-001
 5.1992399e-001
 5.1894659e-001
 5.1904529e-001
 5.2012408e-001
 5.2242273e-001
 5.2631760e-001
 5.3279054e-001
 5.3930032e-001
 5.4509151e-001
 5.5134112e-001
 5.5821472e-001
 5.6394076e-001
 5.7107764e-001
 5.7948655e-001
 5.8938748e-001
 6.0114765e-001
 6.1466664e-001
 6.3189149e-001
 6.4711785e-001
 6.6110152e-001
 6.7299718e-001
 6.8618023e-001
 6.9943583e-001
 7.1107340e-001
 7.2426689e-001
 7.3781896e-001
 7.5044847e-001
 7.6746511e-001
 7.8254008e-001
 7.9549408e-001
 8.0591178e-001
 8.1384176e-001
 8.2217228e-001
 8.2828200e-001
 8.3282346e-001
 8.3385259e-001
 8.3117473e-001
 8.2284027e-001
 8.0836904e-001
 7.9872835e-001
 7.9092562e-001
 7.6985371e-001
 7.5307578e-001
 7.8378004e-001
 7.5645506e-001
 7.6261359e-001
 7.9790455e-001
 8.1776452e-001
 8.1515527e-001
 8.0148959e-001
 7.8057420e-001
 7.5690347e-001
 7.4335265e-001
 7.2598690e-001
 7.2518581e-001
 7.1929735e-001
 6.6631907e-001
 6.0166603e-001
 5.7949573e-001
 5.3389996e-001
 4.8334640e-001
 5.0691813e-001
 5.5422336e-001
 5.3212464e-001
 5.0708109e-001
 4.4775516e-001
 4.6171755e-001
 5.5421925e-001
 5.9121180e-001
 6.2811047e-001
 6.4785242e-001
 6.5468317e-001
 6.6006136e-001
 6.6261631e-001
 6.6248369e-001
 6.6053349e-001
 6.5784693e-001
 6.5604967e-001
 6.5481377e-001
 6.5363717e-001
 6.5243101e-001
 6.4991510e-001
 6.4588422e-001
 6.4081120e-001
 6.3427395e-001
 6.2619853e-001
 6.1842370e-001
 6.1013120e-001
 6.0199732e-001
 5.9126419e-001
 5.7161313e-001
 5.4237676e-001
 5.1039809e-001
 4.8235777e-001
 4.6633765e-001
 4.7018009e-001
 4.9777618e-001
 5.4061151e-001
 5.6932896e-001
 5.7904601e-001
 5.7965928e-001
 5.7877898e-001
 5.7481349e-001
 5.7193339e-001
 5.6530583e-001
 5.5346996e-001
 5.3326100e-001
 5.4202056e-001
 5.1871204e-001
 4.9043623e-001
 4.6162176e-001
 4.4278711e-001
 4.3295571e-001
 4.2703444e-001
 4.2182410e-001
 4.1710082e-001
 4.1667408e-001
 4.1767752e-001
 4.1160005e-001
 3.9943814e-001
 3.9091715e-001
 3.9039853e-001
 3.8855350e-001
 3.8317108e-001
 3.7630239e-001
 3.6995697e-001
 3.6662242e-001
 3.6385930e-001
 3.5660595e-001
 3.4404451e-001
 3.2149225e-001
 2.9249352e-001
 2.6698881e-001
 2.4657749e-001
 2.2176300e-001
 2.0334569e-001
 2.0264880e-001
 2.0690213e-001
 2.1437764e-001
 2.2238214e-001
 2.0987083e-001
 2.6926225e-001
 3.2890508e-001
 3.4737018e-001
 3.5101658e-001
 3.4844625e-001
 3.4285003e-001
 3.3387932e-001
 3.2296050e-001
 3.0621934e-001
 2.7311513e-001
 2.4314116e-001
 2.4658029e-001
 2.6627102e-001
 2.7549726e-001
 2.7269596e-001
 2.6136532e-001
 2.3524259e-001
 2.0886061e-001
 1.9894287e-001
 1.9501288e-001
 1.8470533e-001
 1.7285606e-001
 1.6744024e-001
 1.6914256e-001
 1.6595726e-001
 1.5934330e-001
 1.6148172e-001
 1.5629940e-001
 1.5018520e-001
-1.2300000e+034
