s07_AV97 Record=3337: Topaz Wigwam_Area_4_#14      NIC4bb RREF
-1.2300000e+034
-1.2300000e+034
-1.2300000e+034
-1.2300000e+034
-1.2300000e+034
-1.2300000e+034
-1.2300000e+034
-1.2300000e+034
-1.2300000e+034
-1.2300000e+034
-1.2300000e+034
-1.2300000e+034
-1.2300000e+034
-1.2300000e+034
-1.2300000e+034
-1.2300000e+034
-1.2300000e+034
-1.2300000e+034
-1.2300000e+034
-1.2300000e+034
-1.2300000e+034
-1.2300000e+034
-1.2300000e+034
-1.2300000e+034
-1.2300000e+034
-1.2300000e+034
-1.2300000e+034
-1.2300000e+034
-1.2300000e+034
-1.2300000e+034
-1.2300000e+034
-1.2300000e+034
-1.2300000e+034
-1.2300000e+034
-1.2300000e+034
-1.2300000e+034
-1.2300000e+034
-1.2300000e+034
-1.2300000e+034
-1.2300000e+034
-1.2300000e+034
-1.2300000e+034
-1.2300000e+034
-1.2300000e+034
-1.2300000e+034
-1.2300000e+034
-1.2300000e+034
-1.2300000e+034
-1.2300000e+034
-1.2300000e+034
-1.2300000e+034
-1.2300000e+034
-1.2300000e+034
-1.2300000e+034
-1.2300000e+034
-1.2300000e+034
-1.2300000e+034
-1.2300000e+034
-1.2300000e+034
-1.2300000e+034
-1.2300000e+034
-1.2300000e+034
-1.2300000e+034
-1.2300000e+034
-1.2300000e+034
-1.2300000e+034
-1.2300000e+034
-1.2300000e+034
-1.2300000e+034
-1.2300000e+034
-1.2300000e+034
-1.2300000e+034
-1.2300000e+034
-1.2300000e+034
-1.2300000e+034
-1.2300000e+034
-1.2300000e+034
-1.2300000e+034
-1.2300000e+034
-1.2300000e+034
-1.2300000e+034
-1.2300000e+034
-1.2300000e+034
-1.2300000e+034
-1.2300000e+034
-1.2300000e+034
-1.2300000e+034
-1.2300000e+034
-1.2300000e+034
-1.2300000e+034
-1.2300000e+034
-1.2300000e+034
-1.2300000e+034
-1.2300000e+034
-1.2300000e+034
-1.2300000e+034
-1.2300000e+034
-1.2300000e+034
-1.2300000e+034
-1.2300000e+034
-1.2300000e+034
-1.2300000e+034
-1.2300000e+034
-1.2300000e+034
-1.2300000e+034
-1.2300000e+034
-1.2300000e+034
-1.2300000e+034
-1.2300000e+034
 7.2669685e-001
 7.2309530e-001
 6.9592690e-001
 7.1628964e-001
 7.2234660e-001
 7.2147620e-001
 7.2053778e-001
 7.1912837e-001
 7.1768314e-001
 7.1720147e-001
 7.1756142e-001
 7.1831000e-001
 7.1944493e-001
 7.2060907e-001
 7.2146153e-001
 7.2268665e-001
 7.2484130e-001
 7.2739244e-001
 7.2980160e-001
 7.3168683e-001
 7.3318112e-001
 7.3468858e-001
 7.3684585e-001
 7.3955315e-001
 7.4262196e-001
 7.4527490e-001
 7.4714595e-001
 7.4868345e-001
 7.5035584e-001
 7.5184250e-001
 7.5185287e-001
 7.5640327e-001
 7.5924277e-001
 7.6064181e-001
 7.6159078e-001
 7.6297849e-001
 7.6496702e-001
 7.6696467e-001
 7.6917946e-001
 7.7125359e-001
 7.7272433e-001
 7.7356488e-001
 7.7451646e-001
 7.7545673e-001
 7.7662772e-001
 7.7816707e-001
 7.7991140e-001
 7.8143007e-001
 7.8239566e-001
 7.8307128e-001
 7.8301948e-001
 7.8305441e-001
 7.8291345e-001
 7.8303891e-001
 7.8361797e-001
 7.8433669e-001
 7.8534168e-001
 7.8662938e-001
 7.8775781e-001
 7.8829491e-001
 7.8851193e-001
 7.8879511e-001
 7.8901929e-001
 7.8895396e-001
 7.8932768e-001
 7.9050672e-001
 7.9135716e-001
 7.9144669e-001
 7.8995955e-001
 7.8381217e-001
 7.5303358e-001
 6.3511604e-001
 6.6686815e-001
 7.5726986e-001
 7.7753431e-001
 7.8224885e-001
 7.7933270e-001
 7.6803076e-001
 7.5999218e-001
 7.6334286e-001
 7.7019167e-001
 7.7359676e-001
 7.7657473e-001
 7.7306348e-001
 7.7089733e-001
 7.7679789e-001
 7.8337938e-001
 7.8460503e-001
 7.8287989e-001
 7.7281016e-001
 7.7600950e-001
 7.8114974e-001
 7.7889001e-001
 7.7255028e-001
 7.6809865e-001
 7.6377290e-001
 7.5870091e-001
 7.5695628e-001
 7.5507420e-001
 7.5458366e-001
 7.5117445e-001
 7.5034887e-001
 7.4988437e-001
 7.4612439e-001
 7.4117190e-001
 7.3329896e-001
 7.3111266e-001
 7.3250598e-001
 7.2800714e-001
 7.1614975e-001
 7.0287883e-001
 6.9839990e-001
 6.8817306e-001
 6.6641575e-001
 6.5167546e-001
