s07_AV97 Record=2441: Olivine HS420.3B             ASDFRc AREF
 3.1695786e-001
 3.2855865e-001
 3.3738762e-001
 3.4917051e-001
 3.6472309e-001
 3.7426168e-001
 3.7870786e-001
 3.8386554e-001
 3.8681841e-001
 3.9270541e-001
 4.0247574e-001
 4.1281042e-001
 4.1560727e-001
 4.1975123e-001
 4.3159413e-001
 4.3675607e-001
 4.4060811e-001
 4.4591519e-001
 4.5107973e-001
 4.5382622e-001
 4.5392686e-001
 4.5185411e-001
 4.4883993e-001
 4.4572869e-001
 4.4175309e-001
 4.3726575e-001
 4.3255147e-001
 4.2983386e-001
 4.3022388e-001
 4.3203366e-001
 4.3278322e-001
 4.3122447e-001
 4.3287161e-001
 4.3170276e-001
 4.2867091e-001
 4.2407110e-001
 4.1820741e-001
 4.1100127e-001
 4.0285483e-001
 3.9395812e-001
 3.8416252e-001
 3.7323880e-001
 3.6200094e-001
 3.5080650e-001
 3.3998251e-001
 3.2972234e-001
 3.2041654e-001
 3.1191915e-001
 3.0419055e-001
 2.9724309e-001
 2.9096437e-001
 2.8536108e-001
 2.8019807e-001
 2.7547872e-001
 2.7080193e-001
 2.6594242e-001
 2.6065913e-001
 2.5478581e-001
 2.4821864e-001
 2.4095817e-001
 2.3302403e-001
 2.2454040e-001
 2.1582577e-001
 2.0723307e-001
 1.9895680e-001
 1.9114426e-001
 1.8393140e-001
 1.7758764e-001
 1.7225888e-001
 1.6675666e-001
 1.6451061e-001
 1.6191751e-001
 1.6042317e-001
 1.6078706e-001
 1.6136450e-001
 1.6393279e-001
 1.6687028e-001
 1.7115676e-001
 1.7596877e-001
 1.8008885e-001
 1.8508683e-001
 1.8910694e-001
 1.9327706e-001
 1.9725852e-001
 2.0054665e-001
 2.0367514e-001
 2.0630558e-001
 2.0875435e-001
 2.1105945e-001
 2.1320793e-001
 2.1577032e-001
 2.1847191e-001
 2.2105369e-001
 2.2418816e-001
 2.2700523e-001
 2.3065101e-001
 2.2521146e-001
 2.2886108e-001
 2.3283054e-001
 2.3678784e-001
 2.4125393e-001
 2.4592006e-001
 2.5144950e-001
 2.5708693e-001
 2.6338458e-001
 2.6975170e-001
 2.7637115e-001
 2.8360462e-001
 2.9067022e-001
 2.9605365e-001
 3.0330768e-001
 3.1326979e-001
 3.2280120e-001
 3.3130503e-001
 3.3975026e-001
 3.4829593e-001
 3.5579616e-001
 3.6401334e-001
 3.7177765e-001
 3.7970960e-001
 3.8720331e-001
 3.9445239e-001
 4.0119383e-001
 4.0780506e-001
 4.1382957e-001
 4.1951409e-001
 4.2444894e-001
 4.2921075e-001
 4.3343273e-001
 4.3737072e-001
 4.4073206e-001
 4.4404724e-001
 4.4704890e-001
 4.4932333e-001
 4.5149499e-001
 4.5331597e-001
 4.5487949e-001
 4.5636925e-001
 4.5767054e-001
 4.5855534e-001
 4.5962086e-001
 4.6022767e-001
 4.6075338e-001
 4.6099457e-001
 4.6133780e-001
 4.6123019e-001
 4.6119469e-001
 4.6127957e-001
 4.6165916e-001
 4.6184212e-001
 4.6186805e-001
 4.6176127e-001
 4.6171382e-001
 4.6138659e-001
 4.6088442e-001
 4.6106493e-001
 4.6071634e-001
 4.6057281e-001
 4.6049291e-001
 4.6050978e-001
 4.6045011e-001
 4.6044818e-001
 4.5988223e-001
 4.5880470e-001
 4.5842096e-001
 4.5802861e-001
 4.5818809e-001
 4.5785439e-001
 4.5778847e-001
 4.5733747e-001
 4.5694062e-001
 4.5747843e-001
 4.5788962e-001
 4.5896465e-001
 4.5925215e-001
 4.6008560e-001
 4.6100256e-001
 4.6292871e-001
 4.6391076e-001
 4.6481979e-001
 4.6534741e-001
 4.6498823e-001
 4.6548393e-001
 4.6615294e-001
 4.6651489e-001
 4.6613109e-001
 4.6635017e-001
 4.6733001e-001
 4.6779996e-001
 4.6786013e-001
 4.6722522e-001
 4.6720713e-001
 4.6731234e-001
 4.6729690e-001
 4.6679425e-001
 4.6583840e-001
 4.6386939e-001
 4.6341258e-001
 4.6281868e-001
 4.6033764e-001
 4.6013829e-001
 4.5923352e-001
 4.5768306e-001
 4.5418489e-001
 4.5028973e-001
 4.4898346e-001
 4.5180210e-001
 4.5887285e-001
 4.6286985e-001
 4.6193552e-001
 4.6115750e-001
 4.6036476e-001
 4.5907563e-001
 4.5904601e-001
 4.5641366e-001
 4.5431882e-001
 4.5147207e-001
 4.5096642e-001
 4.5001921e-001
 4.4721094e-001
 4.4295195e-001
 4.4076321e-001
 4.4380596e-001
-1.2300000e+034
