s07_AV97 Record=2011: Mascagnite GDS65.b (fr)       BECKa AREF
-1.2300000e+034
-1.2300000e+034
-1.2300000e+034
-1.2300000e+034
-1.2300000e+034
-1.2300000e+034
-1.2300000e+034
-1.2300000e+034
-1.2300000e+034
-1.2300000e+034
-1.2300000e+034
-1.2300000e+034
-1.2300000e+034
-1.2300000e+034
-1.2300000e+034
-1.2300000e+034
-1.2300000e+034
-1.2300000e+034
 8.9863724e-001
 8.9680076e-001
 8.9834684e-001
 8.9787179e-001
 8.9845771e-001
 8.9909714e-001
 8.9763576e-001
 8.9689076e-001
 9.0035641e-001
 9.0049773e-001
 9.0052491e-001
 9.0138167e-001
 9.0251768e-001
 9.0402550e-001
 9.0249485e-001
 9.0436846e-001
 9.0306365e-001
 9.0289688e-001
 9.0449136e-001
 9.0502304e-001
 9.0847582e-001
 9.0788478e-001
 9.0801561e-001
 9.1014022e-001
 9.0926045e-001
 9.0883714e-001
 9.0870351e-001
 9.0827811e-001
 9.0459764e-001
 9.0366966e-001
 9.0400523e-001
 9.0028995e-001
 9.0353435e-001
 9.0360659e-001
 9.1033798e-001
 9.0468144e-001
 9.0727633e-001
 9.0210551e-001
 9.0140235e-001
 8.9508826e-001
 8.9573455e-001
 8.9042062e-001
 8.9022511e-001
 8.9198297e-001
 8.9208764e-001
 8.9093065e-001
 8.9379126e-001
 8.9080417e-001
 8.9093143e-001
 8.8293707e-001
 8.7696058e-001
 8.6679280e-001
 8.5402870e-001
 8.4178680e-001
 8.3106822e-001
 8.2535857e-001
 8.2513469e-001
 8.2848853e-001
 8.3488059e-001
 8.4560972e-001
 8.4954184e-001
 8.5486537e-001
 8.6099833e-001
 8.6449581e-001
 8.6701536e-001
 8.6362869e-001
 8.6289620e-001
 8.5472238e-001
 8.4845585e-001
 8.3645654e-001
 8.1917411e-001
 7.9723072e-001
 7.7572906e-001
 7.5626534e-001
 7.3871672e-001
 7.2573465e-001
 7.1008533e-001
 7.0355731e-001
 7.1800035e-001
 7.0656556e-001
 7.0316547e-001
 7.0400870e-001
 7.0447963e-001
 7.0753759e-001
 7.1033543e-001
 7.1725863e-001
 7.2417670e-001
 7.2976792e-001
 7.3575461e-001
 7.4016255e-001
 7.4175972e-001
 7.4674165e-001
 7.4831063e-001
 7.4974620e-001
 7.4692780e-001
 7.4297309e-001
 7.3329872e-001
 7.2183239e-001
 7.0496440e-001
 6.8846905e-001
 6.6723001e-001
 6.4403915e-001
 6.1820084e-001
 5.8759946e-001
 5.5380523e-001
 5.1895839e-001
 4.8282945e-001
 4.5123377e-001
 4.2571142e-001
 4.0648910e-001
 3.9929855e-001
 4.0641898e-001
 4.1979074e-001
 4.3691081e-001
 4.5176846e-001
 4.6096066e-001
 4.6492580e-001
 4.7045451e-001
 4.8068106e-001
 4.9081615e-001
 5.0065166e-001
 5.1274830e-001
 5.2078038e-001
 5.3236598e-001
 5.3843594e-001
 5.4925239e-001
 5.5482155e-001
 5.5674237e-001
 5.5626035e-001
 5.5829829e-001
 5.5429614e-001
 5.5444723e-001
 5.5326933e-001
 5.4719502e-001
 5.4236215e-001
 5.4134309e-001
 5.3347212e-001
 5.2700776e-001
 5.2108103e-001
 5.1269668e-001
 5.0371426e-001
 4.8871350e-001
 4.9413159e-001
 4.7931468e-001
 4.6803933e-001
 4.5407033e-001
 4.3851876e-001
 4.2026350e-001
 4.0251225e-001
 3.8248029e-001
 3.5676992e-001
 3.2758343e-001
 2.9538211e-001
 2.6062527e-001
 2.2539631e-001
 1.9764160e-001
 1.7911358e-001
 1.7541336e-001
 1.7073083e-001
 1.6630246e-001
 1.6469260e-001
 1.6018555e-001
 1.5200065e-001
 1.4807104e-001
 1.3810825e-001
 1.2920520e-001
 1.2106555e-001
 1.1427807e-001
 1.1061701e-001
 1.1156334e-001
 1.1745362e-001
 1.2387141e-001
 1.3302138e-001
 1.4265195e-001
 1.4999832e-001
 1.6198595e-001
 1.7355974e-001
 1.8377922e-001
 1.9048892e-001
 2.0039374e-001
 2.1038815e-001
 2.2147050e-001
 2.3032397e-001
 2.3744527e-001
 2.4742973e-001
 2.5398952e-001
 2.6414371e-001
 2.7428880e-001
 2.8162807e-001
 2.9499349e-001
 3.0909020e-001
 3.1964442e-001
 3.2603127e-001
 3.4072408e-001
 3.5314924e-001
 3.6326194e-001
 3.7335527e-001
 3.8483888e-001
 3.9469978e-001
 3.9925003e-001
 3.9914152e-001
 3.9662141e-001
 3.9343953e-001
 3.8982514e-001
 3.8566583e-001
 3.8080397e-001
