s07_AV97 Record=1941: Lizardite NMNHR4687.b 165um   BECKa AREF
 2.7885264e-001
 2.9588479e-001
 3.0989069e-001
 3.2976523e-001
 3.3301699e-001
 3.3227614e-001
 3.3007804e-001
 3.3135930e-001
 3.4010619e-001
 3.4636930e-001
 3.7154123e-001
 4.1059241e-001
 4.3035164e-001
 4.4799313e-001
 4.6790093e-001
 4.9078631e-001
 5.1183021e-001
 5.2403605e-001
 5.4224771e-001
 5.5547589e-001
 5.6666732e-001
 5.7962352e-001
 5.8604610e-001
 5.9763211e-001
 6.0467303e-001
 6.1067688e-001
 6.1383569e-001
 6.1762971e-001
 6.2018806e-001
 6.2227267e-001
 6.2732559e-001
 6.2927622e-001
 6.2681705e-001
 6.2817687e-001
 6.3850719e-001
 6.4510137e-001
 6.4929569e-001
 6.5468901e-001
 6.6083801e-001
 6.6425693e-001
 6.6655904e-001
 6.7287773e-001
 6.7422855e-001
 6.8280548e-001
 6.9196355e-001
 6.9462621e-001
 7.0025039e-001
 7.0234054e-001
 7.0406920e-001
 7.0872629e-001
 7.0872086e-001
 7.0610356e-001
 6.9471759e-001
 6.9100624e-001
 6.8890512e-001
 6.8606663e-001
 6.8451780e-001
 6.8455225e-001
 6.8391019e-001
 6.6817057e-001
 6.6853118e-001
 6.7553997e-001
 6.6702020e-001
 6.6206104e-001
 6.7211455e-001
 6.6717780e-001
 6.7166579e-001
 6.6558254e-001
 6.6134489e-001
 6.5558249e-001
 6.5938735e-001
 6.6253966e-001
 6.5474081e-001
 6.5573370e-001
 6.5277988e-001
 6.5755004e-001
 6.5263450e-001
 6.5483904e-001
 6.5201324e-001
 6.4820266e-001
 6.5314376e-001
 6.5404594e-001
 6.4861858e-001
 6.5375125e-001
 6.5848726e-001
 6.6061413e-001
 6.5914893e-001
 6.6371232e-001
 6.6419888e-001
 6.7157233e-001
 6.6967428e-001
 6.7515635e-001
 6.7845500e-001
 6.8208641e-001
 6.8216401e-001
 6.8150634e-001
 6.8132877e-001
 6.8324172e-001
 6.7882520e-001
 6.7939627e-001
 6.9042325e-001
 6.9522697e-001
 7.0184988e-001
 7.0642436e-001
 7.1170604e-001
 7.0852375e-001
 6.8366337e-001
 6.7346662e-001
 6.6216058e-001
 5.3918827e-001
 5.0053066e-001
 5.6821638e-001
 6.6950583e-001
 6.7471689e-001
 6.8533361e-001
 7.0005256e-001
 7.1061414e-001
 7.1582085e-001
 7.2400004e-001
 7.2735667e-001
 7.3585618e-001
 7.4380350e-001
 7.3735535e-001
 7.4478948e-001
 7.5193155e-001
 7.5058502e-001
 7.5619149e-001
 7.6072055e-001
 7.6829451e-001
 7.6231372e-001
 7.6954412e-001
 7.6716048e-001
 7.7475697e-001
 7.7064961e-001
 7.6954240e-001
 7.7587110e-001
 7.7865475e-001
 7.7682251e-001
 7.7933675e-001
 7.8274465e-001
 7.8541845e-001
 7.8031629e-001
 7.7737886e-001
 7.7530438e-001
 7.8051609e-001
 7.7565449e-001
 7.7143860e-001
 7.6672387e-001
 7.6029295e-001
 7.6468480e-001
 7.6084977e-001
 7.5258797e-001
 7.4926203e-001
 7.4995506e-001
 7.5849229e-001
 7.5335687e-001
 7.4219537e-001
 7.3928165e-001
 7.2504622e-001
 7.0466518e-001
 7.1148908e-001
 6.7780435e-001
 6.3225347e-001
 6.0288727e-001
 5.8542204e-001
 5.9023917e-001
 5.8796984e-001
 5.7527685e-001
 5.6436843e-001
 5.5993730e-001
 5.5855656e-001
 5.6899709e-001
 5.7218099e-001
 5.7615179e-001
 5.8684129e-001
 5.9465957e-001
 6.0939151e-001
 6.3669586e-001
 6.5866369e-001
 6.5857530e-001
 6.3824856e-001
 6.1584634e-001
 6.0032761e-001
 5.8851254e-001
 5.8289319e-001
 5.7921320e-001
 5.7323211e-001
 6.0756469e-001
 6.3158679e-001
 6.3944525e-001
 6.4217949e-001
 6.4556426e-001
 6.4014411e-001
 6.2501937e-001
 6.1264729e-001
 5.6967920e-001
 4.8327285e-001
 4.4183421e-001
 4.2964041e-001
 3.6791456e-001
 3.3687508e-001
 3.1452581e-001
 2.7650681e-001
 2.5860080e-001
 1.9448820e-001
 1.8404441e-001
 2.0876034e-001
 2.8269917e-001
 3.4062308e-001
 3.2231033e-001
 2.9480955e-001
 2.8912061e-001
 2.8051618e-001
 2.7883053e-001
 2.7984083e-001
 2.7334690e-001
 2.6666483e-001
 2.6991549e-001
 2.7706033e-001
 2.7785507e-001
 2.6349983e-001
 2.4145426e-001
 2.2225718e-001
 2.1339059e-001
