s07_AV97 Record=3375: Tremolite HS18.3B           NIC4ccc RREF
-1.2300000e+034
-1.2300000e+034
-1.2300000e+034
-1.2300000e+034
-1.2300000e+034
-1.2300000e+034
-1.2300000e+034
-1.2300000e+034
-1.2300000e+034
-1.2300000e+034
-1.2300000e+034
-1.2300000e+034
-1.2300000e+034
-1.2300000e+034
-1.2300000e+034
-1.2300000e+034
-1.2300000e+034
-1.2300000e+034
-1.2300000e+034
-1.2300000e+034
-1.2300000e+034
-1.2300000e+034
-1.2300000e+034
-1.2300000e+034
-1.2300000e+034
-1.2300000e+034
-1.2300000e+034
-1.2300000e+034
-1.2300000e+034
-1.2300000e+034
-1.2300000e+034
-1.2300000e+034
-1.2300000e+034
-1.2300000e+034
-1.2300000e+034
-1.2300000e+034
-1.2300000e+034
-1.2300000e+034
-1.2300000e+034
-1.2300000e+034
-1.2300000e+034
-1.2300000e+034
-1.2300000e+034
-1.2300000e+034
-1.2300000e+034
-1.2300000e+034
-1.2300000e+034
-1.2300000e+034
-1.2300000e+034
-1.2300000e+034
-1.2300000e+034
-1.2300000e+034
-1.2300000e+034
-1.2300000e+034
-1.2300000e+034
-1.2300000e+034
-1.2300000e+034
-1.2300000e+034
-1.2300000e+034
-1.2300000e+034
-1.2300000e+034
-1.2300000e+034
-1.2300000e+034
-1.2300000e+034
-1.2300000e+034
-1.2300000e+034
-1.2300000e+034
-1.2300000e+034
-1.2300000e+034
-1.2300000e+034
-1.2300000e+034
-1.2300000e+034
-1.2300000e+034
-1.2300000e+034
-1.2300000e+034
-1.2300000e+034
-1.2300000e+034
-1.2300000e+034
-1.2300000e+034
-1.2300000e+034
-1.2300000e+034
-1.2300000e+034
-1.2300000e+034
-1.2300000e+034
-1.2300000e+034
-1.2300000e+034
-1.2300000e+034
-1.2300000e+034
-1.2300000e+034
-1.2300000e+034
-1.2300000e+034
-1.2300000e+034
-1.2300000e+034
-1.2300000e+034
-1.2300000e+034
-1.2300000e+034
-1.2300000e+034
-1.2300000e+034
-1.2300000e+034
-1.2300000e+034
-1.2300000e+034
-1.2300000e+034
-1.2300000e+034
-1.2300000e+034
-1.2300000e+034
-1.2300000e+034
-1.2300000e+034
-1.2300000e+034
-1.2300000e+034
 4.6647096e-001
 3.8808143e-001
 4.5618644e-001
 4.6465364e-001
 4.6024799e-001
 4.5612678e-001
 4.5250580e-001
 4.4941109e-001
 4.4695365e-001
 4.4550571e-001
 4.4550350e-001
 4.4599214e-001
 4.4656900e-001
 4.4754228e-001
 4.4850484e-001
 4.5000648e-001
 4.5267585e-001
 4.5535606e-001
 4.5787832e-001
 4.5992148e-001
 4.6193931e-001
 4.6398371e-001
 4.6670040e-001
 4.6949688e-001
 4.7184539e-001
 4.7372991e-001
 4.7528785e-001
 4.7687638e-001
 4.7864398e-001
 4.8093894e-001
 4.8308837e-001
 4.8490456e-001
 4.8621285e-001
 4.8709846e-001
 4.8802343e-001
 4.8913613e-001
 4.9062133e-001
 4.9223986e-001
 4.9353293e-001
 4.9460036e-001
 4.9504483e-001
 4.9524993e-001
 4.9533236e-001
 4.9558622e-001
 4.9601230e-001
 4.9658024e-001
 4.9712279e-001
 4.9748003e-001
 4.9762025e-001
 4.9688333e-001
 4.9618292e-001
 4.9645874e-001
 4.9511459e-001
 4.9283752e-001
 4.9188280e-001
 4.9314976e-001
 4.9445182e-001
 4.9534047e-001
 4.9541628e-001
 4.9468699e-001
 4.9294135e-001
 4.9113578e-001
 4.8947713e-001
 4.8899400e-001
 4.8962700e-001
 4.9178272e-001
 4.9342006e-001
 4.9288639e-001
 4.9061331e-001
 4.8897386e-001
 4.8712647e-001
 4.8405629e-001
 4.8139319e-001
 4.7962075e-001
 4.7080696e-001
 4.6964782e-001
 4.7077683e-001
 4.7420213e-001
 4.7676772e-001
 4.7878253e-001
 4.7988087e-001
 4.7869548e-001
 4.7806799e-001
 4.7739372e-001
 4.7570321e-001
 4.7391012e-001
 4.7005188e-001
 4.6077710e-001
 4.5417312e-001
 4.4177964e-001
 4.0467340e-001
 3.7177104e-001
 3.2439443e-001
 2.8192702e-001
 2.6695555e-001
 2.8332779e-001
 3.7511626e-001
 4.2834574e-001
 4.2795479e-001
 4.1483432e-001
 3.8704014e-001
 3.3790547e-001
 3.1931940e-001
 3.6731616e-001
 4.0445021e-001
 4.0415314e-001
 4.1054404e-001
 4.0173247e-001
 3.9670649e-001
 3.8972020e-001
 3.8439199e-001
 3.8942397e-001
 3.9426216e-001
 3.9757782e-001
 4.0301749e-001
