s07_AV97 Record=3427: Uvarovite NMNH106661 Garnet  NIC4cc RREF
-1.2300000e+034
-1.2300000e+034
-1.2300000e+034
-1.2300000e+034
-1.2300000e+034
-1.2300000e+034
-1.2300000e+034
-1.2300000e+034
-1.2300000e+034
-1.2300000e+034
-1.2300000e+034
-1.2300000e+034
-1.2300000e+034
-1.2300000e+034
-1.2300000e+034
-1.2300000e+034
-1.2300000e+034
-1.2300000e+034
-1.2300000e+034
-1.2300000e+034
-1.2300000e+034
-1.2300000e+034
-1.2300000e+034
-1.2300000e+034
-1.2300000e+034
-1.2300000e+034
-1.2300000e+034
-1.2300000e+034
-1.2300000e+034
-1.2300000e+034
-1.2300000e+034
-1.2300000e+034
-1.2300000e+034
-1.2300000e+034
-1.2300000e+034
-1.2300000e+034
-1.2300000e+034
-1.2300000e+034
-1.2300000e+034
-1.2300000e+034
-1.2300000e+034
-1.2300000e+034
-1.2300000e+034
-1.2300000e+034
-1.2300000e+034
-1.2300000e+034
-1.2300000e+034
-1.2300000e+034
-1.2300000e+034
-1.2300000e+034
-1.2300000e+034
-1.2300000e+034
-1.2300000e+034
-1.2300000e+034
-1.2300000e+034
-1.2300000e+034
-1.2300000e+034
-1.2300000e+034
-1.2300000e+034
-1.2300000e+034
-1.2300000e+034
-1.2300000e+034
-1.2300000e+034
-1.2300000e+034
-1.2300000e+034
-1.2300000e+034
-1.2300000e+034
-1.2300000e+034
-1.2300000e+034
-1.2300000e+034
-1.2300000e+034
-1.2300000e+034
-1.2300000e+034
-1.2300000e+034
-1.2300000e+034
-1.2300000e+034
-1.2300000e+034
-1.2300000e+034
-1.2300000e+034
-1.2300000e+034
-1.2300000e+034
-1.2300000e+034
-1.2300000e+034
-1.2300000e+034
-1.2300000e+034
-1.2300000e+034
-1.2300000e+034
-1.2300000e+034
-1.2300000e+034
-1.2300000e+034
-1.2300000e+034
-1.2300000e+034
-1.2300000e+034
-1.2300000e+034
-1.2300000e+034
-1.2300000e+034
-1.2300000e+034
-1.2300000e+034
-1.2300000e+034
-1.2300000e+034
-1.2300000e+034
-1.2300000e+034
-1.2300000e+034
-1.2300000e+034
-1.2300000e+034
-1.2300000e+034
-1.2300000e+034
-1.2300000e+034
-1.2300000e+034
 3.0699170e-001
 2.9902205e-001
 2.9775250e-001
 2.9423043e-001
 2.9078776e-001
 2.8792980e-001
 2.8568366e-001
 2.8375718e-001
 2.8217041e-001
 2.8124198e-001
 2.8093126e-001
 2.8088200e-001
 2.8113747e-001
 2.8131402e-001
 2.8154010e-001
 2.8203821e-001
 2.8286400e-001
 2.8370264e-001
 2.8441530e-001
 2.8506142e-001
 2.8552556e-001
 2.8599456e-001
 2.8658333e-001
 2.8718111e-001
 2.8771234e-001
 2.8802004e-001
 2.8835833e-001
 2.8836772e-001
 2.8840047e-001
 2.8859001e-001
 2.8860718e-001
 2.8864950e-001
 2.8847310e-001
 2.8831053e-001
 2.8799707e-001
 2.8769657e-001
 2.8755590e-001
 2.8748831e-001
 2.8722340e-001
 2.8688577e-001
 2.8652570e-001
 2.8600517e-001
 2.8563067e-001
 2.8516921e-001
 2.8496242e-001
 2.8483054e-001
 2.8448644e-001
 2.8415254e-001
 2.8367981e-001
 2.8316900e-001
 2.8233039e-001
 2.8261164e-001
 2.8181425e-001
 2.8107920e-001
 2.8063828e-001
 2.8052321e-001
 2.8041995e-001
 2.8018615e-001
 2.7983415e-001
 2.7930671e-001
 2.7881217e-001
 2.7856299e-001
 2.7837405e-001
 2.7821565e-001
 2.7844304e-001
 2.7857679e-001
 2.7854401e-001
 2.7839413e-001
 2.7835926e-001
 2.7818981e-001
 2.7778959e-001
 2.7732858e-001
 2.7706087e-001
 2.7691770e-001
 2.7700618e-001
 2.7710545e-001
 2.7709010e-001
 2.7709091e-001
 2.7721629e-001
 2.7706096e-001
 2.7684426e-001
 2.7640828e-001
 2.7623740e-001
 2.7603164e-001
 2.7577591e-001
 2.7573138e-001
 2.7510661e-001
 2.7466121e-001
 2.7407488e-001
 2.7325597e-001
 2.7184191e-001
 2.7020264e-001
 2.6730958e-001
 2.6622990e-001
 2.6250947e-001
 2.6145956e-001
 2.6487067e-001
 2.6703981e-001
 2.6873338e-001
 2.7002737e-001
 2.6996478e-001
 2.6833639e-001
 2.6719764e-001
 2.6761031e-001
 2.6872781e-001
 2.6869130e-001
 2.6789400e-001
 2.6747507e-001
 2.6766881e-001
 2.6773691e-001
 2.6746398e-001
 2.6744375e-001
 2.6745725e-001
 2.6683685e-001
 2.6626605e-001
