s07_AV97 Record=3007: Smaragdite HS290.2B Amphibol ASDFRb AREF
 3.2455659e-001
 3.2954106e-001
 3.3629093e-001
 3.4102723e-001
 3.4661609e-001
 3.5826224e-001
 3.7283209e-001
 3.8361913e-001
 3.8685298e-001
 3.9914688e-001
 4.1241974e-001
 4.2610869e-001
 4.3588826e-001
 4.4033739e-001
 4.4838807e-001
 4.5374498e-001
 4.5489353e-001
 4.5566517e-001
 4.5578027e-001
 4.5421752e-001
 4.5121083e-001
 4.4725165e-001
 4.4290736e-001
 4.3869969e-001
 4.3451744e-001
 4.3089220e-001
 4.2774400e-001
 4.2517373e-001
 4.2380100e-001
 4.2295972e-001
 4.2315823e-001
 4.2450339e-001
 4.2301551e-001
 4.2417133e-001
 4.2582971e-001
 4.2718655e-001
 4.3028364e-001
 4.3410388e-001
 4.3837664e-001
 4.4309857e-001
 4.4829381e-001
 4.5366290e-001
 4.5929840e-001
 4.6454114e-001
 4.6893489e-001
 4.7213921e-001
 4.7402543e-001
 4.7444734e-001
 4.7388968e-001
 4.7268087e-001
 4.7103253e-001
 4.6932217e-001
 4.6777374e-001
 4.6672949e-001
 4.6611166e-001
 4.6587640e-001
 4.6642101e-001
 4.6729648e-001
 4.6858573e-001
 4.7003162e-001
 4.7138706e-001
 4.7257695e-001
 4.7314951e-001
 4.7351667e-001
 4.7381750e-001
 4.7383726e-001
 4.7366083e-001
 4.7381759e-001
 4.7453704e-001
 4.7660449e-001
 4.8137391e-001
 4.8661354e-001
 4.9405611e-001
 5.0190872e-001
 5.1087761e-001
 5.1967764e-001
 5.2744889e-001
 5.3535056e-001
 5.4280686e-001
 5.4918861e-001
 5.5626172e-001
 5.6249934e-001
 5.6895387e-001
 5.7520580e-001
 5.8144623e-001
 5.8836097e-001
 5.9478015e-001
 6.0230619e-001
 6.0976475e-001
 6.1668330e-001
 6.2504643e-001
 6.3351905e-001
 6.4109254e-001
 6.4910758e-001
 6.5700901e-001
 6.6534102e-001
 6.5272987e-001
 6.6128242e-001
 6.6940081e-001
 6.7749941e-001
 6.8601644e-001
 6.9428885e-001
 7.0290577e-001
 7.1071517e-001
 7.1891952e-001
 7.2665739e-001
 7.3347318e-001
 7.3849529e-001
 7.3171443e-001
 7.1702456e-001
 6.8148112e-001
 6.8946189e-001
 7.2361398e-001
 7.6024139e-001
 7.7721596e-001
 7.8427684e-001
 7.8954309e-001
 7.9540038e-001
 8.0066234e-001
 8.0583811e-001
 8.1083429e-001
 8.1570297e-001
 8.2054603e-001
 8.2446790e-001
 8.2842547e-001
 8.3177060e-001
 8.3537215e-001
 8.3862668e-001
 8.4169877e-001
 8.4445530e-001
 8.4723669e-001
 8.5014886e-001
 8.5250181e-001
 8.5496652e-001
 8.5661954e-001
 8.5854036e-001
 8.6049700e-001
 8.6216450e-001
 8.6392349e-001
 8.6502331e-001
 8.6649585e-001
 8.6816293e-001
 8.6977428e-001
 8.7058580e-001
 8.7048858e-001
 8.6996400e-001
 8.6961895e-001
 8.6990780e-001
 8.7036759e-001
 8.7099749e-001
 8.7119353e-001
 8.7125772e-001
 8.7057650e-001
 8.7007350e-001
 8.6991405e-001
 8.6825788e-001
 8.6605853e-001
 8.6358881e-001
 8.6012226e-001
 8.5373080e-001
 8.5662323e-001
 8.4787184e-001
 8.3350706e-001
 8.1733733e-001
 8.0874574e-001
 8.0761880e-001
 8.0978608e-001
 8.1149006e-001
 8.1269550e-001
 8.1274182e-001
 8.1311280e-001
 8.1289154e-001
 8.1281018e-001
 8.1419241e-001
 8.1539798e-001
 8.1624645e-001
 8.1628346e-001
 8.1449509e-001
 8.1323916e-001
 8.1227916e-001
 8.1089985e-001
 8.0671644e-001
 8.0304116e-001
 7.9651642e-001
 7.9150885e-001
 7.8902179e-001
 7.8907895e-001
 7.8743041e-001
 7.8575265e-001
 7.8337699e-001
 7.7952504e-001
 7.7580363e-001
 7.7255881e-001
 7.7170664e-001
 7.7109468e-001
 7.6447552e-001
 7.3868001e-001
 7.0772398e-001
 7.1286321e-001
 7.1771586e-001
 6.9019997e-001
 6.4399457e-001
 6.0726470e-001
 5.9676385e-001
 5.9342706e-001
 6.1199063e-001
 6.3992739e-001
 6.6521627e-001
 6.7510271e-001
 6.6337925e-001
 6.3779926e-001
 6.2246370e-001
 6.3568205e-001
 6.5682483e-001
 6.7112786e-001
 6.7819607e-001
 6.8079811e-001
 6.7811722e-001
 6.7429990e-001
 6.6905820e-001
 6.6834140e-001
 6.6850358e-001
 6.7242932e-001
-1.2300000e+034
