s07_AV97 Record=2526: Orthoclase NMNH142137 Fe      BECKb AREF
 6.1554217e-001
 6.1359888e-001
 6.4186287e-001
 6.6022140e-001
 6.6681671e-001
 6.7052853e-001
 6.7946142e-001
 6.8639177e-001
 6.9391012e-001
 7.0498878e-001
 7.1112239e-001
 7.1645629e-001
 7.2063178e-001
 7.2485542e-001
 7.2940028e-001
 7.3349833e-001
 7.3765928e-001
 7.4167794e-001
 7.4455553e-001
 7.4658048e-001
 7.4937284e-001
 7.5181741e-001
 7.5392854e-001
 7.5535637e-001
 7.5695390e-001
 7.5889426e-001
 7.6073658e-001
 7.6234996e-001
 7.6376075e-001
 7.6530421e-001
 7.6737595e-001
 7.6816517e-001
 7.6726502e-001
 7.6788294e-001
 7.6927179e-001
 7.7159673e-001
 7.7238733e-001
 7.7354497e-001
 7.7445698e-001
 7.7547425e-001
 7.7656299e-001
 7.7822793e-001
 7.7840799e-001
 7.7966499e-001
 7.8099310e-001
 7.8168756e-001
 7.8299588e-001
 7.8411037e-001
 7.8454119e-001
 7.8510296e-001
 7.8397059e-001
 7.8628039e-001
 7.8751165e-001
 7.8748935e-001
 7.8663349e-001
 7.8879833e-001
 7.9039156e-001
 7.8709447e-001
 7.8774589e-001
 7.8643280e-001
 7.8622717e-001
 7.8590685e-001
 7.8336853e-001
 7.8681922e-001
 7.8726977e-001
 7.8676146e-001
 7.8339964e-001
 7.8230190e-001
 7.8264618e-001
 7.8215992e-001
 7.8286290e-001
 7.8298140e-001
 7.8119063e-001
 7.8238040e-001
 7.8040409e-001
 7.7893025e-001
 7.7779233e-001
 7.7819979e-001
 7.7638125e-001
 7.7664065e-001
 7.7562273e-001
 7.7342850e-001
 7.7290362e-001
 7.7347308e-001
 7.7083004e-001
 7.7116704e-001
 7.7135295e-001
 7.7074343e-001
 7.6907957e-001
 7.6866299e-001
 7.6848400e-001
 7.6766741e-001
 7.6771754e-001
 7.6770222e-001
 7.6836747e-001
 7.6805168e-001
 7.6810455e-001
 7.6796705e-001
 7.6853061e-001
 7.6815343e-001
 7.6862496e-001
 7.6859945e-001
 7.6938486e-001
 7.6876175e-001
 7.7002031e-001
 7.6941031e-001
 7.6903301e-001
 7.7072215e-001
 7.7181810e-001
 7.7197981e-001
 7.7393699e-001
 7.7284813e-001
 7.7440178e-001
 7.7680719e-001
 7.7701372e-001
 7.7860039e-001
 7.7958095e-001
 7.8075492e-001
 7.8109169e-001
 7.8358716e-001
 7.8297597e-001
 7.8310889e-001
 7.8521508e-001
 7.8680456e-001
 7.8701717e-001
 7.8761959e-001
 7.8890586e-001
 7.9070276e-001
 7.8936630e-001
 7.9206312e-001
 7.9177362e-001
 7.9119724e-001
 7.9204243e-001
 7.9305762e-001
 7.9212451e-001
 7.9419434e-001
 7.9361242e-001
 7.9617488e-001
 7.9314643e-001
 7.9211748e-001
 7.9464763e-001
 8.0138928e-001
 7.9770356e-001
 7.9910260e-001
 7.9726833e-001
 7.9813719e-001
 7.9959732e-001
 7.9708403e-001
 8.0037814e-001
 8.0044764e-001
 7.9992992e-001
 7.9869455e-001
 7.9984045e-001
 7.9899710e-001
 7.9970568e-001
 8.0120927e-001
 8.0180436e-001
 8.0046952e-001
 8.0007166e-001
 7.9959059e-001
 8.0000001e-001
 7.9749823e-001
 7.9673332e-001
 7.9879916e-001
 7.9819137e-001
 7.9946339e-001
 7.9765880e-001
 7.9567295e-001
 8.0048472e-001
 8.0188125e-001
 8.0242819e-001
 8.0420446e-001
 8.0461895e-001
 8.0512369e-001
 8.0314970e-001
 8.0585420e-001
 8.0745804e-001
 8.0593938e-001
 8.0746102e-001
 8.0737859e-001
 8.0756736e-001
 8.0767614e-001
 8.0780506e-001
 8.0980676e-001
 8.1363928e-001
 8.1935108e-001
 8.1719381e-001
 8.1518650e-001
 8.1271201e-001
 8.1129456e-001
 8.0682617e-001
 8.0627751e-001
 8.0711818e-001
 8.0232990e-001
 8.0284554e-001
 8.0145127e-001
 8.0402476e-001
 8.0442089e-001
 8.0155402e-001
 8.0741167e-001
 8.0623358e-001
 8.0169725e-001
 8.0289543e-001
 8.0838865e-001
 8.1110150e-001
 8.1198633e-001
 8.0734551e-001
 8.0830610e-001
 8.1331110e-001
 8.1426555e-001
 8.1532592e-001
 8.1473309e-001
 8.1495458e-001
 8.1405354e-001
 8.1232882e-001
 8.1116033e-001
 8.1020278e-001
 8.0879903e-001
 8.0762988e-001
 8.0753511e-001
 8.0929184e-001
 8.1168526e-001
 8.1313592e-001
 8.1261212e-001
