s07_AV97 Record=546: Bassanite GDS145 (syn)      NIC4aau RREF
-1.2300000e+034
-1.2300000e+034
-1.2300000e+034
-1.2300000e+034
-1.2300000e+034
-1.2300000e+034
-1.2300000e+034
-1.2300000e+034
-1.2300000e+034
-1.2300000e+034
-1.2300000e+034
-1.2300000e+034
-1.2300000e+034
-1.2300000e+034
-1.2300000e+034
-1.2300000e+034
-1.2300000e+034
-1.2300000e+034
-1.2300000e+034
-1.2300000e+034
-1.2300000e+034
-1.2300000e+034
-1.2300000e+034
-1.2300000e+034
-1.2300000e+034
-1.2300000e+034
-1.2300000e+034
-1.2300000e+034
-1.2300000e+034
-1.2300000e+034
-1.2300000e+034
-1.2300000e+034
-1.2300000e+034
-1.2300000e+034
-1.2300000e+034
-1.2300000e+034
-1.2300000e+034
-1.2300000e+034
-1.2300000e+034
-1.2300000e+034
-1.2300000e+034
-1.2300000e+034
-1.2300000e+034
-1.2300000e+034
-1.2300000e+034
-1.2300000e+034
-1.2300000e+034
-1.2300000e+034
-1.2300000e+034
-1.2300000e+034
-1.2300000e+034
-1.2300000e+034
-1.2300000e+034
-1.2300000e+034
-1.2300000e+034
-1.2300000e+034
-1.2300000e+034
-1.2300000e+034
-1.2300000e+034
-1.2300000e+034
-1.2300000e+034
-1.2300000e+034
-1.2300000e+034
-1.2300000e+034
-1.2300000e+034
-1.2300000e+034
-1.2300000e+034
-1.2300000e+034
-1.2300000e+034
-1.2300000e+034
-1.2300000e+034
-1.2300000e+034
-1.2300000e+034
-1.2300000e+034
-1.2300000e+034
-1.2300000e+034
-1.2300000e+034
-1.2300000e+034
-1.2300000e+034
-1.2300000e+034
-1.2300000e+034
-1.2300000e+034
-1.2300000e+034
-1.2300000e+034
-1.2300000e+034
-1.2300000e+034
-1.2300000e+034
-1.2300000e+034
-1.2300000e+034
-1.2300000e+034
-1.2300000e+034
-1.2300000e+034
-1.2300000e+034
-1.2300000e+034
-1.2300000e+034
-1.2300000e+034
-1.2300000e+034
-1.2300000e+034
-1.2300000e+034
-1.2300000e+034
-1.2300000e+034
-1.2300000e+034
-1.2300000e+034
-1.2300000e+034
-1.2300000e+034
-1.2300000e+034
-1.2300000e+034
-1.2300000e+034
-1.2300000e+034
-1.2300000e+034
-1.2300000e+034
-1.2300000e+034
-1.2300000e+034
-1.2300000e+034
-1.2300000e+034
-1.2300000e+034
-1.2300000e+034
-1.2300000e+034
-1.2300000e+034
-1.2300000e+034
-1.2300000e+034
-1.2300000e+034
-1.2300000e+034
-1.2300000e+034
 5.7045519e-001
 5.7553482e-001
 5.8386374e-001
 5.9290028e-001
 6.0107225e-001
 6.0856164e-001
 6.1580104e-001
 6.2289882e-001
 6.2955689e-001
 6.3567585e-001
 6.4115304e-001
 6.4590353e-001
 6.4992988e-001
 6.5319264e-001
 6.5577507e-001
 6.5785867e-001
 6.5931243e-001
 6.5955585e-001
 6.5825152e-001
 6.5488589e-001
 6.4943063e-001
 6.4289176e-001
 6.3766456e-001
 6.3595188e-001
 6.3638198e-001
 6.3891625e-001
 6.4512324e-001
 6.5221035e-001
 6.5820950e-001
 6.6154063e-001
 6.6183567e-001
 6.5928930e-001
 6.5518433e-001
 6.4752012e-001
 6.3296145e-001
 6.0887182e-001
 6.1787653e-001
 5.8337963e-001
 5.2465904e-001
 4.2880857e-001
 3.5526025e-001
 3.9967617e-001
 4.3665823e-001
 4.6153414e-001
 5.0120372e-001
 5.2492696e-001
 5.3892350e-001
 5.5862039e-001
 5.8852929e-001
 6.1310369e-001
 6.2636268e-001
 6.3321978e-001
 6.3688612e-001
 6.3829952e-001
 6.3654262e-001
 6.3282090e-001
 6.2906444e-001
 6.2302196e-001
 6.1683065e-001
 6.1489767e-001
 6.1424536e-001
 6.1330801e-001
 6.1260980e-001
 6.1132783e-001
 6.0833448e-001
 6.0576636e-001
 6.0353279e-001
 5.9899378e-001
 5.9456080e-001
 5.8910674e-001
 5.8458829e-001
 5.8384472e-001
 5.8226371e-001
 5.7884216e-001
 5.7513130e-001
 5.7245904e-001
 5.7209051e-001
 5.7261008e-001
 5.7167917e-001
 5.7053596e-001
 5.6850421e-001
 5.6451672e-001
 5.5803096e-001
 5.4885554e-001
 5.3658378e-001
 5.2450156e-001
 5.1133466e-001
 4.9350315e-001
 4.7219086e-001
 4.4923249e-001
 4.2617825e-001
 4.0431300e-001
 3.8384649e-001
 3.6550808e-001
 3.5165167e-001
 3.4297556e-001
 3.3714965e-001
 3.3564955e-001
 3.3879578e-001
 3.4508640e-001
