s07_AV97 Record=1092: Dolomite HS102.3B             BECKb AREF
 6.7260021e-001
 6.7959279e-001
 6.8409407e-001
 6.8853408e-001
 6.9097620e-001
 6.9272345e-001
 6.9363225e-001
 6.9540787e-001
 6.9627351e-001
 6.9645607e-001
 6.9723123e-001
 6.9900340e-001
 6.9961816e-001
 7.0149803e-001
 7.0245367e-001
 7.0430058e-001
 7.0467353e-001
 7.0614606e-001
 7.0697278e-001
 7.0638579e-001
 7.0603770e-001
 7.0733911e-001
 7.0790595e-001
 7.0824790e-001
 7.0792073e-001
 7.0805091e-001
 7.0799160e-001
 7.0870489e-001
 7.0898843e-001
 7.0910293e-001
 7.1014184e-001
 7.1202666e-001
 7.0978779e-001
 7.1191317e-001
 7.1115309e-001
 7.1143609e-001
 7.1300024e-001
 7.1442032e-001
 7.1519244e-001
 7.1497768e-001
 7.1309805e-001
 7.1669918e-001
 7.1456385e-001
 7.1431607e-001
 7.1562827e-001
 7.1612519e-001
 7.1399897e-001
 7.1541971e-001
 7.1490115e-001
 7.1353447e-001
 7.1265489e-001
 7.1249843e-001
 7.0738345e-001
 7.1065420e-001
 7.1156257e-001
 7.0637965e-001
 7.0370615e-001
 7.0128673e-001
 7.0228338e-001
 7.0041198e-001
 6.9737530e-001
 6.8973249e-001
 6.8727845e-001
 6.8670022e-001
 6.8261540e-001
 6.8377626e-001
 6.7931533e-001
 6.8029380e-001
 6.7714810e-001
 6.7887521e-001
 6.7736012e-001
 6.7468876e-001
 6.7510140e-001
 6.7478114e-001
 6.7552960e-001
 6.7589599e-001
 6.7744535e-001
 6.7506534e-001
 6.7693532e-001
 6.7568105e-001
 6.7533100e-001
 6.7715937e-001
 6.7788929e-001
 6.7564923e-001
 6.7471766e-001
 6.7558688e-001
 6.7329222e-001
 6.7312354e-001
 6.7518532e-001
 6.7564857e-001
 6.7273664e-001
 6.7388958e-001
 6.7575949e-001
 6.7279094e-001
 6.7304313e-001
 6.7432654e-001
 6.7276967e-001
 6.7375237e-001
 6.7530310e-001
 6.7378783e-001
 6.7341900e-001
 6.7424154e-001
 6.7346406e-001
 6.7354333e-001
 6.7412835e-001
 6.7479432e-001
 6.7588538e-001
 6.7559624e-001
 6.7807782e-001
 6.7623717e-001
 6.7491102e-001
 6.7681777e-001
 6.7716902e-001
 6.7767453e-001
 6.7809075e-001
 6.7663074e-001
 6.7717922e-001
 6.7829400e-001
 6.8013799e-001
 6.8351954e-001
 6.8239695e-001
 6.8314236e-001
 6.8320817e-001
 6.8454504e-001
 6.8557364e-001
 6.8434936e-001
 6.8668073e-001
 6.8757433e-001
 6.8733817e-001
 6.8715382e-001
 6.8600589e-001
 6.8692118e-001
 6.8811321e-001
 6.8578565e-001
 6.8542677e-001
 6.8584150e-001
 6.8886775e-001
 6.8789226e-001
 6.8457252e-001
 6.8479675e-001
 6.8605649e-001
 6.8063354e-001
 6.7961365e-001
 6.7908376e-001
 6.8069512e-001
 6.8160373e-001
 6.8093973e-001
 6.8295914e-001
 6.8533027e-001
 6.8128061e-001
 6.8093789e-001
 6.8074799e-001
 6.7673290e-001
 6.7072159e-001
 6.6803873e-001
 6.6414386e-001
 6.5570772e-001
 6.5315360e-001
 6.6222185e-001
 6.7375237e-001
 6.7055243e-001
 6.7273343e-001
 6.6373450e-001
 6.5823954e-001
 6.5619522e-001
 6.5607929e-001
 6.5188211e-001
 6.5011674e-001
 6.4983273e-001
 6.4700335e-001
 6.3860059e-001
 6.4705354e-001
 6.5833855e-001
 6.6502333e-001
 6.7389339e-001
 6.7420185e-001
 6.6937703e-001
 6.7061400e-001
 6.7178285e-001
 6.7064345e-001
 6.6694278e-001
 6.6635162e-001
 6.6521883e-001
 6.5936130e-001
 6.5970945e-001
 6.5630579e-001
 6.4729148e-001
 6.4583564e-001
 6.4937979e-001
 6.5140456e-001
 6.4976239e-001
 6.4397013e-001
 6.3171738e-001
 6.1736828e-001
 6.0802102e-001
 5.9756356e-001
 5.8005363e-001
 5.4957855e-001
 5.1308006e-001
 4.9168688e-001
 4.8183909e-001
 4.7213274e-001
 4.5339221e-001
 4.3414545e-001
 4.1852286e-001
 4.3290079e-001
 4.8706487e-001
 5.5671704e-001
 6.0396618e-001
 6.1737299e-001
 6.0870892e-001
 5.9350735e-001
 5.8663642e-001
 5.7438564e-001
 5.5141860e-001
 5.1950800e-001
 4.8406065e-001
 4.5092210e-001
 4.2442286e-001
 3.9822710e-001
 3.7501445e-001
 3.5449222e-001
 3.3639809e-001
 3.2260087e-001
