s07_AV97 Record=254: Alunite HS295.6              ASDFRb AREF
 2.7242565e-001
 2.9390106e-001
 3.1373167e-001
 3.2913512e-001
 3.4126431e-001
 3.5035998e-001
 3.5770708e-001
 3.6415029e-001
 3.6917192e-001
 3.7300119e-001
 3.7671897e-001
 3.8121167e-001
 3.8704848e-001
 3.9468589e-001
 4.0377352e-001
 4.1396978e-001
 4.2522004e-001
 4.3787661e-001
 4.5224404e-001
 4.6823749e-001
 4.8525712e-001
 5.0236344e-001
 5.1842880e-001
 5.3082609e-001
 5.3854012e-001
 5.4407072e-001
 5.4932278e-001
 5.5976087e-001
 5.6712520e-001
 5.6798458e-001
 5.6906420e-001
 5.7806796e-001
 5.6795377e-001
 5.7636487e-001
 5.8340645e-001
 5.8922303e-001
 6.0582852e-001
 6.3312119e-001
 6.5827137e-001
 6.7417181e-001
 6.8276614e-001
 6.8807584e-001
 6.9117999e-001
 6.9263709e-001
 6.9456744e-001
 6.9809473e-001
 7.0133668e-001
 7.0486826e-001
 7.0688957e-001
 7.0751333e-001
 7.0874929e-001
 7.1046263e-001
 7.1121329e-001
 7.1110725e-001
 7.1045148e-001
 7.0931727e-001
 7.0790285e-001
 7.0659709e-001
 7.0645982e-001
 7.0971751e-001
 7.1126533e-001
 7.0972991e-001
 7.0822459e-001
 7.0575184e-001
 6.9861639e-001
 6.8713617e-001
 6.7145759e-001
 6.5929276e-001
 6.5847391e-001
 6.7959601e-001
 7.0159400e-001
 7.0936084e-001
 7.1184593e-001
 7.1253210e-001
 7.1312070e-001
 7.1301419e-001
 7.1228868e-001
 7.1137464e-001
 7.1053016e-001
 7.1026736e-001
 7.1386552e-001
 7.1607637e-001
 7.1497303e-001
 7.1103036e-001
 7.0646924e-001
 7.0217365e-001
 6.9895214e-001
 6.9332683e-001
 6.8574196e-001
 6.7597014e-001
 6.6048455e-001
 6.4037949e-001
 6.2590420e-001
 6.0904717e-001
 5.7485259e-001
 5.5053794e-001
 5.9685230e-001
 5.5490023e-001
 5.6422347e-001
 6.1266375e-001
 6.4275414e-001
 6.4387542e-001
 6.2870473e-001
 6.0500395e-001
 5.7555282e-001
 5.6120002e-001
 5.5849653e-001
 5.6485528e-001
 5.6635821e-001
 5.4703575e-001
 5.1580417e-001
 4.6957812e-001
 3.9599279e-001
 2.6323783e-001
 2.6381445e-001
 3.0789831e-001
 2.8038338e-001
 2.5372711e-001
 1.9638379e-001
 2.1345088e-001
 3.0386049e-001
 3.4004286e-001
 3.7635288e-001
 3.9468524e-001
 3.9983341e-001
 4.0443823e-001
 4.0574989e-001
 4.0484935e-001
 4.0233669e-001
 3.9903677e-001
 3.9628494e-001
 3.9468238e-001
 3.9289576e-001
 3.9131257e-001
 3.8822770e-001
 3.8385630e-001
 3.7848473e-001
 3.7146047e-001
 3.6293918e-001
 3.5484582e-001
 3.4599313e-001
 3.3773768e-001
 3.2721019e-001
 3.0901763e-001
 2.8215575e-001
 2.5285941e-001
 2.2812890e-001
 2.1410759e-001
 2.1924989e-001
 2.4549088e-001
 2.8624710e-001
 3.0996701e-001
 3.1609297e-001
 3.1606093e-001
 3.1341264e-001
 3.0926719e-001
 3.0429545e-001
 2.9714230e-001
 2.8685680e-001
 2.7283645e-001
 2.7899051e-001
 2.6283571e-001
 2.4441142e-001
 2.2468065e-001
 2.0818701e-001
 1.9824216e-001
 1.9276972e-001
 1.8791229e-001
 1.8378286e-001
 1.8379469e-001
 1.8446666e-001
 1.7927030e-001
 1.7015931e-001
 1.6428599e-001
 1.6415752e-001
 1.6300811e-001
 1.5916900e-001
 1.5496047e-001
 1.5136713e-001
 1.5084851e-001
 1.5101634e-001
 1.4759223e-001
 1.3889906e-001
 1.2417479e-001
 1.0465177e-001
 8.9563966e-002
 8.1709929e-002
 7.5240970e-002
 7.1060881e-002
 7.2427884e-002
 7.5194873e-002
 8.3807424e-002
 9.3083642e-002
 9.0608969e-002
 1.2326121e-001
 1.6128056e-001
 1.7542085e-001
 1.7878573e-001
 1.7810488e-001
 1.7616390e-001
 1.7249060e-001
 1.6589598e-001
 1.5258327e-001
 1.2674776e-001
 1.0555147e-001
 1.0911532e-001
 1.2556650e-001
 1.3655475e-001
 1.3605364e-001
 1.2575686e-001
 1.0695370e-001
 8.7477013e-002
 7.7453919e-002
 7.3049024e-002
 6.7016937e-002
 6.1980274e-002
 6.1206546e-002
 6.4102381e-002
 6.2241588e-002
 5.8006082e-002
 6.0485337e-002
 6.0409449e-002
 5.4561459e-002
-1.2300000e+034
