s07_AV97 Record=4079: Muscovite-low-Al CU98-8H     ASDFRb AREF
 1.1496295e-001
 1.1798718e-001
 1.2178742e-001
 1.2545508e-001
 1.2879968e-001
 1.3396761e-001
 1.4319496e-001
 1.5567206e-001
 1.6593352e-001
 1.6889691e-001
 1.6972557e-001
 1.7330377e-001
 1.8236805e-001
 1.9739720e-001
 2.1623437e-001
 2.3777553e-001
 2.6233846e-001
 2.8993952e-001
 3.1861901e-001
 3.4610766e-001
 3.6866999e-001
 3.8528535e-001
 3.9631444e-001
 4.0287098e-001
 4.0651837e-001
 4.0856287e-001
 4.1013992e-001
 4.1144499e-001
 4.1337800e-001
 4.1566947e-001
 4.1866353e-001
 4.2242599e-001
 4.1811112e-001
 4.2163807e-001
 4.2578626e-001
 4.3059650e-001
 4.3581116e-001
 4.4138712e-001
 4.4704461e-001
 4.5240447e-001
 4.5718244e-001
 4.6110335e-001
 4.6395591e-001
 4.6569547e-001
 4.6626562e-001
 4.6572179e-001
 4.6402669e-001
 4.6164608e-001
 4.5865566e-001
 4.5508134e-001
 4.5135245e-001
 4.4753852e-001
 4.4394350e-001
 4.4067144e-001
 4.3791488e-001
 4.3550774e-001
 4.3382069e-001
 4.3282354e-001
 4.3223047e-001
 4.3222696e-001
 4.3274331e-001
 4.3355653e-001
 4.3451551e-001
 4.3553537e-001
 4.3729576e-001
 4.3976802e-001
 4.4217139e-001
 4.4432533e-001
 4.4617224e-001
 4.4850707e-001
 4.5123467e-001
 4.5369765e-001
 4.5656922e-001
 4.5936236e-001
 4.6271023e-001
 4.6644410e-001
 4.7017208e-001
 4.7440159e-001
 4.7894719e-001
 4.8321578e-001
 4.8811346e-001
 4.9263537e-001
 4.9750280e-001
 5.0239837e-001
 5.0698078e-001
 5.1194268e-001
 5.1617223e-001
 5.2073950e-001
 5.2503651e-001
 5.2884096e-001
 5.3268963e-001
 5.3627390e-001
 5.3914744e-001
 5.4212159e-001
 5.4471701e-001
 5.4740381e-001
 5.4317558e-001
 5.4606801e-001
 5.4867411e-001
 5.5057698e-001
 5.5192465e-001
 5.5333942e-001
 5.5469865e-001
 5.5587894e-001
 5.5701727e-001
 5.5804807e-001
 5.5868715e-001
 5.5835468e-001
 5.5567521e-001
 5.4848117e-001
 5.2965569e-001
 4.9872836e-001
 4.8639381e-001
 5.1099616e-001
 5.3396487e-001
 5.4463774e-001
 5.4881096e-001
 5.5112779e-001
 5.5323559e-001
 5.5544078e-001
 5.5719918e-001
 5.5859947e-001
 5.5989861e-001
 5.6096268e-001
 5.6182253e-001
 5.6259274e-001
 5.6312442e-001
 5.6359369e-001
 5.6402665e-001
 5.6440735e-001
 5.6468302e-001
 5.6485015e-001
 5.6479341e-001
 5.6454188e-001
 5.6441611e-001
 5.6419533e-001
 5.6394833e-001
 5.6355757e-001
 5.6336975e-001
 5.6308538e-001
 5.6285775e-001
 5.6250203e-001
 5.6185210e-001
 5.6097674e-001
 5.5977648e-001
 5.5829376e-001
 5.5641854e-001
 5.5414367e-001
 5.5175054e-001
 5.5027461e-001
 5.5035853e-001
 5.5323744e-001
 5.5590463e-001
 5.5610996e-001
 5.5594128e-001
 5.5503732e-001
 5.5421102e-001
 5.5217999e-001
 5.4697621e-001
 5.3448546e-001
 5.4041547e-001
 5.2241439e-001
 4.9379110e-001
 4.7446719e-001
 4.7513062e-001
 4.8155671e-001
 4.8706636e-001
 4.9031976e-001
 4.9329475e-001
 4.9616727e-001
 4.9886504e-001
 5.0194967e-001
 5.0484473e-001
 5.0789398e-001
 5.1098835e-001
 5.1373947e-001
 5.1578790e-001
 5.1725328e-001
 5.1805502e-001
 5.1807272e-001
 5.1717073e-001
 5.1500744e-001
 5.1153046e-001
 5.0788337e-001
 5.0582349e-001
 5.0504881e-001
 5.0372368e-001
 4.9951890e-001
 4.9229681e-001
 4.8154402e-001
 4.6268266e-001
 4.3427882e-001
 4.0838164e-001
 3.9914072e-001
 4.0781260e-001
 4.2459440e-001
 4.3721783e-001
 4.4352013e-001
 4.5152670e-001
 4.5800024e-001
 4.5888531e-001
 4.5526174e-001
 4.4988272e-001
 4.4126004e-001
 4.2966285e-001
 4.1594452e-001
 4.0159184e-001
 3.9174643e-001
 3.9095840e-001
 3.9263767e-001
 3.9085883e-001
 3.8984221e-001
 3.8849375e-001
 3.8366643e-001
 3.7631664e-001
 3.6819622e-001
 3.6138842e-001
 3.5845867e-001
 3.5866147e-001
 3.5890937e-001
 3.5856619e-001
 3.5883012e-001
 3.5937271e-001
-1.2300000e+034
