s07_AV97 Record=1441: Hectorite SHCa-1             ASDNGc AREF
 6.3050693e-001
 6.4138418e-001
 6.5356082e-001
 6.6310859e-001
 6.7118943e-001
 6.7882383e-001
 6.8700606e-001
 6.9562835e-001
 7.0398837e-001
 7.1136981e-001
 7.1687007e-001
 7.2140032e-001
 7.2601861e-001
 7.3137081e-001
 7.3706359e-001
 7.4285293e-001
 7.4898183e-001
 7.5561476e-001
 7.6304871e-001
 7.7119929e-001
 7.7951264e-001
 7.8714800e-001
 7.9388320e-001
 7.9912245e-001
 8.0315644e-001
 8.0609262e-001
 8.0841178e-001
 8.1044590e-001
 8.1235743e-001
 8.1426930e-001
 8.1622618e-001
 8.1815076e-001
 8.1591171e-001
 8.1778955e-001
 8.1956762e-001
 8.2123727e-001
 8.2279539e-001
 8.2425976e-001
 8.2560331e-001
 8.2682604e-001
 8.2790333e-001
 8.2886833e-001
 8.2970846e-001
 8.3041596e-001
 8.3102196e-001
 8.3151639e-001
 8.3189690e-001
 8.3218116e-001
 8.3237541e-001
 8.3247048e-001
 8.3249444e-001
 8.3257890e-001
 8.3264971e-001
 8.3270741e-001
 8.3277923e-001
 8.3289200e-001
 8.3304113e-001
 8.3329606e-001
 8.3359534e-001
 8.3383369e-001
 8.3398128e-001
 8.3333063e-001
 8.3328307e-001
 8.3379978e-001
 8.3467591e-001
 8.3590388e-001
 8.3711547e-001
 8.3811921e-001
 8.3861315e-001
 8.3893937e-001
 8.3917379e-001
 8.3945525e-001
 8.3971763e-001
 8.3995557e-001
 8.4011763e-001
 8.4026611e-001
 8.4043485e-001
 8.4058213e-001
 8.4068191e-001
 8.4074301e-001
 8.4064287e-001
 8.3999729e-001
 8.3779126e-001
 8.3548373e-001
 8.3666068e-001
 8.3810234e-001
 8.3855575e-001
 8.3865798e-001
 8.3890629e-001
 8.3921218e-001
 8.3946198e-001
 8.3962709e-001
 8.3975649e-001
 8.3978593e-001
 8.3965510e-001
 8.3913678e-001
 8.3974290e-001
 8.3944345e-001
 8.3879578e-001
 8.3876902e-001
 8.3821201e-001
 8.3754069e-001
 8.3633840e-001
 8.3446848e-001
 8.3222759e-001
 8.3001661e-001
 8.2785708e-001
 8.2448167e-001
 8.1345242e-001
 7.8000414e-001
 7.6086229e-001
 7.5628996e-001
 7.4490446e-001
 7.5510669e-001
 7.7108562e-001
 7.8157449e-001
 7.8496873e-001
 7.8643233e-001
 7.9389709e-001
 8.0186933e-001
 8.0743706e-001
 8.1168669e-001
 8.1514341e-001
 8.1799006e-001
 8.2043153e-001
 8.2255310e-001
 8.2437980e-001
 8.2586747e-001
 8.2721323e-001
 8.2836151e-001
 8.2931864e-001
 8.3004928e-001
 8.3066267e-001
 8.3116108e-001
 8.3157587e-001
 8.3191520e-001
 8.3223349e-001
 8.3251810e-001
 8.3261091e-001
 8.3256215e-001
 8.3241117e-001
 8.3197898e-001
 8.3125079e-001
 8.2998270e-001
 8.2803923e-001
 8.2572532e-001
 8.2331139e-001
 8.2119870e-001
 8.1948179e-001
 8.1790775e-001
 8.1631923e-001
 8.1515557e-001
 8.1466144e-001
 8.1369042e-001
 8.1211144e-001
 8.0964935e-001
 8.0495179e-001
 7.9436815e-001
 7.7128899e-001
 7.2573131e-001
 7.4321169e-001
 6.7617506e-001
 6.0167104e-001
 5.8537960e-001
 6.2226766e-001
 6.5873837e-001
 6.7905313e-001
 6.8940073e-001
 6.9723964e-001
 7.0544946e-001
 7.1520084e-001
 7.2563738e-001
 7.3604357e-001
 7.4667239e-001
 7.5614440e-001
 7.6418304e-001
 7.7036577e-001
 7.7534014e-001
 7.7892053e-001
 7.8122121e-001
 7.8319442e-001
 7.8491914e-001
 7.8627950e-001
 7.8731227e-001
 7.8803515e-001
 7.8862894e-001
 7.8893065e-001
 7.8830868e-001
 7.8751445e-001
 7.8694111e-001
 7.8606284e-001
 7.8416699e-001
 7.8147197e-001
 7.7828312e-001
 7.7540702e-001
 7.7294272e-001
 7.7196532e-001
 7.7016801e-001
 7.6535195e-001
 7.5519764e-001
 7.3608637e-001
 7.0785159e-001
 6.8059605e-001
 6.4770699e-001
 6.7507750e-001
 7.0628119e-001
 7.0470864e-001
 7.0252645e-001
 7.0416939e-001
 7.0100886e-001
 6.8836284e-001
 6.7613494e-001
 6.7997265e-001
 6.7897022e-001
 6.6913581e-001
 6.5862030e-001
 6.4789647e-001
 6.3707358e-001
 6.2675226e-001
 6.1730546e-001
 6.0795635e-001
 5.9893215e-001
 5.9202814e-001
-1.2300000e+034
