s07_AV97 Record=2222: Muscovite GDS111 Guatemala    BECKa AREF
 2.8568372e-001
 3.0462739e-001
 3.2488286e-001
 3.4504539e-001
 3.5990417e-001
 3.7531921e-001
 3.8806096e-001
 3.9525908e-001
 3.9999056e-001
 4.1281071e-001
 4.2399940e-001
 4.3387318e-001
 4.4268131e-001
 4.5106155e-001
 4.5833784e-001
 4.6311074e-001
 4.6618921e-001
 4.6931732e-001
 4.7195038e-001
 4.7451696e-001
 4.7610503e-001
 4.7602236e-001
 4.7644669e-001
 4.7642070e-001
 4.7659799e-001
 4.7678700e-001
 4.7653052e-001
 4.7571269e-001
 4.7569054e-001
 4.7479674e-001
 4.7479063e-001
 4.7387454e-001
 4.7476435e-001
 4.7429061e-001
 4.7314778e-001
 4.7406405e-001
 4.7170624e-001
 4.7136664e-001
 4.7176248e-001
 4.7168174e-001
 4.7211066e-001
 4.7258276e-001
 4.7403213e-001
 4.7626206e-001
 4.7924668e-001
 4.8280850e-001
 4.8753107e-001
 4.9217910e-001
 4.9569729e-001
 4.9971437e-001
 5.0101435e-001
 5.0385875e-001
 5.0342971e-001
 5.0251067e-001
 5.0174421e-001
 5.0056571e-001
 5.0052416e-001
 4.9968627e-001
 4.9841279e-001
 4.9975929e-001
 5.0186497e-001
 5.0203216e-001
 5.0361979e-001
 5.0592595e-001
 5.0838667e-001
 5.1037729e-001
 5.1407653e-001
 5.1473397e-001
 5.1708317e-001
 5.1859385e-001
 5.1883149e-001
 5.1920295e-001
 5.2065706e-001
 5.1997757e-001
 5.1946294e-001
 5.2279717e-001
 5.2231944e-001
 5.2254039e-001
 5.2395135e-001
 5.2609879e-001
 5.2890354e-001
 5.3091729e-001
 5.3453535e-001
 5.3660280e-001
 5.4003245e-001
 5.4548138e-001
 5.4848856e-001
 5.5374581e-001
 5.5858827e-001
 5.6412131e-001
 5.6984884e-001
 5.7533866e-001
 5.7873762e-001
 5.8432710e-001
 5.8944708e-001
 5.9583384e-001
 5.8685106e-001
 5.9307575e-001
 5.9869754e-001
 6.0370892e-001
 6.0837430e-001
 6.1130655e-001
 6.1774963e-001
 6.2307203e-001
 6.2781119e-001
 6.3236916e-001
 6.3722426e-001
 6.4227456e-001
 6.4514834e-001
 6.4402992e-001
 6.3426352e-001
 6.0055304e-001
 5.5618292e-001
 5.6541640e-001
 6.1373430e-001
 6.5086675e-001
 6.6689575e-001
 6.7408979e-001
 6.7957509e-001
 6.8395537e-001
 6.8810683e-001
 6.9265461e-001
 6.9665444e-001
 7.0122582e-001
 7.0418370e-001
 7.0803106e-001
 7.1092653e-001
 7.1609604e-001
 7.1822208e-001
 7.2092229e-001
 7.2396457e-001
 7.2588432e-001
 7.2881359e-001
 7.3070133e-001
 7.3348117e-001
 7.3519915e-001
 7.3795879e-001
 7.4025714e-001
 7.4353701e-001
 7.4457121e-001
 7.4863297e-001
 7.5052172e-001
 7.5203180e-001
 7.5219101e-001
 7.5247496e-001
 7.5563264e-001
 7.5747800e-001
 7.5653452e-001
 7.5974911e-001
 7.5935888e-001
 7.6293457e-001
 7.6149058e-001
 7.6244563e-001
 7.6358020e-001
 7.6430482e-001
 7.6323938e-001
 7.5972861e-001
 7.5850022e-001
 7.5515610e-001
 7.3783064e-001
 7.4467713e-001
 7.2610730e-001
 7.0967919e-001
 6.9029194e-001
 6.8276834e-001
 6.8497247e-001
 6.9355947e-001
 7.0014381e-001
 7.0529294e-001
 7.1280801e-001
 7.2151613e-001
 7.2582179e-001
 7.3028904e-001
 7.3736638e-001
 7.4197894e-001
 7.4465132e-001
 7.5027525e-001
 7.5299686e-001
 7.5286049e-001
 7.5250131e-001
 7.5240040e-001
 7.5019163e-001
 7.4280030e-001
 7.3555815e-001
 7.2836071e-001
 7.2503269e-001
 7.2437572e-001
 7.2315383e-001
 7.1614796e-001
 7.0582062e-001
 6.8720376e-001
 6.5155768e-001
 5.9569371e-001
 5.2704555e-001
 4.8191997e-001
 4.9477386e-001
 5.2706617e-001
 5.3756195e-001
 5.5641031e-001
 6.0018671e-001
 6.2746245e-001
 6.3322777e-001
 6.3350314e-001
 6.2750512e-001
 6.0214114e-001
 5.6733936e-001
 5.3593081e-001
 5.1623631e-001
 5.0943768e-001
 5.1500767e-001
 5.2531558e-001
 5.3267658e-001
 5.3939575e-001
 5.4000056e-001
 5.3421915e-001
 5.2513170e-001
 5.1624453e-001
 5.1087052e-001
 5.0980026e-001
 5.1253611e-001
 5.1876819e-001
 5.2672315e-001
 5.3440410e-001
 5.4032940e-001
