s07_AV97 Record=3137: Strontianite HS272.3B        NIC4bb RREF
-1.2300000e+034
-1.2300000e+034
-1.2300000e+034
-1.2300000e+034
-1.2300000e+034
-1.2300000e+034
-1.2300000e+034
-1.2300000e+034
-1.2300000e+034
-1.2300000e+034
-1.2300000e+034
-1.2300000e+034
-1.2300000e+034
-1.2300000e+034
-1.2300000e+034
-1.2300000e+034
-1.2300000e+034
-1.2300000e+034
-1.2300000e+034
-1.2300000e+034
-1.2300000e+034
-1.2300000e+034
-1.2300000e+034
-1.2300000e+034
-1.2300000e+034
-1.2300000e+034
-1.2300000e+034
-1.2300000e+034
-1.2300000e+034
-1.2300000e+034
-1.2300000e+034
-1.2300000e+034
-1.2300000e+034
-1.2300000e+034
-1.2300000e+034
-1.2300000e+034
-1.2300000e+034
-1.2300000e+034
-1.2300000e+034
-1.2300000e+034
-1.2300000e+034
-1.2300000e+034
-1.2300000e+034
-1.2300000e+034
-1.2300000e+034
-1.2300000e+034
-1.2300000e+034
-1.2300000e+034
-1.2300000e+034
-1.2300000e+034
-1.2300000e+034
-1.2300000e+034
-1.2300000e+034
-1.2300000e+034
-1.2300000e+034
-1.2300000e+034
-1.2300000e+034
-1.2300000e+034
-1.2300000e+034
-1.2300000e+034
-1.2300000e+034
-1.2300000e+034
-1.2300000e+034
-1.2300000e+034
-1.2300000e+034
-1.2300000e+034
-1.2300000e+034
-1.2300000e+034
-1.2300000e+034
-1.2300000e+034
-1.2300000e+034
-1.2300000e+034
-1.2300000e+034
-1.2300000e+034
-1.2300000e+034
-1.2300000e+034
-1.2300000e+034
-1.2300000e+034
-1.2300000e+034
-1.2300000e+034
-1.2300000e+034
-1.2300000e+034
-1.2300000e+034
-1.2300000e+034
-1.2300000e+034
-1.2300000e+034
-1.2300000e+034
-1.2300000e+034
-1.2300000e+034
-1.2300000e+034
-1.2300000e+034
-1.2300000e+034
-1.2300000e+034
-1.2300000e+034
-1.2300000e+034
-1.2300000e+034
-1.2300000e+034
-1.2300000e+034
-1.2300000e+034
-1.2300000e+034
-1.2300000e+034
-1.2300000e+034
-1.2300000e+034
-1.2300000e+034
-1.2300000e+034
-1.2300000e+034
-1.2300000e+034
-1.2300000e+034
-1.2300000e+034
-1.2300000e+034
-1.2300000e+034
-1.2300000e+034
-1.2300000e+034
-1.2300000e+034
-1.2300000e+034
-1.2300000e+034
-1.2300000e+034
-1.2300000e+034
-1.2300000e+034
-1.2300000e+034
-1.2300000e+034
-1.2300000e+034
-1.2300000e+034
-1.2300000e+034
-1.2300000e+034
-1.2300000e+034
-1.2300000e+034
-1.2300000e+034
-1.2300000e+034
-1.2300000e+034
-1.2300000e+034
 5.2236122e-001
 5.2577239e-001
 5.2911681e-001
 5.3190184e-001
 5.3461117e-001
 5.3716165e-001
 5.3937048e-001
 5.4169238e-001
 5.4383403e-001
 5.4578346e-001
 5.4762322e-001
 5.4892623e-001
 5.5036259e-001
 5.5221921e-001
 5.5367988e-001
 5.5541003e-001
 5.5719715e-001
 5.5848759e-001
 5.6011897e-001
 5.6180507e-001
 5.6308579e-001
 5.6432742e-001
 5.6540626e-001
 5.6639826e-001
 5.6690103e-001
 5.6708300e-001
 5.6697083e-001
 5.6558496e-001
 5.6315976e-001
 5.6382066e-001
 5.6328291e-001
 5.6621653e-001
 5.7002461e-001
 5.7244563e-001
 5.7363230e-001
 5.7453144e-001
 5.7506436e-001
 5.7479995e-001
 5.7409966e-001
 5.7401419e-001
 5.7412744e-001
 5.7310504e-001
 5.7068390e-001
 5.7155144e-001
 5.7777119e-001
 5.8254606e-001
 5.8476782e-001
 5.8555776e-001
 5.8579129e-001
 5.8602399e-001
 5.8628154e-001
 5.8654410e-001
 5.8666348e-001
 5.8693367e-001
 5.8722275e-001
 5.8724791e-001
 5.8652240e-001
 5.8437127e-001
 5.7976753e-001
 5.7738960e-001
 5.7989615e-001
 5.8229035e-001
 5.8175063e-001
 5.7956898e-001
 5.7676327e-001
 5.7316148e-001
 5.6865609e-001
 5.6303352e-001
 5.5603224e-001
 5.4776371e-001
 5.3942925e-001
 5.3175008e-001
 5.2370602e-001
 5.1425189e-001
 5.0056577e-001
 4.8092958e-001
 4.7030118e-001
 4.8585510e-001
 5.1132500e-001
 5.4035681e-001
 5.6078398e-001
 5.6984937e-001
 5.7216758e-001
 5.7129592e-001
 5.6894243e-001
 5.6547976e-001
 5.5984724e-001
 5.4917413e-001
 5.3241456e-001
 5.1015073e-001
 4.9068552e-001
 4.8035711e-001
 4.7335911e-001
