s07_AV97 Record=4021: Magnetite_skarn BR93-5B       BECKb AREF
 6.7159757e-002
 7.0086531e-002
 7.2945580e-002
 7.5112037e-002
 7.7398583e-002
 7.9927467e-002
 8.2718648e-002
 8.5618205e-002
 8.8055059e-002
 8.9982666e-002
 9.2280157e-002
 9.4791815e-002
 9.7551152e-002
 1.0053935e-001
 1.0394772e-001
 1.0703710e-001
 1.0992128e-001
 1.1247561e-001
 1.1486463e-001
 1.1690388e-001
 1.1843120e-001
 1.2050327e-001
 1.2124127e-001
 1.2160348e-001
 1.2146328e-001
 1.2172477e-001
 1.2191711e-001
 1.2220214e-001
 1.2241248e-001
 1.2270328e-001
 1.2302858e-001
 1.2282854e-001
 1.2305062e-001
 1.2292988e-001
 1.2250006e-001
 1.2228440e-001
 1.2214480e-001
 1.2167216e-001
 1.2120565e-001
 1.2075960e-001
 1.2021311e-001
 1.1973785e-001
 1.1903712e-001
 1.1818149e-001
 1.1743608e-001
 1.1644572e-001
 1.1527205e-001
 1.1407091e-001
 1.1267564e-001
 1.1132696e-001
 1.1107935e-001
 1.0875876e-001
 1.0767331e-001
 1.0537673e-001
 1.0443321e-001
 1.0477087e-001
 1.0294206e-001
 1.0193609e-001
 9.9671058e-002
 9.9442042e-002
 9.8195031e-002
 9.7376801e-002
 9.6080042e-002
 9.6062720e-002
 9.4509557e-002
 9.3749516e-002
 9.2962816e-002
 9.1576539e-002
 9.0920478e-002
 9.0152174e-002
 9.0073481e-002
 8.9730985e-002
 8.8927016e-002
 8.9682825e-002
 8.9738443e-002
 8.9861833e-002
 9.0018786e-002
 9.0622142e-002
 9.1096573e-002
 9.1124035e-002
 9.1732293e-002
 9.2361882e-002
 9.2205554e-002
 9.2956811e-002
 9.3086854e-002
 9.2588000e-002
 9.3430333e-002
 9.4743110e-002
 9.4070293e-002
 9.3856998e-002
 9.3934707e-002
 9.4319403e-002
 9.4174698e-002
 9.4470568e-002
 9.4420560e-002
 9.4569959e-002
 9.4325870e-002
 9.4656609e-002
 9.4570480e-002
 9.5397219e-002
 9.5456995e-002
 9.6134715e-002
 9.6044719e-002
 9.6743777e-002
 9.7201578e-002
 9.7158030e-002
 9.7425520e-002
 9.8020025e-002
 9.6634038e-002
 9.5382132e-002
 9.5680490e-002
 9.7409464e-002
 9.9512473e-002
 9.9799342e-002
 9.9347010e-002
 9.9608138e-002
 1.0035080e-001
 1.0087830e-001
 1.0082095e-001
 1.0049128e-001
 1.0110747e-001
 1.0064434e-001
 1.0033952e-001
 1.0195867e-001
 1.0119899e-001
 1.0111485e-001
 1.0182948e-001
 1.0184014e-001
 1.0086641e-001
 1.0040251e-001
 1.0039020e-001
 1.0034604e-001
 9.9860974e-002
 9.9050619e-002
 9.9864855e-002
 9.9024810e-002
 9.9396303e-002
 9.8773494e-002
 9.8541483e-002
 9.8287471e-002
 1.0090424e-001
 1.0071257e-001
 9.9250160e-002
 9.6989334e-002
 9.8346621e-002
 9.7709008e-002
 9.8433226e-002
 9.8028474e-002
 9.6478723e-002
 9.7257726e-002
 9.8311529e-002
 9.6747041e-002
 9.6200638e-002
 9.5514983e-002
 9.6089058e-002
 9.6192531e-002
 9.4876759e-002
 9.5036216e-002
 9.6518256e-002
 9.5349349e-002
 9.6043088e-002
 9.4276145e-002
 9.3034558e-002
 9.2573121e-002
 9.4135210e-002
 9.3182296e-002
 9.2664376e-002
 9.3109213e-002
 9.2658482e-002
 9.2378356e-002
 9.1983713e-002
 9.3182951e-002
 9.3647704e-002
 9.4113424e-002
 9.4131529e-002
 9.3317263e-002
 9.3977325e-002
 9.3706563e-002
 9.4900467e-002
 9.4325088e-002
 9.3666375e-002
 9.5950104e-002
 9.4497487e-002
 9.3275793e-002
 9.3744911e-002
 9.4789468e-002
 9.6588336e-002
 9.4682246e-002
 9.3310066e-002
 9.4662108e-002
 9.3605570e-002
 9.3010806e-002
 9.1827728e-002
 9.0589970e-002
 8.9132868e-002
 9.0021215e-002
 9.0044931e-002
 8.5952088e-002
 9.0986840e-002
 8.9767598e-002
 8.5884519e-002
 9.1240115e-002
 9.2434622e-002
 8.7357603e-002
 8.5415982e-002
 8.8044539e-002
 8.8714615e-002
 8.6995184e-002
 8.7021984e-002
 8.8795505e-002
 9.0481997e-002
 9.0817705e-002
 8.9957982e-002
 8.9295715e-002
 8.8714391e-002
 8.7595828e-002
 8.6700015e-002
 8.6979598e-002
 8.7846301e-002
 8.8399656e-002
 8.7769322e-002
 8.6445257e-002
 8.5171901e-002
 8.4504262e-002
