s07_AV97 Record=1864: Labradorite HS17.3B         NIC4cbb RREF
-1.2300000e+034
-1.2300000e+034
-1.2300000e+034
-1.2300000e+034
-1.2300000e+034
-1.2300000e+034
-1.2300000e+034
-1.2300000e+034
-1.2300000e+034
-1.2300000e+034
-1.2300000e+034
-1.2300000e+034
-1.2300000e+034
-1.2300000e+034
-1.2300000e+034
-1.2300000e+034
-1.2300000e+034
-1.2300000e+034
-1.2300000e+034
-1.2300000e+034
-1.2300000e+034
-1.2300000e+034
-1.2300000e+034
-1.2300000e+034
-1.2300000e+034
-1.2300000e+034
-1.2300000e+034
-1.2300000e+034
-1.2300000e+034
-1.2300000e+034
-1.2300000e+034
-1.2300000e+034
-1.2300000e+034
-1.2300000e+034
-1.2300000e+034
-1.2300000e+034
-1.2300000e+034
-1.2300000e+034
-1.2300000e+034
-1.2300000e+034
-1.2300000e+034
-1.2300000e+034
-1.2300000e+034
-1.2300000e+034
-1.2300000e+034
-1.2300000e+034
-1.2300000e+034
-1.2300000e+034
-1.2300000e+034
-1.2300000e+034
-1.2300000e+034
-1.2300000e+034
-1.2300000e+034
-1.2300000e+034
-1.2300000e+034
-1.2300000e+034
-1.2300000e+034
-1.2300000e+034
-1.2300000e+034
-1.2300000e+034
-1.2300000e+034
-1.2300000e+034
-1.2300000e+034
-1.2300000e+034
-1.2300000e+034
-1.2300000e+034
-1.2300000e+034
-1.2300000e+034
-1.2300000e+034
-1.2300000e+034
-1.2300000e+034
-1.2300000e+034
-1.2300000e+034
-1.2300000e+034
-1.2300000e+034
-1.2300000e+034
-1.2300000e+034
-1.2300000e+034
-1.2300000e+034
-1.2300000e+034
-1.2300000e+034
-1.2300000e+034
-1.2300000e+034
-1.2300000e+034
-1.2300000e+034
-1.2300000e+034
-1.2300000e+034
-1.2300000e+034
-1.2300000e+034
-1.2300000e+034
-1.2300000e+034
-1.2300000e+034
-1.2300000e+034
-1.2300000e+034
-1.2300000e+034
-1.2300000e+034
-1.2300000e+034
-1.2300000e+034
-1.2300000e+034
-1.2300000e+034
-1.2300000e+034
-1.2300000e+034
-1.2300000e+034
-1.2300000e+034
-1.2300000e+034
-1.2300000e+034
-1.2300000e+034
-1.2300000e+034
-1.2300000e+034
-1.2300000e+034
-1.2300000e+034
-1.2300000e+034
-1.2300000e+034
-1.2300000e+034
-1.2300000e+034
-1.2300000e+034
-1.2300000e+034
-1.2300000e+034
-1.2300000e+034
-1.2300000e+034
-1.2300000e+034
-1.2300000e+034
-1.2300000e+034
-1.2300000e+034
-1.2300000e+034
-1.2300000e+034
-1.2300000e+034
-1.2300000e+034
-1.2300000e+034
-1.2300000e+034
-1.2300000e+034
-1.2300000e+034
-1.2300000e+034
-1.2300000e+034
-1.2300000e+034
 2.2734082e-001
 2.3033191e-001
 2.3318981e-001
 2.3588045e-001
 2.3807861e-001
 2.4026573e-001
 2.4242149e-001
 2.4459529e-001
 2.4651405e-001
 2.4838421e-001
 2.5003275e-001
 2.5153664e-001
 2.5280219e-001
 2.5387079e-001
 2.5511017e-001
 2.5658068e-001
 2.5798184e-001
 2.5923234e-001
 2.6046193e-001
 2.6165318e-001
 2.6241124e-001
 2.6301149e-001
 2.6357955e-001
 2.6442781e-001
 2.6484582e-001
 2.6470807e-001
 2.6534936e-001
 2.6598760e-001
 2.6628527e-001
 2.6647833e-001
 2.6660466e-001
 2.6662886e-001
 2.6684275e-001
 2.6729870e-001
 2.6782182e-001
 2.6850522e-001
 2.6957217e-001
 2.7062634e-001
 2.7158734e-001
 2.7247322e-001
 2.7311477e-001
 2.7358758e-001
 2.7374184e-001
 2.7401745e-001
 2.7413940e-001
 2.7443922e-001
 2.7496168e-001
 2.7560562e-001
 2.7636003e-001
 2.7701440e-001
 2.7747053e-001
 2.7785894e-001
 2.7787223e-001
 2.7771419e-001
 2.7756625e-001
 2.7705809e-001
 2.7676496e-001
 2.7658617e-001
 2.7681550e-001
 2.7737212e-001
 2.7778903e-001
 2.7811646e-001
 2.7821460e-001
 2.7854329e-001
 2.7892670e-001
 2.7958187e-001
 2.7967271e-001
 2.7962443e-001
 2.7943003e-001
 2.7905452e-001
 2.7830452e-001
 2.7831736e-001
 2.7837244e-001
 2.7887404e-001
 2.7994505e-001
 2.8087634e-001
 2.8165963e-001
 2.8236005e-001
 2.8279155e-001
 2.8276637e-001
 2.8263250e-001
 2.8272232e-001
 2.8246313e-001
 2.8228885e-001
 2.8208032e-001
 2.8202450e-001
 2.8205925e-001
 2.8232297e-001
 2.8264952e-001
