s07_AV97 Record=3407: Ulexite HS441.4B             ASDFRa AREF
 5.7936752e-001
 5.9382576e-001
 6.1013359e-001
 6.2199414e-001
 6.3253587e-001
 6.4413613e-001
 6.5542042e-001
 6.6652060e-001
 6.7663318e-001
 6.8631303e-001
 6.9485795e-001
 7.0220482e-001
 7.0858717e-001
 7.1423334e-001
 7.2036237e-001
 7.2677898e-001
 7.3286492e-001
 7.3886031e-001
 7.4335057e-001
 7.4675411e-001
 7.4922132e-001
 7.5018078e-001
 7.5039643e-001
 7.5093067e-001
 7.5046742e-001
 7.4982840e-001
 7.4972159e-001
 7.4907929e-001
 7.4882948e-001
 7.4838716e-001
 7.4802417e-001
 7.4776876e-001
 7.4807805e-001
 7.4781555e-001
 7.4757248e-001
 7.4724162e-001
 7.4655592e-001
 7.4599117e-001
 7.4523336e-001
 7.4391210e-001
 7.4095976e-001
 7.3791909e-001
 7.3949772e-001
 7.4216461e-001
 7.4457574e-001
 7.4704337e-001
 7.4922317e-001
 7.5164634e-001
 7.5367910e-001
 7.5472003e-001
 7.5452918e-001
 7.5305682e-001
 7.5046849e-001
 7.4749237e-001
 7.4478108e-001
 7.4170089e-001
 7.3856664e-001
 7.3690277e-001
 7.3546743e-001
 7.3143047e-001
 7.2529173e-001
 7.1764696e-001
 7.0445108e-001
 6.8011510e-001
 6.4258081e-001
 6.1972523e-001
 6.3522071e-001
 6.4783496e-001
 6.5583873e-001
 6.6694665e-001
 6.7911708e-001
 6.8990111e-001
 6.9930995e-001
 7.0573455e-001
 7.0966405e-001
 7.1103024e-001
 7.0992136e-001
 7.0699191e-001
 7.0316541e-001
 6.9906753e-001
 6.9316900e-001
 6.8597615e-001
 6.7167324e-001
 6.4829320e-001
 6.1968035e-001
 5.8383375e-001
 5.5580544e-001
 5.3624153e-001
 5.2652174e-001
 5.2123702e-001
 5.1660222e-001
 5.1283008e-001
 5.1254833e-001
 5.1295692e-001
 5.1664633e-001
 5.2054203e-001
 5.1417202e-001
 5.1885778e-001
 5.2194214e-001
 5.2231020e-001
 5.1582664e-001
 5.0233835e-001
 4.8068273e-001
 4.5425859e-001
 4.2660815e-001
 4.0410835e-001
 3.9134750e-001
 3.8074064e-001
 3.6387277e-001
 3.3478227e-001
 2.8526670e-001
 2.2802307e-001
 1.6654629e-001
 1.2000967e-001
 1.0652965e-001
 1.1240914e-001
 1.0995699e-001
 1.0510726e-001
 1.0633924e-001
 1.1194644e-001
 1.1759378e-001
 1.2263286e-001
 1.2837449e-001
 1.3324927e-001
 1.3636480e-001
 1.3984737e-001
 1.4378653e-001
 1.4608422e-001
 1.4647968e-001
 1.4582351e-001
 1.4401414e-001
 1.4146349e-001
 1.3870271e-001
 1.3644236e-001
 1.3438116e-001
 1.3247317e-001
 1.3067158e-001
 1.2926535e-001
 1.2797202e-001
 1.2713449e-001
 1.2642656e-001
 1.2568244e-001
 1.2494092e-001
 1.2407547e-001
 1.2330391e-001
 1.2207764e-001
 1.2095704e-001
 1.1953319e-001
 1.1887726e-001
 1.1915937e-001
 1.2112065e-001
 1.2340723e-001
 1.2509643e-001
 1.2531708e-001
 1.2421186e-001
 1.2152424e-001
 1.1694803e-001
 1.1041191e-001
 1.0120153e-001
 9.0287939e-002
 9.5011309e-002
 8.3391570e-002
 7.2075889e-002
 6.2681511e-002
 5.5398293e-002
 5.0137430e-002
 4.5981649e-002
 4.3942310e-002
 4.3978617e-002
 4.5146499e-002
 4.6179079e-002
 4.7454063e-002
 4.8917536e-002
 5.0136730e-002
 5.0634786e-002
 5.1153712e-002
 5.1239680e-002
 5.1020306e-002
 5.0625592e-002
 5.0202247e-002
 4.9561247e-002
 4.8796579e-002
 4.8021771e-002
 4.6914801e-002
 4.5853581e-002
 4.5717318e-002
 4.5954544e-002
 4.5655891e-002
 4.4751886e-002
 4.4553649e-002
 4.4764720e-002
 4.5861501e-002
 4.7117863e-002
 4.8113104e-002
 4.9019013e-002
 4.9534690e-002
 4.9504325e-002
 5.0141852e-002
 5.2303713e-002
 5.4882336e-002
 5.6170866e-002
 5.6574792e-002
 5.6506533e-002
 5.5005256e-002
 5.4267913e-002
 5.3387888e-002
 5.2165546e-002
 5.0137080e-002
 4.7807794e-002
 4.6331316e-002
 4.4598587e-002
 4.2657617e-002
 4.1306887e-002
 4.0360019e-002
 3.9273534e-002
 3.8978003e-002
 3.7734177e-002
 3.6563784e-002
 3.5994440e-002
 3.6790282e-002
 3.3901475e-002
 3.3749897e-002
 3.5967592e-002
-1.2300000e+034
