s07_AV97 Record=359: Andradite HS111.3B Garnet     BECKb AREF
 6.7819901e-002
 7.1767233e-002
 8.3310120e-002
 9.7448856e-002
 1.0686403e-001
 1.1294180e-001
 1.1126857e-001
 1.1136892e-001
 1.3652501e-001
 1.5116331e-001
 1.6157238e-001
 1.7460480e-001
 1.8953983e-001
 2.0415533e-001
 2.1935254e-001
 2.3513629e-001
 2.4942327e-001
 2.6299426e-001
 2.7360326e-001
 2.8407142e-001
 2.9257670e-001
 2.9903409e-001
 3.0629906e-001
 3.1217256e-001
 3.1769371e-001
 3.2414562e-001
 3.2964709e-001
 3.3678433e-001
 3.4465027e-001
 3.5381547e-001
 3.6235404e-001
 3.7205940e-001
 3.6104909e-001
 3.7036303e-001
 3.7747747e-001
 3.8574645e-001
 3.9204282e-001
 3.9767390e-001
 4.0313345e-001
 4.0768555e-001
 4.1372085e-001
 4.1553399e-001
 4.1817310e-001
 4.1645163e-001
 4.1479987e-001
 4.1235131e-001
 4.0723449e-001
 4.0112221e-001
 3.9583030e-001
 3.9300320e-001
 3.8554835e-001
 3.8336012e-001
 3.8363153e-001
 3.8844335e-001
 3.8730338e-001
 3.8777310e-001
 3.9469761e-001
 3.9771020e-001
 4.0520462e-001
 4.1083241e-001
 4.1954947e-001
 4.2776278e-001
 4.2748368e-001
 4.3617368e-001
 4.4577900e-001
 4.5079866e-001
 4.5798704e-001
 4.6199632e-001
 4.6957919e-001
 4.7554600e-001
 4.8072752e-001
 4.8678917e-001
 4.9205774e-001
 4.9848977e-001
 5.0505728e-001
 5.1065862e-001
 5.1550090e-001
 5.1984930e-001
 5.2817804e-001
 5.3357482e-001
 5.3840357e-001
 5.4461843e-001
 5.5034131e-001
 5.5755895e-001
 5.6357980e-001
 5.6688952e-001
 5.7352936e-001
 5.7765198e-001
 5.8202511e-001
 5.8708161e-001
 5.9056604e-001
 5.9376156e-001
 5.9855109e-001
 6.0151303e-001
 6.0507965e-001
 6.0886121e-001
 6.0370445e-001
 6.0717714e-001
 6.1077315e-001
 6.1486924e-001
 6.1686069e-001
 6.2091106e-001
 6.2438476e-001
 6.2604123e-001
 6.3031274e-001
 6.3261473e-001
 6.3500363e-001
 6.3614368e-001
 6.3858110e-001
 6.3934088e-001
 6.3214260e-001
 6.1841035e-001
 6.1000389e-001
 6.2517542e-001
 6.3622260e-001
 6.4776516e-001
 6.5502858e-001
 6.6067195e-001
 6.6540521e-001
 6.6820657e-001
 6.7264801e-001
 6.7596132e-001
 6.7856807e-001
 6.8203223e-001
 6.8491805e-001
 6.8707669e-001
 6.9202721e-001
 6.9411683e-001
 6.9707930e-001
 6.9801104e-001
 7.0088947e-001
 7.0244336e-001
 7.0319545e-001
 7.0611662e-001
 7.0517242e-001
 7.0830381e-001
 7.0762169e-001
 7.1011424e-001
 7.1197313e-001
 7.1163267e-001
 7.1307838e-001
 7.1604460e-001
 7.1871698e-001
 7.1853399e-001
 7.2161245e-001
 7.2492939e-001
 7.2311002e-001
 7.2614866e-001
 7.2952145e-001
 7.2384071e-001
 7.2533906e-001
 7.2951698e-001
 7.2740823e-001
 7.2816581e-001
 7.3137671e-001
 7.3225468e-001
 7.3488569e-001
 7.3384404e-001
 7.3194128e-001
 7.2936201e-001
 7.3050469e-001
 7.2694856e-001
 7.2287279e-001
 7.1113908e-001
 7.0091403e-001
 7.0011586e-001
 6.9872069e-001
 6.9908667e-001
 6.9892997e-001
 7.0852363e-001
 7.1247077e-001
 7.1444887e-001
 7.1872836e-001
 7.2362387e-001
 7.2995281e-001
 7.3320836e-001
 7.3679918e-001
 7.4124914e-001
 7.4236184e-001
 7.4573582e-001
 7.4951577e-001
 7.4430537e-001
 7.4685282e-001
 7.4896276e-001
 7.5333816e-001
 7.5127894e-001
 7.4865264e-001
 7.4841136e-001
 7.3939353e-001
 7.3155332e-001
 7.1893775e-001
 7.0515203e-001
 6.9484800e-001
 6.7344695e-001
 6.5427774e-001
 6.4156324e-001
 6.3690889e-001
 6.3893723e-001
 6.4372456e-001
 6.4709860e-001
 6.5214717e-001
 6.5139967e-001
 6.5683979e-001
 6.5105367e-001
 6.4383179e-001
 6.4793319e-001
 6.4811969e-001
 6.4119607e-001
 6.2455869e-001
 5.9737158e-001
 5.6706107e-001
 5.3822780e-001
 5.3232884e-001
 5.3716177e-001
 5.4347110e-001
 5.4691672e-001
 5.4663724e-001
 5.4283494e-001
 5.3742659e-001
 5.3083128e-001
 5.2491987e-001
 5.1975191e-001
 5.1512814e-001
 5.1091993e-001
