s07_AV97 Record=1544: Hornblende HS177.3B           BECKc AREF
 5.0442379e-002
 5.0939713e-002
 5.1174734e-002
 5.1709831e-002
 5.2034691e-002
 5.2358307e-002
 5.3157590e-002
 5.3810533e-002
 5.3863171e-002
 5.4406099e-002
 5.5288263e-002
 5.5971030e-002
 5.6765925e-002
 5.7603203e-002
 5.8220793e-002
 5.9265893e-002
 5.9919067e-002
 6.0575556e-002
 6.1255433e-002
 6.1649326e-002
 6.2326755e-002
 6.2817410e-002
 6.3497759e-002
 6.3786954e-002
 6.4266317e-002
 6.4327799e-002
 6.4906426e-002
 6.5135293e-002
 6.5306999e-002
 6.5770835e-002
 6.6279151e-002
 6.6435821e-002
 6.6297136e-002
 6.6352092e-002
 6.6730037e-002
 6.7271978e-002
 6.7880318e-002
 6.7990363e-002
 6.8395503e-002
 6.8835482e-002
 6.9290079e-002
 7.0280112e-002
 7.0535839e-002
 7.1206845e-002
 7.1583152e-002
 7.2172962e-002
 7.2560757e-002
 7.2482467e-002
 7.2989374e-002
 7.2563693e-002
 7.2748095e-002
 7.4412920e-002
 7.4924737e-002
 7.3359601e-002
 7.0986517e-002
 6.9009550e-002
 7.4130453e-002
 7.4600913e-002
 7.3350437e-002
 6.9574587e-002
 7.0097968e-002
 7.1719997e-002
 6.9749407e-002
 7.0909418e-002
 7.1837008e-002
 7.2285004e-002
 7.2868183e-002
 7.1963549e-002
 7.1554318e-002
 7.0531867e-002
 7.2645500e-002
 7.4262984e-002
 7.4763380e-002
 7.5357258e-002
 7.6488368e-002
 7.7528581e-002
 7.8739144e-002
 8.0930635e-002
 8.2403816e-002
 8.2352377e-002
 8.4533364e-002
 8.6629108e-002
 8.6978920e-002
 8.8065915e-002
 9.0007029e-002
 9.0113156e-002
 9.2862666e-002
 9.3573622e-002
 9.4193131e-002
 9.6173979e-002
 9.9078879e-002
 1.0058898e-001
 1.0136441e-001
 1.0364830e-001
 1.0714704e-001
 1.0865033e-001
 1.0536145e-001
 1.0803708e-001
 1.0936514e-001
 1.1225547e-001
 1.1470456e-001
 1.1775097e-001
 1.2059409e-001
 1.2384876e-001
 1.2664451e-001
 1.2973705e-001
 1.3261962e-001
 1.3669761e-001
 1.3904876e-001
 1.3962932e-001
 1.4010945e-001
 1.4422369e-001
 1.5015516e-001
 1.5746017e-001
 1.6235435e-001
 1.6594701e-001
 1.7045948e-001
 1.7351288e-001
 1.7790098e-001
 1.8253736e-001
 1.8643470e-001
 1.8907009e-001
 1.9172187e-001
 1.9678086e-001
 2.0214938e-001
 2.0494397e-001
 2.0880549e-001
 2.1304043e-001
 2.1598573e-001
 2.2028628e-001
 2.2362565e-001
 2.2781010e-001
 2.3120506e-001
 2.3411016e-001
 2.3813100e-001
 2.4119990e-001
 2.4459977e-001
 2.4900365e-001
 2.5024182e-001
 2.5330335e-001
 2.5811318e-001
 2.6210997e-001
 2.6506382e-001
 2.6666653e-001
 2.6918119e-001
 2.7297503e-001
 2.7418041e-001
 2.7758008e-001
 2.7942356e-001
 2.8088826e-001
 2.8422606e-001
 2.8615293e-001
 2.8718358e-001
 2.8891033e-001
 2.9222444e-001
 2.9332161e-001
 2.9474944e-001
 2.9567295e-001
 2.9587540e-001
 2.9743701e-001
 2.9677954e-001
 2.9940224e-001
 3.0029425e-001
 3.0015656e-001
 3.0066431e-001
 2.9961637e-001
 3.0252326e-001
 3.0209696e-001
 3.0098140e-001
 3.0288607e-001
 3.0307621e-001
 3.0168065e-001
 3.0032194e-001
 3.0164513e-001
 2.9967475e-001
 2.9878959e-001
 2.9959276e-001
 2.9569864e-001
 2.9760408e-001
 2.9634091e-001
 2.9410315e-001
 2.9226276e-001
 2.8753039e-001
 2.8707021e-001
 2.8577670e-001
 2.8601879e-001
 2.8405318e-001
 2.8575775e-001
 2.8058350e-001
 2.8016061e-001
 2.7899376e-001
 2.7583900e-001
 2.7661377e-001
 2.7504861e-001
 2.7305716e-001
 2.7335066e-001
 2.6810104e-001
 2.5818184e-001
 2.5652313e-001
 2.6125827e-001
 2.5808808e-001
 2.4147686e-001
 2.2256033e-001
 2.1654974e-001
 2.1175765e-001
 2.1238634e-001
 2.1792810e-001
 2.2501248e-001
 2.3447181e-001
 2.3490322e-001
 2.3120281e-001
 2.2396800e-001
 2.2822075e-001
 2.3521346e-001
 2.4168599e-001
 2.4857725e-001
 2.5494298e-001
 2.5951228e-001
 2.6227695e-001
 2.6475441e-001
 2.6732424e-001
 2.6998076e-001
 2.7256837e-001
 2.7494943e-001
