s07_AV97 Record=3238: Topaz Crystal_Park_#2        NIC4bb RREF
-1.2300000e+034
-1.2300000e+034
-1.2300000e+034
-1.2300000e+034
-1.2300000e+034
-1.2300000e+034
-1.2300000e+034
-1.2300000e+034
-1.2300000e+034
-1.2300000e+034
-1.2300000e+034
-1.2300000e+034
-1.2300000e+034
-1.2300000e+034
-1.2300000e+034
-1.2300000e+034
-1.2300000e+034
-1.2300000e+034
-1.2300000e+034
-1.2300000e+034
-1.2300000e+034
-1.2300000e+034
-1.2300000e+034
-1.2300000e+034
-1.2300000e+034
-1.2300000e+034
-1.2300000e+034
-1.2300000e+034
-1.2300000e+034
-1.2300000e+034
-1.2300000e+034
-1.2300000e+034
-1.2300000e+034
-1.2300000e+034
-1.2300000e+034
-1.2300000e+034
-1.2300000e+034
-1.2300000e+034
-1.2300000e+034
-1.2300000e+034
-1.2300000e+034
-1.2300000e+034
-1.2300000e+034
-1.2300000e+034
-1.2300000e+034
-1.2300000e+034
-1.2300000e+034
-1.2300000e+034
-1.2300000e+034
-1.2300000e+034
-1.2300000e+034
-1.2300000e+034
-1.2300000e+034
-1.2300000e+034
-1.2300000e+034
-1.2300000e+034
-1.2300000e+034
-1.2300000e+034
-1.2300000e+034
-1.2300000e+034
-1.2300000e+034
-1.2300000e+034
-1.2300000e+034
-1.2300000e+034
-1.2300000e+034
-1.2300000e+034
-1.2300000e+034
-1.2300000e+034
-1.2300000e+034
-1.2300000e+034
-1.2300000e+034
-1.2300000e+034
-1.2300000e+034
-1.2300000e+034
-1.2300000e+034
-1.2300000e+034
-1.2300000e+034
-1.2300000e+034
-1.2300000e+034
-1.2300000e+034
-1.2300000e+034
-1.2300000e+034
-1.2300000e+034
-1.2300000e+034
-1.2300000e+034
-1.2300000e+034
-1.2300000e+034
-1.2300000e+034
-1.2300000e+034
-1.2300000e+034
-1.2300000e+034
-1.2300000e+034
-1.2300000e+034
-1.2300000e+034
-1.2300000e+034
-1.2300000e+034
-1.2300000e+034
-1.2300000e+034
-1.2300000e+034
-1.2300000e+034
-1.2300000e+034
-1.2300000e+034
-1.2300000e+034
-1.2300000e+034
-1.2300000e+034
-1.2300000e+034
-1.2300000e+034
-1.2300000e+034
-1.2300000e+034
-1.2300000e+034
 7.5245750e-001
 7.0478827e-001
 7.1967500e-001
 7.1895599e-001
 7.1126974e-001
 7.0471919e-001
 6.9916368e-001
 6.9514203e-001
 6.9283408e-001
 6.9244260e-001
 6.9332922e-001
 6.9510716e-001
 6.9721633e-001
 6.9921488e-001
 7.0186663e-001
 7.0581341e-001
 7.1016824e-001
 7.1446174e-001
 7.1810412e-001
 7.2134656e-001
 7.2451848e-001
 7.2843522e-001
 7.3292953e-001
 7.3749912e-001
 7.4151027e-001
 7.4465328e-001
 7.4737763e-001
 7.5013798e-001
 7.5250506e-001
 7.5245601e-001
 7.5868869e-001
 7.6264942e-001
 7.6442713e-001
 7.6574689e-001
 7.6767623e-001
 7.6997656e-001
 7.7239436e-001
 7.7475744e-001
 7.7708286e-001
 7.7871031e-001
 7.7947825e-001
 7.8040040e-001
 7.8136986e-001
 7.8278905e-001
 7.8465438e-001
 7.8642184e-001
 7.8760946e-001
 7.8818697e-001
 7.8912574e-001
 7.8772306e-001
 7.8823078e-001
 7.8727210e-001
 7.8733265e-001
 7.8764433e-001
 7.8810304e-001
 7.8832805e-001
 7.8910667e-001
 7.8964114e-001
 7.8964996e-001
 7.8939962e-001
 7.8907681e-001
 7.8860950e-001
 7.8804511e-001
 7.8800577e-001
 7.8886527e-001
 7.8956366e-001
 7.8935206e-001
 7.8680682e-001
 7.7854282e-001
 7.4246979e-001
 6.2080896e-001
 6.5081412e-001
 7.4499756e-001
 7.6874882e-001
 7.7481735e-001
 7.7065545e-001
 7.5658137e-001
 7.4704552e-001
 7.5085932e-001
 7.5843537e-001
 7.6203901e-001
 7.6541805e-001
 7.6132232e-001
 7.5867039e-001
 7.6440507e-001
 7.7193028e-001
 7.7306694e-001
 7.7086234e-001
 7.5794709e-001
 7.6248258e-001
 7.6893944e-001
 7.6606083e-001
 7.5772405e-001
 7.5201166e-001
 7.4660188e-001
 7.4048996e-001
 7.3834091e-001
 7.3708946e-001
 7.3560244e-001
 7.3113924e-001
 7.2946757e-001
 7.2874945e-001
 7.2455049e-001
 7.1893799e-001
 7.1011114e-001
 7.0766479e-001
 7.0901871e-001
 7.0367956e-001
 6.8978995e-001
 6.7499429e-001
 6.6941577e-001
 6.5844887e-001
 6.3566041e-001
 6.2062597e-001
