s07_AV97 Record=1966: Magnetite HS195.3B          NIC4bbu RREF
-1.2300000e+034
-1.2300000e+034
-1.2300000e+034
-1.2300000e+034
-1.2300000e+034
-1.2300000e+034
-1.2300000e+034
-1.2300000e+034
-1.2300000e+034
-1.2300000e+034
-1.2300000e+034
-1.2300000e+034
-1.2300000e+034
-1.2300000e+034
-1.2300000e+034
-1.2300000e+034
-1.2300000e+034
-1.2300000e+034
-1.2300000e+034
-1.2300000e+034
-1.2300000e+034
-1.2300000e+034
-1.2300000e+034
-1.2300000e+034
-1.2300000e+034
-1.2300000e+034
-1.2300000e+034
-1.2300000e+034
-1.2300000e+034
-1.2300000e+034
-1.2300000e+034
-1.2300000e+034
-1.2300000e+034
-1.2300000e+034
-1.2300000e+034
-1.2300000e+034
-1.2300000e+034
-1.2300000e+034
-1.2300000e+034
-1.2300000e+034
-1.2300000e+034
-1.2300000e+034
-1.2300000e+034
-1.2300000e+034
-1.2300000e+034
-1.2300000e+034
-1.2300000e+034
-1.2300000e+034
-1.2300000e+034
-1.2300000e+034
-1.2300000e+034
-1.2300000e+034
-1.2300000e+034
-1.2300000e+034
-1.2300000e+034
-1.2300000e+034
-1.2300000e+034
-1.2300000e+034
-1.2300000e+034
-1.2300000e+034
-1.2300000e+034
-1.2300000e+034
-1.2300000e+034
-1.2300000e+034
-1.2300000e+034
-1.2300000e+034
-1.2300000e+034
-1.2300000e+034
-1.2300000e+034
-1.2300000e+034
-1.2300000e+034
-1.2300000e+034
-1.2300000e+034
-1.2300000e+034
-1.2300000e+034
-1.2300000e+034
-1.2300000e+034
-1.2300000e+034
-1.2300000e+034
-1.2300000e+034
-1.2300000e+034
-1.2300000e+034
-1.2300000e+034
-1.2300000e+034
-1.2300000e+034
-1.2300000e+034
-1.2300000e+034
-1.2300000e+034
-1.2300000e+034
-1.2300000e+034
-1.2300000e+034
-1.2300000e+034
-1.2300000e+034
-1.2300000e+034
-1.2300000e+034
-1.2300000e+034
-1.2300000e+034
-1.2300000e+034
-1.2300000e+034
-1.2300000e+034
-1.2300000e+034
-1.2300000e+034
-1.2300000e+034
-1.2300000e+034
-1.2300000e+034
-1.2300000e+034
-1.2300000e+034
-1.2300000e+034
-1.2300000e+034
-1.2300000e+034
-1.2300000e+034
-1.2300000e+034
-1.2300000e+034
-1.2300000e+034
-1.2300000e+034
-1.2300000e+034
-1.2300000e+034
-1.2300000e+034
-1.2300000e+034
-1.2300000e+034
-1.2300000e+034
 5.9184965e-002
 5.9066717e-002
 5.8805984e-002
 5.8912579e-002
 5.9025157e-002
 5.9295457e-002
 5.9635926e-002
 5.9964251e-002
 6.0219809e-002
 6.0647022e-002
 6.1001427e-002
 6.1427653e-002
 6.1950669e-002
 6.2468361e-002
 6.2860534e-002
 6.3321456e-002
 6.3620970e-002
 6.4132661e-002
 6.4646140e-002
 6.5089054e-002
 6.5549679e-002
 6.5938435e-002
 6.6269308e-002
 6.6693060e-002
 6.7067556e-002
 6.7514226e-002
 6.7978114e-002
 6.8379492e-002
 6.8767585e-002
 6.9122918e-002
 6.9479570e-002
 6.9773808e-002
 7.0133388e-002
 7.0503891e-002
 7.0927173e-002
 7.1306057e-002
 7.1665779e-002
 7.2069675e-002
 7.2310865e-002
 7.2237596e-002
 7.2486125e-002
 7.2815046e-002
 7.3057041e-002
 7.3349677e-002
 7.3729098e-002
 7.4071690e-002
 7.4425295e-002
 7.4761875e-002
 7.4997641e-002
 7.5317554e-002
 7.5563133e-002
 7.5750031e-002
 7.5936370e-002
 7.6188982e-002
 7.6549232e-002
 7.6851919e-002
 7.7233940e-002
 7.7521123e-002
 7.7734478e-002
 7.7991068e-002
 7.8229144e-002
 7.8464694e-002
 7.8613512e-002
 7.8807123e-002
 7.8987382e-002
 7.9195797e-002
 7.9443045e-002
 7.9751164e-002
 8.0027245e-002
 8.0341473e-002
 8.0537811e-002
 8.0734402e-002
 8.0947511e-002
 8.1138276e-002
 8.1239291e-002
 8.1385382e-002
 8.1480004e-002
 8.1693240e-002
 8.1852511e-002
 8.2133621e-002
 8.2550317e-002
 8.2998648e-002
 8.3245367e-002
 8.3588757e-002
 8.3756983e-002
 8.3836503e-002
 8.3866350e-002
 8.3907008e-002
 8.3966121e-002
 8.4021360e-002
 8.4142581e-002
 8.4336258e-002
 8.4633701e-002
 8.5086472e-002
 8.5339978e-002
 8.5707843e-002
 8.5971482e-002
 8.6219288e-002
 8.6473465e-002
 8.6635686e-002
 8.6701103e-002
 8.6758479e-002
 8.6649694e-002
