s07_AV97 Record=1271: Gibbsite HS423.6             ASDFRb AREF
 3.0268529e-001
 3.1894994e-001
 3.3308721e-001
 3.4594399e-001
 3.5725409e-001
 3.6799377e-001
 3.7923154e-001
 3.9124367e-001
 4.0294006e-001
 4.1253904e-001
 4.2039415e-001
 4.2802167e-001
 4.3540165e-001
 4.4193232e-001
 4.5002860e-001
 4.6253902e-001
 4.7646779e-001
 4.8883307e-001
 4.9953282e-001
 5.0928855e-001
 5.1790935e-001
 5.2508390e-001
 5.2957833e-001
 5.3286320e-001
 5.3597140e-001
 5.3621668e-001
 5.3920454e-001
 5.4072165e-001
 5.4174805e-001
 5.4312772e-001
 5.4478490e-001
 5.4696107e-001
 5.4445744e-001
 5.4654688e-001
 5.4857957e-001
 5.5046856e-001
 5.5207968e-001
 5.5400181e-001
 5.5607253e-001
 5.5796719e-001
 5.5917960e-001
 5.6064761e-001
 5.6188607e-001
 5.6291878e-001
 5.6617141e-001
 5.6825578e-001
 5.6923693e-001
 5.6976330e-001
 5.6992108e-001
 5.6958354e-001
 5.6866175e-001
 5.6748313e-001
 5.6646669e-001
 5.6537992e-001
 5.6433648e-001
 5.6290120e-001
 5.6016821e-001
 5.5699104e-001
 5.5423588e-001
 5.5071497e-001
 5.4844624e-001
 5.4368955e-001
 5.3216630e-001
 5.1407403e-001
 4.9936569e-001
 4.9801129e-001
 4.9730045e-001
 4.8148930e-001
 5.0701082e-001
 5.2921927e-001
 5.3822941e-001
 5.4264385e-001
 5.4484081e-001
 5.4576224e-001
 5.4572016e-001
 5.4514366e-001
 5.4391336e-001
 5.4247290e-001
 5.4027492e-001
 5.3730249e-001
 5.3401184e-001
 5.3046298e-001
 5.2512360e-001
 5.1916087e-001
 5.1452714e-001
 5.1051235e-001
 5.0728786e-001
 5.0311601e-001
 4.9941468e-001
 4.9453411e-001
 4.8486578e-001
 4.6938986e-001
 4.4910088e-001
 4.2011753e-001
 3.8840017e-001
 3.5293579e-001
 4.0659106e-001
 3.6948991e-001
 3.4363955e-001
 3.3956274e-001
 3.2965916e-001
 3.1295252e-001
 3.0531171e-001
 3.0576783e-001
 3.0848905e-001
 3.0765885e-001
 3.0408376e-001
 2.8674123e-001
 2.5176775e-001
 2.0616536e-001
 1.4975651e-001
 1.1975534e-001
 1.0197482e-001
 9.1964394e-002
 8.3545715e-002
 7.5994454e-002
 7.3484428e-002
 8.1865638e-002
 1.0273106e-001
 1.1911875e-001
 1.2493218e-001
 1.2094123e-001
 1.1224339e-001
 1.0774394e-001
 1.0718554e-001
 1.0483219e-001
 1.0479991e-001
 1.1161498e-001
 1.2088459e-001
 1.2909091e-001
 1.3705398e-001
 1.4524308e-001
 1.5296432e-001
 1.5945038e-001
 1.6468668e-001
 1.6849004e-001
 1.7138173e-001
 1.7364320e-001
 1.7503124e-001
 1.7580970e-001
 1.7631528e-001
 1.7631249e-001
 1.7565915e-001
 1.7436442e-001
 1.7215630e-001
 1.6906868e-001
 1.6548054e-001
 1.6006537e-001
 1.5286316e-001
 1.4373223e-001
 1.3634734e-001
 1.3135552e-001
 1.2574260e-001
 1.1959892e-001
 1.1650956e-001
 1.1456491e-001
 1.1179496e-001
 1.0967093e-001
 1.0644638e-001
 1.0035901e-001
 1.0307148e-001
 9.6160285e-002
 8.9330375e-002
 8.3776005e-002
 7.9618037e-002
 7.6875210e-002
 7.4950464e-002
 7.3526256e-002
 7.2400182e-002
 7.1551524e-002
 7.0894264e-002
 7.0278063e-002
 6.9529414e-002
 6.8809800e-002
 6.8039119e-002
 6.7400716e-002
 6.6752978e-002
 6.6043921e-002
 6.5264866e-002
 6.4469948e-002
 6.3904636e-002
 6.3191786e-002
 6.2516734e-002
 6.1728336e-002
 5.9448682e-002
 5.6899637e-002
 5.4627135e-002
 5.1973362e-002
 4.8392732e-002
 4.5113388e-002
 4.2546537e-002
 4.0726319e-002
 3.8442664e-002
 3.6592212e-002
 3.5641082e-002
 3.4255676e-002
 3.2623909e-002
 3.0985801e-002
 2.9807331e-002
 2.9306419e-002
 2.9607238e-002
 3.0102585e-002
 3.0251183e-002
 3.0318037e-002
 3.0246207e-002
 3.0782597e-002
 3.0362170e-002
 2.9821631e-002
 2.9470675e-002
 2.9145768e-002
 2.9458050e-002
 2.9218791e-002
 2.8640872e-002
 2.9121231e-002
 2.9032899e-002
 2.8755313e-002
 2.9033264e-002
 2.7829800e-002
 2.8623201e-002
 2.7851922e-002
 2.7883502e-002
 2.5569540e-002
 2.7736695e-002
-1.2300000e+034
