s07_AV97 Record=2957: Sepiolite SepSp-1.AcB        NIC4bc RREF
-1.2300000e+034
-1.2300000e+034
-1.2300000e+034
-1.2300000e+034
-1.2300000e+034
-1.2300000e+034
-1.2300000e+034
-1.2300000e+034
-1.2300000e+034
-1.2300000e+034
-1.2300000e+034
-1.2300000e+034
-1.2300000e+034
-1.2300000e+034
-1.2300000e+034
-1.2300000e+034
-1.2300000e+034
-1.2300000e+034
-1.2300000e+034
-1.2300000e+034
-1.2300000e+034
-1.2300000e+034
-1.2300000e+034
-1.2300000e+034
-1.2300000e+034
-1.2300000e+034
-1.2300000e+034
-1.2300000e+034
-1.2300000e+034
-1.2300000e+034
-1.2300000e+034
-1.2300000e+034
-1.2300000e+034
-1.2300000e+034
-1.2300000e+034
-1.2300000e+034
-1.2300000e+034
-1.2300000e+034
-1.2300000e+034
-1.2300000e+034
-1.2300000e+034
-1.2300000e+034
-1.2300000e+034
-1.2300000e+034
-1.2300000e+034
-1.2300000e+034
-1.2300000e+034
-1.2300000e+034
-1.2300000e+034
-1.2300000e+034
-1.2300000e+034
-1.2300000e+034
-1.2300000e+034
-1.2300000e+034
-1.2300000e+034
-1.2300000e+034
-1.2300000e+034
-1.2300000e+034
-1.2300000e+034
-1.2300000e+034
-1.2300000e+034
-1.2300000e+034
-1.2300000e+034
-1.2300000e+034
-1.2300000e+034
-1.2300000e+034
-1.2300000e+034
-1.2300000e+034
-1.2300000e+034
-1.2300000e+034
-1.2300000e+034
-1.2300000e+034
-1.2300000e+034
-1.2300000e+034
-1.2300000e+034
-1.2300000e+034
-1.2300000e+034
-1.2300000e+034
-1.2300000e+034
-1.2300000e+034
-1.2300000e+034
-1.2300000e+034
-1.2300000e+034
-1.2300000e+034
-1.2300000e+034
-1.2300000e+034
-1.2300000e+034
-1.2300000e+034
-1.2300000e+034
-1.2300000e+034
-1.2300000e+034
-1.2300000e+034
-1.2300000e+034
-1.2300000e+034
-1.2300000e+034
-1.2300000e+034
-1.2300000e+034
-1.2300000e+034
-1.2300000e+034
-1.2300000e+034
-1.2300000e+034
-1.2300000e+034
-1.2300000e+034
-1.2300000e+034
-1.2300000e+034
-1.2300000e+034
-1.2300000e+034
-1.2300000e+034
 4.1807055e-001
 3.9905152e-001
 3.8102776e-001
 3.7082955e-001
 3.5443276e-001
 3.4904429e-001
 3.5234451e-001
 3.5601777e-001
 3.5837135e-001
 3.5971406e-001
 3.6261410e-001
 3.6707363e-001
 3.7113643e-001
 3.7474379e-001
 3.7756571e-001
 3.7963173e-001
 3.8187581e-001
 3.8465711e-001
 3.8728818e-001
 3.8973510e-001
 3.9176565e-001
 3.9355898e-001
 3.9543164e-001
 3.9756954e-001
 3.9977589e-001
 4.0187275e-001
 4.0353957e-001
 4.0477073e-001
 4.0568221e-001
 4.0649116e-001
 4.0740794e-001
 4.0802667e-001
 4.0971282e-001
 4.1048279e-001
 4.0998966e-001
 4.0931064e-001
 4.0943629e-001
 4.0992332e-001
 4.1017073e-001
 4.1005063e-001
 4.0962616e-001
 4.0885377e-001
 4.0789580e-001
 4.0707040e-001
 4.0662754e-001
 4.0621543e-001
 4.0560457e-001
 4.0440392e-001
 4.0274918e-001
 3.9861351e-001
 3.8729876e-001
 3.6284766e-001
 3.7265491e-001
 3.3262357e-001
 2.9017401e-001
 2.6891375e-001
 2.6008812e-001
 2.7260837e-001
 2.9874498e-001
 3.2739505e-001
 3.4793311e-001
 3.5967046e-001
 3.6554039e-001
 3.6988699e-001
 3.7491608e-001
 3.8002715e-001
 3.8424668e-001
 3.8748598e-001
 3.8938794e-001
 3.9005107e-001
 3.8912776e-001
 3.8817644e-001
 3.8643941e-001
 3.8499537e-001
 3.8342637e-001
 3.8232169e-001
 3.8088429e-001
 3.7934980e-001
 3.7798864e-001
 3.7593958e-001
 3.7408957e-001
 3.7055516e-001
 3.6279643e-001
 3.5314977e-001
 3.6069253e-001
 3.6158699e-001
 3.5937226e-001
 3.5745817e-001
 3.5552010e-001
 3.5207748e-001
 3.4722543e-001
 3.4230956e-001
 3.3254039e-001
 3.1291723e-001
 3.0141640e-001
 2.8163061e-001
 2.9037839e-001
 3.1242517e-001
 3.1722873e-001
 3.1254965e-001
 3.0400980e-001
 2.9459170e-001
 2.8182018e-001
 2.6721403e-001
 2.6559252e-001
 2.6607716e-001
 2.5992557e-001
 2.5391477e-001
 2.4855661e-001
 2.4506161e-001
 2.4182236e-001
 2.3981692e-001
 2.3753983e-001
 2.3459782e-001
 2.3165649e-001
 2.2874266e-001
