s07_AV97 Record=3739: Chabazite+Thom+Wair HS193.3B  BECKb AREF
 4.8274162e-001
 4.8733491e-001
 4.9332213e-001
 5.0155467e-001
 5.0650811e-001
 5.1157218e-001
 5.1640451e-001
 5.2463144e-001
 5.3123873e-001
 5.4000944e-001
 5.4473418e-001
 5.4999167e-001
 5.5655044e-001
 5.6382054e-001
 5.7009113e-001
 5.7688135e-001
 5.8451068e-001
 5.9161824e-001
 5.9912616e-001
 6.0501289e-001
 6.1052841e-001
 6.1622041e-001
 6.2165195e-001
 6.2805659e-001
 6.3240218e-001
 6.3541967e-001
 6.3970160e-001
 6.4292556e-001
 6.4770281e-001
 6.5170074e-001
 6.5553826e-001
 6.5891606e-001
 6.5507501e-001
 6.5821195e-001
 6.6139710e-001
 6.6533607e-001
 6.6754794e-001
 6.7000002e-001
 6.7172182e-001
 6.7301756e-001
 6.7701292e-001
 6.7685932e-001
 6.8108267e-001
 6.8287271e-001
 6.8626845e-001
 6.8756527e-001
 6.8900549e-001
 6.8917018e-001
 6.9203699e-001
 6.9501340e-001
 6.9157690e-001
 6.9238180e-001
 6.9242150e-001
 6.9218922e-001
 6.9174802e-001
 6.9111902e-001
-1.2300000e+034
-1.2300000e+034
-1.2300000e+034
-1.2300000e+034
 6.8570042e-001
 6.8412161e-001
 6.8248123e-001
 6.8069315e-001
 6.7868727e-001
 6.7664802e-001
 6.7441964e-001
 6.7209673e-001
 6.6969061e-001
 6.6710460e-001
 6.6446841e-001
 6.6172206e-001
 6.5887547e-001
 6.5593708e-001
 6.5291119e-001
 6.4980227e-001
 6.4661521e-001
 6.4335477e-001
 6.4002597e-001
 6.3663357e-001
 6.3317895e-001
 6.2967372e-001
 6.2611526e-001
 6.2251502e-001
 6.1886978e-001
 6.1518753e-001
 6.1147624e-001
 6.0773259e-001
 6.0396510e-001
 6.0017860e-001
 5.9637809e-001
 5.9256840e-001
 5.8875471e-001
 5.8493763e-001
 5.8112997e-001
 5.7733202e-001
 5.8315963e-001
 5.7922071e-001
 5.7529378e-001
 5.7138413e-001
 5.6750053e-001
 5.6364042e-001
 5.5981261e-001
 5.5602217e-001
 5.5227429e-001
 5.4857403e-001
 5.4492635e-001
 5.4133648e-001
 5.3781283e-001
 5.3435349e-001
 5.3096712e-001
 5.2765876e-001
 5.2443343e-001
 5.2129942e-001
 5.1825541e-001
 5.1530957e-001
 5.1246727e-001
 5.0973594e-001
 5.0711536e-001
 5.0461334e-001
 5.0223726e-001
 4.9998748e-001
 4.9787146e-001
 4.9589637e-001
 4.9405932e-001
 4.9237716e-001
 4.9084759e-001
 4.8947516e-001
 4.8826364e-001
 4.8723295e-001
 4.8636466e-001
 4.8570439e-001
 4.8715752e-001
 4.9074972e-001
 4.9367142e-001
 4.9761969e-001
 4.9607268e-001
 4.9990785e-001
 5.0232071e-001
 5.0107008e-001
 5.0265330e-001
 5.0036806e-001
 4.9653214e-001
 4.8923317e-001
 4.8562676e-001
 4.7817665e-001
 4.6898183e-001
 4.6184397e-001
 4.6344885e-001
 4.5931083e-001
 4.5775178e-001
 4.5824730e-001
 4.5975679e-001
 4.6154094e-001
 4.5932192e-001
 4.5133907e-001
 4.3309000e-001
 4.0368095e-001
 3.5790488e-001
 2.9368022e-001
 3.1604132e-001
 2.4253285e-001
 1.6881233e-001
 1.2633310e-001
 1.2107848e-001
 1.2339456e-001
 1.2958136e-001
 1.3515830e-001
 1.4273839e-001
 1.5536088e-001
 1.6665158e-001
 1.7726645e-001
 1.9307448e-001
 2.1000250e-001
 2.2202404e-001
 2.3434894e-001
 2.4590391e-001
 2.5608027e-001
 2.6728883e-001
 2.7339104e-001
 2.8202674e-001
 2.8935188e-001
 2.9553068e-001
 3.0231699e-001
 3.1036228e-001
 3.1605756e-001
 3.1994337e-001
 3.2362810e-001
 3.2613933e-001
 3.3219019e-001
 3.3797765e-001
 3.4050328e-001
 3.4459013e-001
 3.4832630e-001
 3.4948465e-001
 3.5456458e-001
 3.5521340e-001
 3.5286844e-001
 3.5150158e-001
 3.5020477e-001
 3.4599167e-001
 3.3667430e-001
 3.2330391e-001
 3.1460533e-001
 3.0938953e-001
 2.9327673e-001
 2.7478719e-001
 2.5728014e-001
 2.4315353e-001
 2.2697492e-001
 2.0798264e-001
 1.9196990e-001
 1.7694223e-001
 1.6128384e-001
 1.4651322e-001
 1.3487610e-001
 1.2571219e-001
 1.1770883e-001
 1.1128488e-001
 1.0526527e-001
 1.0056304e-001
 9.6919067e-002
 9.3992658e-002
 9.1486864e-002
