s07_AV97 Record=950: Copiapite GDS21              NIC4bc RREF
-1.2300000e+034
-1.2300000e+034
-1.2300000e+034
-1.2300000e+034
-1.2300000e+034
-1.2300000e+034
-1.2300000e+034
-1.2300000e+034
-1.2300000e+034
-1.2300000e+034
-1.2300000e+034
-1.2300000e+034
-1.2300000e+034
-1.2300000e+034
-1.2300000e+034
-1.2300000e+034
-1.2300000e+034
-1.2300000e+034
-1.2300000e+034
-1.2300000e+034
-1.2300000e+034
-1.2300000e+034
-1.2300000e+034
-1.2300000e+034
-1.2300000e+034
-1.2300000e+034
-1.2300000e+034
-1.2300000e+034
-1.2300000e+034
-1.2300000e+034
-1.2300000e+034
-1.2300000e+034
-1.2300000e+034
-1.2300000e+034
-1.2300000e+034
-1.2300000e+034
-1.2300000e+034
-1.2300000e+034
-1.2300000e+034
-1.2300000e+034
-1.2300000e+034
-1.2300000e+034
-1.2300000e+034
-1.2300000e+034
-1.2300000e+034
-1.2300000e+034
-1.2300000e+034
-1.2300000e+034
-1.2300000e+034
-1.2300000e+034
-1.2300000e+034
-1.2300000e+034
-1.2300000e+034
-1.2300000e+034
-1.2300000e+034
-1.2300000e+034
-1.2300000e+034
-1.2300000e+034
-1.2300000e+034
-1.2300000e+034
-1.2300000e+034
-1.2300000e+034
-1.2300000e+034
-1.2300000e+034
-1.2300000e+034
-1.2300000e+034
-1.2300000e+034
-1.2300000e+034
-1.2300000e+034
-1.2300000e+034
-1.2300000e+034
-1.2300000e+034
-1.2300000e+034
-1.2300000e+034
-1.2300000e+034
-1.2300000e+034
-1.2300000e+034
-1.2300000e+034
-1.2300000e+034
-1.2300000e+034
-1.2300000e+034
-1.2300000e+034
-1.2300000e+034
-1.2300000e+034
-1.2300000e+034
-1.2300000e+034
-1.2300000e+034
-1.2300000e+034
-1.2300000e+034
-1.2300000e+034
-1.2300000e+034
-1.2300000e+034
-1.2300000e+034
-1.2300000e+034
-1.2300000e+034
-1.2300000e+034
-1.2300000e+034
-1.2300000e+034
-1.2300000e+034
-1.2300000e+034
-1.2300000e+034
-1.2300000e+034
-1.2300000e+034
-1.2300000e+034
-1.2300000e+034
-1.2300000e+034
-1.2300000e+034
-1.2300000e+034
-1.2300000e+034
-1.2300000e+034
-1.2300000e+034
-1.2300000e+034
-1.2300000e+034
 1.5642829e-001
 1.4907457e-001
 1.4093928e-001
 1.3678309e-001
 1.3967964e-001
 1.4197303e-001
 1.4244808e-001
 1.4168933e-001
 1.4125827e-001
 1.4145464e-001
 1.4169349e-001
 1.4184234e-001
 1.4198878e-001
 1.4196129e-001
 1.4201467e-001
 1.4213224e-001
 1.4241055e-001
 1.4208031e-001
 1.4148732e-001
 1.4031398e-001
 1.3939950e-001
 1.3784204e-001
 1.3661151e-001
 1.3580965e-001
 1.3459094e-001
 1.3292523e-001
 1.3156922e-001
 1.3003440e-001
 1.2879926e-001
 1.2826964e-001
 1.2753691e-001
 1.2710604e-001
 1.2680337e-001
 1.2610550e-001
 1.2567964e-001
 1.2522210e-001
 1.2536111e-001
 1.2559547e-001
 1.2588434e-001
 1.2610734e-001
 1.2622505e-001
 1.2614109e-001
 1.2622558e-001
 1.2601392e-001
 1.2537195e-001
 1.2354416e-001
 1.2064561e-001
 1.2167360e-001
 1.1725139e-001
 1.0936051e-001
 1.0088908e-001
 9.2722096e-002
 8.5187756e-002
 7.9991326e-002
 7.8934833e-002
 7.9567812e-002
 7.9636693e-002
 7.9794258e-002
 8.0665782e-002
 8.1641994e-002
 8.2768194e-002
 8.3862893e-002
 8.4887780e-002
 8.6121142e-002
 8.7664917e-002
 8.9181647e-002
 9.0527736e-002
 9.2227973e-002
 9.3654938e-002
 9.4831988e-002
 9.5688120e-002
 9.6659884e-002
 9.7558342e-002
 9.8239481e-002
 9.8897435e-002
 9.9465691e-002
 1.0035539e-001
 1.0119611e-001
 1.0179698e-001
 1.0217239e-001
 1.0214962e-001
 1.0217693e-001
 1.0258936e-001
 1.0280702e-001
 1.0250600e-001
 1.0175355e-001
 1.0046364e-001
 9.8976232e-002
 9.7156473e-002
 9.5262267e-002
 9.3238764e-002
 9.0981595e-002
 8.8220596e-002
 8.5197732e-002
 8.1913672e-002
 7.8574263e-002
 7.4985698e-002
 7.1703359e-002
 6.8731308e-002
 6.6100843e-002
 6.4001434e-002
 6.2362343e-002
 6.0865566e-002
 5.9484866e-002
 5.8154736e-002
 5.6804553e-002
 5.5957794e-002
 5.5717066e-002
 5.5261388e-002
 5.4315086e-002
 5.2889626e-002
