s07_AV97 Record=3572: Alunite-K CU91-217G1 HiTemp  ASDFRb AREF
 2.2219975e-001
 2.5062731e-001
 2.7435282e-001
 2.9244155e-001
 3.0553105e-001
 3.1675905e-001
 3.2811975e-001
 3.4147346e-001
 3.5241109e-001
 3.6069292e-001
 3.6745867e-001
 3.7429297e-001
 3.8247970e-001
 3.9155748e-001
 4.0070412e-001
 4.0981939e-001
 4.1880175e-001
 4.2775026e-001
 4.3714684e-001
 4.4613868e-001
 4.5466241e-001
 4.6179509e-001
 4.6711838e-001
 4.7096327e-001
 4.7391707e-001
 4.7660270e-001
 4.7887066e-001
 4.8107034e-001
 4.8343432e-001
 4.8564059e-001
 4.8799595e-001
 4.9037912e-001
 4.8760593e-001
 4.8993772e-001
 4.9211240e-001
 4.9415386e-001
 4.9601290e-001
 4.9784642e-001
 4.9963909e-001
 5.0138438e-001
 5.0289643e-001
 5.0429571e-001
 5.0563753e-001
 5.0682366e-001
 5.0804549e-001
 5.0931680e-001
 5.1055729e-001
 5.1164156e-001
 5.1252127e-001
 5.1327974e-001
 5.1403642e-001
 5.1469934e-001
 5.1518983e-001
 5.1561028e-001
 5.1588219e-001
 5.1602626e-001
 5.1622659e-001
 5.1644856e-001
 5.1670069e-001
 5.1717472e-001
 5.1749521e-001
 5.1765984e-001
 5.1786208e-001
 5.1798165e-001
 5.1777548e-001
 5.1713932e-001
 5.1614654e-001
 5.1555264e-001
 5.1635158e-001
 5.1831478e-001
 5.2016687e-001
 5.2082241e-001
 5.2113974e-001
 5.2133781e-001
 5.2153993e-001
 5.2169079e-001
 5.2179539e-001
 5.2197814e-001
 5.2208531e-001
 5.2231050e-001
 5.2286738e-001
 5.2334112e-001
 5.2351934e-001
 5.2357894e-001
 5.2361506e-001
 5.2365553e-001
 5.2361113e-001
 5.2327430e-001
 5.2280843e-001
 5.2202612e-001
 5.2053040e-001
 5.1855743e-001
 5.1696205e-001
 5.1487619e-001
 5.0956839e-001
 5.0572026e-001
 5.1297122e-001
 5.0637251e-001
 5.0800723e-001
 5.1539546e-001
 5.1921433e-001
 5.1948220e-001
 5.1766306e-001
 5.1476568e-001
 5.1038820e-001
 5.0859702e-001
 5.0891358e-001
 5.1064670e-001
 5.1054353e-001
 5.0707573e-001
 5.0064200e-001
 4.8846933e-001
 4.6376562e-001
 3.9468235e-001
 4.0592465e-001
 4.3634966e-001
 4.2048329e-001
 4.0399703e-001
 3.5144979e-001
 3.7028378e-001
 4.3838629e-001
 4.6004307e-001
 4.8049614e-001
 4.9009767e-001
 4.9369362e-001
 4.9707112e-001
 4.9897784e-001
 4.9966466e-001
 4.9941105e-001
 4.9890926e-001
 4.9870995e-001
 4.9901327e-001
 4.9938115e-001
 4.9989313e-001
 4.9978727e-001
 4.9925783e-001
 4.9819538e-001
 4.9613059e-001
 4.9312446e-001
 4.8996219e-001
 4.8644808e-001
 4.8274976e-001
 4.7655213e-001
 4.6287328e-001
 4.4110775e-001
 4.1595426e-001
 3.9415759e-001
 3.7988192e-001
 3.8354939e-001
 4.0902314e-001
 4.4465327e-001
 4.6691632e-001
 4.7228149e-001
 4.7295398e-001
 4.7086784e-001
 4.6769056e-001
 4.6408468e-001
 4.5848864e-001
 4.4972724e-001
 4.3665227e-001
 4.4228366e-001
 4.2745447e-001
 4.1021341e-001
 3.9598531e-001
 3.9008346e-001
 3.8974059e-001
 3.9084291e-001
 3.8739938e-001
 3.8163394e-001
 3.8146833e-001
 3.8111311e-001
 3.7029392e-001
 3.5305765e-001
 3.4157488e-001
 3.4088540e-001
 3.3813801e-001
 3.3105436e-001
 3.2276705e-001
 3.1535867e-001
 3.1291106e-001
 3.1149143e-001
 3.0425856e-001
 2.9002574e-001
 2.6806071e-001
 2.3768349e-001
 2.1007763e-001
 1.9391195e-001
 1.7920329e-001
 1.6741383e-001
 1.6766973e-001
 1.6942687e-001
 1.8709442e-001
 2.1439222e-001
 1.9921578e-001
 2.5051960e-001
 3.1055337e-001
 3.3186227e-001
 3.3876637e-001
 3.3967957e-001
 3.3900335e-001
 3.3610556e-001
 3.2960314e-001
 3.1297874e-001
 2.6969334e-001
 2.2702341e-001
 2.3952401e-001
 2.7454248e-001
 2.9744264e-001
 3.0119210e-001
 2.8672227e-001
 2.4875802e-001
 2.0418911e-001
 1.8493222e-001
 1.8082544e-001
 1.6626959e-001
 1.4996354e-001
 1.4863098e-001
 1.5943150e-001
 1.5541852e-001
 1.4272833e-001
 1.5315597e-001
 1.5496701e-001
 1.3380426e-001
-1.2300000e+034
