s07_AV97 Record=3010: Smaragdite HS290.3B Amphibol ASDFRb AREF
 1.3904737e-001
 1.4152396e-001
 1.4418001e-001
 1.4571975e-001
 1.4806141e-001
 1.5324000e-001
 1.6028699e-001
 1.6554786e-001
 1.6690205e-001
 1.7349049e-001
 1.8113579e-001
 1.8930094e-001
 1.9519612e-001
 1.9760893e-001
 2.0274895e-001
 2.0608345e-001
 2.0647401e-001
 2.0655912e-001
 2.0627922e-001
 2.0476772e-001
 2.0227242e-001
 1.9911197e-001
 1.9584881e-001
 1.9260736e-001
 1.8953511e-001
 1.8682829e-001
 1.8446998e-001
 1.8253069e-001
 1.8126528e-001
 1.8046431e-001
 1.8036309e-001
 1.8101621e-001
 1.8031034e-001
 1.8084200e-001
 1.8161921e-001
 1.8224052e-001
 1.8409869e-001
 1.8632971e-001
 1.8895268e-001
 1.9185922e-001
 1.9515181e-001
 1.9869514e-001
 2.0237555e-001
 2.0597471e-001
 2.0894167e-001
 2.1104777e-001
 2.1232517e-001
 2.1252631e-001
 2.1189669e-001
 2.1079974e-001
 2.0946698e-001
 2.0795411e-001
 2.0662257e-001
 2.0565951e-001
 2.0505860e-001
 2.0479059e-001
 2.0494661e-001
 2.0552589e-001
 2.0628239e-001
 2.0708603e-001
 2.0775408e-001
 2.0836449e-001
 2.0872214e-001
 2.0901752e-001
 2.0906307e-001
 2.0890425e-001
 2.0871992e-001
 2.0874207e-001
 2.0924880e-001
 2.1071456e-001
 2.1432574e-001
 2.1791087e-001
 2.2400969e-001
 2.3005870e-001
 2.3737556e-001
 2.4498074e-001
 2.5137052e-001
 2.5858611e-001
 2.6539671e-001
 2.7135926e-001
 2.7800459e-001
 2.8379574e-001
 2.9002219e-001
 2.9665366e-001
 3.0281404e-001
 3.0990309e-001
 3.1669256e-001
 3.2464367e-001
 3.3280244e-001
 3.4041384e-001
 3.4935635e-001
 3.5895088e-001
 3.6772627e-001
 3.7763005e-001
 3.8671038e-001
 3.9705026e-001
 3.8163415e-001
 3.9200303e-001
 4.0224931e-001
 4.1294247e-001
 4.2428145e-001
 4.3519756e-001
 4.4670120e-001
 4.5787808e-001
 4.6911737e-001
 4.8000535e-001
 4.9037254e-001
 4.9811724e-001
 4.8818573e-001
 4.6838066e-001
 4.2346764e-001
 4.3265790e-001
 4.8034605e-001
 5.3547800e-001
 5.6190938e-001
 5.7312030e-001
 5.8175927e-001
 5.9082860e-001
 5.9936124e-001
 6.0779834e-001
 6.1578083e-001
 6.2343764e-001
 6.3092172e-001
 6.3766527e-001
 6.4408070e-001
 6.5003526e-001
 6.5623200e-001
 6.6236001e-001
 6.6841865e-001
 6.7388755e-001
 6.7900646e-001
 6.8393594e-001
 6.8840367e-001
 6.9231713e-001
 6.9620448e-001
 7.0002997e-001
 7.0318556e-001
 7.0647728e-001
 7.1005708e-001
 7.1241748e-001
 7.1509814e-001
 7.1792328e-001
 7.2023970e-001
 7.2195125e-001
 7.2287410e-001
 7.2322679e-001
 7.2331172e-001
 7.2372574e-001
 7.2443801e-001
 7.2512281e-001
 7.2511798e-001
 7.2485894e-001
 7.2391075e-001
 7.2276741e-001
 7.2137696e-001
 7.1818185e-001
 7.1424812e-001
 7.1048498e-001
 7.0622772e-001
 6.9767123e-001
 7.0178145e-001
 6.9020361e-001
 6.7205089e-001
 6.5126067e-001
 6.3983351e-001
 6.3783109e-001
 6.4001524e-001
 6.4122719e-001
 6.4109683e-001
 6.3916081e-001
 6.3663036e-001
 6.3379294e-001
 6.3140523e-001
 6.3111567e-001
 6.3113230e-001
 6.3143444e-001
 6.2922865e-001
 6.2459153e-001
 6.2061298e-001
 6.1732221e-001
 6.1254209e-001
 6.0527796e-001
 5.9713179e-001
 5.8637255e-001
 5.7772112e-001
 5.7376409e-001
 5.7422960e-001
 5.7316190e-001
 5.7145804e-001
 5.6963348e-001
 5.6567901e-001
 5.6205010e-001
 5.5801207e-001
 5.5568546e-001
 5.5319935e-001
 5.4128999e-001
 5.0060195e-001
 4.5323226e-001
 4.5993885e-001
 4.6768138e-001
 4.2985016e-001
 3.7187096e-001
 3.2928953e-001
 3.1642443e-001
 3.1204596e-001
 3.3223754e-001
 3.6536452e-001
 3.9623991e-001
 4.0856472e-001
 3.9466238e-001
 3.6405817e-001
 3.4641528e-001
 3.6262962e-001
 3.9028823e-001
 4.0959403e-001
 4.2026344e-001
 4.2524004e-001
 4.2230636e-001
 4.1860279e-001
 4.1501004e-001
 4.1492608e-001
 4.1534576e-001
 4.1952634e-001
-1.2300000e+034
