s07_AV97 Record=3459: Vesuvianite HS446.3B Idocras  BECKa AREF
 9.8585896e-002
 1.0725357e-001
 1.1657570e-001
 1.2977858e-001
 1.4440544e-001
 1.6511035e-001
 1.9091535e-001
 2.2378011e-001
 2.6422024e-001
 3.0473414e-001
 3.4593889e-001
 3.8281715e-001
 4.1402543e-001
 4.4173571e-001
 4.6607113e-001
 4.8386887e-001
 5.0012457e-001
 5.1728362e-001
 5.3237021e-001
 5.4574651e-001
 5.5918556e-001
 5.6975871e-001
 5.7964838e-001
 5.9012771e-001
 5.9986663e-001
 6.0606223e-001
 6.1044878e-001
 6.1553788e-001
 6.2175393e-001
 6.2606466e-001
 6.2765223e-001
 6.3020003e-001
 6.2750530e-001
 6.2986135e-001
 6.3166797e-001
 6.3283265e-001
 6.3216603e-001
 6.3378072e-001
 6.3313472e-001
 6.3285869e-001
 6.3324040e-001
 6.3427395e-001
 6.3688546e-001
 6.4216030e-001
 6.4451134e-001
 6.4896739e-001
 6.5050834e-001
 6.5342951e-001
 6.5899527e-001
 6.6320187e-001
 6.6401035e-001
 6.6233987e-001
 6.6176957e-001
 6.6035432e-001
 6.5337658e-001
 6.4623702e-001
 6.3909507e-001
 6.3026905e-001
 6.2476617e-001
 6.1348307e-001
 6.1008036e-001
 6.1916429e-001
 6.3348264e-001
 6.5500808e-001
 6.6018295e-001
 6.6432261e-001
 6.7067701e-001
 6.7196089e-001
 6.6962391e-001
 6.7233014e-001
 6.7302418e-001
 6.7226845e-001
 6.7604715e-001
 6.7448783e-001
 6.7632049e-001
 6.7798799e-001
 6.7713761e-001
 6.8148035e-001
 6.8170655e-001
 6.8533713e-001
 6.8708479e-001
 6.8876910e-001
 6.9036949e-001
 6.9615531e-001
 7.0001274e-001
 7.0264900e-001
 7.0749009e-001
 7.1134484e-001
 7.1382785e-001
 7.1895933e-001
 7.2085381e-001
 7.2584724e-001
 7.3100454e-001
 7.2971064e-001
 7.3431498e-001
 7.3771340e-001
 7.3127955e-001
 7.3651618e-001
 7.4107784e-001
 7.4447578e-001
 7.4572402e-001
 7.4679530e-001
 7.4867886e-001
 7.4821138e-001
 7.5217253e-001
 7.5190830e-001
 7.4994820e-001
 7.4427354e-001
 7.3465240e-001
 7.0550227e-001
 6.6803396e-001
 6.5553600e-001
 6.6028011e-001
 6.3103205e-001
 6.0875869e-001
 6.6776568e-001
 7.0667881e-001
 7.1398228e-001
 7.1578926e-001
 7.2338742e-001
 7.2985935e-001
 7.3470116e-001
 7.3946118e-001
 7.3605305e-001
 7.4126190e-001
 7.4563563e-001
 7.4464279e-001
 7.4413705e-001
 7.4258858e-001
 7.4428290e-001
 7.4255627e-001
 7.4016547e-001
 7.3604751e-001
 7.3489654e-001
 7.3161274e-001
 7.2962457e-001
 7.2487032e-001
 7.2384071e-001
 7.2105771e-001
 7.1695858e-001
 7.1175659e-001
 7.1441871e-001
 7.1419823e-001
 7.0779550e-001
 7.0867282e-001
 7.0673013e-001
 7.0055538e-001
 6.9935161e-001
 6.9981861e-001
 6.9879353e-001
 6.9288081e-001
 6.9283026e-001
 6.8624067e-001
 6.7919648e-001
 6.7589688e-001
 6.7052186e-001
 6.6928256e-001
 6.6245806e-001
 6.5834343e-001
 6.4982224e-001
 6.5392965e-001
 6.3944989e-001
 6.2191826e-001
 6.0653776e-001
 6.0091352e-001
 6.0045654e-001
 6.0262579e-001
 5.9803998e-001
 5.9406310e-001
 5.9495789e-001
 5.9079140e-001
 5.8461916e-001
 5.8912474e-001
 5.9573513e-001
 5.9191793e-001
 5.9061873e-001
 5.9254581e-001
 5.9353936e-001
 5.9469789e-001
 5.9538966e-001
 5.9413463e-001
 5.8978063e-001
 5.8396792e-001
 5.7761729e-001
 5.7014829e-001
 5.5708086e-001
 5.4705143e-001
 5.3997725e-001
 5.3231949e-001
 5.1813436e-001
 5.0729835e-001
 4.8820996e-001
 4.4205189e-001
 3.8709003e-001
 3.7875438e-001
 3.9458266e-001
 4.0330586e-001
 4.1256851e-001
 4.1429350e-001
 4.1468775e-001
 4.1408342e-001
 4.1140339e-001
 3.9567775e-001
 3.9279577e-001
 3.8846692e-001
 3.6448911e-001
 3.2835659e-001
 3.0440089e-001
 2.9409394e-001
 3.0667526e-001
 3.2051772e-001
 3.2302058e-001
 3.3166823e-001
 3.3541346e-001
 3.3342147e-001
 3.3137679e-001
 3.3085710e-001
 3.3216384e-001
 3.3414581e-001
 3.3584040e-001
 3.3605030e-001
 3.3546236e-001
 3.3509851e-001
 3.3549139e-001
