s07_AV97 Record=2103: Monazite HS255.4B            ASDFRb AREF
 4.7462855e-002
 5.1404972e-002
 5.6247458e-002
 6.0507596e-002
 6.4616784e-002
 6.8903990e-002
 7.3698126e-002
 7.8776188e-002
 8.2914785e-002
 8.6830139e-002
 8.9240767e-002
 9.2262030e-002
 9.7375967e-002
 1.0284790e-001
 1.0484014e-001
 1.0629325e-001
 1.0897867e-001
 1.2487601e-001
 1.3562119e-001
 1.4533570e-001
 1.4546382e-001
 1.1641857e-001
 1.2514150e-001
 1.6136436e-001
 1.9259314e-001
 2.0831522e-001
 2.1155670e-001
 2.1887326e-001
 2.2037767e-001
 2.2277647e-001
 2.2740401e-001
 2.2418390e-001
 2.2739108e-001
 2.2477034e-001
 2.3210195e-001
 2.5651622e-001
 2.7874267e-001
 2.8611705e-001
 2.7287987e-001
 1.8978126e-001
 1.2805413e-001
 1.3534158e-001
 1.9392282e-001
 2.5242418e-001
 2.4502212e-001
 1.6627811e-001
 1.1612201e-001
 1.2845832e-001
 1.7711306e-001
 2.3358223e-001
 2.6864606e-001
 2.7256688e-001
 2.3114146e-001
 1.7394947e-001
 1.7065404e-001
 2.0249833e-001
 2.1896949e-001
 2.3172380e-001
 2.4549016e-001
 2.6547796e-001
 2.7550089e-001
 2.7393302e-001
 2.8575206e-001
 2.9308340e-001
 2.9909611e-001
 2.9565474e-001
 2.9859143e-001
 2.9438925e-001
 2.8839800e-001
 2.8306013e-001
 2.8009668e-001
 2.7466062e-001
 2.6241902e-001
 2.4304302e-001
 2.0923825e-001
 1.8614641e-001
 1.9601937e-001
 2.0894523e-001
 2.1731828e-001
 2.3351735e-001
 2.5807101e-001
 2.7532002e-001
 2.9092732e-001
 3.0660361e-001
 3.2168600e-001
 3.3432344e-001
 3.3554441e-001
 3.2186276e-001
 2.9043621e-001
 2.4575271e-001
 1.9200493e-001
 1.6929518e-001
 1.9388898e-001
 2.1829513e-001
 2.1472485e-001
 2.2787213e-001
 2.1639104e-001
 2.1915282e-001
 2.3683701e-001
 2.5346273e-001
 2.7371144e-001
 2.8941959e-001
 2.9854783e-001
 3.0091661e-001
 2.9595691e-001
 2.7959946e-001
 2.4891061e-001
 2.0960054e-001
 1.8480989e-001
 2.0254382e-001
 2.2376154e-001
 2.0897587e-001
 1.9204430e-001
 1.9184212e-001
 1.8790531e-001
 1.7716515e-001
 1.6923088e-001
 1.6198696e-001
 1.5671442e-001
 1.5980761e-001
 1.7045380e-001
 1.7507410e-001
 1.7030129e-001
 1.6175655e-001
 1.5263310e-001
 1.4532131e-001
 1.4529370e-001
 1.5013134e-001
 1.5511377e-001
 1.6033450e-001
 1.7003454e-001
 1.8528108e-001
 2.0233825e-001
 2.1766511e-001
 2.3403062e-001
 2.5038761e-001
 2.6293522e-001
 2.6952997e-001
 2.7294883e-001
 2.7402967e-001
 2.7407667e-001
 2.8067100e-001
 2.8151476e-001
 2.9222369e-001
 3.0862772e-001
 3.2188314e-001
 3.3512881e-001
 3.4430742e-001
 3.5018548e-001
 3.5322562e-001
 3.5419983e-001
 3.5312939e-001
 3.5012916e-001
 3.4509447e-001
 3.3920628e-001
 3.3015734e-001
 3.1932673e-001
 3.0762428e-001
 2.9320356e-001
 2.7608627e-001
 2.8320652e-001
 2.6534021e-001
 2.4703227e-001
 2.2996797e-001
 2.1677108e-001
 2.0568714e-001
 1.9573152e-001
 1.9027393e-001
 1.8848568e-001
 1.9083570e-001
 1.9744797e-001
 2.0554629e-001
 2.1070994e-001
 2.1360819e-001
 2.1984819e-001
 2.3010746e-001
 2.4064937e-001
 2.4973781e-001
 2.5808105e-001
 2.6477209e-001
 2.6966906e-001
 2.7372178e-001
 2.7731004e-001
 2.8064933e-001
 2.8245592e-001
 2.8363064e-001
 2.8381151e-001
 2.8238425e-001
 2.8059560e-001
 2.7760038e-001
 2.7385551e-001
 2.6892748e-001
 2.6414570e-001
 2.5979194e-001
 2.5649881e-001
 2.5311258e-001
 2.5039893e-001
 2.4732564e-001
 2.4390344e-001
 2.3908597e-001
 2.3379788e-001
 2.2794239e-001
 2.2091460e-001
 2.1388815e-001
 2.0576729e-001
 1.9726789e-001
 1.8693377e-001
 1.7580426e-001
 1.6653405e-001
 1.6125198e-001
 1.5649483e-001
 1.5057084e-001
 1.4440472e-001
 1.3884825e-001
 1.3519734e-001
 1.3252924e-001
 1.3149312e-001
 1.2983406e-001
 1.2809514e-001
 1.2331731e-001
 1.1942862e-001
 1.1828922e-001
 1.1150540e-001
-1.2300000e+034
