s07_AV97 Record=3396: Ulexite GDS138              NIC4aau RREF
-1.2300000e+034
-1.2300000e+034
-1.2300000e+034
-1.2300000e+034
-1.2300000e+034
-1.2300000e+034
-1.2300000e+034
-1.2300000e+034
-1.2300000e+034
-1.2300000e+034
-1.2300000e+034
-1.2300000e+034
-1.2300000e+034
-1.2300000e+034
-1.2300000e+034
-1.2300000e+034
-1.2300000e+034
-1.2300000e+034
-1.2300000e+034
-1.2300000e+034
-1.2300000e+034
-1.2300000e+034
-1.2300000e+034
-1.2300000e+034
-1.2300000e+034
-1.2300000e+034
-1.2300000e+034
-1.2300000e+034
-1.2300000e+034
-1.2300000e+034
-1.2300000e+034
-1.2300000e+034
-1.2300000e+034
-1.2300000e+034
-1.2300000e+034
-1.2300000e+034
-1.2300000e+034
-1.2300000e+034
-1.2300000e+034
-1.2300000e+034
-1.2300000e+034
-1.2300000e+034
-1.2300000e+034
-1.2300000e+034
-1.2300000e+034
-1.2300000e+034
-1.2300000e+034
-1.2300000e+034
-1.2300000e+034
-1.2300000e+034
-1.2300000e+034
-1.2300000e+034
-1.2300000e+034
-1.2300000e+034
-1.2300000e+034
-1.2300000e+034
-1.2300000e+034
-1.2300000e+034
-1.2300000e+034
-1.2300000e+034
-1.2300000e+034
-1.2300000e+034
-1.2300000e+034
-1.2300000e+034
-1.2300000e+034
-1.2300000e+034
-1.2300000e+034
-1.2300000e+034
-1.2300000e+034
-1.2300000e+034
-1.2300000e+034
-1.2300000e+034
-1.2300000e+034
-1.2300000e+034
-1.2300000e+034
-1.2300000e+034
-1.2300000e+034
-1.2300000e+034
-1.2300000e+034
-1.2300000e+034
-1.2300000e+034
-1.2300000e+034
-1.2300000e+034
-1.2300000e+034
-1.2300000e+034
-1.2300000e+034
-1.2300000e+034
-1.2300000e+034
-1.2300000e+034
-1.2300000e+034
-1.2300000e+034
-1.2300000e+034
-1.2300000e+034
-1.2300000e+034
-1.2300000e+034
-1.2300000e+034
-1.2300000e+034
-1.2300000e+034
-1.2300000e+034
-1.2300000e+034
-1.2300000e+034
-1.2300000e+034
-1.2300000e+034
-1.2300000e+034
-1.2300000e+034
-1.2300000e+034
-1.2300000e+034
-1.2300000e+034
-1.2300000e+034
-1.2300000e+034
-1.2300000e+034
-1.2300000e+034
-1.2300000e+034
-1.2300000e+034
-1.2300000e+034
-1.2300000e+034
-1.2300000e+034
-1.2300000e+034
-1.2300000e+034
-1.2300000e+034
-1.2300000e+034
-1.2300000e+034
-1.2300000e+034
-1.2300000e+034
-1.2300000e+034
-1.2300000e+034
 1.5816821e-001
 1.5750606e-001
 1.5633316e-001
 1.5487233e-001
 1.5190648e-001
 1.4944455e-001
 1.4749481e-001
 1.4528884e-001
 1.4275227e-001
 1.4108886e-001
 1.3950880e-001
 1.3826972e-001
 1.3695134e-001
 1.3614967e-001
 1.3531913e-001
 1.3422187e-001
 1.3315979e-001
 1.3136521e-001
 1.2991832e-001
 1.2825665e-001
 1.2699345e-001
 1.2534741e-001
 1.2405496e-001
 1.2447375e-001
 1.2617944e-001
 1.2881674e-001
 1.3063806e-001
 1.3059390e-001
 1.2862445e-001
 1.2543330e-001
 1.1929085e-001
 1.1098243e-001
 9.8153234e-002
 8.3661787e-002
 8.8423744e-002
 7.3470600e-002
 5.8245290e-002
 4.5552440e-002
 3.6122654e-002
 2.9109156e-002
 2.3934750e-002
 2.0932313e-002
 2.0815656e-002
 2.2558227e-002
 2.3860484e-002
 2.5821952e-002
 2.8037054e-002
 3.0010017e-002
 3.1130707e-002
 3.1548824e-002
 3.1572763e-002
 3.1043543e-002
 3.0488048e-002
 2.9757868e-002
 2.8594572e-002
 2.7602172e-002
 2.6397675e-002
 2.4869010e-002
 2.3478312e-002
 2.3267059e-002
 2.3949625e-002
 2.3751967e-002
 2.2584897e-002
 2.1951407e-002
 2.2145532e-002
 2.3408642e-002
 2.5316438e-002
 2.6767017e-002
 2.7735721e-002
 2.7992800e-002
 2.8293261e-002
 2.9466974e-002
 3.2557890e-002
 3.5119262e-002
 3.6877576e-002
 3.7215173e-002
 3.6698353e-002
 3.5141796e-002
 3.3053361e-002
 3.1696010e-002
 3.0579230e-002
 2.8856605e-002
 2.6498992e-002
 2.4412049e-002
 2.2590166e-002
 2.0773344e-002
 1.9279847e-002
 1.8131347e-002
 1.7031288e-002
 1.6358092e-002
 1.5478092e-002
 1.4627215e-002
 1.3713036e-002
 1.3076813e-002
 1.2708545e-002
 1.2413998e-002
 1.2201792e-002
 1.1967902e-002
