s07_AV97 Record=3767: Chlorite+Muscovite CU93-65A   BECKa AREF
 6.4987585e-002
 6.7230850e-002
 7.0093185e-002
 7.3386326e-002
 7.5838044e-002
 7.8490503e-002
 8.2240850e-002
 8.6767718e-002
 9.0383306e-002
 9.2322990e-002
 9.3608111e-002
 9.5654823e-002
 9.8739788e-002
 1.0246604e-001
 1.0741901e-001
 1.1242080e-001
 1.1701132e-001
 1.2146661e-001
 1.2518969e-001
 1.2788890e-001
 1.2948087e-001
 1.2931353e-001
 1.2841493e-001
 1.2702696e-001
 1.2527804e-001
 1.2321072e-001
 1.2113811e-001
 1.1889002e-001
 1.1704623e-001
 1.1552591e-001
 1.1405842e-001
 1.1288149e-001
 1.1423703e-001
 1.1312976e-001
 1.1192261e-001
 1.1124958e-001
 1.1073902e-001
 1.1039831e-001
 1.1058284e-001
 1.1092211e-001
 1.1152248e-001
 1.1224036e-001
 1.1335608e-001
 1.1439013e-001
 1.1525210e-001
 1.1634852e-001
 1.1667251e-001
 1.1647116e-001
 1.1616194e-001
 1.1570755e-001
 1.1452400e-001
 1.1385109e-001
 1.1296031e-001
 1.1214277e-001
 1.1098146e-001
 1.0963848e-001
 1.0892484e-001
 1.0843965e-001
 1.0869222e-001
 1.0842863e-001
 1.1012051e-001
 1.0935622e-001
 1.1033357e-001
 1.1161589e-001
 1.1197039e-001
 1.1348063e-001
 1.1390745e-001
 1.1355957e-001
 1.1377000e-001
 1.1463026e-001
 1.1395582e-001
 1.1498076e-001
 1.1421182e-001
 1.1392281e-001
 1.1456364e-001
 1.1447661e-001
 1.1435233e-001
 1.1428658e-001
 1.1584340e-001
 1.1620495e-001
 1.1644807e-001
 1.1658138e-001
 1.1760337e-001
 1.1940474e-001
 1.2047184e-001
 1.2203995e-001
 1.2364112e-001
 1.2582098e-001
 1.2734778e-001
 1.2919419e-001
 1.3195123e-001
 1.3421078e-001
 1.3580982e-001
 1.3873935e-001
 1.4165337e-001
 1.4457494e-001
 1.4016205e-001
 1.4334226e-001
 1.4567302e-001
 1.4891607e-001
 1.5071785e-001
 1.5324189e-001
 1.5683416e-001
 1.5997745e-001
 1.6272132e-001
 1.6616963e-001
 1.6929036e-001
 1.7174338e-001
 1.7479214e-001
 1.7554832e-001
 1.6719218e-001
 1.5040816e-001
 1.4641924e-001
 1.6809784e-001
 1.8397437e-001
 1.8935269e-001
 1.9300838e-001
 1.9708967e-001
 2.0048757e-001
 2.0267695e-001
 2.0589662e-001
 2.0817065e-001
 2.1065123e-001
 2.1338841e-001
 2.1499813e-001
 2.1755037e-001
 2.2104436e-001
 2.2401080e-001
 2.2721654e-001
 2.3110566e-001
 2.3491730e-001
 2.3785214e-001
 2.4191989e-001
 2.4613044e-001
 2.4850264e-001
 2.5243881e-001
 2.5568247e-001
 2.6009920e-001
 2.6307926e-001
 2.6604673e-001
 2.6983085e-001
 2.7361700e-001
 2.7740756e-001
 2.7882561e-001
 2.8168595e-001
 2.8433549e-001
 2.8695509e-001
 2.8930593e-001
 2.9125333e-001
 2.9433572e-001
 2.9565397e-001
 2.9745507e-001
 2.9697567e-001
 2.9797548e-001
 2.9854915e-001
 2.9976231e-001
 3.0144528e-001
 2.9997388e-001
 2.9685664e-001
 2.9059145e-001
 2.9308534e-001
 2.8376442e-001
 2.6755115e-001
 2.5358206e-001
 2.5482851e-001
 2.5981873e-001
 2.6387060e-001
 2.6386601e-001
 2.6407638e-001
 2.6591763e-001
 2.6557642e-001
 2.6296112e-001
 2.6090303e-001
 2.6250228e-001
 2.6609984e-001
 2.7194449e-001
 2.7800372e-001
 2.8127411e-001
 2.8220281e-001
 2.8208569e-001
 2.8025714e-001
 2.7603588e-001
 2.6920438e-001
 2.6367655e-001
 2.5895938e-001
 2.5748408e-001
 2.5777093e-001
 2.5111374e-001
 2.3570307e-001
 2.0759062e-001
 1.7233601e-001
 1.4123479e-001
 1.2984093e-001
 1.4939603e-001
 1.8081993e-001
 1.9593997e-001
 1.9378102e-001
 1.8202375e-001
 1.7068060e-001
 1.7364058e-001
 1.8542077e-001
 1.9165103e-001
 1.8369910e-001
 1.7188287e-001
 1.5804271e-001
 1.4333527e-001
 1.3120440e-001
 1.2615968e-001
 1.2856257e-001
 1.3339718e-001
 1.3560830e-001
 1.3792196e-001
 1.3786745e-001
 1.3395737e-001
 1.2781252e-001
 1.2219381e-001
 1.1873282e-001
 1.1848478e-001
 1.2012896e-001
 1.2207151e-001
 1.2272216e-001
 1.2268264e-001
 1.2296895e-001
 1.2423206e-001
