s07_AV97 Record=4232: Zincite+Franklin HS147.3B    NIC4bb RREF
-1.2300000e+034
-1.2300000e+034
-1.2300000e+034
-1.2300000e+034
-1.2300000e+034
-1.2300000e+034
-1.2300000e+034
-1.2300000e+034
-1.2300000e+034
-1.2300000e+034
-1.2300000e+034
-1.2300000e+034
-1.2300000e+034
-1.2300000e+034
-1.2300000e+034
-1.2300000e+034
-1.2300000e+034
-1.2300000e+034
-1.2300000e+034
-1.2300000e+034
-1.2300000e+034
-1.2300000e+034
-1.2300000e+034
-1.2300000e+034
-1.2300000e+034
-1.2300000e+034
-1.2300000e+034
-1.2300000e+034
-1.2300000e+034
-1.2300000e+034
-1.2300000e+034
-1.2300000e+034
-1.2300000e+034
-1.2300000e+034
-1.2300000e+034
-1.2300000e+034
-1.2300000e+034
-1.2300000e+034
-1.2300000e+034
-1.2300000e+034
-1.2300000e+034
-1.2300000e+034
-1.2300000e+034
-1.2300000e+034
-1.2300000e+034
-1.2300000e+034
-1.2300000e+034
-1.2300000e+034
-1.2300000e+034
-1.2300000e+034
-1.2300000e+034
-1.2300000e+034
-1.2300000e+034
-1.2300000e+034
-1.2300000e+034
-1.2300000e+034
-1.2300000e+034
-1.2300000e+034
-1.2300000e+034
-1.2300000e+034
-1.2300000e+034
-1.2300000e+034
-1.2300000e+034
-1.2300000e+034
-1.2300000e+034
-1.2300000e+034
-1.2300000e+034
-1.2300000e+034
-1.2300000e+034
-1.2300000e+034
-1.2300000e+034
-1.2300000e+034
-1.2300000e+034
-1.2300000e+034
-1.2300000e+034
-1.2300000e+034
-1.2300000e+034
-1.2300000e+034
-1.2300000e+034
-1.2300000e+034
-1.2300000e+034
-1.2300000e+034
-1.2300000e+034
-1.2300000e+034
-1.2300000e+034
-1.2300000e+034
-1.2300000e+034
-1.2300000e+034
-1.2300000e+034
-1.2300000e+034
-1.2300000e+034
-1.2300000e+034
-1.2300000e+034
-1.2300000e+034
-1.2300000e+034
-1.2300000e+034
-1.2300000e+034
-1.2300000e+034
-1.2300000e+034
-1.2300000e+034
-1.2300000e+034
-1.2300000e+034
-1.2300000e+034
-1.2300000e+034
-1.2300000e+034
-1.2300000e+034
-1.2300000e+034
-1.2300000e+034
-1.2300000e+034
-1.2300000e+034
-1.2300000e+034
-1.2300000e+034
-1.2300000e+034
-1.2300000e+034
-1.2300000e+034
-1.2300000e+034
-1.2300000e+034
-1.2300000e+034
-1.2300000e+034
-1.2300000e+034
-1.2300000e+034
-1.2300000e+034
-1.2300000e+034
-1.2300000e+034
-1.2300000e+034
 1.5690747e-001
 1.6311373e-001
 1.7118895e-001
 1.7919074e-001
 1.8699090e-001
 1.9410866e-001
 2.0076719e-001
 2.0670484e-001
 2.1260749e-001
 2.1781711e-001
 2.2280152e-001
 2.2705744e-001
 2.3154488e-001
 2.3544820e-001
 2.3906201e-001
 2.4260987e-001
 2.4592309e-001
 2.4913549e-001
 2.5227606e-001
 2.5514996e-001
 2.5792408e-001
 2.6078880e-001
 2.6340827e-001
 2.6570398e-001
 2.6782534e-001
 2.6988238e-001
 2.7179804e-001
 2.7377179e-001
 2.7559772e-001
 2.7746987e-001
 2.7929047e-001
 2.8080970e-001
 2.8224188e-001
 2.8350890e-001
 2.8502217e-001
 2.8452057e-001
 2.8581172e-001
 2.8690428e-001
 2.8815666e-001
 2.8951398e-001
 2.9084373e-001
 2.9227617e-001
 2.9350024e-001
 2.9440460e-001
 2.9539791e-001
 2.9629084e-001
 2.9743612e-001
 2.9871550e-001
 2.9999650e-001
 3.0137721e-001
 3.0264118e-001
 3.0378678e-001
 3.0474815e-001
 3.0556962e-001
 3.0631703e-001
 3.0710667e-001
 3.0797473e-001
 3.0892581e-001
 3.0985606e-001
 3.1094360e-001
 3.1200829e-001
 3.1297210e-001
 3.1390655e-001
 3.1464329e-001
 3.1528404e-001
 3.1562823e-001
 3.1580991e-001
 3.1598851e-001
 3.1638977e-001
 3.1682706e-001
 3.1724837e-001
 3.1789750e-001
 3.1823671e-001
 3.1809017e-001
 3.1831414e-001
 3.1848165e-001
 3.1853601e-001
 3.1874168e-001
 3.1873348e-001
 3.1826329e-001
 3.1819570e-001
 3.1856138e-001
 3.1911248e-001
 3.1956691e-001
 3.1997687e-001
 3.2053590e-001
 3.2106566e-001
 3.2154730e-001
 3.2167578e-001
 3.2176912e-001
 3.2169008e-001
 3.2120022e-001
 3.2126945e-001
 3.2108566e-001
 3.2088032e-001
 3.2059264e-001
 3.2056856e-001
 3.2023212e-001
 3.2040367e-001
