s07_AV97 Record=896: Clinochlore_Fe SC-CCa-1.a     BECKa AREF
 9.2315815e-002
 9.2476286e-002
 9.4941244e-002
 9.6255563e-002
 9.7046971e-002
 9.8559462e-002
 1.0264393e-001
 1.0875337e-001
 1.1119881e-001
 1.1045531e-001
 1.1318941e-001
 1.2016463e-001
 1.2437903e-001
 1.2723482e-001
 1.3112935e-001
 1.3194351e-001
 1.3224715e-001
 1.3324903e-001
 1.3416278e-001
 1.3316101e-001
 1.3116111e-001
 1.2834020e-001
 1.2372594e-001
 1.2167789e-001
 1.1936603e-001
 1.1657650e-001
 1.1220889e-001
 1.1018583e-001
 1.0646326e-001
 1.0368187e-001
 1.0151602e-001
 1.0078429e-001
 1.0126748e-001
 1.0112948e-001
 9.7650118e-002
 9.8691091e-002
 9.7103886e-002
 9.6223898e-002
 9.6174270e-002
 9.5300451e-002
 9.7756483e-002
 9.8126456e-002
 9.9112675e-002
 1.0078505e-001
 1.0609991e-001
 1.0965531e-001
 1.1002382e-001
 1.1451060e-001
 1.0877862e-001
 1.0246076e-001
 1.0421931e-001
 9.6013449e-002
 9.6829630e-002
 1.0408153e-001
 9.9385768e-002
 9.6129254e-002
 9.6415281e-002
 1.0063111e-001
 9.7053923e-002
 9.6769489e-002
 9.9714346e-002
 1.0115222e-001
 1.0671052e-001
 1.0738371e-001
 1.0792808e-001
 1.0738156e-001
 1.0849721e-001
 1.0620710e-001
 1.1143987e-001
 1.0868560e-001
 1.1153764e-001
 1.1064489e-001
 1.1085377e-001
 1.0976531e-001
 1.1050014e-001
 1.1546770e-001
 1.1303051e-001
 1.1101256e-001
 1.1292325e-001
 1.1468197e-001
 1.1261516e-001
 1.1648826e-001
 1.1834343e-001
 1.1813638e-001
 1.2113081e-001
 1.2177923e-001
 1.2172978e-001
 1.2621887e-001
 1.2787075e-001
 1.3067721e-001
 1.3147748e-001
 1.3621964e-001
 1.4065073e-001
 1.4505838e-001
 1.4525282e-001
 1.4800736e-001
 1.4510615e-001
 1.4625818e-001
 1.5105192e-001
 1.5419148e-001
 1.5886475e-001
 1.6092165e-001
 1.6576687e-001
 1.6921644e-001
 1.7063420e-001
 1.7663498e-001
 1.8083566e-001
 1.8566842e-001
 1.8664594e-001
 1.9010715e-001
 1.8274446e-001
 1.8905815e-001
 1.9723035e-001
 2.0631522e-001
 2.0920444e-001
 2.0698728e-001
 2.1235380e-001
 2.1836914e-001
 2.2274415e-001
 2.2621474e-001
 2.3529880e-001
 2.3886509e-001
 2.3612052e-001
 2.4113782e-001
 2.4590920e-001
 2.4844860e-001
 2.5523108e-001
 2.6496750e-001
 2.6767334e-001
 2.7183017e-001
 2.7467343e-001
 2.8589645e-001
 2.8789312e-001
 2.9207146e-001
 2.9826829e-001
 2.9971930e-001
 3.0822518e-001
 3.1642950e-001
 3.1902605e-001
 3.2232931e-001
 3.2435969e-001
 3.2571587e-001
 3.3652404e-001
 3.4748015e-001
 3.4141982e-001
 3.5333893e-001
 3.5199365e-001
 3.6135405e-001
 3.6606291e-001
 3.7100911e-001
 3.7921938e-001
 3.7597880e-001
 3.8153866e-001
 3.9342394e-001
 3.8907745e-001
 3.8962051e-001
 3.9146000e-001
 3.9274135e-001
 3.9507422e-001
 4.0077600e-001
 3.9855528e-001
 4.0258864e-001
 4.0481859e-001
 4.0900436e-001
 4.0518025e-001
 4.0832749e-001
 4.1480160e-001
 4.1131648e-001
 4.1338873e-001
 4.2288235e-001
 4.2093986e-001
 4.1345051e-001
 4.1525206e-001
 4.1549399e-001
 4.2558926e-001
 4.3933952e-001
 4.5200512e-001
 4.6015951e-001
 4.6980283e-001
 4.7412351e-001
 4.7239575e-001
 4.7653377e-001
 4.7796080e-001
 4.8526174e-001
 4.9209297e-001
 4.9066952e-001
 4.8916897e-001
 4.9173790e-001
 4.9296927e-001
 4.8254555e-001
 4.8482090e-001
 4.8887575e-001
 4.7855484e-001
 4.6763977e-001
 4.5446908e-001
 4.2871028e-001
 3.8288593e-001
 3.4076068e-001
 3.3198225e-001
 3.5012901e-001
 3.5989246e-001
 3.4221941e-001
 3.2421842e-001
 3.0051878e-001
 3.0856964e-001
 3.0166161e-001
 2.8517401e-001
 2.8017390e-001
 2.9658157e-001
 3.2029417e-001
 3.4845951e-001
 3.6754856e-001
 3.7261581e-001
 3.7418246e-001
 3.7662399e-001
 3.7964740e-001
 3.8031316e-001
 3.7551683e-001
 3.6749485e-001
 3.5751557e-001
 3.4896457e-001
 3.4235492e-001
 3.3777225e-001
 3.3502841e-001
