s07_AV97 Record=3747: Chl.33+Epid.33+Cal.33 GDS319 ASDFRa AREF
 1.0874819e-001
 1.0997144e-001
 1.1121308e-001
 1.1319654e-001
 1.1418917e-001
 1.1855267e-001
 1.2541281e-001
 1.3306552e-001
 1.3706048e-001
 1.3651969e-001
 1.4008191e-001
 1.4553961e-001
 1.5611683e-001
 1.6654941e-001
 1.7753360e-001
 1.8474677e-001
 1.8816490e-001
 1.8940583e-001
 1.8990713e-001
 1.8871017e-001
 1.8635593e-001
 1.8322636e-001
 1.7944601e-001
 1.7588140e-001
 1.7270516e-001
 1.7001979e-001
 1.6730985e-001
 1.6514106e-001
 1.6330066e-001
 1.6191432e-001
 1.6080275e-001
 1.5993249e-001
 1.6096985e-001
 1.6007297e-001
 1.5944634e-001
 1.5896471e-001
 1.5874222e-001
 1.5884392e-001
 1.5925384e-001
 1.6011295e-001
 1.6142687e-001
 1.6314954e-001
 1.6526921e-001
 1.6761486e-001
 1.6993476e-001
 1.7202887e-001
 1.7360738e-001
 1.7462726e-001
 1.7497362e-001
 1.7466247e-001
 1.7375237e-001
 1.7262931e-001
 1.7167774e-001
 1.7058785e-001
 1.6963592e-001
 1.6905601e-001
 1.6873489e-001
 1.6869912e-001
 1.6905935e-001
 1.6955812e-001
 1.7047501e-001
 1.7178269e-001
 1.7330520e-001
 1.7460705e-001
 1.7622446e-001
 1.7786711e-001
 1.7909449e-001
 1.8015073e-001
 1.8091837e-001
 1.8099423e-001
 1.8135715e-001
 1.8189447e-001
 1.8248962e-001
 1.8321776e-001
 1.8376859e-001
 1.8451431e-001
 1.8528527e-001
 1.8632635e-001
 1.8761988e-001
 1.8890554e-001
 1.9072893e-001
 1.9267502e-001
 1.9486810e-001
 1.9720447e-001
 1.9961801e-001
 2.0244569e-001
 2.0523313e-001
 2.0839486e-001
 2.1175753e-001
 2.1504509e-001
 2.1871243e-001
 2.2239329e-001
 2.2585928e-001
 2.2978295e-001
 2.3327009e-001
 2.3705436e-001
 2.3129614e-001
 2.3513059e-001
 2.3908122e-001
 2.4296401e-001
 2.4694717e-001
 2.5092080e-001
 2.5500071e-001
 2.5931895e-001
 2.6360890e-001
 2.6781940e-001
 2.7224618e-001
 2.7663946e-001
 2.8085193e-001
 2.8351432e-001
 2.8126153e-001
 2.8054512e-001
 2.8822482e-001
 2.9786855e-001
 3.0246162e-001
 3.0548927e-001
 3.0929086e-001
 3.1406638e-001
 3.1883118e-001
 3.2330635e-001
 3.2728237e-001
 3.3048642e-001
 3.3334112e-001
 3.3598995e-001
 3.3905476e-001
 3.4232801e-001
 3.4691975e-001
 3.5217494e-001
 3.5724473e-001
 3.6245319e-001
 3.6768070e-001
 3.7268564e-001
 3.7790278e-001
 3.8292754e-001
 3.8776827e-001
 3.9279684e-001
 3.9755365e-001
 4.0264949e-001
 4.0747651e-001
 4.1165403e-001
 4.1631377e-001
 4.2120692e-001
 4.2590341e-001
 4.3037930e-001
 4.3491918e-001
 4.3919197e-001
 4.4373000e-001
 4.4833091e-001
 4.5153278e-001
 4.5525670e-001
 4.5933998e-001
 4.6309832e-001
 4.6669060e-001
 4.6874192e-001
 4.7063532e-001
 4.7434512e-001
 4.7693709e-001
 4.7988385e-001
 4.8029515e-001
 4.8175943e-001
 4.8054394e-001
 4.8482987e-001
 4.9025729e-001
 4.9443394e-001
 4.9773407e-001
 5.0042611e-001
 5.0019079e-001
 4.9869800e-001
 4.9986041e-001
 5.0170624e-001
 5.0132942e-001
 4.9968266e-001
 5.0007838e-001
 5.0466633e-001
 5.1240677e-001
 5.2179736e-001
 5.3118438e-001
 5.3977323e-001
 5.4564041e-001
 5.5013597e-001
 5.5413902e-001
 5.5775386e-001
 5.5990392e-001
 5.6024224e-001
 5.6010127e-001
 5.6145394e-001
 5.6257033e-001
 5.6221640e-001
 5.6258833e-001
 5.6312275e-001
 5.6132895e-001
 5.5810225e-001
 5.5399925e-001
 5.4795796e-001
 5.3725213e-001
 5.1731193e-001
 4.7580454e-001
 4.2799866e-001
 4.1502130e-001
 4.3304074e-001
 4.4078335e-001
 4.2952868e-001
 4.1003382e-001
 3.8521066e-001
 3.5986507e-001
 3.3282647e-001
 3.1265798e-001
 3.2396445e-001
 3.6511347e-001
 4.0993646e-001
 4.4484130e-001
 4.6669969e-001
 4.7754386e-001
 4.8303396e-001
 4.8780844e-001
 4.8927557e-001
 4.8548901e-001
 4.7814327e-001
 4.6626079e-001
 4.5344245e-001
 4.3678555e-001
 4.2650717e-001
 4.1915897e-001
-1.2300000e+034
