s07_AV97 Record=1947: Lizardite NMNHR4687.d <30um   BECKb AREF
 3.0620319e-001
 3.2825086e-001
 3.5004127e-001
 3.7170354e-001
 3.8055944e-001
 3.8696286e-001
 3.9160848e-001
 4.0135938e-001
 4.1360074e-001
 4.2770654e-001
 4.5768523e-001
 4.9165985e-001
 5.1387781e-001
 5.3166342e-001
 5.4887670e-001
 5.6954807e-001
 5.8539015e-001
 6.0016495e-001
 6.1606413e-001
 6.2930179e-001
 6.3978469e-001
 6.5028197e-001
 6.5847373e-001
 6.6978002e-001
 6.7691565e-001
 6.8528384e-001
 6.9060874e-001
 6.9424474e-001
 6.9628543e-001
 7.0286697e-001
 7.0860249e-001
 7.1202946e-001
 7.0855653e-001
 7.1032292e-001
 7.1715826e-001
 7.1886492e-001
 7.2474426e-001
 7.2877508e-001
 7.3055649e-001
 7.3214734e-001
 7.2995257e-001
 7.2955632e-001
 7.3260689e-001
 7.3382032e-001
 7.3551786e-001
 7.3150867e-001
 7.4480277e-001
 7.4148011e-001
 7.3208314e-001
 7.3677355e-001
 7.4120313e-001
 7.4771380e-001
 7.5130510e-001
 7.5124449e-001
 7.4704099e-001
 7.4889559e-001
 7.6086307e-001
 7.5987649e-001
 7.4904639e-001
 7.4898148e-001
 7.5274801e-001
 7.5171316e-001
 7.5322711e-001
 7.4937201e-001
 7.5569618e-001
 7.5387377e-001
 7.5088984e-001
 7.4830663e-001
 7.4821788e-001
 7.5681931e-001
 7.4629086e-001
 7.5031364e-001
 7.4781060e-001
 7.4834841e-001
 7.5014943e-001
 7.4123573e-001
 7.4271214e-001
 7.4269617e-001
 7.4592435e-001
 7.4672741e-001
 7.4571335e-001
 7.4441212e-001
 7.4771941e-001
 7.4285400e-001
 7.4706715e-001
 7.4837047e-001
 7.4900228e-001
 7.5116605e-001
 7.4591976e-001
 7.5315899e-001
 7.5640625e-001
 7.6134276e-001
 7.5136209e-001
 7.5087738e-001
 7.5411767e-001
 7.5693119e-001
 7.5099546e-001
 7.5672960e-001
 7.5699961e-001
 7.6137024e-001
 7.6219779e-001
 7.6213592e-001
 7.5864089e-001
 7.5771278e-001
 7.5035602e-001
 7.5248218e-001
 7.0511276e-001
 6.6156673e-001
 6.6775501e-001
 7.2661525e-001
 7.4176961e-001
 7.4873859e-001
 7.4826181e-001
 7.4662739e-001
 7.4846637e-001
 7.5204504e-001
 7.5042039e-001
 7.5078636e-001
 7.5215006e-001
 7.4761051e-001
 7.5059581e-001
 7.5617188e-001
 7.5160545e-001
 7.5796241e-001
 7.6045519e-001
 7.6790661e-001
 7.7070481e-001
 7.6809657e-001
 7.6142013e-001
 7.6496154e-001
 7.7115262e-001
 7.6923621e-001
 7.6104957e-001
 7.6438707e-001
 7.6493591e-001
 7.6333010e-001
 7.6559532e-001
 7.5659156e-001
 7.5278956e-001
 7.5267899e-001
 7.4869496e-001
 7.4172306e-001
 7.4844795e-001
 7.4811894e-001
 7.4830049e-001
 7.4670333e-001
 7.4607921e-001
 7.5397462e-001
 7.5529385e-001
 7.4748272e-001
 7.5265610e-001
 7.5073522e-001
 7.4351329e-001
 7.4454188e-001
 7.4258304e-001
 7.4390060e-001
 7.3669547e-001
 7.3705524e-001
 7.2196788e-001
 6.9215858e-001
 7.0085043e-001
 6.8516713e-001
 6.8245608e-001
 6.6886961e-001
 6.6073680e-001
 6.4777070e-001
 6.2374109e-001
 6.1353165e-001
 6.1058640e-001
 6.1564130e-001
 6.2622297e-001
 6.3249439e-001
 6.3845193e-001
 6.4015436e-001
 6.4937717e-001
 6.7063642e-001
 6.7592740e-001
 6.7525405e-001
 6.7428154e-001
 6.7262262e-001
 6.6618937e-001
 6.5862352e-001
 6.6043651e-001
 6.5890342e-001
 6.4539367e-001
 6.4957821e-001
 6.5525287e-001
 6.5536696e-001
 6.4655131e-001
 6.3942760e-001
 6.3611507e-001
 6.3838953e-001
 6.2636787e-001
 6.1590481e-001
 5.9582788e-001
 5.7220125e-001
 5.5683595e-001
 5.2080500e-001
 4.9784687e-001
 4.8486066e-001
 4.5340085e-001
 4.3486106e-001
 3.9925086e-001
 3.9800277e-001
 4.2254150e-001
 4.7862923e-001
 5.0584340e-001
 4.9759620e-001
 4.7908869e-001
 4.8120314e-001
 4.7315317e-001
 4.6229789e-001
 4.6018714e-001
 4.5979193e-001
 4.6125710e-001
 4.6732369e-001
 4.7071400e-001
 4.6280286e-001
 4.4778281e-001
 4.2925924e-001
 4.1483551e-001
 4.0661952e-001
 4.0588835e-001
 4.1255814e-001
