s07_AV97 Record=3034: Spessartine NMNH14143 Garn  NIC4cbb RREF
-1.2300000e+034
-1.2300000e+034
-1.2300000e+034
-1.2300000e+034
-1.2300000e+034
-1.2300000e+034
-1.2300000e+034
-1.2300000e+034
-1.2300000e+034
-1.2300000e+034
-1.2300000e+034
-1.2300000e+034
-1.2300000e+034
-1.2300000e+034
-1.2300000e+034
-1.2300000e+034
-1.2300000e+034
-1.2300000e+034
-1.2300000e+034
-1.2300000e+034
-1.2300000e+034
-1.2300000e+034
-1.2300000e+034
-1.2300000e+034
-1.2300000e+034
-1.2300000e+034
-1.2300000e+034
-1.2300000e+034
-1.2300000e+034
-1.2300000e+034
-1.2300000e+034
-1.2300000e+034
-1.2300000e+034
-1.2300000e+034
-1.2300000e+034
-1.2300000e+034
-1.2300000e+034
-1.2300000e+034
-1.2300000e+034
-1.2300000e+034
-1.2300000e+034
-1.2300000e+034
-1.2300000e+034
-1.2300000e+034
-1.2300000e+034
-1.2300000e+034
-1.2300000e+034
-1.2300000e+034
-1.2300000e+034
-1.2300000e+034
-1.2300000e+034
-1.2300000e+034
-1.2300000e+034
-1.2300000e+034
-1.2300000e+034
-1.2300000e+034
-1.2300000e+034
-1.2300000e+034
-1.2300000e+034
-1.2300000e+034
-1.2300000e+034
-1.2300000e+034
-1.2300000e+034
-1.2300000e+034
-1.2300000e+034
-1.2300000e+034
-1.2300000e+034
-1.2300000e+034
-1.2300000e+034
-1.2300000e+034
-1.2300000e+034
-1.2300000e+034
-1.2300000e+034
-1.2300000e+034
-1.2300000e+034
-1.2300000e+034
-1.2300000e+034
-1.2300000e+034
-1.2300000e+034
-1.2300000e+034
-1.2300000e+034
-1.2300000e+034
-1.2300000e+034
-1.2300000e+034
-1.2300000e+034
-1.2300000e+034
-1.2300000e+034
-1.2300000e+034
-1.2300000e+034
-1.2300000e+034
-1.2300000e+034
-1.2300000e+034
-1.2300000e+034
-1.2300000e+034
-1.2300000e+034
-1.2300000e+034
-1.2300000e+034
-1.2300000e+034
-1.2300000e+034
-1.2300000e+034
-1.2300000e+034
-1.2300000e+034
-1.2300000e+034
-1.2300000e+034
-1.2300000e+034
-1.2300000e+034
-1.2300000e+034
-1.2300000e+034
-1.2300000e+034
-1.2300000e+034
-1.2300000e+034
-1.2300000e+034
-1.2300000e+034
-1.2300000e+034
 2.4627981e-001
 2.5142807e-001
 2.5507554e-001
 2.5770351e-001
 2.5982997e-001
 2.6172844e-001
 2.6352718e-001
 2.6457676e-001
 2.6483366e-001
 2.6434121e-001
 2.6356977e-001
 2.6331148e-001
 2.6293859e-001
 2.6220834e-001
 2.6109648e-001
 2.5973895e-001
 2.5833616e-001
 2.5727731e-001
 2.5647840e-001
 2.5582734e-001
 2.5515184e-001
 2.5426251e-001
 2.5343308e-001
 2.5283328e-001
 2.5272834e-001
 2.5294980e-001
 2.5349569e-001
 2.5428459e-001
 2.5489014e-001
 2.5572687e-001
 2.5671136e-001
 2.5822139e-001
 2.6011959e-001
 2.6222885e-001
 2.6450142e-001
 2.6672027e-001
 2.6880920e-001
 2.7093229e-001
 2.7309257e-001
 2.7553204e-001
 2.7815893e-001
 2.8097057e-001
 2.8379619e-001
 2.8621507e-001
 2.8828672e-001
 2.9057628e-001
 2.8987560e-001
 2.9196021e-001
 2.9371330e-001
 2.9565510e-001
 2.9778862e-001
 2.9990193e-001
 3.0171809e-001
 3.0338740e-001
 3.0450565e-001
 3.0527359e-001
 3.0579382e-001
 3.0610538e-001
 3.0639580e-001
 3.0685231e-001
 3.0727255e-001
 3.0752036e-001
 3.0757442e-001
 3.0733040e-001
 3.0659899e-001
 3.0564240e-001
 3.0446714e-001
 3.0317605e-001
 3.0189276e-001
 3.0064720e-001
 2.9973578e-001
 2.9888317e-001
 2.9776955e-001
 2.9647017e-001
 2.9469255e-001
 2.9266131e-001
 2.9033956e-001
 2.8822395e-001
 2.8641939e-001
 2.8455335e-001
 2.8212821e-001
 2.7887321e-001
 2.7485269e-001
 2.7301052e-001
 2.7373752e-001
 2.7650124e-001
 2.7715164e-001
 2.7668983e-001
 2.7515069e-001
 2.7104947e-001
 2.6179075e-001
 2.5627902e-001
 2.6228142e-001
 2.6438463e-001
 2.6506948e-001
 2.6603454e-001
 2.6671869e-001
 2.6688355e-001
 2.6669815e-001
 2.6608920e-001
 2.6575652e-001
 2.6635846e-001
 2.6711333e-001
 2.6779687e-001
 2.6823828e-001
 2.6834610e-001
 2.6871225e-001
 2.6928467e-001
 2.7007496e-001
 2.7112696e-001
