s07_AV97 Record=526: Axinite HS342.3B            NIC4cbb RREF
-1.2300000e+034
-1.2300000e+034
-1.2300000e+034
-1.2300000e+034
-1.2300000e+034
-1.2300000e+034
-1.2300000e+034
-1.2300000e+034
-1.2300000e+034
-1.2300000e+034
-1.2300000e+034
-1.2300000e+034
-1.2300000e+034
-1.2300000e+034
-1.2300000e+034
-1.2300000e+034
-1.2300000e+034
-1.2300000e+034
-1.2300000e+034
-1.2300000e+034
-1.2300000e+034
-1.2300000e+034
-1.2300000e+034
-1.2300000e+034
-1.2300000e+034
-1.2300000e+034
-1.2300000e+034
-1.2300000e+034
-1.2300000e+034
-1.2300000e+034
-1.2300000e+034
-1.2300000e+034
-1.2300000e+034
-1.2300000e+034
-1.2300000e+034
-1.2300000e+034
-1.2300000e+034
-1.2300000e+034
-1.2300000e+034
-1.2300000e+034
-1.2300000e+034
-1.2300000e+034
-1.2300000e+034
-1.2300000e+034
-1.2300000e+034
-1.2300000e+034
-1.2300000e+034
-1.2300000e+034
-1.2300000e+034
-1.2300000e+034
-1.2300000e+034
-1.2300000e+034
-1.2300000e+034
-1.2300000e+034
-1.2300000e+034
-1.2300000e+034
-1.2300000e+034
-1.2300000e+034
-1.2300000e+034
-1.2300000e+034
-1.2300000e+034
-1.2300000e+034
-1.2300000e+034
-1.2300000e+034
-1.2300000e+034
-1.2300000e+034
-1.2300000e+034
-1.2300000e+034
-1.2300000e+034
-1.2300000e+034
-1.2300000e+034
-1.2300000e+034
-1.2300000e+034
-1.2300000e+034
-1.2300000e+034
-1.2300000e+034
-1.2300000e+034
-1.2300000e+034
-1.2300000e+034
-1.2300000e+034
-1.2300000e+034
-1.2300000e+034
-1.2300000e+034
-1.2300000e+034
-1.2300000e+034
-1.2300000e+034
-1.2300000e+034
-1.2300000e+034
-1.2300000e+034
-1.2300000e+034
-1.2300000e+034
-1.2300000e+034
-1.2300000e+034
-1.2300000e+034
-1.2300000e+034
-1.2300000e+034
-1.2300000e+034
-1.2300000e+034
-1.2300000e+034
-1.2300000e+034
-1.2300000e+034
-1.2300000e+034
-1.2300000e+034
-1.2300000e+034
-1.2300000e+034
-1.2300000e+034
-1.2300000e+034
-1.2300000e+034
-1.2300000e+034
-1.2300000e+034
-1.2300000e+034
-1.2300000e+034
-1.2300000e+034
-1.2300000e+034
-1.2300000e+034
-1.2300000e+034
-1.2300000e+034
-1.2300000e+034
-1.2300000e+034
-1.2300000e+034
-1.2300000e+034
-1.2300000e+034
-1.2300000e+034
-1.2300000e+034
-1.2300000e+034
-1.2300000e+034
-1.2300000e+034
-1.2300000e+034
-1.2300000e+034
-1.2300000e+034
-1.2300000e+034
 1.9879411e-001
 1.9749306e-001
 1.9517115e-001
 1.9241530e-001
 1.8967228e-001
 1.8654007e-001
 1.8345948e-001
 1.8015803e-001
 1.7682029e-001
 1.7352581e-001
 1.7014708e-001
 1.6691038e-001
 1.6373576e-001
 1.6078439e-001
 1.5787069e-001
 1.5497629e-001
 1.5221569e-001
 1.4946876e-001
 1.4683686e-001
 1.4427713e-001
 1.4194864e-001
 1.3975291e-001
 1.3763280e-001
 1.3559653e-001
 1.3358881e-001
 1.3149488e-001
 1.2968817e-001
 1.2785818e-001
 1.2625329e-001
 1.2675932e-001
 1.2513527e-001
 1.2356503e-001
 1.2234948e-001
 1.2114728e-001
 1.2015653e-001
 1.1925706e-001
 1.1834922e-001
 1.1762444e-001
 1.1682449e-001
 1.1617883e-001
 1.1569305e-001
 1.1522861e-001
 1.1486624e-001
 1.1450703e-001
 1.1416501e-001
 1.1381285e-001
 1.1348209e-001
 1.1318111e-001
 1.1300676e-001
 1.1295664e-001
 1.1301581e-001
 1.1323768e-001
 1.1362615e-001
 1.1399225e-001
 1.1439984e-001
 1.1473914e-001
 1.1519638e-001
 1.1567166e-001
 1.1619627e-001
 1.1672824e-001
 1.1735656e-001
 1.1817954e-001
 1.1912015e-001
 1.2006728e-001
 1.2082008e-001
 1.2125333e-001
 1.2119061e-001
 1.1931358e-001
 1.1632155e-001
 1.1430328e-001
 1.1200178e-001
 1.0746088e-001
 1.0440680e-001
 1.0194025e-001
 1.0330296e-001
 1.1852442e-001
 1.3218446e-001
 1.3645422e-001
 1.3428546e-001
 1.4266339e-001
 1.6083285e-001
 1.7301057e-001
 1.8125714e-001
 1.8842819e-001
 1.9497889e-001
 2.0083782e-001
 2.0622188e-001
 2.1136469e-001
 2.1607701e-001
 2.1901736e-001
 2.1934256e-001
 2.2027862e-001
 2.2330393e-001
