s07_AV97 Record=1443: Hectorite SHCa-1.Ac-B         BECKb AREF
 4.0288287e-001
 4.1838333e-001
 4.3238783e-001
 4.4292346e-001
 4.5215982e-001
 4.6154040e-001
 4.7135893e-001
 4.8241615e-001
 4.9319512e-001
 5.0309867e-001
 5.1040977e-001
 5.1679969e-001
 5.2353859e-001
 5.3161341e-001
 5.4138833e-001
 5.5014002e-001
 5.5931538e-001
 5.7004696e-001
 5.8148718e-001
 5.9528625e-001
 6.1022913e-001
 6.2487471e-001
 6.3754892e-001
 6.4839435e-001
 6.5647608e-001
 6.6266859e-001
 6.6719478e-001
 6.7097950e-001
 6.7474544e-001
 6.7920661e-001
 6.8368167e-001
 6.8795937e-001
 6.8298727e-001
 6.8692642e-001
 6.9149554e-001
 6.9551909e-001
 6.9842583e-001
 7.0203316e-001
 7.0487058e-001
 7.0769596e-001
 7.1025831e-001
 7.1290720e-001
 7.1450633e-001
 7.1688569e-001
 7.1661735e-001
 7.1759027e-001
 7.1734595e-001
 7.1853328e-001
 7.1676856e-001
 7.1734774e-001
 7.1777707e-001
 7.1898270e-001
 7.2376180e-001
 7.2208220e-001
 7.2011155e-001
 7.2012639e-001
 7.1883142e-001
 7.1842998e-001
 7.1579051e-001
 7.1475911e-001
 7.1522820e-001
 7.1220338e-001
 7.0777887e-001
 7.0913744e-001
 7.1057856e-001
 7.1094066e-001
 7.1117330e-001
 7.1248478e-001
 7.1201360e-001
 7.1438068e-001
 7.1414715e-001
 7.1440870e-001
 7.1479988e-001
 7.1540582e-001
 7.1627194e-001
 7.1445793e-001
 7.1508038e-001
 7.1461314e-001
 7.1463621e-001
 7.1512336e-001
 7.1447515e-001
 7.1319920e-001
 7.0674711e-001
 7.0117176e-001
 7.0354027e-001
 7.0730537e-001
 7.0802212e-001
 7.0895815e-001
 7.0974398e-001
 7.1100724e-001
 7.1161717e-001
 7.1168756e-001
 7.1222073e-001
 7.1213979e-001
 7.1202505e-001
 7.1068895e-001
 7.1197420e-001
 7.1142417e-001
 7.1077627e-001
 7.1082556e-001
 7.0906842e-001
 7.0793051e-001
 7.0488620e-001
 6.9975966e-001
 6.9424230e-001
 6.8897086e-001
 6.8348676e-001
 6.7555350e-001
 6.5015399e-001
 5.7742041e-001
 5.4571235e-001
 5.3192919e-001
 5.0799751e-001
 5.2349764e-001
 5.5152202e-001
 5.7137650e-001
 5.7853544e-001
 5.7949734e-001
 5.9333873e-001
 6.1016542e-001
 6.2282997e-001
 6.3278705e-001
 6.4004427e-001
 6.4563388e-001
 6.5151286e-001
 6.5691310e-001
 6.6235310e-001
 6.6631746e-001
 6.6780138e-001
 6.7079484e-001
 6.7297620e-001
 6.7440659e-001
 6.7650795e-001
 6.7872494e-001
 6.7990011e-001
 6.8055272e-001
 6.7928016e-001
 6.7878258e-001
 6.7700577e-001
 6.7733252e-001
 6.7806864e-001
 6.7714959e-001
 6.7152458e-001
 6.6915011e-001
 6.6723138e-001
 6.6281587e-001
 6.5952814e-001
 6.5544707e-001
 6.5186852e-001
 6.5095401e-001
 6.4511651e-001
 6.4262831e-001
 6.4088649e-001
 6.3521439e-001
 6.3208616e-001
 6.2542015e-001
 6.1570454e-001
 5.9658319e-001
 5.5127215e-001
 4.7422159e-001
 5.0239515e-001
 3.9918658e-001
 2.9876474e-001
 2.7454662e-001
 3.1119072e-001
 3.5554588e-001
 3.8303098e-001
 3.9893389e-001
 4.0888122e-001
 4.2201835e-001
 4.3590686e-001
 4.5274973e-001
 4.7155157e-001
 4.8572332e-001
 5.0076634e-001
 5.1485413e-001
 5.2606016e-001
 5.3275347e-001
 5.3627634e-001
 5.4023534e-001
 5.4504240e-001
 5.4958904e-001
 5.5215031e-001
 5.5740273e-001
 5.6018597e-001
 5.6626683e-001
 5.6854665e-001
 5.6793559e-001
 5.6595129e-001
 5.6441802e-001
 5.6293947e-001
 5.5853909e-001
 5.5194944e-001
 5.4542619e-001
 5.3881538e-001
 5.3694588e-001
 5.3420645e-001
 5.2869576e-001
 5.1943785e-001
 5.0679427e-001
 4.8349759e-001
 4.5163831e-001
 4.0677312e-001
 3.6976677e-001
 4.1635516e-001
 4.6512035e-001
 4.5641333e-001
 4.4700998e-001
 4.3709496e-001
 4.2068845e-001
 3.9524591e-001
 3.8135168e-001
 3.8304654e-001
 3.7886262e-001
 3.6701530e-001
 3.5548243e-001
 3.4519455e-001
 3.3526206e-001
 3.2654947e-001
 3.1740484e-001
 3.0902356e-001
 3.0129060e-001
 2.9402587e-001
 2.8711846e-001
