s07_AV97 Record=134: Allanite HS293.2B            ASDFRb AREF
 3.8758893e-002
 4.2529058e-002
 4.6173193e-002
 4.9382295e-002
 5.1682550e-002
 5.4398458e-002
 5.7403114e-002
 6.0666081e-002
 6.4002700e-002
 6.6805035e-002
 6.8503186e-002
 7.0057087e-002
 7.1939066e-002
 7.4092709e-002
 7.6383166e-002
 7.8711130e-002
 8.0779411e-002
 8.2609296e-002
 8.3729625e-002
 8.4233209e-002
 8.5126624e-002
 8.6127222e-002
 8.7346509e-002
 8.8935815e-002
 9.0154991e-002
 9.1251023e-002
 9.2009485e-002
 9.2778683e-002
 9.3488246e-002
 9.4151616e-002
 9.4807990e-002
 9.5408559e-002
 9.4701976e-002
 9.5290989e-002
 9.5979691e-002
 9.6690416e-002
 9.7392201e-002
 9.8062761e-002
 9.8712370e-002
 9.9134788e-002
 9.9306844e-002
 9.9766262e-002
 1.0050374e-001
 1.0109876e-001
 1.0141201e-001
 1.0151239e-001
 1.0135356e-001
 1.0155571e-001
 1.0231711e-001
 1.0290343e-001
 1.0340581e-001
 1.0392798e-001
 1.0438491e-001
 1.0484544e-001
 1.0538746e-001
 1.0612781e-001
 1.0691641e-001
 1.0780790e-001
 1.0874789e-001
 1.0968738e-001
 1.1063091e-001
 1.1170260e-001
 1.1281136e-001
 1.1399235e-001
 1.1515705e-001
 1.1637911e-001
 1.1774933e-001
 1.1899392e-001
 1.2041687e-001
 1.2161936e-001
 1.2360652e-001
 1.2502079e-001
 1.2669468e-001
 1.2838188e-001
 1.3020597e-001
 1.3216679e-001
 1.3400139e-001
 1.3609193e-001
 1.3836704e-001
 1.4004523e-001
 1.4237164e-001
 1.4422891e-001
 1.4658262e-001
 1.4881824e-001
 1.5101692e-001
 1.5361564e-001
 1.5573624e-001
 1.5811194e-001
 1.6055131e-001
 1.6283514e-001
 1.6544528e-001
 1.6812086e-001
 1.7063922e-001
 1.7321247e-001
 1.7551294e-001
 1.7826170e-001
 1.7418590e-001
 1.7696859e-001
 1.7954046e-001
 1.8230274e-001
 1.8490624e-001
 1.8747652e-001
 1.8971677e-001
 1.9190888e-001
 1.9427380e-001
 1.9664750e-001
 1.9866535e-001
 2.0067659e-001
 2.0289481e-001
 2.0465872e-001
 2.0590970e-001
 2.0725231e-001
 2.0870790e-001
 2.1030338e-001
 2.1170020e-001
 2.1313789e-001
 2.1419299e-001
 2.1541803e-001
 2.1668115e-001
 2.1751560e-001
 2.1845603e-001
 2.1896808e-001
 2.1967103e-001
 2.2036092e-001
 2.2123064e-001
 2.2187841e-001
 2.2282036e-001
 2.2321051e-001
 2.2361781e-001
 2.2416575e-001
 2.2477050e-001
 2.2543433e-001
 2.2550580e-001
 2.2590727e-001
 2.2646187e-001
 2.2645248e-001
 2.2675815e-001
 2.2705775e-001
 2.2761378e-001
 2.2718015e-001
 2.2741859e-001
 2.2759570e-001
 2.2789153e-001
 2.2806841e-001
 2.2816825e-001
 2.2815515e-001
 2.2843818e-001
 2.2862464e-001
 2.2912064e-001
 2.2945067e-001
 2.2960281e-001
 2.2976628e-001
 2.3008385e-001
 2.3083059e-001
 2.3114526e-001
 2.3169428e-001
 2.3191726e-001
 2.3248902e-001
 2.3301901e-001
 2.3370340e-001
 2.3352244e-001
 2.3395438e-001
 2.3416089e-001
 2.3415305e-001
 2.3445661e-001
 2.3559009e-001
 2.3672707e-001
 2.3736937e-001
 2.3831668e-001
 2.3904040e-001
 2.3961835e-001
 2.4100326e-001
 2.4219145e-001
 2.4352707e-001
 2.4453276e-001
 2.4619272e-001
 2.4735934e-001
 2.4891753e-001
 2.5005674e-001
 2.5170448e-001
 2.5306389e-001
 2.5419447e-001
 2.5555092e-001
 2.5707817e-001
 2.5842160e-001
 2.5937456e-001
 2.6023024e-001
 2.6064003e-001
 2.6135471e-001
 2.6187831e-001
 2.6186052e-001
 2.6233023e-001
 2.6275977e-001
 2.6280457e-001
 2.6237968e-001
 2.6202768e-001
 2.6177612e-001
 2.6143187e-001
 2.6123789e-001
 2.6163045e-001
 2.6201525e-001
 2.6252660e-001
 2.6234904e-001
 2.6188618e-001
 2.6195440e-001
 2.6212546e-001
 2.6205817e-001
 2.6193905e-001
 2.6206592e-001
 2.6277989e-001
 2.6376346e-001
 2.6475978e-001
 2.6544902e-001
 2.6639143e-001
 2.6635480e-001
 2.6706392e-001
 2.6790100e-001
 2.6864329e-001
 2.6967743e-001
 2.6894960e-001
 2.6927635e-001
 2.6948741e-001
 2.7011204e-001
-1.2300000e+034
