s07_AV97 Record=567: Beryl HS180.1B               ASDFRa AREF
 5.7503390e-001
 5.8670342e-001
 5.9914637e-001
 6.1388737e-001
 6.2772650e-001
 6.4035857e-001
 6.5287977e-001
 6.6452533e-001
 6.7572194e-001
 6.8611115e-001
 6.9578779e-001
 7.0493120e-001
 7.1339953e-001
 7.2149974e-001
 7.2904503e-001
 7.3591477e-001
 7.4223995e-001
 7.4796712e-001
 7.5341415e-001
 7.5851512e-001
 7.6323134e-001
 7.6773459e-001
 7.7195960e-001
 7.7581334e-001
 7.7943689e-001
 7.8263712e-001
 7.8553522e-001
 7.8780079e-001
 7.8929299e-001
 7.8998405e-001
 7.8971255e-001
 7.8859526e-001
 7.8982031e-001
 7.8893018e-001
 7.8692698e-001
 7.8405619e-001
 7.7925885e-001
 7.7332395e-001
 7.6650304e-001
 7.5882804e-001
 7.5079471e-001
 7.4275970e-001
 7.3476201e-001
 7.2751731e-001
 7.2094595e-001
 7.1551418e-001
 7.1115792e-001
 7.0828944e-001
 7.0682132e-001
 7.0705777e-001
 7.0936543e-001
 7.1338719e-001
 7.1874058e-001
 7.2551477e-001
 7.3344845e-001
 7.4215585e-001
 7.5109762e-001
 7.6014417e-001
 7.6890630e-001
 7.7698272e-001
 7.8445083e-001
 7.9066414e-001
 7.9591602e-001
 7.9887837e-001
 8.0513179e-001
 8.0897760e-001
 8.1280327e-001
 8.1579071e-001
 8.1856018e-001
 8.2047534e-001
 8.2346022e-001
 8.2434672e-001
 8.2700223e-001
 8.2923198e-001
 8.3103544e-001
 8.3318520e-001
 8.3506680e-001
 8.3754128e-001
 8.3889526e-001
 8.4121561e-001
 8.4013051e-001
 8.4148139e-001
 8.3740449e-001
 8.3803487e-001
 8.4534103e-001
 8.4695381e-001
 8.4866393e-001
 8.5031497e-001
 8.5033804e-001
 8.5125941e-001
 8.5320932e-001
 8.5389960e-001
 8.5477084e-001
 8.5485178e-001
 8.5589981e-001
 8.5617703e-001
 8.5509396e-001
 8.5576624e-001
 8.5648400e-001
 8.5636687e-001
 8.5709685e-001
 8.5726118e-001
 8.5663635e-001
 8.5647434e-001
 8.5440838e-001
 8.5151243e-001
 8.4445477e-001
 8.3208328e-001
 8.2854712e-001
 8.3031917e-001
 7.9144835e-001
 7.6434094e-001
 8.0160195e-001
 8.2151783e-001
 8.3230889e-001
 8.4121561e-001
 8.4608042e-001
 8.3872378e-001
 8.4529072e-001
 8.5447645e-001
 8.5717624e-001
 8.5820085e-001
 8.5927993e-001
 8.6051160e-001
 8.6120957e-001
 8.6118478e-001
 8.6186481e-001
 8.6206061e-001
 8.6240125e-001
 8.6238825e-001
 8.6223835e-001
 8.6255103e-001
 8.6221915e-001
 8.6222577e-001
 8.6215568e-001
 8.6223447e-001
 8.6209518e-001
 8.6139095e-001
 8.6089206e-001
 8.6042470e-001
 8.6007172e-001
 8.5963184e-001
 8.5969698e-001
 8.5856026e-001
 8.5762030e-001
 8.5642791e-001
 8.5460740e-001
 8.5314542e-001
 8.5005623e-001
 8.4550714e-001
 8.4137648e-001
 8.3697063e-001
 8.2371241e-001
 7.9984653e-001
 7.8631461e-001
 7.8711677e-001
 7.9564381e-001
 7.9797763e-001
 7.9073459e-001
 7.5669456e-001
 7.7718025e-001
 6.9315290e-001
 6.5032518e-001
 7.5692850e-001
 7.8772646e-001
 7.9628170e-001
 8.0192965e-001
 8.0027652e-001
 8.0039454e-001
 8.0565149e-001
 8.1615889e-001
 8.2475704e-001
 8.2936406e-001
 8.3120459e-001
 8.3346784e-001
 8.3473140e-001
 8.3434337e-001
 8.3215761e-001
 8.3373046e-001
 8.3475232e-001
 8.3553457e-001
 8.3699518e-001
 8.3946615e-001
 8.4039015e-001
 8.3885860e-001
 8.3689672e-001
 8.3525956e-001
 8.2747704e-001
 8.2785410e-001
 8.2951713e-001
 8.2907218e-001
 8.2859701e-001
 8.2688206e-001
 8.2933325e-001
 8.3018297e-001
 8.2873076e-001
 8.3052206e-001
 8.3069372e-001
 8.3097994e-001
 8.3119953e-001
 8.2942384e-001
 8.2777327e-001
 8.2617182e-001
 8.2616293e-001
 8.2450390e-001
 8.2258564e-001
 8.1979632e-001
 8.1794846e-001
 8.1796688e-001
 8.1371129e-001
 8.1207275e-001
 8.0752742e-001
 8.0912876e-001
 8.0203485e-001
 7.9846185e-001
 7.9218560e-001
 7.8194535e-001
 7.6983845e-001
 7.6597971e-001
 7.5686044e-001
 7.3803109e-001
 7.2208506e-001
 7.1153766e-001
-1.2300000e+034
