s07_AV97 Record=3741: Chabazite+Thom+Wair HS193.3B ASDFRb AREF
 4.9951562e-001
 5.0580722e-001
 5.1200461e-001
 5.1802170e-001
 5.2308500e-001
 5.2805310e-001
 5.3412867e-001
 5.4142559e-001
 5.4893786e-001
 5.5624205e-001
 5.6248051e-001
 5.6802863e-001
 5.7340270e-001
 5.7937032e-001
 5.8595359e-001
 5.9273595e-001
 5.9919822e-001
 6.0536706e-001
 6.1110264e-001
 6.1668468e-001
 6.2210518e-001
 6.2723356e-001
 6.3201988e-001
 6.3600916e-001
 6.3991821e-001
 6.4359677e-001
 6.4704221e-001
 6.5089303e-001
 6.5465027e-001
 6.5816361e-001
 6.6147226e-001
 6.6449243e-001
 6.6096693e-001
 6.6392016e-001
 6.6677815e-001
 6.6921228e-001
 6.7149913e-001
 6.7352647e-001
 6.7526525e-001
 6.7687941e-001
 6.7831904e-001
 6.7996061e-001
 6.8203294e-001
 6.8396223e-001
 6.8576801e-001
 6.8736386e-001
 6.8889910e-001
 6.9045484e-001
 6.9165629e-001
 6.9275731e-001
 6.9333380e-001
 6.9416100e-001
 6.9541031e-001
 6.9653887e-001
 6.9732839e-001
 6.9821244e-001
 6.9889915e-001
 6.9946039e-001
 7.0001614e-001
 6.9999427e-001
 6.9938314e-001
 6.9800717e-001
 6.9601274e-001
 6.9183648e-001
 6.8596303e-001
 6.8638140e-001
 6.8975770e-001
 6.9431436e-001
 6.9810408e-001
 7.0099002e-001
 7.0408028e-001
 7.0645547e-001
 7.0869601e-001
 7.1012729e-001
 7.1156448e-001
 7.1266532e-001
 7.1365798e-001
 7.1402657e-001
 7.1387702e-001
 7.1352839e-001
 7.1260595e-001
 7.0980000e-001
 7.0020074e-001
 6.8092674e-001
 6.6993821e-001
 6.7498660e-001
 6.7917752e-001
 6.8063611e-001
 6.8252873e-001
 6.8513304e-001
 6.8732846e-001
 6.8907398e-001
 6.9026655e-001
 6.9153905e-001
 6.9252789e-001
 6.9337267e-001
 6.9207382e-001
 6.9304341e-001
 6.9354546e-001
 6.9311172e-001
 6.9113123e-001
 6.8738657e-001
 6.8037891e-001
 6.6940880e-001
 6.5439457e-001
 6.3766515e-001
 6.2252146e-001
 6.0846317e-001
 5.9296805e-001
 5.6700742e-001
 5.2383989e-001
 4.6286038e-001
 3.9771888e-001
 3.5690159e-001
 3.6072975e-001
 3.7701547e-001
 3.8881370e-001
 3.9238584e-001
 4.0036359e-001
 4.1901046e-001
 4.3639198e-001
 4.5192736e-001
 4.6485305e-001
 4.7551993e-001
 4.8359382e-001
 4.9047562e-001
 4.9578005e-001
 4.9958885e-001
 5.0278145e-001
 5.0529873e-001
 5.0759017e-001
 5.0951672e-001
 5.1204503e-001
 5.1468515e-001
 5.1686662e-001
 5.1912755e-001
 5.2148151e-001
 5.2415431e-001
 5.2619588e-001
 5.2768046e-001
 5.2814895e-001
 5.2692485e-001
 5.2431828e-001
 5.2021784e-001
 5.1420742e-001
 5.0644410e-001
 4.9785361e-001
 4.9085933e-001
 4.8653582e-001
 4.8470515e-001
 4.8415336e-001
 4.8397660e-001
 4.8577413e-001
 4.8762915e-001
 4.8693934e-001
 4.8123297e-001
 4.6918434e-001
 4.4559240e-001
 4.0498853e-001
 3.4237808e-001
 3.7047565e-001
 2.9398203e-001
 2.0968290e-001
 1.4892718e-001
 1.3443941e-001
 1.4088327e-001
 1.5047672e-001
 1.5944983e-001
 1.6811267e-001
 1.7786293e-001
 1.9029962e-001
 2.0506091e-001
 2.2154164e-001
 2.3852876e-001
 2.5459558e-001
 2.6801148e-001
 2.7896053e-001
 2.8870404e-001
 2.9717982e-001
 3.0538362e-001
 3.1390455e-001
 3.2172596e-001
 3.2894459e-001
 3.3510211e-001
 3.4108418e-001
 3.4661251e-001
 3.5215637e-001
 3.5759717e-001
 3.6297977e-001
 3.6814719e-001
 3.7238854e-001
 3.7678978e-001
 3.8040850e-001
 3.8410178e-001
 3.8628462e-001
 3.8799518e-001
 3.8923448e-001
 3.8936302e-001
 3.8753998e-001
 3.8369650e-001
 3.7799853e-001
 3.7057522e-001
 3.6151296e-001
 3.5062015e-001
 3.3970031e-001
 3.2634753e-001
 3.1209701e-001
 2.9536122e-001
 2.7768916e-001
 2.5917143e-001
 2.3945187e-001
 2.2034769e-001
 2.0187785e-001
 1.8425496e-001
 1.6850545e-001
 1.5639727e-001
 1.4477684e-001
 1.3487941e-001
 1.2569970e-001
 1.1794791e-001
 1.1192289e-001
 1.0664102e-001
 1.0369755e-001
-1.2300000e+034
