s07_AV97 Record=1974: Magnetite HS78.2B            ASDFRb AREF
 5.2973527e-002
 5.2071594e-002
 5.1707119e-002
 5.1962983e-002
 5.1814169e-002
 5.1703371e-002
 5.1717680e-002
 5.1622815e-002
 5.1426109e-002
 5.1143315e-002
 5.0813437e-002
 5.0720595e-002
 5.0743517e-002
 5.0862815e-002
 5.0912611e-002
 5.1011398e-002
 5.1141344e-002
 5.1283918e-002
 5.1444601e-002
 5.1645968e-002
 5.1852535e-002
 5.2022796e-002
 5.2206796e-002
 5.2398678e-002
 5.2563250e-002
 5.2784048e-002
 5.2992012e-002
 5.3197175e-002
 5.3399287e-002
 5.3620663e-002
 5.3807151e-002
 5.3987600e-002
 5.3776383e-002
 5.3956740e-002
 5.4125048e-002
 5.4298151e-002
 5.4448701e-002
 5.4577779e-002
 5.4699853e-002
 5.4805230e-002
 5.4879315e-002
 5.4941017e-002
 5.4967504e-002
 5.4977670e-002
 5.4938279e-002
 5.4890823e-002
 5.4804001e-002
 5.4699626e-002
 5.4580279e-002
 5.4427497e-002
 5.4247059e-002
 5.4067925e-002
 5.3887017e-002
 5.3663000e-002
 5.3481203e-002
 5.3244822e-002
 5.3074218e-002
 5.2817788e-002
 5.2631997e-002
 5.2400038e-002
 5.2176960e-002
 5.1935509e-002
 5.1723599e-002
 5.1494680e-002
 5.1295847e-002
 5.1131450e-002
 5.0885215e-002
 5.0879400e-002
 5.0515559e-002
 5.0735712e-002
 5.0580278e-002
 5.0607465e-002
 5.0375998e-002
 5.0358213e-002
 5.0361592e-002
 5.0446551e-002
 5.0493646e-002
 5.0470378e-002
 5.0379127e-002
 5.0436091e-002
 5.0383739e-002
 5.0528359e-002
 5.0484885e-002
 5.0556350e-002
 5.0514322e-002
 5.0504670e-002
 5.0516713e-002
 5.0531212e-002
 5.0575860e-002
 5.0572816e-002
 5.0571974e-002
 5.0547801e-002
 5.0615165e-002
 5.0672922e-002
 5.0731868e-002
 5.0794031e-002
 5.0734777e-002
 5.0759602e-002
 5.0792534e-002
 5.0866492e-002
 5.0927881e-002
 5.1030066e-002
 5.1075403e-002
 5.1157270e-002
 5.1230960e-002
 5.1294379e-002
 5.1400207e-002
 5.1429685e-002
 5.1522549e-002
 5.1609658e-002
 5.1752672e-002
 5.1877804e-002
 5.2004129e-002
 5.2076146e-002
 5.2232295e-002
 5.2329537e-002
 5.2399598e-002
 5.2470110e-002
 5.2529916e-002
 5.2629530e-002
 5.2660115e-002
 5.2721716e-002
 5.2764732e-002
 5.2797299e-002
 5.2847072e-002
 5.2905947e-002
 5.2958250e-002
 5.3002667e-002
 5.3063739e-002
 5.3068019e-002
 5.3111814e-002
 5.3139050e-002
 5.3159662e-002
 5.3176098e-002
 5.3229388e-002
 5.3243395e-002
 5.3307686e-002
 5.3339992e-002
 5.3389046e-002
 5.3444404e-002
 5.3517044e-002
 5.3559769e-002
 5.3649087e-002
 5.3694651e-002
 5.3692233e-002
 5.3677477e-002
 5.3728223e-002
 5.3752948e-002
 5.3791262e-002
 5.3925589e-002
 5.4040227e-002
 5.4067761e-002
 5.4154847e-002
 5.4189615e-002
 5.4303888e-002
 5.4437749e-002
 5.4534487e-002
 5.4626271e-002
 5.4709598e-002
 5.4895490e-002
 5.4793265e-002
 5.4928657e-002
 5.5076636e-002
 5.5128410e-002
 5.5296846e-002
 5.5381186e-002
 5.5515174e-002
 5.5652522e-002
 5.5748258e-002
 5.5803269e-002
 5.5867150e-002
 5.6022227e-002
 5.6134980e-002
 5.6281451e-002
 5.6442127e-002
 5.6620769e-002
 5.6840487e-002
 5.7078898e-002
 5.7224929e-002
 5.7364888e-002
 5.7565376e-002
 5.7749107e-002
 5.7909928e-002
 5.8004089e-002
 5.8177516e-002
 5.8245845e-002
 5.8382172e-002
 5.8543820e-002
 5.8671080e-002
 5.8822900e-002
 5.8907382e-002
 5.9086118e-002
 5.9270918e-002
 5.9427340e-002
 5.9459943e-002
 5.9582498e-002
 5.9709743e-002
 5.9808936e-002
 6.0034666e-002
 6.0120367e-002
 6.0242202e-002
 6.0444556e-002
 6.0481012e-002
 6.0707230e-002
 6.0783871e-002
 6.0958650e-002
 6.1033107e-002
 6.1280649e-002
 6.1260264e-002
 6.1345771e-002
 6.1538212e-002
 6.1577201e-002
 6.1586887e-002
 6.1525136e-002
 6.1364315e-002
 6.1795201e-002
 6.1717819e-002
 6.1688967e-002
 6.1355647e-002
 6.1836690e-002
 6.1667480e-002
 6.1525404e-002
 6.1532564e-002
-1.2300000e+034
