s07_AV97 Record=3224: Tincalconite GDS142         NIC4aau RREF
-1.2300000e+034
-1.2300000e+034
-1.2300000e+034
-1.2300000e+034
-1.2300000e+034
-1.2300000e+034
-1.2300000e+034
-1.2300000e+034
-1.2300000e+034
-1.2300000e+034
-1.2300000e+034
-1.2300000e+034
-1.2300000e+034
-1.2300000e+034
-1.2300000e+034
-1.2300000e+034
-1.2300000e+034
-1.2300000e+034
-1.2300000e+034
-1.2300000e+034
-1.2300000e+034
-1.2300000e+034
-1.2300000e+034
-1.2300000e+034
-1.2300000e+034
-1.2300000e+034
-1.2300000e+034
-1.2300000e+034
-1.2300000e+034
-1.2300000e+034
-1.2300000e+034
-1.2300000e+034
-1.2300000e+034
-1.2300000e+034
-1.2300000e+034
-1.2300000e+034
-1.2300000e+034
-1.2300000e+034
-1.2300000e+034
-1.2300000e+034
-1.2300000e+034
-1.2300000e+034
-1.2300000e+034
-1.2300000e+034
-1.2300000e+034
-1.2300000e+034
-1.2300000e+034
-1.2300000e+034
-1.2300000e+034
-1.2300000e+034
-1.2300000e+034
-1.2300000e+034
-1.2300000e+034
-1.2300000e+034
-1.2300000e+034
-1.2300000e+034
-1.2300000e+034
-1.2300000e+034
-1.2300000e+034
-1.2300000e+034
-1.2300000e+034
-1.2300000e+034
-1.2300000e+034
-1.2300000e+034
-1.2300000e+034
-1.2300000e+034
-1.2300000e+034
-1.2300000e+034
-1.2300000e+034
-1.2300000e+034
-1.2300000e+034
-1.2300000e+034
-1.2300000e+034
-1.2300000e+034
-1.2300000e+034
-1.2300000e+034
-1.2300000e+034
-1.2300000e+034
-1.2300000e+034
-1.2300000e+034
-1.2300000e+034
-1.2300000e+034
-1.2300000e+034
-1.2300000e+034
-1.2300000e+034
-1.2300000e+034
-1.2300000e+034
-1.2300000e+034
-1.2300000e+034
-1.2300000e+034
-1.2300000e+034
-1.2300000e+034
-1.2300000e+034
-1.2300000e+034
-1.2300000e+034
-1.2300000e+034
-1.2300000e+034
-1.2300000e+034
-1.2300000e+034
-1.2300000e+034
-1.2300000e+034
-1.2300000e+034
-1.2300000e+034
-1.2300000e+034
-1.2300000e+034
-1.2300000e+034
-1.2300000e+034
-1.2300000e+034
-1.2300000e+034
-1.2300000e+034
-1.2300000e+034
-1.2300000e+034
-1.2300000e+034
-1.2300000e+034
-1.2300000e+034
-1.2300000e+034
-1.2300000e+034
-1.2300000e+034
-1.2300000e+034
-1.2300000e+034
-1.2300000e+034
 3.4087375e-001
 3.4123659e-001
 3.4264269e-001
 3.4486955e-001
 3.4750935e-001
 3.5120875e-001
 3.5622236e-001
 3.6181533e-001
 3.6673647e-001
 3.7057954e-001
 3.7341228e-001
 3.7520215e-001
 3.7632844e-001
 3.7663153e-001
 3.7624800e-001
 3.7504604e-001
 3.7388268e-001
 3.7334913e-001
 3.7357914e-001
 3.7407765e-001
 3.7509561e-001
 3.7669069e-001
 3.7888145e-001
 3.8109690e-001
 3.8287574e-001
 3.8407379e-001
 3.8400942e-001
 3.8316956e-001
 3.8220575e-001
 3.8079628e-001
 3.7900633e-001
 3.7687948e-001
 3.7481302e-001
 3.7296399e-001
 3.7111804e-001
 3.6868531e-001
 3.6404023e-001
 3.5514012e-001
 3.3866137e-001
 3.4504047e-001
 3.1905699e-001
 2.8220952e-001
 2.5479198e-001
 2.4578246e-001
 2.4374387e-001
 2.4622931e-001
 2.5397003e-001
 2.6210982e-001
 2.6776576e-001
 2.7072653e-001
 2.7258968e-001
 2.7428496e-001
 2.7591899e-001
 2.7789593e-001
 2.8011972e-001
 2.8188968e-001
 2.8338462e-001
 2.8506482e-001
 2.8673980e-001
 2.8806600e-001
 2.8901899e-001
 2.8980789e-001
 2.9127190e-001
 2.9282212e-001
 2.9167694e-001
 2.8552303e-001
 2.7753758e-001
 2.7649409e-001
 2.8300804e-001
 2.9107749e-001
 2.9621285e-001
 2.9777595e-001
 2.9630986e-001
 2.9374188e-001
 2.9156047e-001
 2.9021016e-001
 2.8966269e-001
 2.8944862e-001
 2.9007018e-001
 2.9011911e-001
 2.9053348e-001
 2.9045385e-001
 2.9018673e-001
 2.8988111e-001
 2.8923333e-001
 2.8838345e-001
 2.8639331e-001
 2.8314817e-001
 2.7820271e-001
 2.7098933e-001
 2.6151004e-001
 2.5077838e-001
 2.3997608e-001
 2.2995213e-001
 2.2172309e-001
 2.1633603e-001
 2.1334839e-001
 2.1006446e-001
 2.0470323e-001
 1.9760229e-001
 1.8905634e-001
 1.7976394e-001
 1.7058744e-001
