s07_AV97 Record=3802: ClinozoisiteEpidote HS299.2B ASDFRb AREF
 1.7969978e-001
 1.9722018e-001
 2.0856741e-001
 2.1377073e-001
 2.2518113e-001
 2.4532075e-001
 2.6610270e-001
 2.8466010e-001
 2.9081532e-001
 2.9018030e-001
 3.0173576e-001
 3.1268111e-001
 3.4183672e-001
 3.7011769e-001
 3.8192952e-001
 3.8058680e-001
 3.7393928e-001
 3.6942115e-001
 3.7194771e-001
 3.8186273e-001
 3.9721426e-001
 4.1660437e-001
 4.3823490e-001
 4.5859832e-001
 4.7685105e-001
 4.9134898e-001
 5.0386149e-001
 5.1421416e-001
 5.2324557e-001
 5.3175616e-001
 5.3953624e-001
 5.4623890e-001
 5.3837085e-001
 5.4505312e-001
 5.5063570e-001
 5.5509079e-001
 5.5708534e-001
 5.5802315e-001
 5.5797553e-001
 5.5740339e-001
 5.5652279e-001
 5.5551237e-001
 5.5472451e-001
 5.5402100e-001
 5.5364925e-001
 5.5350453e-001
 5.5365437e-001
 5.5422646e-001
 5.5519605e-001
 5.5639988e-001
 5.5797136e-001
 5.5983633e-001
 5.6200671e-001
 5.6443870e-001
 5.6709021e-001
 5.6979913e-001
 5.7267559e-001
 5.7543778e-001
 5.7809943e-001
 5.8068103e-001
 5.8302087e-001
 5.8520138e-001
 5.8697987e-001
 5.8867621e-001
 5.8986986e-001
 5.9109432e-001
 5.9214115e-001
 5.9308785e-001
 5.9401494e-001
 5.9507865e-001
 5.9667385e-001
 5.9763318e-001
 5.9942222e-001
 6.0162258e-001
 6.0389882e-001
 6.0712439e-001
 6.1048901e-001
 6.1442578e-001
 6.1918992e-001
 6.2407309e-001
 6.3013023e-001
 6.3552570e-001
 6.4152765e-001
 6.4789361e-001
 6.5332997e-001
 6.5957683e-001
 6.6534561e-001
 6.7192751e-001
 6.7828345e-001
 6.8358022e-001
 6.8921286e-001
 6.9400322e-001
 6.9787318e-001
 7.0165557e-001
 7.0431167e-001
 7.0688641e-001
 7.0300251e-001
 7.0577055e-001
 7.0798415e-001
 7.0971990e-001
 7.1115464e-001
 7.1240789e-001
 7.1337676e-001
 7.1426618e-001
 7.1544045e-001
 7.1642780e-001
 7.1789581e-001
 7.1951377e-001
 7.2043651e-001
 7.2055066e-001
 7.2031432e-001
 7.2033334e-001
 7.2029370e-001
 7.2157580e-001
 7.2271740e-001
 7.2375441e-001
 7.2502899e-001
 7.2580057e-001
 7.2572422e-001
 7.2482270e-001
 7.2368121e-001
 7.2123855e-001
 7.1738589e-001
 7.1241009e-001
 7.0709169e-001
 7.0224446e-001
 7.0079702e-001
 7.0479804e-001
 7.1208984e-001
 7.1886957e-001
 7.2460318e-001
 7.3009086e-001
 7.3367387e-001
 7.3678446e-001
 7.3933136e-001
 7.4174458e-001
 7.4417138e-001
 7.4583256e-001
 7.4774152e-001
 7.4888825e-001
 7.5047249e-001
 7.5284147e-001
 7.5529104e-001
 7.5658089e-001
 7.5664091e-001
 7.5718474e-001
 7.5785565e-001
 7.5851047e-001
 7.5991088e-001
 7.6094019e-001
 7.6196051e-001
 7.6216918e-001
 7.6046371e-001
 7.5425816e-001
 7.5043517e-001
 7.5627410e-001
 7.6170814e-001
 7.6339948e-001
 7.6202625e-001
 7.5866604e-001
 7.5971699e-001
 7.5728136e-001
 7.5395697e-001
 7.5071067e-001
 7.5151896e-001
 7.5232691e-001
 7.5140440e-001
 7.4991167e-001
 7.5184971e-001
 7.5504529e-001
 7.5928384e-001
 7.6215559e-001
 7.6358008e-001
 7.6496232e-001
 7.6662141e-001
 7.6906854e-001
 7.7125865e-001
 7.7421331e-001
 7.7604455e-001
 7.7723116e-001
 7.7866828e-001
 7.7938211e-001
 7.7961367e-001
 7.7979374e-001
 7.7951646e-001
 7.7849412e-001
 7.7759069e-001
 7.7699560e-001
 7.7536440e-001
 7.7186006e-001
 7.6838470e-001
 7.6451695e-001
 7.6029152e-001
 7.5594634e-001
 7.4893218e-001
 7.3487699e-001
 6.9963688e-001
 6.5315849e-001
 6.3931674e-001
 6.6403574e-001
 6.7419702e-001
 6.5922135e-001
 6.2966716e-001
 5.8839339e-001
 5.3953618e-001
 4.8516908e-001
 4.4296566e-001
 4.4295871e-001
 4.9835393e-001
 5.8906394e-001
 6.6048324e-001
 7.0013064e-001
 7.2156477e-001
 7.3389989e-001
 7.3969322e-001
 7.4354392e-001
 7.4296224e-001
 7.4052155e-001
 7.3688394e-001
 7.3145539e-001
 7.2590590e-001
 7.2066271e-001
 7.1744722e-001
-1.2300000e+034
