s07_AV97 Record=3800: ClinozoisiteEpidote HS299.2B  BECKb AREF
 1.8416327e-001
 2.0619756e-001
 2.1972667e-001
 2.2510746e-001
 2.3477751e-001
 2.5800535e-001
 2.7937761e-001
 2.9866782e-001
 3.0385199e-001
 3.0223304e-001
 3.1448147e-001
 3.2684919e-001
 3.5703382e-001
 3.8570473e-001
 3.9712307e-001
 3.9494014e-001
 3.8761488e-001
 3.8390976e-001
 3.8647401e-001
 3.9640665e-001
 4.1123095e-001
 4.3047485e-001
 4.5164460e-001
 4.7278669e-001
 4.9172243e-001
 5.0665361e-001
 5.1835573e-001
 5.2748764e-001
 5.3683078e-001
 5.4592472e-001
 5.5335486e-001
 5.6058550e-001
 5.5208212e-001
 5.5949026e-001
 5.6492174e-001
 5.6968278e-001
 5.7219607e-001
 5.7312852e-001
 5.7385916e-001
 5.7355350e-001
 5.7417256e-001
 5.7286900e-001
 5.7210928e-001
 5.7240474e-001
 5.7243228e-001
 5.7450253e-001
 5.7489318e-001
 5.7258087e-001
 5.7692373e-001
 5.7936054e-001
 5.7605010e-001
 5.8075076e-001
 5.8048874e-001
 5.8359689e-001
 5.8704662e-001
 5.8255064e-001
 5.8464235e-001
 5.8831155e-001
 5.9134513e-001
 5.9184545e-001
 5.9517097e-001
 5.9598124e-001
 5.9488940e-001
 5.9506702e-001
 5.9773481e-001
 5.9727752e-001
 5.9866065e-001
 6.0016084e-001
 5.9854561e-001
 5.9735692e-001
 5.9823924e-001
 6.0043287e-001
 6.0179281e-001
 6.0150850e-001
 6.0455906e-001
 6.0892075e-001
 6.1165088e-001
 6.1393803e-001
 6.1952811e-001
 6.2328756e-001
 6.2937969e-001
 6.3532305e-001
 6.3921905e-001
 6.4470577e-001
 6.5146267e-001
 6.5657109e-001
 6.6236091e-001
 6.6764629e-001
 6.7540538e-001
 6.8040484e-001
 6.8547016e-001
 6.9312876e-001
 6.9578820e-001
 6.9843245e-001
 7.0250547e-001
 7.0402718e-001
 7.0028734e-001
 7.0331228e-001
 7.0453376e-001
 7.0545965e-001
 7.0687842e-001
 7.0741326e-001
 7.0933723e-001
 7.0904303e-001
 7.1002644e-001
 7.1065736e-001
 7.1306628e-001
 7.1447366e-001
 7.1497101e-001
 7.1495086e-001
 7.1340114e-001
 7.1588731e-001
 7.1536809e-001
 7.1682084e-001
 7.1823281e-001
 7.1806645e-001
 7.1968722e-001
 7.1986973e-001
 7.1883959e-001
 7.2046113e-001
 7.1918118e-001
 7.1504229e-001
 7.1208197e-001
 7.0575130e-001
 7.0148182e-001
 6.9657475e-001
 6.9397086e-001
 7.0082533e-001
 7.0658380e-001
 7.1416241e-001
 7.2094488e-001
 7.2445619e-001
 7.2666967e-001
 7.3140830e-001
 7.3090059e-001
 7.3509336e-001
 7.3613894e-001
 7.4005485e-001
 7.4234349e-001
 7.4166220e-001
 7.3701072e-001
 7.3931360e-001
 7.4727821e-001
 7.4708426e-001
 7.4831074e-001
 7.5039518e-001
 7.4985337e-001
 7.5187534e-001
 7.5547570e-001
 7.5362116e-001
 7.5404590e-001
 7.5297123e-001
 7.5093120e-001
 7.4538344e-001
 7.4093139e-001
 7.4502969e-001
 7.5207627e-001
 7.5015497e-001
 7.4734229e-001
 7.4587369e-001
 7.4647999e-001
 7.4527377e-001
 7.4349231e-001
 7.4116117e-001
 7.4103844e-001
 7.4123418e-001
 7.4151635e-001
 7.3881507e-001
 7.4078375e-001
 7.4640131e-001
 7.5029182e-001
 7.4966288e-001
 7.5449657e-001
 7.5714654e-001
 7.5662816e-001
 7.6214755e-001
 7.6167750e-001
 7.5995964e-001
 7.6639998e-001
 7.6689285e-001
 7.6237077e-001
 7.6397622e-001
 7.6763737e-001
 7.6882744e-001
 7.7562773e-001
 7.7110273e-001
 7.6652157e-001
 7.7027452e-001
 7.6759273e-001
 7.6022303e-001
 7.5742209e-001
 7.5412071e-001
 7.4989790e-001
 7.4403358e-001
 7.3673910e-001
 7.2412485e-001
 6.9176096e-001
 6.4212674e-001
 6.2529051e-001
 6.5287119e-001
 6.6951394e-001
 6.5577555e-001
 6.1480319e-001
 5.7927692e-001
 5.2399290e-001
 4.7534546e-001
 4.3113834e-001
 4.2856511e-001
 4.8164886e-001
 5.7150596e-001
 6.5593451e-001
 6.8866962e-001
 7.0919609e-001
 7.2383511e-001
 7.3167682e-001
 7.3252398e-001
 7.2970384e-001
 7.2706902e-001
 7.2526258e-001
 7.2277761e-001
 7.1894491e-001
 7.1393037e-001
 7.0810801e-001
 7.0185560e-001
