s07_AV97 Record=465: Antigorite NMNH96917.d 70um  NIC4bb RREF
-1.2300000e+034
-1.2300000e+034
-1.2300000e+034
-1.2300000e+034
-1.2300000e+034
-1.2300000e+034
-1.2300000e+034
-1.2300000e+034
-1.2300000e+034
-1.2300000e+034
-1.2300000e+034
-1.2300000e+034
-1.2300000e+034
-1.2300000e+034
-1.2300000e+034
-1.2300000e+034
-1.2300000e+034
-1.2300000e+034
-1.2300000e+034
-1.2300000e+034
-1.2300000e+034
-1.2300000e+034
-1.2300000e+034
-1.2300000e+034
-1.2300000e+034
-1.2300000e+034
-1.2300000e+034
-1.2300000e+034
-1.2300000e+034
-1.2300000e+034
-1.2300000e+034
-1.2300000e+034
-1.2300000e+034
-1.2300000e+034
-1.2300000e+034
-1.2300000e+034
-1.2300000e+034
-1.2300000e+034
-1.2300000e+034
-1.2300000e+034
-1.2300000e+034
-1.2300000e+034
-1.2300000e+034
-1.2300000e+034
-1.2300000e+034
-1.2300000e+034
-1.2300000e+034
-1.2300000e+034
-1.2300000e+034
-1.2300000e+034
-1.2300000e+034
-1.2300000e+034
-1.2300000e+034
-1.2300000e+034
-1.2300000e+034
-1.2300000e+034
-1.2300000e+034
-1.2300000e+034
-1.2300000e+034
-1.2300000e+034
-1.2300000e+034
-1.2300000e+034
-1.2300000e+034
-1.2300000e+034
-1.2300000e+034
-1.2300000e+034
-1.2300000e+034
-1.2300000e+034
-1.2300000e+034
-1.2300000e+034
-1.2300000e+034
-1.2300000e+034
-1.2300000e+034
-1.2300000e+034
-1.2300000e+034
-1.2300000e+034
-1.2300000e+034
-1.2300000e+034
-1.2300000e+034
-1.2300000e+034
-1.2300000e+034
-1.2300000e+034
-1.2300000e+034
-1.2300000e+034
-1.2300000e+034
-1.2300000e+034
-1.2300000e+034
-1.2300000e+034
-1.2300000e+034
-1.2300000e+034
-1.2300000e+034
-1.2300000e+034
-1.2300000e+034
-1.2300000e+034
-1.2300000e+034
-1.2300000e+034
-1.2300000e+034
-1.2300000e+034
-1.2300000e+034
-1.2300000e+034
-1.2300000e+034
-1.2300000e+034
-1.2300000e+034
-1.2300000e+034
-1.2300000e+034
-1.2300000e+034
-1.2300000e+034
-1.2300000e+034
 3.8393113e-001
 3.5382259e-001
 3.2643721e-001
 3.3783937e-001
 3.5797954e-001
 3.6859295e-001
 3.7204310e-001
 3.7452006e-001
 3.7665960e-001
 3.7888336e-001
 3.8120943e-001
 3.8417464e-001
 3.8739368e-001
 3.9053059e-001
 3.9385718e-001
 3.9704436e-001
 4.0057218e-001
 4.0448418e-001
 4.0867117e-001
 4.1251954e-001
 4.1627470e-001
 4.1955864e-001
 4.2293894e-001
 4.2666143e-001
 4.3022552e-001
 4.3375415e-001
 4.3683863e-001
 4.3968278e-001
 4.4217584e-001
 4.4483885e-001
 4.4759899e-001
 4.5047963e-001
 4.5318237e-001
 4.5541224e-001
 4.5728236e-001
 4.5889086e-001
 4.6040341e-001
 4.6223071e-001
 4.6410590e-001
 4.6603519e-001
 4.6784946e-001
 4.6914947e-001
 4.7004160e-001
 4.7076797e-001
 4.7143906e-001
 4.7267094e-001
 4.7375476e-001
 4.7469676e-001
 4.7544634e-001
 4.7616103e-001
 4.7663805e-001
 4.7614068e-001
 4.7637805e-001
 4.7519666e-001
 4.7288042e-001
 4.7032967e-001
 4.6851656e-001
 4.6682563e-001
 4.6464908e-001
 4.6184984e-001
 4.5865950e-001
 4.5567203e-001
 4.5434552e-001
 4.5504242e-001
 4.5713243e-001
 4.5975220e-001
 4.6316510e-001
 4.6717668e-001
 4.7057253e-001
 4.7288382e-001
 4.7425330e-001
 4.7441548e-001
 4.7165173e-001
 4.6598884e-001
 4.6216065e-001
 4.5959744e-001
 4.6013680e-001
 4.6097451e-001
 4.6177554e-001
 4.6384400e-001
 4.6674287e-001
 4.6877378e-001
 4.6963084e-001
 4.6907061e-001
 4.6737811e-001
 4.6485198e-001
 4.5980161e-001
 4.4626546e-001
 4.2676309e-001
 4.1350514e-001
 4.0538394e-001
 3.9088807e-001
 3.7058315e-001
 3.4873599e-001
 3.2298988e-001
 3.0345771e-001
 2.8277105e-001
 2.9022229e-001
 3.2125270e-001
 3.5245517e-001
 3.7082583e-001
 3.7341109e-001
 3.5769811e-001
 3.4705523e-001
 3.5693091e-001
 3.5782087e-001
 3.4862673e-001
 3.4432974e-001
 3.4291458e-001
 3.3705404e-001
 3.3185345e-001
 3.3550262e-001
 3.3807442e-001
 3.3205426e-001
 3.2211995e-001
 3.1673899e-001
