s07_AV97 Record=2411: Olivine GDS70.e Fo89 <30um  NIC4bbb RREF
-1.2300000e+034
-1.2300000e+034
-1.2300000e+034
-1.2300000e+034
-1.2300000e+034
-1.2300000e+034
-1.2300000e+034
-1.2300000e+034
-1.2300000e+034
-1.2300000e+034
-1.2300000e+034
-1.2300000e+034
-1.2300000e+034
-1.2300000e+034
-1.2300000e+034
-1.2300000e+034
-1.2300000e+034
-1.2300000e+034
-1.2300000e+034
-1.2300000e+034
-1.2300000e+034
-1.2300000e+034
-1.2300000e+034
-1.2300000e+034
-1.2300000e+034
-1.2300000e+034
-1.2300000e+034
-1.2300000e+034
-1.2300000e+034
-1.2300000e+034
-1.2300000e+034
-1.2300000e+034
-1.2300000e+034
-1.2300000e+034
-1.2300000e+034
-1.2300000e+034
-1.2300000e+034
-1.2300000e+034
-1.2300000e+034
-1.2300000e+034
-1.2300000e+034
-1.2300000e+034
-1.2300000e+034
-1.2300000e+034
-1.2300000e+034
-1.2300000e+034
-1.2300000e+034
-1.2300000e+034
-1.2300000e+034
-1.2300000e+034
-1.2300000e+034
-1.2300000e+034
-1.2300000e+034
-1.2300000e+034
-1.2300000e+034
-1.2300000e+034
-1.2300000e+034
-1.2300000e+034
-1.2300000e+034
-1.2300000e+034
-1.2300000e+034
-1.2300000e+034
-1.2300000e+034
-1.2300000e+034
-1.2300000e+034
-1.2300000e+034
-1.2300000e+034
-1.2300000e+034
-1.2300000e+034
-1.2300000e+034
-1.2300000e+034
-1.2300000e+034
-1.2300000e+034
-1.2300000e+034
-1.2300000e+034
-1.2300000e+034
-1.2300000e+034
-1.2300000e+034
-1.2300000e+034
-1.2300000e+034
-1.2300000e+034
-1.2300000e+034
-1.2300000e+034
-1.2300000e+034
-1.2300000e+034
-1.2300000e+034
-1.2300000e+034
-1.2300000e+034
-1.2300000e+034
-1.2300000e+034
-1.2300000e+034
-1.2300000e+034
-1.2300000e+034
-1.2300000e+034
-1.2300000e+034
-1.2300000e+034
-1.2300000e+034
-1.2300000e+034
-1.2300000e+034
 5.9800637e-001
 6.0247153e-001
 6.0753107e-001
 6.1287367e-001
 6.1846000e-001
 6.2414008e-001
 6.2968487e-001
 6.3459259e-001
 6.4034909e-001
 6.4652693e-001
 6.5271336e-001
 6.5923685e-001
 6.6591209e-001
 6.7266440e-001
 6.7947406e-001
 6.8622988e-001
 6.9286132e-001
 6.9919348e-001
 7.0532781e-001
 7.1112454e-001
 7.1663147e-001
 7.2182775e-001
 7.2678357e-001
 7.3153108e-001
 7.3606098e-001
 7.4021202e-001
 7.4422121e-001
 7.4790388e-001
 7.5132722e-001
 7.5441492e-001
 7.5727671e-001
 7.5986111e-001
 7.6208061e-001
 7.6401561e-001
 7.6570708e-001
 7.6714182e-001
 7.6839304e-001
 7.6937848e-001
 7.7012104e-001
 7.7080762e-001
 7.7146369e-001
 7.7193171e-001
 7.7239692e-001
 7.7275229e-001
 7.7280712e-001
 7.7312440e-001
 7.7386677e-001
 7.7425635e-001
 7.7423084e-001
 7.7447319e-001
 7.7475071e-001
 7.7493852e-001
 7.7509838e-001
 7.7533430e-001
 7.7542019e-001
 7.7539814e-001
 7.7542502e-001
 7.7550966e-001
 7.7549392e-001
 7.7524090e-001
 7.7498472e-001
 7.7508575e-001
 7.7460390e-001
 7.7362853e-001
 7.7246040e-001
 7.7162898e-001
 7.7116632e-001
 7.7097887e-001
 7.7095640e-001
 7.7096367e-001
 7.7084351e-001
 7.7080917e-001
 7.7083892e-001
 7.7088684e-001
 7.7095246e-001
 7.7111000e-001
 7.7117515e-001
 7.7121300e-001
 7.7120841e-001
 7.7117705e-001
 7.7121270e-001
 7.7129817e-001
 7.7131289e-001
 7.7127165e-001
 7.7123272e-001
 7.7117401e-001
 7.7102244e-001
 7.7079487e-001
 7.7064526e-001
 7.7054560e-001
 7.7041560e-001
 7.7028978e-001
 7.7001947e-001
 7.6977134e-001
 7.6934981e-001
 7.6912278e-001
 7.6884800e-001
 7.6834381e-001
 7.6763171e-001
 7.6658338e-001
 7.6516795e-001
 7.6421344e-001
 7.6332957e-001
 7.6179367e-001
 7.6042962e-001
 7.6174837e-001
 7.6278198e-001
 7.6206958e-001
 7.6106763e-001
 7.6175928e-001
 7.6216686e-001
 7.6198602e-001
 7.6186466e-001
 7.6197660e-001
 7.6194459e-001
 7.6181233e-001
 7.6171893e-001
 7.6152170e-001
 7.6127237e-001
 7.6085454e-001
 7.6070029e-001
 7.6088649e-001
 7.6117349e-001
 7.6120627e-001
 7.6108962e-001
