s07_AV97 Record=4054: Montmorillonite-Na CU93-52A   BECKc AREF
 1.2846571e-001
 1.3826102e-001
 1.5014151e-001
 1.6142340e-001
 1.7174342e-001
 1.8193312e-001
 1.9323313e-001
 2.0724964e-001
 2.2073644e-001
 2.3161598e-001
 2.3936273e-001
 2.4636541e-001
 2.5476870e-001
 2.6613668e-001
 2.7846020e-001
 2.9198521e-001
 3.0651814e-001
 3.2273674e-001
 3.4080642e-001
 3.5954913e-001
 3.7902507e-001
 3.9643833e-001
 4.1139117e-001
 4.2312798e-001
 4.3179303e-001
 4.3842161e-001
 4.4364718e-001
 4.4816372e-001
 4.5242146e-001
 4.5710060e-001
 4.6171176e-001
 4.6684206e-001
 4.6088666e-001
 4.6587756e-001
 4.7097608e-001
 4.7601196e-001
 4.8029864e-001
 4.8469791e-001
 4.8871040e-001
 4.9239144e-001
 4.9579135e-001
 4.9815023e-001
 5.0070959e-001
 5.0270760e-001
 5.0401306e-001
 5.0490010e-001
 5.0534272e-001
 5.0528097e-001
 5.0464666e-001
 5.0418746e-001
 5.0467706e-001
 5.0403672e-001
 5.0361961e-001
 5.0247389e-001
 5.0218868e-001
 5.0314283e-001
 5.0294691e-001
 5.0238878e-001
 5.0008303e-001
 5.0085539e-001
 5.0374389e-001
 5.0425339e-001
 5.0383681e-001
 5.0685346e-001
 5.0918019e-001
 5.1038069e-001
 5.1121414e-001
 5.1262569e-001
 5.1260948e-001
 5.1339501e-001
 5.1623434e-001
 5.1718277e-001
 5.1814824e-001
 5.1909423e-001
 5.1993775e-001
 5.2087158e-001
 5.2149129e-001
 5.2236855e-001
 5.2272809e-001
 5.2368057e-001
 5.2469242e-001
 5.2548820e-001
 5.2561980e-001
 5.2586156e-001
 5.2536297e-001
 5.2563739e-001
 5.2739674e-001
 5.2904916e-001
 5.2842456e-001
 5.2904987e-001
 5.2940404e-001
 5.3015876e-001
 5.3034449e-001
 5.3138423e-001
 5.3163731e-001
 5.3219336e-001
 5.3152102e-001
 5.3195703e-001
 5.3235972e-001
 5.3276378e-001
 5.3266346e-001
 5.3228474e-001
 5.3236818e-001
 5.3147656e-001
 5.3071254e-001
 5.2966994e-001
 5.2889442e-001
 5.2947104e-001
 5.2741605e-001
 5.2244639e-001
 5.1203239e-001
 4.9934602e-001
 4.8866063e-001
 4.9133348e-001
 4.9714038e-001
 5.0063163e-001
 5.0344294e-001
 5.0616634e-001
 5.0830519e-001
 5.1102859e-001
 5.1389831e-001
 5.1637322e-001
 5.1866251e-001
 5.2129537e-001
 5.2188700e-001
 5.2323419e-001
 5.2547687e-001
 5.2718973e-001
 5.2592915e-001
 5.2634007e-001
 5.2760738e-001
 5.2812809e-001
 5.2880561e-001
 5.2945834e-001
 5.2950644e-001
 5.2981633e-001
 5.3083545e-001
 5.3079474e-001
 5.2968550e-001
 5.2855718e-001
 5.3181088e-001
 5.3252715e-001
 5.3029794e-001
 5.2764183e-001
 5.2687681e-001
 5.2720797e-001
 5.2792543e-001
 5.2599192e-001
 5.2467060e-001
 5.2625871e-001
 5.2673793e-001
 5.2442485e-001
 5.2277499e-001
 5.2258885e-001
 5.2353084e-001
 5.2404600e-001
 5.2332014e-001
 5.1945299e-001
 5.1185447e-001
 4.9505123e-001
 5.0175446e-001
 4.7484735e-001
 4.3338913e-001
 3.9922240e-001
 3.9371723e-001
 3.9642385e-001
 3.9772162e-001
 4.0481767e-001
 4.1693074e-001
 4.2873040e-001
 4.3703538e-001
 4.4690511e-001
 4.5731676e-001
 4.6835378e-001
 4.7581613e-001
 4.7985932e-001
 4.8235109e-001
 4.8468724e-001
 4.8611629e-001
 4.8840901e-001
 4.8862895e-001
 4.8708463e-001
 4.8733991e-001
 4.8798785e-001
 4.8806521e-001
 4.8798883e-001
 4.8856151e-001
 4.8494601e-001
 4.8000389e-001
 4.7439280e-001
 4.6915641e-001
 4.6261224e-001
 4.5141202e-001
 4.4375351e-001
 4.4583499e-001
 4.5201766e-001
 4.5403281e-001
 4.5406500e-001
 4.5551544e-001
 4.5698988e-001
 4.5814824e-001
 4.5549542e-001
 4.5024928e-001
 4.4845572e-001
 4.4659111e-001
 4.4488528e-001
 4.3693081e-001
 4.2844611e-001
 4.2725083e-001
 4.2513132e-001
 4.1987687e-001
 4.1148281e-001
 4.0495428e-001
 3.9698941e-001
 3.8799846e-001
 3.8028350e-001
 3.7356347e-001
 3.6696655e-001
 3.6113241e-001
 3.5516575e-001
 3.5005179e-001
 3.4575018e-001
 3.4214756e-001
 3.3916956e-001
