s07_AV97 Record=2442: Olivine HS420.3B            NIC4cbb RREF
-1.2300000e+034
-1.2300000e+034
-1.2300000e+034
-1.2300000e+034
-1.2300000e+034
-1.2300000e+034
-1.2300000e+034
-1.2300000e+034
-1.2300000e+034
-1.2300000e+034
-1.2300000e+034
-1.2300000e+034
-1.2300000e+034
-1.2300000e+034
-1.2300000e+034
-1.2300000e+034
-1.2300000e+034
-1.2300000e+034
-1.2300000e+034
-1.2300000e+034
-1.2300000e+034
-1.2300000e+034
-1.2300000e+034
-1.2300000e+034
-1.2300000e+034
-1.2300000e+034
-1.2300000e+034
-1.2300000e+034
-1.2300000e+034
-1.2300000e+034
-1.2300000e+034
-1.2300000e+034
-1.2300000e+034
-1.2300000e+034
-1.2300000e+034
-1.2300000e+034
-1.2300000e+034
-1.2300000e+034
-1.2300000e+034
-1.2300000e+034
-1.2300000e+034
-1.2300000e+034
-1.2300000e+034
-1.2300000e+034
-1.2300000e+034
-1.2300000e+034
-1.2300000e+034
-1.2300000e+034
-1.2300000e+034
-1.2300000e+034
-1.2300000e+034
-1.2300000e+034
-1.2300000e+034
-1.2300000e+034
-1.2300000e+034
-1.2300000e+034
-1.2300000e+034
-1.2300000e+034
-1.2300000e+034
-1.2300000e+034
-1.2300000e+034
-1.2300000e+034
-1.2300000e+034
-1.2300000e+034
-1.2300000e+034
-1.2300000e+034
-1.2300000e+034
-1.2300000e+034
-1.2300000e+034
-1.2300000e+034
-1.2300000e+034
-1.2300000e+034
-1.2300000e+034
-1.2300000e+034
-1.2300000e+034
-1.2300000e+034
-1.2300000e+034
-1.2300000e+034
-1.2300000e+034
-1.2300000e+034
-1.2300000e+034
-1.2300000e+034
-1.2300000e+034
-1.2300000e+034
-1.2300000e+034
-1.2300000e+034
-1.2300000e+034
-1.2300000e+034
-1.2300000e+034
-1.2300000e+034
-1.2300000e+034
-1.2300000e+034
-1.2300000e+034
-1.2300000e+034
-1.2300000e+034
-1.2300000e+034
-1.2300000e+034
-1.2300000e+034
-1.2300000e+034
-1.2300000e+034
-1.2300000e+034
-1.2300000e+034
-1.2300000e+034
-1.2300000e+034
-1.2300000e+034
-1.2300000e+034
-1.2300000e+034
-1.2300000e+034
-1.2300000e+034
-1.2300000e+034
-1.2300000e+034
-1.2300000e+034
-1.2300000e+034
-1.2300000e+034
-1.2300000e+034
-1.2300000e+034
-1.2300000e+034
-1.2300000e+034
-1.2300000e+034
-1.2300000e+034
-1.2300000e+034
-1.2300000e+034
-1.2300000e+034
-1.2300000e+034
-1.2300000e+034
-1.2300000e+034
-1.2300000e+034
-1.2300000e+034
-1.2300000e+034
-1.2300000e+034
-1.2300000e+034
-1.2300000e+034
-1.2300000e+034
 3.9084530e-001
 3.9800638e-001
 4.0485290e-001
 4.1126749e-001
 4.1671479e-001
 4.2184415e-001
 4.2605984e-001
 4.3025813e-001
 4.3396127e-001
 4.3741688e-001
 4.4019675e-001
 4.4299650e-001
 4.4585890e-001
 4.4857776e-001
 4.5083803e-001
 4.5267606e-001
 4.5464218e-001
 4.5640263e-001
 4.5813477e-001
 4.5992357e-001
 4.6180996e-001
 4.6358851e-001
 4.6508825e-001
 4.6606788e-001
 4.6716991e-001
 4.6869406e-001
 4.6862811e-001
 4.6864054e-001
 4.6930817e-001
 4.7065139e-001
 4.7145706e-001
 4.7224489e-001
 4.7304693e-001
 4.7377312e-001
 4.7446400e-001
 4.7506568e-001
 4.7534311e-001
 4.7607937e-001
 4.7725251e-001
 4.7837502e-001
 4.7974265e-001
 4.8094496e-001
 4.8198193e-001
 4.8311016e-001
 4.8385867e-001
 4.8449168e-001
 4.8507529e-001
 4.8540509e-001
 4.8561832e-001
 4.8639539e-001
 4.8720521e-001
 4.8828274e-001
 4.8918018e-001
 4.9006310e-001
 4.9118233e-001
 4.9173293e-001
 4.9209717e-001
 4.9224111e-001
 4.9209866e-001
 4.9213392e-001
 4.9235204e-001
 4.9251777e-001
 4.9259099e-001
 4.9208826e-001
 4.9201873e-001
 4.9232563e-001
 4.9137259e-001
 4.9108547e-001
 4.9091703e-001
 4.8963144e-001
 4.8704979e-001
 4.8319718e-001
 4.8120919e-001
 4.8198855e-001
 4.8756391e-001
 4.9089712e-001
 4.9093783e-001
 4.9085757e-001
 4.9099293e-001
 4.9113083e-001
 4.9153149e-001
 4.9079728e-001
 4.8863533e-001
 4.8685560e-001
 4.8653719e-001
 4.8589668e-001
 4.8370832e-001
 4.7982413e-001
 4.7916159e-001
 4.7902900e-001
 4.7930488e-001
