s07_AV97 Record=489: Arsenopyrite HS262.1B        ASDFRc AREF
 8.7369017e-002
 9.0264402e-002
 9.2962220e-002
 9.5051266e-002
 9.6836396e-002
 9.8263204e-002
 9.9330455e-002
 9.9874929e-002
 1.0044374e-001
 1.0068820e-001
 1.0091683e-001
 1.0104706e-001
 1.0113812e-001
 1.0115243e-001
 1.0112406e-001
 1.0103202e-001
 1.0091545e-001
 1.0075981e-001
 1.0060343e-001
 1.0044900e-001
 1.0027686e-001
 1.0009862e-001
 9.9977560e-002
 9.9822395e-002
 9.9671550e-002
 9.9604800e-002
 9.9449210e-002
 9.9441491e-002
 9.9403791e-002
 9.9353500e-002
 9.9336244e-002
 9.9351019e-002
 9.9338211e-002
 9.9343754e-002
 9.9381045e-002
 9.9406101e-002
 9.9426307e-002
 9.9475957e-002
 9.9525861e-002
 9.9603608e-002
 9.9660724e-002
 9.9715836e-002
 9.9778526e-002
 9.9836811e-002
 9.9906623e-002
 9.9963203e-002
 1.0004175e-001
 1.0012200e-001
 1.0019514e-001
 1.0027400e-001
 1.0035579e-001
 1.0044839e-001
 1.0057709e-001
 1.0067619e-001
 1.0074805e-001
 1.0085132e-001
 1.0095381e-001
 1.0108382e-001
 1.0116304e-001
 1.0127867e-001
 1.0133377e-001
 1.0144629e-001
 1.0154145e-001
 1.0161965e-001
 1.0169525e-001
 1.0174780e-001
 1.0177317e-001
 1.0221130e-001
 1.0206039e-001
 1.0263611e-001
 1.0259800e-001
 1.0275881e-001
 1.0289416e-001
 1.0295979e-001
 1.0316359e-001
 1.0334372e-001
 1.0355128e-001
 1.0362732e-001
 1.0369704e-001
 1.0381865e-001
 1.0398748e-001
 1.0414132e-001
 1.0435598e-001
 1.0456028e-001
 1.0466027e-001
 1.0480791e-001
 1.0492395e-001
 1.0500624e-001
 1.0527427e-001
 1.0543462e-001
 1.0563692e-001
 1.0577468e-001
 1.0598574e-001
 1.0624082e-001
 1.0640753e-001
 1.0668341e-001
 1.0635543e-001
 1.0653801e-001
 1.0678611e-001
 1.0702065e-001
 1.0727248e-001
 1.0743911e-001
 1.0769220e-001
 1.0793202e-001
 1.0817249e-001
 1.0845129e-001
 1.0878728e-001
 1.0917519e-001
 1.0941806e-001
 1.0973402e-001
 1.1000801e-001
 1.1026024e-001
 1.1045882e-001
 1.1069043e-001
 1.1088889e-001
 1.1116376e-001
 1.1137465e-001
 1.1165863e-001
 1.1193534e-001
 1.1221294e-001
 1.1246361e-001
 1.1270073e-001
 1.1294137e-001
 1.1322787e-001
 1.1351087e-001
 1.1372943e-001
 1.1397690e-001
 1.1421810e-001
 1.1456252e-001
 1.1485162e-001
 1.1509432e-001
 1.1540458e-001
 1.1564089e-001
 1.1586576e-001
 1.1612181e-001
 1.1638378e-001
 1.1660440e-001
 1.1686287e-001
 1.1713553e-001
 1.1740822e-001
 1.1767922e-001
 1.1802550e-001
 1.1834791e-001
 1.1868321e-001
 1.1890781e-001
 1.1914677e-001
 1.1945410e-001
 1.1970142e-001
 1.1990129e-001
 1.2027230e-001
 1.2054317e-001
 1.2075537e-001
 1.2106087e-001
 1.2140851e-001
 1.2182949e-001
 1.2204097e-001
 1.2233093e-001
 1.2266748e-001
 1.2306105e-001
 1.2322019e-001
 1.2315986e-001
 1.2345441e-001
 1.2383442e-001
 1.2405640e-001
 1.2430049e-001
 1.2446256e-001
 1.2481301e-001
 1.2510575e-001
 1.2532990e-001
 1.2554361e-001
 1.2580398e-001
 1.2623462e-001
 1.2665437e-001
 1.2717444e-001
 1.2764822e-001
 1.2812167e-001
 1.2850688e-001
 1.2911510e-001
 1.2966220e-001
 1.3012406e-001
 1.3065302e-001
 1.3118429e-001
 1.3160732e-001
 1.3203698e-001
 1.3253410e-001
 1.3285783e-001
 1.3322613e-001
 1.3359113e-001
 1.3401967e-001
 1.3446970e-001
 1.3481186e-001
 1.3532454e-001
 1.3587011e-001
 1.3631886e-001
 1.3674994e-001
 1.3722408e-001
 1.3787431e-001
 1.3853148e-001
 1.3917765e-001
 1.3969097e-001
 1.4033756e-001
 1.4090586e-001
 1.4141914e-001
 1.4202616e-001
 1.4270221e-001
 1.4337808e-001
 1.4390764e-001
 1.4441426e-001
 1.4508767e-001
 1.4561284e-001
 1.4603098e-001
 1.4621115e-001
 1.4654168e-001
 1.4722291e-001
 1.4750879e-001
 1.4793086e-001
 1.4828545e-001
 1.4901447e-001
 1.4933921e-001
 1.4897321e-001
 1.4981832e-001
 1.5051576e-001
 1.5017131e-001
-1.2300000e+034
