s07_AV97 Record=2661: Prochlorite SMR-14.b  32um    NIC4a RREF
-1.2300000e+034
-1.2300000e+034
-1.2300000e+034
-1.2300000e+034
-1.2300000e+034
-1.2300000e+034
-1.2300000e+034
-1.2300000e+034
-1.2300000e+034
-1.2300000e+034
-1.2300000e+034
-1.2300000e+034
-1.2300000e+034
-1.2300000e+034
-1.2300000e+034
-1.2300000e+034
-1.2300000e+034
-1.2300000e+034
-1.2300000e+034
-1.2300000e+034
-1.2300000e+034
-1.2300000e+034
-1.2300000e+034
-1.2300000e+034
-1.2300000e+034
-1.2300000e+034
-1.2300000e+034
-1.2300000e+034
-1.2300000e+034
-1.2300000e+034
-1.2300000e+034
-1.2300000e+034
-1.2300000e+034
-1.2300000e+034
-1.2300000e+034
-1.2300000e+034
-1.2300000e+034
-1.2300000e+034
-1.2300000e+034
-1.2300000e+034
-1.2300000e+034
-1.2300000e+034
-1.2300000e+034
-1.2300000e+034
-1.2300000e+034
-1.2300000e+034
-1.2300000e+034
-1.2300000e+034
-1.2300000e+034
-1.2300000e+034
-1.2300000e+034
-1.2300000e+034
-1.2300000e+034
-1.2300000e+034
-1.2300000e+034
-1.2300000e+034
-1.2300000e+034
-1.2300000e+034
-1.2300000e+034
-1.2300000e+034
-1.2300000e+034
-1.2300000e+034
-1.2300000e+034
-1.2300000e+034
-1.2300000e+034
-1.2300000e+034
-1.2300000e+034
-1.2300000e+034
-1.2300000e+034
-1.2300000e+034
-1.2300000e+034
-1.2300000e+034
-1.2300000e+034
-1.2300000e+034
-1.2300000e+034
-1.2300000e+034
-1.2300000e+034
-1.2300000e+034
-1.2300000e+034
-1.2300000e+034
-1.2300000e+034
-1.2300000e+034
-1.2300000e+034
-1.2300000e+034
-1.2300000e+034
-1.2300000e+034
-1.2300000e+034
-1.2300000e+034
-1.2300000e+034
-1.2300000e+034
-1.2300000e+034
-1.2300000e+034
-1.2300000e+034
-1.2300000e+034
-1.2300000e+034
-1.2300000e+034
-1.2300000e+034
-1.2300000e+034
-1.2300000e+034
-1.2300000e+034
-1.2300000e+034
 1.0534997e-001
 1.2320731e-001
 1.3840142e-001
 1.5028523e-001
 1.5946335e-001
 1.6623300e-001
 1.7113581e-001
 1.7497998e-001
 1.7716038e-001
 1.7481555e-001
 1.7598702e-001
 1.7983229e-001
 1.8390477e-001
 1.8609996e-001
 1.8784255e-001
 1.9004171e-001
 1.9263974e-001
 1.9556955e-001
 1.9842137e-001
 2.0118004e-001
 2.0386739e-001
 2.0637858e-001
 2.0878933e-001
 2.1151228e-001
 2.1452989e-001
 2.1784264e-001
 2.2105166e-001
 2.2436881e-001
 2.2752482e-001
 2.3077305e-001
 2.3420654e-001
 2.3764469e-001
 2.4104515e-001
 2.4447839e-001
 2.4757417e-001
 2.5040281e-001
 2.5324062e-001
 2.5626221e-001
 2.5933301e-001
 2.6226601e-001
 2.6495466e-001
 2.6743925e-001
 2.6979885e-001
 2.7224860e-001
 2.7462414e-001
 2.7700007e-001
 2.7933601e-001
 2.8175691e-001
 2.8386179e-001
 2.8576326e-001
 2.8747022e-001
 2.8924775e-001
 2.9116794e-001
 2.9317415e-001
 2.9507041e-001
 2.9640639e-001
 2.9732889e-001
 2.9864511e-001
 2.9893163e-001
 2.9881266e-001
 2.9997668e-001
 3.0235258e-001
 3.0444199e-001
 3.0604315e-001
 3.0731648e-001
 3.0821922e-001
 3.0848989e-001
 3.0863282e-001
 3.0889750e-001
 3.0859017e-001
 3.0838272e-001
 3.0901831e-001
 3.1069851e-001
 3.1349835e-001
 3.1700933e-001
 3.2015818e-001
 3.2263726e-001
 3.2448632e-001
 3.2580057e-001
 3.2675213e-001
 3.2755485e-001
 3.2787135e-001
 3.2787412e-001
 3.2835796e-001
 3.2938769e-001
 3.3073324e-001
 3.3165216e-001
 3.3206916e-001
 3.3219129e-001
 3.3177489e-001
 3.3076361e-001
 3.2928544e-001
 3.2763147e-001
 3.2516813e-001
 3.1965560e-001
 3.0793595e-001
 2.9325357e-001
 2.9162079e-001
 2.9633343e-001
 2.9798660e-001
 2.9361984e-001
 2.8720033e-001
 2.8333843e-001
 2.7924156e-001
 2.7377334e-001
 2.6891330e-001
 2.6857197e-001
 2.7386114e-001
 2.8248584e-001
 2.9154646e-001
 2.9723388e-001
 3.0023932e-001
 3.0293518e-001
 3.0515718e-001
 3.0526567e-001
 3.0362779e-001
 3.0143371e-001
 2.9770502e-001
 2.9310429e-001
 2.8936902e-001
 2.8708190e-001
 2.8596833e-001
 2.8565034e-001
