s07_AV97 Record=2559: Pectolite NMNH94865.a        NIC4bb RREF
-1.2300000e+034
-1.2300000e+034
-1.2300000e+034
-1.2300000e+034
-1.2300000e+034
-1.2300000e+034
-1.2300000e+034
-1.2300000e+034
-1.2300000e+034
-1.2300000e+034
-1.2300000e+034
-1.2300000e+034
-1.2300000e+034
-1.2300000e+034
-1.2300000e+034
-1.2300000e+034
-1.2300000e+034
-1.2300000e+034
-1.2300000e+034
-1.2300000e+034
-1.2300000e+034
-1.2300000e+034
-1.2300000e+034
-1.2300000e+034
-1.2300000e+034
-1.2300000e+034
-1.2300000e+034
-1.2300000e+034
-1.2300000e+034
-1.2300000e+034
-1.2300000e+034
-1.2300000e+034
-1.2300000e+034
-1.2300000e+034
-1.2300000e+034
-1.2300000e+034
-1.2300000e+034
-1.2300000e+034
-1.2300000e+034
-1.2300000e+034
-1.2300000e+034
-1.2300000e+034
-1.2300000e+034
-1.2300000e+034
-1.2300000e+034
-1.2300000e+034
-1.2300000e+034
-1.2300000e+034
-1.2300000e+034
-1.2300000e+034
-1.2300000e+034
-1.2300000e+034
-1.2300000e+034
-1.2300000e+034
-1.2300000e+034
-1.2300000e+034
-1.2300000e+034
-1.2300000e+034
-1.2300000e+034
-1.2300000e+034
-1.2300000e+034
-1.2300000e+034
-1.2300000e+034
-1.2300000e+034
-1.2300000e+034
-1.2300000e+034
-1.2300000e+034
-1.2300000e+034
-1.2300000e+034
-1.2300000e+034
-1.2300000e+034
-1.2300000e+034
-1.2300000e+034
-1.2300000e+034
-1.2300000e+034
-1.2300000e+034
-1.2300000e+034
-1.2300000e+034
-1.2300000e+034
-1.2300000e+034
-1.2300000e+034
-1.2300000e+034
-1.2300000e+034
-1.2300000e+034
-1.2300000e+034
-1.2300000e+034
-1.2300000e+034
-1.2300000e+034
-1.2300000e+034
-1.2300000e+034
-1.2300000e+034
-1.2300000e+034
-1.2300000e+034
-1.2300000e+034
-1.2300000e+034
-1.2300000e+034
-1.2300000e+034
-1.2300000e+034
-1.2300000e+034
-1.2300000e+034
-1.2300000e+034
-1.2300000e+034
-1.2300000e+034
-1.2300000e+034
-1.2300000e+034
-1.2300000e+034
-1.2300000e+034
-1.2300000e+034
-1.2300000e+034
-1.2300000e+034
-1.2300000e+034
-1.2300000e+034
-1.2300000e+034
-1.2300000e+034
-1.2300000e+034
-1.2300000e+034
-1.2300000e+034
-1.2300000e+034
-1.2300000e+034
-1.2300000e+034
-1.2300000e+034
-1.2300000e+034
-1.2300000e+034
-1.2300000e+034
-1.2300000e+034
-1.2300000e+034
-1.2300000e+034
-1.2300000e+034
-1.2300000e+034
-1.2300000e+034
-1.2300000e+034
-1.2300000e+034
-1.2300000e+034
 2.6281047e-001
 2.6322359e-001
 2.6348245e-001
 2.6394218e-001
 2.6390350e-001
 2.6397079e-001
 2.6400691e-001
 2.6350915e-001
 2.6290017e-001
 2.6192811e-001
 2.6098093e-001
 2.6016015e-001
 2.5947917e-001
 2.5868899e-001
 2.5794992e-001
 2.5698778e-001
 2.5616100e-001
 2.5537726e-001
 2.5455177e-001
 2.5367606e-001
 2.5279319e-001
 2.5180489e-001
 2.5066674e-001
 2.4938053e-001
 2.4778222e-001
 2.4579726e-001
 2.4401867e-001
 2.4458501e-001
 2.4266417e-001
 2.4067068e-001
 2.3881699e-001
 2.3715200e-001
 2.3549323e-001
 2.3373559e-001
 2.3206507e-001
 2.3014425e-001
 2.2819999e-001
 2.2633278e-001
 2.2452572e-001
 2.2285302e-001
 2.2128066e-001
 2.1962802e-001
 2.1783717e-001
 2.1609603e-001
 2.1418804e-001
 2.1207997e-001
 2.0993347e-001
 2.0761877e-001
 2.0536475e-001
 2.0318678e-001
 2.0115615e-001
 1.9910711e-001
 1.9726263e-001
 1.9529282e-001
 1.9328976e-001
 1.9128680e-001
 1.8941014e-001
 1.8745777e-001
 1.8552727e-001
 1.8369833e-001
 1.8189792e-001
 1.8007147e-001
 1.7843679e-001
 1.7683539e-001
 1.7512167e-001
 1.7321606e-001
 1.7152971e-001
 1.6995962e-001
 1.6828988e-001
 1.6689441e-001
 1.6543239e-001
 1.6420263e-001
 1.6286102e-001
 1.6181129e-001
 1.6068518e-001
 1.5975538e-001
 1.5875475e-001
 1.5779208e-001
 1.5704888e-001
 1.5645465e-001
 1.5565188e-001
 1.5482631e-001
 1.5430483e-001
 1.5359370e-001
 1.5305741e-001
 1.5260299e-001
 1.5208310e-001
 1.5158363e-001
 1.5114817e-001
 1.5046318e-001
 1.4995903e-001
