s07_AV97 Record=1760: Kainite NMNH83904             BECKa AREF
 6.4485461e-001
 6.8015540e-001
 7.1316814e-001
 7.4231648e-001
 7.6576930e-001
 7.8385836e-001
 8.0143255e-001
 8.1762725e-001
 8.3024704e-001
 8.3826602e-001
 8.4315389e-001
 8.4787333e-001
 8.5332966e-001
 8.6001998e-001
 8.6659986e-001
 8.7287712e-001
 8.7893987e-001
 8.8376385e-001
 8.8807988e-001
 8.9099824e-001
 8.9461476e-001
 8.9710629e-001
 8.9973623e-001
 9.0124577e-001
 9.0060359e-001
 9.0105122e-001
 9.0240198e-001
 9.0415573e-001
 9.0519553e-001
 9.0620375e-001
 9.0721393e-001
 9.0863633e-001
 9.0705347e-001
 9.0840560e-001
 9.0930516e-001
 9.0997005e-001
 9.1058433e-001
 9.1134912e-001
 9.1192794e-001
 9.1189879e-001
 9.1243070e-001
 9.1197646e-001
 9.1044354e-001
 9.0949631e-001
 9.0788925e-001
 9.0858096e-001
 9.0790689e-001
 9.0879947e-001
 9.0846676e-001
 9.0851897e-001
 9.0630889e-001
 9.0677375e-001
 9.0711290e-001
 9.0444958e-001
 9.0291786e-001
 9.0159535e-001
 8.9998108e-001
 8.9827150e-001
 8.9462262e-001
 8.9380825e-001
 8.9428383e-001
 8.9103061e-001
 8.8340932e-001
 8.7944132e-001
 8.7161839e-001
 8.6042756e-001
 8.4957337e-001
 8.3913225e-001
 8.3209240e-001
 8.3261961e-001
 8.3765668e-001
 8.4338689e-001
 8.4879959e-001
 8.5264289e-001
 8.5532862e-001
 8.5810494e-001
 8.5724962e-001
 8.5740733e-001
 8.5585225e-001
 8.5327065e-001
 8.4849709e-001
 8.4429747e-001
 8.4017694e-001
 8.3214641e-001
 8.1907582e-001
 7.9990423e-001
 7.8048718e-001
 7.6026309e-001
 7.4727315e-001
 7.4385148e-001
 7.4367398e-001
 7.4417490e-001
 7.4474317e-001
 7.4730712e-001
 7.5318927e-001
 7.5959861e-001
 7.4935091e-001
 7.5657851e-001
 7.6403314e-001
 7.7353734e-001
 7.7743840e-001
 7.7881604e-001
 7.7469546e-001
 7.6439244e-001
 7.5170636e-001
 7.3723567e-001
 7.2175378e-001
 7.0473343e-001
 6.8970251e-001
 6.7625582e-001
 6.6090983e-001
 6.3952464e-001
 6.0923743e-001
 5.6532598e-001
 5.1318187e-001
 4.5738205e-001
 4.0604419e-001
 3.6120993e-001
 3.3816046e-001
 3.3462238e-001
 3.4011200e-001
 3.4265643e-001
 3.5204896e-001
 3.6206552e-001
 3.6589447e-001
 3.8150975e-001
 4.0272269e-001
 4.2106092e-001
 4.4020978e-001
 4.6052754e-001
 4.7821206e-001
 4.8993188e-001
 4.9635720e-001
 4.9677452e-001
 4.9797133e-001
 4.9772701e-001
 4.9724883e-001
 4.9594000e-001
 4.9266577e-001
 4.8919818e-001
 4.8270735e-001
 4.7797543e-001
 4.7129074e-001
 4.7120395e-001
 4.7020152e-001
 4.6680862e-001
 4.6405584e-001
 4.5999518e-001
 4.4921735e-001
 4.4201380e-001
 4.4611663e-001
 4.5604783e-001
 4.6389702e-001
 4.7307098e-001
 4.8252755e-001
 4.8847461e-001
 4.9141276e-001
 4.9325711e-001
 4.8387727e-001
 4.6673834e-001
 4.7260281e-001
 4.4955561e-001
 4.1436347e-001
 3.7108773e-001
 3.2255816e-001
 2.7823818e-001
 2.4090503e-001
 2.0894738e-001
 1.7841254e-001
 1.5490741e-001
 1.5369269e-001
 1.6514273e-001
 1.7348260e-001
 1.7619199e-001
 1.8940991e-001
 2.1470633e-001
 2.3003195e-001
 2.3900384e-001
 2.4753596e-001
 2.5519866e-001
 2.6140249e-001
 2.6543888e-001
 2.6939198e-001
 2.7348310e-001
 2.8193259e-001
 2.9453167e-001
 3.0646512e-001
 3.1717905e-001
 3.2369575e-001
 3.2699934e-001
 3.3011860e-001
 3.3217269e-001
 3.3178207e-001
 3.3340088e-001
 3.3935484e-001
 3.4626594e-001
 3.4868199e-001
 3.5224816e-001
 3.5720050e-001
 3.6017182e-001
 3.6293247e-001
 3.7090939e-001
 3.7412101e-001
 3.6820775e-001
 3.6262998e-001
 3.5533279e-001
 3.3717087e-001
 3.2191133e-001
 3.0066377e-001
 2.7606156e-001
 2.4976060e-001
 2.3104036e-001
 2.1740958e-001
 2.0217481e-001
 1.8638632e-001
 1.7408131e-001
 1.6508573e-001
 1.5811200e-001
 1.5269321e-001
 1.4676636e-001
 1.4035814e-001
 1.3388641e-001
 1.2797292e-001
 1.2316877e-001
