s07_AV97 Record=4107: Natrolite+Zeolite HS168.4B   ASDFRb AREF
 6.0413522e-001
 6.1431032e-001
 6.2616575e-001
 6.3598734e-001
 6.4311326e-001
 6.4840579e-001
 6.5344870e-001
 6.5943044e-001
 6.6550487e-001
 6.7122436e-001
 6.7623645e-001
 6.8000060e-001
 6.8275940e-001
 6.8513012e-001
 6.8749356e-001
 6.8969387e-001
 6.9145441e-001
 6.9286674e-001
 6.9325590e-001
 6.9291669e-001
 6.9222361e-001
 6.9165367e-001
 6.9158322e-001
 6.9079363e-001
 6.9066221e-001
 6.9018674e-001
 6.9206411e-001
 6.9390774e-001
 6.9553387e-001
 6.9637126e-001
 6.9653249e-001
 6.9701809e-001
 6.9651437e-001
 6.9685465e-001
 6.9810569e-001
 7.0090622e-001
 7.0452303e-001
 7.0832670e-001
 7.1199828e-001
 7.1575338e-001
 7.1891385e-001
 7.2357816e-001
 7.3103172e-001
 7.3858058e-001
 7.4546617e-001
 7.5160795e-001
 7.5721103e-001
 7.6210922e-001
 7.6647353e-001
 7.7021593e-001
 7.7206427e-001
 7.7426881e-001
 7.7922016e-001
 7.8347278e-001
 7.8678238e-001
 7.8910619e-001
 7.9096895e-001
 7.9220587e-001
 7.9312974e-001
 7.9331952e-001
 7.9006624e-001
 7.8518873e-001
 7.8141659e-001
 7.6742423e-001
 7.3710907e-001
 7.4085826e-001
 7.5511324e-001
 7.7167428e-001
 7.8073484e-001
 7.8632247e-001
 7.9037255e-001
 7.9267895e-001
 7.9467326e-001
 7.9597485e-001
 7.9649162e-001
 7.9673731e-001
 7.9706049e-001
 7.9701930e-001
 7.9600108e-001
 7.9524916e-001
 7.9419255e-001
 7.8816664e-001
 7.6295400e-001
 6.9666225e-001
 6.6561675e-001
 7.0338792e-001
 7.2180742e-001
 7.2708219e-001
 7.3225099e-001
 7.3790032e-001
 7.4290049e-001
 7.4663562e-001
 7.4930674e-001
 7.5198829e-001
 7.5465274e-001
 7.5663984e-001
 7.5313824e-001
 7.5576174e-001
 7.5733143e-001
 7.5701106e-001
 7.5376594e-001
 7.4804384e-001
 7.3620826e-001
 7.0812738e-001
 6.6367722e-001
 6.2375069e-001
 5.9639698e-001
 5.7854384e-001
 5.6364846e-001
 5.2798152e-001
 4.6581060e-001
 3.8002649e-001
 2.9048058e-001
 2.4571720e-001
 2.6365283e-001
 2.9804933e-001
 3.1296432e-001
 3.1350222e-001
 3.3465558e-001
 3.6994553e-001
 3.9801052e-001
 4.2817193e-001
 4.4919848e-001
 4.6355489e-001
 4.7202656e-001
 4.7610354e-001
 4.7746521e-001
 4.7863561e-001
 4.8030987e-001
 4.8168430e-001
 4.8225793e-001
 4.8281345e-001
 4.8435670e-001
 4.8663259e-001
 4.8969516e-001
 4.9321789e-001
 4.9732301e-001
 5.0124162e-001
 5.0460130e-001
 5.0642610e-001
 5.0599945e-001
 5.0450957e-001
 5.0210434e-001
 4.9680373e-001
 4.8727793e-001
 4.7443956e-001
 4.5670483e-001
 4.3247002e-001
 4.1580251e-001
 4.1014132e-001
 4.0742853e-001
 4.0465224e-001
 4.1133863e-001
 4.2461592e-001
 4.3384081e-001
 4.3261361e-001
 4.1917068e-001
 3.8929337e-001
 3.3739105e-001
 2.6226389e-001
 2.9486749e-001
 2.1215597e-001
 1.4286819e-001
 1.0513590e-001
 9.0146303e-002
 8.3742090e-002
 8.1341006e-002
 9.9681981e-002
 1.2553146e-001
 1.4233012e-001
 1.5458538e-001
 1.6391654e-001
 1.7114189e-001
 1.7892154e-001
 1.8888673e-001
 2.0145172e-001
 2.1385708e-001
 2.2354506e-001
 2.3020703e-001
 2.3392171e-001
 2.3685257e-001
 2.4246274e-001
 2.5110561e-001
 2.6004729e-001
 2.6705113e-001
 2.7218950e-001
 2.7701825e-001
 2.8097641e-001
 2.8413999e-001
 2.8734967e-001
 2.8813884e-001
 2.8629375e-001
 2.8837386e-001
 2.9804376e-001
 3.0969015e-001
 3.1854105e-001
 3.2418498e-001
 3.2622853e-001
 3.2455620e-001
 3.1969288e-001
 3.1436870e-001
 3.0945560e-001
 3.0279827e-001
 2.9341251e-001
 2.8221989e-001
 2.6977023e-001
 2.5548658e-001
 2.3973233e-001
 2.2345300e-001
 2.0518711e-001
 1.8719664e-001
 1.6922373e-001
 1.5067890e-001
 1.3219929e-001
 1.1384968e-001
 1.0040101e-001
 9.2552841e-002
 8.9564614e-002
 8.8034973e-002
 8.7338015e-002
 8.6934648e-002
 8.8239089e-002
 9.0503551e-002
-1.2300000e+034
