s07_AV97 Record=3756: Chlor.2+Epid.2+Calc.6 GDS314 ASDFRa AREF
 1.7631575e-001
 1.7660311e-001
 1.7789534e-001
 1.7935656e-001
 1.8047877e-001
 1.8470803e-001
 1.9168173e-001
 1.9915427e-001
 2.0307761e-001
 2.0228688e-001
 2.0582591e-001
 2.1125901e-001
 2.2164033e-001
 2.3157707e-001
 2.4220589e-001
 2.4928463e-001
 2.5260594e-001
 2.5373513e-001
 2.5382984e-001
 2.5264981e-001
 2.5030300e-001
 2.4693531e-001
 2.4307802e-001
 2.3932362e-001
 2.3581076e-001
 2.3290873e-001
 2.3021673e-001
 2.2774282e-001
 2.2549678e-001
 2.2375453e-001
 2.2249812e-001
 2.2139715e-001
 2.2268674e-001
 2.2160007e-001
 2.2066452e-001
 2.2005638e-001
 2.1966445e-001
 2.1960014e-001
 2.1998270e-001
 2.2080195e-001
 2.2214076e-001
 2.2387752e-001
 2.2594441e-001
 2.2827524e-001
 2.3050368e-001
 2.3247419e-001
 2.3405506e-001
 2.3498888e-001
 2.3540665e-001
 2.3506708e-001
 2.3433280e-001
 2.3323716e-001
 2.3197496e-001
 2.3091473e-001
 2.3003908e-001
 2.2941247e-001
 2.2913386e-001
 2.2893336e-001
 2.2913878e-001
 2.2973636e-001
 2.3087282e-001
 2.3212253e-001
 2.3354040e-001
 2.3494564e-001
 2.3646182e-001
 2.3784603e-001
 2.3907723e-001
 2.4011537e-001
 2.4099624e-001
 2.4235752e-001
 2.4289547e-001
 2.4329866e-001
 2.4381043e-001
 2.4437106e-001
 2.4510913e-001
 2.4575961e-001
 2.4671562e-001
 2.4789692e-001
 2.4922772e-001
 2.5051826e-001
 2.5219023e-001
 2.5389007e-001
 2.5592628e-001
 2.5810081e-001
 2.6031139e-001
 2.6279348e-001
 2.6534057e-001
 2.6860484e-001
 2.7184260e-001
 2.7492443e-001
 2.7842566e-001
 2.8207344e-001
 2.8537589e-001
 2.8900683e-001
 2.9244572e-001
 2.9632822e-001
 2.9051700e-001
 2.9439521e-001
 2.9831323e-001
 3.0231288e-001
 3.0607656e-001
 3.0985799e-001
 3.1374085e-001
 3.1784266e-001
 3.2217154e-001
 3.2634291e-001
 3.3075565e-001
 3.3502090e-001
 3.3891150e-001
 3.4169853e-001
 3.3952168e-001
 3.3853778e-001
 3.4560996e-001
 3.5429350e-001
 3.5850897e-001
 3.6151859e-001
 3.6482084e-001
 3.6924434e-001
 3.7374157e-001
 3.7762326e-001
 3.8125223e-001
 3.8421822e-001
 3.8705075e-001
 3.8972875e-001
 3.9260110e-001
 3.9594573e-001
 4.0067640e-001
 4.0553775e-001
 4.1028082e-001
 4.1532186e-001
 4.2036250e-001
 4.2515364e-001
 4.2971915e-001
 4.3415731e-001
 4.3872136e-001
 4.4357598e-001
 4.4834828e-001
 4.5281237e-001
 4.5738176e-001
 4.6136823e-001
 4.6590188e-001
 4.7001207e-001
 4.7448587e-001
 4.7865313e-001
 4.8216203e-001
 4.8591793e-001
 4.8965612e-001
 4.9343392e-001
 4.9411398e-001
 4.9595600e-001
 5.0062370e-001
 5.0412762e-001
 5.0762248e-001
 5.0975764e-001
 5.1182783e-001
 5.1507241e-001
 5.1780945e-001
 5.1912552e-001
 5.1962471e-001
 5.2123076e-001
 5.2013659e-001
 5.2443230e-001
 5.3089958e-001
 5.3541726e-001
 5.3832191e-001
 5.4002279e-001
 5.4073507e-001
 5.3932112e-001
 5.3943896e-001
 5.4037285e-001
 5.3978693e-001
 5.3739512e-001
 5.3713328e-001
 5.4218453e-001
 5.4949325e-001
 5.5893165e-001
 5.6750816e-001
 5.7488233e-001
 5.8083928e-001
 5.8525467e-001
 5.8912200e-001
 5.9325778e-001
 5.9518182e-001
 5.9501588e-001
 5.9531182e-001
 5.9557998e-001
 5.9575349e-001
 5.9368014e-001
 5.9291917e-001
 5.9407389e-001
 5.9445834e-001
 5.9260666e-001
 5.8818716e-001
 5.8340633e-001
 5.7337755e-001
 5.5521035e-001
 5.1847762e-001
 4.7555935e-001
 4.6133533e-001
 4.7359958e-001
 4.7640589e-001
 4.6356243e-001
 4.4503543e-001
 4.2349818e-001
 4.0067831e-001
 3.7327033e-001
 3.5185257e-001
 3.6272976e-001
 4.0505913e-001
 4.5220226e-001
 4.8660821e-001
 5.0770462e-001
 5.1687634e-001
 5.2230513e-001
 5.2510136e-001
 5.2396739e-001
 5.1788938e-001
 5.0829369e-001
 4.9306422e-001
 4.7310811e-001
 4.5031357e-001
 4.3383619e-001
 4.2473152e-001
-1.2300000e+034
