s07_AV97 Record=2985: Siderite HS271.1B            ASDFRa AREF
 2.3759516e-002
 2.4190528e-002
 2.5832608e-002
 2.7923139e-002
 3.0420056e-002
 3.2781556e-002
 3.6053788e-002
 3.9712157e-002
 4.4046149e-002
 4.8489835e-002
 5.2833639e-002
 5.7291925e-002
 6.1931696e-002
 6.7272291e-002
 7.3353723e-002
 8.0433734e-002
 8.8587582e-002
 9.7697236e-002
 1.0781453e-001
 1.1883964e-001
 1.3058676e-001
 1.4284895e-001
 1.5520035e-001
 1.6700989e-001
 1.7869559e-001
 1.8965675e-001
 2.0111492e-001
 2.1208797e-001
 2.2257149e-001
 2.3260565e-001
 2.4213602e-001
 2.5108713e-001
 2.4065636e-001
 2.4941926e-001
 2.5780004e-001
 2.6611197e-001
 2.7431160e-001
 2.8256825e-001
 2.9076520e-001
 2.9908791e-001
 3.0731082e-001
 3.1532934e-001
 3.2306001e-001
 3.3025333e-001
 3.3703208e-001
 3.4318459e-001
 3.4871349e-001
 3.5361931e-001
 3.5782465e-001
 3.6127746e-001
 3.6420524e-001
 3.6650208e-001
 3.6836681e-001
 3.6978930e-001
 3.7099409e-001
 3.7182632e-001
 3.7221554e-001
 3.7257269e-001
 3.7273273e-001
 3.7277839e-001
 3.7265131e-001
 3.7259063e-001
 3.7227249e-001
 3.7205771e-001
 3.7217873e-001
 3.7227243e-001
 3.7245354e-001
 3.7312642e-001
 3.7399569e-001
 3.7486309e-001
 3.7672675e-001
 3.7815645e-001
 3.8031879e-001
 3.8229135e-001
 3.8516319e-001
 3.8827580e-001
 3.9104554e-001
 3.9439031e-001
 3.9775762e-001
 4.0018207e-001
 4.0305802e-001
 4.0556777e-001
 4.0858975e-001
 4.1125160e-001
 4.1337526e-001
 4.1548213e-001
 4.1711891e-001
 4.1901678e-001
 4.2090771e-001
 4.2276424e-001
 4.2481533e-001
 4.2694712e-001
 4.2882365e-001
 4.3097684e-001
 4.3323064e-001
 4.3639353e-001
 4.3193421e-001
 4.3477282e-001
 4.3800783e-001
 4.4130990e-001
 4.4502813e-001
 4.4881380e-001
 4.5297420e-001
 4.5756838e-001
 4.6243358e-001
 4.6751726e-001
 4.7265416e-001
 4.7861633e-001
 4.8432371e-001
 4.9038923e-001
 4.9663398e-001
 5.0259852e-001
 5.0869703e-001
 5.1461792e-001
 5.2117491e-001
 5.2732563e-001
 5.3306705e-001
 5.3946835e-001
 5.4555643e-001
 5.5156898e-001
 5.5721480e-001
 5.6251997e-001
 5.6792265e-001
 5.7316381e-001
 5.7773513e-001
 5.8262700e-001
 5.8737636e-001
 5.9194803e-001
 5.9534252e-001
 5.9860343e-001
 6.0187238e-001
 6.0503101e-001
 6.0762787e-001
 6.1044931e-001
 6.1296737e-001
 6.1533982e-001
 6.1740339e-001
 6.1936331e-001
 6.2051851e-001
 6.2226528e-001
 6.2452304e-001
 6.2618011e-001
 6.2726605e-001
 6.2815189e-001
 6.2952578e-001
 6.3017166e-001
 6.3070780e-001
 6.3100487e-001
 6.3161165e-001
 6.3237470e-001
 6.3338953e-001
 6.3414770e-001
 6.3471472e-001
 6.3538843e-001
 6.3546628e-001
 6.3489085e-001
 6.3485771e-001
 6.3377452e-001
 6.3295716e-001
 6.3064897e-001
 6.3151091e-001
 6.2986189e-001
 6.2743592e-001
 6.2492931e-001
 6.2238461e-001
 6.2059152e-001
 6.2025636e-001
 6.1941069e-001
 6.1940783e-001
 6.1886585e-001
 6.1917424e-001
 6.1917317e-001
 6.2055564e-001
 6.2137085e-001
 6.2232190e-001
 6.2382740e-001
 6.2591451e-001
 6.2752414e-001
 6.2903374e-001
 6.2996411e-001
 6.3049394e-001
 6.3127321e-001
 6.3136303e-001
 6.3206029e-001
 6.3107246e-001
 6.2937516e-001
 6.2860292e-001
 6.2841952e-001
 6.2794334e-001
 6.2746608e-001
 6.2688583e-001
 6.2699229e-001
 6.2685615e-001
 6.2552017e-001
 6.2344509e-001
 6.2153715e-001
 6.2013608e-001
 6.1814088e-001
 6.1549407e-001
 6.1291420e-001
 6.1084622e-001
 6.0783422e-001
 6.0575795e-001
 6.0300481e-001
 6.0062176e-001
 5.9856427e-001
 5.9719700e-001
 5.9649414e-001
 5.9576410e-001
 5.9396285e-001
 5.9395576e-001
 5.9262758e-001
 5.9053481e-001
 5.8923882e-001
 5.8809555e-001
 5.8559823e-001
 5.8329666e-001
 5.7991678e-001
 5.7584578e-001
 5.7067102e-001
 5.6697232e-001
 5.6555277e-001
 5.6510246e-001
-1.2300000e+034
