s07_AV97 Record=1606: Hypersthene PYX02.d 23um      BECKc AREF
 3.1564808e-001
 3.3861449e-001
 3.5963771e-001
 3.7906897e-001
 3.9774165e-001
 4.1226256e-001
 4.2236570e-001
 4.3780035e-001
 4.4680029e-001
 4.5562214e-001
 4.6399757e-001
 4.7239062e-001
 4.8263335e-001
 4.9115553e-001
 4.9438220e-001
 5.0966382e-001
 5.1594871e-001
 5.1850230e-001
 5.1815206e-001
 5.2362144e-001
 5.2977037e-001
 5.3337049e-001
 5.3654665e-001
 5.3908104e-001
 5.4086620e-001
 5.4292661e-001
 5.4486889e-001
 5.4713207e-001
 5.4951006e-001
 5.5155349e-001
 5.5318391e-001
 5.5470663e-001
 5.5284870e-001
 5.5451006e-001
 5.5581301e-001
 5.5652720e-001
 5.5620044e-001
 5.5515677e-001
 5.5203527e-001
 5.4585683e-001
 5.3706169e-001
 5.2442455e-001
 5.0753933e-001
 4.8729122e-001
 4.6203184e-001
 4.3422940e-001
 4.0540621e-001
 3.7508756e-001
 3.4492460e-001
 3.1702685e-001
 2.9158875e-001
 2.6588792e-001
 2.4357487e-001
 2.2824292e-001
 2.1169664e-001
 2.0103343e-001
 1.9740628e-001
 1.9066611e-001
 1.8893605e-001
 1.8988036e-001
 1.9316930e-001
 2.0362641e-001
 2.1351781e-001
 2.3169276e-001
 2.5114742e-001
 2.7520019e-001
 3.0115485e-001
 3.3098447e-001
 3.6204886e-001
 3.9390957e-001
 4.2266837e-001
 4.5132980e-001
 4.7826523e-001
 5.0052202e-001
 5.1861709e-001
 5.3414565e-001
 5.4636413e-001
 5.5708432e-001
 5.6438774e-001
 5.6933403e-001
 5.7452452e-001
 5.7797301e-001
 5.8055323e-001
 5.8223170e-001
 5.8381140e-001
 5.8604801e-001
 5.8643901e-001
 5.8928514e-001
 5.8942777e-001
 5.9012324e-001
 5.9199470e-001
 5.9261411e-001
 5.9206402e-001
 5.9308118e-001
 5.9385854e-001
 5.9383219e-001
 5.9351820e-001
 5.9383285e-001
 5.9394550e-001
 5.9446615e-001
 5.9381109e-001
 5.9247833e-001
 5.9139842e-001
 5.9043157e-001
 5.8847576e-001
 5.8641881e-001
 5.8393610e-001
 5.8159554e-001
 5.7705700e-001
 5.6768632e-001
 5.5504286e-001
 5.6097215e-001
 5.5921179e-001
 5.5481195e-001
 5.4897219e-001
 5.4436249e-001
 5.3841537e-001
 5.3178340e-001
 5.2523613e-001
 5.1893425e-001
 5.1082915e-001
 5.0225085e-001
 4.9456960e-001
 4.8632550e-001
 4.7885731e-001
 4.7072905e-001
 4.6220401e-001
 4.5386532e-001
 4.4488287e-001
 4.3711597e-001
 4.2932150e-001
 4.2041919e-001
 4.1314703e-001
 4.0335825e-001
 3.9720318e-001
 3.8932166e-001
 3.8230503e-001
 3.7506393e-001
 3.6885232e-001
 3.6282811e-001
 3.5642073e-001
 3.5116598e-001
 3.4441426e-001
 3.3775344e-001
 3.3441490e-001
 3.3077171e-001
 3.2650119e-001
 3.2137936e-001
 3.1769699e-001
 3.1689191e-001
 3.1462011e-001
 3.1124416e-001
 3.0811316e-001
 3.0598879e-001
 3.0629748e-001
 3.0484873e-001
 3.0420968e-001
 3.0461472e-001
 3.0489370e-001
 3.0432057e-001
 3.0454999e-001
 3.0546781e-001
 3.0900735e-001
 3.0980521e-001
 3.1104022e-001
 3.1465191e-001
 3.1775221e-001
 3.2181019e-001
 3.2625073e-001
 3.3133322e-001
 3.3414751e-001
 3.3930835e-001
 3.4460634e-001
 3.5120079e-001
 3.5984614e-001
 3.6585802e-001
 3.7262204e-001
 3.7750009e-001
 3.8726336e-001
 3.9545220e-001
 4.0186420e-001
 4.1056174e-001
 4.1890016e-001
 4.2716441e-001
 4.3772504e-001
 4.4599217e-001
 4.5331439e-001
 4.6016639e-001
 4.6647066e-001
 4.7404912e-001
 4.8288792e-001
 4.8831612e-001
 4.9326777e-001
 4.9714115e-001
 5.0254005e-001
 5.0783795e-001
 5.1335716e-001
 5.1920098e-001
 5.2373815e-001
 5.2693921e-001
 5.2670622e-001
 5.2509850e-001
 5.1951450e-001
 5.1477581e-001
 5.2229071e-001
 5.3539401e-001
 5.4268843e-001
 5.4917228e-001
 5.5281478e-001
 5.5493617e-001
 5.5509216e-001
 5.5210453e-001
 5.5533898e-001
 5.6021422e-001
 5.6313527e-001
 5.6288236e-001
 5.6140566e-001
 5.6121439e-001
 5.6230319e-001
 5.6402147e-001
 5.6552976e-001
 5.6669086e-001
 5.6749487e-001
 5.6790447e-001
