s07_AV97 Record=4041: Montmorillonite+Illite CM37   BECKb AREF
 1.3409179e-001
 1.4630850e-001
 1.6103768e-001
 1.7598388e-001
 1.8958850e-001
 2.0489885e-001
 2.2432120e-001
 2.4876471e-001
 2.6898256e-001
 2.7935946e-001
 2.8465015e-001
 2.9100433e-001
 3.0325031e-001
 3.2213247e-001
 3.4478173e-001
 3.7062162e-001
 3.9813074e-001
 4.2636225e-001
 4.5296779e-001
 4.7628689e-001
 4.9549827e-001
 5.1015627e-001
 5.2080840e-001
 5.2895552e-001
 5.3450984e-001
 5.3954458e-001
 5.4396904e-001
 5.4786611e-001
 5.5210769e-001
 5.5674797e-001
 5.6148171e-001
 5.6593019e-001
 5.6067210e-001
 5.6499541e-001
 5.6984591e-001
 5.7556176e-001
 5.8076149e-001
 5.8698910e-001
 5.9165883e-001
 5.9649712e-001
 6.0060030e-001
 6.0508370e-001
 6.0880744e-001
 6.1032027e-001
 6.1343241e-001
 6.1542821e-001
 6.1601967e-001
 6.1727208e-001
 6.1891454e-001
 6.1858439e-001
 6.2102216e-001
 6.1721969e-001
 6.1379272e-001
 6.1750692e-001
 6.1494726e-001
 6.1126202e-001
 6.1461580e-001
 6.1475486e-001
 6.1591691e-001
 6.1697340e-001
 6.1879647e-001
 6.1732507e-001
 6.1732918e-001
 6.2156332e-001
 6.2201518e-001
 6.2418962e-001
 6.2720275e-001
 6.2993759e-001
 6.3258922e-001
 6.3591945e-001
 6.3981849e-001
 6.4423501e-001
 6.4499021e-001
 6.4977723e-001
 6.5244979e-001
 6.5597802e-001
 6.5845954e-001
 6.6081363e-001
 6.6507560e-001
 6.6816574e-001
 6.7148238e-001
 6.7539322e-001
 6.7824268e-001
 6.8050075e-001
 6.8418056e-001
 6.8766540e-001
 6.9171208e-001
 6.9490767e-001
 6.9431704e-001
 6.9868195e-001
 6.9917446e-001
 7.0245844e-001
 7.0361620e-001
 7.0609707e-001
 7.0777225e-001
 7.0901370e-001
 7.0708984e-001
 7.0879203e-001
 7.1005559e-001
 7.1252924e-001
 7.1193588e-001
 7.1363038e-001
 7.1363866e-001
 7.1413970e-001
 7.1494973e-001
 7.1492404e-001
 7.1390039e-001
 7.1269345e-001
 7.0556301e-001
 6.9247913e-001
 6.6949058e-001
 6.3222492e-001
 6.1041749e-001
 6.3700628e-001
 6.7297518e-001
 6.8979853e-001
 6.9824511e-001
 6.9896877e-001
 7.0346546e-001
 7.0843679e-001
 7.1160299e-001
 7.1634030e-001
 7.1639419e-001
 7.1875030e-001
 7.2089219e-001
 7.2219849e-001
 7.2378165e-001
 7.2619045e-001
 7.2704476e-001
 7.2743642e-001
 7.2906911e-001
 7.3092705e-001
 7.3334944e-001
 7.3332894e-001
 7.3454565e-001
 7.3682100e-001
 7.3638004e-001
 7.3448801e-001
 7.3686200e-001
 7.3602712e-001
 7.3900688e-001
 7.3721105e-001
 7.3914748e-001
 7.3813218e-001
 7.3440534e-001
 7.3775029e-001
 7.3608154e-001
 7.3450333e-001
 7.3591721e-001
 7.2937238e-001
 7.3095226e-001
 7.2905165e-001
 7.3121238e-001
 7.2944236e-001
 7.2752190e-001
 7.2386867e-001
 7.2030371e-001
 7.1621662e-001
 7.0151263e-001
 6.7327267e-001
 6.8371004e-001
 6.4449537e-001
 5.9212399e-001
 5.5904949e-001
 5.6980735e-001
 5.9121817e-001
 6.0281247e-001
 6.1070824e-001
 6.1652774e-001
 6.2410963e-001
 6.2667656e-001
 6.3044697e-001
 6.3523191e-001
 6.3658214e-001
 6.4142990e-001
 6.4541340e-001
 6.5045422e-001
 6.5200847e-001
 6.5162581e-001
 6.4999545e-001
 6.4893526e-001
 6.4095330e-001
 6.3327509e-001
 6.3369977e-001
 6.3200110e-001
 6.3197911e-001
 6.3594234e-001
 6.3719821e-001
 6.2971216e-001
 6.2190592e-001
 6.0765475e-001
 5.8135575e-001
 5.4438263e-001
 5.1321071e-001
 5.1284266e-001
 5.3546435e-001
 5.7033622e-001
 5.9510320e-001
 6.1202013e-001
 6.2232411e-001
 6.2194848e-001
 6.1177963e-001
 6.0560918e-001
 5.8886755e-001
 5.6962609e-001
 5.5134571e-001
 5.3588885e-001
 5.2693242e-001
 5.2733606e-001
 5.3373271e-001
 5.3672290e-001
 5.3174174e-001
 5.2583653e-001
 5.1881409e-001
 5.1058370e-001
 5.0205046e-001
 4.9537617e-001
 4.9265927e-001
 4.9271873e-001
 4.9312666e-001
 4.9202847e-001
 4.8974246e-001
 4.8703799e-001
 4.8452088e-001
