s07_AV97 Record=2560: Pectolite NMNH94865.b         BECKb AREF
 5.4691046e-001
 5.8311856e-001
 6.1306250e-001
 6.3655007e-001
 6.5351403e-001
 6.6725057e-001
 6.7733997e-001
 6.8577951e-001
 6.9363707e-001
 7.0072919e-001
 7.0575774e-001
 7.1067464e-001
 7.1595514e-001
 7.2102636e-001
 7.2559673e-001
 7.2959507e-001
 7.3429751e-001
 7.3960942e-001
 7.4208617e-001
 7.4411571e-001
 7.4657220e-001
 7.5022799e-001
 7.5319189e-001
 7.5440866e-001
 7.5482315e-001
 7.5574487e-001
 7.5765675e-001
 7.5911778e-001
 7.6105082e-001
 7.6234323e-001
 7.6378596e-001
 7.6514733e-001
 7.6380414e-001
 7.6462102e-001
 7.6657397e-001
 7.6726949e-001
 7.6935631e-001
 7.7115238e-001
 7.7152789e-001
 7.7367187e-001
 7.7391905e-001
 7.7625662e-001
 7.7663749e-001
 7.7847070e-001
 7.7937269e-001
 7.7965939e-001
 7.8037876e-001
 7.8092003e-001
 7.8094977e-001
 7.7871168e-001
 7.7717531e-001
 7.7697664e-001
 7.8255850e-001
 7.8298551e-001
 7.7804494e-001
 7.7849591e-001
 7.8210169e-001
 7.8006321e-001
 7.7570772e-001
 7.7568406e-001
 7.8023380e-001
 7.7638787e-001
 7.7777916e-001
 7.7786046e-001
 7.7606082e-001
 7.7824044e-001
 7.7625096e-001
 7.7684599e-001
 7.7604645e-001
 7.7761483e-001
 7.7703393e-001
 7.7780902e-001
 7.7814561e-001
 7.7858031e-001
 7.7751863e-001
 7.7754337e-001
 7.7760202e-001
 7.7602172e-001
 7.7471256e-001
 7.7648693e-001
 7.7643931e-001
 7.7723670e-001
 7.7685362e-001
 7.7658552e-001
 7.7774704e-001
 7.7629578e-001
 7.7781957e-001
 7.7814853e-001
 7.7844918e-001
 7.7952170e-001
 7.7980089e-001
 7.8000814e-001
 7.8241593e-001
 7.8195667e-001
 7.8376973e-001
 7.8526360e-001
 7.8293073e-001
 7.8426397e-001
 7.8532058e-001
 7.8495288e-001
 7.8669244e-001
 7.8706747e-001
 7.8797394e-001
 7.8755498e-001
 7.8870904e-001
 7.8830850e-001
 7.8879774e-001
 7.8798074e-001
 7.8837711e-001
 7.8970546e-001
 7.8816015e-001
 7.8950912e-001
 7.8826195e-001
 7.8810936e-001
 7.8742796e-001
 7.8764254e-001
 7.8763115e-001
 7.8636855e-001
 7.8446037e-001
 7.8284448e-001
 7.8109539e-001
 7.8018481e-001
 7.7856141e-001
 7.7847534e-001
 7.7514815e-001
 7.7247858e-001
 7.7117419e-001
 7.6944202e-001
 7.6627541e-001
 7.6350504e-001
 7.5938022e-001
 7.5629824e-001
 7.5329763e-001
 7.4818885e-001
 7.4448341e-001
 7.4096572e-001
 7.3758942e-001
 7.3201650e-001
 7.2452599e-001
 7.1967840e-001
 7.1561962e-001
 7.0720047e-001
 7.0413303e-001
 6.9661945e-001
 6.9205666e-001
 6.8959296e-001
 6.8467873e-001
 6.7728662e-001
 6.7089051e-001
 6.6709816e-001
 6.6687328e-001
 6.6011071e-001
 6.5420663e-001
 6.4792717e-001
 6.4259666e-001
 6.3960129e-001
 6.3190281e-001
 6.2423283e-001
 6.1807668e-001
 6.1177582e-001
 6.1389363e-001
 6.0541791e-001
 5.9741932e-001
 5.9133375e-001
 5.8208603e-001
 5.7666290e-001
 5.7093990e-001
 5.6377769e-001
 5.5529672e-001
 5.5100113e-001
 5.4567498e-001
 5.3892159e-001
 5.3600192e-001
 5.2897704e-001
 5.2181745e-001
 5.1806277e-001
 5.1448864e-001
 5.0871468e-001
 5.0022024e-001
 4.9223572e-001
 4.8726588e-001
 4.8044446e-001
 4.7376853e-001
 4.6986359e-001
 4.6120510e-001
 4.5648861e-001
 4.5148081e-001
 4.4294226e-001
 4.3539661e-001
 4.3002573e-001
 4.2222282e-001
 4.1610196e-001
 4.1136211e-001
 4.0478301e-001
 4.0062842e-001
 3.9634627e-001
 3.8886335e-001
 3.8190103e-001
 3.7723714e-001
 3.7446579e-001
 3.6886793e-001
 3.6473465e-001
 3.6613789e-001
 3.5905823e-001
 3.5301617e-001
 3.5384232e-001
 3.5048974e-001
 3.4949222e-001
 3.4375259e-001
 3.3898216e-001
 3.3921000e-001
 3.3515978e-001
 3.3438233e-001
 3.3334136e-001
 3.3086383e-001
 3.2792351e-001
 3.2540002e-001
 3.2400957e-001
 3.2344374e-001
 3.2277194e-001
 3.2146999e-001
 3.1977096e-001
 3.1807578e-001
 3.1664419e-001
