s07_AV97 Record=3008: Smaragdite HS290.3B Amphibol  BECKb AREF
 1.4067033e-001
 1.4185412e-001
 1.4452983e-001
 1.4685944e-001
 1.4872973e-001
 1.5425865e-001
 1.6220203e-001
 1.6718215e-001
 1.6902183e-001
 1.7464824e-001
 1.8273182e-001
 1.9138697e-001
 1.9732688e-001
 1.9917077e-001
 2.0500240e-001
 2.0918901e-001
 2.0934501e-001
 2.0976095e-001
 2.1018772e-001
 2.0805416e-001
 2.0607680e-001
 2.0299225e-001
 1.9897459e-001
 1.9599988e-001
 1.9304867e-001
 1.9090945e-001
 1.8836908e-001
 1.8619584e-001
 1.8445185e-001
 1.8486817e-001
 1.8560788e-001
 1.8597589e-001
 1.8549433e-001
 1.8597221e-001
 1.8648873e-001
 1.8726267e-001
 1.9011061e-001
 1.9295506e-001
 1.9488962e-001
 1.9898687e-001
 2.0309678e-001
 2.0706846e-001
 2.1070163e-001
 2.1420512e-001
 2.1891323e-001
 2.2139584e-001
 2.2345917e-001
 2.2345269e-001
 2.2337517e-001
 2.2187358e-001
 2.1818879e-001
 2.1668375e-001
 2.1654314e-001
 2.1301261e-001
 2.1146107e-001
 2.1311751e-001
 2.1134444e-001
 2.1318074e-001
 2.1186683e-001
 2.1491501e-001
 2.1380536e-001
 2.1198604e-001
 2.1280117e-001
 2.1381396e-001
 2.1285512e-001
 2.1078242e-001
 2.0976174e-001
 2.1076594e-001
 2.1143845e-001
 2.1144803e-001
 2.1561594e-001
 2.1889189e-001
 2.2291282e-001
 2.3182282e-001
 2.3671725e-001
 2.4366170e-001
 2.4865672e-001
 2.5706121e-001
 2.6542738e-001
 2.7089581e-001
 2.7482307e-001
 2.8333989e-001
 2.8723747e-001
 2.9471052e-001
 3.0007884e-001
 3.0843639e-001
 3.1440973e-001
 3.2191223e-001
 3.2992986e-001
 3.3666471e-001
 3.4740907e-001
 3.5722348e-001
 3.6633164e-001
 3.7677360e-001
 3.8541022e-001
 3.9575487e-001
 3.8017476e-001
 3.9105886e-001
 4.0061793e-001
 4.1089591e-001
 4.2184812e-001
 4.3472809e-001
 4.4367504e-001
 4.4989416e-001
 4.6602416e-001
 4.7909898e-001
 4.8937479e-001
 4.9703902e-001
 4.9410170e-001
 4.7178680e-001
 4.1766909e-001
 4.2779312e-001
 4.7743109e-001
 5.3613162e-001
 5.6239563e-001
 5.6968659e-001
 5.8075142e-001
 5.9393871e-001
 6.0196596e-001
 6.0944879e-001
 6.2049139e-001
 6.2451124e-001
 6.2826174e-001
 6.3856274e-001
 6.4311111e-001
 6.5237355e-001
 6.5742719e-001
 6.6584396e-001
 6.6909450e-001
 6.7322677e-001
 6.7971778e-001
 6.8444729e-001
 6.9055617e-001
 6.9410980e-001
 6.9799393e-001
 6.9901109e-001
 7.0713383e-001
 7.0935684e-001
 7.1239626e-001
 7.1407855e-001
 7.1544832e-001
 7.1923900e-001
 7.2325271e-001
 7.2263461e-001
 7.2250754e-001
 7.2567242e-001
 7.2394168e-001
 7.2298044e-001
 7.2469974e-001
 7.2338039e-001
 7.2164148e-001
 7.2413403e-001
 7.2415584e-001
 7.2022635e-001
 7.2043753e-001
 7.1273792e-001
 7.0813143e-001
 7.0693189e-001
 7.0419651e-001
 6.9468641e-001
 6.9847345e-001
 6.9098061e-001
 6.8559539e-001
 6.5935254e-001
 6.3434535e-001
 6.3315552e-001
 6.3492846e-001
 6.3487047e-001
 6.3704979e-001
 6.3517201e-001
 6.3291675e-001
 6.3115472e-001
 6.2780911e-001
 6.2810045e-001
 6.2754780e-001
 6.2467569e-001
 6.2597269e-001
 6.2103754e-001
 6.1533487e-001
 6.1092174e-001
 6.0339856e-001
 6.0126865e-001
 5.8521092e-001
 5.7638019e-001
 5.6782722e-001
 5.6218588e-001
 5.6303769e-001
 5.6658977e-001
 5.6438392e-001
 5.5906457e-001
 5.5386990e-001
 5.4595172e-001
 5.4543704e-001
 5.4480356e-001
 5.4185832e-001
 5.3366870e-001
 4.9121976e-001
 4.4130796e-001
 4.4204769e-001
 4.5288807e-001
 4.3640658e-001
 3.8856331e-001
 3.1290063e-001
 3.0479103e-001
 2.9899490e-001
 3.2322863e-001
 3.4736615e-001
 3.6583784e-001
 3.9793792e-001
 3.8282636e-001
 3.4878513e-001
 3.3242139e-001
 3.4539267e-001
 3.6999360e-001
 3.9218205e-001
 4.0390250e-001
 4.0673724e-001
 4.0474942e-001
 4.0145048e-001
 3.9859295e-001
 3.9848968e-001
 4.0087616e-001
 4.0503907e-001
 4.1012314e-001
