s07_AV97 Record=50: Actinolite HS22.3B            BECKb AREF
 1.3082799e-001
 1.3589616e-001
 1.4113170e-001
 1.4533553e-001
 1.4908461e-001
 1.5612128e-001
 1.6493069e-001
 1.7172076e-001
 1.7533025e-001
 1.8254754e-001
 1.9091620e-001
 2.0081590e-001
 2.0944248e-001
 2.1472982e-001
 2.2075588e-001
 2.2479090e-001
 2.2462541e-001
 2.2390901e-001
 2.2233349e-001
 2.2010089e-001
 2.1678114e-001
 2.1260387e-001
 2.0771870e-001
 2.0294377e-001
 1.9826759e-001
 1.9359565e-001
 1.8934169e-001
 1.8564650e-001
 1.8306929e-001
 1.8054126e-001
 1.7857525e-001
 1.7739946e-001
 1.7885685e-001
 1.7745970e-001
 1.7697583e-001
 1.7601793e-001
 1.7615232e-001
 1.7719693e-001
 1.7873003e-001
 1.8035838e-001
 1.8293327e-001
 1.8604387e-001
 1.8902913e-001
 1.9263978e-001
 1.9602218e-001
 2.0083962e-001
 2.0252058e-001
 2.0432793e-001
 2.0390035e-001
 2.0336744e-001
 2.0176107e-001
 2.0022628e-001
 1.9940120e-001
 1.9383700e-001
 1.8902485e-001
 1.9072720e-001
 1.8905249e-001
 1.8362796e-001
 1.8294884e-001
 1.7737886e-001
 1.7809385e-001
 1.7550988e-001
 1.7228958e-001
 1.7080332e-001
 1.6888189e-001
 1.6395921e-001
 1.6303317e-001
 1.5978839e-001
 1.5786855e-001
 1.5706553e-001
 1.5615068e-001
 1.5771517e-001
 1.6032204e-001
 1.6497388e-001
 1.7064182e-001
 1.7859229e-001
 1.8638347e-001
 1.9434363e-001
 2.0121394e-001
 2.0831834e-001
 2.1507627e-001
 2.2161189e-001
 2.2714041e-001
 2.3339447e-001
 2.3964630e-001
 2.4453987e-001
 2.5035456e-001
 2.5789189e-001
 2.6349071e-001
 2.7030891e-001
 2.7775335e-001
 2.8419238e-001
 2.9154149e-001
 2.9999691e-001
 3.0716354e-001
 3.1434309e-001
 3.0328828e-001
 3.1088537e-001
 3.1871161e-001
 3.2649580e-001
 3.3480474e-001
 3.4319162e-001
 3.5064819e-001
 3.5914013e-001
 3.6707100e-001
 3.7479246e-001
 3.8198119e-001
 3.8954508e-001
 3.9512074e-001
 3.8360748e-001
 3.2799354e-001
 3.6016086e-001
 4.0325817e-001
 4.2200390e-001
 4.2949528e-001
 4.3434462e-001
 4.4007656e-001
 4.4702202e-001
 4.5564860e-001
 4.6250603e-001
 4.6802166e-001
 4.7458360e-001
 4.7672597e-001
 4.8156142e-001
 4.8550668e-001
 4.8958287e-001
 4.9520367e-001
 5.0027013e-001
 5.0604367e-001
 5.1145113e-001
 5.1743859e-001
 5.2281350e-001
 5.2782863e-001
 5.3365517e-001
 5.3829330e-001
 5.4390234e-001
 5.4894811e-001
 5.5302441e-001
 5.5528343e-001
 5.5937529e-001
 5.6361824e-001
 5.6860507e-001
 5.7151711e-001
 5.7373786e-001
 5.7450610e-001
 5.8156252e-001
 5.8245659e-001
 5.8342636e-001
 5.8261913e-001
 5.8775353e-001
 5.8727205e-001
 5.8716375e-001
 5.8649242e-001
 5.8430284e-001
 5.8353001e-001
 5.8140713e-001
 5.7632750e-001
 5.7165533e-001
 5.6804341e-001
 5.6572878e-001
 5.6633252e-001
 5.6444973e-001
 5.6321216e-001
 5.6367075e-001
 5.6321609e-001
 5.5913424e-001
 5.5408436e-001
 5.5039662e-001
 5.4549295e-001
 5.4104739e-001
 5.3214693e-001
 5.2270687e-001
 5.2096051e-001
 5.1861489e-001
 5.1939845e-001
 5.2423084e-001
 5.2484286e-001
 5.2307397e-001
 5.2014488e-001
 5.1539636e-001
 5.0886101e-001
 5.0588936e-001
 5.0085783e-001
 4.8585320e-001
 4.7647789e-001
 4.7676438e-001
 4.7163308e-001
 4.6983993e-001
 4.7090548e-001
 4.6400911e-001
 4.6022281e-001
 4.5523706e-001
 4.4944519e-001
 4.4159964e-001
 4.3477640e-001
 4.2091334e-001
 3.9124802e-001
 3.6366513e-001
 3.5464507e-001
 3.4314579e-001
 3.1994262e-001
 2.8140604e-001
 2.4276613e-001
 2.3069423e-001
 2.3550093e-001
 2.6334661e-001
 3.0056325e-001
 3.1155086e-001
 3.1489372e-001
 3.1118160e-001
 2.8479630e-001
 2.6866636e-001
 2.8486338e-001
 3.0588031e-001
 3.1925005e-001
 3.2421935e-001
 3.2325447e-001
 3.1951886e-001
 3.1540552e-001
 3.1123877e-001
 3.0854782e-001
 3.0763733e-001
 3.0865455e-001
 3.1144294e-001
