s07_AV97 Record=2373: Nontronite NG-1.b <2um fr    NIC4bb RREF
-1.2300000e+034
-1.2300000e+034
-1.2300000e+034
-1.2300000e+034
-1.2300000e+034
-1.2300000e+034
-1.2300000e+034
-1.2300000e+034
-1.2300000e+034
-1.2300000e+034
-1.2300000e+034
-1.2300000e+034
-1.2300000e+034
-1.2300000e+034
-1.2300000e+034
-1.2300000e+034
-1.2300000e+034
-1.2300000e+034
-1.2300000e+034
-1.2300000e+034
-1.2300000e+034
-1.2300000e+034
-1.2300000e+034
-1.2300000e+034
-1.2300000e+034
-1.2300000e+034
-1.2300000e+034
-1.2300000e+034
-1.2300000e+034
-1.2300000e+034
-1.2300000e+034
-1.2300000e+034
-1.2300000e+034
-1.2300000e+034
-1.2300000e+034
-1.2300000e+034
-1.2300000e+034
-1.2300000e+034
-1.2300000e+034
-1.2300000e+034
-1.2300000e+034
-1.2300000e+034
-1.2300000e+034
-1.2300000e+034
-1.2300000e+034
-1.2300000e+034
-1.2300000e+034
-1.2300000e+034
-1.2300000e+034
-1.2300000e+034
-1.2300000e+034
-1.2300000e+034
-1.2300000e+034
-1.2300000e+034
-1.2300000e+034
-1.2300000e+034
-1.2300000e+034
-1.2300000e+034
-1.2300000e+034
-1.2300000e+034
-1.2300000e+034
-1.2300000e+034
-1.2300000e+034
-1.2300000e+034
-1.2300000e+034
-1.2300000e+034
-1.2300000e+034
-1.2300000e+034
-1.2300000e+034
-1.2300000e+034
-1.2300000e+034
-1.2300000e+034
-1.2300000e+034
-1.2300000e+034
-1.2300000e+034
-1.2300000e+034
-1.2300000e+034
-1.2300000e+034
-1.2300000e+034
-1.2300000e+034
-1.2300000e+034
-1.2300000e+034
-1.2300000e+034
-1.2300000e+034
-1.2300000e+034
-1.2300000e+034
-1.2300000e+034
-1.2300000e+034
-1.2300000e+034
-1.2300000e+034
-1.2300000e+034
-1.2300000e+034
-1.2300000e+034
-1.2300000e+034
-1.2300000e+034
-1.2300000e+034
-1.2300000e+034
-1.2300000e+034
-1.2300000e+034
-1.2300000e+034
-1.2300000e+034
-1.2300000e+034
-1.2300000e+034
-1.2300000e+034
-1.2300000e+034
-1.2300000e+034
-1.2300000e+034
-1.2300000e+034
-1.2300000e+034
-1.2300000e+034
 2.6804143e-001
 2.5262338e-001
 2.4187717e-001
 2.3791978e-001
 2.3594546e-001
 2.4723679e-001
 2.5847697e-001
 2.6150313e-001
 2.6367098e-001
 2.6663041e-001
 2.6908812e-001
 2.7121988e-001
 2.7300820e-001
 2.7462044e-001
 2.7620775e-001
 2.7799666e-001
 2.7984950e-001
 2.8179872e-001
 2.8352576e-001
 2.8510469e-001
 2.8669521e-001
 2.8848347e-001
 2.9021850e-001
 2.9189640e-001
 2.9371628e-001
 2.9530796e-001
 2.9663301e-001
 2.9789460e-001
 2.9923928e-001
 3.0058077e-001
 3.0207792e-001
 3.0332053e-001
 3.0438563e-001
 3.0527881e-001
 3.0614677e-001
 3.0710378e-001
 3.0804381e-001
 3.0897754e-001
 3.0987197e-001
 3.1051135e-001
 3.1100833e-001
 3.1129751e-001
 3.1154543e-001
 3.1177551e-001
 3.1195274e-001
 3.1174740e-001
 3.1111494e-001
 3.0888385e-001
 3.0197412e-001
 2.8588426e-001
 2.9237014e-001
 2.6477814e-001
 2.2612393e-001
 2.1400250e-001
 2.2877517e-001
 2.4676600e-001
 2.5988969e-001
 2.6921782e-001
 2.7598062e-001
 2.8125796e-001
 2.8574201e-001
 2.8990060e-001
 2.9413715e-001
 2.9833457e-001
 3.0250704e-001
 3.0636320e-001
 3.0959162e-001
 3.1209606e-001
 3.1381297e-001
 3.1492779e-001
 3.1551072e-001
 3.1580049e-001
 3.1599003e-001
 3.1613362e-001
 3.1637582e-001
 3.1686854e-001
 3.1739113e-001
 3.1773368e-001
 3.1656837e-001
 3.1345785e-001
 3.0938220e-001
 3.0571374e-001
 3.0307731e-001
 2.9791775e-001
 2.8910911e-001
 2.8174147e-001
 2.8168693e-001
 2.8283224e-001
 2.7539423e-001
 2.5306422e-001
 2.2406191e-001
 2.1080603e-001
 2.2571482e-001
 2.5057536e-001
 2.6521978e-001
 2.6931936e-001
 2.6717731e-001
 2.6145667e-001
 2.5432965e-001
 2.4673288e-001
 2.3787542e-001
 2.2650398e-001
 2.1696609e-001
 2.1418743e-001
 2.1571894e-001
 2.1643323e-001
 2.1505894e-001
 2.1283752e-001
 2.0976688e-001
 2.0614208e-001
 2.0153922e-001
 1.9514436e-001
 1.8934372e-001
 1.8657200e-001
