s07_AV97 Record=673: Calcite GDS304 75-150um      ASDFRb AREF
 8.0230498e-001
 8.0824989e-001
 8.1537294e-001
 8.2542062e-001
 8.3482254e-001
 8.4435129e-001
 8.5204220e-001
 8.5880637e-001
 8.6373723e-001
 8.6716807e-001
 8.6905718e-001
 8.6997259e-001
 8.7049764e-001
 8.7073845e-001
 8.7072182e-001
 8.7051702e-001
 8.7037528e-001
 8.7061411e-001
 8.7075233e-001
 8.7079555e-001
 8.7063634e-001
 8.7006742e-001
 8.7022185e-001
 8.7033844e-001
 8.7003452e-001
 8.7069958e-001
 8.7161809e-001
 8.7241316e-001
 8.7333399e-001
 8.7396032e-001
 8.7462628e-001
 8.7509000e-001
 8.7451720e-001
 8.7503779e-001
 8.7533116e-001
 8.7563497e-001
 8.7599516e-001
 8.7603098e-001
 8.7626928e-001
 8.7619585e-001
 8.7596411e-001
 8.7591773e-001
 8.7630129e-001
 8.7649578e-001
 8.7640262e-001
 8.7611872e-001
 8.7570012e-001
 8.7585473e-001
 8.7623763e-001
 8.7644464e-001
 8.7649626e-001
 8.7633526e-001
 8.7609237e-001
 8.7606364e-001
 8.7591869e-001
 8.7586474e-001
 8.7565857e-001
 8.7534237e-001
 8.7528211e-001
 8.7495834e-001
 8.7470400e-001
 8.7436879e-001
 8.7423950e-001
 8.7423652e-001
 8.7392968e-001
 8.7383157e-001
 8.7355822e-001
 8.7324733e-001
 8.7454975e-001
 8.7861991e-001
 8.7800545e-001
 8.7765753e-001
 8.7689155e-001
 8.7609196e-001
 8.7505150e-001
 8.7490135e-001
 8.7425369e-001
 8.7333941e-001
 8.7272727e-001
 8.7247014e-001
 8.7221044e-001
 8.7173563e-001
 8.7116623e-001
 8.7063199e-001
 8.7025070e-001
 8.6957312e-001
 8.6895269e-001
 8.6847842e-001
 8.6798310e-001
 8.6743742e-001
 8.6722589e-001
 8.6683875e-001
 8.6668628e-001
 8.6667502e-001
 8.6637908e-001
 8.6619794e-001
 8.6645085e-001
 8.6629057e-001
 8.6612433e-001
 8.6580503e-001
 8.6555392e-001
 8.6511022e-001
 8.6463863e-001
 8.6441332e-001
 8.6379379e-001
 8.6334610e-001
 8.6335599e-001
 8.6354476e-001
 8.6330748e-001
 8.6266392e-001
 8.6246586e-001
 8.6243749e-001
 8.6225843e-001
 8.6198372e-001
 8.6180025e-001
 8.6151105e-001
 8.6103678e-001
 8.6080825e-001
 8.6110449e-001
 8.6069936e-001
 8.6107141e-001
 8.6160803e-001
 8.6132568e-001
 8.6086708e-001
 8.6030108e-001
 8.5986519e-001
 8.5918343e-001
 8.5710889e-001
 8.5802269e-001
 8.5951316e-001
 8.6010915e-001
 8.5946840e-001
 8.5867703e-001
 8.5751122e-001
 8.5672921e-001
 8.5580254e-001
 8.5500193e-001
 8.5568798e-001
 8.5535669e-001
 8.5432953e-001
 8.5283333e-001
 8.5031265e-001
 8.4714240e-001
 8.4368676e-001
 8.4166485e-001
 8.4097141e-001
 8.3952701e-001
 8.4157747e-001
 8.4816045e-001
 8.5015756e-001
 8.4956008e-001
 8.4695512e-001
 8.4302700e-001
 8.3684564e-001
 8.2660133e-001
 8.1721222e-001
 8.0947536e-001
 7.9556352e-001
 7.7211553e-001
 7.8674096e-001
 7.7395701e-001
 8.0966771e-001
 8.3042133e-001
 8.3607340e-001
 8.3776546e-001
 8.3633977e-001
 8.3251143e-001
 8.2344681e-001
 8.0973405e-001
 7.9970878e-001
 7.9193634e-001
 7.7320117e-001
 7.6438552e-001
 7.9482663e-001
 8.1727839e-001
 8.3091176e-001
 8.3915114e-001
 8.4333557e-001
 8.4486336e-001
 8.4454209e-001
 8.4293693e-001
 8.3996791e-001
 8.3296025e-001
 8.2414967e-001
 8.1574106e-001
 8.0646491e-001
 7.9058939e-001
 7.6735312e-001
 7.6210034e-001
 7.7223003e-001
 7.8544229e-001
 7.9044527e-001
 7.8615206e-001
 7.7712816e-001
 7.6308173e-001
 7.4631560e-001
 7.2564566e-001
 7.0565587e-001
 6.7873102e-001
 6.4835745e-001
 6.1171669e-001
 5.7501590e-001
 5.5049247e-001
 5.3570557e-001
 5.1808071e-001
 4.8332179e-001
 4.5584410e-001
 4.7518873e-001
 5.5051196e-001
 6.4279824e-001
 6.9861567e-001
 7.2076517e-001
 7.1877521e-001
 7.1581352e-001
 7.0642412e-001
 6.8505675e-001
 6.5328741e-001
 6.2000692e-001
 5.8242834e-001
 5.3122014e-001
 4.7792852e-001
 4.4188038e-001
 4.2721596e-001
-1.2300000e+034
