s07_AV97 Record=3159: Talc GDS23 74-250um         NIC4aaa RREF
-1.2300000e+034
-1.2300000e+034
-1.2300000e+034
-1.2300000e+034
-1.2300000e+034
-1.2300000e+034
-1.2300000e+034
-1.2300000e+034
-1.2300000e+034
-1.2300000e+034
-1.2300000e+034
-1.2300000e+034
-1.2300000e+034
-1.2300000e+034
-1.2300000e+034
-1.2300000e+034
-1.2300000e+034
-1.2300000e+034
-1.2300000e+034
-1.2300000e+034
-1.2300000e+034
-1.2300000e+034
-1.2300000e+034
-1.2300000e+034
-1.2300000e+034
-1.2300000e+034
-1.2300000e+034
-1.2300000e+034
-1.2300000e+034
-1.2300000e+034
-1.2300000e+034
-1.2300000e+034
-1.2300000e+034
-1.2300000e+034
-1.2300000e+034
-1.2300000e+034
-1.2300000e+034
-1.2300000e+034
-1.2300000e+034
-1.2300000e+034
-1.2300000e+034
-1.2300000e+034
-1.2300000e+034
-1.2300000e+034
-1.2300000e+034
-1.2300000e+034
-1.2300000e+034
-1.2300000e+034
-1.2300000e+034
-1.2300000e+034
-1.2300000e+034
-1.2300000e+034
-1.2300000e+034
-1.2300000e+034
-1.2300000e+034
-1.2300000e+034
-1.2300000e+034
-1.2300000e+034
-1.2300000e+034
-1.2300000e+034
-1.2300000e+034
-1.2300000e+034
-1.2300000e+034
-1.2300000e+034
-1.2300000e+034
-1.2300000e+034
-1.2300000e+034
-1.2300000e+034
-1.2300000e+034
-1.2300000e+034
-1.2300000e+034
-1.2300000e+034
-1.2300000e+034
-1.2300000e+034
-1.2300000e+034
-1.2300000e+034
-1.2300000e+034
-1.2300000e+034
-1.2300000e+034
-1.2300000e+034
-1.2300000e+034
-1.2300000e+034
-1.2300000e+034
-1.2300000e+034
-1.2300000e+034
-1.2300000e+034
-1.2300000e+034
-1.2300000e+034
-1.2300000e+034
-1.2300000e+034
-1.2300000e+034
-1.2300000e+034
-1.2300000e+034
-1.2300000e+034
-1.2300000e+034
-1.2300000e+034
-1.2300000e+034
-1.2300000e+034
-1.2300000e+034
-1.2300000e+034
-1.2300000e+034
-1.2300000e+034
-1.2300000e+034
-1.2300000e+034
-1.2300000e+034
-1.2300000e+034
-1.2300000e+034
-1.2300000e+034
 4.4729704e-001
 3.9715829e-001
 3.0749086e-001
 4.0370470e-001
 4.1441864e-001
 4.1048273e-001
 4.0751743e-001
 4.0579939e-001
 4.0464598e-001
 4.0332597e-001
 4.0276429e-001
 4.0342402e-001
 4.0379041e-001
 4.0406868e-001
 4.0467286e-001
 4.0471032e-001
 4.0451828e-001
 4.0692684e-001
 4.0990776e-001
 4.1189265e-001
 4.1351259e-001
 4.1511819e-001
 4.1684648e-001
 4.1924766e-001
 4.2149937e-001
 4.2365465e-001
 4.2518625e-001
 4.2653972e-001
 4.2765477e-001
 4.2894533e-001
 4.3071643e-001
 4.3239245e-001
 4.3396780e-001
 4.3485579e-001
 4.3523091e-001
 4.3551221e-001
 4.3618986e-001
 4.3736798e-001
 4.3854374e-001
 4.3973842e-001
 4.4059336e-001
 4.4058993e-001
 4.4011331e-001
 4.3929803e-001
 4.3795511e-001
 4.3678960e-001
 4.3633479e-001
 4.3696979e-001
 4.3749714e-001
 4.3625385e-001
 4.3363395e-001
 4.3111879e-001
 4.3212280e-001
 4.2688888e-001
 4.1815531e-001
 4.1409522e-001
 4.1645005e-001
 4.1933376e-001
 4.2112523e-001
 4.2194512e-001
 4.2268234e-001
 4.2194647e-001
 4.2051375e-001
 4.1845614e-001
 4.1666496e-001
 4.1392028e-001
 4.1612273e-001
 4.2308596e-001
 4.2401889e-001
 4.2156115e-001
 4.1761321e-001
 4.0497401e-001
 3.8702208e-001
 3.9454609e-001
 3.9952159e-001
 3.9817762e-001
 3.9078206e-001
 3.8152474e-001
 3.8341135e-001
 3.9148724e-001
 3.9339000e-001
 3.8664901e-001
 3.8718185e-001
 3.9586097e-001
 3.9631465e-001
 3.9324173e-001
 3.8440147e-001
 3.5471728e-001
 3.6047670e-001
 3.6281076e-001
 3.4239274e-001
 3.0571121e-001
 2.4045615e-001
 1.5453568e-001
 1.6263209e-001
 1.0605902e-001
 1.2668335e-001
 2.2470999e-001
 3.0403319e-001
 3.0421740e-001
 2.8376478e-001
 2.5847468e-001
 2.0895505e-001
 1.8196338e-001
 2.1426122e-001
 2.8641477e-001
 2.8408596e-001
 2.5658819e-001
 2.5380546e-001
 2.5002509e-001
 2.2884096e-001
 2.1552999e-001
 2.5924057e-001
 2.7271947e-001
 2.5748765e-001
 2.6618347e-001
