s07_AV97 Record=2302: Muscovite HS24.3              BECKb AREF
 2.9385516e-001
 3.1401339e-001
 3.3478415e-001
 3.5604903e-001
 3.7320986e-001
 3.8842359e-001
 3.9981681e-001
 4.0883052e-001
 4.1919816e-001
 4.3686372e-001
 4.4820431e-001
 4.5623150e-001
 4.6432507e-001
 4.7023207e-001
 4.7270769e-001
 4.7609445e-001
 4.8039374e-001
 4.8402470e-001
 4.8781350e-001
 4.9125928e-001
 4.9451974e-001
 4.9903426e-001
 5.0382286e-001
 5.0846583e-001
 5.1257664e-001
 5.1798934e-001
 5.2307689e-001
 5.2746272e-001
 5.3186077e-001
 5.3675479e-001
 5.4120833e-001
 5.4561228e-001
 5.4065061e-001
 5.4458970e-001
 5.4943508e-001
 5.5329370e-001
 5.5758321e-001
 5.6290400e-001
 5.6728625e-001
 5.7118660e-001
 5.7539678e-001
 5.7825822e-001
 5.8219182e-001
 5.8553100e-001
 5.8774686e-001
 5.9067702e-001
 5.9273750e-001
 5.9399897e-001
 5.9571987e-001
 5.9446710e-001
 5.9459198e-001
 5.9402931e-001
 5.9234864e-001
 5.9127015e-001
 5.9185952e-001
 5.9148437e-001
 5.9450680e-001
 5.9257889e-001
 5.9254402e-001
 5.9102684e-001
 5.9467983e-001
 5.9652543e-001
 6.0024673e-001
 6.0119998e-001
 6.0397965e-001
 6.0819453e-001
 6.1146796e-001
 6.1389351e-001
 6.1456144e-001
 6.1629045e-001
 6.1808974e-001
 6.1819309e-001
 6.1871183e-001
 6.2066591e-001
 6.2191129e-001
 6.2141848e-001
 6.2362027e-001
 6.2664622e-001
 6.2698144e-001
 6.2984866e-001
 6.3203073e-001
 6.3563919e-001
 6.3860369e-001
 6.4111364e-001
 6.4476538e-001
 6.4885980e-001
 6.5172428e-001
 6.5822792e-001
 6.6240847e-001
 6.6672349e-001
 6.7219079e-001
 6.7599481e-001
 6.7966038e-001
 6.8591213e-001
 6.9015104e-001
 6.9457114e-001
 6.8744910e-001
 6.9301170e-001
 6.9663918e-001
 7.0138383e-001
 7.0314789e-001
 7.0583487e-001
 7.0939517e-001
 7.1459365e-001
 7.1884036e-001
 7.2485226e-001
 7.2828716e-001
 7.3106468e-001
 7.2809267e-001
 7.2251564e-001
 6.8281257e-001
 5.9510809e-001
 5.4993612e-001
 6.0417908e-001
 6.8651682e-001
 7.3594105e-001
 7.5546825e-001
 7.6130027e-001
 7.6709157e-001
 7.6934379e-001
 7.7296430e-001
 7.7571929e-001
 7.7682978e-001
 7.8117198e-001
 7.8235853e-001
 7.8468472e-001
 7.8773683e-001
 7.9048795e-001
 7.9225862e-001
 7.9403228e-001
 7.9716557e-001
 7.9815322e-001
 7.9823875e-001
 7.9916352e-001
 8.0189115e-001
 8.0279762e-001
 8.0242532e-001
 8.0508471e-001
 8.0531186e-001
 8.0473375e-001
 8.0771631e-001
 8.1142294e-001
 8.0936265e-001
 8.0879682e-001
 8.0894560e-001
 8.1050742e-001
 8.0843431e-001
 8.0705965e-001
 8.0902648e-001
 8.1384969e-001
 8.1496674e-001
 8.1306732e-001
 8.1111348e-001
 8.1018949e-001
 8.0830306e-001
 8.0422962e-001
 8.0148649e-001
 8.0543780e-001
 8.0586755e-001
 7.9825020e-001
 8.0103844e-001
 7.9396230e-001
 7.9019010e-001
 7.8387815e-001
 7.7776891e-001
 7.7939844e-001
 7.8019941e-001
 7.7942926e-001
 7.8545743e-001
 7.8689647e-001
 7.8970140e-001
 7.9066223e-001
 7.8829521e-001
 7.9136378e-001
 7.9352027e-001
 7.9397625e-001
 7.9486942e-001
 7.9123187e-001
 7.9260588e-001
 7.9024607e-001
 7.8481078e-001
 7.7741385e-001
 7.6207662e-001
 7.4226815e-001
 7.3018992e-001
 7.2905248e-001
 7.2980285e-001
 7.2097325e-001
 7.0485699e-001
 6.7945331e-001
 6.2971234e-001
 5.5627602e-001
 4.7896957e-001
 4.3683231e-001
 4.4880608e-001
 4.9124986e-001
 5.1453406e-001
 5.4109603e-001
 5.8576846e-001
 6.2248379e-001
 6.3340318e-001
 6.3532829e-001
 6.2557822e-001
 5.9970105e-001
 5.6667227e-001
 5.2595848e-001
 4.8734456e-001
 4.7012526e-001
 4.6727145e-001
 4.7220913e-001
 4.7832045e-001
 4.7960103e-001
 4.8549128e-001
 4.8553848e-001
 4.7784120e-001
 4.6669018e-001
 4.5779672e-001
 4.5650873e-001
 4.6147263e-001
 4.7067955e-001
 4.8105866e-001
 4.9163163e-001
 5.0178802e-001
 5.1100606e-001
