s07_AV97 Record=4106: Natrolite+Zeolite HS168.3B  NIC4bbb RREF
-1.2300000e+034
-1.2300000e+034
-1.2300000e+034
-1.2300000e+034
-1.2300000e+034
-1.2300000e+034
-1.2300000e+034
-1.2300000e+034
-1.2300000e+034
-1.2300000e+034
-1.2300000e+034
-1.2300000e+034
-1.2300000e+034
-1.2300000e+034
-1.2300000e+034
-1.2300000e+034
-1.2300000e+034
-1.2300000e+034
-1.2300000e+034
-1.2300000e+034
-1.2300000e+034
-1.2300000e+034
-1.2300000e+034
-1.2300000e+034
-1.2300000e+034
-1.2300000e+034
-1.2300000e+034
-1.2300000e+034
-1.2300000e+034
-1.2300000e+034
-1.2300000e+034
-1.2300000e+034
-1.2300000e+034
-1.2300000e+034
-1.2300000e+034
-1.2300000e+034
-1.2300000e+034
-1.2300000e+034
-1.2300000e+034
-1.2300000e+034
-1.2300000e+034
-1.2300000e+034
-1.2300000e+034
-1.2300000e+034
-1.2300000e+034
-1.2300000e+034
-1.2300000e+034
-1.2300000e+034
-1.2300000e+034
-1.2300000e+034
-1.2300000e+034
-1.2300000e+034
-1.2300000e+034
-1.2300000e+034
-1.2300000e+034
-1.2300000e+034
-1.2300000e+034
-1.2300000e+034
-1.2300000e+034
-1.2300000e+034
-1.2300000e+034
-1.2300000e+034
-1.2300000e+034
-1.2300000e+034
-1.2300000e+034
-1.2300000e+034
-1.2300000e+034
-1.2300000e+034
-1.2300000e+034
-1.2300000e+034
-1.2300000e+034
-1.2300000e+034
-1.2300000e+034
-1.2300000e+034
-1.2300000e+034
-1.2300000e+034
-1.2300000e+034
-1.2300000e+034
-1.2300000e+034
-1.2300000e+034
-1.2300000e+034
-1.2300000e+034
-1.2300000e+034
-1.2300000e+034
-1.2300000e+034
-1.2300000e+034
-1.2300000e+034
-1.2300000e+034
-1.2300000e+034
-1.2300000e+034
-1.2300000e+034
-1.2300000e+034
-1.2300000e+034
-1.2300000e+034
-1.2300000e+034
-1.2300000e+034
-1.2300000e+034
-1.2300000e+034
-1.2300000e+034
-1.2300000e+034
-1.2300000e+034
-1.2300000e+034
-1.2300000e+034
-1.2300000e+034
-1.2300000e+034
-1.2300000e+034
-1.2300000e+034
-1.2300000e+034
 4.8321342e-001
 4.6916521e-001
 4.4583601e-001
 4.0803835e-001
 3.5268888e-001
 3.1025979e-001
 3.2600099e-001
 3.5056064e-001
 3.5610130e-001
 3.5564902e-001
 3.6733341e-001
 3.8071251e-001
 3.9102274e-001
 4.0230119e-001
 4.0991876e-001
 4.1506094e-001
 4.1914722e-001
 4.2252097e-001
 4.2551959e-001
 4.2848223e-001
 4.3150228e-001
 4.3438035e-001
 4.3695560e-001
 4.3997249e-001
 4.4324672e-001
 4.4671786e-001
 4.5014077e-001
 4.5351166e-001
 4.5670319e-001
 4.6005309e-001
 4.6372756e-001
 4.6706930e-001
 4.7004619e-001
 4.7232476e-001
 4.7357440e-001
 4.7421131e-001
 4.7355273e-001
 4.7223490e-001
 4.6968681e-001
 4.6429035e-001
 4.6024451e-001
 4.5967394e-001
 4.5948896e-001
 4.5903635e-001
 4.6130368e-001
 4.6646935e-001
 4.7097701e-001
 4.7222289e-001
 4.6955091e-001
 4.6097204e-001
 4.4122064e-001
 4.0155938e-001
 4.1699272e-001
 3.5628456e-001
 2.7498794e-001
 2.0479579e-001
 1.9625790e-001
 2.0518015e-001
 1.9931118e-001
 2.2906989e-001
 2.7802321e-001
 3.0173048e-001
 3.1297511e-001
 3.1892663e-001
 3.2265925e-001
 3.2895312e-001
 3.3908454e-001
 3.5239613e-001
 3.6580274e-001
 3.7549749e-001
 3.8101843e-001
 3.8356420e-001
 3.8498437e-001
 3.8853374e-001
 3.9581245e-001
 4.0391901e-001
 4.1005990e-001
 4.1422907e-001
 4.1736668e-001
 4.1927144e-001
 4.2063701e-001
 4.2149693e-001
 4.2071253e-001
 4.1760519e-001
 4.1626111e-001
 4.2102286e-001
 4.2848080e-001
 4.3452275e-001
 4.3869728e-001
 4.4100773e-001
 4.4072565e-001
 4.3811673e-001
 4.3528959e-001
 4.3271410e-001
 4.2986342e-001
 4.2540765e-001
 4.1919625e-001
 4.1174653e-001
 4.0282315e-001
 3.9434516e-001
 3.8591826e-001
 3.7445834e-001
 3.6070323e-001
 3.4535903e-001
 3.2676706e-001
 3.0357954e-001
 2.7646193e-001
 2.5046909e-001
 2.3426451e-001
 2.2518076e-001
 2.1540664e-001
 2.0740457e-001
 2.0380569e-001
 2.0162493e-001
 1.9959414e-001
 1.9721922e-001
