s07_AV97 Record=377: Andradite WS474               BECKb AREF
 9.3408756e-002
 1.0376701e-001
 1.2174628e-001
 1.4445814e-001
 1.5922822e-001
 1.7093053e-001
 1.7278841e-001
 1.7269507e-001
 1.8931320e-001
 2.0068347e-001
 2.0763703e-001
 2.1525772e-001
 2.2683817e-001
 2.4071135e-001
 2.5346568e-001
 2.6677692e-001
 2.8031698e-001
 2.9209563e-001
 3.0453905e-001
 3.1907827e-001
 3.3312848e-001
 3.4624848e-001
 3.5956910e-001
 3.7463239e-001
 3.8901901e-001
 4.0362594e-001
 4.1836539e-001
 4.3248168e-001
 4.4593626e-001
 4.6069217e-001
 4.7593778e-001
 4.8975858e-001
 4.7368783e-001
 4.8738101e-001
 4.9890512e-001
 5.1109815e-001
 5.2282852e-001
 5.3328168e-001
 5.4191488e-001
 5.5286205e-001
 5.6319076e-001
 5.6858391e-001
 5.7609260e-001
 5.7803649e-001
 5.8202368e-001
 5.8397925e-001
 5.8348727e-001
 5.8125633e-001
 5.7960284e-001
 5.7725769e-001
 5.7195038e-001
 5.6991339e-001
 5.6859934e-001
 5.7365620e-001
 5.7354337e-001
 5.7467622e-001
 5.8282048e-001
 5.8493119e-001
 5.9693265e-001
 6.0310960e-001
 6.1426616e-001
 6.1935264e-001
 6.2572622e-001
 6.3513678e-001
 6.4113057e-001
 6.4708793e-001
 6.5562308e-001
 6.6069043e-001
 6.6409349e-001
 6.6816121e-001
 6.7049015e-001
 6.7501998e-001
 6.7812061e-001
 6.7770207e-001
 6.8291801e-001
 6.8281573e-001
 6.8159270e-001
 6.8418449e-001
 6.8598771e-001
 6.8654752e-001
 6.8371636e-001
 6.8598205e-001
 6.8274009e-001
 6.8385690e-001
 6.8430543e-001
 6.8457174e-001
 6.8128294e-001
 6.8187881e-001
 6.7975122e-001
 6.7938370e-001
 6.7618763e-001
 6.7815399e-001
 6.7608345e-001
 6.7672342e-001
 6.7605001e-001
 6.7716241e-001
 6.7591721e-001
 6.7722726e-001
 6.7717576e-001
 6.7615706e-001
 6.7508233e-001
 6.7651838e-001
 6.7865688e-001
 6.7795241e-001
 6.8079561e-001
 6.8258768e-001
 6.8492311e-001
 6.8591422e-001
 6.9047785e-001
 6.9254339e-001
 6.9492197e-001
 6.9753903e-001
 6.9983917e-001
 7.0258749e-001
 7.0609897e-001
 7.0865697e-001
 7.1151698e-001
 7.1786672e-001
 7.1782440e-001
 7.2099644e-001
 7.2086537e-001
 7.2493279e-001
 7.2463757e-001
 7.2546297e-001
 7.2626740e-001
 7.2898746e-001
 7.3056275e-001
 7.3080689e-001
 7.2840273e-001
 7.2736573e-001
 7.2983074e-001
 7.2719300e-001
 7.2524565e-001
 7.2792572e-001
 7.2607064e-001
 7.2666961e-001
 7.2376764e-001
 7.2480953e-001
 7.2420305e-001
 7.2374570e-001
 7.1795046e-001
 7.2459859e-001
 7.2135764e-001
 7.2057575e-001
 7.2009516e-001
 7.2369927e-001
 7.1880543e-001
 7.1895033e-001
 7.1909112e-001
 7.1354616e-001
 7.1781373e-001
 7.1902370e-001
 7.1354538e-001
 7.1393579e-001
 7.1518254e-001
 7.1909606e-001
 7.1806091e-001
 7.1657497e-001
 7.1472472e-001
 7.1186882e-001
 7.1256787e-001
 7.1161062e-001
 7.1311104e-001
 7.1277517e-001
 7.1156389e-001
 7.1326947e-001
 7.1498519e-001
 7.1611321e-001
 7.1519619e-001
 7.1930242e-001
 7.2227311e-001
 7.2197741e-001
 7.2404265e-001
 7.2559303e-001
 7.2785538e-001
 7.3089671e-001
 7.3103297e-001
 7.3342252e-001
 7.3319638e-001
 7.3378575e-001
 7.3779124e-001
 7.3565549e-001
 7.4097079e-001
 7.4492800e-001
 7.4575782e-001
 7.4251014e-001
 7.4383855e-001
 7.4412185e-001
 7.4303478e-001
 7.4347240e-001
 7.4421930e-001
 7.4060225e-001
 7.3927802e-001
 7.3705637e-001
 7.3927891e-001
 7.4089980e-001
 7.3498231e-001
 7.3704463e-001
 7.3907459e-001
 7.3962194e-001
 7.3851794e-001
 7.3605484e-001
 7.3281157e-001
 7.3702806e-001
 7.3524326e-001
 7.3567051e-001
 7.3780012e-001
 7.3231786e-001
 7.3640776e-001
 7.3670673e-001
 7.3525137e-001
 7.2969997e-001
 7.3251587e-001
 7.3266482e-001
 7.2967559e-001
 7.2876394e-001
 7.2897774e-001
 7.2801483e-001
 7.2637105e-001
 7.2513020e-001
 7.2547793e-001
 7.2665089e-001
 7.2753102e-001
 7.2725427e-001
