s07_AV97 Record=4205: Talc+Clinochlore HS327.3B     BECKa AREF
 2.6909474e-001
 2.7874237e-001
 2.8851247e-001
 2.9597589e-001
 3.0080098e-001
 3.1098637e-001
 3.2431218e-001
 3.3629206e-001
 3.4408009e-001
 3.4889492e-001
 3.5702845e-001
 3.6762860e-001
 3.7923783e-001
 3.8547045e-001
 3.9250273e-001
 3.9917693e-001
 4.0102789e-001
 4.0184569e-001
 4.0235195e-001
 4.0209159e-001
 4.0077099e-001
 4.0073931e-001
 3.9741179e-001
 3.9324287e-001
 3.8769922e-001
 3.8362527e-001
 3.7953159e-001
 3.7437490e-001
 3.6895326e-001
 3.6483642e-001
 3.6042309e-001
 3.5587847e-001
 3.6137435e-001
 3.5651585e-001
 3.5285550e-001
 3.5025546e-001
 3.4983441e-001
 3.4818497e-001
 3.4952870e-001
 3.5100788e-001
 3.5356390e-001
 3.5696813e-001
 3.5947827e-001
 3.6249146e-001
 3.6734778e-001
 3.6834559e-001
 3.6949241e-001
 3.6840191e-001
 3.6578733e-001
 3.6184955e-001
 3.6001077e-001
 3.5862324e-001
 3.5473892e-001
 3.5437331e-001
 3.5362995e-001
 3.4915653e-001
 3.4968337e-001
 3.5240033e-001
 3.5426864e-001
 3.5709497e-001
 3.5706288e-001
 3.6149466e-001
 3.6314261e-001
 3.6828631e-001
 3.7206754e-001
 3.7186477e-001
 3.7284496e-001
 3.7276354e-001
 3.7457961e-001
 3.7557220e-001
 3.7627271e-001
 3.7593824e-001
 3.7646392e-001
 3.7604097e-001
 3.7732276e-001
 3.7746987e-001
 3.7963328e-001
 3.8155919e-001
 3.8279867e-001
 3.8577348e-001
 3.8824025e-001
 3.9084035e-001
 3.9536276e-001
 4.0038422e-001
 4.0400892e-001
 4.0915704e-001
 4.1361117e-001
 4.1904381e-001
 4.2495614e-001
 4.3083808e-001
 4.3724626e-001
 4.4272438e-001
 4.4858870e-001
 4.5616177e-001
 4.6203494e-001
 4.6568450e-001
 4.5865077e-001
 4.6432242e-001
 4.6892250e-001
 4.7671226e-001
 4.8310781e-001
 4.8755801e-001
 4.9397650e-001
 5.0036985e-001
 5.0670195e-001
 5.1275730e-001
 5.1941115e-001
 5.2482301e-001
 5.2784306e-001
 4.8068193e-001
 4.1671795e-001
 4.8354283e-001
 5.1807702e-001
 5.2771211e-001
 5.2189630e-001
 5.1983291e-001
 5.2807915e-001
 5.4086840e-001
 5.4905409e-001
 5.5800611e-001
 5.6153989e-001
 5.6036448e-001
 5.5903131e-001
 5.5860549e-001
 5.6157923e-001
 5.6261975e-001
 5.6801397e-001
 5.7322180e-001
 5.7936376e-001
 5.8738470e-001
 5.9608161e-001
 6.0362595e-001
 6.1246520e-001
 6.1855531e-001
 6.2606192e-001
 6.3508064e-001
 6.4205015e-001
 6.4677739e-001
 6.5120149e-001
 6.5595585e-001
 6.5973020e-001
 6.6800851e-001
 6.6909033e-001
 6.7304552e-001
 6.7794317e-001
 6.8215781e-001
 6.8120366e-001
 6.8368554e-001
 6.8608648e-001
 6.8439662e-001
 6.8646330e-001
 6.8097597e-001
 6.7690378e-001
 6.7859882e-001
 6.7108667e-001
 6.6501653e-001
 6.5596443e-001
 6.4723700e-001
 6.3911003e-001
 6.3694048e-001
 6.3649869e-001
 6.4080566e-001
 6.4934647e-001
 6.5324855e-001
 6.5001571e-001
 6.4768094e-001
 6.3923854e-001
 6.2478524e-001
 6.1667031e-001
 6.1104834e-001
 5.9917116e-001
 5.9155542e-001
 5.8993059e-001
 5.9825963e-001
 6.1602330e-001
 6.3663667e-001
 6.5108269e-001
 6.6356456e-001
 6.7152971e-001
 6.6938353e-001
 6.6051948e-001
 6.6407984e-001
 6.6589636e-001
 6.5990049e-001
 6.5438843e-001
 6.5325177e-001
 6.5307897e-001
 6.5551436e-001
 6.5208036e-001
 6.3996530e-001
 6.3020515e-001
 6.2445605e-001
 6.1360866e-001
 6.0052919e-001
 5.6979740e-001
 5.2344048e-001
 4.5839864e-001
 4.1464722e-001
 4.2027706e-001
 4.3025035e-001
 3.9474925e-001
 3.3645806e-001
 3.0778423e-001
 2.8406975e-001
 2.8291243e-001
 3.2873836e-001
 3.5432908e-001
 3.6252987e-001
 3.7604788e-001
 3.8905513e-001
 3.7725812e-001
 3.7205884e-001
 3.9323515e-001
 4.2009190e-001
 4.3664640e-001
 4.3532050e-001
 4.2231473e-001
 4.0694770e-001
 3.9493486e-001
 3.8570225e-001
 3.8201562e-001
 3.8205722e-001
 3.8339213e-001
 3.8406265e-001
