s07_AV97 Record=948: Copiapite GDS21               BECKb AREF
 2.8270500e-002
 3.3916358e-002
 4.2785726e-002
 5.8524549e-002
 6.9464199e-002
 6.4211287e-002
 5.6248255e-002
 6.2278561e-002
 8.1546329e-002
 1.0799021e-001
 1.4387991e-001
 1.8912743e-001
 2.3506235e-001
 2.6925153e-001
 2.8864798e-001
 2.9785565e-001
 3.0343959e-001
 3.0951256e-001
 3.1659827e-001
 3.2537633e-001
 3.3629891e-001
 3.4778005e-001
 3.5897979e-001
 3.6880365e-001
 3.7723097e-001
 3.8557863e-001
 3.9446479e-001
 4.0331095e-001
 4.1147670e-001
 4.1814739e-001
 4.2358631e-001
 4.2660862e-001
 4.2291832e-001
 4.2622373e-001
 4.2658138e-001
 4.2430791e-001
 4.1993794e-001
 4.1351864e-001
 4.0439552e-001
 3.9465904e-001
 3.8341919e-001
 3.7261292e-001
 3.6064279e-001
 3.4960243e-001
 3.3786753e-001
 3.2724586e-001
 3.1784663e-001
 3.0912337e-001
 3.0232999e-001
 2.9550648e-001
 2.8929713e-001
 2.8569871e-001
 2.8568041e-001
 2.8482240e-001
 2.8527379e-001
 2.8761110e-001
 2.9374442e-001
 2.9956371e-001
 3.0129138e-001
 3.0868331e-001
 3.2125065e-001
 3.3075559e-001
 3.4349990e-001
 3.5968244e-001
 3.7302062e-001
 3.8482934e-001
 4.0039936e-001
 4.1632718e-001
 4.3141857e-001
 4.4759709e-001
 4.6283236e-001
 4.7572687e-001
 4.8796713e-001
 5.0069308e-001
 5.0962633e-001
 5.1679617e-001
 5.2498829e-001
 5.2930778e-001
 5.3379416e-001
 5.3739649e-001
 5.3962821e-001
 5.4129988e-001
 5.4231519e-001
 5.3740966e-001
 5.3393537e-001
 5.3010339e-001
 5.3097713e-001
 5.3149897e-001
 5.3172314e-001
 5.3151697e-001
 5.3185004e-001
 5.3133661e-001
 5.3190786e-001
 5.3327185e-001
 5.3341448e-001
 5.3241462e-001
 5.3314155e-001
 5.3342980e-001
 5.3214598e-001
 5.3224754e-001
 5.3179103e-001
 5.2973676e-001
 5.2684253e-001
 5.2239394e-001
 5.1511431e-001
 5.0734031e-001
 5.0071317e-001
 4.9575245e-001
 4.8978946e-001
 4.7838601e-001
 4.5656779e-001
 4.2073646e-001
 3.7468934e-001
 3.3945632e-001
 3.1223986e-001
 2.8298810e-001
 2.6559460e-001
 2.7288988e-001
 2.7900901e-001
 2.7769113e-001
 2.7794316e-001
 2.7593556e-001
 2.7403075e-001
 2.7362385e-001
 2.7154326e-001
 2.7166435e-001
 2.7128515e-001
 2.6944143e-001
 2.6814893e-001
 2.6686034e-001
 2.6394802e-001
 2.6089051e-001
 2.5951013e-001
 2.5364363e-001
 2.4882133e-001
 2.4403971e-001
 2.3890431e-001
 2.3432456e-001
 2.2843477e-001
 2.2350031e-001
 2.2239535e-001
 2.1825507e-001
 2.1560873e-001
 2.1248718e-001
 2.1067646e-001
 2.1087013e-001
 2.1003084e-001
 2.1016547e-001
 2.0852450e-001
 2.0892864e-001
 2.1025319e-001
 2.0972879e-001
 2.1031125e-001
 2.1207957e-001
 2.1382502e-001
 2.1539606e-001
 2.1695183e-001
 2.1551305e-001
 2.0960836e-001
 1.9937347e-001
 2.0320317e-001
 1.8699071e-001
 1.6074273e-001
 1.3389578e-001
 1.1521736e-001
 1.0196352e-001
 9.2072584e-002
 9.1712907e-002
 9.5524155e-002
 9.6647680e-002
 9.8167039e-002
 1.0172391e-001
 1.0250725e-001
 1.0370181e-001
 1.0613953e-001
 1.0826419e-001
 1.1063294e-001
 1.1166370e-001
 1.1746925e-001
 1.1964352e-001
 1.2290104e-001
 1.2704948e-001
 1.2928021e-001
 1.3178185e-001
 1.3352609e-001
 1.3725778e-001
 1.3962324e-001
 1.4426301e-001
 1.4417966e-001
 1.4516811e-001
 1.4698569e-001
 1.4998853e-001
 1.5153597e-001
 1.4754039e-001
 1.5092416e-001
 1.5283187e-001
 1.5525666e-001
 1.5533227e-001
 1.5193217e-001
 1.5277661e-001
 1.5294732e-001
 1.4630756e-001
 1.4101955e-001
 1.4010623e-001
 1.3277905e-001
 1.2550798e-001
 1.1888691e-001
 1.0978653e-001
 1.0317960e-001
 9.6927956e-002
 9.1103137e-002
 8.3246239e-002
 7.7866890e-002
 7.4837297e-002
 7.2673328e-002
 7.0025742e-002
 6.7245215e-002
 6.5049127e-002
 6.3560784e-002
 6.2097844e-002
 6.0548414e-002
 5.8883667e-002
 5.7128515e-002
 5.5299867e-002
