s07_AV97 Record=2765: Pyroxene HS119.4B            ASDFRc AREF
 9.0389751e-002
 9.1408983e-002
 9.3658783e-002
 9.4621703e-002
 9.5509693e-002
 9.7021066e-002
 9.8673724e-002
 9.9611662e-002
 1.0048676e-001
 1.0146189e-001
 1.0241339e-001
 1.0372091e-001
 1.0487084e-001
 1.0604244e-001
 1.0732962e-001
 1.0814687e-001
 1.0851786e-001
 1.0851124e-001
 1.0802888e-001
 1.0703994e-001
 1.0576963e-001
 1.0420024e-001
 1.0242622e-001
 1.0069432e-001
 9.8929994e-002
 9.7213484e-002
 9.5407188e-002
 9.3745939e-002
 9.2186444e-002
 9.0654440e-002
 8.9234211e-002
 8.7896205e-002
 8.9456826e-002
 8.8148504e-002
 8.6872719e-002
 8.5617252e-002
 8.4461793e-002
 8.3362028e-002
 8.2319416e-002
 8.1371263e-002
 8.0503426e-002
 7.9669438e-002
 7.8937232e-002
 7.8218184e-002
 7.7667087e-002
 7.7234261e-002
 7.6858640e-002
 7.6616593e-002
 7.6502487e-002
 7.6459773e-002
 7.6527700e-002
 7.6683149e-002
 7.6816298e-002
 7.6899044e-002
 7.6875232e-002
 7.6770253e-002
 7.6527797e-002
 7.6204181e-002
 7.5841285e-002
 7.5350739e-002
 7.4861340e-002
 7.4435204e-002
 7.3986053e-002
 7.3601574e-002
 7.3310412e-002
 7.3026523e-002
 7.2751038e-002
 7.2488613e-002
 7.2254568e-002
 7.0808709e-002
 7.2038569e-002
 7.0882916e-002
 7.0737578e-002
 7.0690632e-002
 7.0091866e-002
 7.0457071e-002
 7.0036471e-002
 7.0110850e-002
 7.0098609e-002
 6.9698654e-002
 6.9468483e-002
 6.9207221e-002
 6.9216460e-002
 6.9092207e-002
 6.9147155e-002
 6.9164507e-002
 6.9098994e-002
 6.8996109e-002
 6.8855703e-002
 6.8877980e-002
 6.8963684e-002
 6.9368131e-002
 6.9586746e-002
 6.9684915e-002
 6.9752432e-002
 7.0034556e-002
 6.9524847e-002
 6.9937393e-002
 7.0388071e-002
 7.0490986e-002
 7.0854120e-002
 7.1107320e-002
 7.1705200e-002
 7.2237819e-002
 7.2705664e-002
 7.3155180e-002
 7.3629953e-002
 7.4346222e-002
 7.4757710e-002
 7.5038120e-002
 7.5217500e-002
 7.6122358e-002
 7.7106066e-002
 7.7838518e-002
 7.8426503e-002
 7.9133123e-002
 7.9860374e-002
 8.0642492e-002
 8.1409186e-002
 8.1975847e-002
 8.2755238e-002
 8.3647102e-002
 8.4458761e-002
 8.5243404e-002
 8.6044222e-002
 8.7002784e-002
 8.7950632e-002
 8.8786162e-002
 8.9587361e-002
 9.0704679e-002
 9.1683701e-002
 9.2754498e-002
 9.3663156e-002
 9.4884664e-002
 9.5933855e-002
 9.6979201e-002
 9.8117478e-002
 9.9303812e-002
 1.0060477e-001
 1.0169377e-001
 1.0291079e-001
 1.0430114e-001
 1.0572910e-001
 1.0698793e-001
 1.0825016e-001
 1.0950086e-001
 1.1101604e-001
 1.1194666e-001
 1.1363279e-001
 1.1518593e-001
 1.1665052e-001
 1.1816228e-001
 1.1986715e-001
 1.2141774e-001
 1.2280922e-001
 1.2440639e-001
 1.2597238e-001
 1.2767386e-001
 1.2921420e-001
 1.3021047e-001
 1.2992361e-001
 1.3063395e-001
 1.3046758e-001
 1.3090634e-001
 1.3295735e-001
 1.3535623e-001
 1.3774340e-001
 1.3973038e-001
 1.4177726e-001
 1.4408188e-001
 1.4616512e-001
 1.4859046e-001
 1.5086292e-001
 1.5322235e-001
 1.5557928e-001
 1.5807526e-001
 1.6030632e-001
 1.6270822e-001
 1.6508633e-001
 1.6724879e-001
 1.6925670e-001
 1.7145580e-001
 1.7373085e-001
 1.7590468e-001
 1.7805250e-001
 1.7990996e-001
 1.8192691e-001
 1.8390024e-001
 1.8575548e-001
 1.8796551e-001
 1.8977742e-001
 1.9129121e-001
 1.9310789e-001
 1.9426259e-001
 1.9548041e-001
 1.9678427e-001
 1.9836006e-001
 2.0029303e-001
 2.0205246e-001
 2.0262672e-001
 2.0061322e-001
 1.9392371e-001
 1.8975161e-001
 1.8331315e-001
 1.8455863e-001
 1.9703144e-001
 2.0769441e-001
 2.1388936e-001
 2.1762374e-001
 2.1931760e-001
 2.1748631e-001
 2.1522564e-001
 2.1873705e-001
 2.2580810e-001
 2.3031773e-001
 2.3220927e-001
 2.3330107e-001
 2.3401955e-001
 2.3517443e-001
 2.3744386e-001
 2.3820122e-001
 2.4208359e-001
 2.4133182e-001
-1.2300000e+034
