s07_AV97 Record=1901: Lepidolite HS167.4B          ASDFRb AREF
 3.9995071e-001
 4.2428991e-001
 4.3846926e-001
 4.3993983e-001
 4.3095949e-001
 4.1930309e-001
 4.0787515e-001
 3.9901146e-001
 3.9494807e-001
 3.9501399e-001
 3.9859232e-001
 4.0307903e-001
 4.0716121e-001
 4.0855643e-001
 4.0579322e-001
 4.0063131e-001
 3.9653894e-001
 3.9494091e-001
 3.9421177e-001
 3.9523518e-001
 3.9909106e-001
 4.0676990e-001
 4.1900226e-001
 4.3381569e-001
 4.4923735e-001
 4.6350890e-001
 4.7524714e-001
 4.8298436e-001
 4.8693129e-001
 4.8797101e-001
 4.8621839e-001
 4.8338568e-001
 4.8657405e-001
 4.8404887e-001
 4.8065963e-001
 4.7750142e-001
 4.7370055e-001
 4.7073600e-001
 4.6786636e-001
 4.6571621e-001
 4.6362609e-001
 4.6306187e-001
 4.6223003e-001
 4.6194482e-001
 4.6225432e-001
 4.6293691e-001
 4.6439943e-001
 4.6579987e-001
 4.6803480e-001
 4.7014740e-001
 4.7322491e-001
 4.7591126e-001
 4.7956917e-001
 4.8270202e-001
 4.8684236e-001
 4.9096853e-001
 4.9573067e-001
 4.9965200e-001
 5.0431240e-001
 5.0898451e-001
 5.1331580e-001
 5.1803732e-001
 5.2015656e-001
 5.1825351e-001
 5.2674878e-001
 5.3724486e-001
 5.4414833e-001
 5.4986858e-001
 5.5411744e-001
 5.5830550e-001
 5.6372106e-001
 5.6903154e-001
 5.7406574e-001
 5.7832801e-001
 5.8338797e-001
 5.8895147e-001
 5.9323674e-001
 5.9727657e-001
 6.0235423e-001
 6.0704267e-001
 6.1085469e-001
 6.1477226e-001
 6.1936569e-001
 6.2270337e-001
 6.2585950e-001
 6.2912428e-001
 6.3246077e-001
 6.3612813e-001
 6.3924241e-001
 6.4152586e-001
 6.4448208e-001
 6.4669216e-001
 6.4573300e-001
 6.4776736e-001
 6.5405720e-001
 6.5706396e-001
 6.5066147e-001
 6.5633005e-001
 6.5738851e-001
 6.5596402e-001
 6.5360862e-001
 6.5198570e-001
 6.5038574e-001
 6.4981985e-001
 6.5257365e-001
 6.5811622e-001
 6.5896839e-001
 6.5082711e-001
 6.3133258e-001
 5.7243085e-001
 4.7217467e-001
 3.6674368e-001
 3.8349316e-001
 5.3328693e-001
 6.2026364e-001
 6.5529865e-001
 6.7128956e-001
 6.8060613e-001
 6.8547237e-001
 6.8870872e-001
 6.9058782e-001
 6.9194633e-001
 6.9357765e-001
 6.9476146e-001
 6.9529921e-001
 6.9543201e-001
 6.9652247e-001
 6.9811392e-001
 7.0033669e-001
 7.0300901e-001
 7.0508873e-001
 7.0550382e-001
 7.0551825e-001
 7.0592153e-001
 7.0632613e-001
 7.0774847e-001
 7.0933735e-001
 7.1133447e-001
 7.1173954e-001
 7.1109647e-001
 7.0986861e-001
 7.0918024e-001
 7.0905155e-001
 7.0855385e-001
 7.0861983e-001
 7.0862120e-001
 7.0721209e-001
 7.0550400e-001
 7.0508933e-001
 7.0587844e-001
 7.0532429e-001
 7.0398051e-001
 7.0097399e-001
 6.9482350e-001
 6.8847811e-001
 6.8880504e-001
 6.9248080e-001
 6.9434440e-001
 6.9349879e-001
 6.8824899e-001
 6.9070536e-001
 6.8315941e-001
 6.7111629e-001
 6.5974951e-001
 6.5799612e-001
 6.6029185e-001
 6.6072649e-001
 6.5800542e-001
 6.5268528e-001
 6.4629382e-001
 6.3841957e-001
 6.2947392e-001
 6.1951441e-001
 6.1334574e-001
 6.1088061e-001
 6.1148828e-001
 6.1038715e-001
 6.0849285e-001
 6.0389251e-001
 5.9339988e-001
 5.7255769e-001
 5.5295289e-001
 5.3394675e-001
 5.1486349e-001
 5.0296718e-001
 5.0294298e-001
 5.0227368e-001
 4.8757535e-001
 4.5731011e-001
 4.0210822e-001
 3.1808245e-001
 2.4855579e-001
 2.3960081e-001
 2.9741496e-001
 3.7689719e-001
 4.2753115e-001
 4.5504573e-001
 4.6899486e-001
 4.7599313e-001
 4.7795248e-001
 4.7301200e-001
 4.6151370e-001
 4.4036472e-001
 4.0641201e-001
 3.6729497e-001
 3.2943654e-001
 3.0193269e-001
 2.8993911e-001
 2.9841575e-001
 3.0928996e-001
 3.0940312e-001
 3.0817208e-001
 3.0559888e-001
 2.9181087e-001
 2.7194798e-001
 2.5714746e-001
 2.4813977e-001
 2.4910232e-001
 2.5629309e-001
 2.6434407e-001
 2.6936755e-001
 2.7342999e-001
 2.8763244e-001
-1.2300000e+034
