s07_AV97 Record=802: Chlorite SMR-13.a 104-150um  NIC4aa RREF
-1.2300000e+034
-1.2300000e+034
-1.2300000e+034
-1.2300000e+034
-1.2300000e+034
-1.2300000e+034
-1.2300000e+034
-1.2300000e+034
-1.2300000e+034
-1.2300000e+034
-1.2300000e+034
-1.2300000e+034
-1.2300000e+034
-1.2300000e+034
-1.2300000e+034
-1.2300000e+034
-1.2300000e+034
-1.2300000e+034
-1.2300000e+034
-1.2300000e+034
-1.2300000e+034
-1.2300000e+034
-1.2300000e+034
-1.2300000e+034
-1.2300000e+034
-1.2300000e+034
-1.2300000e+034
-1.2300000e+034
-1.2300000e+034
-1.2300000e+034
-1.2300000e+034
-1.2300000e+034
-1.2300000e+034
-1.2300000e+034
-1.2300000e+034
-1.2300000e+034
-1.2300000e+034
-1.2300000e+034
-1.2300000e+034
-1.2300000e+034
-1.2300000e+034
-1.2300000e+034
-1.2300000e+034
-1.2300000e+034
-1.2300000e+034
-1.2300000e+034
-1.2300000e+034
-1.2300000e+034
-1.2300000e+034
-1.2300000e+034
-1.2300000e+034
-1.2300000e+034
-1.2300000e+034
-1.2300000e+034
-1.2300000e+034
-1.2300000e+034
-1.2300000e+034
-1.2300000e+034
-1.2300000e+034
-1.2300000e+034
-1.2300000e+034
-1.2300000e+034
-1.2300000e+034
-1.2300000e+034
-1.2300000e+034
-1.2300000e+034
-1.2300000e+034
-1.2300000e+034
-1.2300000e+034
-1.2300000e+034
-1.2300000e+034
-1.2300000e+034
-1.2300000e+034
-1.2300000e+034
-1.2300000e+034
-1.2300000e+034
-1.2300000e+034
-1.2300000e+034
-1.2300000e+034
-1.2300000e+034
-1.2300000e+034
-1.2300000e+034
-1.2300000e+034
-1.2300000e+034
-1.2300000e+034
-1.2300000e+034
-1.2300000e+034
-1.2300000e+034
-1.2300000e+034
-1.2300000e+034
-1.2300000e+034
-1.2300000e+034
-1.2300000e+034
-1.2300000e+034
-1.2300000e+034
-1.2300000e+034
-1.2300000e+034
-1.2300000e+034
-1.2300000e+034
-1.2300000e+034
-1.2300000e+034
-1.2300000e+034
-1.2300000e+034
-1.2300000e+034
-1.2300000e+034
-1.2300000e+034
-1.2300000e+034
-1.2300000e+034
 2.5903168e-001
 2.4938257e-001
 2.3581773e-001
 2.5232857e-001
 2.5769621e-001
 2.6259795e-001
 2.6398191e-001
 2.6664594e-001
 2.7190679e-001
 2.7798900e-001
 2.8360882e-001
 2.8859830e-001
 2.9303753e-001
 2.9685229e-001
 3.0040050e-001
 3.0422682e-001
 3.0878392e-001
 3.1426358e-001
 3.1990838e-001
 3.2578450e-001
 3.3167341e-001
 3.3771729e-001
 3.4375101e-001
 3.5008878e-001
 3.5673150e-001
 3.6298996e-001
 3.6909580e-001
 3.7463668e-001
 3.7992531e-001
 3.8508752e-001
 3.9075464e-001
 3.9625514e-001
 4.0151396e-001
 4.0632966e-001
 4.1063964e-001
 4.1487765e-001
 4.1895711e-001
 4.2323527e-001
 4.2768738e-001
 4.3180239e-001
 4.3566731e-001
 4.3886459e-001
 4.4141150e-001
 4.4351584e-001
 4.4496220e-001
 4.4668221e-001
 4.4812950e-001
 4.4848797e-001
 4.4788599e-001
 4.4688106e-001
 4.4511271e-001
 4.4424495e-001
 4.4422910e-001
 4.4564825e-001
 4.4701952e-001
 4.4681561e-001
 4.4728065e-001
 4.4832897e-001
 4.4811356e-001
 4.4556621e-001
 4.4296166e-001
 4.4063684e-001
 4.3662810e-001
 4.3414077e-001
 4.3507138e-001
 4.3945661e-001
 4.4786093e-001
 4.5879748e-001
 4.6963909e-001
 4.7870767e-001
 4.8542598e-001
 4.8998803e-001
 4.9290287e-001
 4.9328408e-001
 4.8928180e-001
 4.8591903e-001
 4.8577324e-001
 4.8738694e-001
 4.8857170e-001
 4.8840359e-001
 4.8614904e-001
 4.8315117e-001
 4.7868046e-001
 4.7125518e-001
 4.6244743e-001
 4.5093155e-001
 4.3549266e-001
 4.0694395e-001
 3.6493564e-001
 3.4042171e-001
 3.4116855e-001
 3.4243912e-001
 3.3341303e-001
 3.0446103e-001
 2.8466502e-001
 2.7770334e-001
 2.6234797e-001
 2.5362921e-001
 2.5735229e-001
 2.7076876e-001
 2.8809315e-001
 3.0744249e-001
 3.1857207e-001
 3.1920233e-001
 3.2543662e-001
 3.4011582e-001
 3.4662798e-001
 3.3934495e-001
 3.3119664e-001
 3.2367259e-001
 3.1232125e-001
 3.0297202e-001
 3.0089933e-001
 3.0135235e-001
 3.0074018e-001
 2.9979360e-001
