s07_AV97 Record=2324: Natrolite HS169.1B Zeolite   ASDFRb AREF
 5.4593086e-001
 5.5953956e-001
 5.7325113e-001
 5.8669019e-001
 5.9899127e-001
 6.1018997e-001
 6.2104303e-001
 6.3145411e-001
 6.4130920e-001
 6.5032744e-001
 6.5861422e-001
 6.6658205e-001
 6.7449999e-001
 6.8243170e-001
 6.9040799e-001
 6.9790435e-001
 7.0476872e-001
 7.1099216e-001
 7.1661919e-001
 7.2164023e-001
 7.2617137e-001
 7.3013389e-001
 7.3389041e-001
 7.3739278e-001
 7.4081969e-001
 7.4391884e-001
 7.4635899e-001
 7.4868935e-001
 7.5088775e-001
 7.5307560e-001
 7.5511831e-001
 7.5708467e-001
 7.5479788e-001
 7.5671345e-001
 7.5855666e-001
 7.6022047e-001
 7.6173234e-001
 7.6326180e-001
 7.6461375e-001
 7.6586515e-001
 7.6710469e-001
 7.6829576e-001
 7.6960111e-001
 7.7082372e-001
 7.7194375e-001
 7.7296400e-001
 7.7389801e-001
 7.7468300e-001
 7.7533174e-001
 7.7598453e-001
 7.7656925e-001
 7.7705055e-001
 7.7762181e-001
 7.7828747e-001
 7.7890527e-001
 7.7964729e-001
 7.8031111e-001
 7.8118145e-001
 7.8198475e-001
 7.8256708e-001
 7.8329372e-001
 7.8378326e-001
 7.8410149e-001
 7.8372127e-001
 7.8290975e-001
 7.8281021e-001
 7.8351396e-001
 7.8507745e-001
 7.8639019e-001
 7.8780919e-001
 7.8845483e-001
 7.8964454e-001
 7.8983253e-001
 7.9057515e-001
 7.9155409e-001
 7.9167539e-001
 7.9245025e-001
 7.9306424e-001
 7.9340273e-001
 7.9436547e-001
 7.9437566e-001
 7.9439682e-001
 7.9307270e-001
 7.9048914e-001
 7.8754395e-001
 7.8505820e-001
 7.8413779e-001
 7.8717709e-001
 7.8825170e-001
 7.8815913e-001
 7.8938097e-001
 7.8995275e-001
 7.9013187e-001
 7.9057795e-001
 7.9119569e-001
 7.9225427e-001
 7.9090792e-001
 7.9169387e-001
 7.9305631e-001
 7.9346395e-001
 7.9329866e-001
 7.9224533e-001
 7.9039264e-001
 7.8458589e-001
 7.7550352e-001
 7.7292842e-001
 7.7153343e-001
 7.7275991e-001
 7.7298737e-001
 7.6855290e-001
 7.6020157e-001
 7.4542212e-001
 7.2441566e-001
 7.0507121e-001
 6.9337392e-001
 6.8414128e-001
 6.6560197e-001
 6.7302942e-001
 6.9973922e-001
 7.0217121e-001
 7.0544833e-001
 7.2207773e-001
 7.3003328e-001
 7.3347384e-001
 7.3449516e-001
 7.3366630e-001
 7.3114103e-001
 7.3034352e-001
 7.3142797e-001
 7.3197788e-001
 7.3112530e-001
 7.3082107e-001
 7.3226559e-001
 7.3455524e-001
 7.3686540e-001
 7.3980862e-001
 7.4325788e-001
 7.4624491e-001
 7.4950129e-001
 7.5168693e-001
 7.5393891e-001
 7.5529891e-001
 7.5603056e-001
 7.5673157e-001
 7.5437647e-001
 7.5279349e-001
 7.5131655e-001
 7.4334162e-001
 7.4097645e-001
 7.4665207e-001
 7.4760723e-001
 7.4428695e-001
 7.3755157e-001
 7.3651785e-001
 7.4092686e-001
 7.4283856e-001
 7.4013895e-001
 7.3281258e-001
 7.1654552e-001
 6.8148535e-001
 6.9867551e-001
 6.4820945e-001
 5.9388918e-001
 5.5127293e-001
 5.0633055e-001
 4.4053990e-001
 3.5711417e-001
 4.1042715e-001
 5.1274943e-001
 5.4617596e-001
 5.4746842e-001
 5.3560418e-001
 5.2173835e-001
 5.1849270e-001
 5.3044164e-001
 5.5599886e-001
 5.8308071e-001
 6.0020471e-001
 6.0740584e-001
 6.0664529e-001
 6.0369438e-001
 6.0840648e-001
 6.2328666e-001
 6.4129919e-001
 6.5422767e-001
 6.6084492e-001
 6.6233099e-001
 6.5949208e-001
 6.5549695e-001
 6.5291274e-001
 6.4904988e-001
 6.3754207e-001
 6.3237792e-001
 6.4411199e-001
 6.6106492e-001
 6.7302775e-001
 6.7900068e-001
 6.8261516e-001
 6.8248957e-001
 6.7924088e-001
 6.7889953e-001
 6.8179643e-001
 6.8452418e-001
 6.8336421e-001
 6.7853212e-001
 6.7144698e-001
 6.6319799e-001
 6.5392071e-001
 6.4654899e-001
 6.3312697e-001
 6.2178582e-001
 6.1239767e-001
 5.9676361e-001
 5.6559783e-001
 5.2428693e-001
 4.9788344e-001
 5.0162888e-001
 5.1767284e-001
 5.2216804e-001
 5.2712977e-001
 5.4897189e-001
 5.7286835e-001
 5.9007746e-001
-1.2300000e+034
