s07_AV97 Record=3951: Kaol.5+MuscCU91-250A AMX13    NIC4b AREF
-1.2300000e+034
-1.2300000e+034
-1.2300000e+034
-1.2300000e+034
-1.2300000e+034
-1.2300000e+034
-1.2300000e+034
-1.2300000e+034
-1.2300000e+034
-1.2300000e+034
-1.2300000e+034
-1.2300000e+034
-1.2300000e+034
-1.2300000e+034
-1.2300000e+034
-1.2300000e+034
-1.2300000e+034
-1.2300000e+034
-1.2300000e+034
-1.2300000e+034
-1.2300000e+034
-1.2300000e+034
-1.2300000e+034
-1.2300000e+034
-1.2300000e+034
-1.2300000e+034
-1.2300000e+034
-1.2300000e+034
-1.2300000e+034
-1.2300000e+034
-1.2300000e+034
-1.2300000e+034
-1.2300000e+034
-1.2300000e+034
-1.2300000e+034
-1.2300000e+034
-1.2300000e+034
-1.2300000e+034
-1.2300000e+034
-1.2300000e+034
-1.2300000e+034
-1.2300000e+034
-1.2300000e+034
-1.2300000e+034
-1.2300000e+034
-1.2300000e+034
-1.2300000e+034
-1.2300000e+034
-1.2300000e+034
-1.2300000e+034
-1.2300000e+034
-1.2300000e+034
-1.2300000e+034
-1.2300000e+034
-1.2300000e+034
-1.2300000e+034
-1.2300000e+034
-1.2300000e+034
-1.2300000e+034
-1.2300000e+034
-1.2300000e+034
-1.2300000e+034
-1.2300000e+034
-1.2300000e+034
-1.2300000e+034
-1.2300000e+034
-1.2300000e+034
-1.2300000e+034
-1.2300000e+034
-1.2300000e+034
-1.2300000e+034
-1.2300000e+034
-1.2300000e+034
-1.2300000e+034
-1.2300000e+034
-1.2300000e+034
-1.2300000e+034
-1.2300000e+034
-1.2300000e+034
-1.2300000e+034
-1.2300000e+034
-1.2300000e+034
-1.2300000e+034
-1.2300000e+034
-1.2300000e+034
-1.2300000e+034
-1.2300000e+034
-1.2300000e+034
-1.2300000e+034
-1.2300000e+034
-1.2300000e+034
-1.2300000e+034
-1.2300000e+034
-1.2300000e+034
-1.2300000e+034
-1.2300000e+034
-1.2300000e+034
-1.2300000e+034
-1.2300000e+034
-1.2300000e+034
-1.2300000e+034
-1.2300000e+034
-1.2300000e+034
-1.2300000e+034
-1.2300000e+034
-1.2300000e+034
-1.2300000e+034
 6.7792505e-001
 6.6745269e-001
 6.3772309e-001
 5.8858037e-001
 5.5616993e-001
 5.3692675e-001
 5.9532547e-001
 6.2676090e-001
 6.3147050e-001
 6.3033092e-001
 6.2871277e-001
 6.2726796e-001
 6.2674403e-001
 6.2700510e-001
 6.2803733e-001
 6.3005090e-001
 6.3187706e-001
 6.3386732e-001
 6.3649577e-001
 6.3927722e-001
 6.4223462e-001
 6.4513147e-001
 6.4797515e-001
 6.5077406e-001
 6.5369666e-001
 6.5662551e-001
 6.5950167e-001
 6.6222066e-001
 6.6459340e-001
 6.6677272e-001
 6.6893440e-001
 6.7112929e-001
 6.7312378e-001
 6.7505193e-001
 6.7663884e-001
 6.7793471e-001
 6.7899352e-001
 6.7975879e-001
 6.8090248e-001
 6.8191540e-001
 6.8250066e-001
 6.8259156e-001
 6.8173403e-001
 6.8055952e-001
 6.8037724e-001
 6.7981410e-001
 6.7961031e-001
 6.8098915e-001
 6.8035895e-001
 6.8342763e-001
 6.8551093e-001
 6.8383408e-001
 6.7988485e-001
 6.8143058e-001
 6.7533296e-001
 6.6641915e-001
 6.6073042e-001
 6.6179264e-001
 6.6440243e-001
 6.6573972e-001
 6.6682500e-001
 6.6754413e-001
 6.6758388e-001
 6.6743380e-001
 6.6695035e-001
 6.6614372e-001
 6.6563344e-001
 6.6510755e-001
 6.6398787e-001
 6.6243672e-001
 6.6016173e-001
 6.5726894e-001
 6.5243775e-001
 6.4650214e-001
 6.3928723e-001
 6.3347322e-001
 6.2490278e-001
 6.1809504e-001
 6.1277348e-001
 5.9936804e-001
 5.7068950e-001
 5.4033405e-001
 5.2687019e-001
 5.1493371e-001
 4.8882389e-001
 4.5966917e-001
 4.3913731e-001
 5.0328809e-001
 5.4715365e-001
 5.6073362e-001
 5.6503427e-001
 5.6684661e-001
 5.6513625e-001
 5.5832708e-001
 5.4955220e-001
 5.3957182e-001
 5.2518088e-001
 5.1114804e-001
 5.0063336e-001
 4.9282154e-001
 4.8238653e-001
 4.7848591e-001
 4.8082539e-001
 4.7339156e-001
 4.6967900e-001
 4.7508901e-001
 4.7498503e-001
 4.6676439e-001
 4.5463774e-001
 4.4071665e-001
 4.3329516e-001
 4.3073717e-001
 4.3045181e-001
 4.2896533e-001
 4.2360550e-001
 4.2197028e-001
 4.2138681e-001
