s07_AV97 Record=738: Celestite HS251.4B Barite    ASDFRb AREF
 4.1453671e-001
 4.3379271e-001
 4.5399222e-001
 4.7035539e-001
 4.8485234e-001
 4.9764553e-001
 5.0865120e-001
 5.1877135e-001
 5.2789110e-001
 5.3549904e-001
 5.4203671e-001
 5.4623550e-001
 5.4898131e-001
 5.4952288e-001
 5.4832077e-001
 5.4561871e-001
 5.4111791e-001
 5.3572863e-001
 5.2962244e-001
 5.2354741e-001
 5.1755583e-001
 5.1201063e-001
 5.0755405e-001
 5.0473857e-001
 5.0322479e-001
 5.0357991e-001
 5.0644726e-001
 5.1215231e-001
 5.2065033e-001
 5.3125328e-001
 5.4290450e-001
 5.5473989e-001
 5.4099804e-001
 5.5247688e-001
 5.6372088e-001
 5.7440346e-001
 5.8456886e-001
 5.9456480e-001
 6.0465783e-001
 6.1488402e-001
 6.2534255e-001
 6.3613105e-001
 6.4767963e-001
 6.5984279e-001
 6.7254966e-001
 6.8541741e-001
 6.9814336e-001
 7.1024114e-001
 7.2122395e-001
 7.3079294e-001
 7.3910969e-001
 7.4609464e-001
 7.5191528e-001
 7.5665057e-001
 7.6064801e-001
 7.6400340e-001
 7.6681477e-001
 7.6906854e-001
 7.7104473e-001
 7.7255851e-001
 7.7397883e-001
 7.7491915e-001
 7.7591419e-001
 7.7662361e-001
 7.7743328e-001
 7.7799213e-001
 7.7853996e-001
 7.7901942e-001
 7.7974886e-001
 7.7934593e-001
 7.7989525e-001
 7.8031039e-001
 7.8033382e-001
 7.8100979e-001
 7.8063327e-001
 7.8084695e-001
 7.8124523e-001
 7.8182703e-001
 7.8191811e-001
 7.8190398e-001
 7.8228384e-001
 7.8241724e-001
 7.8252536e-001
 7.8245705e-001
 7.8248256e-001
 7.8266990e-001
 7.8248900e-001
 7.8270352e-001
 7.8279555e-001
 7.8347230e-001
 7.8350437e-001
 7.8437138e-001
 7.8452915e-001
 7.8513980e-001
 7.8533149e-001
 7.8543591e-001
 7.8509700e-001
 7.8554320e-001
 7.8568971e-001
 7.8544664e-001
 7.8561270e-001
 7.8568465e-001
 7.8578055e-001
 7.8572166e-001
 7.8550553e-001
 7.8547788e-001
 7.8481013e-001
 7.8446054e-001
 7.8442323e-001
 7.8383714e-001
 7.8259110e-001
 7.8100389e-001
 7.7964610e-001
 7.7839279e-001
 7.7753991e-001
 7.7755481e-001
 7.7859229e-001
 7.7976155e-001
 7.8125787e-001
 7.8291792e-001
 7.8470379e-001
 7.8668869e-001
 7.8829604e-001
 7.8948939e-001
 7.9085493e-001
 7.9236400e-001
 7.9396176e-001
 7.9442549e-001
 7.9567158e-001
 7.9615396e-001
 7.9694813e-001
 7.9765624e-001
 7.9794765e-001
 7.9840404e-001
 7.9881662e-001
 7.9892349e-001
 7.9938412e-001
 7.9939121e-001
 7.9985034e-001
 8.0011851e-001
 8.0038792e-001
 8.0065924e-001
 8.0061209e-001
 8.0050707e-001
 8.0036515e-001
 7.9925078e-001
 7.9852498e-001
 7.9797792e-001
 7.9776806e-001
 7.9813910e-001
 7.9803616e-001
 7.9775918e-001
 7.9739076e-001
 7.9626787e-001
 7.9546213e-001
 7.9456210e-001
 7.9458821e-001
 7.9358107e-001
 7.8870863e-001
 7.8246945e-001
 7.8560120e-001
 7.7575642e-001
 7.6343775e-001
 7.5318444e-001
 7.4608546e-001
 7.4270922e-001
 7.4145705e-001
 7.4399036e-001
 7.4745893e-001
 7.5141430e-001
 7.5535899e-001
 7.5891048e-001
 7.6231015e-001
 7.6580530e-001
 7.6862478e-001
 7.7194619e-001
 7.7434027e-001
 7.7656490e-001
 7.7895540e-001
 7.8041148e-001
 7.8184402e-001
 7.8238696e-001
 7.8298825e-001
 7.8360194e-001
 7.8307509e-001
 7.8228712e-001
 7.8151327e-001
 7.7966845e-001
 7.7832764e-001
 7.7669954e-001
 7.7458769e-001
 7.7351916e-001
 7.7228934e-001
 7.7116305e-001
 7.6936096e-001
 7.6736242e-001
 7.6673299e-001
 7.6561266e-001
 7.6412505e-001
 7.6147377e-001
 7.5833970e-001
 7.5417250e-001
 7.5021321e-001
 7.4750650e-001
 7.4405855e-001
 7.4029732e-001
 7.3375612e-001
 7.3008525e-001
 7.2978926e-001
 7.3171109e-001
 7.3332560e-001
 7.3421991e-001
 7.3188537e-001
 7.2834867e-001
 7.2820032e-001
 7.2515750e-001
 7.2317404e-001
 7.1906030e-001
 7.1452224e-001
 7.0481670e-001
 6.9365740e-001
 6.9230109e-001
 6.9595504e-001
-1.2300000e+034
