s07_AV97 Record=4058: Mordenite+Clinopt. GDS151     BECKa AREF
 3.4390143e-001
 3.6467043e-001
 3.9227408e-001
 4.1840354e-001
 4.4175151e-001
 4.6556440e-001
 4.9278778e-001
 5.2313149e-001
 5.4727751e-001
 5.6190652e-001
 5.7047957e-001
 5.7962519e-001
 5.9352356e-001
 6.1115277e-001
 6.3195437e-001
 6.5455419e-001
 6.7700422e-001
 6.9862592e-001
 7.1753383e-001
 7.3357475e-001
 7.4573135e-001
 7.5519997e-001
 7.6267564e-001
 7.6863617e-001
 7.7320886e-001
 7.7686816e-001
 7.8037214e-001
 7.8364712e-001
 7.8684014e-001
 7.9057771e-001
 7.9483020e-001
 7.9836202e-001
 7.9427743e-001
 7.9773003e-001
 8.0101496e-001
 8.0506438e-001
 8.0826950e-001
 8.1209284e-001
 8.1491643e-001
 8.1839752e-001
 8.2060158e-001
 8.2322556e-001
 8.2625890e-001
 8.2748878e-001
 8.2865649e-001
 8.2986832e-001
 8.3114272e-001
 8.3255970e-001
 8.3171660e-001
 8.3205944e-001
 8.3321410e-001
 8.3053231e-001
 8.3139861e-001
 8.3151394e-001
 8.2858372e-001
 8.2970136e-001
 8.3078015e-001
 8.2995176e-001
 8.2634079e-001
 8.3033419e-001
 8.2800281e-001
 8.2606655e-001
 8.2194513e-001
 8.2001942e-001
 8.1972140e-001
 8.2330877e-001
 8.2450342e-001
 8.2832545e-001
 8.2829481e-001
 8.3065414e-001
 8.3316511e-001
 8.3414739e-001
 8.3466524e-001
 8.3650112e-001
 8.3672768e-001
 8.3740723e-001
 8.3851284e-001
 8.3916235e-001
 8.3829474e-001
 8.3927834e-001
 8.3819318e-001
 8.3689988e-001
 8.3006930e-001
 8.1783468e-001
 8.1901729e-001
 8.2563818e-001
 8.3055264e-001
 8.3304870e-001
 8.3329344e-001
 8.3540523e-001
 8.3716911e-001
 8.3848131e-001
 8.3812171e-001
 8.4003109e-001
 8.4031647e-001
 8.4037411e-001
 8.3984190e-001
 8.4070355e-001
 8.4005243e-001
 8.3905059e-001
 8.3741611e-001
 8.3574861e-001
 8.3144200e-001
 8.2468879e-001
 8.1574231e-001
 8.0655599e-001
 7.9774421e-001
 7.8860295e-001
 7.7555716e-001
 7.5514221e-001
 7.1545011e-001
 6.5501761e-001
 6.1446238e-001
 6.1763263e-001
 6.4085078e-001
 6.6759264e-001
 6.8432462e-001
 6.8602127e-001
 6.9956183e-001
 7.2006720e-001
 7.3735791e-001
 7.5005770e-001
 7.5922412e-001
 7.6835799e-001
 7.7337635e-001
 7.7785110e-001
 7.8275818e-001
 7.8707135e-001
 7.8961897e-001
 7.9195851e-001
 7.9596961e-001
 7.9764569e-001
 7.9978025e-001
 8.0167365e-001
 8.0328870e-001
 8.0563051e-001
 8.0653667e-001
 8.0655909e-001
 8.0568850e-001
 8.0435300e-001
 8.0483735e-001
 8.0258578e-001
 7.9866767e-001
 7.9206747e-001
 7.8577429e-001
 7.8064662e-001
 7.7302486e-001
 7.6579982e-001
 7.5837243e-001
 7.5555086e-001
 7.5334573e-001
 7.4427497e-001
 7.4064904e-001
 7.3907638e-001
 7.3683435e-001
 7.3252684e-001
 7.2176820e-001
 7.0403862e-001
 6.6914618e-001
 6.0535914e-001
 6.2958074e-001
 5.3138489e-001
 4.1117135e-001
 3.5229853e-001
 3.6566749e-001
 4.1065177e-001
 4.5041648e-001
 4.7464305e-001
 4.9106818e-001
 5.0926751e-001
 5.2996671e-001
 5.5035710e-001
 5.7297540e-001
 5.9524745e-001
 6.1381418e-001
 6.2752533e-001
 6.3668942e-001
 6.4463061e-001
 6.5087909e-001
 6.5453166e-001
 6.5711373e-001
 6.6138804e-001
 6.6614491e-001
 6.7053348e-001
 6.7685348e-001
 6.7996436e-001
 6.8536443e-001
 6.8916136e-001
 6.8550903e-001
 6.8276733e-001
 6.8184602e-001
 6.7983979e-001
 6.7598045e-001
 6.7368954e-001
 6.7259598e-001
 6.6960430e-001
 6.6698021e-001
 6.6289657e-001
 6.5892202e-001
 6.5252537e-001
 6.4646304e-001
 6.3933134e-001
 6.3056469e-001
 6.2275243e-001
 6.1649024e-001
 6.0831511e-001
 5.9880888e-001
 5.8573353e-001
 5.7274723e-001
 5.5438167e-001
 5.3522569e-001
 5.1638317e-001
 4.9959999e-001
 4.7961572e-001
 4.5876232e-001
 4.4213602e-001
 4.2846566e-001
 4.1506049e-001
 4.0298799e-001
 3.9042088e-001
 3.7934804e-001
 3.6943316e-001
 3.6014625e-001
 3.5116073e-001
