s07_AV97 Record=190: Almandine WS478 Garnet      NIC4cbb RREF
-1.2300000e+034
-1.2300000e+034
-1.2300000e+034
-1.2300000e+034
-1.2300000e+034
-1.2300000e+034
-1.2300000e+034
-1.2300000e+034
-1.2300000e+034
-1.2300000e+034
-1.2300000e+034
-1.2300000e+034
-1.2300000e+034
-1.2300000e+034
-1.2300000e+034
-1.2300000e+034
-1.2300000e+034
-1.2300000e+034
-1.2300000e+034
-1.2300000e+034
-1.2300000e+034
-1.2300000e+034
-1.2300000e+034
-1.2300000e+034
-1.2300000e+034
-1.2300000e+034
-1.2300000e+034
-1.2300000e+034
-1.2300000e+034
-1.2300000e+034
-1.2300000e+034
-1.2300000e+034
-1.2300000e+034
-1.2300000e+034
-1.2300000e+034
-1.2300000e+034
-1.2300000e+034
-1.2300000e+034
-1.2300000e+034
-1.2300000e+034
-1.2300000e+034
-1.2300000e+034
-1.2300000e+034
-1.2300000e+034
-1.2300000e+034
-1.2300000e+034
-1.2300000e+034
-1.2300000e+034
-1.2300000e+034
-1.2300000e+034
-1.2300000e+034
-1.2300000e+034
-1.2300000e+034
-1.2300000e+034
-1.2300000e+034
-1.2300000e+034
-1.2300000e+034
-1.2300000e+034
-1.2300000e+034
-1.2300000e+034
-1.2300000e+034
-1.2300000e+034
-1.2300000e+034
-1.2300000e+034
-1.2300000e+034
-1.2300000e+034
-1.2300000e+034
-1.2300000e+034
-1.2300000e+034
-1.2300000e+034
-1.2300000e+034
-1.2300000e+034
-1.2300000e+034
-1.2300000e+034
-1.2300000e+034
-1.2300000e+034
-1.2300000e+034
-1.2300000e+034
-1.2300000e+034
-1.2300000e+034
-1.2300000e+034
-1.2300000e+034
-1.2300000e+034
-1.2300000e+034
-1.2300000e+034
-1.2300000e+034
-1.2300000e+034
-1.2300000e+034
-1.2300000e+034
-1.2300000e+034
-1.2300000e+034
-1.2300000e+034
-1.2300000e+034
-1.2300000e+034
-1.2300000e+034
-1.2300000e+034
-1.2300000e+034
-1.2300000e+034
-1.2300000e+034
-1.2300000e+034
-1.2300000e+034
-1.2300000e+034
-1.2300000e+034
-1.2300000e+034
-1.2300000e+034
-1.2300000e+034
-1.2300000e+034
-1.2300000e+034
-1.2300000e+034
-1.2300000e+034
-1.2300000e+034
 3.2915121e-001
 3.3219123e-001
 3.3548278e-001
 3.3889297e-001
 3.4255195e-001
 3.4585541e-001
 3.4848851e-001
 3.5098544e-001
 3.5363352e-001
 3.5614312e-001
 3.5832500e-001
 3.5982803e-001
 3.6077711e-001
 3.6146298e-001
 3.6223602e-001
 3.6289886e-001
 3.6339992e-001
 3.6351046e-001
 3.6327982e-001
 3.6294895e-001
 3.6282808e-001
 3.6286369e-001
 3.6299077e-001
 3.6302412e-001
 3.6302117e-001
 3.6287749e-001
 3.6287674e-001
 3.6325094e-001
 3.6395496e-001
 3.6476684e-001
 3.6560306e-001
 3.6647516e-001
 3.6738396e-001
 3.6863407e-001
 3.7019277e-001
 3.7194899e-001
 3.7394485e-001
 3.7618491e-001
 3.7803900e-001
 3.7993410e-001
 3.8198254e-001
 3.8413846e-001
 3.8670832e-001
 3.8931963e-001
 3.9186814e-001
 3.9417309e-001
 3.9633384e-001
 3.9830881e-001
 3.9965758e-001
 3.9922491e-001
 4.0074527e-001
 4.0255448e-001
 4.0432116e-001
 4.0615308e-001
 4.0788889e-001
 4.0947109e-001
 4.1060928e-001
 4.1132745e-001
 4.1191182e-001
 4.1216299e-001
 4.1244563e-001
 4.1291732e-001
 4.1356775e-001
 4.1416875e-001
 4.1444105e-001
 4.1454864e-001
 4.1428000e-001
 4.1369751e-001
 4.1266751e-001
 4.1160956e-001
 4.1069528e-001
 4.0981415e-001
 4.0919790e-001
 4.0861383e-001
 4.0758342e-001
 4.0642524e-001
 4.0527731e-001
 4.0421596e-001
 4.0351850e-001
 4.0238455e-001
 4.0122092e-001
 4.0010071e-001
 3.9922106e-001
 3.9875516e-001
 3.9811200e-001
 3.9731407e-001
 3.9658117e-001
 3.9620414e-001
 3.9583308e-001
 3.9550728e-001
 3.9531204e-001
 3.9519948e-001
 3.9510781e-001
 3.9533508e-001
 3.9554125e-001
 3.9595079e-001
 3.9624026e-001
 3.9695469e-001
 3.9740980e-001
 3.9823803e-001
 3.9906099e-001
 4.0007678e-001
 4.0102506e-001
 4.0208524e-001
 4.0334558e-001
 4.0477794e-001
 4.0623197e-001
 4.0802708e-001
 4.0999556e-001
 4.1186935e-001
 4.1373336e-001
 4.1602996e-001
 4.1801608e-001
