s07_AV97 Record=3983: Kaolin_Smect H89-FR-5 .3Kaol  BECKb AREF
 1.7047305e-001
 1.8830524e-001
 2.0755608e-001
 2.2531153e-001
 2.3971057e-001
 2.5225839e-001
 2.6471630e-001
 2.7797014e-001
 2.9074588e-001
 3.0106241e-001
 3.0772820e-001
 3.1406978e-001
 3.2242295e-001
 3.3212808e-001
 3.4294075e-001
 3.5328215e-001
 3.6397699e-001
 3.7517670e-001
 3.8575459e-001
 3.9649227e-001
 4.0813774e-001
 4.1900980e-001
 4.2945221e-001
 4.3912196e-001
 4.4757104e-001
 4.5512301e-001
 4.6275875e-001
 4.6965715e-001
 4.7671109e-001
 4.8415354e-001
 4.9205759e-001
 4.9952731e-001
 4.9077865e-001
 4.9821532e-001
 5.0485349e-001
 5.1276189e-001
 5.1920015e-001
 5.2603638e-001
 5.3249371e-001
 5.3891504e-001
 5.4435420e-001
 5.4848468e-001
 5.5278128e-001
 5.5680150e-001
 5.5964708e-001
 5.6255561e-001
 5.6444722e-001
 5.6726956e-001
 5.6904507e-001
 5.6898230e-001
 5.7090998e-001
 5.7284319e-001
 5.7199365e-001
 5.7179487e-001
 5.7404602e-001
 5.7600564e-001
 5.7944489e-001
 5.8149308e-001
 5.8029509e-001
 5.8225542e-001
 5.8686882e-001
 5.8907664e-001
 5.8968294e-001
 5.9269756e-001
 5.9683388e-001
 6.0105819e-001
 6.0645998e-001
 6.0925740e-001
 6.1118042e-001
 6.1328208e-001
 6.1641794e-001
 6.1946607e-001
 6.2283218e-001
 6.2571162e-001
 6.2781453e-001
 6.3122648e-001
 6.3251042e-001
 6.3585770e-001
 6.3906735e-001
 6.4040256e-001
 6.4334750e-001
 6.4473540e-001
 6.4584386e-001
 6.4737159e-001
 6.4916670e-001
 6.5253639e-001
 6.5401357e-001
 6.5901983e-001
 6.5891904e-001
 6.6209376e-001
 6.6383952e-001
 6.6544229e-001
 6.6675633e-001
 6.6862631e-001
 6.7157674e-001
 6.7201614e-001
 6.6992795e-001
 6.7214024e-001
 6.7283344e-001
 6.7439097e-001
 6.7442721e-001
 6.7222428e-001
 6.7174429e-001
 6.7044055e-001
 6.6966408e-001
 6.6751522e-001
 6.6270810e-001
 6.5502298e-001
 6.3960618e-001
 6.0147899e-001
 5.7216328e-001
 5.4876536e-001
 5.2673090e-001
 5.6230623e-001
 5.9398419e-001
 6.1214525e-001
 6.2138242e-001
 6.2539041e-001
 6.3373142e-001
 6.4473474e-001
 6.5309936e-001
 6.6023004e-001
 6.6606092e-001
 6.7340219e-001
 6.7733604e-001
 6.7868966e-001
 6.8364853e-001
 6.8695414e-001
 6.8944949e-001
 6.9046539e-001
 6.9344413e-001
 6.9634533e-001
 6.9706827e-001
 6.9810337e-001
 6.9928670e-001
 7.0036870e-001
 7.0343220e-001
 7.0241362e-001
 7.0165688e-001
 7.0205045e-001
 7.0469028e-001
 7.0522869e-001
 7.0290208e-001
 7.0060050e-001
 6.9706017e-001
 6.9778645e-001
 6.9639361e-001
 6.9288510e-001
 6.9083619e-001
 6.8806589e-001
 6.8470120e-001
 6.8204355e-001
 6.7964369e-001
 6.7815697e-001
 6.7796212e-001
 6.7581332e-001
 6.7145807e-001
 6.6093427e-001
 6.3649535e-001
 5.9069973e-001
 6.0777783e-001
 5.4620671e-001
 4.6950176e-001
 4.1706628e-001
 4.2363933e-001
 4.5433906e-001
 4.7648457e-001
 4.9038324e-001
 5.0151485e-001
 5.1317161e-001
 5.2430528e-001
 5.3695911e-001
 5.5088341e-001
 5.6234908e-001
 5.7397252e-001
 5.8491719e-001
 5.9177190e-001
 5.9770131e-001
 5.9903866e-001
 6.0230571e-001
 6.0388404e-001
 6.0148877e-001
 6.0143715e-001
 6.0157949e-001
 6.0066986e-001
 5.9659171e-001
 5.8480769e-001
 5.6045568e-001
 5.2661800e-001
 4.9678615e-001
 4.7870097e-001
 4.7064370e-001
 4.5416206e-001
 4.4460565e-001
 4.8544917e-001
 5.1829559e-001
 5.2504671e-001
 5.3365153e-001
 5.3760320e-001
 5.3564799e-001
 5.3259456e-001
 5.2500480e-001
 5.0894237e-001
 4.9622327e-001
 4.8612526e-001
 4.7722977e-001
 4.7057456e-001
 4.6131256e-001
 4.4950277e-001
 4.4089913e-001
 4.2940623e-001
 4.1900730e-001
 4.1567314e-001
 4.1130096e-001
 4.0303943e-001
 3.9206585e-001
 3.8125160e-001
 3.7346402e-001
 3.6844486e-001
 3.6275113e-001
 3.5527718e-001
 3.4684426e-001
 3.3878171e-001
 3.3205038e-001
