s07_AV97 Record=1224: Galena S102-17                BECKb AREF
 8.9041367e-002
 8.7298773e-002
 8.5584253e-002
 8.3521292e-002
 8.1663378e-002
 8.0117576e-002
 7.8279063e-002
 7.6614350e-002
 7.5176954e-002
 7.3830701e-002
 7.2719686e-002
 7.1578361e-002
 7.0409946e-002
 6.9748074e-002
 6.8992823e-002
 6.7802578e-002
 6.7458361e-002
 6.6532373e-002
 6.6012040e-002
 6.5525308e-002
 6.5339677e-002
 6.5380193e-002
 6.5066047e-002
 6.4936437e-002
 6.4711124e-002
 6.4906187e-002
 6.5069355e-002
 6.5393895e-002
 6.5529026e-002
 6.5661862e-002
 6.5797023e-002
 6.5601535e-002
 6.5829791e-002
 6.5667495e-002
 6.5522976e-002
 6.6044964e-002
 6.5453678e-002
 6.5743715e-002
 6.5614708e-002
 6.5468960e-002
 6.5533713e-002
 6.5545388e-002
 6.5132290e-002
 6.5262824e-002
 6.4942412e-002
 6.4775757e-002
 6.4541511e-002
 6.4525239e-002
 6.4620405e-002
 6.3873224e-002
 6.4652123e-002
 6.5619588e-002
 6.7174397e-002
 6.6364944e-002
 6.4937100e-002
 6.4686000e-002
 6.4083852e-002
 6.4756505e-002
 6.3276358e-002
 6.4109445e-002
 6.2854350e-002
 6.3351028e-002
 6.1827809e-002
 6.2792279e-002
 6.2289864e-002
 6.0723215e-002
 6.0488109e-002
 6.0930256e-002
 5.9018515e-002
 6.0781680e-002
 6.1259393e-002
 5.9489451e-002
 5.9313733e-002
 5.9785523e-002
 6.0164366e-002
 5.9094865e-002
 5.9822883e-002
 5.9896074e-002
 5.8672838e-002
 5.8749110e-002
 5.9190936e-002
 5.8659099e-002
 5.8156308e-002
 5.7681195e-002
 5.8526590e-002
 5.7283349e-002
 5.8770113e-002
 5.8752831e-002
 5.7746276e-002
 5.7813700e-002
 5.7180922e-002
 5.7972830e-002
 5.8187936e-002
 5.6995146e-002
 5.7591204e-002
 5.7181463e-002
 5.7177339e-002
 5.7376578e-002
 5.6747288e-002
 5.6321871e-002
 5.6939006e-002
 5.7562809e-002
 5.6864277e-002
 5.6320079e-002
 5.6557655e-002
 5.6537230e-002
 5.5042058e-002
 5.5449396e-002
 5.7087321e-002
 5.7120133e-002
 5.6273408e-002
 5.5632785e-002
 5.6357350e-002
 5.6429237e-002
 5.6111503e-002
 5.6846529e-002
 5.6424357e-002
 5.6558322e-002
 5.7183929e-002
 5.6958042e-002
 5.6283459e-002
 5.5535447e-002
 5.7075366e-002
 5.6553792e-002
 5.6919746e-002
 5.6724623e-002
 5.5997863e-002
 5.6864906e-002
 5.7015158e-002
 5.6152705e-002
 5.6180507e-002
 5.6129757e-002
 5.5695992e-002
 5.6284249e-002
 5.5463836e-002
 5.6655794e-002
 5.5649545e-002
 5.4960467e-002
 5.5532593e-002
 5.5546921e-002
 5.5672351e-002
 5.5922043e-002
 5.6608655e-002
 5.4604195e-002
 5.5477332e-002
 5.6168877e-002
 5.5964436e-002
 5.5751681e-002
 5.6450684e-002
 5.6247000e-002
 5.6616973e-002
 5.5293053e-002
 5.5102855e-002
 5.6065068e-002
 5.5080034e-002
 5.4138772e-002
 5.4075878e-002
 5.4879505e-002
 5.4918509e-002
 5.5794768e-002
 5.5383902e-002
 5.5031687e-002
 5.4116264e-002
 5.4624967e-002
 5.4495491e-002
 5.6547578e-002
 5.5473518e-002
 5.6412090e-002
 5.5680010e-002
 5.4427613e-002
 5.6481082e-002
 5.8213022e-002
 5.5962618e-002
 5.4393373e-002
 5.4908469e-002
 5.4072294e-002
 5.4287929e-002
 5.5820644e-002
 5.7516888e-002
 5.6467913e-002
 5.7747986e-002
 5.6598503e-002
 5.9114777e-002
 5.8232713e-002
 5.2961662e-002
 5.3564765e-002
 5.5762857e-002
 5.4390520e-002
 5.2952759e-002
 5.4685257e-002
 5.5016696e-002
 5.4700609e-002
 5.7074364e-002
 5.7086345e-002
 5.4047350e-002
 5.7938579e-002
 5.5993173e-002
 5.5327203e-002
 5.6669120e-002
 5.5985548e-002
 5.7307638e-002
 5.2804656e-002
 5.3490378e-002
 5.5657860e-002
 5.5188376e-002
 5.3173926e-002
 5.5647321e-002
 5.6535594e-002
 5.5606518e-002
 5.5647608e-002
 5.8849230e-002
 5.6303598e-002
 5.5788908e-002
 5.5819109e-002
 5.5554207e-002
 5.5288225e-002
 5.5078190e-002
 5.4927848e-002
 5.4929651e-002
 5.5226140e-002
 5.5870850e-002
 5.6551568e-002
 5.6885604e-002
 5.6666262e-002
