s07_AV97 Record=197: Almandine WS479 Garnet      NIC4bbb RREF
-1.2300000e+034
-1.2300000e+034
-1.2300000e+034
-1.2300000e+034
-1.2300000e+034
-1.2300000e+034
-1.2300000e+034
-1.2300000e+034
-1.2300000e+034
-1.2300000e+034
-1.2300000e+034
-1.2300000e+034
-1.2300000e+034
-1.2300000e+034
-1.2300000e+034
-1.2300000e+034
-1.2300000e+034
-1.2300000e+034
-1.2300000e+034
-1.2300000e+034
-1.2300000e+034
-1.2300000e+034
-1.2300000e+034
-1.2300000e+034
-1.2300000e+034
-1.2300000e+034
-1.2300000e+034
-1.2300000e+034
-1.2300000e+034
-1.2300000e+034
-1.2300000e+034
-1.2300000e+034
-1.2300000e+034
-1.2300000e+034
-1.2300000e+034
-1.2300000e+034
-1.2300000e+034
-1.2300000e+034
-1.2300000e+034
-1.2300000e+034
-1.2300000e+034
-1.2300000e+034
-1.2300000e+034
-1.2300000e+034
-1.2300000e+034
-1.2300000e+034
-1.2300000e+034
-1.2300000e+034
-1.2300000e+034
-1.2300000e+034
-1.2300000e+034
-1.2300000e+034
-1.2300000e+034
-1.2300000e+034
-1.2300000e+034
-1.2300000e+034
-1.2300000e+034
-1.2300000e+034
-1.2300000e+034
-1.2300000e+034
-1.2300000e+034
-1.2300000e+034
-1.2300000e+034
-1.2300000e+034
-1.2300000e+034
-1.2300000e+034
-1.2300000e+034
-1.2300000e+034
-1.2300000e+034
-1.2300000e+034
-1.2300000e+034
-1.2300000e+034
-1.2300000e+034
-1.2300000e+034
-1.2300000e+034
-1.2300000e+034
-1.2300000e+034
-1.2300000e+034
-1.2300000e+034
-1.2300000e+034
-1.2300000e+034
-1.2300000e+034
-1.2300000e+034
-1.2300000e+034
-1.2300000e+034
-1.2300000e+034
-1.2300000e+034
-1.2300000e+034
-1.2300000e+034
-1.2300000e+034
-1.2300000e+034
-1.2300000e+034
-1.2300000e+034
-1.2300000e+034
-1.2300000e+034
-1.2300000e+034
-1.2300000e+034
-1.2300000e+034
-1.2300000e+034
-1.2300000e+034
-1.2300000e+034
-1.2300000e+034
-1.2300000e+034
-1.2300000e+034
-1.2300000e+034
-1.2300000e+034
-1.2300000e+034
-1.2300000e+034
-1.2300000e+034
-1.2300000e+034
-1.2300000e+034
 2.7057427e-001
 2.7307779e-001
 2.7581003e-001
 2.7879444e-001
 2.8165901e-001
 2.8415343e-001
 2.8646812e-001
 2.8849515e-001
 2.9059118e-001
 2.9246297e-001
 2.9420230e-001
 2.9532757e-001
 2.9587746e-001
 2.9647782e-001
 2.9711720e-001
 2.9753476e-001
 2.9776594e-001
 2.9775569e-001
 2.9750597e-001
 2.9713318e-001
 2.9693291e-001
 2.9686895e-001
 2.9692599e-001
 2.9680952e-001
 2.9665259e-001
 2.9640877e-001
 2.9627344e-001
 2.9649609e-001
 2.9685393e-001
 2.9743239e-001
 2.9804286e-001
 2.9867920e-001
 2.9928151e-001
 3.0015102e-001
 3.0125061e-001
 3.0278921e-001
 3.0424416e-001
 3.0594024e-001
 3.0741155e-001
 3.0887973e-001
 3.1037495e-001
 3.1204304e-001
 3.1406882e-001
 3.1613070e-001
 3.1818885e-001
 3.2013375e-001
 3.2195419e-001
 3.2346350e-001
 3.2469219e-001
 3.2428208e-001
 3.2561901e-001
 3.2707456e-001
 3.2853821e-001
 3.3012745e-001
 3.3153248e-001
 3.3271888e-001
 3.3372909e-001
 3.3456749e-001
 3.3496252e-001
 3.3511093e-001
 3.3536294e-001
 3.3561388e-001
 3.3607170e-001
 3.3654410e-001
 3.3676785e-001
 3.3680910e-001
 3.3667123e-001
 3.3618456e-001
 3.3548617e-001
 3.3462104e-001
 3.3368480e-001
 3.3290619e-001
 3.3236060e-001
 3.3182642e-001
 3.3149955e-001
 3.3089000e-001
 3.2987073e-001
 3.2933053e-001
 3.2820776e-001
 3.2737842e-001
 3.2680973e-001
 3.2616520e-001
 3.2531351e-001
 3.2438043e-001
 3.2361078e-001
 3.2292110e-001
 3.2209522e-001
 3.2147908e-001
 3.2116872e-001
 3.2089329e-001
 3.2036918e-001
 3.2025725e-001
 3.2007203e-001
 3.1994912e-001
 3.1977332e-001
 3.1986341e-001
 3.2001242e-001
 3.2009465e-001
 3.2048008e-001
 3.2083139e-001
 3.2133371e-001
 3.2191509e-001
 3.2268640e-001
 3.2349965e-001
 3.2439762e-001
 3.2541054e-001
 3.2643348e-001
 3.2747266e-001
 3.2883582e-001
 3.3024928e-001
 3.3168232e-001
 3.3313712e-001
 3.3458349e-001
