s07_AV97 Record=4048: Montmorillonite+Illite CM42   BECKb AREF
 1.5890582e-001
 1.7269343e-001
 1.9116184e-001
 2.1000357e-001
 2.2735237e-001
 2.4517949e-001
 2.6733533e-001
 2.9483843e-001
 3.1797406e-001
 3.3074623e-001
 3.3733788e-001
 3.4576550e-001
 3.5934117e-001
 3.8088042e-001
 4.0681353e-001
 4.3614766e-001
 4.6763396e-001
 5.0117356e-001
 5.3272200e-001
 5.6173354e-001
 5.8579493e-001
 6.0455030e-001
 6.1800510e-001
 6.2770349e-001
 6.3479257e-001
 6.4071292e-001
 6.4495826e-001
 6.4908606e-001
 6.5256363e-001
 6.5664846e-001
 6.6099244e-001
 6.6491139e-001
 6.6027015e-001
 6.6420984e-001
 6.6795349e-001
 6.7302787e-001
 6.7749512e-001
 6.8247539e-001
 6.8641174e-001
 6.9048899e-001
 6.9392931e-001
 6.9778472e-001
 7.0073438e-001
 7.0232546e-001
 7.0433813e-001
 7.0414656e-001
 7.0313454e-001
 7.0225388e-001
 7.0184702e-001
 7.0021504e-001
 6.9568729e-001
 6.9528586e-001
 6.9134712e-001
 6.8665206e-001
 6.8436235e-001
 6.8162882e-001
 6.7932242e-001
 6.7941386e-001
 6.7594135e-001
 6.8012261e-001
 6.7791569e-001
 6.7628235e-001
 6.7610890e-001
 6.7371935e-001
 6.7724842e-001
 6.8062890e-001
 6.8181252e-001
 6.8288392e-001
 6.8689960e-001
 6.8883890e-001
 6.9167137e-001
 6.9251412e-001
 6.9236320e-001
 6.9628209e-001
 6.9932252e-001
 7.0216388e-001
 7.0556766e-001
 7.0737994e-001
 7.1214998e-001
 7.1416944e-001
 7.1835804e-001
 7.2081935e-001
 7.2261781e-001
 7.2170776e-001
 7.2479630e-001
 7.3124188e-001
 7.3424941e-001
 7.3832792e-001
 7.4007535e-001
 7.4566132e-001
 7.4827451e-001
 7.5061220e-001
 7.5313306e-001
 7.5642103e-001
 7.5795686e-001
 7.5984818e-001
 7.5723201e-001
 7.5893950e-001
 7.6098281e-001
 7.6092654e-001
 7.5933951e-001
 7.5961834e-001
 7.5864559e-001
 7.5570816e-001
 7.5398564e-001
 7.5113708e-001
 7.4811631e-001
 7.4021053e-001
 7.2473353e-001
 6.9417375e-001
 6.4500499e-001
 5.9182560e-001
 5.5708724e-001
 5.7392728e-001
 6.1153388e-001
 6.4166939e-001
 6.5507078e-001
 6.6013664e-001
 6.7079777e-001
 6.8445718e-001
 6.9912589e-001
 7.0791012e-001
 7.1563429e-001
 7.2315347e-001
 7.2993731e-001
 7.3588181e-001
 7.3939836e-001
 7.4471062e-001
 7.4760425e-001
 7.5152355e-001
 7.5298613e-001
 7.5429034e-001
 7.5682181e-001
 7.5943512e-001
 7.6224118e-001
 7.6249039e-001
 7.6313215e-001
 7.6264912e-001
 7.6313758e-001
 7.6071173e-001
 7.6185316e-001
 7.6183176e-001
 7.5516373e-001
 7.5247931e-001
 7.4982285e-001
 7.4614340e-001
 7.4221480e-001
 7.3488283e-001
 7.3394293e-001
 7.2875047e-001
 7.2413486e-001
 7.2202247e-001
 7.1976483e-001
 7.1539980e-001
 7.1431500e-001
 7.0819014e-001
 6.9711691e-001
 6.8282712e-001
 6.4615959e-001
 5.8854687e-001
 6.0872972e-001
 5.3594685e-001
 4.5003837e-001
 4.0044439e-001
 4.1131601e-001
 4.4288942e-001
 4.6641949e-001
 4.8252892e-001
 4.9341819e-001
 5.0834584e-001
 5.1744390e-001
 5.2709293e-001
 5.4272777e-001
 5.5998087e-001
 5.7250637e-001
 5.8276308e-001
 5.9070247e-001
 5.9636474e-001
 6.0326058e-001
 6.0637540e-001
 6.0969073e-001
 6.0896921e-001
 6.0795069e-001
 6.0773581e-001
 6.0936141e-001
 6.1049503e-001
 6.1182332e-001
 6.0953039e-001
 6.0037595e-001
 5.9079242e-001
 5.6937605e-001
 5.4090267e-001
 5.0459397e-001
 4.7185358e-001
 4.6263260e-001
 4.7444952e-001
 4.9715891e-001
 5.2551192e-001
 5.4706889e-001
 5.5479503e-001
 5.5106086e-001
 5.4829955e-001
 5.3184348e-001
 5.1564604e-001
 4.9710232e-001
 4.8262954e-001
 4.6876156e-001
 4.6529216e-001
 4.6150744e-001
 4.5874387e-001
 4.4856164e-001
 4.4156721e-001
 4.3166682e-001
 4.2151552e-001
 4.1246924e-001
 4.0441033e-001
 3.9730415e-001
 3.9112961e-001
 3.8627246e-001
 3.8150224e-001
 3.7722296e-001
 3.7323233e-001
 3.6932209e-001
 3.6537948e-001
