s07_AV97 Record=1895: Lepidolite HS167.1B          ASDFRb AREF
 4.8735037e-001
 5.0013971e-001
 5.1557624e-001
 5.3069282e-001
 5.4547781e-001
 5.5875218e-001
 5.7072252e-001
 5.8082509e-001
 5.9030449e-001
 5.9880179e-001
 6.0724562e-001
 6.1602569e-001
 6.2508053e-001
 6.3372350e-001
 6.4172763e-001
 6.4894038e-001
 6.5557557e-001
 6.6199440e-001
 6.6795099e-001
 6.7427522e-001
 6.8049407e-001
 6.8683827e-001
 6.9348985e-001
 7.0007747e-001
 7.0658618e-001
 7.1232617e-001
 7.1724480e-001
 7.2170490e-001
 7.2531062e-001
 7.2804356e-001
 7.3023522e-001
 7.3200971e-001
 7.2992438e-001
 7.3169762e-001
 7.3316878e-001
 7.3440576e-001
 7.3533565e-001
 7.3620754e-001
 7.3698342e-001
 7.3765945e-001
 7.3819983e-001
 7.3887897e-001
 7.3954630e-001
 7.4015129e-001
 7.4063450e-001
 7.4123621e-001
 7.4189562e-001
 7.4251842e-001
 7.4313998e-001
 7.4385166e-001
 7.4468750e-001
 7.4551874e-001
 7.4639851e-001
 7.4716949e-001
 7.4811399e-001
 7.4911916e-001
 7.5015622e-001
 7.5108463e-001
 7.5193661e-001
 7.5288272e-001
 7.5384235e-001
 7.5470388e-001
 7.5518131e-001
 7.5505948e-001
 7.5629443e-001
 7.5793248e-001
 7.5913012e-001
 7.6000929e-001
 7.6089770e-001
 7.6060641e-001
 7.6109338e-001
 7.6246697e-001
 7.6276505e-001
 7.6346070e-001
 7.6449782e-001
 7.6509333e-001
 7.6556194e-001
 7.6605314e-001
 7.6665729e-001
 7.6750469e-001
 7.6741540e-001
 7.6789421e-001
 7.6828325e-001
 7.6837921e-001
 7.6845711e-001
 7.6850873e-001
 7.6857132e-001
 7.6870418e-001
 7.6937121e-001
 7.6934081e-001
 7.6973045e-001
 7.7017063e-001
 7.6990491e-001
 7.7060777e-001
 7.7120328e-001
 7.7141505e-001
 7.7101189e-001
 7.7132624e-001
 7.7139783e-001
 7.7098924e-001
 7.7104777e-001
 7.7081895e-001
 7.7050138e-001
 7.7053750e-001
 7.6989359e-001
 7.6946563e-001
 7.6890975e-001
 7.6758665e-001
 7.6535428e-001
 7.5828695e-001
 7.4043596e-001
 7.1629578e-001
 7.1685380e-001
 7.4249816e-001
 7.5324810e-001
 7.5707132e-001
 7.5914276e-001
 7.6020855e-001
 7.6136160e-001
 7.6257133e-001
 7.6379931e-001
 7.6517707e-001
 7.6599735e-001
 7.6657331e-001
 7.6702309e-001
 7.6739800e-001
 7.6793617e-001
 7.6824784e-001
 7.6834190e-001
 7.6928937e-001
 7.6947457e-001
 7.6936120e-001
 7.6959538e-001
 7.6977038e-001
 7.6956409e-001
 7.6943868e-001
 7.6898366e-001
 7.6884085e-001
 7.6876402e-001
 7.6832789e-001
 7.6778668e-001
 7.6759779e-001
 7.6712114e-001
 7.6675963e-001
 7.6619911e-001
 7.6503628e-001
 7.6413012e-001
 7.6389080e-001
 7.6357347e-001
 7.6453346e-001
 7.6429164e-001
 7.6432276e-001
 7.6436204e-001
 7.6362568e-001
 7.6282972e-001
 7.6280642e-001
 7.6212651e-001
 7.6138872e-001
 7.5808251e-001
 7.5106794e-001
 7.5426364e-001
 7.4518842e-001
 7.3241174e-001
 7.1753567e-001
 7.1051598e-001
 7.1185893e-001
 7.1626770e-001
 7.2119713e-001
 7.2431958e-001
 7.2687972e-001
 7.2960365e-001
 7.3280871e-001
 7.3490828e-001
 7.3709983e-001
 7.3919153e-001
 7.4188375e-001
 7.4316704e-001
 7.4464715e-001
 7.4565125e-001
 7.4625582e-001
 7.4533975e-001
 7.4376971e-001
 7.4354327e-001
 7.4226689e-001
 7.4049300e-001
 7.3953253e-001
 7.3828214e-001
 7.3382527e-001
 7.2653592e-001
 7.1328437e-001
 6.8702722e-001
 6.5792561e-001
 6.5282124e-001
 6.7618048e-001
 6.9954073e-001
 7.0968300e-001
 7.1465540e-001
 7.1685058e-001
 7.1847779e-001
 7.1840131e-001
 7.1711433e-001
 7.1486580e-001
 7.1186990e-001
 7.0786577e-001
 7.0276308e-001
 6.9480324e-001
 6.8812609e-001
 6.8353075e-001
 6.8517244e-001
 6.8752390e-001
 6.8501395e-001
 6.8205518e-001
 6.8020827e-001
 6.7417848e-001
 6.6598314e-001
 6.5760499e-001
 6.5418875e-001
 6.4953023e-001
 6.5080440e-001
 6.5099007e-001
 6.5149176e-001
 6.4871806e-001
 6.5195227e-001
-1.2300000e+034
