s07_AV97 Record=1036: Dickite NMNH106242           NIC4bb RREF
-1.2300000e+034
-1.2300000e+034
-1.2300000e+034
-1.2300000e+034
-1.2300000e+034
-1.2300000e+034
-1.2300000e+034
-1.2300000e+034
-1.2300000e+034
-1.2300000e+034
-1.2300000e+034
-1.2300000e+034
-1.2300000e+034
-1.2300000e+034
-1.2300000e+034
-1.2300000e+034
-1.2300000e+034
-1.2300000e+034
-1.2300000e+034
-1.2300000e+034
-1.2300000e+034
-1.2300000e+034
-1.2300000e+034
-1.2300000e+034
-1.2300000e+034
-1.2300000e+034
-1.2300000e+034
-1.2300000e+034
-1.2300000e+034
-1.2300000e+034
-1.2300000e+034
-1.2300000e+034
-1.2300000e+034
-1.2300000e+034
-1.2300000e+034
-1.2300000e+034
-1.2300000e+034
-1.2300000e+034
-1.2300000e+034
-1.2300000e+034
-1.2300000e+034
-1.2300000e+034
-1.2300000e+034
-1.2300000e+034
-1.2300000e+034
-1.2300000e+034
-1.2300000e+034
-1.2300000e+034
-1.2300000e+034
-1.2300000e+034
-1.2300000e+034
-1.2300000e+034
-1.2300000e+034
-1.2300000e+034
-1.2300000e+034
-1.2300000e+034
-1.2300000e+034
-1.2300000e+034
-1.2300000e+034
-1.2300000e+034
-1.2300000e+034
-1.2300000e+034
-1.2300000e+034
-1.2300000e+034
-1.2300000e+034
-1.2300000e+034
-1.2300000e+034
-1.2300000e+034
-1.2300000e+034
-1.2300000e+034
-1.2300000e+034
-1.2300000e+034
-1.2300000e+034
-1.2300000e+034
-1.2300000e+034
-1.2300000e+034
-1.2300000e+034
-1.2300000e+034
-1.2300000e+034
-1.2300000e+034
-1.2300000e+034
-1.2300000e+034
-1.2300000e+034
-1.2300000e+034
-1.2300000e+034
-1.2300000e+034
-1.2300000e+034
-1.2300000e+034
-1.2300000e+034
-1.2300000e+034
-1.2300000e+034
-1.2300000e+034
-1.2300000e+034
-1.2300000e+034
-1.2300000e+034
-1.2300000e+034
-1.2300000e+034
-1.2300000e+034
-1.2300000e+034
-1.2300000e+034
-1.2300000e+034
-1.2300000e+034
-1.2300000e+034
-1.2300000e+034
-1.2300000e+034
-1.2300000e+034
-1.2300000e+034
 4.3508291e-001
 3.8773626e-001
 3.4084794e-001
 4.0079769e-001
 3.8413522e-001
 2.8436783e-001
 3.8221002e-001
 4.4885337e-001
 4.6103960e-001
 4.6539533e-001
 4.6854299e-001
 4.6916801e-001
 4.6944547e-001
 4.7044900e-001
 4.7181383e-001
 4.7350952e-001
 4.7639844e-001
 4.7893095e-001
 4.8111808e-001
 4.8326340e-001
 4.8601100e-001
 4.8924243e-001
 4.9298251e-001
 4.9687186e-001
 4.9990574e-001
 5.0227690e-001
 5.0426930e-001
 5.0660622e-001
 5.0946873e-001
 5.1275682e-001
 5.1580119e-001
 5.1832610e-001
 5.1995522e-001
 5.2111125e-001
 5.2221644e-001
 5.2382004e-001
 5.2576244e-001
 5.2723056e-001
 5.2820957e-001
 5.2897209e-001
 5.2869856e-001
 5.2634996e-001
 5.2241880e-001
 5.1687014e-001
 5.1439482e-001
 5.1788515e-001
 5.1878798e-001
 5.2096736e-001
 5.2475977e-001
 5.3337866e-001
 5.3695673e-001
 5.3753448e-001
 5.3731972e-001
 5.3740674e-001
 5.3690714e-001
 5.3552139e-001
 5.3354895e-001
 5.3159463e-001
 5.2952081e-001
 5.2700305e-001
 5.2513450e-001
 5.2465951e-001
 5.2533728e-001
 5.2548319e-001
 5.2503031e-001
 5.2423239e-001
 5.2385896e-001
 5.2185315e-001
 5.1798362e-001
 5.1287651e-001
 5.0520599e-001
 4.9551082e-001
 4.9005687e-001
 4.8102024e-001
 4.7278869e-001
 4.6690279e-001
 4.5182747e-001
 4.4824103e-001
 4.3940237e-001
 4.0807042e-001
 3.7905961e-001
 3.3999190e-001
 2.8137162e-001
 2.5702542e-001
 2.9038045e-001
 2.9626456e-001
 2.4001640e-001
 3.2767802e-001
 3.9408189e-001
 4.1307530e-001
 4.0095535e-001
 3.8684726e-001
 3.8760251e-001
 3.7873870e-001
 3.5524413e-001
 3.3123270e-001
 3.2484502e-001
 3.2958809e-001
 3.2999533e-001
 3.2514378e-001
 3.0524504e-001
 2.9821026e-001
 2.9592928e-001
 2.7458760e-001
 2.7200970e-001
 2.8895167e-001
 3.0042031e-001
 3.0064490e-001
 2.9372689e-001
 2.7746627e-001
 2.7215913e-001
 2.7176151e-001
 2.6707867e-001
 2.5571761e-001
 2.4204382e-001
 2.4311405e-001
 2.3645853e-001
