s07_AV97 Record=3973: Kaolin/Smect KLF511 .12Kaol  NIC4cc RREF
-1.2300000e+034
-1.2300000e+034
-1.2300000e+034
-1.2300000e+034
-1.2300000e+034
-1.2300000e+034
-1.2300000e+034
-1.2300000e+034
-1.2300000e+034
-1.2300000e+034
-1.2300000e+034
-1.2300000e+034
-1.2300000e+034
-1.2300000e+034
-1.2300000e+034
-1.2300000e+034
-1.2300000e+034
-1.2300000e+034
-1.2300000e+034
-1.2300000e+034
-1.2300000e+034
-1.2300000e+034
-1.2300000e+034
-1.2300000e+034
-1.2300000e+034
-1.2300000e+034
-1.2300000e+034
-1.2300000e+034
-1.2300000e+034
-1.2300000e+034
-1.2300000e+034
-1.2300000e+034
-1.2300000e+034
-1.2300000e+034
-1.2300000e+034
-1.2300000e+034
-1.2300000e+034
-1.2300000e+034
-1.2300000e+034
-1.2300000e+034
-1.2300000e+034
-1.2300000e+034
-1.2300000e+034
-1.2300000e+034
-1.2300000e+034
-1.2300000e+034
-1.2300000e+034
-1.2300000e+034
-1.2300000e+034
-1.2300000e+034
-1.2300000e+034
-1.2300000e+034
-1.2300000e+034
-1.2300000e+034
-1.2300000e+034
-1.2300000e+034
-1.2300000e+034
-1.2300000e+034
-1.2300000e+034
-1.2300000e+034
-1.2300000e+034
-1.2300000e+034
-1.2300000e+034
-1.2300000e+034
-1.2300000e+034
-1.2300000e+034
-1.2300000e+034
-1.2300000e+034
-1.2300000e+034
-1.2300000e+034
-1.2300000e+034
-1.2300000e+034
-1.2300000e+034
-1.2300000e+034
-1.2300000e+034
-1.2300000e+034
-1.2300000e+034
-1.2300000e+034
-1.2300000e+034
-1.2300000e+034
-1.2300000e+034
-1.2300000e+034
-1.2300000e+034
-1.2300000e+034
-1.2300000e+034
-1.2300000e+034
-1.2300000e+034
-1.2300000e+034
-1.2300000e+034
-1.2300000e+034
-1.2300000e+034
-1.2300000e+034
-1.2300000e+034
-1.2300000e+034
-1.2300000e+034
-1.2300000e+034
-1.2300000e+034
-1.2300000e+034
-1.2300000e+034
-1.2300000e+034
-1.2300000e+034
-1.2300000e+034
-1.2300000e+034
-1.2300000e+034
-1.2300000e+034
-1.2300000e+034
-1.2300000e+034
-1.2300000e+034
 6.0336500e-001
 5.7962525e-001
 5.4969513e-001
 5.2147549e-001
 5.0585169e-001
 5.1892418e-001
 5.3090203e-001
 5.3751642e-001
 5.3956956e-001
 5.3862768e-001
 5.4022664e-001
 5.4419595e-001
 5.4813594e-001
 5.5184770e-001
 5.5497819e-001
 5.5784744e-001
 5.6083870e-001
 5.6448126e-001
 5.6827188e-001
 5.7210308e-001
 5.7542318e-001
 5.7848752e-001
 5.8144367e-001
 5.8474094e-001
 5.8818728e-001
 5.9165174e-001
 5.9474051e-001
 5.9740388e-001
 5.9979910e-001
 6.0207480e-001
 6.0464722e-001
 6.0716182e-001
 6.0948670e-001
 6.1136663e-001
 6.1278623e-001
 6.1388767e-001
 6.1477458e-001
 6.1576837e-001
 6.1693037e-001
 6.1801869e-001
 6.1890757e-001
 6.1891723e-001
 6.1862302e-001
 6.1850566e-001
 6.1843765e-001
 6.1841953e-001
 6.1844075e-001
 6.1778021e-001
 6.1715102e-001
 6.1344868e-001
 6.0238922e-001
 5.8032495e-001
 5.8888733e-001
 5.5376428e-001
 5.0059658e-001
 4.7587955e-001
 4.9515390e-001
 5.2115500e-001
 5.3911233e-001
 5.5063063e-001
 5.5846065e-001
 5.6459892e-001
 5.7044268e-001
 5.7633066e-001
 5.8242196e-001
 5.8881450e-001
 5.9457785e-001
 5.9914207e-001
 6.0255116e-001
 6.0459185e-001
 6.0536748e-001
 6.0498196e-001
 6.0367405e-001
 6.0214251e-001
 6.0118490e-001
 6.0041457e-001
 6.0000211e-001
 5.9838694e-001
 5.9358561e-001
 5.8341956e-001
 5.6770200e-001
 5.5130517e-001
 5.3677410e-001
 5.2662891e-001
 5.1804656e-001
 5.1322371e-001
 5.3346145e-001
 5.4459274e-001
 5.4899102e-001
 5.5385596e-001
 5.5666935e-001
 5.5548030e-001
 5.5101526e-001
 5.4517013e-001
 5.3981405e-001
 5.3388375e-001
 5.2743435e-001
 5.1960653e-001
 5.1221591e-001
 5.0622028e-001
 5.0261873e-001
 4.9901345e-001
 4.9219885e-001
 4.8639709e-001
 4.8272747e-001
 4.7849196e-001
 4.7209460e-001
 4.6407726e-001
 4.5606455e-001
 4.5077157e-001
 4.4668996e-001
 4.4187465e-001
 4.3544725e-001
 4.2869207e-001
 4.2345616e-001
 4.1868314e-001
