s07_AV97 Record=2077: Mirabilite GDS150 Na2SO4     NIC4aa RREF
-1.2300000e+034
-1.2300000e+034
-1.2300000e+034
-1.2300000e+034
-1.2300000e+034
-1.2300000e+034
-1.2300000e+034
-1.2300000e+034
-1.2300000e+034
-1.2300000e+034
-1.2300000e+034
-1.2300000e+034
-1.2300000e+034
-1.2300000e+034
-1.2300000e+034
-1.2300000e+034
-1.2300000e+034
-1.2300000e+034
-1.2300000e+034
-1.2300000e+034
-1.2300000e+034
-1.2300000e+034
-1.2300000e+034
-1.2300000e+034
-1.2300000e+034
-1.2300000e+034
-1.2300000e+034
-1.2300000e+034
-1.2300000e+034
-1.2300000e+034
-1.2300000e+034
-1.2300000e+034
-1.2300000e+034
-1.2300000e+034
-1.2300000e+034
-1.2300000e+034
-1.2300000e+034
-1.2300000e+034
-1.2300000e+034
-1.2300000e+034
-1.2300000e+034
-1.2300000e+034
-1.2300000e+034
-1.2300000e+034
-1.2300000e+034
-1.2300000e+034
-1.2300000e+034
-1.2300000e+034
-1.2300000e+034
-1.2300000e+034
-1.2300000e+034
-1.2300000e+034
-1.2300000e+034
-1.2300000e+034
-1.2300000e+034
-1.2300000e+034
-1.2300000e+034
-1.2300000e+034
-1.2300000e+034
-1.2300000e+034
-1.2300000e+034
-1.2300000e+034
-1.2300000e+034
-1.2300000e+034
-1.2300000e+034
-1.2300000e+034
-1.2300000e+034
-1.2300000e+034
-1.2300000e+034
-1.2300000e+034
-1.2300000e+034
-1.2300000e+034
-1.2300000e+034
-1.2300000e+034
-1.2300000e+034
-1.2300000e+034
-1.2300000e+034
-1.2300000e+034
-1.2300000e+034
-1.2300000e+034
-1.2300000e+034
-1.2300000e+034
-1.2300000e+034
-1.2300000e+034
-1.2300000e+034
-1.2300000e+034
-1.2300000e+034
-1.2300000e+034
-1.2300000e+034
-1.2300000e+034
-1.2300000e+034
-1.2300000e+034
-1.2300000e+034
-1.2300000e+034
-1.2300000e+034
-1.2300000e+034
-1.2300000e+034
-1.2300000e+034
-1.2300000e+034
-1.2300000e+034
-1.2300000e+034
-1.2300000e+034
-1.2300000e+034
-1.2300000e+034
-1.2300000e+034
-1.2300000e+034
-1.2300000e+034
-1.2300000e+034
-1.2300000e+034
-1.2300000e+034
-1.2300000e+034
-1.2300000e+034
-1.2300000e+034
-1.2300000e+034
-1.2300000e+034
-1.2300000e+034
-1.2300000e+034
-1.2300000e+034
-1.2300000e+034
-1.2300000e+034
-1.2300000e+034
-1.2300000e+034
-1.2300000e+034
-1.2300000e+034
-1.2300000e+034
-1.2300000e+034
-1.2300000e+034
-1.2300000e+034
-1.2300000e+034
-1.2300000e+034
-1.2300000e+034
-1.2300000e+034
 1.9529964e-001
 1.9671644e-001
 1.9809163e-001
 1.9932497e-001
 2.0044529e-001
 2.0154400e-001
 2.0270386e-001
 2.0373468e-001
 2.0471884e-001
 2.0560156e-001
 2.0627312e-001
 2.0688678e-001
 2.0749509e-001
 2.0808886e-001
 2.0872796e-001
 2.0933631e-001
 2.0992364e-001
 2.1038853e-001
 2.1080086e-001
 2.1114081e-001
 2.1139634e-001
 2.1151781e-001
 2.1165478e-001
 2.1178956e-001
 2.1232925e-001
 2.1271892e-001
 2.1209177e-001
 2.1279715e-001
 2.1255903e-001
 2.1276401e-001
 2.1233550e-001
 2.1215773e-001
 2.1231520e-001
 2.1274592e-001
 2.1316296e-001
 2.1356891e-001
 2.1386069e-001
 2.1406333e-001
 2.1428402e-001
 2.1451579e-001
 2.1472710e-001
 2.1497601e-001
 2.1518806e-001
 2.1543777e-001
 2.1564032e-001
 2.1585992e-001
 2.1599062e-001
 2.1606591e-001
 2.1612881e-001
 2.1614406e-001
 2.1621707e-001
 2.1628372e-001
 2.1632847e-001
 2.1642689e-001
 2.1645592e-001
 2.1649040e-001
 2.1656206e-001
 2.1657634e-001
 2.1654727e-001
 2.1646076e-001
 2.1618523e-001
 2.1598114e-001
 2.1583691e-001
 2.1579245e-001
 2.1585871e-001
 2.1613541e-001
 2.1638067e-001
 2.1664400e-001
 2.1654791e-001
 2.1634561e-001
 2.1617009e-001
 2.1600391e-001
 2.1571921e-001
 2.1533018e-001
 2.1499726e-001
 2.1470743e-001
 2.1439777e-001
 2.1422301e-001
 2.1419820e-001
 2.1422412e-001
 2.1429580e-001
 2.1438029e-001
 2.1433993e-001
 2.1415520e-001
 2.1388853e-001
 2.1356331e-001
 2.1319859e-001
 2.1288650e-001
 2.1259201e-001
 2.1220854e-001
 2.1202600e-001
 2.1181028e-001
