s07_AV97 Record=140: Allanite HS293.6             ASDFRb AREF
 8.4178142e-002
 8.5264094e-002
 8.5963130e-002
 8.6714059e-002
 8.6795621e-002
 8.7292477e-002
 8.7825924e-002
 8.8355564e-002
 8.8784955e-002
 8.8990986e-002
 8.8964760e-002
 8.8866957e-002
 8.8943705e-002
 8.9142710e-002
 8.9317001e-002
 8.9532532e-002
 8.9528330e-002
 8.9430474e-002
 8.9307658e-002
 8.9098059e-002
 8.8899106e-002
 8.8798918e-002
 8.8766299e-002
 8.8656045e-002
 8.8567279e-002
 8.8500038e-002
 8.8237777e-002
 8.8215232e-002
 8.8007569e-002
 8.7660924e-002
 8.7433264e-002
 8.7303057e-002
 8.7451212e-002
 8.7333396e-002
 8.7234400e-002
 8.7080047e-002
 8.6929053e-002
 8.6745985e-002
 8.6640172e-002
 8.6483292e-002
 8.6274303e-002
 8.6233579e-002
 8.6274579e-002
 8.6233765e-002
 8.5858069e-002
 8.5696749e-002
 8.5403316e-002
 8.5137442e-002
 8.5054040e-002
 8.5156955e-002
 8.5059024e-002
 8.4932484e-002
 8.4607020e-002
 8.4388442e-002
 8.4267206e-002
 8.4290661e-002
 8.4254406e-002
 8.4217168e-002
 8.4203824e-002
 8.4176280e-002
 8.4190778e-002
 8.4185712e-002
 8.4004320e-002
 8.3939120e-002
 8.3982185e-002
 8.3955802e-002
 8.3932698e-002
 8.3870120e-002
 8.3822206e-002
 8.3375163e-002
 8.3878629e-002
 8.3670504e-002
 8.3501883e-002
 8.3709784e-002
 8.3704486e-002
 8.3868667e-002
 8.3791964e-002
 8.3734863e-002
 8.3883420e-002
 8.3640724e-002
 8.3685510e-002
 8.3667442e-002
 8.3592623e-002
 8.3487011e-002
 8.3593994e-002
 8.3663553e-002
 8.3722629e-002
 8.3584636e-002
 8.3501704e-002
 8.3514050e-002
 8.3469130e-002
 8.3672315e-002
 8.3751678e-002
 8.3853029e-002
 8.3729699e-002
 8.3673313e-002
 8.3726943e-002
 8.3714820e-002
 8.3710603e-002
 8.3786920e-002
 8.3839200e-002
 8.3827078e-002
 8.3868794e-002
 8.3959930e-002
 8.3863981e-002
 8.3701253e-002
 8.3648279e-002
 8.3708026e-002
 8.3761588e-002
 8.3747759e-002
 8.3670944e-002
 8.3442882e-002
 8.3252460e-002
 8.3274849e-002
 8.3344810e-002
 8.3654463e-002
 8.3738327e-002
 8.3661579e-002
 8.3722360e-002
 8.3807275e-002
 8.3842061e-002
 8.3913028e-002
 8.3878577e-002
 8.3738320e-002
 8.3709255e-002
 8.3555356e-002
 8.3243839e-002
 8.3071306e-002
 8.3038218e-002
 8.3170660e-002
 8.3237939e-002
 8.3253242e-002
 8.3139420e-002
 8.3147570e-002
 8.3049275e-002
 8.2897902e-002
 8.2968004e-002
 8.2998894e-002
 8.2907893e-002
 8.2718536e-002
 8.2520001e-002
 8.2368143e-002
 8.2275651e-002
 8.2036950e-002
 8.1824206e-002
 8.1583261e-002
 8.1548274e-002
 8.1437714e-002
 8.1579491e-002
 8.1552900e-002
 8.1519805e-002
 8.1427582e-002
 8.1390768e-002
 8.1359297e-002
 8.1214830e-002
 8.0964535e-002
 8.0820620e-002
 8.0682568e-002
 8.0697104e-002
 8.0714598e-002
 8.0728568e-002
 8.0635205e-002
 8.0667451e-002
 8.0731064e-002
 8.0740497e-002
 8.0699727e-002
 8.0666959e-002
 8.0616482e-002
 8.0404565e-002
 8.0271952e-002
 8.0145597e-002
 8.0098033e-002
 7.9848118e-002
 7.9550564e-002
 7.9438262e-002
 7.9315677e-002
 7.9284966e-002
 7.9475552e-002
 7.9287440e-002
 7.9300463e-002
 7.9358518e-002
 7.9475589e-002
 7.9538181e-002
 7.9543360e-002
 7.9585522e-002
 7.9505153e-002
 7.9363108e-002
 7.9468139e-002
 7.9520263e-002
 7.9459816e-002
 7.9299733e-002
 7.9193324e-002
 7.9047538e-002
 7.8864306e-002
 7.8764915e-002
 7.8717746e-002
 7.8547053e-002
 7.8483425e-002
 7.8268506e-002
 7.8259774e-002
 7.8386709e-002
 7.8415580e-002
 7.8527503e-002
 7.8335389e-002
 7.8289032e-002
 7.8363739e-002
 7.8287631e-002
 7.8052901e-002
 7.8046143e-002
 7.7988498e-002
 7.7722609e-002
 7.7316597e-002
 7.7147216e-002
 7.6871313e-002
 7.6687612e-002
 7.6703876e-002
 7.6340251e-002
 7.6184876e-002
 7.6077066e-002
 7.5701252e-002
 7.4753731e-002
 7.5358637e-002
 7.5015128e-002
-1.2300000e+034
