s07_AV97 Record=1828: Kaolinite KL502 (pxl)         BECKb AREF
 4.5862931e-001
 4.6839705e-001
 4.7937909e-001
 4.8889774e-001
 4.9682128e-001
 5.0411689e-001
 5.0996196e-001
 5.1717883e-001
 5.2475137e-001
 5.3007430e-001
 5.3402823e-001
 5.3724450e-001
 5.4172152e-001
 5.4746526e-001
 5.5453610e-001
 5.6154317e-001
 5.6866109e-001
 5.7612675e-001
 5.8357626e-001
 5.9199619e-001
 6.0076410e-001
 6.0639185e-001
 6.1160982e-001
 6.1515087e-001
 6.1831284e-001
 6.1976200e-001
 6.2126976e-001
 6.2297064e-001
 6.2438691e-001
 6.2695646e-001
 6.2895054e-001
 6.3092375e-001
 6.2874991e-001
 6.3034767e-001
 6.3320088e-001
 6.3611758e-001
 6.3817233e-001
 6.4080298e-001
 6.4282990e-001
 6.4449519e-001
 6.4661294e-001
 6.4750153e-001
 6.4865017e-001
 6.4937568e-001
 6.5033275e-001
 6.5022618e-001
 6.5021908e-001
 6.4995342e-001
 6.4960140e-001
 6.4895719e-001
 6.4813828e-001
 6.4998257e-001
 6.4722109e-001
 6.4629763e-001
 6.4348167e-001
 6.4085805e-001
 6.4476937e-001
 6.4214486e-001
 6.4198595e-001
 6.3960671e-001
 6.4047784e-001
 6.3733321e-001
 6.3242894e-001
 6.3381851e-001
 6.3459104e-001
 6.3885045e-001
 6.3940579e-001
 6.4088273e-001
 6.3972998e-001
 6.3986313e-001
 6.4157778e-001
 6.4180398e-001
 6.4087510e-001
 6.4255953e-001
 6.4194286e-001
 6.4265895e-001
 6.4286458e-001
 6.4362299e-001
 6.4444691e-001
 6.4382833e-001
 6.4340419e-001
 6.4408267e-001
 6.4287072e-001
 6.4266813e-001
 6.4250058e-001
 6.4188564e-001
 6.4317161e-001
 6.4423585e-001
 6.4143384e-001
 6.4131916e-001
 6.4142090e-001
 6.3782459e-001
 6.3558084e-001
 6.3601875e-001
 6.3750744e-001
 6.3725257e-001
 6.3680792e-001
 6.3754654e-001
 6.3612473e-001
 6.3170046e-001
 6.2426090e-001
 6.1855447e-001
 6.1295062e-001
 6.0922933e-001
 6.0493755e-001
 5.9873247e-001
 5.7997739e-001
 5.6292731e-001
 5.4340398e-001
 4.8941892e-001
 4.4359756e-001
 4.5193198e-001
 4.3436146e-001
 5.0948423e-001
 5.5836087e-001
 5.7670641e-001
 5.8759964e-001
 5.9200764e-001
 5.9666270e-001
 6.0157406e-001
 6.0656250e-001
 6.1076164e-001
 6.1342138e-001
 6.1676168e-001
 6.1688513e-001
 6.1777395e-001
 6.1839604e-001
 6.1823869e-001
 6.1885583e-001
 6.1947811e-001
 6.1994910e-001
 6.2037164e-001
 6.1902845e-001
 6.2016863e-001
 6.1993366e-001
 6.1887306e-001
 6.2033957e-001
 6.1891848e-001
 6.1736500e-001
 6.1532956e-001
 6.1962169e-001
 6.2074918e-001
 6.1721075e-001
 6.1229545e-001
 6.0969329e-001
 6.1173338e-001
 6.1023164e-001
 6.0492283e-001
 5.9847075e-001
 5.9543437e-001
 5.9193468e-001
 5.8662343e-001
 5.8289713e-001
 5.7931745e-001
 5.8020669e-001
 5.8048964e-001
 5.8175361e-001
 5.7969791e-001
 5.6702209e-001
 5.4281038e-001
 5.5163836e-001
 5.2170146e-001
 4.7968742e-001
 4.3483946e-001
 4.2787442e-001
 4.5246196e-001
 4.6849936e-001
 4.7635707e-001
 4.8422629e-001
 4.9061880e-001
 4.9665850e-001
 5.0210816e-001
 5.0605768e-001
 5.0818557e-001
 5.1391113e-001
 5.1614177e-001
 5.1582706e-001
 5.1457274e-001
 5.1201272e-001
 5.0607336e-001
 4.9717999e-001
 4.8979744e-001
 4.8411676e-001
 4.7239605e-001
 4.5700079e-001
 4.4859782e-001
 4.2367876e-001
 3.6725909e-001
 3.2299104e-001
 3.1973764e-001
 3.1918705e-001
 3.1083038e-001
 2.7320817e-001
 2.3469175e-001
 2.9113570e-001
 3.6730483e-001
 3.7697113e-001
 3.8516238e-001
 3.9003098e-001
 3.8400739e-001
 3.7263978e-001
 3.6098465e-001
 3.4755373e-001
 3.2660127e-001
 3.1635389e-001
 3.1362307e-001
 3.0864409e-001
 2.9920930e-001
 2.8798231e-001
 2.8342703e-001
 2.7316234e-001
 2.6690248e-001
 2.6879832e-001
 2.6946825e-001
 2.6481241e-001
 2.5501376e-001
 2.4349996e-001
 2.3408504e-001
 2.2740588e-001
 2.2021130e-001
 2.1201354e-001
 2.0351507e-001
 1.9581640e-001
 1.8965393e-001
