s07_AV97 Record=1136: Enstatite NMNH128288        NIC4ccc RREF
-1.2300000e+034
-1.2300000e+034
-1.2300000e+034
-1.2300000e+034
-1.2300000e+034
-1.2300000e+034
-1.2300000e+034
-1.2300000e+034
-1.2300000e+034
-1.2300000e+034
-1.2300000e+034
-1.2300000e+034
-1.2300000e+034
-1.2300000e+034
-1.2300000e+034
-1.2300000e+034
-1.2300000e+034
-1.2300000e+034
-1.2300000e+034
-1.2300000e+034
-1.2300000e+034
-1.2300000e+034
-1.2300000e+034
-1.2300000e+034
-1.2300000e+034
-1.2300000e+034
-1.2300000e+034
-1.2300000e+034
-1.2300000e+034
-1.2300000e+034
-1.2300000e+034
-1.2300000e+034
-1.2300000e+034
-1.2300000e+034
-1.2300000e+034
-1.2300000e+034
-1.2300000e+034
-1.2300000e+034
-1.2300000e+034
-1.2300000e+034
-1.2300000e+034
-1.2300000e+034
-1.2300000e+034
-1.2300000e+034
-1.2300000e+034
-1.2300000e+034
-1.2300000e+034
-1.2300000e+034
-1.2300000e+034
-1.2300000e+034
-1.2300000e+034
-1.2300000e+034
-1.2300000e+034
-1.2300000e+034
-1.2300000e+034
-1.2300000e+034
-1.2300000e+034
-1.2300000e+034
-1.2300000e+034
-1.2300000e+034
-1.2300000e+034
-1.2300000e+034
-1.2300000e+034
-1.2300000e+034
-1.2300000e+034
-1.2300000e+034
-1.2300000e+034
-1.2300000e+034
-1.2300000e+034
-1.2300000e+034
-1.2300000e+034
-1.2300000e+034
-1.2300000e+034
-1.2300000e+034
-1.2300000e+034
-1.2300000e+034
-1.2300000e+034
-1.2300000e+034
-1.2300000e+034
-1.2300000e+034
-1.2300000e+034
-1.2300000e+034
-1.2300000e+034
-1.2300000e+034
-1.2300000e+034
-1.2300000e+034
-1.2300000e+034
-1.2300000e+034
-1.2300000e+034
-1.2300000e+034
-1.2300000e+034
-1.2300000e+034
-1.2300000e+034
-1.2300000e+034
-1.2300000e+034
-1.2300000e+034
-1.2300000e+034
-1.2300000e+034
-1.2300000e+034
-1.2300000e+034
-1.2300000e+034
-1.2300000e+034
-1.2300000e+034
-1.2300000e+034
-1.2300000e+034
-1.2300000e+034
-1.2300000e+034
-1.2300000e+034
-1.2300000e+034
-1.2300000e+034
-1.2300000e+034
-1.2300000e+034
-1.2300000e+034
-1.2300000e+034
-1.2300000e+034
-1.2300000e+034
-1.2300000e+034
-1.2300000e+034
-1.2300000e+034
-1.2300000e+034
-1.2300000e+034
-1.2300000e+034
-1.2300000e+034
-1.2300000e+034
-1.2300000e+034
-1.2300000e+034
-1.2300000e+034
-1.2300000e+034
-1.2300000e+034
-1.2300000e+034
-1.2300000e+034
-1.2300000e+034
-1.2300000e+034
-1.2300000e+034
 4.9712640e-001
 4.9644527e-001
 4.9575704e-001
 4.9518412e-001
 4.9496302e-001
 4.9487561e-001
 4.9472234e-001
 4.9426225e-001
 4.9351421e-001
 4.9265519e-001
 4.9210882e-001
 4.9203110e-001
 4.9225932e-001
 4.9253061e-001
 4.9262407e-001
 4.9250674e-001
 4.9203739e-001
 4.9163821e-001
 4.9138722e-001
 4.9153420e-001
 4.9184680e-001
 4.9240711e-001
 4.9395165e-001
 4.9508044e-001
 4.9424738e-001
 4.9583369e-001
 4.9538615e-001
 4.9502257e-001
 4.9276364e-001
 4.9401566e-001
 4.9780929e-001
 5.0193834e-001
 5.0540942e-001
 5.0843656e-001
 5.1079297e-001
 5.1288652e-001
 5.1516050e-001
 5.1773208e-001
 5.2074462e-001
 5.2430248e-001
 5.2800423e-001
 5.3170025e-001
 5.3519976e-001
 5.3846169e-001
 5.4124916e-001
 5.4351240e-001
 5.4522103e-001
 5.4709488e-001
 5.4933339e-001
 5.5207694e-001
 5.5517173e-001
 5.5822545e-001
 5.6118870e-001
 5.6422579e-001
 5.6669080e-001
 5.6840664e-001
 5.6951982e-001
 5.7006949e-001
 5.7034969e-001
 5.7060921e-001
 5.7102573e-001
 5.7087481e-001
 5.6981313e-001
 5.6863952e-001
 5.6684148e-001
 5.6323135e-001
 5.6002575e-001
 5.5492371e-001
 5.5000365e-001
 5.4266155e-001
 5.3664672e-001
 5.4018629e-001
 5.4565299e-001
 5.5437410e-001
 5.5917126e-001
 5.5747652e-001
 5.5390477e-001
 5.5295831e-001
 5.5476809e-001
 5.5711293e-001
 5.5670279e-001
 5.5436081e-001
 5.5282205e-001
 5.5367023e-001
 5.5355513e-001
 5.5155724e-001
 5.4877895e-001
 5.4726750e-001
 5.4496282e-001
 5.4328489e-001
