s07_AV97 Record=3722: Calcite.8+Ca-Montmor.2 AMX15  BECKb AREF
 6.5325207e-001
 6.5919966e-001
 6.7248976e-001
 6.8133563e-001
 6.9096154e-001
 6.9559336e-001
 7.0055807e-001
 7.0736474e-001
 7.1703476e-001
 7.2642213e-001
 7.3238909e-001
 7.3814517e-001
 7.4563807e-001
 7.5190598e-001
 7.5805473e-001
 7.6492399e-001
 7.6967025e-001
 7.7830738e-001
 7.8518963e-001
 7.9188842e-001
 7.9859769e-001
 8.0713445e-001
 8.1368577e-001
 8.1541854e-001
 8.1980729e-001
 8.2226020e-001
 8.2390159e-001
 8.2847381e-001
 8.2935929e-001
 8.3222693e-001
 8.3379120e-001
 8.3649206e-001
 8.3398104e-001
 8.3481961e-001
 8.4155852e-001
 8.4150088e-001
 8.4314299e-001
 8.4281147e-001
 8.4445220e-001
 8.4740657e-001
 8.5142279e-001
 8.5544211e-001
 8.5806203e-001
 8.5780674e-001
 8.5447204e-001
 8.6218971e-001
 8.6332357e-001
 8.6379617e-001
 8.6439359e-001
 8.7330920e-001
 8.7003887e-001
 8.7519348e-001
 8.7547517e-001
 8.7324822e-001
 8.7262052e-001
 8.7431341e-001
 8.7062061e-001
 8.7029213e-001
 8.7048876e-001
 8.7297857e-001
 8.7621337e-001
 8.7268770e-001
 8.7089980e-001
 8.6622798e-001
 8.6482471e-001
 8.7045014e-001
 8.7511414e-001
 8.7697583e-001
 8.8161087e-001
 8.7600851e-001
 8.8008749e-001
 8.8119954e-001
 8.8143915e-001
 8.8270915e-001
 8.8299066e-001
 8.8541919e-001
 8.8404256e-001
 8.8343525e-001
 8.8486427e-001
 8.8501436e-001
 8.8663054e-001
 8.8387269e-001
 8.7822598e-001
 8.7113041e-001
 8.6983466e-001
 8.7838548e-001
 8.7644088e-001
 8.7830049e-001
 8.7745863e-001
 8.7967730e-001
 8.8057250e-001
 8.8183498e-001
 8.8250887e-001
 8.8146675e-001
 8.7967122e-001
 8.8393801e-001
 8.8070714e-001
 8.8159347e-001
 8.8421625e-001
 8.8042951e-001
 8.7936258e-001
 8.7467664e-001
 8.7166154e-001
 8.6789727e-001
 8.6128581e-001
 8.5582203e-001
 8.4990263e-001
 8.4333843e-001
 8.3019352e-001
 7.9859442e-001
 7.4625450e-001
 6.8898422e-001
 6.5810758e-001
 6.6890997e-001
 7.0109820e-001
 7.2679496e-001
 7.4004132e-001
 7.4394625e-001
 7.5265551e-001
 7.6907676e-001
 7.8620470e-001
 7.9387790e-001
 8.0605763e-001
 8.1325155e-001
 8.1959122e-001
 8.2284570e-001
 8.2900935e-001
 8.3057153e-001
 8.3610630e-001
 8.3894557e-001
 8.4076601e-001
 8.4333974e-001
 8.4488684e-001
 8.4678596e-001
 8.5091513e-001
 8.5305899e-001
 8.5260767e-001
 8.5334849e-001
 8.5580951e-001
 8.5374755e-001
 8.5076785e-001
 8.4759450e-001
 8.4544045e-001
 8.4383160e-001
 8.3889419e-001
 8.3694708e-001
 8.2925051e-001
 8.2765567e-001
 8.2588142e-001
 8.2162708e-001
 8.1349587e-001
 8.1313014e-001
 8.1400442e-001
 8.1060582e-001
 8.0588073e-001
 7.9878396e-001
 7.9091007e-001
 7.7162707e-001
 7.3374945e-001
 6.7208880e-001
 6.9476718e-001
 6.1373490e-001
 5.1422417e-001
 4.5556828e-001
 4.7708136e-001
 5.1686609e-001
 5.4833668e-001
 5.6969947e-001
 5.7912791e-001
 5.9034741e-001
 6.0443223e-001
 6.1573195e-001
 6.2978643e-001
 6.5069228e-001
 6.7033726e-001
 6.8672198e-001
 6.9410634e-001
 7.0798075e-001
 7.1416950e-001
 7.1829921e-001
 7.2338766e-001
 7.2485924e-001
 7.2812349e-001
 7.2943562e-001
 7.3365104e-001
 7.3824120e-001
 7.3821771e-001
 7.3349679e-001
 7.3602659e-001
 7.3112458e-001
 7.2382730e-001
 7.0537454e-001
 6.6919452e-001
 6.2343311e-001
 6.1121953e-001
 6.4109939e-001
 6.5418440e-001
 6.6564721e-001
 6.7007804e-001
 6.7270327e-001
 6.6200793e-001
 6.4048767e-001
 6.2476033e-001
 6.0699672e-001
 5.9070909e-001
 5.7679069e-001
 5.5875826e-001
 5.5899656e-001
 5.6822956e-001
 5.7673013e-001
 5.7585710e-001
 5.6615895e-001
 5.5427164e-001
 5.4227459e-001
 5.3131926e-001
 5.2193260e-001
 5.1222163e-001
 5.0001198e-001
 4.8750430e-001
 4.7395921e-001
 4.6217519e-001
 4.5117840e-001
 4.3950999e-001
 4.2662224e-001
