s07_AV97 Record=460: Antigorite NMNH96917.e 32um   BECKb AREF
 2.9778379e-001
 2.9381424e-001
 2.9831988e-001
 3.0682111e-001
 3.1333661e-001
 3.2873046e-001
 3.4317440e-001
 3.5789314e-001
 3.5906205e-001
 3.6785746e-001
 3.8218570e-001
 3.9914668e-001
 4.1208673e-001
 4.1759291e-001
 4.2657128e-001
 4.2947266e-001
 4.2577353e-001
 4.2490056e-001
 4.2182878e-001
 4.2089185e-001
 4.1570914e-001
 4.0922934e-001
 4.0406537e-001
 4.0067866e-001
 3.9101002e-001
 3.8690034e-001
 3.7805068e-001
 3.7146667e-001
 3.6392173e-001
 3.5987973e-001
 3.5643891e-001
 3.5163754e-001
 3.5723108e-001
 3.5289654e-001
 3.4760919e-001
 3.4382227e-001
 3.4659007e-001
 3.4426007e-001
 3.4690863e-001
 3.4955323e-001
 3.5223570e-001
 3.6068374e-001
 3.6696801e-001
 3.7269565e-001
 3.7894171e-001
 3.9092615e-001
 3.9580578e-001
 3.9418748e-001
 3.9994687e-001
 4.0475893e-001
 3.9614326e-001
 3.9395350e-001
 3.9315465e-001
 3.8558704e-001
 3.8412443e-001
 3.7981430e-001
 3.7786770e-001
 3.7964520e-001
 3.7876871e-001
 3.8164374e-001
 3.8356197e-001
 3.7820366e-001
 3.8041815e-001
 3.8463330e-001
 3.9064282e-001
 3.9163300e-001
 3.8780543e-001
 3.8937369e-001
 3.8844383e-001
 3.8741982e-001
 3.8881937e-001
 3.8744730e-001
 3.8517150e-001
 3.8445503e-001
 3.8983735e-001
 3.9456725e-001
 3.9339417e-001
 3.9790356e-001
 3.9614123e-001
 4.0585619e-001
 4.1025463e-001
 4.0900624e-001
 4.1606697e-001
 4.1918436e-001
 4.2540109e-001
 4.2679876e-001
 4.2864987e-001
 4.3180266e-001
 4.3758965e-001
 4.4309160e-001
 4.4351783e-001
 4.5297861e-001
 4.5372468e-001
 4.6152946e-001
 4.6639395e-001
 4.6980703e-001
 4.6511915e-001
 4.6718416e-001
 4.7142208e-001
 4.7511584e-001
 4.7852162e-001
 4.8546970e-001
 4.9031350e-001
 4.9692267e-001
 4.9844223e-001
 5.0200617e-001
 5.0305676e-001
 5.0400919e-001
 5.0132984e-001
 4.7147441e-001
 4.5130453e-001
 4.7019136e-001
 4.9968031e-001
 5.1532567e-001
 5.2003258e-001
 5.3001583e-001
 5.3295410e-001
 5.3605670e-001
 5.4287213e-001
 5.4201859e-001
 5.4507047e-001
 5.5001909e-001
 5.5781001e-001
 5.5584902e-001
 5.5714399e-001
 5.6018537e-001
 5.6092918e-001
 5.5827451e-001
 5.6337422e-001
 5.6256628e-001
 5.6756860e-001
 5.6423438e-001
 5.7291633e-001
 5.7568836e-001
 5.7518423e-001
 5.7640868e-001
 5.8095229e-001
 5.7628012e-001
 5.7851422e-001
 5.7804328e-001
 5.7269150e-001
 5.8019096e-001
 5.8635116e-001
 5.8704740e-001
 5.8186632e-001
 5.8486670e-001
 5.8303046e-001
 5.8342415e-001
 5.8472306e-001
 5.8118039e-001
 5.8462852e-001
 5.8262247e-001
 5.7919776e-001
 5.8162010e-001
 5.8002156e-001
 5.7718986e-001
 5.8126199e-001
 5.8165181e-001
 5.7862920e-001
 5.7788628e-001
 5.7801974e-001
 5.7561719e-001
 5.7346249e-001
 5.7150823e-001
 5.6783903e-001
 5.6958878e-001
 5.6311148e-001
 5.5742764e-001
 5.5640078e-001
 5.5770826e-001
 5.5682683e-001
 5.5381358e-001
 5.5734885e-001
 5.6126678e-001
 5.5804002e-001
 5.6788951e-001
 5.7629383e-001
 5.7509828e-001
 5.7999265e-001
 5.7942057e-001
 5.7397652e-001
 5.7508683e-001
 5.7109493e-001
 5.6918764e-001
 5.6868684e-001
 5.7077372e-001
 5.6964898e-001
 5.7153916e-001
 5.7726794e-001
 5.7588452e-001
 5.7267153e-001
 5.7529420e-001
 5.7243270e-001
 5.6748670e-001
 5.6575876e-001
 5.4870379e-001
 5.2958620e-001
 5.2170610e-001
 5.0767577e-001
 4.9847332e-001
 4.8500657e-001
 4.5700616e-001
 4.3416002e-001
 3.9700001e-001
 3.7219512e-001
 3.9213911e-001
 4.2043543e-001
 4.5742500e-001
 4.7620445e-001
 4.7802705e-001
 4.6639082e-001
 4.4793224e-001
 4.5514786e-001
 4.5820612e-001
 4.5163962e-001
 4.4514519e-001
 4.4082862e-001
 4.3862730e-001
 4.3781996e-001
 4.3719509e-001
 4.3591043e-001
 4.3343502e-001
 4.2932805e-001
 4.2377231e-001
