s07_AV97 Record=786: Chlorite HS179.3B           NIC4bbu RREF
-1.2300000e+034
-1.2300000e+034
-1.2300000e+034
-1.2300000e+034
-1.2300000e+034
-1.2300000e+034
-1.2300000e+034
-1.2300000e+034
-1.2300000e+034
-1.2300000e+034
-1.2300000e+034
-1.2300000e+034
-1.2300000e+034
-1.2300000e+034
-1.2300000e+034
-1.2300000e+034
-1.2300000e+034
-1.2300000e+034
-1.2300000e+034
-1.2300000e+034
-1.2300000e+034
-1.2300000e+034
-1.2300000e+034
-1.2300000e+034
-1.2300000e+034
-1.2300000e+034
-1.2300000e+034
-1.2300000e+034
-1.2300000e+034
-1.2300000e+034
-1.2300000e+034
-1.2300000e+034
-1.2300000e+034
-1.2300000e+034
-1.2300000e+034
-1.2300000e+034
-1.2300000e+034
-1.2300000e+034
-1.2300000e+034
-1.2300000e+034
-1.2300000e+034
-1.2300000e+034
-1.2300000e+034
-1.2300000e+034
-1.2300000e+034
-1.2300000e+034
-1.2300000e+034
-1.2300000e+034
-1.2300000e+034
-1.2300000e+034
-1.2300000e+034
-1.2300000e+034
-1.2300000e+034
-1.2300000e+034
-1.2300000e+034
-1.2300000e+034
-1.2300000e+034
-1.2300000e+034
-1.2300000e+034
-1.2300000e+034
-1.2300000e+034
-1.2300000e+034
-1.2300000e+034
-1.2300000e+034
-1.2300000e+034
-1.2300000e+034
-1.2300000e+034
-1.2300000e+034
-1.2300000e+034
-1.2300000e+034
-1.2300000e+034
-1.2300000e+034
-1.2300000e+034
-1.2300000e+034
-1.2300000e+034
-1.2300000e+034
-1.2300000e+034
-1.2300000e+034
-1.2300000e+034
-1.2300000e+034
-1.2300000e+034
-1.2300000e+034
-1.2300000e+034
-1.2300000e+034
-1.2300000e+034
-1.2300000e+034
-1.2300000e+034
-1.2300000e+034
-1.2300000e+034
-1.2300000e+034
-1.2300000e+034
-1.2300000e+034
-1.2300000e+034
-1.2300000e+034
-1.2300000e+034
-1.2300000e+034
-1.2300000e+034
-1.2300000e+034
-1.2300000e+034
-1.2300000e+034
-1.2300000e+034
-1.2300000e+034
-1.2300000e+034
-1.2300000e+034
-1.2300000e+034
-1.2300000e+034
-1.2300000e+034
 3.6751187e-001
 3.5406876e-001
 3.4322926e-001
 3.4473187e-001
 3.5024264e-001
 3.5525832e-001
 3.5749573e-001
 3.5909763e-001
 3.6013240e-001
 3.6151624e-001
 3.6301756e-001
 3.6503345e-001
 3.6780021e-001
 3.7125948e-001
 3.7467381e-001
 3.7839410e-001
 3.8203827e-001
 3.8593343e-001
 3.9053428e-001
 3.9527866e-001
 3.9997977e-001
 4.0414143e-001
 4.0821978e-001
 4.1235214e-001
 4.1674301e-001
 4.2131737e-001
 4.2583874e-001
 4.3001774e-001
 4.3375689e-001
 4.3728492e-001
 4.4073051e-001
 4.4458789e-001
 4.4860786e-001
 4.5245022e-001
 4.5582590e-001
 4.5889744e-001
 4.6167833e-001
 4.6434370e-001
 4.6714962e-001
 4.7018328e-001
 4.7324523e-001
 4.7625634e-001
 4.7880849e-001
 4.8080787e-001
 4.8266482e-001
 4.8439524e-001
 4.8646623e-001
 4.8868909e-001
 4.9093211e-001
 4.9284807e-001
 4.9448925e-001
 4.9605507e-001
 4.9632582e-001
 4.9628413e-001
 4.9634230e-001
 4.9637252e-001
 4.9743739e-001
 4.9885324e-001
 5.0092572e-001
 5.0311553e-001
 5.0493759e-001
 5.0604343e-001
 5.0664586e-001
 5.0693822e-001
 5.0714087e-001
 5.0744110e-001
 5.0792652e-001
 5.0853717e-001
 5.0951385e-001
 5.1065522e-001
 5.1160544e-001
 5.1215756e-001
 5.1150292e-001
 5.0892043e-001
 5.0588292e-001
 5.0433999e-001
 5.0373238e-001
 5.0385839e-001
 5.0498188e-001
 5.0666416e-001
 5.0802803e-001
 5.0906003e-001
 5.0966632e-001
 5.0931752e-001
 5.0729263e-001
 5.0532895e-001
 5.0462610e-001
 5.0206727e-001
 4.9069422e-001
 4.5835906e-001
 4.3033072e-001
 4.4278833e-001
 4.5694366e-001
 4.5522991e-001
 4.4124773e-001
 4.2147890e-001
 3.9846081e-001
 3.7463528e-001
 3.6376688e-001
 3.7486029e-001
 3.9130306e-001
 4.0116608e-001
 3.9825466e-001
 3.8491791e-001
 3.8127056e-001
 3.9159566e-001
 4.0236399e-001
 4.1104761e-001
 4.1477445e-001
 4.1300687e-001
 4.1259438e-001
 4.1647553e-001
 4.2066151e-001
 4.2412737e-001
 4.2687672e-001
 4.2725831e-001
 4.2698321e-001
