s07_AV97 Record=2099: Monazite HS255.3B             BECKb AREF
 7.0196241e-002
 7.6072618e-002
 8.1822574e-002
 8.7462455e-002
 9.3924515e-002
 1.0175853e-001
 1.0960352e-001
 1.1858349e-001
 1.2507306e-001
 1.3364892e-001
 1.3945185e-001
 1.4783135e-001
 1.5850557e-001
 1.6944860e-001
 1.7124437e-001
 1.7156342e-001
 1.7451587e-001
 2.0701393e-001
 2.2608735e-001
 2.4305014e-001
 2.4048771e-001
 1.7452006e-001
 1.9201081e-001
 2.7055612e-001
 3.2812476e-001
 3.5490748e-001
 3.5972160e-001
 3.7290975e-001
 3.7703645e-001
 3.8200635e-001
 3.9083889e-001
 3.8747787e-001
 3.9044172e-001
 3.8812870e-001
 3.9984035e-001
 4.3668839e-001
 4.6880147e-001
 4.8069575e-001
 4.6889615e-001
 3.3930847e-001
 2.0655201e-001
 2.1774720e-001
 3.3782345e-001
 4.4456825e-001
 4.4033670e-001
 3.0370006e-001
 1.8793687e-001
 2.1303394e-001
 3.1420389e-001
 4.1595003e-001
 4.8638555e-001
 4.9298427e-001
 4.0604344e-001
 3.2299599e-001
 3.2359168e-001
 3.7666395e-001
 4.0005857e-001
 4.1961053e-001
 4.4064000e-001
 4.6950448e-001
 4.8215762e-001
 4.7975940e-001
 4.9606603e-001
 5.0704944e-001
 5.1138330e-001
 5.1103044e-001
 5.1236802e-001
 5.0445157e-001
 4.9615604e-001
 4.8822743e-001
 4.8293087e-001
 4.7695112e-001
 4.5958129e-001
 4.3207631e-001
 3.7900850e-001
 3.2797003e-001
 3.4781542e-001
 3.7315205e-001
 3.8221571e-001
 4.1127554e-001
 4.4592446e-001
 4.7521007e-001
 4.9402428e-001
 5.1307315e-001
 5.3500694e-001
 5.5055553e-001
 5.5134755e-001
 5.3821999e-001
 5.0030607e-001
 4.2904535e-001
 3.3919382e-001
 3.0031312e-001
 3.5155246e-001
 3.9741707e-001
 3.8444760e-001
 4.0999958e-001
 3.9005142e-001
 3.9509961e-001
 4.2382345e-001
 4.4717395e-001
 4.7716287e-001
 4.9842623e-001
 5.0693333e-001
 5.1042348e-001
 5.0570840e-001
 4.8107666e-001
 4.3763623e-001
 3.7563345e-001
 3.3345416e-001
 3.4305957e-001
 3.9162335e-001
 3.8383284e-001
 3.5665110e-001
 3.5524425e-001
 3.5182279e-001
 3.4325120e-001
 3.2668138e-001
 3.0545661e-001
 2.9323483e-001
 3.0042553e-001
 3.2489732e-001
 3.3196822e-001
 3.2717487e-001
 3.0762985e-001
 2.8803763e-001
 2.7564853e-001
 2.7719721e-001
 2.8807163e-001
 2.9410127e-001
 3.0068699e-001
 3.2375327e-001
 3.4901300e-001
 3.7782675e-001
 4.0087995e-001
 4.2329061e-001
 4.2818916e-001
 4.6120137e-001
 4.7634247e-001
 4.8311752e-001
 4.8033309e-001
 4.7758725e-001
 4.8523343e-001
 4.8972413e-001
 5.0455952e-001
 5.2224982e-001
 5.3873670e-001
 5.5622435e-001
 5.6742442e-001
 5.7710040e-001
 5.7828313e-001
 5.8021945e-001
 5.8063853e-001
 5.7569075e-001
 5.6872487e-001
 5.6716746e-001
 5.5298686e-001
 5.3831273e-001
 5.2472031e-001
 5.0822908e-001
 4.8756522e-001
 4.9437076e-001
 4.8215172e-001
 4.6574733e-001
 4.3200845e-001
 4.1683689e-001
 3.9749461e-001
 3.8123724e-001
 3.7263650e-001
 3.7245962e-001
 3.7148929e-001
 3.7953895e-001
 3.9759395e-001
 4.0602025e-001
 4.0778530e-001
 4.0919939e-001
 4.2320174e-001
 4.4924766e-001
 4.5744830e-001
 4.6591738e-001
 4.7795248e-001
 4.8161200e-001
 4.8645467e-001
 4.9542680e-001
 4.9884218e-001
 5.0331420e-001
 5.0055122e-001
 5.0223684e-001
 5.0470972e-001
 5.0406736e-001
 4.9811503e-001
 4.9094346e-001
 4.8246938e-001
 4.7928920e-001
 4.7343701e-001
 4.7060615e-001
 4.6404156e-001
 4.5886451e-001
 4.5332780e-001
 4.4597623e-001
 4.4312662e-001
 4.3979588e-001
 4.3481809e-001
 4.2018923e-001
 4.0578723e-001
 3.9741734e-001
 3.8770863e-001
 3.7387675e-001
 3.6216938e-001
 3.3752427e-001
 3.2978892e-001
 3.2283551e-001
 3.1408432e-001
 3.0432853e-001
 2.9563236e-001
 2.8914765e-001
 2.8511336e-001
 2.8219283e-001
 2.7878019e-001
 2.7496952e-001
 2.7012610e-001
 2.6509839e-001
 2.6108429e-001
 2.5942647e-001
 2.6080111e-001
