s07_AV97 Record=2963: Serpentine HS318.2B          ASDFRc AREF
 2.0758587e-001
 2.1975301e-001
 2.3765211e-001
 2.6750931e-001
 2.5939229e-001
 2.4672900e-001
 2.3593502e-001
 2.3004669e-001
 2.3886836e-001
 2.5009978e-001
 2.8516111e-001
 3.3678362e-001
 3.5958633e-001
 3.6917070e-001
 3.7950704e-001
 3.8984329e-001
 3.9897430e-001
 4.0587887e-001
 4.0996408e-001
 4.1242144e-001
 4.1409656e-001
 4.1603824e-001
 4.1764978e-001
 4.1829929e-001
 4.1811749e-001
 4.1753247e-001
 4.1673809e-001
 4.1587016e-001
 4.1551435e-001
 4.1581208e-001
 4.1748458e-001
 4.1962293e-001
 4.1713187e-001
 4.1921467e-001
 4.2126685e-001
 4.2329222e-001
 4.2530656e-001
 4.2657256e-001
 4.2718157e-001
 4.2741334e-001
 4.2748505e-001
 4.2764640e-001
 4.2799726e-001
 4.2842069e-001
 4.2881218e-001
 4.2886385e-001
 4.2878759e-001
 4.2844287e-001
 4.2785931e-001
 4.2712927e-001
 4.2618510e-001
 4.2511883e-001
 4.2392692e-001
 4.2292035e-001
 4.2188933e-001
 4.2055705e-001
 4.1951677e-001
 4.1853255e-001
 4.1750523e-001
 4.1674080e-001
 4.1580737e-001
 4.1415703e-001
 4.1292796e-001
 4.1288278e-001
 4.1304788e-001
 4.1286001e-001
 4.1255033e-001
 4.1204512e-001
 4.1172296e-001
 4.1097993e-001
 4.1109908e-001
 4.0984237e-001
 4.0913603e-001
 4.0908846e-001
 4.0817007e-001
 4.0782773e-001
 4.0747929e-001
 4.0692806e-001
 4.0739080e-001
 4.0709478e-001
 4.0696675e-001
 4.0657353e-001
 4.0630567e-001
 4.0612638e-001
 4.0605968e-001
 4.0561220e-001
 4.0591180e-001
 4.0621597e-001
 4.0622285e-001
 4.0628180e-001
 4.0631169e-001
 4.0677229e-001
 4.0667167e-001
 4.0629670e-001
 4.0603143e-001
 4.0544778e-001
 4.0605682e-001
 4.0580800e-001
 4.0516230e-001
 4.0432081e-001
 4.0515631e-001
 4.0561631e-001
 4.0586963e-001
 4.0603551e-001
 4.0594569e-001
 4.0527886e-001
 4.0199077e-001
 3.9952743e-001
 3.9472732e-001
 3.6252192e-001
 3.5292709e-001
 3.7050161e-001
 3.9298320e-001
 3.9575315e-001
 3.9832535e-001
 4.0078372e-001
 4.0145949e-001
 4.0215656e-001
 4.0258169e-001
 4.0289372e-001
 4.0340963e-001
 4.0380570e-001
 4.0399849e-001
 4.0402257e-001
 4.0410000e-001
 4.0415889e-001
 4.0442845e-001
 4.0446502e-001
 4.0436250e-001
 4.0467125e-001
 4.0436038e-001
 4.0459830e-001
 4.0428859e-001
 4.0427127e-001
 4.0421852e-001
 4.0374500e-001
 4.0312898e-001
 4.0321431e-001
 4.0301245e-001
 4.0302181e-001
 4.0290901e-001
 4.0317494e-001
 4.0263766e-001
 4.0256000e-001
 4.0179625e-001
 4.0063402e-001
 4.0024880e-001
 3.9936244e-001
 3.9896646e-001
 3.9890328e-001
 3.9851537e-001
 3.9804855e-001
 3.9713091e-001
 3.9715719e-001
 3.9694592e-001
 3.9673272e-001
 3.9580306e-001
 3.9527744e-001
 3.9412707e-001
 3.9095101e-001
 3.9242265e-001
 3.8920283e-001
 3.8493919e-001
 3.7959227e-001
 3.7699252e-001
 3.7618858e-001
 3.7561354e-001
 3.7371376e-001
 3.7161273e-001
 3.6998403e-001
 3.6958328e-001
 3.6973092e-001
 3.7131184e-001
 3.7336218e-001
 3.7497661e-001
 3.7645608e-001
 3.7848133e-001
 3.8109994e-001
 3.8438323e-001
 3.8481537e-001
 3.8384926e-001
 3.8121358e-001
 3.7883040e-001
 3.7672818e-001
 3.7625346e-001
 3.7554216e-001
 3.7548196e-001
 3.7852070e-001
 3.8104126e-001
 3.8177028e-001
 3.8158870e-001
 3.8127053e-001
 3.8087177e-001
 3.7921754e-001
 3.7634522e-001
 3.7003824e-001
 3.5887587e-001
 3.5250914e-001
 3.4815231e-001
 3.3422822e-001
 3.2639244e-001
 3.2077703e-001
 3.1152192e-001
 2.9766259e-001
 2.7722371e-001
 2.6867741e-001
 2.8176674e-001
 3.1367099e-001
 3.2925493e-001
 3.2471758e-001
 3.1694305e-001
 3.1595498e-001
 3.1270516e-001
 3.0894324e-001
 3.0543157e-001
 3.0439389e-001
 2.9832557e-001
 2.9803976e-001
 3.0811733e-001
 3.0848998e-001
 2.9539409e-001
 2.8493792e-001
 2.7761185e-001
-1.2300000e+034
