s07_AV97 Record=2478: Olivine KI3291 Fo29 <60um     BECKb AREF
 7.3956594e-002
 9.1187060e-002
 1.1013652e-001
 1.2598705e-001
 1.4480262e-001
 1.6177060e-001
 1.7141162e-001
 1.8045390e-001
 1.8210731e-001
 1.8798275e-001
 2.0017195e-001
 2.1835759e-001
 2.2885722e-001
 2.3597696e-001
 2.5796267e-001
 2.7663189e-001
 2.8898171e-001
 3.0569550e-001
 3.2146373e-001
 3.3335260e-001
 3.4037042e-001
 3.4573996e-001
 3.4983617e-001
 3.5196814e-001
 3.5209173e-001
 3.5229251e-001
 3.5612729e-001
 3.6418819e-001
 3.7381247e-001
 3.8410246e-001
 3.8916939e-001
 3.8916048e-001
 3.8888255e-001
 3.8936549e-001
 3.8823912e-001
 3.8530526e-001
 3.8034937e-001
 3.7301710e-001
 3.6650139e-001
 3.5817972e-001
 3.5011706e-001
 3.3959240e-001
 3.2849243e-001
 3.1717503e-001
 3.0567580e-001
 2.9230073e-001
 2.8080410e-001
 2.6879978e-001
 2.5707901e-001
 2.4677300e-001
 2.3885168e-001
 2.2234002e-001
 2.1445705e-001
 2.1740401e-001
 2.0913148e-001
 2.0030943e-001
 1.9633561e-001
 1.9449671e-001
 1.8994710e-001
 1.8850935e-001
 1.7713007e-001
 1.7572401e-001
 1.7049588e-001
 1.6310975e-001
 1.6000341e-001
 1.5314677e-001
 1.5149468e-001
 1.4686953e-001
 1.4317894e-001
 1.3960622e-001
 1.3546354e-001
 1.3541587e-001
 1.3167809e-001
 1.2942228e-001
 1.2904942e-001
 1.2757722e-001
 1.2737206e-001
 1.3293923e-001
 1.2970917e-001
 1.3334538e-001
 1.3381700e-001
 1.3626917e-001
 1.3744585e-001
 1.4011128e-001
 1.4224835e-001
 1.4586093e-001
 1.4335793e-001
 1.4801942e-001
 1.5035433e-001
 1.5041238e-001
 1.5183111e-001
 1.5177763e-001
 1.5382548e-001
 1.5221712e-001
 1.5417185e-001
 1.5404966e-001
 1.5207948e-001
 1.5456027e-001
 1.5671487e-001
 1.5786047e-001
 1.5844548e-001
 1.5782717e-001
 1.6117086e-001
 1.6418204e-001
 1.6733797e-001
 1.6857974e-001
 1.6964598e-001
 1.7367217e-001
 1.7872651e-001
 1.8222810e-001
 1.8712617e-001
 1.9413014e-001
 1.9884107e-001
 2.0597491e-001
 2.1244518e-001
 2.2047417e-001
 2.2731206e-001
 2.3304041e-001
 2.4431133e-001
 2.5176662e-001
 2.6128912e-001
 2.6888385e-001
 2.7528083e-001
 2.8794664e-001
 2.9931474e-001
 3.1086621e-001
 3.2004425e-001
 3.3166599e-001
 3.4477693e-001
 3.5453823e-001
 3.6729223e-001
 3.7795091e-001
 3.8861179e-001
 3.9999872e-001
 4.1117346e-001
 4.2128298e-001
 4.3548775e-001
 4.4236386e-001
 4.5569018e-001
 4.6358371e-001
 4.7510713e-001
 4.8270845e-001
 4.9565828e-001
 5.0497925e-001
 5.1340407e-001
 5.2042794e-001
 5.2723390e-001
 5.3673613e-001
 5.4377568e-001
 5.5171049e-001
 5.6109709e-001
 5.6265545e-001
 5.6502616e-001
 5.7487613e-001
 5.7833052e-001
 5.8224452e-001
 5.8447427e-001
 5.8976763e-001
 5.9712970e-001
 5.9520859e-001
 5.9656882e-001
 5.9449697e-001
 5.9782666e-001
 5.9965193e-001
 6.0127544e-001
 6.0349637e-001
 6.0408664e-001
 6.0729891e-001
 6.1244494e-001
 6.1287516e-001
 6.1652154e-001
 6.1686629e-001
 6.1562383e-001
 6.1832744e-001
 6.2051833e-001
 6.2490642e-001
 6.2733299e-001
 6.2891132e-001
 6.2887210e-001
 6.2640131e-001
 6.2778622e-001
 6.3035995e-001
 6.3180739e-001
 6.3333368e-001
 6.3437372e-001
 6.3582009e-001
 6.3960266e-001
 6.4128667e-001
 6.3531065e-001
 6.3216329e-001
 6.3196599e-001
 6.3436419e-001
 6.3291389e-001
 6.3434148e-001
 6.3686383e-001
 6.3229769e-001
 6.2687719e-001
 6.2247717e-001
 6.1716294e-001
 6.2090445e-001
 6.2655252e-001
 6.2612087e-001
 6.2668413e-001
 6.2708133e-001
 6.2708926e-001
 6.2896103e-001
 6.3238192e-001
 6.3219827e-001
 6.3463980e-001
 6.3481623e-001
 6.3318747e-001
 6.3506937e-001
 6.3492191e-001
 6.3449246e-001
 6.3456202e-001
 6.3473499e-001
 6.3443309e-001
 6.3318598e-001
 6.3187885e-001
 6.3148117e-001
 6.3288689e-001
 6.3480657e-001
 6.3554841e-001
 6.3406944e-001
