s07_AV97 Record=1989: Malachite HS254.3B           NIC4bb RREF
-1.2300000e+034
-1.2300000e+034
-1.2300000e+034
-1.2300000e+034
-1.2300000e+034
-1.2300000e+034
-1.2300000e+034
-1.2300000e+034
-1.2300000e+034
-1.2300000e+034
-1.2300000e+034
-1.2300000e+034
-1.2300000e+034
-1.2300000e+034
-1.2300000e+034
-1.2300000e+034
-1.2300000e+034
-1.2300000e+034
-1.2300000e+034
-1.2300000e+034
-1.2300000e+034
-1.2300000e+034
-1.2300000e+034
-1.2300000e+034
-1.2300000e+034
-1.2300000e+034
-1.2300000e+034
-1.2300000e+034
-1.2300000e+034
-1.2300000e+034
-1.2300000e+034
-1.2300000e+034
-1.2300000e+034
-1.2300000e+034
-1.2300000e+034
-1.2300000e+034
-1.2300000e+034
-1.2300000e+034
-1.2300000e+034
-1.2300000e+034
-1.2300000e+034
-1.2300000e+034
-1.2300000e+034
-1.2300000e+034
-1.2300000e+034
-1.2300000e+034
-1.2300000e+034
-1.2300000e+034
-1.2300000e+034
-1.2300000e+034
-1.2300000e+034
-1.2300000e+034
-1.2300000e+034
-1.2300000e+034
-1.2300000e+034
-1.2300000e+034
-1.2300000e+034
-1.2300000e+034
-1.2300000e+034
-1.2300000e+034
-1.2300000e+034
-1.2300000e+034
-1.2300000e+034
-1.2300000e+034
-1.2300000e+034
-1.2300000e+034
-1.2300000e+034
-1.2300000e+034
-1.2300000e+034
-1.2300000e+034
-1.2300000e+034
-1.2300000e+034
-1.2300000e+034
-1.2300000e+034
-1.2300000e+034
-1.2300000e+034
-1.2300000e+034
-1.2300000e+034
-1.2300000e+034
-1.2300000e+034
-1.2300000e+034
-1.2300000e+034
-1.2300000e+034
-1.2300000e+034
-1.2300000e+034
-1.2300000e+034
-1.2300000e+034
-1.2300000e+034
-1.2300000e+034
-1.2300000e+034
-1.2300000e+034
-1.2300000e+034
-1.2300000e+034
-1.2300000e+034
-1.2300000e+034
-1.2300000e+034
-1.2300000e+034
-1.2300000e+034
-1.2300000e+034
-1.2300000e+034
-1.2300000e+034
-1.2300000e+034
-1.2300000e+034
-1.2300000e+034
-1.2300000e+034
-1.2300000e+034
-1.2300000e+034
-1.2300000e+034
-1.2300000e+034
-1.2300000e+034
-1.2300000e+034
-1.2300000e+034
-1.2300000e+034
-1.2300000e+034
-1.2300000e+034
-1.2300000e+034
-1.2300000e+034
-1.2300000e+034
-1.2300000e+034
-1.2300000e+034
-1.2300000e+034
-1.2300000e+034
-1.2300000e+034
-1.2300000e+034
-1.2300000e+034
-1.2300000e+034
-1.2300000e+034
-1.2300000e+034
-1.2300000e+034
-1.2300000e+034
-1.2300000e+034
 1.5709502e-001
 1.6310139e-001
 1.7004777e-001
 1.7654535e-001
 1.8264398e-001
 1.8888351e-001
 1.9495140e-001
 2.0116884e-001
 2.0705761e-001
 2.1273905e-001
 2.1780431e-001
 2.2286694e-001
 2.2815438e-001
 2.3371550e-001
 2.3923185e-001
 2.4489385e-001
 2.5025496e-001
 2.5533965e-001
 2.6015249e-001
 2.6487973e-001
 2.6959595e-001
 2.7424937e-001
 2.7871704e-001
 2.8252158e-001
 2.8552330e-001
 2.8958276e-001
 2.9528123e-001
 3.0029041e-001
 3.0437648e-001
 3.0309087e-001
 3.0682054e-001
 3.0958134e-001
 3.1194651e-001
 3.1485301e-001
 3.1830725e-001
 3.2148719e-001
 3.2403335e-001
 3.2661396e-001
 3.2932195e-001
 3.3135125e-001
 3.3240017e-001
 3.3292654e-001
 3.3301631e-001
 3.3235884e-001
 3.3198902e-001
 3.3457834e-001
 3.3838850e-001
 3.4079063e-001
 3.4233123e-001
 3.4390894e-001
 3.4490830e-001
 3.4522930e-001
 3.4604284e-001
 3.4878814e-001
 3.5137427e-001
 3.5090297e-001
 3.4646556e-001
 3.3881253e-001
 3.3103511e-001
 3.2316393e-001
 3.1117472e-001
 2.9183796e-001
 2.6822653e-001
 2.5968575e-001
 2.5938225e-001
 2.5367922e-001
 2.4223650e-001
 2.2408789e-001
 2.1289806e-001
 2.1765815e-001
 2.3075637e-001
 2.4608825e-001
 2.6048669e-001
 2.6834455e-001
 2.6401585e-001
 2.4760790e-001
 2.2614077e-001
 2.1658178e-001
 2.2091962e-001
 2.2232236e-001
 2.1985522e-001
 2.1573304e-001
 2.1565880e-001
 2.1887697e-001
 2.2316590e-001
 2.2989683e-001
 2.3941039e-001
 2.5220701e-001
 2.6301613e-001
 2.7256039e-001
 2.7961498e-001
 2.8347018e-001
 2.8424159e-001
