s07_AV97 Record=1189: Ferrihydrite GDS75 Syn F6     BECKb AREF
 1.3876319e-002
 1.4103350e-002
 1.4372586e-002
 1.4708146e-002
 1.4885487e-002
 1.5302624e-002
 1.5456698e-002
 1.5888721e-002
 1.6380100e-002
 1.6812811e-002
 1.7460566e-002
 1.8193929e-002
 1.8797951e-002
 1.9785440e-002
 2.0953026e-002
 2.2577180e-002
 2.4568427e-002
 2.7327534e-002
 2.9790036e-002
 3.2960944e-002
 3.6848988e-002
 4.1627869e-002
 4.7132332e-002
 5.3411078e-002
 6.0253158e-002
 6.7735709e-002
 7.5553246e-002
 8.3332546e-002
 9.1432035e-002
 9.9340454e-002
 1.0713302e-001
 1.1562988e-001
 1.0587572e-001
 1.1398187e-001
 1.2216777e-001
 1.3027079e-001
 1.3898118e-001
 1.4777738e-001
 1.5633674e-001
 1.6465278e-001
 1.7215966e-001
 1.7834167e-001
 1.8355598e-001
 1.8757513e-001
 1.9055274e-001
 1.9191281e-001
 1.9233739e-001
 1.9169158e-001
 1.9150248e-001
 1.8980575e-001
 1.8887341e-001
 1.8766443e-001
 1.8592937e-001
 1.8533982e-001
 1.8274003e-001
 1.8079461e-001
 1.8183078e-001
 1.7870033e-001
 1.7703828e-001
 1.7848212e-001
 1.7801403e-001
 1.7793976e-001
 1.7630237e-001
 1.7932649e-001
 1.7989704e-001
 1.8151055e-001
 1.8378419e-001
 1.8389028e-001
 1.8550947e-001
 1.8872674e-001
 1.9272032e-001
 1.9581166e-001
 1.9902021e-001
 2.0319392e-001
 2.0739377e-001
 2.1183404e-001
 2.1801025e-001
 2.2172688e-001
 2.2736387e-001
 2.3418675e-001
 2.4043404e-001
 2.4790262e-001
 2.5504193e-001
 2.6261163e-001
 2.7068579e-001
 2.7910185e-001
 2.8860241e-001
 2.9914528e-001
 3.0882305e-001
 3.1853265e-001
 3.2964832e-001
 3.4042934e-001
 3.5173169e-001
 3.6352047e-001
 3.7505123e-001
 3.8773125e-001
 3.6884162e-001
 3.8192323e-001
 3.9417756e-001
 4.0747365e-001
 4.2110124e-001
 4.3427160e-001
 4.4638428e-001
 4.5979092e-001
 4.7316107e-001
 4.8529500e-001
 4.9816048e-001
 5.1065534e-001
 5.1894903e-001
 5.1940173e-001
 5.1734245e-001
 5.0998890e-001
 5.0026107e-001
 4.9331671e-001
 4.9613759e-001
 5.0281787e-001
 5.1003146e-001
 5.1801425e-001
 5.2651775e-001
 5.3654706e-001
 5.4778177e-001
 5.5865586e-001
 5.6816638e-001
 5.7903135e-001
 5.8723837e-001
 5.9567153e-001
 6.0415655e-001
 6.1118817e-001
 6.1616111e-001
 6.2104297e-001
 6.2542999e-001
 6.2844765e-001
 6.3014817e-001
 6.3200849e-001
 6.3302565e-001
 6.3364935e-001
 6.3373727e-001
 6.3203454e-001
 6.3006282e-001
 6.2738270e-001
 6.2756991e-001
 6.2504780e-001
 6.2090969e-001
 6.1525518e-001
 6.1119509e-001
 6.0918903e-001
 6.0550129e-001
 6.0362047e-001
 5.9577698e-001
 5.9476531e-001
 5.9301805e-001
 5.8724993e-001
 5.8528757e-001
 5.8225769e-001
 5.8076257e-001
 5.7867897e-001
 5.7096881e-001
 5.6144261e-001
 5.3742760e-001
 4.9468538e-001
 5.0927454e-001
 4.7070745e-001
 4.4527519e-001
 4.1882977e-001
 3.9747819e-001
 3.8609660e-001
 3.8524333e-001
 3.8564768e-001
 3.8868472e-001
 3.9612061e-001
 4.0392295e-001
 4.1181716e-001
 4.1627759e-001
 4.2317414e-001
 4.2994317e-001
 4.3754959e-001
 4.4284281e-001
 4.4614375e-001
 4.5457676e-001
 4.5827788e-001
 4.6249032e-001
 4.6754196e-001
 4.7047096e-001
 4.7460482e-001
 4.7712472e-001
 4.7971040e-001
 4.8240158e-001
 4.8389831e-001
 4.8427966e-001
 4.8329920e-001
 4.8079747e-001
 4.7774851e-001
 4.7458208e-001
 4.7067532e-001
 4.6664006e-001
 4.6143931e-001
 4.4838759e-001
 4.4330895e-001
 4.3781251e-001
 4.2809743e-001
 4.2630020e-001
 4.1990566e-001
 4.1055626e-001
 4.0513518e-001
 3.9989445e-001
 3.9833477e-001
 3.9344770e-001
 3.8357872e-001
 3.7599012e-001
 3.7161544e-001
 3.6227888e-001
 3.5928610e-001
 3.5363957e-001
 3.4722620e-001
 3.4148487e-001
 3.3649871e-001
 3.3197275e-001
 3.2754415e-001
 3.2354617e-001
 3.1909937e-001
 3.1467703e-001
 3.1037033e-001
 3.0628231e-001
 3.0251896e-001
