s07_AV97 Record=3287: Topaz HS184.4B               ASDFRb AREF
 5.7375169e-001
 5.8440065e-001
 5.9460443e-001
 6.0563391e-001
 6.1581409e-001
 6.2489152e-001
 6.3478917e-001
 6.4437890e-001
 6.5382290e-001
 6.6229516e-001
 6.6959155e-001
 6.7611843e-001
 6.8210602e-001
 6.8802667e-001
 6.9375992e-001
 6.9903159e-001
 7.0359558e-001
 7.0730668e-001
 7.1037990e-001
 7.1306658e-001
 7.1515119e-001
 7.1632594e-001
 7.1861154e-001
 7.2030151e-001
 7.2195113e-001
 7.2370374e-001
 7.2567046e-001
 7.2753763e-001
 7.2988218e-001
 7.3225987e-001
 7.3455381e-001
 7.3682857e-001
 7.3418152e-001
 7.3641843e-001
 7.3851550e-001
 7.4116921e-001
 7.4262398e-001
 7.4437791e-001
 7.4602717e-001
 7.4735320e-001
 7.4868262e-001
 7.5096029e-001
 7.5262052e-001
 7.5410849e-001
 7.5516331e-001
 7.5605309e-001
 7.5684941e-001
 7.5743550e-001
 7.5776082e-001
 7.5797242e-001
 7.5836545e-001
 7.5871408e-001
 7.5886410e-001
 7.5907683e-001
 7.5958717e-001
 7.6010388e-001
 7.6061451e-001
 7.6111639e-001
 7.6161104e-001
 7.6223958e-001
 7.6179594e-001
 7.6210135e-001
 7.6072186e-001
 7.4503857e-001
 7.6152766e-001
 7.6974905e-001
 7.7212310e-001
 7.7391607e-001
 7.7545631e-001
 7.7540475e-001
 7.7726787e-001
 7.7655369e-001
 7.7692682e-001
 7.7738130e-001
 7.7743530e-001
 7.7767742e-001
 7.7833784e-001
 7.7894199e-001
 7.7904558e-001
 7.8015924e-001
 7.7941430e-001
 7.7920663e-001
 7.7888077e-001
 7.7794147e-001
 7.7723426e-001
 7.7710271e-001
 7.7780449e-001
 7.7823591e-001
 7.7328628e-001
 7.6373041e-001
 7.7537858e-001
 7.7727860e-001
 7.7820885e-001
 7.7884763e-001
 7.8048140e-001
 7.8056955e-001
 7.7935624e-001
 7.8065038e-001
 7.7983391e-001
 7.7604830e-001
 7.7351493e-001
 7.7225506e-001
 7.6957148e-001
 7.6588655e-001
 7.5411719e-001
 7.3464084e-001
 7.3458952e-001
 7.4372536e-001
 7.3489177e-001
 7.3384786e-001
 6.6988015e-001
 4.8398885e-001
 6.0233963e-001
 7.2414368e-001
 7.5201422e-001
 7.5807995e-001
 7.6136714e-001
 7.6280946e-001
 7.6794845e-001
 7.7383000e-001
 7.7793860e-001
 7.8233284e-001
 7.8532761e-001
 7.8779918e-001
 7.9001266e-001
 7.9138392e-001
 7.9252619e-001
 7.9289019e-001
 7.9214197e-001
 7.8915989e-001
 7.8364158e-001
 7.7953357e-001
 7.8297204e-001
 7.8810430e-001
 7.8922653e-001
 7.9082990e-001
 7.9202724e-001
 7.8876096e-001
 7.6351637e-001
 7.0825362e-001
 7.4274790e-001
 7.7673203e-001
 7.7469695e-001
 7.6317245e-001
 7.6483691e-001
 7.7054304e-001
 7.7048606e-001
 7.6757038e-001
 7.7040631e-001
 7.7517807e-001
 7.7268463e-001
 7.7326071e-001
 7.7417463e-001
 7.7011329e-001
 7.6502395e-001
 7.6190126e-001
 7.6000458e-001
 7.5471854e-001
 7.4885279e-001
 7.3419583e-001
 7.4082351e-001
 7.2250330e-001
 7.0371622e-001
 6.9056374e-001
 6.8283677e-001
 6.7645955e-001
 6.7524308e-001
 6.7555726e-001
 6.7657775e-001
 6.8080539e-001
 6.8833387e-001
 6.8936938e-001
 6.8411559e-001
 6.7952234e-001
 6.8376791e-001
 6.8214417e-001
 6.6831297e-001
 6.3748139e-001
 5.6831247e-001
 4.1193703e-001
 2.2124031e-001
 2.4648018e-001
 4.1509181e-001
 5.2111256e-001
 5.6608212e-001
 5.4791862e-001
 4.8494697e-001
 4.4491512e-001
 4.5692086e-001
 4.8774919e-001
 5.0470787e-001
 5.1949269e-001
 5.0732130e-001
 5.0297278e-001
 5.3553253e-001
 5.8792365e-001
 6.1054206e-001
 5.9945226e-001
 5.3282791e-001
 5.3792489e-001
 5.8435667e-001
 5.7680786e-001
 5.3292763e-001
 4.9986476e-001
 4.7273353e-001
 4.4829765e-001
 4.4085476e-001
 4.3926951e-001
 4.3797404e-001
 4.2406535e-001
 4.1586339e-001
 4.1019952e-001
 3.9903620e-001
 3.7957883e-001
 3.5733822e-001
 3.5045502e-001
 3.5163286e-001
 3.4029022e-001
 3.1267509e-001
 2.8324601e-001
 2.6537168e-001
 2.5068030e-001
 2.2677024e-001
-1.2300000e+034
