s07_AV97 Record=53: Actinolite HS22.3B          NIC4bbb RREF
-1.2300000e+034
-1.2300000e+034
-1.2300000e+034
-1.2300000e+034
-1.2300000e+034
-1.2300000e+034
-1.2300000e+034
-1.2300000e+034
-1.2300000e+034
-1.2300000e+034
-1.2300000e+034
-1.2300000e+034
-1.2300000e+034
-1.2300000e+034
-1.2300000e+034
-1.2300000e+034
-1.2300000e+034
-1.2300000e+034
-1.2300000e+034
-1.2300000e+034
-1.2300000e+034
-1.2300000e+034
-1.2300000e+034
-1.2300000e+034
-1.2300000e+034
-1.2300000e+034
-1.2300000e+034
-1.2300000e+034
-1.2300000e+034
-1.2300000e+034
-1.2300000e+034
-1.2300000e+034
-1.2300000e+034
-1.2300000e+034
-1.2300000e+034
-1.2300000e+034
-1.2300000e+034
-1.2300000e+034
-1.2300000e+034
-1.2300000e+034
-1.2300000e+034
-1.2300000e+034
-1.2300000e+034
-1.2300000e+034
-1.2300000e+034
-1.2300000e+034
-1.2300000e+034
-1.2300000e+034
-1.2300000e+034
-1.2300000e+034
-1.2300000e+034
-1.2300000e+034
-1.2300000e+034
-1.2300000e+034
-1.2300000e+034
-1.2300000e+034
-1.2300000e+034
-1.2300000e+034
-1.2300000e+034
-1.2300000e+034
-1.2300000e+034
-1.2300000e+034
-1.2300000e+034
-1.2300000e+034
-1.2300000e+034
-1.2300000e+034
-1.2300000e+034
-1.2300000e+034
-1.2300000e+034
-1.2300000e+034
-1.2300000e+034
-1.2300000e+034
-1.2300000e+034
-1.2300000e+034
-1.2300000e+034
-1.2300000e+034
-1.2300000e+034
-1.2300000e+034
-1.2300000e+034
-1.2300000e+034
-1.2300000e+034
-1.2300000e+034
-1.2300000e+034
-1.2300000e+034
-1.2300000e+034
-1.2300000e+034
-1.2300000e+034
-1.2300000e+034
-1.2300000e+034
-1.2300000e+034
-1.2300000e+034
-1.2300000e+034
-1.2300000e+034
-1.2300000e+034
-1.2300000e+034
-1.2300000e+034
-1.2300000e+034
-1.2300000e+034
-1.2300000e+034
-1.2300000e+034
-1.2300000e+034
-1.2300000e+034
-1.2300000e+034
-1.2300000e+034
-1.2300000e+034
-1.2300000e+034
-1.2300000e+034
-1.2300000e+034
-1.2300000e+034
-1.2300000e+034
-1.2300000e+034
 2.6034129e-001
 2.6190466e-001
 2.6359019e-001
 2.6502889e-001
 2.6676604e-001
 2.6901621e-001
 2.7235493e-001
 2.7667278e-001
 2.8183526e-001
 2.8700289e-001
 2.9256871e-001
 2.9861465e-001
 3.0460101e-001
 3.1073865e-001
 3.1632209e-001
 3.2173905e-001
 3.2713097e-001
 3.3267337e-001
 3.3792397e-001
 3.4308687e-001
 3.4817204e-001
 3.5304853e-001
 3.5752326e-001
 3.6173588e-001
 3.6554241e-001
 3.6940014e-001
 3.7328440e-001
 3.7704682e-001
 3.8053811e-001
 3.8366315e-001
 3.8632351e-001
 3.8886830e-001
 3.9136899e-001
 3.9407185e-001
 3.9699638e-001
 3.9972171e-001
 4.0202275e-001
 4.0403199e-001
 4.0566310e-001
 4.0660477e-001
 4.0751842e-001
 4.0847865e-001
 4.0959549e-001
 4.1064343e-001
 4.1143110e-001
 4.1160795e-001
 4.1139761e-001
 4.1111311e-001
 4.1100299e-001
 4.1096178e-001
 4.1145626e-001
 4.1227880e-001
 4.1323319e-001
 4.1424164e-001
 4.1500312e-001
 4.1478086e-001
 4.1372618e-001
 4.1250831e-001
 4.1092327e-001
 4.0844786e-001
 4.0605345e-001
 4.0467691e-001
 4.0492958e-001
 4.0675041e-001
 4.0945870e-001
 4.1123137e-001
 4.1139916e-001
 4.1093805e-001
 4.1027081e-001
 4.0873086e-001
 4.0662098e-001
 4.0439442e-001
 3.9900717e-001
 3.9555418e-001
 3.9531842e-001
 3.9642367e-001
 3.9661881e-001
 3.9636996e-001
 3.9567885e-001
 3.9390224e-001
 3.9160046e-001
 3.8894972e-001
 3.8613307e-001
 3.8184336e-001
 3.7457448e-001
 3.5971719e-001
 3.4333441e-001
 3.4036496e-001
 3.3200806e-001
 3.1607929e-001
 2.9434851e-001
 2.6724753e-001
 2.5925291e-001
 2.5252035e-001
 2.7239612e-001
 2.9848665e-001
 3.0994853e-001
 3.1326324e-001
 3.1007928e-001
 2.9415077e-001
 2.8009316e-001
 2.9392660e-001
 3.1200764e-001
 3.1837809e-001
 3.2255039e-001
 3.2149655e-001
 3.1814161e-001
 3.1428888e-001
 3.1159657e-001
 3.1061482e-001
 3.1115836e-001
 3.1190288e-001
 3.1331468e-001
