s07_AV97 Record=2772: Pyroxmangite HS325.3B        NIC4bb RREF
-1.2300000e+034
-1.2300000e+034
-1.2300000e+034
-1.2300000e+034
-1.2300000e+034
-1.2300000e+034
-1.2300000e+034
-1.2300000e+034
-1.2300000e+034
-1.2300000e+034
-1.2300000e+034
-1.2300000e+034
-1.2300000e+034
-1.2300000e+034
-1.2300000e+034
-1.2300000e+034
-1.2300000e+034
-1.2300000e+034
-1.2300000e+034
-1.2300000e+034
-1.2300000e+034
-1.2300000e+034
-1.2300000e+034
-1.2300000e+034
-1.2300000e+034
-1.2300000e+034
-1.2300000e+034
-1.2300000e+034
-1.2300000e+034
-1.2300000e+034
-1.2300000e+034
-1.2300000e+034
-1.2300000e+034
-1.2300000e+034
-1.2300000e+034
-1.2300000e+034
-1.2300000e+034
-1.2300000e+034
-1.2300000e+034
-1.2300000e+034
-1.2300000e+034
-1.2300000e+034
-1.2300000e+034
-1.2300000e+034
-1.2300000e+034
-1.2300000e+034
-1.2300000e+034
-1.2300000e+034
-1.2300000e+034
-1.2300000e+034
-1.2300000e+034
-1.2300000e+034
-1.2300000e+034
-1.2300000e+034
-1.2300000e+034
-1.2300000e+034
-1.2300000e+034
-1.2300000e+034
-1.2300000e+034
-1.2300000e+034
-1.2300000e+034
-1.2300000e+034
-1.2300000e+034
-1.2300000e+034
-1.2300000e+034
-1.2300000e+034
-1.2300000e+034
-1.2300000e+034
-1.2300000e+034
-1.2300000e+034
-1.2300000e+034
-1.2300000e+034
-1.2300000e+034
-1.2300000e+034
-1.2300000e+034
-1.2300000e+034
-1.2300000e+034
-1.2300000e+034
-1.2300000e+034
-1.2300000e+034
-1.2300000e+034
-1.2300000e+034
-1.2300000e+034
-1.2300000e+034
-1.2300000e+034
-1.2300000e+034
-1.2300000e+034
-1.2300000e+034
-1.2300000e+034
-1.2300000e+034
-1.2300000e+034
-1.2300000e+034
-1.2300000e+034
-1.2300000e+034
-1.2300000e+034
-1.2300000e+034
-1.2300000e+034
-1.2300000e+034
-1.2300000e+034
-1.2300000e+034
-1.2300000e+034
-1.2300000e+034
-1.2300000e+034
-1.2300000e+034
-1.2300000e+034
-1.2300000e+034
-1.2300000e+034
-1.2300000e+034
-1.2300000e+034
-1.2300000e+034
-1.2300000e+034
-1.2300000e+034
-1.2300000e+034
-1.2300000e+034
-1.2300000e+034
-1.2300000e+034
-1.2300000e+034
-1.2300000e+034
-1.2300000e+034
-1.2300000e+034
-1.2300000e+034
-1.2300000e+034
-1.2300000e+034
-1.2300000e+034
-1.2300000e+034
-1.2300000e+034
-1.2300000e+034
-1.2300000e+034
-1.2300000e+034
-1.2300000e+034
-1.2300000e+034
-1.2300000e+034
 6.0131645e-001
 6.0472977e-001
 6.0762691e-001
 6.1006963e-001
 6.1230946e-001
 6.1438245e-001
 6.1696601e-001
 6.1937797e-001
 6.2120962e-001
 6.2206286e-001
 6.2275207e-001
 6.2342578e-001
 6.2400776e-001
 6.2481660e-001
 6.2574708e-001
 6.2635404e-001
 6.2665218e-001
 6.2654334e-001
 6.2610918e-001
 6.2586987e-001
 6.2564641e-001
 6.2582695e-001
 6.2589568e-001
 6.2591738e-001
 6.2552798e-001
 6.2406540e-001
 6.2108839e-001
 6.1583769e-001
 6.1787331e-001
 6.1000395e-001
 5.9981084e-001
 5.9166092e-001
 5.8717352e-001
 5.8518958e-001
 5.8473426e-001
 5.8519030e-001
 5.8741337e-001
 5.9050673e-001
 5.9306723e-001
 5.9501392e-001
 5.9668785e-001
 5.9849101e-001
 6.0055554e-001
 6.0293609e-001
 6.0502911e-001
 6.0679072e-001
 6.0817510e-001
 6.0884005e-001
 6.0916358e-001
 6.0944873e-001
 6.0933793e-001
 6.0891986e-001
 6.0884786e-001
 6.0956353e-001
 6.1026716e-001
 6.1067194e-001
 6.1088538e-001
 6.1090112e-001
 6.1040217e-001
 6.0995281e-001
 6.0895252e-001
 6.0785908e-001
 6.0696459e-001
 6.0609734e-001
 6.0498136e-001
 6.0335016e-001
 6.0131478e-001
 5.9964091e-001
 5.9944212e-001
 5.9853899e-001
 5.9507507e-001
 5.9041083e-001
 5.8645427e-001
 5.8225888e-001
 5.7738262e-001
 5.7329136e-001
 5.7567686e-001
 5.7823455e-001
 5.7833898e-001
 5.7828766e-001
 5.7917863e-001
 5.7956773e-001
 5.7802081e-001
 5.7517129e-001
 5.7161289e-001
 5.6866330e-001
 5.6670976e-001
 5.6467056e-001
 5.6152636e-001
 5.5677605e-001
 5.5195260e-001
 5.4849845e-001
