s07_AV97 Record=1297: Glaucophane HS426.3B        NIC4ccc RREF
-1.2300000e+034
-1.2300000e+034
-1.2300000e+034
-1.2300000e+034
-1.2300000e+034
-1.2300000e+034
-1.2300000e+034
-1.2300000e+034
-1.2300000e+034
-1.2300000e+034
-1.2300000e+034
-1.2300000e+034
-1.2300000e+034
-1.2300000e+034
-1.2300000e+034
-1.2300000e+034
-1.2300000e+034
-1.2300000e+034
-1.2300000e+034
-1.2300000e+034
-1.2300000e+034
-1.2300000e+034
-1.2300000e+034
-1.2300000e+034
-1.2300000e+034
-1.2300000e+034
-1.2300000e+034
-1.2300000e+034
-1.2300000e+034
-1.2300000e+034
-1.2300000e+034
-1.2300000e+034
-1.2300000e+034
-1.2300000e+034
-1.2300000e+034
-1.2300000e+034
-1.2300000e+034
-1.2300000e+034
-1.2300000e+034
-1.2300000e+034
-1.2300000e+034
-1.2300000e+034
-1.2300000e+034
-1.2300000e+034
-1.2300000e+034
-1.2300000e+034
-1.2300000e+034
-1.2300000e+034
-1.2300000e+034
-1.2300000e+034
-1.2300000e+034
-1.2300000e+034
-1.2300000e+034
-1.2300000e+034
-1.2300000e+034
-1.2300000e+034
-1.2300000e+034
-1.2300000e+034
-1.2300000e+034
-1.2300000e+034
-1.2300000e+034
-1.2300000e+034
-1.2300000e+034
-1.2300000e+034
-1.2300000e+034
-1.2300000e+034
-1.2300000e+034
-1.2300000e+034
-1.2300000e+034
-1.2300000e+034
-1.2300000e+034
-1.2300000e+034
-1.2300000e+034
-1.2300000e+034
-1.2300000e+034
-1.2300000e+034
-1.2300000e+034
-1.2300000e+034
-1.2300000e+034
-1.2300000e+034
-1.2300000e+034
-1.2300000e+034
-1.2300000e+034
-1.2300000e+034
-1.2300000e+034
-1.2300000e+034
-1.2300000e+034
-1.2300000e+034
-1.2300000e+034
-1.2300000e+034
-1.2300000e+034
-1.2300000e+034
-1.2300000e+034
-1.2300000e+034
-1.2300000e+034
-1.2300000e+034
-1.2300000e+034
-1.2300000e+034
-1.2300000e+034
-1.2300000e+034
-1.2300000e+034
-1.2300000e+034
-1.2300000e+034
-1.2300000e+034
-1.2300000e+034
-1.2300000e+034
-1.2300000e+034
-1.2300000e+034
-1.2300000e+034
-1.2300000e+034
-1.2300000e+034
-1.2300000e+034
-1.2300000e+034
-1.2300000e+034
-1.2300000e+034
-1.2300000e+034
-1.2300000e+034
-1.2300000e+034
-1.2300000e+034
-1.2300000e+034
-1.2300000e+034
-1.2300000e+034
-1.2300000e+034
-1.2300000e+034
-1.2300000e+034
-1.2300000e+034
-1.2300000e+034
-1.2300000e+034
-1.2300000e+034
-1.2300000e+034
-1.2300000e+034
 3.2637128e-001
 3.3392638e-001
 3.4186986e-001
 3.4919462e-001
 3.5525426e-001
 3.6109015e-001
 3.6676028e-001
 3.7206817e-001
 3.7711406e-001
 3.8169608e-001
 3.8555285e-001
 3.8981929e-001
 3.9377853e-001
 3.9778486e-001
 4.0164408e-001
 4.0523043e-001
 4.0878409e-001
 4.1154444e-001
 4.1395658e-001
 4.1619402e-001
 4.1858533e-001
 4.2097825e-001
 4.2330515e-001
 4.2545652e-001
 4.2700148e-001
 4.2772594e-001
 4.2776921e-001
 4.2695034e-001
 4.2446485e-001
 4.2549071e-001
 4.2186341e-001
 4.1921350e-001
 4.1588989e-001
 4.1170472e-001
 4.0797737e-001
 4.0577218e-001
 4.0580562e-001
 4.0750307e-001
 4.0960336e-001
 4.1136026e-001
 4.1222772e-001
 4.1315612e-001
 4.1484874e-001
 4.1772574e-001
 4.2103216e-001
 4.2382836e-001
 4.2559457e-001
 4.2709967e-001
 4.2857519e-001
 4.2903882e-001
 4.2870426e-001
 4.2726323e-001
 4.2469370e-001
 4.2233819e-001
 4.2086071e-001
 4.1989636e-001
 4.1671702e-001
 4.1049591e-001
 4.0407991e-001
 3.9932662e-001
 3.9546952e-001
 3.9072457e-001
 3.8653907e-001
 3.7993965e-001
 3.6905521e-001
 3.5377276e-001
 3.3620626e-001
 3.2302755e-001
 3.1113762e-001
 2.9192203e-001
 2.6846075e-001
 2.3531629e-001
 2.0873424e-001
 2.0126267e-001
 2.1195014e-001
 2.3877327e-001
 2.6751244e-001
 2.8149629e-001
 2.8187439e-001
 2.7511385e-001
 2.7036381e-001
 2.7669686e-001
 2.8958988e-001
 3.0005839e-001
 3.0557352e-001
 3.0624142e-001
 3.0165821e-001
 2.9356492e-001
 2.8564560e-001
 2.8016701e-001
 2.7705878e-001
 2.7480558e-001
 2.7305654e-001
