s07_AV97 Record=2314: Nacrite GDS88                 BECKc AREF
 6.3132560e-001
 6.7440093e-001
 7.0536476e-001
 7.1873152e-001
 7.2635716e-001
 7.3260880e-001
 7.3986053e-001
 7.4839514e-001
 7.5764483e-001
 7.6556391e-001
 7.7039313e-001
 7.7501976e-001
 7.7921045e-001
 7.8323996e-001
 7.8792000e-001
 7.9206443e-001
 7.9470253e-001
 7.9718125e-001
 7.9847842e-001
 7.9765600e-001
 7.9715222e-001
 7.9832500e-001
 7.9956228e-001
 7.9920614e-001
 8.0002308e-001
 8.0142587e-001
 8.0449235e-001
 8.0669212e-001
 8.0965596e-001
 8.1301862e-001
 8.1572104e-001
 8.1819826e-001
 8.1538624e-001
 8.1764746e-001
 8.2005763e-001
 8.2356256e-001
 8.2592058e-001
 8.2864457e-001
 8.3026958e-001
 8.3235204e-001
 8.3416879e-001
 8.3615071e-001
 8.3818024e-001
 8.3962572e-001
 8.4166962e-001
 8.4325552e-001
 8.4323126e-001
 8.4474069e-001
 8.4443927e-001
 8.4620667e-001
 8.4715152e-001
 8.4822994e-001
 8.5006297e-001
 8.4786016e-001
 8.4624922e-001
 8.4777224e-001
 8.4961021e-001
 8.4791672e-001
 8.4561396e-001
 8.4658694e-001
 8.4456533e-001
 8.3662766e-001
 8.3471853e-001
 8.3066094e-001
 8.3275181e-001
 8.4379262e-001
 8.4697658e-001
 8.4891146e-001
 8.4791052e-001
 8.4695929e-001
 8.4778100e-001
 8.4758204e-001
 8.4843069e-001
 8.4712601e-001
 8.4598845e-001
 8.4533077e-001
 8.4592390e-001
 8.4495175e-001
 8.4482789e-001
 8.4299189e-001
 8.4333169e-001
 8.4301299e-001
 8.4208262e-001
 8.4006155e-001
 8.3938247e-001
 8.3875889e-001
 8.3873469e-001
 8.3811325e-001
 8.3570600e-001
 8.3366311e-001
 8.3073562e-001
 8.2650822e-001
 8.2060248e-001
 8.2047462e-001
 8.2115114e-001
 8.2250452e-001
 8.2096159e-001
 8.2205969e-001
 8.2036358e-001
 8.1298238e-001
 8.0214268e-001
 7.8480697e-001
 7.8098154e-001
 7.8003520e-001
 7.7810287e-001
 7.7065861e-001
 7.5089151e-001
 7.2049606e-001
 6.6964787e-001
 5.8727241e-001
 6.5891498e-001
 6.6521496e-001
 5.3940088e-001
 6.4167690e-001
 7.6281351e-001
 7.9161143e-001
 8.0365825e-001
 8.1053460e-001
 8.1247896e-001
 8.1451035e-001
 8.1580496e-001
 8.1577384e-001
 8.1660098e-001
 8.1820375e-001
 8.1891936e-001
 8.1739074e-001
 8.1686473e-001
 8.1851596e-001
 8.1692529e-001
 8.1672233e-001
 8.1751502e-001
 8.1574780e-001
 8.1573069e-001
 8.1516933e-001
 8.1537807e-001
 8.1356204e-001
 8.1303245e-001
 8.1299776e-001
 8.1140149e-001
 8.0898345e-001
 8.1242722e-001
 8.0971414e-001
 8.0815530e-001
 8.0607283e-001
 8.0239880e-001
 7.9753500e-001
 7.9802090e-001
 7.9612571e-001
 7.8763777e-001
 7.8126740e-001
 7.7481592e-001
 7.7174538e-001
 7.6967233e-001
 7.6657802e-001
 7.6484716e-001
 7.6835960e-001
 7.7845639e-001
 7.8222293e-001
 7.7981198e-001
 7.7555150e-001
 7.7726811e-001
 7.6934707e-001
 7.5492030e-001
 7.4332827e-001
 7.4032271e-001
 7.3818594e-001
 7.3655897e-001
 7.3638970e-001
 7.3940265e-001
 7.4206752e-001
 7.4256170e-001
 7.4249709e-001
 7.4097633e-001
 7.4194163e-001
 7.4027568e-001
 7.3489070e-001
 7.3049295e-001
 7.2294325e-001
 7.1488059e-001
 7.0871723e-001
 6.9845212e-001
 6.8561882e-001
 6.7603427e-001
 6.5908808e-001
 6.5215790e-001
 6.4613271e-001
 6.0745001e-001
 5.6493461e-001
 5.3056014e-001
 4.7390667e-001
 4.1442212e-001
 4.3280524e-001
 4.3070656e-001
 4.0335187e-001
 5.1811391e-001
 5.8725327e-001
 6.0800081e-001
 5.9890044e-001
 5.7946205e-001
 5.8725613e-001
 5.8046865e-001
 5.5621403e-001
 5.2121997e-001
 5.1009798e-001
 5.1026046e-001
 5.1372504e-001
 5.0202435e-001
 4.6947393e-001
 4.5788574e-001
 4.5917392e-001
 4.3580386e-001
 4.2184889e-001
 4.3761134e-001
 4.5241177e-001
 4.5473659e-001
 4.4705400e-001
 4.3582827e-001
 4.2769432e-001
 4.2273358e-001
 4.1629571e-001
 4.0632758e-001
 3.9397141e-001
 3.8112834e-001
 3.6933091e-001
