s07_AV97 Record=2026: Meionite WS701                BECKb AREF
 5.7041544e-001
 5.7647538e-001
 5.8028746e-001
 5.8577472e-001
 5.9225988e-001
 6.0364234e-001
 6.1823332e-001
 6.3528514e-001
 6.4842576e-001
 6.6067326e-001
 6.6729105e-001
 6.7271423e-001
 6.7727351e-001
 6.8270367e-001
 6.8747199e-001
 6.9327599e-001
 6.9708627e-001
 7.0031148e-001
 7.0340538e-001
 7.0540345e-001
 7.0686811e-001
 7.0862591e-001
 7.1029776e-001
 7.1239465e-001
 7.1262354e-001
 7.1586370e-001
 7.1599030e-001
 7.1612793e-001
 7.1776450e-001
 7.1991688e-001
 7.2123688e-001
 7.2171265e-001
 7.2134763e-001
 7.2121847e-001
 7.2273439e-001
 7.2334009e-001
 7.2437084e-001
 7.2576791e-001
 7.2725558e-001
 7.2995937e-001
 7.3049057e-001
 7.3052633e-001
 7.3257124e-001
 7.3421645e-001
 7.3309445e-001
 7.3501831e-001
 7.3517919e-001
 7.3816258e-001
 7.3745203e-001
 7.3406672e-001
 7.3406416e-001
 7.3368514e-001
 7.3574769e-001
 7.3742521e-001
 7.3370904e-001
 7.3007822e-001
 7.3273396e-001
 7.3104566e-001
 7.3121965e-001
 7.3613757e-001
 7.3380727e-001
 7.3219693e-001
 7.2929239e-001
 7.3347181e-001
 7.3208576e-001
 7.3484534e-001
 7.3306823e-001
 7.3320609e-001
 7.3427206e-001
 7.3438585e-001
 7.3717582e-001
 7.3576885e-001
 7.4028379e-001
 7.4017686e-001
 7.4073714e-001
 7.3988295e-001
 7.4069673e-001
 7.4288452e-001
 7.4355924e-001
 7.4448478e-001
 7.4460834e-001
 7.4790186e-001
 7.4929863e-001
 7.4895132e-001
 7.4974746e-001
 7.4951452e-001
 7.5348240e-001
 7.5448412e-001
 7.5557923e-001
 7.5734508e-001
 7.5895530e-001
 7.6042277e-001
 7.6283443e-001
 7.6399648e-001
 7.6375729e-001
 7.6574755e-001
 7.6332110e-001
 7.6429218e-001
 7.6844460e-001
 7.6612526e-001
 7.6688147e-001
 7.6914477e-001
 7.6804268e-001
 7.7057964e-001
 7.6995307e-001
 7.7044958e-001
 7.7102309e-001
 7.7095103e-001
 7.7476192e-001
 7.7231151e-001
 7.6688039e-001
 7.5999695e-001
 7.5689739e-001
 7.6135343e-001
 7.6671606e-001
 7.6768452e-001
 7.7018881e-001
 7.6405168e-001
 7.5497961e-001
 7.6721346e-001
 7.7442396e-001
 7.7788883e-001
 7.7873552e-001
 7.8054762e-001
 7.8073841e-001
 7.8585321e-001
 7.8356898e-001
 7.8633660e-001
 7.8711665e-001
 7.8595197e-001
 7.8542525e-001
 7.8657544e-001
 7.8841799e-001
 7.8430796e-001
 7.8520834e-001
 7.8773773e-001
 7.8656101e-001
 7.8600591e-001
 7.8824717e-001
 7.8534210e-001
 7.8429002e-001
 7.8735942e-001
 7.8590029e-001
 7.8376466e-001
 7.8370851e-001
 7.8445184e-001
 7.8794801e-001
 7.8115249e-001
 7.8460932e-001
 7.8559673e-001
 7.8662658e-001
 7.8404993e-001
 7.8061634e-001
 7.7774775e-001
 7.8177571e-001
 7.8020155e-001
 7.7880591e-001
 7.7786374e-001
 7.7647513e-001
 7.6485986e-001
 7.6959407e-001
 7.6275748e-001
 7.6245654e-001
 7.3909032e-001
 7.2908020e-001
 7.4150860e-001
 7.4698746e-001
 7.4882358e-001
 7.4679649e-001
 7.5494069e-001
 7.5704145e-001
 7.5760990e-001
 7.6247478e-001
 7.6332361e-001
 7.6182723e-001
 7.6580900e-001
 7.6603407e-001
 7.7044642e-001
 7.7295434e-001
 7.7236468e-001
 7.7086043e-001
 7.7122939e-001
 7.7069062e-001
 7.6515681e-001
 7.5878942e-001
 7.5786060e-001
 7.5782913e-001
 7.5435787e-001
 7.5440335e-001
 7.4895602e-001
 7.4428254e-001
 7.3831785e-001
 7.3707682e-001
 7.3416060e-001
 7.3377812e-001
 7.2434050e-001
 7.1909887e-001
 7.2298491e-001
 7.2134000e-001
 7.2456151e-001
 7.2374922e-001
 7.1256173e-001
 7.1958959e-001
 7.1813065e-001
 7.0029014e-001
 6.8915737e-001
 6.8375838e-001
 6.8410611e-001
 6.7813206e-001
 6.8873543e-001
 6.9462675e-001
 6.8567234e-001
 6.8267930e-001
 6.8131346e-001
 6.8102849e-001
 6.8394232e-001
 6.8620473e-001
 6.8313265e-001
 6.7704898e-001
 6.7084807e-001
 6.6835475e-001
 6.6848224e-001
 6.6927755e-001
 6.6921067e-001
