s07_AV97 Record=3713: Calcite.67+Epidote.33 GDS310 ASDFRa AREF
 2.3980349e-001
 2.4097501e-001
 2.4252333e-001
 2.4178308e-001
 2.4246281e-001
 2.4904221e-001
 2.6177365e-001
 2.7762660e-001
 2.8303269e-001
 2.7346218e-001
 2.7396885e-001
 2.7562955e-001
 2.9870617e-001
 3.3350429e-001
 3.6694434e-001
 3.9217123e-001
 4.0805385e-001
 4.1592517e-001
 4.1752744e-001
 4.1426879e-001
 4.0925187e-001
 4.0385097e-001
 3.9918017e-001
 3.9619467e-001
 3.9525884e-001
 3.9699095e-001
 4.0100464e-001
 4.0802324e-001
 4.1734159e-001
 4.2863569e-001
 4.4101885e-001
 4.5334128e-001
 4.3901926e-001
 4.5102283e-001
 4.6246380e-001
 4.7296932e-001
 4.8191512e-001
 4.8965892e-001
 4.9624884e-001
 5.0199109e-001
 5.0733942e-001
 5.1241702e-001
 5.1746207e-001
 5.2243674e-001
 5.2741259e-001
 5.3195536e-001
 5.3600699e-001
 5.3944087e-001
 5.4253846e-001
 5.4473829e-001
 5.4654253e-001
 5.4773927e-001
 5.4842675e-001
 5.4871684e-001
 5.4833692e-001
 5.4712939e-001
 5.4555100e-001
 5.4331195e-001
 5.4062563e-001
 5.3762555e-001
 5.3461552e-001
 5.3134930e-001
 5.2826428e-001
 5.2530229e-001
 5.2246583e-001
 5.1981115e-001
 5.1747620e-001
 5.1570165e-001
 5.1493686e-001
 5.1738149e-001
 5.1702124e-001
 5.1719826e-001
 5.1832557e-001
 5.2006245e-001
 5.2286530e-001
 5.2628475e-001
 5.3028280e-001
 5.3553247e-001
 5.4154545e-001
 5.4756582e-001
 5.5472457e-001
 5.6150860e-001
 5.6939864e-001
 5.7729214e-001
 5.8453304e-001
 5.9280509e-001
 6.0054481e-001
 6.0913467e-001
 6.1738521e-001
 6.2441754e-001
 6.3170320e-001
 6.3808662e-001
 6.4290667e-001
 6.4741862e-001
 6.5083492e-001
 6.5400934e-001
 6.4900893e-001
 6.5255052e-001
 6.5539831e-001
 6.5766013e-001
 6.5900367e-001
 6.6003710e-001
 6.6093427e-001
 6.6218483e-001
 6.6324520e-001
 6.6435158e-001
 6.6594911e-001
 6.6750211e-001
 6.6871488e-001
 6.6972268e-001
 6.7079395e-001
 6.7160374e-001
 6.7254579e-001
 6.7347932e-001
 6.7443848e-001
 6.7521447e-001
 6.7571133e-001
 6.7604667e-001
 6.7549932e-001
 6.7410779e-001
 6.7217648e-001
 6.6871500e-001
 6.6338974e-001
 6.5789038e-001
 6.5286011e-001
 6.5070635e-001
 6.5786231e-001
 6.6663492e-001
 6.7304075e-001
 6.7959064e-001
 6.8568820e-001
 6.9060910e-001
 6.9450235e-001
 6.9764501e-001
 7.0050097e-001
 7.0438433e-001
 7.0769536e-001
 7.1073455e-001
 7.1355426e-001
 7.1587199e-001
 7.1945167e-001
 7.2253686e-001
 7.2566515e-001
 7.2842610e-001
 7.3079216e-001
 7.3316330e-001
 7.3575068e-001
 7.3871702e-001
 7.4010515e-001
 7.4189240e-001
 7.4457073e-001
 7.4506992e-001
 7.4287486e-001
 7.3274803e-001
 7.2649479e-001
 7.3240227e-001
 7.3994642e-001
 7.4022639e-001
 7.3220617e-001
 7.3595744e-001
 7.3172057e-001
 7.4616003e-001
 7.5957596e-001
 7.6506513e-001
 7.6569682e-001
 7.6375872e-001
 7.5624841e-001
 7.4658805e-001
 7.4999857e-001
 7.5522101e-001
 7.5779271e-001
 7.5067425e-001
 7.4794495e-001
 7.6137012e-001
 7.7017570e-001
 7.7651644e-001
 7.8177720e-001
 7.8525394e-001
 7.8696412e-001
 7.8730780e-001
 7.8768778e-001
 7.8777450e-001
 7.8496850e-001
 7.7995020e-001
 7.7598643e-001
 7.7105999e-001
 7.6385468e-001
 7.5141466e-001
 7.4588150e-001
 7.4758679e-001
 7.4815190e-001
 7.4532855e-001
 7.3804498e-001
 7.2844589e-001
 7.1157998e-001
 6.8359089e-001
 6.3203400e-001
 5.7353067e-001
 5.5814004e-001
 5.7447296e-001
 5.6469971e-001
 5.3323054e-001
 4.9983343e-001
 4.5597428e-001
 4.0753344e-001
 3.5948128e-001
 3.3097586e-001
 3.6113086e-001
 4.5078811e-001
 5.4951471e-001
 6.1364204e-001
 6.5118617e-001
 6.6921967e-001
 6.8004656e-001
 6.8135339e-001
 6.7346030e-001
 6.5667516e-001
 6.3617760e-001
 6.0877937e-001
 5.7380402e-001
 5.3343791e-001
 5.0462669e-001
 4.8823959e-001
-1.2300000e+034
