s07_AV97 Record=2056: Microcline HS151.3B Feldspar ASDFRc AREF
 5.2102751e-001
 5.2223736e-001
 5.2723962e-001
 5.3134370e-001
 5.3590238e-001
 5.4098600e-001
 5.4659265e-001
 5.5295402e-001
 5.5959779e-001
 5.6572258e-001
 5.7126772e-001
 5.7613605e-001
 5.8091635e-001
 5.8579820e-001
 5.9063935e-001
 5.9546101e-001
 6.0072994e-001
 6.0749131e-001
 6.1712301e-001
 6.3076395e-001
 6.4812624e-001
 6.6627097e-001
 6.8141496e-001
 6.9174349e-001
 6.9917107e-001
 7.0412493e-001
 7.0840579e-001
 7.1214336e-001
 7.1533126e-001
 7.1866119e-001
 7.2195601e-001
 7.2533154e-001
 7.2141528e-001
 7.2469026e-001
 7.2796679e-001
 7.3137820e-001
 7.3426592e-001
 7.3707658e-001
 7.3960733e-001
 7.4185663e-001
 7.4379081e-001
 7.4538821e-001
 7.4670500e-001
 7.4770737e-001
 7.4847847e-001
 7.4907559e-001
 7.4956423e-001
 7.4993950e-001
 7.5019449e-001
 7.5052834e-001
 7.5108510e-001
 7.5163686e-001
 7.5243914e-001
 7.5321966e-001
 7.5422299e-001
 7.5536948e-001
 7.5645781e-001
 7.5770074e-001
 7.5896198e-001
 7.6035774e-001
 7.6156187e-001
 7.6299697e-001
 7.6420903e-001
 7.6545525e-001
 7.6655501e-001
 7.6774955e-001
 7.6893991e-001
 7.6982337e-001
 7.7050728e-001
 7.7162927e-001
 7.7223760e-001
 7.7176797e-001
 7.7165085e-001
 7.7202255e-001
 7.7184385e-001
 7.7201968e-001
 7.7203679e-001
 7.7258384e-001
 7.7248776e-001
 7.7260488e-001
 7.7253062e-001
 7.7271324e-001
 7.7265263e-001
 7.7268362e-001
 7.7284360e-001
 7.7284682e-001
 7.7288765e-001
 7.7305305e-001
 7.7366114e-001
 7.7350271e-001
 7.7453703e-001
 7.7491683e-001
 7.7555895e-001
 7.7613103e-001
 7.7679604e-001
 7.7693629e-001
 7.7626508e-001
 7.7684844e-001
 7.7684283e-001
 7.7730727e-001
 7.7773321e-001
 7.7791619e-001
 7.7789253e-001
 7.7832478e-001
 7.7827179e-001
 7.7809101e-001
 7.7779865e-001
 7.7806973e-001
 7.7778667e-001
 7.7681553e-001
 7.7350873e-001
 7.6817852e-001
 7.6499939e-001
 7.6662928e-001
 7.6767075e-001
 7.6830947e-001
 7.6954663e-001
 7.7080643e-001
 7.7223593e-001
 7.7410388e-001
 7.7637571e-001
 7.7817708e-001
 7.7992916e-001
 7.8176147e-001
 7.8293461e-001
 7.8451902e-001
 7.8569931e-001
 7.8677243e-001
 7.8790379e-001
 7.8876036e-001
 7.8946263e-001
 7.9036283e-001
 7.9088837e-001
 7.9153401e-001
 7.9264176e-001
 7.9324996e-001
 7.9410410e-001
 7.9437488e-001
 7.9491299e-001
 7.9571033e-001
 7.9650414e-001
 7.9726762e-001
 7.9785663e-001
 7.9798186e-001
 7.9784697e-001
 7.9764676e-001
 7.9732883e-001
 7.9728001e-001
 7.9706800e-001
 7.9776543e-001
 7.9766995e-001
 7.9819435e-001
 7.9859972e-001
 7.9861748e-001
 7.9790163e-001
 7.9808891e-001
 7.9812336e-001
 7.9690087e-001
 7.9284519e-001
 7.8511441e-001
 7.8893822e-001
 7.7737141e-001
 7.6066250e-001
 7.4630499e-001
 7.3822927e-001
 7.3557961e-001
 7.3666674e-001
 7.3924500e-001
 7.4279559e-001
 7.4736565e-001
 7.5258267e-001
 7.5848728e-001
 7.6385570e-001
 7.6905644e-001
 7.7408838e-001
 7.7961773e-001
 7.8323668e-001
 7.8653157e-001
 7.8952634e-001
 7.9178035e-001
 7.9462707e-001
 7.9616427e-001
 7.9767197e-001
 7.9869264e-001
 7.9984719e-001
 8.0033410e-001
 8.0077493e-001
 7.9960483e-001
 7.9902703e-001
 7.9814917e-001
 7.9456937e-001
 7.8794378e-001
 7.8611135e-001
 7.8953767e-001
 7.9294968e-001
 7.9484993e-001
 7.9503733e-001
 7.9687852e-001
 7.9838860e-001
 7.9791892e-001
 7.9819810e-001
 7.9771215e-001
 7.9606044e-001
 7.9431516e-001
 7.9312962e-001
 7.9202509e-001
 7.8978485e-001
 7.8671002e-001
 7.8597045e-001
 7.8563583e-001
 7.8358036e-001
 7.8217995e-001
 7.7903515e-001
 7.7470267e-001
 7.7176511e-001
 7.6522303e-001
 7.6162809e-001
 7.5890249e-001
 7.5193238e-001
 7.5042546e-001
 7.4714369e-001
 7.4085128e-001
 7.5066859e-001
-1.2300000e+034
