s07_AV97 Record=3323: Topaz Wigwam_Area_2_#12      NIC4bb RREF
-1.2300000e+034
-1.2300000e+034
-1.2300000e+034
-1.2300000e+034
-1.2300000e+034
-1.2300000e+034
-1.2300000e+034
-1.2300000e+034
-1.2300000e+034
-1.2300000e+034
-1.2300000e+034
-1.2300000e+034
-1.2300000e+034
-1.2300000e+034
-1.2300000e+034
-1.2300000e+034
-1.2300000e+034
-1.2300000e+034
-1.2300000e+034
-1.2300000e+034
-1.2300000e+034
-1.2300000e+034
-1.2300000e+034
-1.2300000e+034
-1.2300000e+034
-1.2300000e+034
-1.2300000e+034
-1.2300000e+034
-1.2300000e+034
-1.2300000e+034
-1.2300000e+034
-1.2300000e+034
-1.2300000e+034
-1.2300000e+034
-1.2300000e+034
-1.2300000e+034
-1.2300000e+034
-1.2300000e+034
-1.2300000e+034
-1.2300000e+034
-1.2300000e+034
-1.2300000e+034
-1.2300000e+034
-1.2300000e+034
-1.2300000e+034
-1.2300000e+034
-1.2300000e+034
-1.2300000e+034
-1.2300000e+034
-1.2300000e+034
-1.2300000e+034
-1.2300000e+034
-1.2300000e+034
-1.2300000e+034
-1.2300000e+034
-1.2300000e+034
-1.2300000e+034
-1.2300000e+034
-1.2300000e+034
-1.2300000e+034
-1.2300000e+034
-1.2300000e+034
-1.2300000e+034
-1.2300000e+034
-1.2300000e+034
-1.2300000e+034
-1.2300000e+034
-1.2300000e+034
-1.2300000e+034
-1.2300000e+034
-1.2300000e+034
-1.2300000e+034
-1.2300000e+034
-1.2300000e+034
-1.2300000e+034
-1.2300000e+034
-1.2300000e+034
-1.2300000e+034
-1.2300000e+034
-1.2300000e+034
-1.2300000e+034
-1.2300000e+034
-1.2300000e+034
-1.2300000e+034
-1.2300000e+034
-1.2300000e+034
-1.2300000e+034
-1.2300000e+034
-1.2300000e+034
-1.2300000e+034
-1.2300000e+034
-1.2300000e+034
-1.2300000e+034
-1.2300000e+034
-1.2300000e+034
-1.2300000e+034
-1.2300000e+034
-1.2300000e+034
-1.2300000e+034
-1.2300000e+034
-1.2300000e+034
-1.2300000e+034
-1.2300000e+034
-1.2300000e+034
-1.2300000e+034
-1.2300000e+034
-1.2300000e+034
-1.2300000e+034
-1.2300000e+034
 8.1831264e-001
 8.1278718e-001
 7.8587931e-001
 8.0273712e-001
 8.0611247e-001
 8.0364698e-001
 8.0128074e-001
 7.9890335e-001
 7.9658073e-001
 7.9503816e-001
 7.9477698e-001
 7.9522938e-001
 7.9599893e-001
 7.9655409e-001
 7.9706168e-001
 7.9807997e-001
 7.9995185e-001
 8.0219531e-001
 8.0463582e-001
 8.0662888e-001
 8.0797917e-001
 8.0943388e-001
 8.1154299e-001
 8.1402761e-001
 8.1693083e-001
 8.1961942e-001
 8.2166344e-001
 8.2317519e-001
 8.2478249e-001
 8.2631034e-001
 8.2628691e-001
 8.3028853e-001
 8.3299035e-001
 8.3430415e-001
 8.3519977e-001
 8.3667153e-001
 8.3836192e-001
 8.4006131e-001
 8.4192818e-001
 8.4373778e-001
 8.4526318e-001
 8.4605289e-001
 8.4696269e-001
 8.4789443e-001
 8.4904188e-001
 8.5049051e-001
 8.5215402e-001
 8.5329306e-001
 8.5383368e-001
 8.5469151e-001
 8.5386676e-001
 8.5417062e-001
 8.5357064e-001
 8.5348004e-001
 8.5343510e-001
 8.5376298e-001
 8.5424256e-001
 8.5510868e-001
 8.5577887e-001
 8.5617524e-001
 8.5631597e-001
 8.5661477e-001
 8.5668743e-001
 8.5655147e-001
 8.5676491e-001
 8.5753715e-001
 8.5812932e-001
 8.5810155e-001
 8.5641605e-001
 8.5057247e-001
 8.2220918e-001
 7.1480119e-001
 7.4522310e-001
 8.2674861e-001
 8.4469825e-001
 8.4909892e-001
 8.4642619e-001
 8.3563632e-001
 8.2788843e-001
 8.3086312e-001
 8.3690310e-001
 8.4034687e-001
 8.4322637e-001
 8.4083468e-001
 8.3888644e-001
 8.4301013e-001
 8.4884679e-001
 8.4934503e-001
 8.4739709e-001
 8.3778107e-001
 8.4072328e-001
 8.4486181e-001
 8.4240735e-001
 8.3619684e-001
 8.3203882e-001
 8.2796377e-001
 8.2365668e-001
 8.2216644e-001
 8.2212114e-001
 8.2086253e-001
 8.1677723e-001
 8.1482583e-001
 8.1353736e-001
 8.0977046e-001
 8.0518889e-001
 7.9756939e-001
 7.9562879e-001
 7.9648602e-001
 7.9205686e-001
 7.8104138e-001
 7.6907575e-001
 7.6487184e-001
 7.5534552e-001
 7.3558068e-001
 7.2232234e-001
