s07_AV97 Record=1033: Dickite NMNH106242           ASDNGb AREF
 4.7965088e-001
 5.1633888e-001
 5.5338037e-001
 5.8825928e-001
 6.1706179e-001
 6.3873392e-001
 6.5243387e-001
 6.6471159e-001
 6.8204081e-001
 6.9759423e-001
 7.1060246e-001
 7.2256589e-001
 7.3403847e-001
 7.4502033e-001
 7.5539690e-001
 7.6499313e-001
 7.7372378e-001
 7.8156728e-001
 7.8873158e-001
 7.9521728e-001
 8.0077928e-001
 8.0549794e-001
 8.1017566e-001
 8.1442392e-001
 8.1801033e-001
 8.2132751e-001
 8.2435256e-001
 8.2706374e-001
 8.2952899e-001
 8.3172816e-001
 8.3386147e-001
 8.3579504e-001
 8.3353204e-001
 8.3544952e-001
 8.3712816e-001
 8.3866632e-001
 8.3980632e-001
 8.4057510e-001
 8.4110814e-001
 8.4163719e-001
 8.4125322e-001
 8.4254169e-001
 8.4423327e-001
 8.4505498e-001
 8.4536701e-001
 8.4548831e-001
 8.4556973e-001
 8.4579730e-001
 8.4606016e-001
 8.4640467e-001
 8.4669411e-001
 8.4696764e-001
 8.4722543e-001
 8.4715599e-001
 8.4716189e-001
 8.4685600e-001
 8.4676594e-001
 8.4471780e-001
 8.4103709e-001
 8.4083217e-001
 8.3587277e-001
 8.2105589e-001
 8.2836384e-001
 8.1866461e-001
 8.1780320e-001
 8.4666222e-001
 8.5556155e-001
 8.5844892e-001
 8.5978884e-001
 8.6075389e-001
 8.6158961e-001
 8.6231178e-001
 8.6296266e-001
 8.6353248e-001
 8.6399728e-001
 8.6434191e-001
 8.6459309e-001
 8.6456186e-001
 8.6417645e-001
 8.6402345e-001
 8.6499566e-001
 8.6584371e-001
 8.6594957e-001
 8.6534750e-001
 8.6478913e-001
 8.6421752e-001
 8.6340719e-001
 8.6152375e-001
 8.5844463e-001
 8.5376227e-001
 8.4593445e-001
 8.3457589e-001
 8.2003379e-001
 8.1947178e-001
 8.2805210e-001
 8.3029604e-001
 8.2325250e-001
 8.3091342e-001
 8.2606065e-001
 8.1149721e-001
 7.8633952e-001
 7.5729656e-001
 7.5229198e-001
 7.4644846e-001
 7.4119020e-001
 7.2356462e-001
 6.7974675e-001
 6.3828659e-001
 5.4702926e-001
 4.7423756e-001
 5.9197783e-001
 5.7324272e-001
 4.1336071e-001
 5.9334385e-001
 7.5533843e-001
 8.0243510e-001
 8.2643867e-001
 8.4397286e-001
 8.5132575e-001
 8.5510528e-001
 8.5779876e-001
 8.6031222e-001
 8.6203718e-001
 8.6258990e-001
 8.6194569e-001
 8.6104602e-001
 8.6060977e-001
 8.6055875e-001
 8.6171591e-001
 8.6313432e-001
 8.6455154e-001
 8.6499971e-001
 8.6444360e-001
 8.6303723e-001
 8.6180305e-001
 8.6046344e-001
 8.5947698e-001
 8.5837018e-001
 8.5721439e-001
 8.5569912e-001
 8.5349113e-001
 8.5063773e-001
 8.4745789e-001
 8.4381849e-001
 8.3717149e-001
 8.2977486e-001
 8.2482511e-001
 8.1871873e-001
 8.0675381e-001
 7.8937793e-001
 7.6739532e-001
 7.5489753e-001
 7.5775713e-001
 7.5467533e-001
 7.5575358e-001
 7.6476264e-001
 7.8818631e-001
 7.9813969e-001
 7.9886627e-001
 7.9232347e-001
 7.9462761e-001
 7.8743911e-001
 7.7778810e-001
 7.6531309e-001
 7.5408834e-001
 7.4434304e-001
 7.3556906e-001
 7.2957516e-001
 7.2765517e-001
 7.2804499e-001
 7.2603476e-001
 7.2186345e-001
 7.1614683e-001
 7.1165264e-001
 7.0402128e-001
 6.9305271e-001
 6.8060184e-001
 6.6357464e-001
 6.4420950e-001
 6.3350117e-001
 6.1599916e-001
 5.9963650e-001
 5.8701450e-001
 5.5779850e-001
 5.5061489e-001
 5.3217220e-001
 4.7985736e-001
 4.3533319e-001
 3.7738389e-001
 2.9753518e-001
 2.6737970e-001
 3.1516925e-001
 3.1888548e-001
 2.5178662e-001
 3.6720061e-001
 4.6019131e-001
 4.8696050e-001
 4.6628943e-001
 4.4471142e-001
 4.4632015e-001
 4.3270114e-001
 3.9745831e-001
 3.6356023e-001
 3.5597834e-001
 3.6317903e-001
 3.6332539e-001
 3.5620221e-001
 3.2923496e-001
 3.2022524e-001
 3.1647715e-001
 2.8821179e-001
 2.8564954e-001
 3.0826172e-001
 3.2315126e-001
 3.2340491e-001
 3.1430116e-001
 2.9369169e-001
 2.8691304e-001
 2.8694147e-001
 2.8167161e-001
 2.6823199e-001
 2.5188249e-001
 2.5444594e-001
-1.2300000e+034
