s07_AV97 Record=3694: Calcite.5+Dolomite.5 AMX8    ASDNGb AREF
 7.4007642e-001
 7.4542755e-001
 7.5102580e-001
 7.5668275e-001
 7.6211560e-001
 7.6743668e-001
 7.7254850e-001
 7.7730000e-001
 7.8133827e-001
 7.8462493e-001
 7.8710866e-001
 7.8906769e-001
 7.9072607e-001
 7.9223049e-001
 7.9361141e-001
 7.9488677e-001
 7.9608303e-001
 7.9726148e-001
 7.9835063e-001
 7.9932648e-001
 8.0018175e-001
 8.0073911e-001
 8.0139768e-001
 8.0195349e-001
 8.0247873e-001
 8.0293423e-001
 8.0333853e-001
 8.0371565e-001
 8.0410814e-001
 8.0449998e-001
 8.0479652e-001
 8.0503595e-001
 8.0475944e-001
 8.0499822e-001
 8.0520642e-001
 8.0549413e-001
 8.0570048e-001
 8.0584419e-001
 8.0592430e-001
 8.0596805e-001
 8.0596036e-001
 8.0607063e-001
 8.0615962e-001
 8.0615395e-001
 8.0601138e-001
 8.0583763e-001
 8.0555528e-001
 8.0539739e-001
 8.0518019e-001
 8.0494148e-001
 8.0456531e-001
 8.0414867e-001
 8.0361694e-001
 8.0313730e-001
 8.0259049e-001
 8.0195957e-001
 8.0131119e-001
 8.0069375e-001
 7.9998094e-001
 7.9925746e-001
 7.9846704e-001
 7.9771608e-001
 7.9701746e-001
 7.9641873e-001
 7.9582989e-001
 7.9529059e-001
 7.9488504e-001
 7.9465747e-001
 7.9441553e-001
 7.9420805e-001
 7.9400659e-001
 7.9381704e-001
 7.9383051e-001
 7.9392326e-001
 7.9412842e-001
 7.9437578e-001
 7.9460335e-001
 7.9497868e-001
 7.9527104e-001
 7.9551083e-001
 7.9576105e-001
 7.9592788e-001
 7.9597032e-001
 7.9593468e-001
 7.9584849e-001
 7.9561943e-001
 7.9544747e-001
 7.9537231e-001
 7.9511809e-001
 7.9507679e-001
 7.9510140e-001
 7.9525810e-001
 7.9526538e-001
 7.9522264e-001
 7.9520154e-001
 7.9512852e-001
 7.9522133e-001
 7.9516608e-001
 7.9510242e-001
 7.9504693e-001
 7.9507935e-001
 7.9521990e-001
 7.9533696e-001
 7.9538232e-001
 7.9534471e-001
 7.9543108e-001
 7.9570633e-001
 7.9602438e-001
 7.9565972e-001
 7.9527462e-001
 7.9479718e-001
 7.9443848e-001
 7.9422975e-001
 7.9480606e-001
 7.9559731e-001
 7.9621929e-001
 7.9646164e-001
 7.9677784e-001
 7.9713577e-001
 7.9769987e-001
 7.9848295e-001
 7.9914647e-001
 7.9964650e-001
 8.0005533e-001
 8.0017179e-001
 8.0017710e-001
 8.0016893e-001
 7.9986602e-001
 8.0066532e-001
 8.0151302e-001
 8.0194700e-001
 8.0210781e-001
 8.0186182e-001
 8.0168825e-001
 8.0145252e-001
 8.0100918e-001
 8.0073202e-001
 8.0115819e-001
 8.0118531e-001
 8.0093330e-001
 8.0021536e-001
 7.9907733e-001
 7.9787362e-001
 7.9692584e-001
 7.9595220e-001
 7.9502916e-001
 7.9475218e-001
 7.9565531e-001
 7.9785615e-001
 7.9860461e-001
 7.9805833e-001
 7.9680073e-001
 7.9484206e-001
 7.9187536e-001
 7.8816676e-001
 7.8343064e-001
 7.7850407e-001
 7.7381325e-001
 7.7137649e-001
 7.7587372e-001
 7.7333403e-001
 7.8219515e-001
 7.8527349e-001
 7.8397173e-001
 7.8261149e-001
 7.8118920e-001
 7.7895802e-001
 7.7627784e-001
 7.7222317e-001
 7.6746255e-001
 7.6392269e-001
 7.6183248e-001
 7.6407135e-001
 7.7545565e-001
 7.8413928e-001
 7.8933185e-001
 7.9270822e-001
 7.9501569e-001
 7.9611689e-001
 7.9613793e-001
 7.9557472e-001
 7.9411858e-001
 7.9204714e-001
 7.8816068e-001
 7.8380233e-001
 7.7846062e-001
 7.7218312e-001
 7.6664042e-001
 7.6640725e-001
 7.6895243e-001
 7.7129138e-001
 7.6990980e-001
 7.6447505e-001
 7.5644433e-001
 7.4657869e-001
 7.3573345e-001
 7.2139913e-001
 7.0239514e-001
 6.7932183e-001
 6.5839803e-001
 6.4185256e-001
 6.2417603e-001
 6.0770696e-001
 5.9490544e-001
 5.8320773e-001
 5.7717818e-001
 5.9509009e-001
 6.3853544e-001
 6.8721455e-001
 7.2105390e-001
 7.3288435e-001
 7.3245090e-001
 7.2507238e-001
 7.1677673e-001
 7.0477313e-001
 6.7997265e-001
 6.5294629e-001
 6.2191111e-001
 5.9510791e-001
 5.7285118e-001
 5.5094159e-001
 5.2676660e-001
 5.0865412e-001
-1.2300000e+034
