s07_AV97 Record=1819: Kaolinite KGa-2 (pxl)         BECKb AREF
 4.1502881e-001
 4.5552096e-001
 4.9019167e-001
 5.1970750e-001
 5.4628146e-001
 5.6896436e-001
 5.9358406e-001
 6.1959398e-001
 6.4529526e-001
 6.6066039e-001
 6.6923046e-001
 6.8129301e-001
 6.9717902e-001
 7.1652615e-001
 7.3488367e-001
 7.5828689e-001
 7.8043050e-001
 8.0042195e-001
 8.1710255e-001
 8.3448899e-001
 8.4616607e-001
 8.5749137e-001
 8.6458153e-001
 8.6982936e-001
 8.7470418e-001
 8.7817377e-001
 8.7748522e-001
 8.8101459e-001
 8.8158810e-001
 8.8433611e-001
 8.8679236e-001
 8.8773137e-001
 8.8658851e-001
 8.8761747e-001
 8.8808542e-001
 8.9045244e-001
 8.8984758e-001
 8.9236104e-001
 8.9558321e-001
 8.9875031e-001
 8.9763606e-001
 9.0213841e-001
 9.0513277e-001
 9.0441406e-001
 9.0701199e-001
 9.0515131e-001
 9.0641123e-001
 9.1043305e-001
 9.1168672e-001
 9.0833592e-001
 9.1748625e-001
 9.2209339e-001
 9.2018580e-001
 9.1820294e-001
 9.1709453e-001
 9.1666675e-001
 9.1996354e-001
 9.1655010e-001
 9.1629887e-001
 9.2151469e-001
 9.1231447e-001
 9.1185260e-001
 9.1056472e-001
 9.1035217e-001
 9.1113603e-001
 9.1311997e-001
 9.1545534e-001
 9.2081964e-001
 9.2557538e-001
 9.2239159e-001
 9.2555392e-001
 9.2531496e-001
 9.2877984e-001
 9.2692739e-001
 9.2684078e-001
 9.2819494e-001
 9.3099326e-001
 9.3252534e-001
 9.3422490e-001
 9.3388003e-001
 9.3821073e-001
 9.3696707e-001
 9.3844664e-001
 9.3397385e-001
 9.3822640e-001
 9.3580586e-001
 9.3521953e-001
 9.3802285e-001
 9.3600279e-001
 9.3150049e-001
 9.3532991e-001
 9.2553216e-001
 9.2196631e-001
 9.2681432e-001
 9.2853630e-001
 9.2877948e-001
 9.2751318e-001
 9.2946869e-001
 9.2550790e-001
 9.1928267e-001
 9.0640593e-001
 8.9583731e-001
 8.8658106e-001
 8.8236851e-001
 8.8009030e-001
 8.7330699e-001
 8.5132968e-001
 8.3823627e-001
 8.1327534e-001
 7.5568652e-001
 7.1659374e-001
 7.1890038e-001
 6.8473315e-001
 8.0073279e-001
 8.6935353e-001
 8.8738328e-001
 8.9655590e-001
 9.0352166e-001
 9.0799487e-001
 9.1008979e-001
 9.0897655e-001
 9.1314727e-001
 9.1938382e-001
 9.2203927e-001
 9.2070526e-001
 9.2101163e-001
 9.2135042e-001
 9.2017210e-001
 9.2107481e-001
 9.2184168e-001
 9.2251557e-001
 9.2113882e-001
 9.2130166e-001
 9.2250836e-001
 9.2391700e-001
 9.2520499e-001
 9.1772228e-001
 9.1834885e-001
 9.1778743e-001
 9.1801274e-001
 9.1432244e-001
 9.1416800e-001
 9.1453141e-001
 9.0984011e-001
 9.1518402e-001
 9.0621608e-001
 9.0037793e-001
 9.0043968e-001
 8.9863187e-001
 8.9272481e-001
 8.8029850e-001
 8.7875164e-001
 8.7456781e-001
 8.7220043e-001
 8.7288636e-001
 8.7048960e-001
 8.7987435e-001
 8.8146019e-001
 8.6587614e-001
 8.5159016e-001
 8.5564202e-001
 8.4302759e-001
 8.2986766e-001
 8.1847620e-001
 8.1103230e-001
 8.0987459e-001
 8.0995715e-001
 8.1340981e-001
 8.1882715e-001
 8.2215983e-001
 8.2306498e-001
 8.1918341e-001
 8.1985158e-001
 8.2079035e-001
 8.1966460e-001
 8.1972480e-001
 8.1632876e-001
 8.1051421e-001
 8.0372941e-001
 7.9035431e-001
 7.7946138e-001
 7.6827645e-001
 7.5924438e-001
 7.4616712e-001
 7.3637378e-001
 7.2215617e-001
 6.7790455e-001
 6.0898566e-001
 5.5391902e-001
 5.3913659e-001
 5.3489375e-001
 5.3144139e-001
 4.8486590e-001
 4.5474586e-001
 5.5617267e-001
 6.3378674e-001
 6.3667905e-001
 6.3964289e-001
 6.3939321e-001
 6.3309252e-001
 6.2546462e-001
 6.0143018e-001
 5.8049673e-001
 5.6484222e-001
 5.5059874e-001
 5.5611283e-001
 5.5477315e-001
 5.3662378e-001
 5.2057648e-001
 5.1523417e-001
 4.9756432e-001
 4.9978742e-001
 5.0795358e-001
 5.1271015e-001
 5.0896323e-001
 4.9471241e-001
 4.7597340e-001
 4.6010754e-001
 4.4904351e-001
 4.3818110e-001
 4.2719835e-001
 4.1645688e-001
 4.0672779e-001
 3.9852443e-001
