s07_AV97 Record=2188: Montmorillonite SWy-1         BECKb AREF
 3.6045480e-001
 3.9969376e-001
 4.3839818e-001
 4.6510193e-001
 4.9021906e-001
 5.1645923e-001
 5.3935385e-001
 5.5941343e-001
 5.8120358e-001
 5.9747523e-001
 6.0871643e-001
 6.1725867e-001
 6.2348318e-001
 6.3276726e-001
 6.4245778e-001
 6.5509748e-001
 6.6922843e-001
 6.7879754e-001
 6.8674463e-001
 6.9337463e-001
 6.9682604e-001
 6.9806713e-001
 6.9849408e-001
 6.9893569e-001
 6.9901669e-001
 6.9919515e-001
 7.0017558e-001
 7.0110446e-001
 7.0233446e-001
 7.0523471e-001
 7.0908523e-001
 7.1168661e-001
 7.0857942e-001
 7.1101111e-001
 7.1461242e-001
 7.1894354e-001
 7.2187471e-001
 7.2526711e-001
 7.2692078e-001
 7.2837943e-001
 7.2996646e-001
 7.3215228e-001
 7.3344058e-001
 7.3332083e-001
 7.3468363e-001
 7.3497480e-001
 7.3485893e-001
 7.3670411e-001
 7.3587430e-001
 7.3826176e-001
 7.3559028e-001
 7.3625416e-001
 7.3344100e-001
 7.3226517e-001
 7.3197126e-001
 7.3067105e-001
 7.2747940e-001
 7.3126525e-001
 7.2965151e-001
 7.2925854e-001
 7.3147148e-001
 7.2434747e-001
 7.2844017e-001
 7.2665936e-001
 7.2829038e-001
 7.2981215e-001
 7.3294526e-001
 7.3599654e-001
 7.3572934e-001
 7.3528296e-001
 7.3767740e-001
 7.3849404e-001
 7.3856741e-001
 7.3862374e-001
 7.3951346e-001
 7.4076235e-001
 7.4111611e-001
 7.3968345e-001
 7.4127775e-001
 7.4142396e-001
 7.4185365e-001
 7.4097681e-001
 7.3965299e-001
 7.3926020e-001
 7.4058312e-001
 7.4263531e-001
 7.4368322e-001
 7.4494493e-001
 7.4375337e-001
 7.4512029e-001
 7.4732316e-001
 7.4644363e-001
 7.4730814e-001
 7.4945360e-001
 7.4952739e-001
 7.5028998e-001
 7.4948645e-001
 7.4983901e-001
 7.5106698e-001
 7.5040686e-001
 7.5076252e-001
 7.4958879e-001
 7.4833637e-001
 7.4727577e-001
 7.4445212e-001
 7.4513489e-001
 7.4261755e-001
 7.3723739e-001
 7.2447246e-001
 7.0084250e-001
 6.6077846e-001
 6.1367893e-001
 5.9915358e-001
 6.3151830e-001
 6.7227167e-001
 6.9354099e-001
 6.9922870e-001
 7.0320469e-001
 7.1347553e-001
 7.2163808e-001
 7.3069412e-001
 7.3426998e-001
 7.3830229e-001
 7.4322611e-001
 7.4613714e-001
 7.5049996e-001
 7.5193721e-001
 7.5402570e-001
 7.5505203e-001
 7.5819379e-001
 7.5824779e-001
 7.6017380e-001
 7.6169366e-001
 7.6285344e-001
 7.6327050e-001
 7.6433897e-001
 7.6425564e-001
 7.6538730e-001
 7.6430380e-001
 7.6601315e-001
 7.6520091e-001
 7.6630849e-001
 7.6265740e-001
 7.6234651e-001
 7.6161402e-001
 7.6287973e-001
 7.6130646e-001
 7.5605923e-001
 7.5396317e-001
 7.5024164e-001
 7.5291747e-001
 7.5002253e-001
 7.4890393e-001
 7.4561930e-001
 7.4361706e-001
 7.4051851e-001
 7.3407549e-001
 7.2208762e-001
 6.9557941e-001
 6.3939244e-001
 6.6128874e-001
 5.7486653e-001
 4.7830695e-001
 4.5390001e-001
 4.9971676e-001
 5.4762149e-001
 5.7270706e-001
 5.8225089e-001
 5.8870226e-001
 6.0165477e-001
 6.1438555e-001
 6.2555176e-001
 6.4046019e-001
 6.5127498e-001
 6.6761571e-001
 6.7401612e-001
 6.7910528e-001
 6.8570989e-001
 6.8886513e-001
 6.9039536e-001
 6.8991923e-001
 6.8701798e-001
 6.9081467e-001
 6.9421703e-001
 6.9738227e-001
 6.9665062e-001
 6.9255590e-001
 6.8291861e-001
 6.6933364e-001
 6.4215052e-001
 6.0699457e-001
 5.7619107e-001
 5.3913051e-001
 5.2089006e-001
 5.4802102e-001
 5.7366079e-001
 5.9167469e-001
 6.0718173e-001
 6.2969184e-001
 6.3667297e-001
 6.3199031e-001
 6.2541246e-001
 6.1176425e-001
 5.9819210e-001
 5.8915854e-001
 5.7669073e-001
 5.6209016e-001
 5.5269688e-001
 5.4261643e-001
 5.3342491e-001
 5.2057487e-001
 5.1412141e-001
 5.0606060e-001
 4.9723190e-001
 4.8885459e-001
 4.8123902e-001
 4.7374141e-001
 4.6562830e-001
 4.5827463e-001
 4.5117998e-001
 4.4587830e-001
 4.4136292e-001
 4.3628743e-001
 4.2982563e-001
