s07_AV97 Record=2589: Phlogopite HS23.1B           ASDFRa AREF
 3.0564615e-001
 3.2757679e-001
 3.4596533e-001
 3.6057627e-001
 3.7095267e-001
 3.8005826e-001
 3.8964736e-001
 4.0018344e-001
 4.0988958e-001
 4.1935736e-001
 4.2855662e-001
 4.3779436e-001
 4.4833896e-001
 4.6046329e-001
 4.7297114e-001
 4.8599035e-001
 4.9954766e-001
 5.1269585e-001
 5.2522296e-001
 5.3738439e-001
 5.4932272e-001
 5.6078684e-001
 5.7154965e-001
 5.8164376e-001
 5.9129268e-001
 6.0006905e-001
 6.0884207e-001
 6.1692089e-001
 6.2384111e-001
 6.2971061e-001
 6.3453752e-001
 6.3828826e-001
 6.3385326e-001
 6.3765550e-001
 6.4071250e-001
 6.4317596e-001
 6.4520109e-001
 6.4697105e-001
 6.4881217e-001
 6.5053874e-001
 6.5238923e-001
 6.5452200e-001
 6.5682709e-001
 6.5937102e-001
 6.6212922e-001
 6.6472495e-001
 6.6714495e-001
 6.6935599e-001
 6.7130291e-001
 6.7299527e-001
 6.7451823e-001
 6.7566431e-001
 6.7710066e-001
 6.7840427e-001
 6.7985934e-001
 6.8130124e-001
 6.8289220e-001
 6.8484873e-001
 6.8670666e-001
 6.8887979e-001
 6.9099295e-001
 6.9317895e-001
 6.9604725e-001
 6.9855779e-001
 7.0132959e-001
 7.0396161e-001
 7.0615345e-001
 7.0843714e-001
 7.1041346e-001
 7.1165693e-001
 7.1302009e-001
 7.1407539e-001
 7.1455961e-001
 7.1493262e-001
 7.1526790e-001
 7.1623874e-001
 7.1625984e-001
 7.1635157e-001
 7.1656013e-001
 7.1712905e-001
 7.1782827e-001
 7.1842432e-001
 7.1910125e-001
 7.1951079e-001
 7.2067153e-001
 7.2180319e-001
 7.2285938e-001
 7.2448403e-001
 7.2573668e-001
 7.2784406e-001
 7.2940004e-001
 7.3159397e-001
 7.3401624e-001
 7.3651564e-001
 7.3912823e-001
 7.4124938e-001
 7.3766655e-001
 7.4031526e-001
 7.4236578e-001
 7.4531144e-001
 7.4824047e-001
 7.5104195e-001
 7.5373054e-001
 7.5655234e-001
 7.5971836e-001
 7.6267767e-001
 7.6510078e-001
 7.6542664e-001
 7.4728882e-001
 7.4896461e-001
 7.6461017e-001
 7.7380919e-001
 7.8059906e-001
 7.8493375e-001
 7.8837091e-001
 7.9104769e-001
 7.9318392e-001
 7.9651392e-001
 7.9932511e-001
 8.0217385e-001
 8.0464274e-001
 8.0697328e-001
 8.0950648e-001
 8.1258655e-001
 8.1462973e-001
 8.1647134e-001
 8.1880307e-001
 8.2082540e-001
 8.2310969e-001
 8.2498610e-001
 8.2710558e-001
 8.2926518e-001
 8.3087552e-001
 8.3272088e-001
 8.3483422e-001
 8.3671468e-001
 8.3791625e-001
 8.3957607e-001
 8.4115636e-001
 8.4243029e-001
 8.4377962e-001
 8.4551328e-001
 8.4765941e-001
 8.4926057e-001
 8.4962654e-001
 8.5042298e-001
 8.5160184e-001
 8.5293794e-001
 8.5443413e-001
 8.5626996e-001
 8.5697931e-001
 8.5787398e-001
 8.5854852e-001
 8.5978407e-001
 8.5982102e-001
 8.6054319e-001
 8.6109388e-001
 8.6187482e-001
 8.6207277e-001
 8.6074108e-001
 8.6163336e-001
 8.5959238e-001
 8.5639846e-001
 8.5407084e-001
 8.5298961e-001
 8.5368687e-001
 8.5553139e-001
 8.5753602e-001
 8.5718840e-001
 8.5831511e-001
 8.6023426e-001
 8.6181623e-001
 8.6279327e-001
 8.6379218e-001
 8.6471635e-001
 8.6699116e-001
 8.6879826e-001
 8.7050569e-001
 8.7134081e-001
 8.7076169e-001
 8.6810791e-001
 8.6722463e-001
 8.6790013e-001
 8.6862856e-001
 8.6963755e-001
 8.7017047e-001
 8.7084186e-001
 8.7084520e-001
 8.6948901e-001
 8.6946350e-001
 8.6950034e-001
 8.6872262e-001
 8.6778194e-001
 8.6718422e-001
 8.6327374e-001
 8.5028279e-001
 8.1925619e-001
 8.0574244e-001
 8.1939918e-001
 8.2345784e-001
 8.1015211e-001
 7.8402376e-001
 7.5609267e-001
 7.2485900e-001
 6.9644773e-001
 6.9665253e-001
 7.3086035e-001
 7.5332934e-001
 7.5638205e-001
 7.4196231e-001
 7.2287381e-001
 7.3157668e-001
 7.5557810e-001
 7.6670408e-001
 7.7491790e-001
 7.7605122e-001
 7.7033663e-001
 7.6868182e-001
 7.7573663e-001
 7.7976650e-001
 7.8133488e-001
 7.8365874e-001
 7.8367221e-001
-1.2300000e+034
