s07_AV97 Record=4103: Natrolite+Zeolite HS168.1B   ASDFRb AREF
 6.9079036e-001
 7.0956832e-001
 7.2646976e-001
 7.3975205e-001
 7.5127470e-001
 7.6216751e-001
 7.7382636e-001
 7.8645170e-001
 7.9871744e-001
 8.0924946e-001
 8.1801474e-001
 8.2578844e-001
 8.3325452e-001
 8.4134018e-001
 8.5028821e-001
 8.5879433e-001
 8.6612940e-001
 8.7230068e-001
 8.7763983e-001
 8.8252318e-001
 8.8658601e-001
 8.9006329e-001
 8.9375937e-001
 8.9714843e-001
 9.0072894e-001
 9.0386736e-001
 9.0722895e-001
 9.1023362e-001
 9.1326374e-001
 9.1593939e-001
 9.1829628e-001
 9.2053521e-001
 9.1792399e-001
 9.2020077e-001
 9.2192364e-001
 9.2394000e-001
 9.2553115e-001
 9.2725807e-001
 9.2833078e-001
 9.2973685e-001
 9.3121266e-001
 9.3263656e-001
 9.3407881e-001
 9.3542784e-001
 9.3667406e-001
 9.3768901e-001
 9.3864816e-001
 9.3930882e-001
 9.4019854e-001
 9.4043392e-001
 9.4069672e-001
 9.4105041e-001
 9.4133586e-001
 9.4164598e-001
 9.4185233e-001
 9.4184691e-001
 9.4221318e-001
 9.4214833e-001
 9.4247037e-001
 9.4269991e-001
 9.4250494e-001
 9.4227821e-001
 9.4187009e-001
 9.4111079e-001
 9.3905652e-001
 9.3928140e-001
 9.4014931e-001
 9.4107050e-001
 9.4137347e-001
 9.4170368e-001
 9.4263661e-001
 9.4337493e-001
 9.4434679e-001
 9.4468409e-001
 9.4507027e-001
 9.4551611e-001
 9.4632840e-001
 9.4641024e-001
 9.4705784e-001
 9.4700795e-001
 9.4786423e-001
 9.4717425e-001
 9.4542885e-001
 9.4161570e-001
 9.3925565e-001
 9.4184601e-001
 9.4339633e-001
 9.4380581e-001
 9.4470358e-001
 9.4561708e-001
 9.4624919e-001
 9.4688803e-001
 9.4763470e-001
 9.4778633e-001
 9.4787937e-001
 9.4782597e-001
 9.4781619e-001
 9.4774008e-001
 9.4814050e-001
 9.4790512e-001
 9.4739372e-001
 9.4663841e-001
 9.4572747e-001
 9.4313341e-001
 9.3845558e-001
 9.3487281e-001
 9.3278092e-001
 9.3106943e-001
 9.2835259e-001
 9.2311972e-001
 9.1208899e-001
 8.9334917e-001
 8.6268568e-001
 8.3980793e-001
 8.5094386e-001
 8.6328328e-001
 8.6455190e-001
 8.6629343e-001
 8.7445349e-001
 8.8141751e-001
 8.8739872e-001
 8.9529532e-001
 8.9892709e-001
 9.0145999e-001
 9.0331435e-001
 9.0401524e-001
 9.0438598e-001
 9.0429878e-001
 9.0449405e-001
 9.0445697e-001
 9.0526789e-001
 9.0453678e-001
 9.0535438e-001
 9.0602642e-001
 9.0589046e-001
 9.0656692e-001
 9.0837580e-001
 9.0944469e-001
 9.0912133e-001
 9.1010511e-001
 9.1144425e-001
 9.1260272e-001
 9.1290540e-001
 9.1225994e-001
 9.1076505e-001
 9.0868711e-001
 9.0637898e-001
 9.0193629e-001
 8.9852577e-001
 8.9871985e-001
 8.9883703e-001
 8.9825302e-001
 8.9858896e-001
 9.0059286e-001
 9.0313500e-001
 9.0303445e-001
 8.9976430e-001
 8.9193445e-001
 8.7721080e-001
 8.4640521e-001
 8.6080301e-001
 8.1726474e-001
 7.4680328e-001
 6.7036718e-001
 6.5750885e-001
 6.5215355e-001
 6.2702787e-001
 6.6053975e-001
 7.0502055e-001
 7.2290093e-001
 7.3212832e-001
 7.3750758e-001
 7.4190134e-001
 7.4922150e-001
 7.6088798e-001
 7.7448505e-001
 7.8708333e-001
 7.9554588e-001
 8.0246222e-001
 8.0646771e-001
 8.0949336e-001
 8.1442076e-001
 8.2348478e-001
 8.3180481e-001
 8.3916444e-001
 8.4227926e-001
 8.4390616e-001
 8.4509373e-001
 8.4415054e-001
 8.4425312e-001
 8.4326530e-001
 8.4038413e-001
 8.4056234e-001
 8.4666717e-001
 8.5051399e-001
 8.5440522e-001
 8.5662508e-001
 8.5855401e-001
 8.5774940e-001
 8.5742807e-001
 8.5725808e-001
 8.5476661e-001
 8.5209793e-001
 8.4871918e-001
 8.4643471e-001
 8.4092945e-001
 8.3410114e-001
 8.2781494e-001
 8.1946880e-001
 8.0576611e-001
 7.9374850e-001
 7.7994514e-001
 7.6324749e-001
 7.4169564e-001
 7.1762240e-001
 6.9778949e-001
 6.8443644e-001
 6.7833221e-001
 6.6866249e-001
 6.5769136e-001
 6.5356272e-001
 6.4813083e-001
 6.4896351e-001
-1.2300000e+034
