s07_AV97 Record=1566: Howlite GDS155                BECKa AREF
 7.2625667e-001
 7.3962855e-001
 7.5333941e-001
 7.6507300e-001
 7.7666658e-001
 7.8660625e-001
 7.9670423e-001
 8.0553865e-001
 8.1432623e-001
 8.2286030e-001
 8.3058596e-001
 8.3724725e-001
 8.4431738e-001
 8.5114181e-001
 8.5757530e-001
 8.6329997e-001
 8.6920577e-001
 8.7406063e-001
 8.7832028e-001
 8.8182098e-001
 8.8313133e-001
 8.8654178e-001
 8.9109254e-001
 8.9516997e-001
 8.9852583e-001
 9.0144831e-001
 9.0371513e-001
 9.0590590e-001
 9.0807849e-001
 9.1029811e-001
 9.1260892e-001
 9.1368705e-001
 9.1244739e-001
 9.1337836e-001
 9.1461784e-001
 9.1767985e-001
 9.2143553e-001
 9.2347002e-001
 9.2460513e-001
 9.2530251e-001
 9.2650700e-001
 9.2557961e-001
 9.2514050e-001
 9.2779505e-001
 9.3031973e-001
 9.3081480e-001
 9.3187594e-001
 9.3258995e-001
 9.3405110e-001
 9.3410802e-001
 9.3086171e-001
 9.3284470e-001
 9.3293893e-001
 9.3173611e-001
 9.3119907e-001
 9.3215120e-001
 9.3116665e-001
 9.3184531e-001
 9.2712671e-001
 9.2759365e-001
 9.2651713e-001
 9.2326891e-001
 9.1400659e-001
 9.1018522e-001
 9.0509832e-001
 8.9390910e-001
 8.9520806e-001
 9.1085237e-001
 9.1961700e-001
 9.2392617e-001
 9.2559147e-001
 9.2599350e-001
 9.2903548e-001
 9.3080986e-001
 9.3035418e-001
 9.2877102e-001
 9.3153650e-001
 9.3107027e-001
 9.2987877e-001
 9.2959285e-001
 9.3162608e-001
 9.3175685e-001
 9.3124449e-001
 9.3094146e-001
 9.2876405e-001
 9.2873174e-001
 9.2622948e-001
 9.2398143e-001
 9.2077786e-001
 9.1381353e-001
 9.0662557e-001
 8.9531410e-001
 8.8971508e-001
 8.8801306e-001
 8.8990808e-001
 8.9341974e-001
 8.8885021e-001
 8.9163822e-001
 8.9455879e-001
 8.9596260e-001
 8.9674056e-001
 8.9255750e-001
 8.8252831e-001
 8.6651522e-001
 8.3417779e-001
 8.2812881e-001
 8.3620608e-001
 8.4237140e-001
 8.3164144e-001
 8.1124145e-001
 7.8103507e-001
 7.4409008e-001
 7.2027993e-001
 6.9438088e-001
 6.4061081e-001
 6.0899222e-001
 6.7488647e-001
 7.0722687e-001
 7.0541674e-001
 7.1231186e-001
 7.1805143e-001
 7.1323913e-001
 7.0597243e-001
 7.0685685e-001
 7.3223537e-001
 7.4974704e-001
 7.5487250e-001
 7.5268596e-001
 7.4647659e-001
 7.3809820e-001
 7.2803473e-001
 7.2127742e-001
 7.1505278e-001
 7.0955294e-001
 7.0657283e-001
 7.0613849e-001
 7.0760232e-001
 7.0846653e-001
 7.1088099e-001
 7.1672076e-001
 7.2188985e-001
 7.2435719e-001
 7.2681373e-001
 7.2974396e-001
 7.3470420e-001
 7.3904049e-001
 7.4156809e-001
 7.4579740e-001
 7.4556834e-001
 7.4945140e-001
 7.5277209e-001
 7.5321811e-001
 7.5312471e-001
 7.5277817e-001
 7.5538784e-001
 7.5488687e-001
 7.5490880e-001
 7.5078171e-001
 7.4991542e-001
 7.4616545e-001
 7.4828148e-001
 7.4263507e-001
 7.4056184e-001
 7.3821634e-001
 7.3541886e-001
 7.3064530e-001
 7.2753143e-001
 7.2575581e-001
 7.2133696e-001
 7.1817017e-001
 7.1609873e-001
 7.0997173e-001
 6.9832677e-001
 6.8888056e-001
 6.8286043e-001
 6.6711992e-001
 6.6425973e-001
 6.7383623e-001
 6.6237772e-001
 6.3426656e-001
 5.8574253e-001
 5.2815050e-001
 4.8119819e-001
 4.5161361e-001
 4.1401744e-001
 3.7300345e-001
 3.7963638e-001
 3.9632797e-001
 3.7854382e-001
 3.7710842e-001
 4.0370810e-001
 4.3139783e-001
 4.5510957e-001
 4.5934668e-001
 4.5270771e-001
 4.4280779e-001
 4.3097857e-001
 4.2708483e-001
 4.4087651e-001
 4.6639532e-001
 4.8623112e-001
 4.8795572e-001
 4.7731778e-001
 4.7950056e-001
 5.0057900e-001
 5.1328909e-001
 5.2970099e-001
 5.2300918e-001
 5.0821501e-001
 5.0421190e-001
 4.9630412e-001
 4.7810915e-001
 4.5476073e-001
 4.1681159e-001
 3.7369630e-001
 3.4094146e-001
 3.1520230e-001
 2.8953099e-001
 2.7055839e-001
 2.6409832e-001
 2.7907389e-001
 3.0740657e-001
 3.3814311e-001
 3.6291015e-001
