s07_AV97 Record=3871: Goeth+qtz.5+Jarosite.5 AMX11  BECKb AREF
 1.4290285e-001
 1.4746284e-001
 1.5788797e-001
 1.7905718e-001
 2.0726138e-001
 2.2408207e-001
 2.2324800e-001
 2.2869495e-001
 2.5728703e-001
 2.8536668e-001
 3.0368987e-001
 3.1788576e-001
 3.3265755e-001
 3.5009551e-001
 3.7061244e-001
 3.9445335e-001
 4.2192054e-001
 4.5281380e-001
 4.8582870e-001
 5.1848114e-001
 5.4585260e-001
 5.6662238e-001
 5.8133304e-001
 5.9399074e-001
 6.0513294e-001
 6.1513275e-001
 6.2407732e-001
 6.3230783e-001
 6.4091408e-001
 6.5110475e-001
 6.6292077e-001
 6.7618024e-001
 6.6081059e-001
 6.7373383e-001
 6.8665254e-001
 6.9846910e-001
 7.0994008e-001
 7.1542376e-001
 7.1675611e-001
 7.1386051e-001
 7.0814157e-001
 6.9924861e-001
 6.8889195e-001
 6.7759085e-001
 6.6475350e-001
 6.5213627e-001
 6.3911498e-001
 6.2560111e-001
 6.1351717e-001
 6.0260683e-001
 5.9171253e-001
 5.8375281e-001
 5.7646137e-001
 5.7132953e-001
 5.6748044e-001
 5.6279850e-001
 5.5971307e-001
 5.5900306e-001
 5.5829763e-001
 5.5735558e-001
 5.5825305e-001
 5.5881691e-001
 5.5942506e-001
 5.6188273e-001
 5.6554478e-001
 5.6918710e-001
 5.7258976e-001
 5.7717514e-001
 5.8219343e-001
 5.8813334e-001
 5.9449309e-001
 6.0077721e-001
 6.0668725e-001
 6.1404026e-001
 6.2096614e-001
 6.2832701e-001
 6.3443834e-001
 6.4135569e-001
 6.4751190e-001
 6.5333003e-001
 6.5903533e-001
 6.6528350e-001
 6.7049587e-001
 6.7581373e-001
 6.8112123e-001
 6.8637282e-001
 6.9162029e-001
 6.9755328e-001
 7.0252657e-001
 7.0774293e-001
 7.1297926e-001
 7.1785289e-001
 7.2194529e-001
 7.2649270e-001
 7.3238730e-001
 7.3613793e-001
 7.2927994e-001
 7.3420066e-001
 7.3910636e-001
 7.4433982e-001
 7.4947661e-001
 7.5511491e-001
 7.5889540e-001
 7.6377863e-001
 7.6910263e-001
 7.7374607e-001
 7.7880245e-001
 7.8284651e-001
 7.8731424e-001
 7.9182148e-001
 7.9470718e-001
 7.9639482e-001
 7.9578769e-001
 7.9479539e-001
 7.9420471e-001
 7.9128063e-001
 7.8065395e-001
 7.5851673e-001
 7.5192159e-001
 7.7902317e-001
 7.8291523e-001
 7.8296417e-001
 7.7969384e-001
 7.8014207e-001
 7.8303307e-001
 7.9210055e-001
 8.0063993e-001
 8.0595160e-001
 8.1132811e-001
 8.1584388e-001
 8.1973094e-001
 8.2292515e-001
 8.2527179e-001
 8.2759386e-001
 8.2830989e-001
 8.2944834e-001
 8.3043110e-001
 8.3037406e-001
 8.2980055e-001
 8.3024079e-001
 8.3142060e-001
 8.3117080e-001
 8.2976633e-001
 8.2690138e-001
 8.2629728e-001
 8.2318300e-001
 8.2012051e-001
 8.1687391e-001
 8.1461698e-001
 8.1353849e-001
 8.1298202e-001
 8.0918062e-001
 8.0240393e-001
 7.9715252e-001
 7.8875965e-001
 7.6338851e-001
 7.4567693e-001
 7.4391365e-001
 7.6183105e-001
 7.7996987e-001
 7.7575690e-001
 7.8000963e-001
 7.6768458e-001
 7.5144488e-001
 7.3914242e-001
 7.3421413e-001
 7.3354572e-001
 7.3523784e-001
 7.3739088e-001
 7.3938513e-001
 7.4315804e-001
 7.4694151e-001
 7.4891871e-001
 7.5036269e-001
 7.5359547e-001
 7.5523007e-001
 7.5416315e-001
 7.5400651e-001
 7.5387090e-001
 7.5148344e-001
 7.4924886e-001
 7.4829638e-001
 7.4746561e-001
 7.4447936e-001
 7.4284393e-001
 7.3946804e-001
 7.3632610e-001
 7.3169607e-001
 7.2426164e-001
 7.1778458e-001
 7.0255268e-001
 6.8315995e-001
 6.7742991e-001
 6.6880196e-001
 6.6456991e-001
 6.7082226e-001
 6.7271221e-001
 6.6474444e-001
 6.3539338e-001
 6.1068422e-001
 6.3353175e-001
 6.6673326e-001
 6.6483349e-001
 6.7816395e-001
 7.1523136e-001
 7.1885419e-001
 7.2226125e-001
 7.2309774e-001
 7.1915728e-001
 7.1051472e-001
 6.9773126e-001
 6.8069148e-001
 6.6661227e-001
 6.5893137e-001
 6.5770066e-001
 6.6065907e-001
 6.6131246e-001
 6.5317672e-001
 6.4046931e-001
 6.2693083e-001
 6.1895967e-001
 6.1543769e-001
 6.1399269e-001
 6.1289692e-001
