s07_AV97 Record=3096: Spodumene HS210.3B           NIC4cc RREF
-1.2300000e+034
-1.2300000e+034
-1.2300000e+034
-1.2300000e+034
-1.2300000e+034
-1.2300000e+034
-1.2300000e+034
-1.2300000e+034
-1.2300000e+034
-1.2300000e+034
-1.2300000e+034
-1.2300000e+034
-1.2300000e+034
-1.2300000e+034
-1.2300000e+034
-1.2300000e+034
-1.2300000e+034
-1.2300000e+034
-1.2300000e+034
-1.2300000e+034
-1.2300000e+034
-1.2300000e+034
-1.2300000e+034
-1.2300000e+034
-1.2300000e+034
-1.2300000e+034
-1.2300000e+034
-1.2300000e+034
-1.2300000e+034
-1.2300000e+034
-1.2300000e+034
-1.2300000e+034
-1.2300000e+034
-1.2300000e+034
-1.2300000e+034
-1.2300000e+034
-1.2300000e+034
-1.2300000e+034
-1.2300000e+034
-1.2300000e+034
-1.2300000e+034
-1.2300000e+034
-1.2300000e+034
-1.2300000e+034
-1.2300000e+034
-1.2300000e+034
-1.2300000e+034
-1.2300000e+034
-1.2300000e+034
-1.2300000e+034
-1.2300000e+034
-1.2300000e+034
-1.2300000e+034
-1.2300000e+034
-1.2300000e+034
-1.2300000e+034
-1.2300000e+034
-1.2300000e+034
-1.2300000e+034
-1.2300000e+034
-1.2300000e+034
-1.2300000e+034
-1.2300000e+034
-1.2300000e+034
-1.2300000e+034
-1.2300000e+034
-1.2300000e+034
-1.2300000e+034
-1.2300000e+034
-1.2300000e+034
-1.2300000e+034
-1.2300000e+034
-1.2300000e+034
-1.2300000e+034
-1.2300000e+034
-1.2300000e+034
-1.2300000e+034
-1.2300000e+034
-1.2300000e+034
-1.2300000e+034
-1.2300000e+034
-1.2300000e+034
-1.2300000e+034
-1.2300000e+034
-1.2300000e+034
-1.2300000e+034
-1.2300000e+034
-1.2300000e+034
-1.2300000e+034
-1.2300000e+034
-1.2300000e+034
-1.2300000e+034
-1.2300000e+034
-1.2300000e+034
-1.2300000e+034
-1.2300000e+034
-1.2300000e+034
-1.2300000e+034
-1.2300000e+034
-1.2300000e+034
-1.2300000e+034
-1.2300000e+034
-1.2300000e+034
-1.2300000e+034
-1.2300000e+034
-1.2300000e+034
-1.2300000e+034
-1.2300000e+034
-1.2300000e+034
-1.2300000e+034
-1.2300000e+034
-1.2300000e+034
-1.2300000e+034
-1.2300000e+034
-1.2300000e+034
-1.2300000e+034
-1.2300000e+034
-1.2300000e+034
-1.2300000e+034
-1.2300000e+034
-1.2300000e+034
-1.2300000e+034
-1.2300000e+034
-1.2300000e+034
-1.2300000e+034
-1.2300000e+034
-1.2300000e+034
 5.8008760e-001
 5.8520454e-001
 5.9088027e-001
 5.9593701e-001
 6.0131705e-001
 6.0656381e-001
 6.1180913e-001
 6.1643887e-001
 6.2040639e-001
 6.2409073e-001
 6.2792403e-001
 6.3200009e-001
 6.3572937e-001
 6.3944173e-001
 6.4276201e-001
 6.4561880e-001
 6.4841437e-001
 6.5143436e-001
 6.5468878e-001
 6.5822405e-001
 6.6143835e-001
 6.6418481e-001
 6.6666937e-001
 6.6888541e-001
 6.7119753e-001
 6.7364919e-001
 6.7657948e-001
 6.7984337e-001
 6.8274379e-001
 6.8528032e-001
 6.8689483e-001
 6.8809599e-001
 6.8730903e-001
 6.8770552e-001
 6.8540698e-001
 6.7992014e-001
 6.7653674e-001
 6.8110973e-001
 6.8720037e-001
 6.9144940e-001
 6.9430721e-001
 6.9645137e-001
 6.9825524e-001
 6.9976300e-001
 7.0162368e-001
 7.0342493e-001
 7.0524412e-001
 7.0760745e-001
 7.0970440e-001
 7.1128774e-001
 7.1268111e-001
 7.1331477e-001
 7.1341938e-001
 7.1344054e-001
 7.1338439e-001
 7.1352088e-001
 7.1400440e-001
 7.1488732e-001
 7.1562809e-001
 7.1590221e-001
 7.1527183e-001
 7.1360761e-001
 7.1140581e-001
 7.0861703e-001
 7.0488280e-001
 7.0111394e-001
 7.0072919e-001
 7.0426357e-001
 7.0720935e-001
 7.0897937e-001
 7.1030563e-001
 7.1171391e-001
 7.1240592e-001
 7.1224308e-001
 7.1149462e-001
 7.1058816e-001
 7.0856512e-001
 7.0651573e-001
 7.0470601e-001
 7.0241570e-001
 7.0004177e-001
 6.9796789e-001
 6.9682175e-001
 6.9550347e-001
 6.9475198e-001
 6.9459552e-001
 6.9408649e-001
 6.9291788e-001
 6.9092309e-001
 6.8843716e-001
 6.8667960e-001
 6.8494511e-001
 6.8336540e-001
 6.8149465e-001
 6.7916042e-001
 6.7733115e-001
 6.7547071e-001
