s07_AV97 Record=3405: Ulexite HS441.3B             ASDFRa AREF
 7.5635147e-001
 7.6608437e-001
 7.7605695e-001
 7.8294915e-001
 7.8896612e-001
 7.9579037e-001
 8.0228657e-001
 8.0875176e-001
 8.1481528e-001
 8.2059407e-001
 8.2557726e-001
 8.2993257e-001
 8.3363575e-001
 8.3709633e-001
 8.4071738e-001
 8.4438533e-001
 8.4789163e-001
 8.5124606e-001
 8.5366303e-001
 8.5572493e-001
 8.5728198e-001
 8.5822773e-001
 8.5833561e-001
 8.5849738e-001
 8.5830033e-001
 8.5814166e-001
 8.5838681e-001
 8.5856956e-001
 8.5858476e-001
 8.5850841e-001
 8.5851437e-001
 8.5848230e-001
 8.5852838e-001
 8.5849309e-001
 8.5842603e-001
 8.5847050e-001
 8.5823721e-001
 8.5788155e-001
 8.5751754e-001
 8.5679758e-001
 8.5515046e-001
 8.5331100e-001
 8.5420936e-001
 8.5573566e-001
 8.5712266e-001
 8.5856664e-001
 8.5983616e-001
 8.6127269e-001
 8.6242622e-001
 8.6319250e-001
 8.6314774e-001
 8.6246222e-001
 8.6115837e-001
 8.5960674e-001
 8.5831106e-001
 8.5685444e-001
 8.5534000e-001
 8.5468394e-001
 8.5407996e-001
 8.5206664e-001
 8.4869331e-001
 8.4440422e-001
 8.3693999e-001
 8.2262379e-001
 7.9991037e-001
 7.8610265e-001
 7.9642385e-001
 8.0473822e-001
 8.1056130e-001
 8.1800228e-001
 8.2492709e-001
 8.3142221e-001
 8.3685493e-001
 8.4077668e-001
 8.4278339e-001
 8.4381944e-001
 8.4302878e-001
 8.4111875e-001
 8.3891416e-001
 8.3673692e-001
 8.3321494e-001
 8.2915610e-001
 8.2063997e-001
 8.0625504e-001
 7.8851140e-001
 7.6597124e-001
 7.4789262e-001
 7.3517948e-001
 7.2845143e-001
 7.2484708e-001
 7.2177780e-001
 7.1906430e-001
 7.1868670e-001
 7.1908122e-001
 7.2153050e-001
 7.2403693e-001
 7.1986955e-001
 7.2304451e-001
 7.2480661e-001
 7.2480726e-001
 7.2012675e-001
 7.1075213e-001
 6.9534934e-001
 6.7642039e-001
 6.5589249e-001
 6.3850880e-001
 6.2856352e-001
 6.1980593e-001
 6.0584348e-001
 5.8090556e-001
 5.3489554e-001
 4.7491226e-001
 3.9746901e-001
 3.2389107e-001
 2.9974031e-001
 3.1173718e-001
 3.0634144e-001
 2.9655498e-001
 2.9952458e-001
 3.1095082e-001
 3.2170615e-001
 3.3098266e-001
 3.4062722e-001
 3.4889999e-001
 3.5400569e-001
 3.5945919e-001
 3.6565393e-001
 3.6958843e-001
 3.7033853e-001
 3.6922708e-001
 3.6621425e-001
 3.6195278e-001
 3.5769549e-001
 3.5401052e-001
 3.5074866e-001
 3.4783709e-001
 3.4499979e-001
 3.4253049e-001
 3.4057352e-001
 3.3969763e-001
 3.3857095e-001
 3.3713549e-001
 3.3561495e-001
 3.3381644e-001
 3.3239159e-001
 3.3005604e-001
 3.2791281e-001
 3.2596439e-001
 3.2480612e-001
 3.2558939e-001
 3.2928604e-001
 3.3348542e-001
 3.3607775e-001
 3.3607155e-001
 3.3392462e-001
 3.2890156e-001
 3.2043225e-001
 3.0754030e-001
 2.8890803e-001
 2.6472414e-001
 2.7526453e-001
 2.4714011e-001
 2.1354482e-001
 1.7863686e-001
 1.4552747e-001
 1.1373276e-001
 8.3354011e-002
 6.6603251e-002
 6.7552239e-002
 7.7323407e-002
 8.5331477e-002
 9.5810153e-002
 1.0858513e-001
 1.1811753e-001
 1.2357146e-001
 1.2607628e-001
 1.2680870e-001
 1.2675342e-001
 1.2563364e-001
 1.2315455e-001
 1.2048402e-001
 1.1723983e-001
 1.1258601e-001
 1.0566688e-001
 9.8227456e-002
 9.9008389e-002
 1.0382893e-001
 1.0222848e-001
 9.5898405e-002
 9.2561677e-002
 9.5016390e-002
 1.0449067e-001
 1.1643112e-001
 1.2519516e-001
 1.3142759e-001
 1.3446172e-001
 1.3449621e-001
 1.3865358e-001
 1.4993098e-001
 1.6066286e-001
 1.6630745e-001
 1.6812077e-001
 1.6738543e-001
 1.6355044e-001
 1.5854362e-001
 1.5505199e-001
 1.5063286e-001
 1.4262891e-001
 1.3369685e-001
 1.2392174e-001
 1.1437950e-001
 1.0488247e-001
 9.5364116e-002
 8.8618115e-002
 8.2603566e-002
 7.8859568e-002
 7.3782071e-002
 6.7221597e-002
 6.1456479e-002
 5.7491001e-002
 5.4547224e-002
 5.4629330e-002
 5.5758614e-002
-1.2300000e+034
