s07_AV97 Record=770: Chlorapatite_REE WS422 xtl   ASDFRa AREF
 3.8793632e-001
 4.0736911e-001
 4.3306348e-001
 4.5929027e-001
 4.8640832e-001
 5.1253688e-001
 5.3685731e-001
 5.5820394e-001
 5.7627344e-001
 5.9282041e-001
 6.0596806e-001
 6.1723709e-001
 6.2760234e-001
 6.3682079e-001
 6.4055222e-001
 6.4152879e-001
 6.4417070e-001
 6.5763944e-001
 6.6535288e-001
 6.7048097e-001
 6.6857946e-001
 6.4761597e-001
 6.5080243e-001
 6.7224276e-001
 6.8483728e-001
 6.8907720e-001
 6.8958902e-001
 6.9078451e-001
 6.9090170e-001
 6.9185096e-001
 6.9432741e-001
 6.9481176e-001
 6.9414306e-001
 6.9487417e-001
 6.9500667e-001
 6.9756162e-001
 7.0045638e-001
 7.0215750e-001
 7.0195431e-001
 6.8975884e-001
 6.6626066e-001
 6.6315001e-001
 6.8978888e-001
 7.0385730e-001
 7.0567834e-001
 6.9190705e-001
 6.6207987e-001
 6.6037172e-001
 6.9214827e-001
 7.0577431e-001
 7.1387947e-001
 7.1591878e-001
 7.1330714e-001
 7.0105195e-001
 6.9886184e-001
 7.0759588e-001
 7.1157771e-001
 7.1315503e-001
 7.1213150e-001
 7.1651053e-001
 7.1899796e-001
 7.1972817e-001
 7.1919435e-001
 7.2004825e-001
 7.1648467e-001
 7.1471077e-001
 7.2106600e-001
 7.2206795e-001
 7.2235858e-001
 7.2289711e-001
 7.2207558e-001
 7.2130466e-001
 7.2089183e-001
 7.2064191e-001
 7.1670634e-001
 7.1110594e-001
 7.0678258e-001
 7.0358437e-001
 7.0540035e-001
 7.0742738e-001
 7.0960277e-001
 7.1053261e-001
 7.1111536e-001
 7.1138418e-001
 7.1159881e-001
 7.1085566e-001
 7.0978367e-001
 7.0811677e-001
 7.0683503e-001
 7.0388460e-001
 6.9877422e-001
 6.9539839e-001
 6.9687957e-001
 6.9555527e-001
 6.9251722e-001
 6.9407815e-001
 6.9373769e-001
 6.9313240e-001
 6.9419080e-001
 6.9528776e-001
 6.9653273e-001
 6.9599521e-001
 6.9717133e-001
 6.9895846e-001
 7.0132035e-001
 7.0159793e-001
 7.0065397e-001
 6.9756514e-001
 6.9216418e-001
 6.9091344e-001
 6.8688303e-001
 6.7994016e-001
 6.7404091e-001
 6.5229452e-001
 6.3060462e-001
 6.6824794e-001
 6.8243146e-001
 6.8312967e-001
 6.8118626e-001
 6.8011081e-001
 6.8164194e-001
 6.7995596e-001
 6.7779452e-001
 6.7661428e-001
 6.7639208e-001
 6.7610329e-001
 6.7861879e-001
 6.7945349e-001
 6.7996156e-001
 6.8063241e-001
 6.8334985e-001
 6.8572456e-001
 6.8716002e-001
 6.8640053e-001
 6.8606472e-001
 6.8734628e-001
 6.8718523e-001
 6.8711388e-001
 6.8566167e-001
 6.8471664e-001
 6.8347090e-001
 6.8120575e-001
 6.7991948e-001
 6.8008202e-001
 6.7981327e-001
 6.7965162e-001
 6.7771041e-001
 6.7605752e-001
 6.7629850e-001
 6.7709363e-001
 6.7482263e-001
 6.7279577e-001
 6.7105961e-001
 6.6988456e-001
 6.6878706e-001
 6.6817987e-001
 6.6681993e-001
 6.6375768e-001
 6.5858459e-001
 6.5186644e-001
 6.5436667e-001
 6.4911318e-001
 6.4628798e-001
 6.4405513e-001
 6.3941461e-001
 6.3450241e-001
 6.3096070e-001
 6.2596667e-001
 6.2192982e-001
 6.1792660e-001
 6.1454636e-001
 6.1030912e-001
 6.0571277e-001
 6.0006773e-001
 5.9519833e-001
 5.9167290e-001
 5.9350640e-001
 6.0125250e-001
 6.0832763e-001
 6.1720282e-001
 6.2487268e-001
 6.3035029e-001
 6.3407999e-001
 6.3561672e-001
 6.3030267e-001
 6.1347860e-001
 5.9745103e-001
 5.9471083e-001
 6.0381931e-001
 6.1331701e-001
 6.2074941e-001
 6.2432599e-001
 6.2467933e-001
 6.2451839e-001
 6.2487507e-001
 6.2336594e-001
 6.2317806e-001
 6.2362248e-001
 6.2349230e-001
 6.2152934e-001
 6.1987823e-001
 6.1664283e-001
 6.1611438e-001
 6.1501592e-001
 6.1489636e-001
 6.1542076e-001
 6.1322588e-001
 6.0704648e-001
 6.0081494e-001
 5.9709269e-001
 5.9306669e-001
 5.9004754e-001
 5.8449727e-001
 5.7680392e-001
 5.7621419e-001
 5.7923281e-001
 5.8075392e-001
 5.7924283e-001
 5.7593775e-001
 5.7344586e-001
 5.6946719e-001
 5.6359124e-001
 5.6069952e-001
-1.2300000e+034
