s07_AV97 Record=3650: Blue_Efflorscnt_Min SU93-300  BECKb AREF
 1.4537987e-001
 1.5917012e-001
 1.7324941e-001
 1.8644820e-001
 1.9796661e-001
 2.0762803e-001
 2.1513510e-001
 2.2217380e-001
 2.2890081e-001
 2.3344767e-001
 2.3573384e-001
 2.3744978e-001
 2.3974967e-001
 2.4392156e-001
 2.4892299e-001
 2.5317580e-001
 2.5513506e-001
 2.5362027e-001
 2.5052136e-001
 2.4573444e-001
 2.3947576e-001
 2.2992818e-001
 2.2147895e-001
 2.1446142e-001
 2.0755848e-001
 1.9871300e-001
 1.8755849e-001
 1.7592968e-001
 1.6500586e-001
 1.5512264e-001
 1.4614673e-001
 1.3800055e-001
 1.4748660e-001
 1.3954271e-001
 1.3227919e-001
 1.2634018e-001
 1.2020271e-001
 1.1604670e-001
 1.1271291e-001
 1.1006366e-001
 1.0800948e-001
 1.0681120e-001
 1.0599237e-001
 1.0567100e-001
 1.0588888e-001
 1.0673549e-001
 1.0711744e-001
 1.0759719e-001
 1.0863423e-001
 1.0960178e-001
 1.1004925e-001
 1.1113884e-001
 1.1147156e-001
 1.1231314e-001
 1.1367477e-001
 1.1442559e-001
 1.1429921e-001
 1.1435109e-001
 1.1482305e-001
 1.1566359e-001
 1.1682507e-001
 1.1765189e-001
 1.1618003e-001
 1.1854189e-001
 1.1955664e-001
 1.2118477e-001
 1.2173114e-001
 1.2267692e-001
 1.2498613e-001
 1.2596376e-001
 1.2702124e-001
 1.2958774e-001
 1.3099144e-001
 1.3297465e-001
 1.3345328e-001
 1.3563246e-001
 1.3765879e-001
 1.3908336e-001
 1.4086443e-001
 1.4229046e-001
 1.4401628e-001
 1.4515564e-001
 1.4699946e-001
 1.4856292e-001
 1.4969359e-001
 1.5156756e-001
 1.5257096e-001
 1.5506028e-001
 1.5611708e-001
 1.5813228e-001
 1.5974183e-001
 1.6124479e-001
 1.6330762e-001
 1.6546847e-001
 1.6693184e-001
 1.6851042e-001
 1.6631302e-001
 1.6766436e-001
 1.6959931e-001
 1.7182788e-001
 1.7306684e-001
 1.7428866e-001
 1.7623141e-001
 1.7784290e-001
 1.7944637e-001
 1.8082502e-001
 1.8104184e-001
 1.8179092e-001
 1.8329974e-001
 1.8297306e-001
 1.8134587e-001
 1.7891955e-001
 1.7608199e-001
 1.7747536e-001
 1.7611264e-001
 1.7137574e-001
 1.6612135e-001
 1.6092189e-001
 1.5825863e-001
 1.5602183e-001
 1.5376851e-001
 1.5179443e-001
 1.5032189e-001
 1.4976649e-001
 1.5044169e-001
 1.5051498e-001
 1.5212061e-001
 1.5177390e-001
 1.5103246e-001
 1.5086326e-001
 1.5028836e-001
 1.4915307e-001
 1.4757076e-001
 1.4698301e-001
 1.4482388e-001
 1.4326955e-001
 1.4058618e-001
 1.3995300e-001
 1.3909121e-001
 1.3713016e-001
 1.3734613e-001
 1.3861915e-001
 1.3833897e-001
 1.3789348e-001
 1.3890697e-001
 1.3947745e-001
 1.4280565e-001
 1.4310233e-001
 1.4399952e-001
 1.4555822e-001
 1.4602439e-001
 1.4521974e-001
 1.4707428e-001
 1.4750049e-001
 1.4795841e-001
 1.4773273e-001
 1.4929688e-001
 1.4852522e-001
 1.4650647e-001
 1.4392550e-001
 1.4501305e-001
 1.4050879e-001
 1.3298304e-001
 1.2350446e-001
 1.1308756e-001
 1.0248729e-001
 9.2721298e-002
 8.6152852e-002
 8.4719673e-002
 8.3188184e-002
 8.2321301e-002
 8.1221811e-002
 8.1462406e-002
 8.0476269e-002
 8.0337897e-002
 8.2007311e-002
 8.1290357e-002
 8.3055720e-002
 8.4568456e-002
 8.5713238e-002
 8.9637250e-002
 9.4313107e-002
 9.8536223e-002
 1.0139468e-001
 1.0521379e-001
 1.1104822e-001
 1.1254658e-001
 1.1393171e-001
 1.1575009e-001
 1.1715845e-001
 1.1667471e-001
 1.1828765e-001
 1.1847307e-001
 1.1571175e-001
 1.1750802e-001
 1.2243732e-001
 1.2426395e-001
 1.2217040e-001
 1.2011879e-001
 1.2053461e-001
 1.1742657e-001
 1.1235441e-001
 1.1268596e-001
 1.0356157e-001
 9.9474579e-002
 9.5367983e-002
 9.1274962e-002
 8.5813276e-002
 8.2295582e-002
 8.0656052e-002
 7.6566391e-002
 7.8073479e-002
 7.6348267e-002
 7.4254356e-002
 7.2700948e-002
 7.0873618e-002
 6.9245666e-002
 6.8514831e-002
 6.8375282e-002
 6.8056785e-002
 6.7037627e-002
 6.5566942e-002
 6.4053483e-002
 6.2783979e-002
