s07_AV97 Record=3122: Stilbite HS482.3B Zeolite     BECKb AREF
 3.6326084e-001
 3.7883890e-001
 3.9709765e-001
 4.1557389e-001
 4.3260059e-001
 4.5212322e-001
 4.7207063e-001
 4.9718359e-001
 5.1818448e-001
 5.3109139e-001
 5.4074019e-001
 5.5026823e-001
 5.6290168e-001
 5.8042610e-001
 5.9651691e-001
 6.1463708e-001
 6.3417155e-001
 6.5473181e-001
 6.7779368e-001
 7.0490998e-001
 7.2992676e-001
 7.5260562e-001
 7.7202660e-001
 7.8394920e-001
 7.9374701e-001
 8.0106479e-001
 8.0479479e-001
 8.0942941e-001
 8.1454116e-001
 8.1777316e-001
 8.2177687e-001
 8.2542497e-001
 8.2120162e-001
 8.2474434e-001
 8.2902646e-001
 8.3099824e-001
 8.2801199e-001
 8.1482589e-001
 8.0146164e-001
 7.8807586e-001
 7.7465075e-001
 7.6122147e-001
 7.4777621e-001
 7.3433298e-001
 7.2091663e-001
 7.0750940e-001
 6.9423836e-001
 6.8078840e-001
 6.6751200e-001
 6.5448976e-001
 6.4118093e-001
 6.2811249e-001
 6.1493510e-001
 6.0285819e-001
 5.8955544e-001
 5.7638603e-001
-1.2300000e+034
-1.2300000e+034
-1.2300000e+034
-1.2300000e+034
 5.1582259e-001
 5.0385892e-001
 4.9267459e-001
 4.8158240e-001
 4.7018865e-001
 4.5953318e-001
 4.4876450e-001
 4.3836883e-001
 4.2833865e-001
 4.1830075e-001
 4.0874267e-001
 3.9942434e-001
 3.9038169e-001
 3.8163885e-001
 3.7320533e-001
 3.6509147e-001
 3.5730821e-001
 3.4986624e-001
 3.4277651e-001
 3.3604932e-001
 3.2968855e-001
 3.2371709e-001
 3.1813195e-001
 3.1295401e-001
 3.0818170e-001
 3.0383033e-001
 2.9991356e-001
 2.9643318e-001
 2.9340392e-001
 2.9083633e-001
 2.8874078e-001
 2.8712735e-001
 2.8600618e-001
 2.8538641e-001
 2.8527915e-001
 2.8569287e-001
 2.8529453e-001
 2.8544420e-001
 2.8615820e-001
 2.8744763e-001
 2.8932115e-001
 2.9179394e-001
 2.9487517e-001
 2.9857621e-001
 3.0290779e-001
 3.0788109e-001
 3.1350741e-001
 3.1979743e-001
 3.2675517e-001
 3.3440542e-001
 3.4275278e-001
 3.5180822e-001
 3.6158282e-001
 3.7207681e-001
 3.8332215e-001
 3.9531988e-001
 4.0808097e-001
 4.2160267e-001
 4.3592301e-001
 4.5104006e-001
 4.6691909e-001
 4.8378691e-001
 5.0140482e-001
 5.1592869e-001
 5.2337062e-001
 5.3159428e-001
 5.3578132e-001
 5.3698319e-001
 5.4239184e-001
 5.4345614e-001
 5.4682291e-001
 5.4862922e-001
 5.5006939e-001
 5.5307800e-001
 5.5409288e-001
 5.5915314e-001
 5.6172067e-001
 5.6470650e-001
 5.6601530e-001
 5.6656504e-001
 5.5990410e-001
 5.5676788e-001
 5.4821175e-001
 5.3238595e-001
 5.2317542e-001
 5.0908923e-001
 5.0090349e-001
 4.9736464e-001
 4.9370193e-001
 4.9082384e-001
 4.8455438e-001
 4.8088798e-001
 4.7759914e-001
 4.6976563e-001
 4.6412882e-001
 4.5355278e-001
 4.2590067e-001
 3.9516070e-001
 3.4056917e-001
 2.6510504e-001
 2.9027471e-001
 2.0808925e-001
 1.2798518e-001
 8.5231759e-002
 8.2834296e-002
 9.5635362e-002
 1.1517731e-001
 1.3145630e-001
 1.4238006e-001
 1.5525113e-001
 1.6926408e-001
 1.8264437e-001
 2.0136768e-001
 2.2240481e-001
 2.4245356e-001
 2.6085275e-001
 2.7881518e-001
 2.9029939e-001
 2.9852054e-001
 3.0664328e-001
 3.1310153e-001
 3.1656843e-001
 3.2354900e-001
 3.2979566e-001
 3.3601967e-001
 3.4420148e-001
 3.4623995e-001
 3.4731790e-001
 3.5148370e-001
 3.5393259e-001
 3.5584524e-001
 3.5488915e-001
 3.5410073e-001
 3.5542801e-001
 3.5368386e-001
 3.5411650e-001
 3.5147974e-001
 3.4755373e-001
 3.4165877e-001
 3.3689132e-001
 3.3241430e-001
 3.1668445e-001
 3.0140874e-001
 2.9700494e-001
 2.7362856e-001
 2.5817543e-001
 2.4221019e-001
 2.2542961e-001
 2.0689437e-001
 1.8417260e-001
 1.6356169e-001
 1.4554152e-001
 1.3015500e-001
 1.1626302e-001
 1.0452424e-001
 9.6060209e-002
 8.9940079e-002
 8.4816799e-002
 8.0850065e-002
 7.7435061e-002
 7.5130895e-002
 7.3286340e-002
 7.1105599e-002
 6.8079986e-002
