s07_AV97 Record=1841: Kieserite KIEDE1.b fine gr   ASDFRc AREF
 7.5261450e-001
 7.6927578e-001
 7.8524530e-001
 7.9836375e-001
 8.0889070e-001
 8.1755173e-001
 8.2482463e-001
 8.3084649e-001
 8.3614367e-001
 8.4091812e-001
 8.4520608e-001
 8.4928769e-001
 8.5329747e-001
 8.5713619e-001
 8.6077654e-001
 8.6400956e-001
 8.6709583e-001
 8.7054980e-001
 8.7465221e-001
 8.7974501e-001
 8.8554382e-001
 8.9137286e-001
 8.9623034e-001
 8.9973891e-001
 9.0276915e-001
 9.0522075e-001
 9.0728503e-001
 9.0929919e-001
 9.1111463e-001
 9.1306120e-001
 9.1495311e-001
 9.1673970e-001
 9.1466022e-001
 9.1639459e-001
 9.1801578e-001
 9.1969764e-001
 9.2122853e-001
 9.2265815e-001
 9.2393291e-001
 9.2498493e-001
 9.2603803e-001
 9.2694241e-001
 9.2764992e-001
 9.2815983e-001
 9.2881536e-001
 9.2937094e-001
 9.2995614e-001
 9.3061846e-001
 9.3129957e-001
 9.3201941e-001
 9.3259633e-001
 9.3316847e-001
 9.3356615e-001
 9.3400842e-001
 9.3449926e-001
 9.3466586e-001
 9.3495148e-001
 9.3495810e-001
 9.3542016e-001
 9.3574566e-001
 9.3589997e-001
 9.3610752e-001
 9.3592906e-001
 9.3547779e-001
 9.3496078e-001
 9.3408793e-001
 9.3284643e-001
 9.3161136e-001
 9.3015975e-001
 9.2843884e-001
 9.2793846e-001
 9.2784786e-001
 9.2889279e-001
 9.3026757e-001
 9.3242973e-001
 9.3431175e-001
 9.3595445e-001
 9.3779147e-001
 9.3908530e-001
 9.4058132e-001
 9.4091743e-001
 9.4158274e-001
 9.4103247e-001
 9.4041079e-001
 9.3923789e-001
 9.3691301e-001
 9.3391806e-001
 9.3040943e-001
 9.2614251e-001
 9.2129040e-001
 9.1498941e-001
 9.0851116e-001
 9.0333980e-001
 8.9736617e-001
 8.9223641e-001
 8.8845789e-001
 8.9494228e-001
 8.9018261e-001
 8.8707751e-001
 8.8446850e-001
 8.8175881e-001
 8.7982750e-001
 8.7856930e-001
 8.7765306e-001
 8.7565482e-001
 8.7263274e-001
 8.6936128e-001
 8.6821759e-001
 8.6539924e-001
 8.6191446e-001
 8.5762215e-001
 8.5255426e-001
 8.4465533e-001
 8.3536637e-001
 8.2347077e-001
 8.0993509e-001
 7.9506344e-001
 7.7631849e-001
 7.5683308e-001
 7.3530698e-001
 7.1365863e-001
 6.9123346e-001
 6.7036724e-001
 6.4899266e-001
 6.2848550e-001
 6.0956025e-001
 6.0308486e-001
 6.0585696e-001
 6.0546625e-001
 6.0169494e-001
 5.9506053e-001
 5.8736539e-001
 5.8202994e-001
 5.7992601e-001
 5.8043206e-001
 5.8240956e-001
 5.8316588e-001
 5.8233917e-001
 5.8062798e-001
 5.7889050e-001
 5.7752651e-001
 5.7510984e-001
 5.7468987e-001
 5.7620627e-001
 5.7845688e-001
 5.8160919e-001
 5.8708984e-001
 5.9253925e-001
 5.9687394e-001
 6.0185087e-001
 6.0739690e-001
 6.1272120e-001
 6.1688876e-001
 6.2009305e-001
 6.2124872e-001
 6.1992902e-001
 6.1596334e-001
 6.0938996e-001
 5.9835696e-001
 5.8132559e-001
 5.8837932e-001
 5.7146448e-001
 5.5998152e-001
 5.5348307e-001
 5.4816133e-001
 5.3921759e-001
 5.2049953e-001
 4.9238858e-001
 4.6064717e-001
 4.4671494e-001
 4.4848984e-001
 4.5072740e-001
 4.4840449e-001
 4.3479383e-001
 4.1115361e-001
 3.8312194e-001
 3.5611945e-001
 3.3447251e-001
 3.2199413e-001
 3.1821933e-001
 3.1571120e-001
 3.1312519e-001
 3.1128484e-001
 3.0806255e-001
 3.0131960e-001
 2.9425952e-001
 2.9550827e-001
 3.1616011e-001
 3.5536286e-001
 3.9674830e-001
 4.2846698e-001
 4.4893155e-001
 4.6013170e-001
 4.6339396e-001
 4.6362031e-001
 4.6651641e-001
 4.7101378e-001
 4.7597599e-001
 4.7906125e-001
 4.7521576e-001
 4.6484315e-001
 4.5415458e-001
 4.4870734e-001
 4.4822204e-001
 4.4798532e-001
 4.4418702e-001
 4.3920574e-001
 4.2960513e-001
 4.1820520e-001
 4.0211588e-001
 3.7778607e-001
 3.4428608e-001
 3.1813213e-001
 3.3046737e-001
 3.6182359e-001
 3.7933052e-001
 3.8323274e-001
 3.7786412e-001
 3.6752304e-001
 3.5884318e-001
 3.4901905e-001
 3.3747140e-001
 3.2665664e-001
-1.2300000e+034
