s07_AV97 Record=2384: Nontronite SWa-1.b  <2um     NIC4aa RREF
-1.2300000e+034
-1.2300000e+034
-1.2300000e+034
-1.2300000e+034
-1.2300000e+034
-1.2300000e+034
-1.2300000e+034
-1.2300000e+034
-1.2300000e+034
-1.2300000e+034
-1.2300000e+034
-1.2300000e+034
-1.2300000e+034
-1.2300000e+034
-1.2300000e+034
-1.2300000e+034
-1.2300000e+034
-1.2300000e+034
-1.2300000e+034
-1.2300000e+034
-1.2300000e+034
-1.2300000e+034
-1.2300000e+034
-1.2300000e+034
-1.2300000e+034
-1.2300000e+034
-1.2300000e+034
-1.2300000e+034
-1.2300000e+034
-1.2300000e+034
-1.2300000e+034
-1.2300000e+034
-1.2300000e+034
-1.2300000e+034
-1.2300000e+034
-1.2300000e+034
-1.2300000e+034
-1.2300000e+034
-1.2300000e+034
-1.2300000e+034
-1.2300000e+034
-1.2300000e+034
-1.2300000e+034
-1.2300000e+034
-1.2300000e+034
-1.2300000e+034
-1.2300000e+034
-1.2300000e+034
-1.2300000e+034
-1.2300000e+034
-1.2300000e+034
-1.2300000e+034
-1.2300000e+034
-1.2300000e+034
-1.2300000e+034
-1.2300000e+034
-1.2300000e+034
-1.2300000e+034
-1.2300000e+034
-1.2300000e+034
-1.2300000e+034
-1.2300000e+034
-1.2300000e+034
-1.2300000e+034
-1.2300000e+034
-1.2300000e+034
-1.2300000e+034
-1.2300000e+034
-1.2300000e+034
-1.2300000e+034
-1.2300000e+034
-1.2300000e+034
-1.2300000e+034
-1.2300000e+034
-1.2300000e+034
-1.2300000e+034
-1.2300000e+034
-1.2300000e+034
-1.2300000e+034
-1.2300000e+034
-1.2300000e+034
-1.2300000e+034
-1.2300000e+034
-1.2300000e+034
-1.2300000e+034
-1.2300000e+034
-1.2300000e+034
-1.2300000e+034
-1.2300000e+034
-1.2300000e+034
-1.2300000e+034
-1.2300000e+034
-1.2300000e+034
-1.2300000e+034
-1.2300000e+034
-1.2300000e+034
-1.2300000e+034
-1.2300000e+034
-1.2300000e+034
-1.2300000e+034
-1.2300000e+034
-1.2300000e+034
-1.2300000e+034
-1.2300000e+034
-1.2300000e+034
-1.2300000e+034
-1.2300000e+034
-1.2300000e+034
-1.2300000e+034
-1.2300000e+034
 3.4755367e-001
 3.0733961e-001
 2.8399903e-001
 2.8186309e-001
 2.9076058e-001
 3.1169912e-001
 3.3092076e-001
 3.3637482e-001
 3.4241608e-001
 3.5103056e-001
 3.5766739e-001
 3.6276272e-001
 3.6685371e-001
 3.7022415e-001
 3.7347344e-001
 3.7683648e-001
 3.8014746e-001
 3.8306418e-001
 3.8570824e-001
 3.8801846e-001
 3.9032811e-001
 3.9285707e-001
 3.9535627e-001
 3.9765158e-001
 3.9971268e-001
 4.0145463e-001
 4.0297070e-001
 4.0447167e-001
 4.0615663e-001
 4.0755937e-001
 4.0866441e-001
 4.0931135e-001
 4.0936175e-001
 4.0914497e-001
 4.0897387e-001
 4.0911844e-001
 4.0910789e-001
 4.0872911e-001
 4.0797246e-001
 4.0665865e-001
 4.0507826e-001
 4.0368015e-001
 4.0248743e-001
 4.0143409e-001
 4.0005800e-001
 3.9775264e-001
 3.9353940e-001
 3.8461229e-001
 3.6460826e-001
 3.2636508e-001
 3.4085467e-001
 2.8707576e-001
 2.2696975e-001
 2.0903356e-001
 2.3015742e-001
 2.5703093e-001
 2.7682158e-001
 2.9061440e-001
 3.0086279e-001
 3.0917099e-001
 3.1703815e-001
 3.2515338e-001
 3.3347356e-001
 3.4198797e-001
 3.5012674e-001
 3.5716525e-001
 3.6262301e-001
 3.6647540e-001
 3.6887136e-001
 3.6993885e-001
 3.7013355e-001
 3.7010920e-001
 3.7009892e-001
 3.7036613e-001
 3.7112951e-001
 3.7198967e-001
 3.7258235e-001
 3.7239200e-001
 3.7007025e-001
 3.6383995e-001
 3.5382518e-001
 3.4300256e-001
 3.3435318e-001
 3.2531103e-001
 3.1150395e-001
 2.9594117e-001
 2.8956890e-001
 2.9483661e-001
 2.9844108e-001
 2.8339922e-001
 2.5801548e-001
 2.4499251e-001
 2.5609797e-001
 2.7606258e-001
 2.8833887e-001
 2.8893808e-001
 2.8252673e-001
 2.7350694e-001
 2.6231313e-001
 2.4974434e-001
 2.3957966e-001
 2.3151112e-001
 2.2471882e-001
 2.2159600e-001
 2.2075923e-001
 2.1836673e-001
 2.1447949e-001
 2.1016541e-001
 2.0543580e-001
 2.0069528e-001
 1.9556980e-001
 1.8971430e-001
 1.8425755e-001
 1.8061237e-001
