s07_AV97 Record=3698: Calcite+Talc PC99-1G         ASDFRc AREF
 3.1887501e-001
 3.2652229e-001
 3.3586073e-001
 3.4348360e-001
 3.5103974e-001
 3.5798275e-001
 3.6393294e-001
 3.6865434e-001
 3.7349889e-001
 3.7776428e-001
 3.8117799e-001
 3.8422227e-001
 3.8609877e-001
 3.8733482e-001
 3.8860914e-001
 3.8950750e-001
 3.8993874e-001
 3.9002627e-001
 3.9017195e-001
 3.8998398e-001
 3.8950008e-001
 3.8868400e-001
 3.8802385e-001
 3.8734448e-001
 3.8651788e-001
 3.8531664e-001
 3.8435170e-001
 3.8323733e-001
 3.8190952e-001
 3.8066855e-001
 3.7953928e-001
 3.7855613e-001
 3.7970513e-001
 3.7873763e-001
 3.7781614e-001
 3.7693900e-001
 3.7619567e-001
 3.7543347e-001
 3.7475508e-001
 3.7400630e-001
 3.7356901e-001
 3.7309688e-001
 3.7269008e-001
 3.7232116e-001
 3.7171867e-001
 3.7084654e-001
 3.6961773e-001
 3.6810979e-001
 3.6640754e-001
 3.6468670e-001
 3.6296561e-001
 3.6145145e-001
 3.6020678e-001
 3.5924119e-001
 3.5854539e-001
 3.5808021e-001
 3.5788161e-001
 3.5788110e-001
 3.5796773e-001
 3.5806432e-001
 3.5808459e-001
 3.5730988e-001
 3.5252023e-001
 3.5635912e-001
 3.5645446e-001
 3.5611716e-001
 3.5576385e-001
 3.5531980e-001
 3.5494691e-001
 3.5454518e-001
 3.5407335e-001
 3.5339060e-001
 3.5325289e-001
 3.5264081e-001
 3.5269499e-001
 3.5264933e-001
 3.5282347e-001
 3.5296243e-001
 3.5354283e-001
 3.5373381e-001
 3.5408923e-001
 3.5439017e-001
 3.5422254e-001
 3.5444957e-001
 3.5500878e-001
 3.5562867e-001
 3.5628805e-001
 3.5717490e-001
 3.5807678e-001
 3.5871944e-001
 3.5954261e-001
 3.6059931e-001
 3.6138812e-001
 3.6192107e-001
 3.6205029e-001
 3.6091307e-001
 3.6204419e-001
 3.6181146e-001
 3.6011219e-001
 3.6126250e-001
 3.6203256e-001
 3.6254656e-001
 3.6348319e-001
 3.6352652e-001
 3.6362511e-001
 3.6344036e-001
 3.6172137e-001
 3.5766846e-001
 3.4619051e-001
 3.0602998e-001
 2.7451071e-001
 3.1521019e-001
 3.2543635e-001
 3.3032703e-001
 3.3531636e-001
 3.3901083e-001
 3.4144601e-001
 3.4343976e-001
 3.4588796e-001
 3.4846476e-001
 3.5071272e-001
 3.5285103e-001
 3.5500064e-001
 3.5639060e-001
 3.5761732e-001
 3.5940698e-001
 3.6114565e-001
 3.6252075e-001
 3.6350626e-001
 3.6425811e-001
 3.6487472e-001
 3.6533830e-001
 3.6568850e-001
 3.6582321e-001
 3.6606023e-001
 3.6607027e-001
 3.6626533e-001
 3.6637223e-001
 3.6636266e-001
 3.6614525e-001
 3.6590317e-001
 3.6560825e-001
 3.6495870e-001
 3.6425927e-001
 3.6308670e-001
 3.6183804e-001
 3.6078900e-001
 3.5980499e-001
 3.5877272e-001
 3.5832816e-001
 3.5723546e-001
 3.5577965e-001
 3.5356188e-001
 3.5248181e-001
 3.4976244e-001
 3.4761158e-001
 3.4362495e-001
 3.3835989e-001
 3.3026379e-001
 3.1573018e-001
 3.2207271e-001
 3.0346179e-001
 2.7948377e-001
 2.6724327e-001
 2.6788822e-001
 2.7007499e-001
 2.7106589e-001
 2.7227187e-001
 2.7419093e-001
 2.7520624e-001
 2.7709606e-001
 2.7892253e-001
 2.8128186e-001
 2.8452951e-001
 2.8877231e-001
 2.9466450e-001
 2.9843083e-001
 3.0051896e-001
 3.0124453e-001
 2.9756424e-001
 2.9179120e-001
 2.9424885e-001
 2.9442862e-001
 2.9301879e-001
 2.9064611e-001
 2.8666776e-001
 2.8826126e-001
 2.9175922e-001
 2.9305649e-001
 2.8987211e-001
 2.8953907e-001
 2.9068014e-001
 2.8852955e-001
 2.8550935e-001
 2.7634934e-001
 2.5568971e-001
 2.5090209e-001
 2.5009206e-001
 2.4336687e-001
 2.2863759e-001
 2.0483005e-001
 1.7534310e-001
 1.7374113e-001
 1.5698031e-001
 1.5832219e-001
 1.7993329e-001
 1.9834046e-001
 2.0445901e-001
 2.0426156e-001
 1.9974394e-001
 1.8629684e-001
 1.7721616e-001
 1.8439047e-001
 1.9998723e-001
 1.9748922e-001
 1.8942232e-001
 1.8685579e-001
 1.8502913e-001
 1.7802057e-001
 1.7485696e-001
 1.7889869e-001
 1.8040092e-001
 1.7521350e-001
-1.2300000e+034
