s07_AV97 Record=3046: Spessartine WS481 Garnet     NIC4cc RREF
-1.2300000e+034
-1.2300000e+034
-1.2300000e+034
-1.2300000e+034
-1.2300000e+034
-1.2300000e+034
-1.2300000e+034
-1.2300000e+034
-1.2300000e+034
-1.2300000e+034
-1.2300000e+034
-1.2300000e+034
-1.2300000e+034
-1.2300000e+034
-1.2300000e+034
-1.2300000e+034
-1.2300000e+034
-1.2300000e+034
-1.2300000e+034
-1.2300000e+034
-1.2300000e+034
-1.2300000e+034
-1.2300000e+034
-1.2300000e+034
-1.2300000e+034
-1.2300000e+034
-1.2300000e+034
-1.2300000e+034
-1.2300000e+034
-1.2300000e+034
-1.2300000e+034
-1.2300000e+034
-1.2300000e+034
-1.2300000e+034
-1.2300000e+034
-1.2300000e+034
-1.2300000e+034
-1.2300000e+034
-1.2300000e+034
-1.2300000e+034
-1.2300000e+034
-1.2300000e+034
-1.2300000e+034
-1.2300000e+034
-1.2300000e+034
-1.2300000e+034
-1.2300000e+034
-1.2300000e+034
-1.2300000e+034
-1.2300000e+034
-1.2300000e+034
-1.2300000e+034
-1.2300000e+034
-1.2300000e+034
-1.2300000e+034
-1.2300000e+034
-1.2300000e+034
-1.2300000e+034
-1.2300000e+034
-1.2300000e+034
-1.2300000e+034
-1.2300000e+034
-1.2300000e+034
-1.2300000e+034
-1.2300000e+034
-1.2300000e+034
-1.2300000e+034
-1.2300000e+034
-1.2300000e+034
-1.2300000e+034
-1.2300000e+034
-1.2300000e+034
-1.2300000e+034
-1.2300000e+034
-1.2300000e+034
-1.2300000e+034
-1.2300000e+034
-1.2300000e+034
-1.2300000e+034
-1.2300000e+034
-1.2300000e+034
-1.2300000e+034
-1.2300000e+034
-1.2300000e+034
-1.2300000e+034
-1.2300000e+034
-1.2300000e+034
-1.2300000e+034
-1.2300000e+034
-1.2300000e+034
-1.2300000e+034
-1.2300000e+034
-1.2300000e+034
-1.2300000e+034
-1.2300000e+034
-1.2300000e+034
-1.2300000e+034
-1.2300000e+034
-1.2300000e+034
-1.2300000e+034
-1.2300000e+034
-1.2300000e+034
-1.2300000e+034
-1.2300000e+034
-1.2300000e+034
-1.2300000e+034
-1.2300000e+034
-1.2300000e+034
-1.2300000e+034
-1.2300000e+034
-1.2300000e+034
-1.2300000e+034
-1.2300000e+034
-1.2300000e+034
-1.2300000e+034
-1.2300000e+034
-1.2300000e+034
-1.2300000e+034
-1.2300000e+034
-1.2300000e+034
-1.2300000e+034
-1.2300000e+034
-1.2300000e+034
-1.2300000e+034
-1.2300000e+034
-1.2300000e+034
-1.2300000e+034
-1.2300000e+034
-1.2300000e+034
-1.2300000e+034
-1.2300000e+034
 5.9598351e-001
 6.0388339e-001
 6.1312181e-001
 6.2139487e-001
 6.2926680e-001
 6.3660812e-001
 6.4346677e-001
 6.4988923e-001
 6.5581638e-001
 6.6139024e-001
 6.6649252e-001
 6.7135960e-001
 6.7593658e-001
 6.8031472e-001
 6.8476278e-001
 6.8922538e-001
 6.9332218e-001
 6.9688594e-001
 7.0006198e-001
 7.0333827e-001
 7.0648438e-001
 7.0991868e-001
 7.1351218e-001
 7.1697098e-001
 7.2043008e-001
 7.2269553e-001
 7.2457933e-001
 7.2717279e-001
 7.2796470e-001
 7.2773701e-001
 7.2874117e-001
 7.3004997e-001
 7.3164624e-001
 7.3414677e-001
 7.3639280e-001
 7.3846310e-001
 7.4015498e-001
 7.4180901e-001
 7.4353188e-001
 7.4557382e-001
 7.4772924e-001
 7.5010449e-001
 7.5232381e-001
 7.5428206e-001
 7.5599271e-001
 7.5720894e-001
 7.5835276e-001
 7.5924867e-001
 7.6013845e-001
 7.6129216e-001
 7.6264423e-001
 7.6435822e-001
 7.6619595e-001
 7.6786548e-001
 7.6923567e-001
 7.7003944e-001
 7.7035981e-001
 7.7024120e-001
 7.7022499e-001
 7.7021921e-001
 7.6977533e-001
 7.6925772e-001
 7.6975632e-001
 7.7337074e-001
 7.7593136e-001
 7.7781153e-001
 7.7888983e-001
 7.7884740e-001
 7.7888417e-001
 7.7900404e-001
 7.7885199e-001
 7.7877164e-001
 7.7832085e-001
 7.7840650e-001
 7.7832335e-001
 7.7749670e-001
 7.7651751e-001
 7.7419192e-001
 7.7432293e-001
 7.7609688e-001
 7.7777416e-001
 7.7912259e-001
 7.7999014e-001
 7.7989107e-001
 7.7910978e-001
 7.7807158e-001
 7.7706242e-001
 7.7645129e-001
 7.7613366e-001
 7.7559930e-001
 7.7534729e-001
 7.7515095e-001
 7.7525127e-001
