s07_AV97 Record=2262: Muscovite GDS117 Isinglas     BECKa AREF
 5.3976470e-001
 5.6081408e-001
 5.8219552e-001
 6.0528857e-001
 6.2440938e-001
 6.4018404e-001
 6.4749193e-001
 6.5353763e-001
 6.6515797e-001
 6.8248540e-001
 6.9360262e-001
 7.0285010e-001
 7.1108651e-001
 7.1808982e-001
 7.2333294e-001
 7.2807837e-001
 7.3129380e-001
 7.3442900e-001
 7.3698163e-001
 7.4031007e-001
 7.4211359e-001
 7.4301118e-001
 7.4422580e-001
 7.4571133e-001
 7.4794537e-001
 7.4890190e-001
 7.4972135e-001
 7.4989730e-001
 7.5079036e-001
 7.5120974e-001
 7.5222784e-001
 7.5265664e-001
 7.5212795e-001
 7.5243586e-001
 7.5310212e-001
 7.5435787e-001
 7.5454241e-001
 7.5375897e-001
 7.5437856e-001
 7.5449508e-001
 7.5417656e-001
 7.5367314e-001
 7.5310630e-001
 7.5329196e-001
 7.5310498e-001
 7.5186926e-001
 7.5197649e-001
 7.5155121e-001
 7.5124872e-001
 7.4993730e-001
 7.5044656e-001
 7.4581844e-001
 7.4176830e-001
 7.3928678e-001
 7.3804164e-001
 7.3598498e-001
 7.3853248e-001
 7.3514307e-001
 7.3492706e-001
 7.3556304e-001
 7.3780501e-001
 7.3783737e-001
 7.3897338e-001
 7.3608345e-001
 7.4078864e-001
 7.4632251e-001
 7.4843830e-001
 7.4915421e-001
 7.5150692e-001
 7.5333720e-001
 7.5507772e-001
 7.5582731e-001
 7.5423300e-001
 7.5682563e-001
 7.5732654e-001
 7.5707418e-001
 7.5755048e-001
 7.5998771e-001
 7.6026785e-001
 7.6271802e-001
 7.6315111e-001
 7.6554322e-001
 7.6875466e-001
 7.7091777e-001
 7.7225703e-001
 7.7640283e-001
 7.7781451e-001
 7.8202945e-001
 7.8555048e-001
 7.8973645e-001
 7.9247475e-001
 7.9399699e-001
 7.9646933e-001
 7.9795796e-001
 8.0309379e-001
 8.0752325e-001
 8.0050164e-001
 8.0523783e-001
 8.0874968e-001
 8.0972403e-001
 8.0989158e-001
 8.1064910e-001
 8.1037509e-001
 8.1168711e-001
 8.1410444e-001
 8.1768739e-001
 8.1901050e-001
 8.1759727e-001
 8.1034267e-001
 7.9650652e-001
 7.3653275e-001
 6.2697893e-001
 5.9510434e-001
 6.7847401e-001
 7.6236624e-001
 7.9816216e-001
 8.0917621e-001
 8.1563115e-001
 8.2251507e-001
 8.2563031e-001
 8.2956100e-001
 8.3529556e-001
 8.3896095e-001
 8.4143353e-001
 8.4336001e-001
 8.4705007e-001
 8.4983879e-001
 8.5265058e-001
 8.5199684e-001
 8.5290861e-001
 8.5318494e-001
 8.5441327e-001
 8.5561621e-001
 8.5555345e-001
 8.5672736e-001
 8.5621911e-001
 8.5659039e-001
 8.5655528e-001
 8.5778779e-001
 8.5799843e-001
 8.5861534e-001
 8.6011112e-001
 8.6042398e-001
 8.5882157e-001
 8.5892069e-001
 8.5742283e-001
 8.5538465e-001
 8.5204601e-001
 8.4980100e-001
 8.5006469e-001
 8.5125732e-001
 8.4852594e-001
 8.4713548e-001
 8.4438825e-001
 8.4039032e-001
 8.3904165e-001
 8.3700824e-001
 8.3633047e-001
 8.2505131e-001
 8.0165273e-001
 8.0964965e-001
 7.8592122e-001
 7.6021564e-001
 7.3516238e-001
 7.2795606e-001
 7.3146886e-001
 7.3751426e-001
 7.4293268e-001
 7.4896657e-001
 7.5670886e-001
 7.6315057e-001
 7.7043319e-001
 7.7654368e-001
 7.8365666e-001
 7.8858519e-001
 7.9279721e-001
 7.9455316e-001
 7.9288942e-001
 7.9591346e-001
 7.9840332e-001
 7.9390019e-001
 7.8928703e-001
 7.7555859e-001
 7.5842428e-001
 7.4972725e-001
 7.4840730e-001
 7.4826241e-001
 7.3571026e-001
 7.1312648e-001
 6.7409420e-001
 6.0703093e-001
 5.2079415e-001
 4.6196967e-001
 4.7707856e-001
 5.3425419e-001
 5.8339399e-001
 6.1030871e-001
 6.3508469e-001
 6.5614158e-001
 6.6898209e-001
 6.7128122e-001
 6.6969895e-001
 6.5903318e-001
 6.3288701e-001
 6.0309958e-001
 5.6510299e-001
 5.3573823e-001
 5.2061713e-001
 5.2401853e-001
 5.3515363e-001
 5.3381491e-001
 5.3228140e-001
 5.3211373e-001
 5.2261513e-001
 5.0581092e-001
 4.8989308e-001
 4.7923285e-001
 4.7662178e-001
 4.7996712e-001
 4.8673570e-001
 4.9401900e-001
 5.0143623e-001
 5.0909078e-001
 5.1690501e-001
