s07_AV97 Record=2990: Siderite HS271.3B            ASDNGa AREF
 4.0029958e-002
 4.1030299e-002
 4.1527651e-002
 4.1948177e-002
 4.2760581e-002
 4.3599952e-002
 4.4413052e-002
 4.5214906e-002
 4.6100121e-002
 4.7187477e-002
 4.8307344e-002
 4.9464531e-002
 5.0829183e-002
 5.2625634e-002
 5.4459099e-002
 5.6647874e-002
 5.9364948e-002
 6.2696233e-002
 6.6693641e-002
 7.1095094e-002
 7.5851984e-002
 8.0613196e-002
 8.5531153e-002
 9.0208575e-002
 9.4781779e-002
 9.9111266e-002
 1.0331059e-001
 1.0740189e-001
 1.1143546e-001
 1.1547665e-001
 1.1953257e-001
 1.2360664e-001
 1.1887316e-001
 1.2283392e-001
 1.2670307e-001
 1.3051517e-001
 1.3425812e-001
 1.3794816e-001
 1.4154127e-001
 1.4506900e-001
 1.4834701e-001
 1.5131266e-001
 1.5378733e-001
 1.5570728e-001
 1.5706095e-001
 1.5760514e-001
 1.5732323e-001
 1.5631188e-001
 1.5445776e-001
 1.5184338e-001
 1.4872824e-001
 1.4511387e-001
 1.4124008e-001
 1.3719989e-001
 1.3312517e-001
 1.2909935e-001
 1.2523971e-001
 1.2162030e-001
 1.1825003e-001
 1.1512079e-001
 1.1227070e-001
 1.0969655e-001
 1.0744084e-001
 1.0555781e-001
 1.0387552e-001
 1.0243113e-001
 1.0131861e-001
 1.0050870e-001
 9.9920839e-002
 9.9545255e-002
 9.9312499e-002
 9.9343523e-002
 9.9510498e-002
 9.9859670e-002
 1.0023593e-001
 1.0075460e-001
 1.0128358e-001
 1.0186737e-001
 1.0244481e-001
 1.0308120e-001
 1.0366011e-001
 1.0418139e-001
 1.0462861e-001
 1.0499793e-001
 1.0534073e-001
 1.0544646e-001
 1.0571524e-001
 1.0596967e-001
 1.0612215e-001
 1.0622748e-001
 1.0644847e-001
 1.0691009e-001
 1.0726215e-001
 1.0774205e-001
 1.0834543e-001
 1.0894147e-001
 1.0802536e-001
 1.0862600e-001
 1.0938973e-001
 1.1034237e-001
 1.1147738e-001
 1.1288583e-001
 1.1446120e-001
 1.1635966e-001
 1.1855668e-001
 1.2107559e-001
 1.2400552e-001
 1.2741467e-001
 1.3121255e-001
 1.3540113e-001
 1.4008893e-001
 1.4523888e-001
 1.5087014e-001
 1.5717292e-001
 1.6422257e-001
 1.7193007e-001
 1.8021178e-001
 1.8908195e-001
 1.9851348e-001
 2.0864913e-001
 2.1922505e-001
 2.3033033e-001
 2.4192826e-001
 2.5389594e-001
 2.6620254e-001
 2.7866161e-001
 2.9127312e-001
 3.0375391e-001
 3.1628159e-001
 3.2869592e-001
 3.4092394e-001
 3.5281405e-001
 3.6413246e-001
 3.7520328e-001
 3.8582060e-001
 3.9586326e-001
 4.0526104e-001
 4.1439804e-001
 4.2284644e-001
 4.3096513e-001
 4.3848258e-001
 4.4517258e-001
 4.5147321e-001
 4.5739865e-001
 4.6278539e-001
 4.6739152e-001
 4.7178039e-001
 4.7611102e-001
 4.8024422e-001
 4.8435637e-001
 4.8813471e-001
 4.9157432e-001
 4.9491262e-001
 4.9785635e-001
 5.0005829e-001
 5.0194472e-001
 5.0353652e-001
 5.0422966e-001
 5.0364804e-001
 5.0008500e-001
 5.0144750e-001
 4.9679092e-001
 4.9086568e-001
 4.8530975e-001
 4.8194864e-001
 4.8118827e-001
 4.8203403e-001
 4.8401287e-001
 4.8654231e-001
 4.8911598e-001
 4.9233809e-001
 4.9570590e-001
 4.9910006e-001
 5.0414181e-001
 5.1033503e-001
 5.1602912e-001
 5.2125382e-001
 5.2628648e-001
 5.3034902e-001
 5.3336048e-001
 5.3626078e-001
 5.3833175e-001
 5.4011899e-001
 5.4097754e-001
 5.4169220e-001
 5.4154199e-001
 5.4038024e-001
 5.3915125e-001
 5.3786302e-001
 5.3764361e-001
 5.3728390e-001
 5.3591859e-001
 5.3350353e-001
 5.2966052e-001
 5.2405995e-001
 5.1656431e-001
 5.0799960e-001
 4.9861038e-001
 4.8807269e-001
 4.7721183e-001
 4.6536338e-001
 4.5368996e-001
 4.4296628e-001
 4.3369216e-001
 4.2634892e-001
 4.2079848e-001
 4.1833466e-001
 4.2029932e-001
 4.2818892e-001
 4.3886843e-001
 4.4812277e-001
 4.5424137e-001
 4.5628858e-001
 4.5414639e-001
 4.4920567e-001
 4.4176215e-001
 4.3165389e-001
 4.1910696e-001
 4.0368024e-001
 3.8633719e-001
 3.6876166e-001
 3.5439157e-001
 3.4487554e-001
-1.2300000e+034
