s07_AV97 Record=443: Anthophyllite HS286.3B       ASDFRc AREF
 3.5310936e-001
 3.6509016e-001
 3.8062754e-001
 3.9548370e-001
 4.0992397e-001
 4.2481422e-001
 4.4420663e-001
 4.6633664e-001
 4.8295981e-001
 4.9031901e-001
 4.9408284e-001
 5.0199234e-001
 5.1695114e-001
 5.3654975e-001
 5.5736315e-001
 5.8140975e-001
 6.0476857e-001
 6.2823164e-001
 6.5031254e-001
 6.7536163e-001
 6.9733560e-001
 7.1464539e-001
 7.2700638e-001
 7.3440844e-001
 7.3933399e-001
 7.4185067e-001
 7.4383950e-001
 7.4501598e-001
 7.4604636e-001
 7.4823332e-001
 7.5075126e-001
 7.5364751e-001
 7.5028789e-001
 7.5309479e-001
 7.5561637e-001
 7.5753701e-001
 7.6012087e-001
 7.6406568e-001
 7.6851457e-001
 7.7216882e-001
 7.7520978e-001
 7.7553231e-001
 7.7288550e-001
 7.6639527e-001
 7.5567573e-001
 7.4142349e-001
 7.2330725e-001
 7.0232755e-001
 6.7985302e-001
 6.5639716e-001
 6.3262784e-001
 6.0928518e-001
 5.8702385e-001
 5.6652588e-001
 5.4759610e-001
 5.3033882e-001
 5.1501530e-001
 5.0249308e-001
 4.9240169e-001
 4.8517734e-001
 4.8018101e-001
 4.7838894e-001
 4.7842577e-001
 4.8589486e-001
 4.9556592e-001
 5.0942445e-001
 5.2783114e-001
 5.5041105e-001
 5.7406324e-001
 6.0120976e-001
 6.2689614e-001
 6.4879519e-001
 6.7138666e-001
 6.8996012e-001
 7.0816296e-001
 7.2398371e-001
 7.3628879e-001
 7.4824929e-001
 7.5824612e-001
 7.6659763e-001
 7.7517122e-001
 7.8154731e-001
 7.8820556e-001
 7.9383534e-001
 7.9817712e-001
 8.0253506e-001
 8.0618382e-001
 8.1117946e-001
 8.1581640e-001
 8.1823742e-001
 8.2244629e-001
 8.2606900e-001
 8.2899165e-001
 8.3242667e-001
 8.3534247e-001
 8.3459622e-001
 8.3394057e-001
 8.3560055e-001
 8.3359206e-001
 8.3848333e-001
 8.4114665e-001
 8.4287906e-001
 8.4572023e-001
 8.4665847e-001
 8.4896815e-001
 8.4947407e-001
 8.4834450e-001
 8.4652466e-001
 8.4117413e-001
 7.8712773e-001
 6.6599584e-001
 7.8712106e-001
 8.2249182e-001
 8.3578497e-001
 8.4227759e-001
 8.4540749e-001
 8.4722024e-001
 8.4861195e-001
 8.4920299e-001
 8.5030305e-001
 8.5079879e-001
 8.5140520e-001
 8.5287213e-001
 8.5324240e-001
 8.5154969e-001
 8.5158831e-001
 8.5363942e-001
 8.5440403e-001
 8.5391939e-001
 8.5333920e-001
 8.5305154e-001
 8.5315496e-001
 8.5286272e-001
 8.5232157e-001
 8.5182613e-001
 8.5090739e-001
 8.5065430e-001
 8.4964758e-001
 8.4783971e-001
 8.4561509e-001
 8.4251660e-001
 8.4068251e-001
 8.3901680e-001
 8.3663434e-001
 8.3274114e-001
 8.2954907e-001
 8.2619900e-001
 8.2292902e-001
 8.1967938e-001
 8.1490755e-001
 8.0997872e-001
 8.0514556e-001
 8.0045390e-001
 7.9597974e-001
 7.9132062e-001
 7.8708279e-001
 7.8322232e-001
 7.7882421e-001
 7.7389383e-001
 7.6627958e-001
 7.6960123e-001
 7.6088309e-001
 7.4991161e-001
 7.3956233e-001
 7.3291224e-001
 7.2827441e-001
 7.2360104e-001
 7.1877593e-001
 7.1342081e-001
 7.0726216e-001
 7.0158207e-001
 6.9478536e-001
 6.8887210e-001
 6.8123138e-001
 6.7784375e-001
 6.7516172e-001
 6.6950071e-001
 6.6300833e-001
 6.5630370e-001
 6.4525717e-001
 6.3348204e-001
 6.3101965e-001
 6.2626177e-001
 6.1983663e-001
 6.1028761e-001
 6.0173833e-001
 5.9638232e-001
 5.9198028e-001
 5.8524603e-001
 5.7760477e-001
 5.7317835e-001
 5.6966674e-001
 5.6289107e-001
 5.5813569e-001
 5.5605137e-001
 5.4555380e-001
 5.4468900e-001
 5.4164481e-001
 5.2673078e-001
 5.0155860e-001
 4.5837933e-001
 3.9553642e-001
 3.8612869e-001
 3.3564293e-001
 3.6254707e-001
 4.4299248e-001
 4.8899209e-001
 4.9092859e-001
 4.8075899e-001
 4.6409467e-001
 4.3369809e-001
 4.1610029e-001
 4.3901396e-001
 4.7558850e-001
 4.7864792e-001
 4.7034121e-001
 4.6970943e-001
 4.7030857e-001
 4.6167758e-001
 4.5700166e-001
 4.7887695e-001
 4.8824120e-001
 4.8729005e-001
-1.2300000e+034
