s07_AV97 Record=968: Corundum HS283.2B            ASDFRc AREF
 6.1864173e-001
 6.1560887e-001
 6.2724805e-001
 6.5493745e-001
 6.7285371e-001
 6.8424791e-001
 6.9191021e-001
 6.9174844e-001
 6.8530047e-001
 6.9355148e-001
 7.1232086e-001
 7.2764975e-001
 7.3515195e-001
 7.3559016e-001
 7.3286718e-001
 7.2873706e-001
 7.2395301e-001
 7.1942675e-001
 7.1595436e-001
 7.1430182e-001
 7.1500105e-001
 7.1796268e-001
 7.2298747e-001
 7.2885752e-001
 7.3398137e-001
 7.3865974e-001
 7.4225360e-001
 7.4505645e-001
 7.4732882e-001
 7.4905252e-001
 7.5092924e-001
 7.5266945e-001
 7.5061744e-001
 7.5236720e-001
 7.5418115e-001
 7.6590902e-001
 7.5982112e-001
 7.6132375e-001
 7.6318204e-001
 7.6523864e-001
 7.6769525e-001
 7.7060312e-001
 7.7368271e-001
 7.7661979e-001
 7.7959979e-001
 7.8237277e-001
 7.8523892e-001
 7.8798980e-001
 7.9082555e-001
 7.9359567e-001
 7.9625654e-001
 7.9887038e-001
 8.0148143e-001
 8.0399340e-001
 8.0651063e-001
 8.0898744e-001
 8.1127787e-001
 8.1361240e-001
 8.1564921e-001
 8.1773770e-001
 8.1967843e-001
 8.2154149e-001
 8.2309437e-001
 8.2460177e-001
 8.2608008e-001
 8.2756066e-001
 8.2893366e-001
 8.3027601e-001
 8.3161074e-001
 8.3214384e-001
 8.3273536e-001
 8.3296072e-001
 8.3364725e-001
 8.3397621e-001
 8.3440131e-001
 8.3498335e-001
 8.3536583e-001
 8.3634645e-001
 8.3712280e-001
 8.3806467e-001
 8.3943075e-001
 8.4113872e-001
 8.4264839e-001
 8.4394628e-001
 8.4534526e-001
 8.4662408e-001
 8.4806156e-001
 8.4962606e-001
 8.5090834e-001
 8.5194659e-001
 8.5347414e-001
 8.5490716e-001
 8.5613954e-001
 8.5762548e-001
 8.5863060e-001
 8.5952008e-001
 8.5814625e-001
 8.5911489e-001
 8.6007887e-001
 8.6080533e-001
 8.6183637e-001
 8.6244309e-001
 8.6288935e-001
 8.6299372e-001
 8.6295021e-001
 8.6316901e-001
 8.6282909e-001
 8.6271578e-001
 8.6196828e-001
 8.6014074e-001
 8.5692382e-001
 8.5301888e-001
 8.5157925e-001
 8.5403579e-001
 8.5528332e-001
 8.5489237e-001
 8.5423249e-001
 8.5289305e-001
 8.5180610e-001
 8.4962606e-001
 8.4747839e-001
 8.4436256e-001
 8.4171563e-001
 8.3858305e-001
 8.3433956e-001
 8.2914531e-001
 8.2277471e-001
 8.1581658e-001
 8.0792111e-001
 7.9962325e-001
 7.9043186e-001
 7.8231621e-001
 7.7399522e-001
 7.6565647e-001
 7.5728118e-001
 7.4855155e-001
 7.4037671e-001
 7.3219836e-001
 7.2432643e-001
 7.1709955e-001
 7.0902389e-001
 7.0069945e-001
 6.9219673e-001
 6.8344492e-001
 6.7425895e-001
 6.6463870e-001
 6.5588117e-001
 6.4717877e-001
 6.4021987e-001
 6.3480932e-001
 6.3036013e-001
 6.2777984e-001
 6.2669408e-001
 6.2649572e-001
 6.2680697e-001
 6.2936163e-001
 6.3307685e-001
 6.3720679e-001
 6.4111835e-001
 6.4366663e-001
 6.4281690e-001
 6.4451438e-001
 6.4570910e-001
 6.4588970e-001
 6.4680791e-001
 6.4814621e-001
 6.4793104e-001
 6.4518553e-001
 6.4077103e-001
 6.3585484e-001
 6.2943065e-001
 6.2210298e-001
 6.1712182e-001
 6.1382520e-001
 6.1187500e-001
 6.1096323e-001
 6.1038578e-001
 6.1064643e-001
 6.1194289e-001
 6.1227226e-001
 6.1313170e-001
 6.1436170e-001
 6.1451995e-001
 6.1466658e-001
 6.1487865e-001
 6.1494303e-001
 6.1444902e-001
 6.1426735e-001
 6.1343622e-001
 6.1287469e-001
 6.1119890e-001
 6.1073315e-001
 6.1075491e-001
 6.1097109e-001
 6.1098653e-001
 6.1126351e-001
 6.1150318e-001
 6.1117899e-001
 6.1129534e-001
 6.1066711e-001
 6.1062300e-001
 6.0893607e-001
 6.0751373e-001
 6.0534269e-001
 6.0453176e-001
 6.0261214e-001
 5.9978640e-001
 5.9571165e-001
 5.9328765e-001
 5.8961397e-001
 5.8633018e-001
 5.8034939e-001
 5.7721364e-001
 5.7224005e-001
 5.6673402e-001
 5.6205118e-001
 5.5710602e-001
 5.5412805e-001
 5.5091387e-001
 5.4797238e-001
 5.4482496e-001
 5.4124230e-001
 5.4097492e-001
-1.2300000e+034
