s07_AV97 Record=922: Clintonite NMNH126553         BECKc AREF
 1.2355619e-001
 1.2874638e-001
 1.3471605e-001
 1.3929369e-001
 1.4395355e-001
 1.4935412e-001
 1.5499417e-001
 1.6132337e-001
 1.6725524e-001
 1.7332067e-001
 1.7962809e-001
 1.8758418e-001
 1.9746484e-001
 2.0489974e-001
 2.1041445e-001
 2.1449240e-001
 2.1725264e-001
 2.1886940e-001
 2.2044648e-001
 2.2189294e-001
 2.2280212e-001
 2.2228004e-001
 2.2187842e-001
 2.2203141e-001
 2.2207762e-001
 2.2092645e-001
 2.1891402e-001
 2.1645658e-001
 2.1429023e-001
 2.1221620e-001
 2.1085483e-001
 2.0992836e-001
 2.1097392e-001
 2.1004812e-001
 2.0979144e-001
 2.0974676e-001
 2.0940487e-001
 2.1095562e-001
 2.1332116e-001
 2.1639910e-001
 2.1997054e-001
 2.2289386e-001
 2.2591311e-001
 2.2853254e-001
 2.2970791e-001
 2.2992213e-001
 2.3024681e-001
 2.2915405e-001
 2.2764190e-001
 2.2699413e-001
 2.2793892e-001
 2.2253074e-001
 2.1807915e-001
 2.1804184e-001
 2.1799503e-001
 2.1865201e-001
 2.1841896e-001
 2.2105619e-001
 2.2228080e-001
 2.2365561e-001
 2.2363193e-001
 2.2524962e-001
 2.2216891e-001
 2.2202691e-001
 2.2340819e-001
 2.2343180e-001
 2.2256520e-001
 2.2163561e-001
 2.2000155e-001
 2.1860692e-001
 2.1826729e-001
 2.1823637e-001
 2.1729334e-001
 2.1628055e-001
 2.1772291e-001
 2.1794537e-001
 2.1804817e-001
 2.2032590e-001
 2.2245602e-001
 2.2232209e-001
 2.2458816e-001
 2.2724342e-001
 2.2854973e-001
 2.2968483e-001
 2.3349351e-001
 2.3577201e-001
 2.3961216e-001
 2.4284603e-001
 2.4421267e-001
 2.4686760e-001
 2.4979259e-001
 2.5290701e-001
 2.5560999e-001
 2.5977045e-001
 2.6237911e-001
 2.6592201e-001
 2.6109165e-001
 2.6403406e-001
 2.6753646e-001
 2.6937261e-001
 2.7249911e-001
 2.7607685e-001
 2.7920586e-001
 2.8220966e-001
 2.8484815e-001
 2.8728262e-001
 2.8920031e-001
 2.8894728e-001
 2.8897223e-001
 2.8569627e-001
 2.8165740e-001
 2.8314745e-001
 2.8796315e-001
 2.9456899e-001
 3.0102307e-001
 3.0485532e-001
 3.0764541e-001
 3.1059825e-001
 3.1228018e-001
 3.1319049e-001
 3.1378472e-001
 3.1475809e-001
 3.1513414e-001
 3.1557363e-001
 3.1549394e-001
 3.1438762e-001
 3.1415936e-001
 3.1548217e-001
 3.1335455e-001
 3.1183693e-001
 3.1192008e-001
 3.1031975e-001
 3.0949166e-001
 3.0907747e-001
 3.0810070e-001
 3.0797473e-001
 3.0692664e-001
 3.0629459e-001
 3.0439690e-001
 3.0473733e-001
 3.0406237e-001
 3.0547795e-001
 3.0391943e-001
 3.0156693e-001
 3.0285871e-001
 3.0316830e-001
 3.0424085e-001
 3.0425653e-001
 3.0292651e-001
 3.0405220e-001
 3.0511826e-001
 3.0429730e-001
 3.0541143e-001
 3.0629021e-001
 3.0760759e-001
 3.1032798e-001
 3.1072420e-001
 3.1118006e-001
 3.1262890e-001
 3.1182495e-001
 3.1229219e-001
 3.1160083e-001
 3.1129903e-001
 3.1019461e-001
 3.1126389e-001
 3.1125498e-001
 3.1092745e-001
 3.1220555e-001
 3.1296450e-001
 3.1188759e-001
 3.1191716e-001
 3.1285834e-001
 3.1382892e-001
 3.1759167e-001
 3.2154256e-001
 3.2384893e-001
 3.2553303e-001
 3.2944393e-001
 3.3042553e-001
 3.2906055e-001
 3.3159396e-001
 3.3460370e-001
 3.3552897e-001
 3.3579981e-001
 3.3524877e-001
 3.3489135e-001
 3.3316368e-001
 3.3133850e-001
 3.2756636e-001
 3.2388508e-001
 3.2207406e-001
 3.1963339e-001
 3.1712800e-001
 3.1431705e-001
 3.0449498e-001
 2.8247368e-001
 2.4472114e-001
 1.9904773e-001
 1.7621796e-001
 1.8109022e-001
 1.9653529e-001
 2.0420669e-001
 1.9998528e-001
 1.8800345e-001
 1.8036336e-001
 1.8614860e-001
 1.9176912e-001
 1.9152978e-001
 1.9598459e-001
 2.0282955e-001
 2.0918065e-001
 2.1085426e-001
 2.1196732e-001
 2.1300092e-001
 2.1409278e-001
 2.1557286e-001
 2.1775772e-001
 2.2086295e-001
 2.2399391e-001
 2.2699273e-001
 2.2887693e-001
 2.2993454e-001
 2.3063786e-001
 2.3126498e-001
