s07_AV97 Record=2208: Muscovite GDS107             NIC4aa RREF
-1.2300000e+034
-1.2300000e+034
-1.2300000e+034
-1.2300000e+034
-1.2300000e+034
-1.2300000e+034
-1.2300000e+034
-1.2300000e+034
-1.2300000e+034
-1.2300000e+034
-1.2300000e+034
-1.2300000e+034
-1.2300000e+034
-1.2300000e+034
-1.2300000e+034
-1.2300000e+034
-1.2300000e+034
-1.2300000e+034
-1.2300000e+034
-1.2300000e+034
-1.2300000e+034
-1.2300000e+034
-1.2300000e+034
-1.2300000e+034
-1.2300000e+034
-1.2300000e+034
-1.2300000e+034
-1.2300000e+034
-1.2300000e+034
-1.2300000e+034
-1.2300000e+034
-1.2300000e+034
-1.2300000e+034
-1.2300000e+034
-1.2300000e+034
-1.2300000e+034
-1.2300000e+034
-1.2300000e+034
-1.2300000e+034
-1.2300000e+034
-1.2300000e+034
-1.2300000e+034
-1.2300000e+034
-1.2300000e+034
-1.2300000e+034
-1.2300000e+034
-1.2300000e+034
-1.2300000e+034
-1.2300000e+034
-1.2300000e+034
-1.2300000e+034
-1.2300000e+034
-1.2300000e+034
-1.2300000e+034
-1.2300000e+034
-1.2300000e+034
-1.2300000e+034
-1.2300000e+034
-1.2300000e+034
-1.2300000e+034
-1.2300000e+034
-1.2300000e+034
-1.2300000e+034
-1.2300000e+034
-1.2300000e+034
-1.2300000e+034
-1.2300000e+034
-1.2300000e+034
-1.2300000e+034
-1.2300000e+034
-1.2300000e+034
-1.2300000e+034
-1.2300000e+034
-1.2300000e+034
-1.2300000e+034
-1.2300000e+034
-1.2300000e+034
-1.2300000e+034
-1.2300000e+034
-1.2300000e+034
-1.2300000e+034
-1.2300000e+034
-1.2300000e+034
-1.2300000e+034
-1.2300000e+034
-1.2300000e+034
-1.2300000e+034
-1.2300000e+034
-1.2300000e+034
-1.2300000e+034
-1.2300000e+034
-1.2300000e+034
-1.2300000e+034
-1.2300000e+034
-1.2300000e+034
-1.2300000e+034
-1.2300000e+034
-1.2300000e+034
-1.2300000e+034
-1.2300000e+034
-1.2300000e+034
-1.2300000e+034
-1.2300000e+034
-1.2300000e+034
-1.2300000e+034
-1.2300000e+034
-1.2300000e+034
-1.2300000e+034
-1.2300000e+034
-1.2300000e+034
 4.5615542e-001
 4.0951815e-001
 3.9427242e-001
 4.2354980e-001
 4.4465962e-001
 4.4870624e-001
 4.4763988e-001
 4.4601294e-001
 4.4469506e-001
 4.4410586e-001
 4.4434452e-001
 4.4548115e-001
 4.4695681e-001
 4.4835418e-001
 4.5044157e-001
 4.5278654e-001
 4.5528913e-001
 4.5806390e-001
 4.6076122e-001
 4.6351403e-001
 4.6643335e-001
 4.6943435e-001
 4.7207814e-001
 4.7464114e-001
 4.7745916e-001
 4.8033848e-001
 4.8328266e-001
 4.8609424e-001
 4.8864427e-001
 4.9065471e-001
 4.9257717e-001
 4.9460965e-001
 4.9675027e-001
 4.9870974e-001
 5.0052190e-001
 5.0213617e-001
 5.0337082e-001
 5.0456053e-001
 5.0585592e-001
 5.0716168e-001
 5.0852227e-001
 5.0960755e-001
 5.1040930e-001
 5.1097780e-001
 5.1111817e-001
 5.1148760e-001
 5.1309812e-001
 5.1507449e-001
 5.1591599e-001
 5.1641780e-001
 5.1626742e-001
 5.1639217e-001
 5.1565403e-001
 5.1486242e-001
 5.1509190e-001
 5.1599246e-001
 5.1693410e-001
 5.1758695e-001
 5.1784211e-001
 5.1799333e-001
 5.1826596e-001
 5.1858741e-001
 5.1888824e-001
 5.1927453e-001
 5.1965451e-001
 5.1987946e-001
 5.1977533e-001
 5.1952481e-001
 5.1916504e-001
 5.1874477e-001
 5.1753622e-001
 5.1485831e-001
 5.1061350e-001
 5.0622171e-001
 5.0320977e-001
 5.0303537e-001
 5.0303930e-001
 5.0004560e-001
 4.9347928e-001
 4.8114672e-001
 4.5664400e-001
 4.1958973e-001
 3.9481512e-001
 4.0093628e-001
 4.2814025e-001
 4.5403913e-001
 4.6779019e-001
 4.7615618e-001
 4.8237336e-001
 4.8590824e-001
 4.8667607e-001
 4.8464698e-001
 4.7862697e-001
 4.6881148e-001
 4.5685288e-001
 4.4343108e-001
 4.3029410e-001
 4.2301139e-001
 4.2520964e-001
 4.2940852e-001
 4.3009624e-001
 4.3032402e-001
 4.3047968e-001
 4.2667213e-001
 4.1923624e-001
 4.1181630e-001
 4.0746477e-001
 4.0828937e-001
 4.1235277e-001
 4.1755724e-001
 4.2199424e-001
 4.2477548e-001
 4.2710745e-001
 4.3069425e-001
