s07_AV97 Record=77: Actinolite NMNHR16485         BECKb AREF
 3.6338449e-001
 3.7606636e-001
 3.8885006e-001
 4.0047288e-001
 4.1124344e-001
 4.2496407e-001
 4.3910474e-001
 4.4777659e-001
 4.5497504e-001
 4.6812081e-001
 4.8138759e-001
 4.9634552e-001
 5.0934529e-001
 5.1952857e-001
 5.2864116e-001
 5.3657901e-001
 5.3897238e-001
 5.3760195e-001
 5.3480911e-001
 5.3158736e-001
 5.2627939e-001
 5.1969033e-001
 5.1210123e-001
 5.0370014e-001
 4.9557665e-001
 4.8774847e-001
 4.8136812e-001
 4.7627428e-001
 4.7349516e-001
 4.7210309e-001
 4.7197410e-001
 4.7391719e-001
 4.7189838e-001
 4.7318423e-001
 4.7671068e-001
 4.7749770e-001
 4.8121911e-001
 4.8635039e-001
 4.9211100e-001
 4.9723947e-001
 5.0248069e-001
 5.0896555e-001
 5.1508933e-001
 5.2133375e-001
 5.2817088e-001
 5.3297615e-001
 5.3649592e-001
 5.3864777e-001
 5.3947425e-001
 5.3880572e-001
 5.3556716e-001
 5.3234220e-001
 5.2926594e-001
 5.2746272e-001
 5.2067232e-001
 5.1307636e-001
 5.0798297e-001
 4.9683747e-001
 4.8643550e-001
 4.7544384e-001
 4.6099523e-001
 4.5073125e-001
 4.3354777e-001
 4.2081347e-001
 4.0725845e-001
 3.9370891e-001
 3.8094071e-001
 3.6976084e-001
 3.6221161e-001
 3.6065516e-001
 3.6065918e-001
 3.6442396e-001
 3.7587118e-001
 3.9182815e-001
 4.1178638e-001
 4.3461043e-001
 4.5883685e-001
 4.8468283e-001
 5.0519258e-001
 5.2396905e-001
 5.4090524e-001
 5.5667078e-001
 5.6998473e-001
 5.8144045e-001
 5.9092343e-001
 6.0088307e-001
 6.1014354e-001
 6.1844420e-001
 6.2710321e-001
 6.3207549e-001
 6.4121926e-001
 6.4776790e-001
 6.5516663e-001
 6.6134322e-001
 6.6957045e-001
 6.7653668e-001
 6.6515809e-001
 6.7334628e-001
 6.7826569e-001
 6.8525505e-001
 6.9108444e-001
 6.9830215e-001
 7.0452523e-001
 7.1012396e-001
 7.1565866e-001
 7.2084862e-001
 7.2468495e-001
 7.2779632e-001
 7.2427624e-001
 7.0837444e-001
 6.1822331e-001
 6.8502700e-001
 7.3245472e-001
 7.5108266e-001
 7.5755578e-001
 7.6201952e-001
 7.6544446e-001
 7.6842487e-001
 7.7134043e-001
 7.7412820e-001
 7.7712238e-001
 7.7972931e-001
 7.8196055e-001
 7.8332907e-001
 7.8625011e-001
 7.8869164e-001
 7.9056627e-001
 7.9329234e-001
 7.9293579e-001
 7.9708165e-001
 7.9668540e-001
 7.9735482e-001
 7.9934579e-001
 8.0038077e-001
 8.0205011e-001
 8.0368429e-001
 8.0246866e-001
 8.0434656e-001
 8.0528367e-001
 8.0367720e-001
 8.0948019e-001
 8.0859101e-001
 8.0957443e-001
 8.0604011e-001
 8.0686426e-001
 8.0325544e-001
 8.0655837e-001
 8.0565190e-001
 8.0265170e-001
 8.0234289e-001
 8.0426258e-001
 8.0065787e-001
 8.0089116e-001
 7.9554152e-001
 7.9269791e-001
 7.9298156e-001
 7.8849453e-001
 7.8280801e-001
 7.8394049e-001
 7.8163242e-001
 7.8326482e-001
 7.7768320e-001
 7.7430189e-001
 7.7147311e-001
 7.6663756e-001
 7.6479214e-001
 7.6252192e-001
 7.5690001e-001
 7.5643313e-001
 7.5422615e-001
 7.4851578e-001
 7.4119854e-001
 7.3644418e-001
 7.3313701e-001
 7.3117918e-001
 7.2671473e-001
 7.2248054e-001
 7.1891487e-001
 7.1537423e-001
 7.0872462e-001
 7.0087636e-001
 6.9796079e-001
 6.9496208e-001
 6.8310440e-001
 6.7638063e-001
 6.7157757e-001
 6.7318767e-001
 6.7091572e-001
 6.6538751e-001
 6.6424972e-001
 6.5654546e-001
 6.4992648e-001
 6.4657861e-001
 6.4240670e-001
 6.3534456e-001
 6.3041544e-001
 6.1687917e-001
 5.9836107e-001
 5.9706432e-001
 5.8134758e-001
 5.5307347e-001
 5.1967198e-001
 4.8031977e-001
 4.6213403e-001
 4.6211362e-001
 5.1628774e-001
 5.5887508e-001
 5.6620747e-001
 5.6174088e-001
 5.4599261e-001
 5.0808609e-001
 4.9249679e-001
 5.1453400e-001
 5.3657979e-001
 5.4703403e-001
 5.5036169e-001
 5.4947400e-001
 5.4676181e-001
 5.4426265e-001
 5.4282355e-001
 5.4378331e-001
 5.4664296e-001
 5.5059779e-001
 5.5486989e-001
