s07_AV97 Record=3634: Basalt_weathered BR93-43      BECKb AREF
 7.3732466e-002
 7.8039952e-002
 8.3768427e-002
 8.8403583e-002
 9.2823029e-002
 9.6461587e-002
 9.8726705e-002
 1.0057113e-001
 1.0202494e-001
 1.0620282e-001
 1.0988241e-001
 1.1193621e-001
 1.1349510e-001
 1.1513988e-001
 1.1650874e-001
 1.1879834e-001
 1.2213878e-001
 1.2498984e-001
 1.2768233e-001
 1.3063337e-001
 1.3323471e-001
 1.3556284e-001
 1.3730940e-001
 1.3831341e-001
 1.3944484e-001
 1.4030173e-001
 1.4125149e-001
 1.4241208e-001
 1.4405607e-001
 1.4577624e-001
 1.4826971e-001
 1.5095051e-001
 1.4777045e-001
 1.5057404e-001
 1.5276280e-001
 1.5518749e-001
 1.5786026e-001
 1.6011025e-001
 1.6188121e-001
 1.6342361e-001
 1.6440552e-001
 1.6511109e-001
 1.6507322e-001
 1.6508085e-001
 1.6486111e-001
 1.6436552e-001
 1.6400009e-001
 1.6277389e-001
 1.6232726e-001
 1.6283357e-001
 1.6309765e-001
 1.6196950e-001
 1.6011904e-001
 1.5855391e-001
 1.5683672e-001
 1.5564655e-001
 1.5666780e-001
 1.5492983e-001
 1.5204766e-001
 1.5188392e-001
 1.5253453e-001
 1.5196030e-001
 1.4973865e-001
 1.5121885e-001
 1.5188219e-001
 1.5142965e-001
 1.5218532e-001
 1.5209998e-001
 1.5278234e-001
 1.5279269e-001
 1.5487270e-001
 1.5489139e-001
 1.5551750e-001
 1.5736637e-001
 1.5827295e-001
 1.6016735e-001
 1.6082981e-001
 1.6340351e-001
 1.6471332e-001
 1.6629563e-001
 1.6860460e-001
 1.7001849e-001
 1.7165901e-001
 1.7317562e-001
 1.7400320e-001
 1.7490074e-001
 1.7724717e-001
 1.7793727e-001
 1.7838371e-001
 1.7938410e-001
 1.7943315e-001
 1.8019128e-001
 1.8097748e-001
 1.8116280e-001
 1.8196176e-001
 1.8166204e-001
 1.8152748e-001
 1.8175948e-001
 1.8224929e-001
 1.8287969e-001
 1.8298936e-001
 1.8285599e-001
 1.8319422e-001
 1.8287537e-001
 1.8322548e-001
 1.8275009e-001
 1.8240087e-001
 1.8267086e-001
 1.8257116e-001
 1.7858429e-001
 1.7439781e-001
 1.7075934e-001
 1.6617399e-001
 1.6549081e-001
 1.6686372e-001
 1.6947463e-001
 1.7212585e-001
 1.7288280e-001
 1.7428581e-001
 1.7558104e-001
 1.7677422e-001
 1.7970976e-001
 1.8018264e-001
 1.8024282e-001
 1.8078257e-001
 1.8079205e-001
 1.8172950e-001
 1.8217415e-001
 1.8199284e-001
 1.8267563e-001
 1.8219748e-001
 1.8241520e-001
 1.8238816e-001
 1.8227094e-001
 1.8252280e-001
 1.8274352e-001
 1.8312080e-001
 1.8320246e-001
 1.8269612e-001
 1.8230341e-001
 1.8344295e-001
 1.8150745e-001
 1.8076614e-001
 1.8079157e-001
 1.8183102e-001
 1.8224943e-001
 1.8138033e-001
 1.8179084e-001
 1.7944300e-001
 1.7901829e-001
 1.8068263e-001
 1.7735046e-001
 1.7694442e-001
 1.7657886e-001
 1.7664167e-001
 1.7711699e-001
 1.7510095e-001
 1.7359556e-001
 1.6972643e-001
 1.6200247e-001
 1.6481990e-001
 1.5368477e-001
 1.3685216e-001
 1.2482097e-001
 1.2513465e-001
 1.2964608e-001
 1.3354179e-001
 1.3686535e-001
 1.3987799e-001
 1.4036097e-001
 1.4358211e-001
 1.4692999e-001
 1.4802188e-001
 1.5030256e-001
 1.5249285e-001
 1.5299776e-001
 1.5457346e-001
 1.5629289e-001
 1.5751542e-001
 1.5641220e-001
 1.5780006e-001
 1.5828182e-001
 1.5804169e-001
 1.5837538e-001
 1.5648675e-001
 1.6124375e-001
 1.6244610e-001
 1.5737510e-001
 1.5732728e-001
 1.5707524e-001
 1.5693246e-001
 1.5638810e-001
 1.5099059e-001
 1.4937589e-001
 1.4996463e-001
 1.5106368e-001
 1.4895974e-001
 1.4820106e-001
 1.4514203e-001
 1.4315175e-001
 1.4603430e-001
 1.4041255e-001
 1.3692868e-001
 1.3416851e-001
 1.3639250e-001
 1.3879710e-001
 1.3860294e-001
 1.3761294e-001
 1.3565983e-001
 1.3302144e-001
 1.3462383e-001
 1.3269362e-001
 1.2910491e-001
 1.2859957e-001
 1.2917869e-001
 1.2675025e-001
 1.2298458e-001
 1.2076057e-001
 1.2015659e-001
 1.1983756e-001
 1.1894564e-001
 1.1754302e-001
 1.1590021e-001
 1.1427381e-001
