s07_AV97 Record=3949: Kaol.5+MuscCU91-250A AMX13    BECKb AREF
 3.4764218e-001
 3.8133568e-001
 4.1307336e-001
 4.4504684e-001
 4.7129905e-001
 4.9082696e-001
 5.0822490e-001
 5.2653039e-001
 5.4131556e-001
 5.5407000e-001
 5.6648034e-001
 5.7772505e-001
 5.8900851e-001
 6.0015494e-001
 6.1054128e-001
 6.2120676e-001
 6.3008565e-001
 6.3875747e-001
 6.4635998e-001
 6.5279120e-001
 6.5827543e-001
 6.6401666e-001
 6.6831344e-001
 6.7290634e-001
 6.7692715e-001
 6.8067294e-001
 6.8458104e-001
 6.8779045e-001
 6.9121200e-001
 6.9476187e-001
 6.9938618e-001
 7.0323402e-001
 6.9857121e-001
 7.0249128e-001
 7.0600766e-001
 7.0942360e-001
 7.1150297e-001
 7.1551615e-001
 7.1845907e-001
 7.2125697e-001
 7.2298616e-001
 7.2523522e-001
 7.2721475e-001
 7.2791451e-001
 7.2960520e-001
 7.3072296e-001
 7.3068374e-001
 7.3222190e-001
 7.3404026e-001
 7.3605072e-001
 7.3672599e-001
 7.3640114e-001
 7.3501849e-001
 7.3653412e-001
 7.3587453e-001
 7.3413724e-001
 7.3587704e-001
 7.3505634e-001
 7.3607874e-001
 7.3830473e-001
 7.3661721e-001
 7.3494756e-001
 7.3106629e-001
 7.2847337e-001
 7.3202229e-001
 7.4007386e-001
 7.4165463e-001
 7.4265361e-001
 7.4097985e-001
 7.4218416e-001
 7.4205887e-001
 7.4302530e-001
 7.4204808e-001
 7.4147356e-001
 7.4197686e-001
 7.4223340e-001
 7.4184668e-001
 7.4255282e-001
 7.4218982e-001
 7.4221951e-001
 7.4352038e-001
 7.4370980e-001
 7.4436003e-001
 7.4436837e-001
 7.4520952e-001
 7.4641359e-001
 7.5007838e-001
 7.4921560e-001
 7.4863917e-001
 7.4965984e-001
 7.4792528e-001
 7.4463648e-001
 7.4377060e-001
 7.4577469e-001
 7.4955267e-001
 7.5118446e-001
 7.4758220e-001
 7.5044608e-001
 7.5097299e-001
 7.4629271e-001
 7.3911637e-001
 7.3333460e-001
 7.2941703e-001
 7.2649843e-001
 7.2465277e-001
 7.2289246e-001
 7.0881134e-001
 7.0274323e-001
 6.9366437e-001
 6.5955377e-001
 5.9731770e-001
 5.5875778e-001
 5.4016823e-001
 6.3868999e-001
 7.0826370e-001
 7.3299950e-001
 7.4256521e-001
 7.4847692e-001
 7.5290090e-001
 7.5721049e-001
 7.5854582e-001
 7.6137090e-001
 7.6577938e-001
 7.6947385e-001
 7.7089065e-001
 7.7233368e-001
 7.7201873e-001
 7.7512264e-001
 7.7481222e-001
 7.7523857e-001
 7.7763820e-001
 7.7837968e-001
 7.7950865e-001
 7.7840364e-001
 7.7739757e-001
 7.7821457e-001
 7.7856475e-001
 7.7757269e-001
 7.7532512e-001
 7.7543724e-001
 7.7727270e-001
 7.7696621e-001
 7.7596486e-001
 7.7263182e-001
 7.6916325e-001
 7.6787692e-001
 7.6791304e-001
 7.6469880e-001
 7.6113415e-001
 7.5682551e-001
 7.5409383e-001
 7.4910200e-001
 7.4546760e-001
 7.4151814e-001
 7.4307299e-001
 7.3992890e-001
 7.4252272e-001
 7.4454647e-001
 7.3552060e-001
 7.1773678e-001
 7.2430432e-001
 7.0067245e-001
 6.7219073e-001
 6.5158737e-001
 6.4902049e-001
 6.5558183e-001
 6.5877664e-001
 6.6102052e-001
 6.6505426e-001
 6.6882777e-001
 6.7162699e-001
 6.7193580e-001
 6.7356372e-001
 6.7516404e-001
 6.7591524e-001
 6.7402875e-001
 6.7293048e-001
 6.7137372e-001
 6.6734672e-001
 6.6009206e-001
 6.5083712e-001
 6.3853711e-001
 6.3022351e-001
 6.1780143e-001
 6.0350764e-001
 5.9857160e-001
 5.7748759e-001
 5.3699917e-001
 4.9830654e-001
 4.7904870e-001
 4.5963985e-001
 4.3099022e-001
 3.8847834e-001
 3.7039083e-001
 4.3558869e-001
 4.9501073e-001
 5.1187104e-001
 5.1829422e-001
 5.2374494e-001
 5.2465618e-001
 5.2089185e-001
 5.1106095e-001
 4.9646926e-001
 4.7607765e-001
 4.5539251e-001
 4.4671115e-001
 4.3400818e-001
 4.1766530e-001
 4.1400921e-001
 4.1686875e-001
 4.0895653e-001
 4.0519875e-001
 4.1172907e-001
 4.1199395e-001
 4.0316829e-001
 3.9052179e-001
 3.7824488e-001
 3.6975157e-001
 3.6509594e-001
 3.6124992e-001
 3.5731548e-001
 3.5372591e-001
 3.5130930e-001
 3.5050511e-001
