s07_AV97 Record=643: Butlerite GDS25               BECKa AREF
 5.6656040e-002
 8.7826736e-002
 1.3511431e-001
 1.9942144e-001
 2.1910195e-001
 1.9123955e-001
 1.7479034e-001
 2.4433786e-001
 3.0403376e-001
 3.3419287e-001
 3.4954491e-001
 3.6105654e-001
 3.7441108e-001
 3.9157054e-001
 4.1463187e-001
 4.4319707e-001
 4.7685826e-001
 5.1415366e-001
 5.5126619e-001
 5.8589381e-001
 6.1712223e-001
 6.4300436e-001
 6.6399020e-001
 6.7816561e-001
 6.8566626e-001
 6.9255596e-001
 6.9767207e-001
 7.0202154e-001
 7.0623136e-001
 7.0926160e-001
 7.1110928e-001
 7.1133971e-001
 7.1089095e-001
 7.1136624e-001
 7.1005213e-001
 7.0654100e-001
 7.0246559e-001
 6.9566876e-001
 6.8820375e-001
 6.8031234e-001
 6.7165357e-001
 6.6315502e-001
 6.5323544e-001
 6.4480799e-001
 6.3514560e-001
 6.2577891e-001
 6.1660087e-001
 6.0774624e-001
 5.9788913e-001
 5.8857912e-001
 5.8022279e-001
 5.7256132e-001
 5.6389999e-001
 5.5894464e-001
 5.5490363e-001
 5.4760337e-001
 5.4338336e-001
 5.4215109e-001
 5.3820890e-001
 5.3697467e-001
 5.3895551e-001
 5.4047436e-001
 5.4197472e-001
 5.4860312e-001
 5.5247068e-001
 5.5726260e-001
 5.6343555e-001
 5.7119948e-001
 5.7897818e-001
 5.8936632e-001
 5.9830099e-001
 6.0845435e-001
 6.2050873e-001
 6.3245338e-001
 6.4531147e-001
 6.5715390e-001
 6.6938210e-001
 6.8178886e-001
 6.9541997e-001
 7.0594436e-001
 7.1792364e-001
 7.2983819e-001
 7.3942411e-001
 7.4720812e-001
 7.5739813e-001
 7.6358223e-001
 7.6891339e-001
 7.7474976e-001
 7.7939224e-001
 7.8412366e-001
 7.8821677e-001
 7.9198939e-001
 7.9441518e-001
 7.9629022e-001
 7.9678804e-001
 7.9824269e-001
 7.9617012e-001
 7.9780132e-001
 7.9757094e-001
 7.9742759e-001
 7.9750508e-001
 7.9624856e-001
 7.9563141e-001
 7.9409915e-001
 7.9125315e-001
 7.8907579e-001
 7.8495610e-001
 7.8087986e-001
 7.7687007e-001
 7.7184111e-001
 7.6737231e-001
 7.5932705e-001
 7.4766862e-001
 7.2988248e-001
 7.1012831e-001
 6.8612307e-001
 6.6282862e-001
 6.4660126e-001
 6.3864177e-001
 6.3950014e-001
 6.4146715e-001
 6.3929904e-001
 6.4003634e-001
 6.4066190e-001
 6.3915914e-001
 6.3795626e-001
 6.3733786e-001
 6.3639700e-001
 6.3473374e-001
 6.3375372e-001
 6.3147044e-001
 6.2919414e-001
 6.2696016e-001
 6.2305659e-001
 6.1902875e-001
 6.1400282e-001
 6.1195219e-001
 6.0707659e-001
 6.0380131e-001
 5.9883863e-001
 5.9691709e-001
 5.9652567e-001
 5.9266073e-001
 5.8835733e-001
 5.8776015e-001
 5.8981246e-001
 5.8924454e-001
 5.9013349e-001
 5.8945942e-001
 5.9278220e-001
 5.9475088e-001
 5.9316719e-001
 5.9389049e-001
 5.9368825e-001
 5.9344167e-001
 5.9242690e-001
 5.9293675e-001
 5.9679151e-001
 5.9812552e-001
 5.9774858e-001
 5.9793174e-001
 5.9521866e-001
 5.8715469e-001
 5.7494879e-001
 5.5468732e-001
 5.2401477e-001
 4.8638219e-001
 4.5068556e-001
 4.3099904e-001
 4.3648118e-001
 4.5357278e-001
 4.6734637e-001
 4.7543538e-001
 4.7422129e-001
 4.7224715e-001
 4.6975547e-001
 4.6984291e-001
 4.7580725e-001
 4.8155391e-001
 4.9145079e-001
 4.9314389e-001
 4.9671084e-001
 4.9785066e-001
 4.9803102e-001
 4.9987814e-001
 5.0171548e-001
 5.0671846e-001
 5.1041669e-001
 5.1204324e-001
 5.1464629e-001
 5.1676643e-001
 5.1435941e-001
 5.1594836e-001
 5.1728243e-001
 5.1115251e-001
 5.0437903e-001
 4.9396461e-001
 4.8490682e-001
 4.8271412e-001
 4.7873393e-001
 4.7106341e-001
 4.6063870e-001
 4.5366341e-001
 4.5270845e-001
 4.5164004e-001
 4.4842210e-001
 4.3851343e-001
 4.2448652e-001
 4.0818083e-001
 3.8923711e-001
 3.6774692e-001
 3.4899986e-001
 3.3589160e-001
 3.2601860e-001
 3.1907690e-001
 3.1562901e-001
 3.1406707e-001
 3.1239030e-001
 3.1039864e-001
 3.0793425e-001
 3.0541340e-001
 3.0274764e-001
 2.9978743e-001
 2.9641044e-001
