s07_AV97 Record=209: Alunite GDS82 Na82           NIC4bc RREF
-1.2300000e+034
-1.2300000e+034
-1.2300000e+034
-1.2300000e+034
-1.2300000e+034
-1.2300000e+034
-1.2300000e+034
-1.2300000e+034
-1.2300000e+034
-1.2300000e+034
-1.2300000e+034
-1.2300000e+034
-1.2300000e+034
-1.2300000e+034
-1.2300000e+034
-1.2300000e+034
-1.2300000e+034
-1.2300000e+034
-1.2300000e+034
-1.2300000e+034
-1.2300000e+034
-1.2300000e+034
-1.2300000e+034
-1.2300000e+034
-1.2300000e+034
-1.2300000e+034
-1.2300000e+034
-1.2300000e+034
-1.2300000e+034
-1.2300000e+034
-1.2300000e+034
-1.2300000e+034
-1.2300000e+034
-1.2300000e+034
-1.2300000e+034
-1.2300000e+034
-1.2300000e+034
-1.2300000e+034
-1.2300000e+034
-1.2300000e+034
-1.2300000e+034
-1.2300000e+034
-1.2300000e+034
-1.2300000e+034
-1.2300000e+034
-1.2300000e+034
-1.2300000e+034
-1.2300000e+034
-1.2300000e+034
-1.2300000e+034
-1.2300000e+034
-1.2300000e+034
-1.2300000e+034
-1.2300000e+034
-1.2300000e+034
-1.2300000e+034
-1.2300000e+034
-1.2300000e+034
-1.2300000e+034
-1.2300000e+034
-1.2300000e+034
-1.2300000e+034
-1.2300000e+034
-1.2300000e+034
-1.2300000e+034
-1.2300000e+034
-1.2300000e+034
-1.2300000e+034
-1.2300000e+034
-1.2300000e+034
-1.2300000e+034
-1.2300000e+034
-1.2300000e+034
-1.2300000e+034
-1.2300000e+034
-1.2300000e+034
-1.2300000e+034
-1.2300000e+034
-1.2300000e+034
-1.2300000e+034
-1.2300000e+034
-1.2300000e+034
-1.2300000e+034
-1.2300000e+034
-1.2300000e+034
-1.2300000e+034
-1.2300000e+034
-1.2300000e+034
-1.2300000e+034
-1.2300000e+034
-1.2300000e+034
-1.2300000e+034
-1.2300000e+034
-1.2300000e+034
-1.2300000e+034
-1.2300000e+034
-1.2300000e+034
-1.2300000e+034
-1.2300000e+034
-1.2300000e+034
-1.2300000e+034
-1.2300000e+034
-1.2300000e+034
-1.2300000e+034
-1.2300000e+034
-1.2300000e+034
-1.2300000e+034
-1.2300000e+034
-1.2300000e+034
-1.2300000e+034
-1.2300000e+034
-1.2300000e+034
-1.2300000e+034
-1.2300000e+034
-1.2300000e+034
-1.2300000e+034
-1.2300000e+034
-1.2300000e+034
-1.2300000e+034
-1.2300000e+034
-1.2300000e+034
-1.2300000e+034
-1.2300000e+034
-1.2300000e+034
-1.2300000e+034
-1.2300000e+034
-1.2300000e+034
-1.2300000e+034
-1.2300000e+034
-1.2300000e+034
-1.2300000e+034
 6.8687111e-001
 6.9135278e-001
 6.9566214e-001
 6.9867104e-001
 7.0050353e-001
 7.0220321e-001
 7.0421559e-001
 7.0694900e-001
 7.0987856e-001
 7.1182346e-001
 7.1229857e-001
 7.1097869e-001
 7.0747054e-001
 7.0164496e-001
 6.9508225e-001
 6.8954462e-001
 6.8788683e-001
 6.9164687e-001
 7.0101029e-001
 7.1082038e-001
 7.1646196e-001
 7.1906376e-001
 7.2131479e-001
 7.2289443e-001
 7.2336715e-001
 7.2158146e-001
 7.1729493e-001
 7.1109211e-001
 6.9725049e-001
 7.0217681e-001
 6.8613088e-001
 6.6659820e-001
 6.4688581e-001
 6.3408434e-001
 6.3084006e-001
 6.3364649e-001
 6.3693440e-001
 6.3876349e-001
 6.3950294e-001
 6.3971806e-001
 6.3898206e-001
 6.3762563e-001
 6.3692629e-001
 6.3729745e-001
 6.3716513e-001
 6.3592356e-001
 6.3408321e-001
 6.3204330e-001
 6.2992471e-001
 6.2763220e-001
 6.2468576e-001
 6.2101144e-001
 6.1621994e-001
 6.0813725e-001
 5.9485042e-001
 5.7710993e-001
 5.5729467e-001
 5.3977501e-001
 5.2979314e-001
 5.2969831e-001
 5.3891027e-001
 5.5188739e-001
 5.5975413e-001
 5.6872553e-001
 5.8697349e-001
 6.0192549e-001
 6.1089623e-001
 6.1342394e-001
 6.1106044e-001
 6.0528338e-001
 5.9631693e-001
 5.8439881e-001
 5.6611407e-001
 5.4508668e-001
 5.3359491e-001
 5.3224069e-001
 5.3205407e-001
 5.2878386e-001
 5.2048486e-001
 5.0544512e-001
 4.8561078e-001
 4.6791470e-001
 4.5733505e-001
 4.4736934e-001
 4.3146864e-001
 4.1166776e-001
 3.9735046e-001
 3.9130470e-001
 3.8798273e-001
 3.8387629e-001
 3.7859273e-001
 3.7019759e-001
 3.6136666e-001
