s07_AV97 Record=2759: Pyroxene HS119.1B            ASDFRc AREF
 2.6605055e-001
 2.7873722e-001
 2.9210141e-001
 3.0427036e-001
 3.1692183e-001
 3.3112067e-001
 3.4519243e-001
 3.5590675e-001
 3.6445382e-001
 3.7476835e-001
 3.8530412e-001
 3.9594343e-001
 4.0514803e-001
 4.1383278e-001
 4.2210358e-001
 4.2823189e-001
 4.3273616e-001
 4.3576348e-001
 4.3740830e-001
 4.3756029e-001
 4.3660286e-001
 4.3464008e-001
 4.3178570e-001
 4.2865849e-001
 4.2497718e-001
 4.2123646e-001
 4.1665798e-001
 4.1215035e-001
 4.0768188e-001
 4.0310234e-001
 3.9845201e-001
 3.9397094e-001
 3.9919555e-001
 3.9481843e-001
 3.9050344e-001
 3.8607377e-001
 3.8183174e-001
 3.7754196e-001
 3.7342077e-001
 3.6943078e-001
 3.6576793e-001
 3.6247432e-001
 3.5960653e-001
 3.5732779e-001
 3.5568103e-001
 3.5493010e-001
 3.5503432e-001
 3.5614032e-001
 3.5832009e-001
 3.6126623e-001
 3.6459351e-001
 3.6833978e-001
 3.7189072e-001
 3.7496188e-001
 3.7723526e-001
 3.7875822e-001
 3.7938476e-001
 3.7936002e-001
 3.7873781e-001
 3.7770742e-001
 3.7640396e-001
 3.7536100e-001
 3.7444374e-001
 3.7390989e-001
 3.7369958e-001
 3.7394089e-001
 3.7445986e-001
 3.7534893e-001
 3.7597084e-001
 3.7675637e-001
 3.7851614e-001
 3.7975466e-001
 3.8043550e-001
 3.8133258e-001
 3.8234252e-001
 3.8364786e-001
 3.8395214e-001
 3.8487127e-001
 3.8547698e-001
 3.8566038e-001
 3.8620993e-001
 3.8691005e-001
 3.8746482e-001
 3.8831213e-001
 3.8911843e-001
 3.9028832e-001
 3.9152259e-001
 3.9291412e-001
 3.9490625e-001
 3.9671654e-001
 3.9924973e-001
 4.0232491e-001
 4.0485963e-001
 4.0770337e-001
 4.1074902e-001
 4.1412187e-001
 4.0888363e-001
 4.1248763e-001
 4.1587099e-001
 4.1921094e-001
 4.2251515e-001
 4.2588270e-001
 4.2964733e-001
 4.3313009e-001
 4.3678758e-001
 4.4016421e-001
 4.4316760e-001
 4.4660014e-001
 4.5014626e-001
 4.5323384e-001
 4.5612407e-001
 4.5949367e-001
 4.6332005e-001
 4.6708748e-001
 4.7043389e-001
 4.7357413e-001
 4.7625631e-001
 4.7948554e-001
 4.8246318e-001
 4.8527646e-001
 4.8838812e-001
 4.9123934e-001
 4.9389789e-001
 4.9647740e-001
 4.9938944e-001
 5.0223702e-001
 5.0479484e-001
 5.0739908e-001
 5.0979954e-001
 5.1224160e-001
 5.1449597e-001
 5.1671791e-001
 5.1904297e-001
 5.2145714e-001
 5.2342528e-001
 5.2524877e-001
 5.2754056e-001
 5.3015363e-001
 5.3237414e-001
 5.3445470e-001
 5.3605622e-001
 5.3852326e-001
 5.4090220e-001
 5.4282016e-001
 5.4454166e-001
 5.4612464e-001
 5.4752505e-001
 5.4943728e-001
 5.5185032e-001
 5.5329847e-001
 5.5523300e-001
 5.5671299e-001
 5.5821228e-001
 5.5970258e-001
 5.6059831e-001
 5.6256163e-001
 5.6457078e-001
 5.6651270e-001
 5.6774169e-001
 5.6955159e-001
 5.6868201e-001
 5.6984311e-001
 5.6911153e-001
 5.6860626e-001
 5.6928468e-001
 5.7087886e-001
 5.7276094e-001
 5.7532573e-001
 5.7695752e-001
 5.7813638e-001
 5.8009231e-001
 5.8259386e-001
 5.8412665e-001
 5.8611143e-001
 5.8815777e-001
 5.9057814e-001
 5.9269869e-001
 5.9438813e-001
 5.9683514e-001
 5.9845173e-001
 5.9980077e-001
 6.0124534e-001
 6.0302550e-001
 6.0464448e-001
 6.0625154e-001
 6.0725492e-001
 6.0791886e-001
 6.0828733e-001
 6.0845697e-001
 6.0957807e-001
 6.0961813e-001
 6.1095148e-001
 6.1121750e-001
 6.1200404e-001
 6.1211258e-001
 6.1283469e-001
 6.1380208e-001
 6.1447430e-001
 6.1445904e-001
 6.1525702e-001
 6.1534321e-001
 6.1406273e-001
 6.1215413e-001
 6.1088979e-001
 6.1248684e-001
 6.1528152e-001
 6.1760187e-001
 6.1841476e-001
 6.1946470e-001
 6.2024015e-001
 6.1991018e-001
 6.1921984e-001
 6.2047935e-001
 6.2234271e-001
 6.2186593e-001
 6.2214136e-001
 6.1935294e-001
 6.1975366e-001
 6.1850792e-001
 6.1963385e-001
 6.1730140e-001
 6.2316501e-001
 6.1980587e-001
-1.2300000e+034
