s07_AV97 Record=3726: Calcite.80+Mont_Swy-1 GDS212  BECKa AREF
-1.2300000e+034
-1.2300000e+034
-1.2300000e+034
-1.2300000e+034
-1.2300000e+034
-1.2300000e+034
-1.2300000e+034
-1.2300000e+034
-1.2300000e+034
-1.2300000e+034
-1.2300000e+034
-1.2300000e+034
-1.2300000e+034
-1.2300000e+034
-1.2300000e+034
-1.2300000e+034
-1.2300000e+034
-1.2300000e+034
-1.2300000e+034
-1.2300000e+034
-1.2300000e+034
 7.9019147e-001
 7.9161388e-001
 7.9296845e-001
 7.9404402e-001
 7.9518819e-001
 7.9580474e-001
 7.9684126e-001
 7.9840809e-001
 8.0046070e-001
 8.0314314e-001
 8.0522823e-001
 8.0281317e-001
 8.0478376e-001
 8.0703247e-001
 8.0995625e-001
 8.1299686e-001
 8.1504220e-001
 8.1718880e-001
 8.1868345e-001
 8.1942183e-001
 8.2034069e-001
 8.2136977e-001
 8.2250220e-001
 8.2385880e-001
 8.2490146e-001
 8.2609314e-001
 8.2637662e-001
 8.2698399e-001
 8.2732791e-001
 8.2791603e-001
 8.2644540e-001
 8.2036471e-001
 8.1884146e-001
 8.2021362e-001
 8.2106978e-001
 8.1988072e-001
 8.1892335e-001
 8.1895798e-001
 8.1812233e-001
 8.1986171e-001
 8.1912243e-001
 8.1724477e-001
 8.1780368e-001
 8.1937367e-001
 8.2060462e-001
 8.2143551e-001
 8.2237470e-001
 8.2154876e-001
 8.2410526e-001
 8.2349479e-001
 8.2536578e-001
 8.2423645e-001
 8.2656837e-001
 8.2646137e-001
 8.2714766e-001
 8.2670230e-001
 8.2773501e-001
 8.2820004e-001
 8.2929587e-001
 8.2898766e-001
 8.2837200e-001
 8.2764560e-001
 8.2679796e-001
 8.2641071e-001
 8.2825750e-001
 8.3020377e-001
 8.3015025e-001
 8.2986629e-001
 8.2934058e-001
 8.3105433e-001
 8.3146542e-001
 8.3079916e-001
 8.3192503e-001
 8.3140868e-001
 8.3261013e-001
 8.3159840e-001
 8.3214492e-001
 8.3237034e-001
 8.3179367e-001
 8.3095825e-001
 8.3130890e-001
 8.3090770e-001
 8.2997227e-001
 8.2900363e-001
 8.2773805e-001
 8.2603699e-001
 8.2460415e-001
 8.1863976e-001
 8.0336547e-001
 7.7875423e-001
 7.4964327e-001
 7.3770690e-001
 7.5546151e-001
 7.7833450e-001
 7.9371202e-001
 7.9925472e-001
 8.0098259e-001
 8.0680573e-001
 8.1255221e-001
 8.1599611e-001
 8.2027256e-001
 8.2255524e-001
 8.2699531e-001
 8.2814866e-001
 8.2981962e-001
 8.3088869e-001
 8.3363783e-001
 8.3447087e-001
 8.3470333e-001
 8.3635038e-001
 8.3617097e-001
 8.3718628e-001
 8.3798707e-001
 8.3756810e-001
 8.3899057e-001
 8.3893853e-001
 8.3948791e-001
 8.3809966e-001
 8.3817673e-001
 8.4310496e-001
 8.4209740e-001
 8.3872712e-001
 8.3690965e-001
 8.3686155e-001
 8.3793169e-001
 8.3682162e-001
 8.3244830e-001
 8.3373934e-001
 8.3455724e-001
 8.3535248e-001
 8.3157223e-001
 8.2875872e-001
 8.2678264e-001
 8.2599413e-001
 8.2250017e-001
 8.1968737e-001
 8.1180173e-001
 7.9216993e-001
 7.6358962e-001
 7.7400649e-001
 7.3057353e-001
 6.7165059e-001
 6.4723933e-001
 6.7086810e-001
 6.9852686e-001
 7.1334374e-001
 7.2183061e-001
 7.2541106e-001
 7.3286492e-001
 7.3945647e-001
 7.4539089e-001
 7.5443298e-001
 7.6418871e-001
 7.7374804e-001
 7.8350943e-001
 7.9092932e-001
 7.9260391e-001
 7.9337156e-001
 7.9865772e-001
 7.9631484e-001
 7.9429615e-001
 7.9563510e-001
 7.9603004e-001
 7.9992348e-001
 7.9851389e-001
 7.9500604e-001
 7.9001760e-001
 7.7989161e-001
 7.6337188e-001
 7.4266994e-001
 7.1778840e-001
 6.9945353e-001
 6.9068849e-001
 7.0310503e-001
 7.1651202e-001
 7.2415751e-001
 7.3542541e-001
 7.3894566e-001
 7.3836768e-001
 7.3254496e-001
 7.1438754e-001
 6.9983894e-001
 6.8716782e-001
 6.7250884e-001
 6.5370846e-001
 6.3920009e-001
 6.3710022e-001
 6.5921497e-001
 6.7853689e-001
 6.8557775e-001
 6.8429935e-001
 6.8357599e-001
 6.7660171e-001
 6.6561157e-001
 6.5673137e-001
 6.4835352e-001
 6.3721842e-001
 6.2504244e-001
 6.1097026e-001
 5.9769946e-001
 5.8480746e-001
 5.7150066e-001
 5.5787152e-001
