s07_AV97 Record=2744: Pyrophyllite PYS1A fine gr    BECKa AREF
 6.3378972e-001
 6.4970821e-001
 6.6694260e-001
 6.8060392e-001
 6.8933254e-001
 6.9750845e-001
 7.0208514e-001
 7.0846307e-001
 7.1776670e-001
 7.2358346e-001
 7.2790384e-001
 7.3137373e-001
 7.3424447e-001
 7.3804390e-001
 7.4216694e-001
 7.4708045e-001
 7.5189966e-001
 7.5677299e-001
 7.5997084e-001
 7.6197648e-001
 7.6353186e-001
 7.6611161e-001
 7.6870686e-001
 7.7070689e-001
 7.7177137e-001
 7.7342653e-001
 7.7612919e-001
 7.7746969e-001
 7.7939248e-001
 7.8193301e-001
 7.8293836e-001
 7.8417373e-001
 7.8265142e-001
 7.8387660e-001
 7.8545529e-001
 7.8771538e-001
 7.9048300e-001
 7.9217815e-001
 7.9246122e-001
 7.9330438e-001
 7.9580164e-001
 7.9567116e-001
 7.9595810e-001
 7.9601067e-001
 7.9576635e-001
 7.9703629e-001
 7.9614222e-001
 7.9631746e-001
 7.9484499e-001
 7.9150605e-001
 7.9299235e-001
 7.9737663e-001
 8.0119807e-001
 8.0056900e-001
 7.9807645e-001
 7.9787767e-001
 7.9899186e-001
 7.9931140e-001
 7.9570979e-001
 7.9517657e-001
 7.9799515e-001
 7.9370022e-001
 7.7620834e-001
 7.9530472e-001
 8.0068928e-001
 8.0107987e-001
 8.0382633e-001
 8.0343461e-001
 8.0351943e-001
 8.0357927e-001
 8.0553454e-001
 8.0638242e-001
 8.0660903e-001
 8.0735606e-001
 8.0817455e-001
 8.0802202e-001
 8.0856127e-001
 8.0784214e-001
 8.0867869e-001
 8.1076956e-001
 8.1015122e-001
 8.1122136e-001
 8.0864716e-001
 8.1046945e-001
 8.1019294e-001
 8.1059611e-001
 8.0853349e-001
 8.1082958e-001
 8.1030536e-001
 8.0734348e-001
 8.0817711e-001
 7.9820901e-001
 8.0343485e-001
 8.0951738e-001
 8.1103009e-001
 8.0900598e-001
 8.1023514e-001
 8.1013858e-001
 8.0843586e-001
 8.0694038e-001
 8.0493218e-001
 8.0298036e-001
 7.9782045e-001
 7.8961408e-001
 7.8225034e-001
 7.8945142e-001
 7.8843069e-001
 7.7687442e-001
 7.7771264e-001
 7.1821421e-001
 5.3760391e-001
 6.8792492e-001
 7.7733815e-001
 7.8771597e-001
 7.8833705e-001
 8.0068851e-001
 8.0259639e-001
 8.0405986e-001
 8.0668348e-001
 8.1075346e-001
 8.1352383e-001
 8.1235951e-001
 8.1243235e-001
 8.1275427e-001
 8.1213474e-001
 8.1206638e-001
 8.1184572e-001
 8.1397623e-001
 8.1483877e-001
 8.1431890e-001
 8.1336504e-001
 8.1402361e-001
 8.1461740e-001
 8.1286365e-001
 8.1294000e-001
 8.1339490e-001
 8.1364852e-001
 8.1202322e-001
 8.0960697e-001
 8.1069505e-001
 8.1477553e-001
 8.1275707e-001
 8.1046325e-001
 8.0811501e-001
 8.0792028e-001
 8.0957276e-001
 8.1075197e-001
 8.1253517e-001
 8.1201488e-001
 8.1388742e-001
 8.1151778e-001
 8.0739099e-001
 8.0807537e-001
 8.0717188e-001
 8.0568355e-001
 8.0835760e-001
 8.0606252e-001
 8.0544204e-001
 8.0548579e-001
 8.0149168e-001
 8.0294973e-001
 7.9927003e-001
 7.9478163e-001
 7.9050398e-001
 7.9052168e-001
 7.8961372e-001
 7.8760487e-001
 7.8131604e-001
 7.8269249e-001
 7.8859955e-001
 7.8815818e-001
 7.8682369e-001
 7.8674579e-001
 7.8386444e-001
 7.8162444e-001
 7.8384787e-001
 7.8360212e-001
 7.7537972e-001
 7.4369550e-001
 7.2119111e-001
 7.1897519e-001
 7.3648316e-001
 7.6650947e-001
 7.5842357e-001
 7.3508924e-001
 6.9713199e-001
 6.6338491e-001
 6.1354083e-001
 4.8033682e-001
 3.9705870e-001
 5.1010829e-001
 6.2754589e-001
 6.4943248e-001
 6.4540881e-001
 6.4361006e-001
 6.5590823e-001
 6.6779828e-001
 6.5578246e-001
 6.3859582e-001
 6.2045825e-001
 5.9308571e-001
 5.6151146e-001
 5.4280847e-001
 5.1259220e-001
 4.8481938e-001
 5.0912797e-001
 5.3548831e-001
 5.2374727e-001
 5.2500188e-001
 5.4080337e-001
 5.4101783e-001
 5.0631416e-001
 4.9825019e-001
 5.0105458e-001
 5.0148135e-001
 4.9615049e-001
 4.9043328e-001
 4.9083096e-001
 4.9385566e-001
 4.9288568e-001
 4.8285222e-001
 4.6918631e-001
 4.5934269e-001
 4.5827445e-001
