s07_AV97 Record=471: Antigorite NMNH96917.b 165um ASDNGb AREF
 2.7868563e-001
 2.7798551e-001
 2.8402489e-001
 2.9179990e-001
 2.9887652e-001
 3.1332114e-001
 3.2896844e-001
 3.4229845e-001
 3.4587330e-001
 3.5569781e-001
 3.7027448e-001
 3.8815275e-001
 4.0148470e-001
 4.0897828e-001
 4.1875273e-001
 4.2101964e-001
 4.1742799e-001
 4.1430670e-001
 4.1172808e-001
 4.0763590e-001
 4.0210065e-001
 3.9583975e-001
 3.8885242e-001
 3.8158759e-001
 3.7419695e-001
 3.6665058e-001
 3.5915676e-001
 3.5195237e-001
 3.4533006e-001
 3.3942145e-001
 3.3437312e-001
 3.3006504e-001
 3.3512375e-001
 3.3081481e-001
 3.2729730e-001
 3.2465428e-001
 3.2294866e-001
 3.2237470e-001
 3.2300901e-001
 3.2497898e-001
 3.2829809e-001
 3.3304039e-001
 3.3921099e-001
 3.4663436e-001
 3.5454297e-001
 3.6189461e-001
 3.6736509e-001
 3.7060428e-001
 3.7150952e-001
 3.7048811e-001
 3.6820203e-001
 3.6512399e-001
 3.6196390e-001
 3.5899568e-001
 3.5663837e-001
 3.5514668e-001
 3.5456473e-001
 3.5492399e-001
 3.5634845e-001
 3.5875422e-001
 3.6184764e-001
 3.6508662e-001
 3.6862653e-001
 3.7276617e-001
 3.7666818e-001
 3.7988943e-001
 3.8234574e-001
 3.8392040e-001
 3.8484606e-001
 3.8551322e-001
 3.8595954e-001
 3.8596737e-001
 3.8610762e-001
 3.8634825e-001
 3.8660726e-001
 3.8734388e-001
 3.8841993e-001
 3.8964379e-001
 3.9123270e-001
 3.9323813e-001
 3.9561391e-001
 3.9815804e-001
 4.0118963e-001
 4.0463242e-001
 4.0843949e-001
 4.1243002e-001
 4.1692838e-001
 4.2162061e-001
 4.2658427e-001
 4.3182531e-001
 4.3744388e-001
 4.4309938e-001
 4.4878453e-001
 4.5451224e-001
 4.5997334e-001
 4.6520653e-001
 4.5707598e-001
 4.6265054e-001
 4.6772468e-001
 4.7248879e-001
 4.7905001e-001
 4.8625490e-001
 4.9268842e-001
 4.9887520e-001
 5.0494921e-001
 5.1063108e-001
 5.1519215e-001
 5.1562524e-001
 5.1456821e-001
 4.7811660e-001
 4.5462480e-001
 4.6638629e-001
 5.0505757e-001
 5.3273547e-001
 5.4592901e-001
 5.5525380e-001
 5.6357163e-001
 5.7106400e-001
 5.7764065e-001
 5.8319211e-001
 5.8808744e-001
 5.9280306e-001
 5.9736013e-001
 6.0212600e-001
 6.0643739e-001
 6.1074436e-001
 6.1509532e-001
 6.1935067e-001
 6.2359160e-001
 6.2739247e-001
 6.3126749e-001
 6.3481349e-001
 6.3834691e-001
 6.4177638e-001
 6.4469266e-001
 6.4784825e-001
 6.5094405e-001
 6.5364164e-001
 6.5611494e-001
 6.5842193e-001
 6.6078794e-001
 6.6376203e-001
 6.6631734e-001
 6.6793334e-001
 6.6933620e-001
 6.7064834e-001
 6.7151809e-001
 6.7283046e-001
 6.7440504e-001
 6.7597270e-001
 6.7727232e-001
 6.7819184e-001
 6.7929697e-001
 6.8088436e-001
 6.8175066e-001
 6.8233329e-001
 6.8286639e-001
 6.8354046e-001
 6.8458062e-001
 6.8130988e-001
 6.8268371e-001
 6.7773479e-001
 6.7018306e-001
 6.6124785e-001
 6.5393162e-001
 6.4808053e-001
 6.4133644e-001
 6.3350421e-001
 6.2576467e-001
 6.1903465e-001
 6.1709327e-001
 6.1984909e-001
 6.2554896e-001
 6.3221675e-001
 6.4043605e-001
 6.5068138e-001
 6.5989089e-001
 6.6794389e-001
 6.7354846e-001
 6.7622679e-001
 6.7118889e-001
 6.5812010e-001
 6.5021801e-001
 6.4796120e-001
 6.4976323e-001
 6.5039313e-001
 6.4993274e-001
 6.5469486e-001
 6.6173816e-001
 6.6751778e-001
 6.7040449e-001
 6.6899836e-001
 6.6596800e-001
 6.6233450e-001
 6.5096670e-001
 6.1945951e-001
 5.7691342e-001
 5.5271637e-001
 5.4040349e-001
 5.2038294e-001
 4.9150845e-001
 4.6320769e-001
 4.3425140e-001
 4.0230173e-001
 3.7069276e-001
 3.6610922e-001
 4.0267238e-001
 4.5191276e-001
 4.8611599e-001
 4.9672651e-001
 4.8261422e-001
 4.7163919e-001
 4.7516260e-001
 4.6804732e-001
 4.5294845e-001
 4.4333819e-001
 4.4278908e-001
 4.3716908e-001
 4.2904574e-001
 4.3448466e-001
 4.4125041e-001
 4.3135622e-001
 4.1584864e-001
-1.2300000e+034
