s07_AV97 Record=2230: Muscovite GDS113 Ruby         BECKa AREF
 4.5172778e-001
 4.8119378e-001
 5.0810248e-001
 5.3687125e-001
 5.6014991e-001
 5.7697016e-001
 5.9657210e-001
 6.1143476e-001
 6.2440342e-001
 6.3753974e-001
 6.4445305e-001
 6.5226984e-001
 6.6573590e-001
 6.6729444e-001
 6.5941072e-001
 6.5963566e-001
 6.6171622e-001
 6.6336596e-001
 6.6609609e-001
 6.6931987e-001
 6.7300606e-001
 6.7794341e-001
 6.8645501e-001
 6.9643265e-001
 7.0781642e-001
 7.1775585e-001
 7.2734576e-001
 7.3629314e-001
 7.4414408e-001
 7.5175816e-001
 7.5957656e-001
 7.6639104e-001
 7.5832111e-001
 7.6507872e-001
 7.7138388e-001
 7.7724868e-001
 7.8191286e-001
 7.8664804e-001
 7.9057306e-001
 7.9453695e-001
 7.9737300e-001
 7.9823446e-001
 7.9856598e-001
 7.9851693e-001
 7.9796785e-001
 7.9632068e-001
 7.9330736e-001
 7.9072708e-001
 7.8918535e-001
 7.8639239e-001
 7.8462696e-001
 7.8188974e-001
 7.8026187e-001
 7.7823246e-001
 7.7555895e-001
 7.7636588e-001
 7.7685231e-001
 7.7920347e-001
 7.7746272e-001
 7.7794087e-001
 7.8154534e-001
 7.8316104e-001
 7.8121048e-001
 7.7663571e-001
 7.8319067e-001
 7.8911769e-001
 7.9200757e-001
 7.9366440e-001
 7.9364276e-001
 7.9394484e-001
 7.9550385e-001
 7.9480308e-001
 7.9592365e-001
 7.9720026e-001
 7.9525179e-001
 7.9755461e-001
 7.9844832e-001
 7.9942209e-001
 8.0154753e-001
 8.0187833e-001
 8.0375969e-001
 8.0561703e-001
 8.0799264e-001
 8.1148285e-001
 8.1074119e-001
 8.1373233e-001
 8.1483877e-001
 8.1882864e-001
 8.2052654e-001
 8.2300395e-001
 8.2520503e-001
 8.2860136e-001
 8.3193928e-001
 8.3232200e-001
 8.3659697e-001
 8.3978665e-001
 8.3491576e-001
 8.3830899e-001
 8.4088731e-001
 8.4166092e-001
 8.4278339e-001
 8.4205449e-001
 8.4262580e-001
 8.4295237e-001
 8.4684443e-001
 8.5106474e-001
 8.5365295e-001
 8.5211051e-001
 8.4632766e-001
 8.3234447e-001
 7.5891352e-001
 6.4293039e-001
 6.2264568e-001
 7.3492312e-001
 8.2487816e-001
 8.5643482e-001
 8.6554098e-001
 8.7036616e-001
 8.7496901e-001
 8.7571442e-001
 8.7787110e-001
 8.7907571e-001
 8.8145202e-001
 8.8385892e-001
 8.8172758e-001
 8.8456160e-001
 8.8565952e-001
 8.8718694e-001
 8.8789970e-001
 8.8906080e-001
 8.9096028e-001
 8.9145041e-001
 8.9216864e-001
 8.9316815e-001
 8.9227986e-001
 8.9278406e-001
 8.9349926e-001
 8.9300478e-001
 8.9155310e-001
 8.9288473e-001
 8.9259261e-001
 8.9475238e-001
 8.9496917e-001
 8.9449406e-001
 8.9378959e-001
 8.9285767e-001
 8.9131063e-001
 8.9062500e-001
 8.8795286e-001
 8.8986391e-001
 8.8955337e-001
 8.8829356e-001
 8.8519859e-001
 8.8004404e-001
 8.7737989e-001
 8.7492591e-001
 8.7340748e-001
 8.7540233e-001
 8.7205559e-001
 8.6460990e-001
 8.6701947e-001
 8.5848445e-001
 8.4613049e-001
 8.3252144e-001
 8.2423043e-001
 8.2466894e-001
 8.2669592e-001
 8.2705188e-001
 8.2663608e-001
 8.2428211e-001
 8.2271349e-001
 8.2024837e-001
 8.1778812e-001
 8.1482959e-001
 8.1777418e-001
 8.1732380e-001
 8.1774122e-001
 8.1404263e-001
 8.0987924e-001
 8.0434823e-001
 7.9711336e-001
 7.8663319e-001
 7.7052391e-001
 7.5707489e-001
 7.5042892e-001
 7.5083256e-001
 7.5405532e-001
 7.4516004e-001
 7.2464949e-001
 6.8432963e-001
 6.1222953e-001
 5.2264208e-001
 4.7318360e-001
 5.0433302e-001
 5.8202904e-001
 6.4928192e-001
 6.8072093e-001
 6.9803315e-001
 7.0594984e-001
 7.1087897e-001
 7.1339226e-001
 7.0840979e-001
 6.9005281e-001
 6.6166282e-001
 6.3311136e-001
 5.9757710e-001
 5.6637776e-001
 5.5231398e-001
 5.5961412e-001
 5.7419968e-001
 5.7754678e-001
 5.7328755e-001
 5.7368594e-001
 5.6259984e-001
 5.4267395e-001
 5.2606100e-001
 5.1651955e-001
 5.1517016e-001
 5.1959646e-001
 5.2798396e-001
 5.3766227e-001
 5.4805529e-001
 5.5896187e-001
 5.6993842e-001
