s07_AV97 Record=2352: Nephrite HS296.3B            ASDFRc AREF
 2.6063827e-001
 2.6297283e-001
 2.6817206e-001
 2.7260414e-001
 2.7541578e-001
 2.8040791e-001
 2.8637528e-001
 2.9214883e-001
 2.9629973e-001
 3.0205333e-001
 3.1126562e-001
 3.2317856e-001
 3.3194470e-001
 3.3701313e-001
 3.4328124e-001
 3.4603024e-001
 3.4507552e-001
 3.4345978e-001
 3.4217715e-001
 3.4039098e-001
 3.3766025e-001
 3.3435392e-001
 3.3057389e-001
 3.2701299e-001
 3.2297003e-001
 3.1880233e-001
 3.1423089e-001
 3.0930826e-001
 3.0492437e-001
 3.0096820e-001
 2.9739711e-001
 2.9463908e-001
 2.9790533e-001
 2.9512459e-001
 2.9264563e-001
 2.9012695e-001
 2.8851056e-001
 2.8731579e-001
 2.8661355e-001
 2.8664774e-001
 2.8747949e-001
 2.8893113e-001
 2.9125318e-001
 2.9408732e-001
 2.9724443e-001
 3.0013844e-001
 3.0198780e-001
 3.0275822e-001
 3.0223250e-001
 3.0070543e-001
 2.9838288e-001
 2.9572341e-001
 2.9302454e-001
 2.9049799e-001
 2.8825721e-001
 2.8660509e-001
 2.8530231e-001
 2.8453225e-001
 2.8437105e-001
 2.8477845e-001
 2.8569525e-001
 2.8616747e-001
 2.8660595e-001
 2.8846234e-001
 2.9048389e-001
 2.9192314e-001
 2.9282615e-001
 2.9341498e-001
 2.9361382e-001
 2.9328308e-001
 2.9380178e-001
 2.9331914e-001
 2.9290763e-001
 2.9281747e-001
 2.9241312e-001
 2.9242352e-001
 2.9273260e-001
 2.9242155e-001
 2.9304600e-001
 2.9359555e-001
 2.9496211e-001
 2.9574889e-001
 2.9713169e-001
 2.9885742e-001
 3.0059481e-001
 3.0246025e-001
 3.0434039e-001
 3.0697814e-001
 3.0964392e-001
 3.1230122e-001
 3.1499401e-001
 3.1819263e-001
 3.2095703e-001
 3.2352459e-001
 3.2561594e-001
 3.2790220e-001
 3.2436502e-001
 3.2684615e-001
 3.2881981e-001
 3.3064345e-001
 3.3438775e-001
 3.3814880e-001
 3.4113076e-001
 3.4405258e-001
 3.4687394e-001
 3.4898233e-001
 3.4864372e-001
 3.4551254e-001
 3.4347814e-001
 3.0185196e-001
 2.8045228e-001
 3.0282685e-001
 3.3817622e-001
 3.5341865e-001
 3.5963786e-001
 3.6417010e-001
 3.6776525e-001
 3.7118411e-001
 3.7405533e-001
 3.7627810e-001
 3.7830222e-001
 3.7998071e-001
 3.8150176e-001
 3.8324314e-001
 3.8470051e-001
 3.8611600e-001
 3.8744920e-001
 3.8871759e-001
 3.8989151e-001
 3.9106074e-001
 3.9233077e-001
 3.9361453e-001
 3.9464796e-001
 3.9530638e-001
 3.9568394e-001
 3.9653146e-001
 3.9705911e-001
 3.9800286e-001
 3.9878780e-001
 3.9925450e-001
 3.9986542e-001
 4.0045378e-001
 4.0084007e-001
 4.0063822e-001
 4.0044296e-001
 4.0043554e-001
 4.0040681e-001
 3.9987919e-001
 3.9972872e-001
 3.9989877e-001
 3.9972231e-001
 3.9874846e-001
 3.9831966e-001
 3.9835054e-001
 3.9813593e-001
 3.9737290e-001
 3.9636251e-001
 3.9567998e-001
 3.9375076e-001
 3.8865417e-001
 3.9102846e-001
 3.8426778e-001
 3.7412661e-001
 3.6509103e-001
 3.6132392e-001
 3.6044490e-001
 3.5848814e-001
 3.5508379e-001
 3.5138044e-001
 3.4813923e-001
 3.4686732e-001
 3.4833583e-001
 3.5183179e-001
 3.5548291e-001
 3.5940641e-001
 3.6386266e-001
 3.6925510e-001
 3.7438509e-001
 3.7802535e-001
 3.7840822e-001
 3.7280616e-001
 3.6347649e-001
 3.5852349e-001
 3.5665047e-001
 3.5859221e-001
 3.5726395e-001
 3.5859102e-001
 3.6376923e-001
 3.6860350e-001
 3.7206918e-001
 3.7271366e-001
 3.7220904e-001
 3.7066525e-001
 3.6719140e-001
 3.5957599e-001
 3.4286806e-001
 3.1844708e-001
 3.0359000e-001
 2.9430157e-001
 2.7719355e-001
 2.6093924e-001
 2.4643965e-001
 2.2666076e-001
 2.0630340e-001
 1.8542421e-001
 1.8708070e-001
 2.0980446e-001
 2.4394187e-001
 2.6584068e-001
 2.6358455e-001
 2.4575052e-001
 2.3928034e-001
 2.4155289e-001
 2.3784868e-001
 2.2959532e-001
 2.2676273e-001
 2.2449391e-001
 2.1685553e-001
 2.1620029e-001
 2.2377172e-001
 2.2311309e-001
 2.1297953e-001
 2.0339257e-001
-1.2300000e+034
