s07_AV97 Record=3689: Calcite.5+.Na-Mont.5 AMX43   ASDNGb AREF
 6.0462368e-001
 6.2473917e-001
 6.4639968e-001
 6.6356397e-001
 6.7991078e-001
 6.9698232e-001
 7.1276456e-001
 7.2707063e-001
 7.4158198e-001
 7.5195879e-001
 7.5975895e-001
 7.6586193e-001
 7.7060854e-001
 7.7602202e-001
 7.8170604e-001
 7.8857481e-001
 7.9583281e-001
 8.0123764e-001
 8.0603105e-001
 8.0987239e-001
 8.1238353e-001
 8.1375927e-001
 8.1481099e-001
 8.1554174e-001
 8.1613928e-001
 8.1673932e-001
 8.1748378e-001
 8.1846440e-001
 8.1976742e-001
 8.2140237e-001
 8.2323945e-001
 8.2520872e-001
 8.2294279e-001
 8.2482243e-001
 8.2677984e-001
 8.2876027e-001
 8.3052176e-001
 8.3204389e-001
 8.3326918e-001
 8.3421397e-001
 8.3495456e-001
 8.3571917e-001
 8.3638382e-001
 8.3686727e-001
 8.3710867e-001
 8.3723861e-001
 8.3710849e-001
 8.3709562e-001
 8.3698362e-001
 8.3678669e-001
 8.3644789e-001
 8.3616108e-001
 8.3584350e-001
 8.3560604e-001
 8.3544630e-001
 8.3535385e-001
 8.3529598e-001
 8.3543819e-001
 8.3563960e-001
 8.3591789e-001
 8.3613890e-001
 8.3626616e-001
 8.3614987e-001
 8.3610302e-001
 8.3705521e-001
 8.3846194e-001
 8.3960241e-001
 8.4051603e-001
 8.4129465e-001
 8.4206116e-001
 8.4268302e-001
 8.4316123e-001
 8.4365487e-001
 8.4417039e-001
 8.4467703e-001
 8.4511262e-001
 8.4552199e-001
 8.4595507e-001
 8.4630942e-001
 8.4666204e-001
 8.4695369e-001
 8.4694552e-001
 8.4631759e-001
 8.4556735e-001
 8.4632325e-001
 8.4704828e-001
 8.4749740e-001
 8.4786129e-001
 8.4818619e-001
 8.4866107e-001
 8.4912926e-001
 8.4966451e-001
 8.4997022e-001
 8.5024267e-001
 8.5068256e-001
 8.5101277e-001
 8.5043991e-001
 8.5086608e-001
 8.5107177e-001
 8.5094464e-001
 8.5062373e-001
 8.5027236e-001
 8.4981281e-001
 8.4915292e-001
 8.4829056e-001
 8.4734100e-001
 8.4629112e-001
 8.4419864e-001
 8.3796060e-001
 8.2605004e-001
 8.0636615e-001
 7.8333718e-001
 7.7524716e-001
 7.9130584e-001
 8.1164330e-001
 8.2337981e-001
 8.2733452e-001
 8.2888848e-001
 8.3331150e-001
 8.3804327e-001
 8.4162003e-001
 8.4436280e-001
 8.4655964e-001
 8.4836608e-001
 8.4968424e-001
 8.5082769e-001
 8.5179162e-001
 8.5212100e-001
 8.5337621e-001
 8.5482901e-001
 8.5587841e-001
 8.5650074e-001
 8.5687780e-001
 8.5720706e-001
 8.5743910e-001
 8.5741645e-001
 8.5742402e-001
 8.5813707e-001
 8.5853004e-001
 8.5870558e-001
 8.5827279e-001
 8.5735768e-001
 8.5619861e-001
 8.5501200e-001
 8.5352176e-001
 8.5197896e-001
 8.5041380e-001
 8.5001624e-001
 8.5153931e-001
 8.5179609e-001
 8.5094148e-001
 8.4969860e-001
 8.4815848e-001
 8.4579128e-001
 8.4208262e-001
 8.3758956e-001
 8.3299965e-001
 8.2439995e-001
 8.0520874e-001
 7.7969229e-001
 7.8822976e-001
 7.5581586e-001
 7.1424836e-001
 7.0482069e-001
 7.2771043e-001
 7.5010669e-001
 7.6169664e-001
 7.6609945e-001
 7.6749790e-001
 7.6949924e-001
 7.7297574e-001
 7.7477741e-001
 7.7831870e-001
 7.9228342e-001
 8.0429387e-001
 8.1260049e-001
 8.1854862e-001
 8.2272804e-001
 8.2504046e-001
 8.2549679e-001
 8.2512289e-001
 8.2402658e-001
 8.2283342e-001
 8.2122022e-001
 8.2014167e-001
 8.1775004e-001
 8.1142145e-001
 8.0197001e-001
 7.9283476e-001
 7.8024244e-001
 7.6566756e-001
 7.4979717e-001
 7.3263371e-001
 7.2441620e-001
 7.3234099e-001
 7.3996007e-001
 7.4327075e-001
 7.4908549e-001
 7.5158954e-001
 7.4644792e-001
 7.3420203e-001
 7.1858585e-001
 7.0563567e-001
 6.9571513e-001
 6.8508750e-001
 6.6859370e-001
 6.5282959e-001
 6.5294027e-001
 6.7164403e-001
 6.9561732e-001
 7.0690590e-001
 7.0719224e-001
 7.0162445e-001
 6.9646275e-001
 6.9002432e-001
 6.7830676e-001
 6.6470045e-001
 6.5009010e-001
 6.3534653e-001
 6.1811441e-001
 6.0000378e-001
 5.8677042e-001
 5.7904571e-001
-1.2300000e+034
