s07_AV97 Record=3157: Talc GDS23 74-250um fr        BECKa AREF
 3.2446355e-001
 3.5042030e-001
 3.7567002e-001
 4.0046090e-001
 4.2311820e-001
 4.4396603e-001
 4.6342927e-001
 4.8006314e-001
 4.9343526e-001
 5.0309926e-001
 5.0930375e-001
 5.1674849e-001
 5.2328652e-001
 5.2885520e-001
 5.3564376e-001
 5.4016685e-001
 5.4482269e-001
 5.4899490e-001
 5.5119061e-001
 5.5235499e-001
 5.5377829e-001
 5.5597717e-001
 5.5880243e-001
 5.5761147e-001
 5.5665743e-001
 5.5645657e-001
 5.5778217e-001
 5.5949509e-001
 5.6062329e-001
 5.6154549e-001
 5.6186777e-001
 5.6249243e-001
 5.6174493e-001
 5.6227434e-001
 5.6308442e-001
 5.6381190e-001
 5.6465298e-001
 5.6528670e-001
 5.6427687e-001
 5.6317681e-001
 5.6369656e-001
 5.6390727e-001
 5.6316429e-001
 5.6268293e-001
 5.6250697e-001
 5.6086260e-001
 5.5861628e-001
 5.5678689e-001
 5.5575222e-001
 5.5357784e-001
 5.5293542e-001
 5.5366826e-001
 5.5525208e-001
 5.5703300e-001
 5.5834198e-001
 5.5727369e-001
 5.5630195e-001
 5.6157750e-001
 5.6356043e-001
 5.6453735e-001
 5.6740606e-001
 5.5962461e-001
 5.4595935e-001
 5.7008958e-001
 5.7193559e-001
 5.7067579e-001
 5.7325190e-001
 5.7324779e-001
 5.7621741e-001
 5.7550132e-001
 5.7745898e-001
 5.8030009e-001
 5.8371991e-001
 5.8397394e-001
 5.8659011e-001
 5.9021676e-001
 5.9140480e-001
 5.9556419e-001
 5.9862888e-001
 6.0213339e-001
 6.0492587e-001
 6.0854125e-001
 6.1065543e-001
 6.1391199e-001
 6.1635298e-001
 6.1915028e-001
 6.2304592e-001
 6.2627858e-001
 6.2701148e-001
 6.2839192e-001
 6.3078934e-001
 6.3083845e-001
 6.3390428e-001
 6.3621515e-001
 6.3657355e-001
 6.3021117e-001
 6.3633782e-001
 6.3426065e-001
 6.2486845e-001
 6.3134128e-001
 6.3377833e-001
 6.3577241e-001
 6.3784909e-001
 6.3762623e-001
 6.4026153e-001
 6.4040291e-001
 6.4037812e-001
 6.3775784e-001
 6.3148600e-001
 5.4006904e-001
 3.7229285e-001
 5.6424558e-001
 6.0628963e-001
 6.0991061e-001
 6.1489427e-001
 6.2162322e-001
 6.2949049e-001
 6.3259131e-001
 6.3626152e-001
 6.4163643e-001
 6.4482176e-001
 6.4691800e-001
 6.4832580e-001
 6.4931518e-001
 6.4565158e-001
 6.4754778e-001
 6.5400922e-001
 6.5633935e-001
 6.5765494e-001
 6.5940887e-001
 6.5975249e-001
 6.6156727e-001
 6.6318840e-001
 6.6396046e-001
 6.6461080e-001
 6.6569060e-001
 6.6653299e-001
 6.6854459e-001
 6.6782790e-001
 6.6717190e-001
 6.7246723e-001
 6.7734027e-001
 6.7318803e-001
 6.7099899e-001
 6.7161638e-001
 6.7616534e-001
 6.7592955e-001
 6.7644244e-001
 6.7321301e-001
 6.7299670e-001
 6.7487180e-001
 6.6837549e-001
 6.6492009e-001
 6.5707850e-001
 6.5808737e-001
 6.5772372e-001
 6.5594912e-001
 6.5370762e-001
 6.4736176e-001
 6.3719827e-001
 6.4125216e-001
 6.2048167e-001
 5.8896559e-001
 5.7433665e-001
 5.8113420e-001
 5.9136647e-001
 5.9436578e-001
 5.9666735e-001
 5.9971350e-001
 6.0219628e-001
 6.0084224e-001
 6.0072297e-001
 5.9502298e-001
 5.8792031e-001
 5.9550768e-001
 6.1526072e-001
 6.1816132e-001
 6.0932010e-001
 6.0590678e-001
 5.7111239e-001
 5.3326660e-001
 5.5070883e-001
 5.6633234e-001
 5.6929427e-001
 5.5179715e-001
 5.3190780e-001
 5.3433514e-001
 5.5631644e-001
 5.6224513e-001
 5.4546583e-001
 5.4430580e-001
 5.6480342e-001
 5.6529522e-001
 5.6603938e-001
 5.3934002e-001
 4.8270375e-001
 4.8185602e-001
 5.0019473e-001
 4.5019570e-001
 3.8668969e-001
 2.7560005e-001
 1.6802251e-001
 1.4266595e-001
 1.0068952e-001
 1.0645678e-001
 2.5399026e-001
 3.8736537e-001
 3.8427660e-001
 3.4736964e-001
 3.1213024e-001
 2.2119805e-001
 1.8926072e-001
 2.3105164e-001
 2.9550502e-001
 3.3903426e-001
 3.3613488e-001
 3.0725864e-001
 2.8268167e-001
 2.7251816e-001
 2.7432266e-001
 2.8791440e-001
 3.0575469e-001
 3.1920895e-001
 3.2259473e-001
