s07_AV97 Record=3909: Halloysite+Kaolinite CM29     BECKa AREF
 6.1448324e-001
 6.2660789e-001
 6.4395595e-001
 6.5813488e-001
 6.7098749e-001
 6.8264323e-001
 6.9386941e-001
 7.0002121e-001
 7.1194136e-001
 7.2883749e-001
 7.3272353e-001
 7.3778111e-001
 7.4376506e-001
 7.5349182e-001
 7.6512694e-001
 7.7779204e-001
 7.9065859e-001
 8.0406696e-001
 8.1598693e-001
 8.2572156e-001
 8.3529973e-001
 8.4198439e-001
 8.4602392e-001
 8.5011518e-001
 8.5078168e-001
 8.5198516e-001
 8.5482854e-001
 8.5529494e-001
 8.5669434e-001
 8.5926801e-001
 8.6347604e-001
 8.6330247e-001
 8.6360145e-001
 8.6346680e-001
 8.6538416e-001
 8.6641759e-001
 8.7144887e-001
 8.7394136e-001
 8.7706351e-001
 8.7896156e-001
 8.8103658e-001
 8.8225591e-001
 8.8266438e-001
 8.8257027e-001
 8.8413996e-001
 8.8292623e-001
 8.8499016e-001
 8.8172925e-001
 8.7998968e-001
 8.6923355e-001
 8.6515296e-001
 8.6982691e-001
 8.8076103e-001
 8.7638122e-001
 8.6649466e-001
 8.6785573e-001
 8.6723363e-001
 8.6929268e-001
 8.6327308e-001
 8.6283922e-001
 8.6119097e-001
 8.5518664e-001
 8.4985942e-001
 8.4604228e-001
 8.5593802e-001
 8.5898280e-001
 8.6282444e-001
 8.6141187e-001
 8.6288327e-001
 8.6490977e-001
 8.6647230e-001
 8.6545968e-001
 8.6911607e-001
 8.6775941e-001
 8.7051934e-001
 8.7218344e-001
 8.7114763e-001
 8.7487400e-001
 8.7474948e-001
 8.7612188e-001
 8.7590820e-001
 8.7641925e-001
 8.7888050e-001
 8.7621135e-001
 8.7581784e-001
 8.7792063e-001
 8.7803948e-001
 8.8009375e-001
 8.7976462e-001
 8.7790549e-001
 8.7438852e-001
 8.6588198e-001
 8.5804528e-001
 8.6470717e-001
 8.6594856e-001
 8.6564195e-001
 8.6460650e-001
 8.6681771e-001
 8.6372846e-001
 8.5151052e-001
 8.3121091e-001
 8.1632662e-001
 8.0634105e-001
 7.9671860e-001
 7.8847986e-001
 7.7941734e-001
 7.4727803e-001
 7.2609216e-001
 6.8672454e-001
 6.0802513e-001
 5.6421220e-001
 5.6987590e-001
 5.5593157e-001
 6.7392302e-001
 7.2237927e-001
 7.4634737e-001
 7.6019013e-001
 7.7027464e-001
 7.8154278e-001
 7.8892541e-001
 7.9649681e-001
 8.0230469e-001
 8.0835646e-001
 8.1477523e-001
 8.1921971e-001
 8.2010734e-001
 8.2428932e-001
 8.2710433e-001
 8.2845420e-001
 8.3001399e-001
 8.3227861e-001
 8.3120495e-001
 8.3140093e-001
 8.3200127e-001
 8.3137840e-001
 8.3075577e-001
 8.3238983e-001
 8.2823032e-001
 8.2775193e-001
 8.2499027e-001
 8.2598901e-001
 8.1989914e-001
 8.1600809e-001
 8.1017280e-001
 8.0350685e-001
 7.9950309e-001
 7.9141182e-001
 7.8615075e-001
 7.7660185e-001
 7.6638663e-001
 7.5678629e-001
 7.4768573e-001
 7.3877829e-001
 7.3840547e-001
 7.3955435e-001
 7.3663092e-001
 7.3519158e-001
 7.3176020e-001
 6.9528180e-001
 6.5045249e-001
 6.6351235e-001
 6.2475544e-001
 5.7366997e-001
 5.2571762e-001
 5.2495062e-001
 5.4896569e-001
 5.6369030e-001
 5.7041866e-001
 5.8202332e-001
 5.8952671e-001
 5.9646040e-001
 6.0621309e-001
 6.0773361e-001
 6.1036992e-001
 6.1723763e-001
 6.2058151e-001
 6.1950171e-001
 6.1729050e-001
 6.1044669e-001
 5.9930086e-001
 5.8865660e-001
 5.7726038e-001
 5.6546372e-001
 5.4820526e-001
 5.3550732e-001
 5.1775551e-001
 4.6963841e-001
 4.0203974e-001
 3.5327974e-001
 3.4679288e-001
 3.4676567e-001
 3.2513601e-001
 2.7605161e-001
 2.5652722e-001
 3.4021100e-001
 4.0997714e-001
 4.2451730e-001
 4.2432979e-001
 4.2291284e-001
 4.1653118e-001
 4.0172812e-001
 3.8491651e-001
 3.6838242e-001
 3.5159963e-001
 3.4029105e-001
 3.4004092e-001
 3.3357254e-001
 3.1975663e-001
 3.1086177e-001
 3.0329281e-001
 2.8668219e-001
 2.8282216e-001
 2.8598207e-001
 2.8558010e-001
 2.7902088e-001
 2.6798812e-001
 2.5544527e-001
 2.4437445e-001
 2.3604527e-001
 2.2785436e-001
 2.2017394e-001
 2.1297711e-001
 2.0635734e-001
 2.0032737e-001
