s07_AV97 Record=1614: Hypersthene PYX02.f 60um    NIC4cbb RREF
-1.2300000e+034
-1.2300000e+034
-1.2300000e+034
-1.2300000e+034
-1.2300000e+034
-1.2300000e+034
-1.2300000e+034
-1.2300000e+034
-1.2300000e+034
-1.2300000e+034
-1.2300000e+034
-1.2300000e+034
-1.2300000e+034
-1.2300000e+034
-1.2300000e+034
-1.2300000e+034
-1.2300000e+034
-1.2300000e+034
-1.2300000e+034
-1.2300000e+034
-1.2300000e+034
-1.2300000e+034
-1.2300000e+034
-1.2300000e+034
-1.2300000e+034
-1.2300000e+034
-1.2300000e+034
-1.2300000e+034
-1.2300000e+034
-1.2300000e+034
-1.2300000e+034
-1.2300000e+034
-1.2300000e+034
-1.2300000e+034
-1.2300000e+034
-1.2300000e+034
-1.2300000e+034
-1.2300000e+034
-1.2300000e+034
-1.2300000e+034
-1.2300000e+034
-1.2300000e+034
-1.2300000e+034
-1.2300000e+034
-1.2300000e+034
-1.2300000e+034
-1.2300000e+034
-1.2300000e+034
-1.2300000e+034
-1.2300000e+034
-1.2300000e+034
-1.2300000e+034
-1.2300000e+034
-1.2300000e+034
-1.2300000e+034
-1.2300000e+034
-1.2300000e+034
-1.2300000e+034
-1.2300000e+034
-1.2300000e+034
-1.2300000e+034
-1.2300000e+034
-1.2300000e+034
-1.2300000e+034
-1.2300000e+034
-1.2300000e+034
-1.2300000e+034
-1.2300000e+034
-1.2300000e+034
-1.2300000e+034
-1.2300000e+034
-1.2300000e+034
-1.2300000e+034
-1.2300000e+034
-1.2300000e+034
-1.2300000e+034
-1.2300000e+034
-1.2300000e+034
-1.2300000e+034
-1.2300000e+034
-1.2300000e+034
-1.2300000e+034
-1.2300000e+034
-1.2300000e+034
-1.2300000e+034
-1.2300000e+034
-1.2300000e+034
-1.2300000e+034
-1.2300000e+034
-1.2300000e+034
-1.2300000e+034
-1.2300000e+034
-1.2300000e+034
-1.2300000e+034
-1.2300000e+034
-1.2300000e+034
-1.2300000e+034
-1.2300000e+034
-1.2300000e+034
-1.2300000e+034
-1.2300000e+034
-1.2300000e+034
-1.2300000e+034
-1.2300000e+034
-1.2300000e+034
-1.2300000e+034
-1.2300000e+034
-1.2300000e+034
-1.2300000e+034
-1.2300000e+034
-1.2300000e+034
-1.2300000e+034
-1.2300000e+034
-1.2300000e+034
-1.2300000e+034
-1.2300000e+034
-1.2300000e+034
-1.2300000e+034
-1.2300000e+034
-1.2300000e+034
-1.2300000e+034
-1.2300000e+034
-1.2300000e+034
-1.2300000e+034
 2.7378196e-001
 2.6665449e-001
 2.5939402e-001
 2.5151598e-001
 2.4384934e-001
 2.3649521e-001
 2.2918735e-001
 2.2195658e-001
 2.1539363e-001
 2.0900175e-001
 2.0285830e-001
 1.9721378e-001
 1.9137169e-001
 1.8612024e-001
 1.8101312e-001
 1.7646663e-001
 1.7225324e-001
 1.6822362e-001
 1.6469723e-001
 1.6124848e-001
 1.5811546e-001
 1.5527509e-001
 1.5241641e-001
 1.5028264e-001
 1.4825979e-001
 1.4628518e-001
 1.4488953e-001
 1.4324118e-001
 1.4207640e-001
 1.4111327e-001
 1.4027338e-001
 1.3968973e-001
 1.3949709e-001
 1.3954067e-001
 1.3957952e-001
 1.4022771e-001
 1.3991748e-001
 1.4078556e-001
 1.4137289e-001
 1.4248559e-001
 1.4382094e-001
 1.4549287e-001
 1.4754573e-001
 1.4955936e-001
 1.5190022e-001
 1.5450573e-001
 1.5753973e-001
 1.6103639e-001
 1.6463438e-001
 1.6851787e-001
 1.7258412e-001
 1.7750514e-001
 1.8257429e-001
 1.8807307e-001
 1.9382441e-001
 1.9937427e-001
 2.0554590e-001
 2.1216017e-001
 2.1911684e-001
 2.2658311e-001
 2.3426756e-001
 2.4206962e-001
 2.5030941e-001
 2.5884396e-001
 2.6739049e-001
 2.7584401e-001
 2.8436568e-001
 2.9289237e-001
 3.0136108e-001
 3.0939031e-001
 3.1745493e-001
 3.2556459e-001
 3.3361256e-001
 3.4157160e-001
 3.4864327e-001
 3.5517222e-001
 3.6020496e-001
 3.6218914e-001
 3.6696631e-001
 3.6626840e-001
 3.7080726e-001
 3.8254416e-001
 3.9193481e-001
 3.9944896e-001
 4.0553966e-001
 4.0998492e-001
 4.1157797e-001
 4.1341433e-001
 4.1866928e-001
 4.2487323e-001
 4.2801210e-001
 4.2922983e-001
 4.3071896e-001
 4.3217409e-001
 4.3315384e-001
 4.3388942e-001
 4.3562341e-001
 4.3650764e-001
 4.3620101e-001
 4.3661967e-001
