s07_AV97 Record=4186: Sand GrndIsle2 no visibl oil ASDFRa AREF
 6.3390538e-002
 6.7306720e-002
 7.1804181e-002
 7.5530030e-002
 7.8813002e-002
 8.2658589e-002
 8.7178521e-002
 9.2062935e-002
 9.6667036e-002
 1.0086171e-001
 1.0432290e-001
 1.0760147e-001
 1.1125581e-001
 1.1534682e-001
 1.2008607e-001
 1.2529960e-001
 1.3077070e-001
 1.3652748e-001
 1.4203486e-001
 1.4720170e-001
 1.5159063e-001
 1.5503201e-001
 1.5772343e-001
 1.5956974e-001
 1.6114995e-001
 1.6224180e-001
 1.6304624e-001
 1.6373581e-001
 1.6425060e-001
 1.6475117e-001
 1.6535941e-001
 1.6603912e-001
 1.6526355e-001
 1.6589096e-001
 1.6669460e-001
 1.6754189e-001
 1.6871691e-001
 1.7003687e-001
 1.7077447e-001
 1.7233288e-001
 1.7440645e-001
 1.7624258e-001
 1.7738143e-001
 1.7974959e-001
 1.8120568e-001
 1.8265328e-001
 1.8403673e-001
 1.8524282e-001
 1.8570629e-001
 1.8686059e-001
 1.8794797e-001
 1.8887350e-001
 1.8940532e-001
 1.8983483e-001
 1.9022387e-001
 1.9062982e-001
 1.9055295e-001
 1.9053313e-001
 1.9078945e-001
 1.9170344e-001
 1.8983112e-001
 1.8955493e-001
 1.9090888e-001
 1.9359906e-001
 1.9625032e-001
 1.9812602e-001
 2.0010845e-001
 2.0132282e-001
 2.0224713e-001
 2.0345326e-001
 2.0446278e-001
 2.0541173e-001
 2.0646311e-001
 2.0735617e-001
 2.0824447e-001
 2.0922792e-001
 2.1006693e-001
 2.1074583e-001
 2.1102071e-001
 2.1058655e-001
-1.2300000e+034
-1.2300000e+034
-1.2300000e+034
 2.1623181e-001
 2.1882266e-001
 2.2101560e-001
 2.2256988e-001
 2.2453418e-001
 2.2640908e-001
 2.2836892e-001
 2.3061559e-001
 2.3289123e-001
 2.3484983e-001
 2.3687522e-001
 2.3852633e-001
 2.4038649e-001
 2.3765837e-001
 2.3940825e-001
 2.4149390e-001
 2.4339128e-001
 2.4478102e-001
 2.4594758e-001
 2.4686517e-001
 2.4734014e-001
 2.4708386e-001
 2.4626462e-001
-1.2300000e+034
-1.2300000e+034
-1.2300000e+034
-1.2300000e+034
-1.2300000e+034
-1.2300000e+034
-1.2300000e+034
-1.2300000e+034
-1.2300000e+034
-1.2300000e+034
 2.2241943e-001
 2.2494678e-001
 2.3023739e-001
 2.3602051e-001
 2.4281517e-001
 2.4872236e-001
 2.5413662e-001
 2.5892842e-001
 2.6319131e-001
 2.6713622e-001
 2.7076864e-001
 2.7390519e-001
 2.7665296e-001
 2.7941120e-001
 2.8182551e-001
 2.8393877e-001
 2.8606701e-001
 2.8806698e-001
 2.8979799e-001
 2.9137570e-001
 2.9281971e-001
 2.9418033e-001
 2.9555812e-001
 2.9657674e-001
 2.9718482e-001
 2.9772249e-001
 2.9805753e-001
 2.9774833e-001
 2.9708758e-001
 2.9627404e-001
 2.9548603e-001
 2.9433525e-001
 2.9257631e-001
 2.9074848e-001
 2.8875384e-001
-1.2300000e+034
-1.2300000e+034
-1.2300000e+034
-1.2300000e+034
-1.2300000e+034
-1.2300000e+034
-1.2300000e+034
-1.2300000e+034
-1.2300000e+034
-1.2300000e+034
-1.2300000e+034
-1.2300000e+034
-1.2300000e+034
-1.2300000e+034
-1.2300000e+034
-1.2300000e+034
-1.2300000e+034
-1.2300000e+034
-1.2300000e+034
 1.8113235e-001
 1.8927015e-001
 1.9694023e-001
-1.2300000e+034
 2.1987247e-001
 2.2803871e-001
 2.3506644e-001
 2.4107027e-001
 2.4751006e-001
 2.5266787e-001
 2.5757870e-001
 2.6192799e-001
 2.6538587e-001
 2.6867071e-001
 2.7106386e-001
 2.7337340e-001
 2.7501422e-001
 2.7572080e-001
 2.7618039e-001
 2.7608576e-001
 2.7464482e-001
 2.7237582e-001
 2.6919082e-001
 2.6703078e-001
 2.6812744e-001
 2.7032056e-001
 2.7094871e-001
 2.7092293e-001
 2.7078509e-001
 2.7028400e-001
 2.6847842e-001
 2.6514846e-001
 2.6169047e-001
 2.5813201e-001
 2.5455952e-001
 2.5062028e-001
 2.4590446e-001
 2.4016748e-001
 2.3586583e-001
 2.3215906e-001
 2.2861533e-001
 2.2291575e-001
 2.1612957e-001
 2.1249478e-001
 2.0683348e-001
-1.2300000e+034
-1.2300000e+034
-1.2300000e+034
-1.2300000e+034
-1.2300000e+034
-1.2300000e+034
-1.2300000e+034
-1.2300000e+034
-1.2300000e+034
