s07_AV97 Record=357: Andradite HS111.1B Garnet    ASDFRb AREF
 1.5641618e-001
 1.7851064e-001
 2.0894063e-001
 2.4213895e-001
 2.6819831e-001
 2.9069418e-001
 3.0746949e-001
 3.1939730e-001
 3.4732714e-001
 3.6815727e-001
 3.8404265e-001
 4.0003690e-001
 4.1779977e-001
 4.3665189e-001
 4.5622882e-001
 4.7633475e-001
 4.9646261e-001
 5.1663923e-001
 5.3623992e-001
 5.5446064e-001
 5.7093233e-001
 5.8542359e-001
 5.9820038e-001
 6.0877192e-001
 6.1795270e-001
 6.2593263e-001
 6.3464361e-001
 6.4334756e-001
 6.5120310e-001
 6.5903282e-001
 6.6646290e-001
 6.7368436e-001
 6.6529131e-001
 6.7234284e-001
 6.7891145e-001
 6.8535328e-001
 6.9110900e-001
 6.9648349e-001
 7.0159525e-001
 7.0614821e-001
 7.1020311e-001
 7.1367627e-001
 7.1634650e-001
 7.1829432e-001
 7.1948576e-001
 7.2018504e-001
 7.1991736e-001
 7.1936274e-001
 7.1876544e-001
 7.1828353e-001
 7.1805954e-001
 7.1812356e-001
 7.1854949e-001
 7.1980494e-001
 7.2167212e-001
 7.2391868e-001
 7.2658086e-001
 7.2979450e-001
 7.3339075e-001
 7.3702329e-001
 7.4106735e-001
 7.4529487e-001
 7.4992508e-001
 7.5427717e-001
 7.5854480e-001
 7.6282519e-001
 7.6754123e-001
 7.7191103e-001
 7.7679890e-001
 7.8004211e-001
 7.8332013e-001
 7.8486389e-001
 7.8838676e-001
 7.9116285e-001
 7.9413009e-001
 7.9750615e-001
 8.0050778e-001
 8.0377322e-001
 8.0724531e-001
 8.0991828e-001
 8.1311011e-001
 8.1562757e-001
 8.1841737e-001
 8.2082689e-001
 8.2255369e-001
 8.2455760e-001
 8.2663631e-001
 8.2772011e-001
 8.2949245e-001
 8.3115971e-001
 8.3274424e-001
 8.3422774e-001
 8.3601469e-001
 8.3754730e-001
 8.3889961e-001
 8.4043849e-001
 8.3806694e-001
 8.3969426e-001
 8.4131426e-001
 8.4271604e-001
 8.4373111e-001
 8.4492576e-001
 8.4588873e-001
 8.4686339e-001
 8.4797668e-001
 8.4888601e-001
 8.4999681e-001
 8.5079718e-001
 8.5180980e-001
 8.5188890e-001
 8.5176271e-001
 8.4952205e-001
 8.4626466e-001
 8.4713435e-001
 8.5024220e-001
 8.5296768e-001
 8.5514152e-001
 8.5664397e-001
 8.5720736e-001
 8.5882282e-001
 8.5947359e-001
 8.6046773e-001
 8.6125219e-001
 8.6218548e-001
 8.6274350e-001
 8.6379457e-001
 8.6436498e-001
 8.6517781e-001
 8.6626655e-001
 8.6728990e-001
 8.6791122e-001
 8.6840147e-001
 8.6808711e-001
 8.6880642e-001
 8.7006313e-001
 8.7011200e-001
 8.7056059e-001
 8.7084419e-001
 8.7056494e-001
 8.7131429e-001
 8.7136054e-001
 8.7218279e-001
 8.7279493e-001
 8.7282062e-001
 8.7257314e-001
 8.7134933e-001
 8.7036496e-001
 8.7109727e-001
 8.7238598e-001
 8.7119943e-001
 8.7185562e-001
 8.7299365e-001
 8.7322736e-001
 8.7275130e-001
 8.7156254e-001
 8.7130916e-001
 8.7178141e-001
 8.7304318e-001
 8.7301862e-001
 8.7267178e-001
 8.7289602e-001
 8.7185311e-001
 8.7065631e-001
 8.6787677e-001
 8.6530662e-001
 8.6379421e-001
 8.6349332e-001
 8.6407566e-001
 8.6471647e-001
 8.6550486e-001
 8.6735940e-001
 8.6784810e-001
 8.6939865e-001
 8.7034392e-001
 8.7058979e-001
 8.7206787e-001
 8.7298018e-001
 8.7427580e-001
 8.7541461e-001
 8.7553161e-001
 8.7723601e-001
 8.7919110e-001
 8.8073879e-001
 8.8108850e-001
 8.8127428e-001
 8.8043720e-001
 8.7876517e-001
 8.7868673e-001
 8.7794548e-001
 8.7563109e-001
 8.7361670e-001
 8.7017953e-001
 8.6763775e-001
 8.6626470e-001
 8.6154562e-001
 8.5771614e-001
 8.5688168e-001
 8.5617965e-001
 8.5446006e-001
 8.5341346e-001
 8.5372078e-001
 8.5180688e-001
 8.5141593e-001
 8.5155576e-001
 8.5143012e-001
 8.5330755e-001
 8.5434401e-001
 8.5338753e-001
 8.4904146e-001
 8.4364140e-001
 8.3706683e-001
 8.2898474e-001
 8.2347453e-001
 8.2523257e-001
 8.2507831e-001
 8.2544011e-001
 8.2452101e-001
 8.2182074e-001
 8.1750965e-001
 8.1376404e-001
 8.1277478e-001
 8.1139624e-001
 8.1202829e-001
-1.2300000e+034
