s07_AV97 Record=1140: Epidote BR93-33a              BECKb AREF
 5.1302925e-002
 5.4433346e-002
 5.6681063e-002
 5.7222586e-002
 5.9278797e-002
 6.5136887e-002
 7.4470222e-002
 8.5706249e-002
 8.8815458e-002
 8.4210955e-002
 8.4817536e-002
 8.6409673e-002
 1.0151440e-001
 1.1993696e-001
 1.3469996e-001
 1.4658892e-001
 1.5371019e-001
 1.5834403e-001
 1.6064100e-001
 1.6219816e-001
 1.6147649e-001
 1.5870354e-001
 1.5713055e-001
 1.5685911e-001
 1.5828958e-001
 1.5935244e-001
 1.6133580e-001
 1.6389185e-001
 1.6793396e-001
 1.7362899e-001
 1.7997290e-001
 1.8697953e-001
 1.7896442e-001
 1.8555734e-001
 1.9252220e-001
 1.9892825e-001
 2.0390972e-001
 2.0772313e-001
 2.1141125e-001
 2.1354564e-001
 2.1580634e-001
 2.1675013e-001
 2.1811019e-001
 2.1900173e-001
 2.1971321e-001
 2.1932366e-001
 2.1910959e-001
 2.1962035e-001
 2.2009015e-001
 2.1861488e-001
 2.1978994e-001
 2.2035517e-001
 2.2245198e-001
 2.2310525e-001
 2.2286548e-001
 2.2276680e-001
 2.2300954e-001
 2.2191186e-001
 2.1760139e-001
 2.1728234e-001
 2.1476707e-001
 2.1338403e-001
 2.0819020e-001
 2.0634788e-001
 2.0455693e-001
 2.0140104e-001
 1.9708478e-001
 1.9461989e-001
 1.9268492e-001
 1.8965973e-001
 1.8895170e-001
 1.8788688e-001
 1.8708560e-001
 1.8706836e-001
 1.8702500e-001
 1.8779252e-001
 1.8973586e-001
 1.9198146e-001
 1.9475482e-001
 1.9924319e-001
 2.0286348e-001
 2.0865344e-001
 2.1386646e-001
 2.1928769e-001
 2.2522315e-001
 2.3239179e-001
 2.4044760e-001
 2.5066409e-001
 2.5904068e-001
 2.6863438e-001
 2.7664492e-001
 2.8471118e-001
 2.9277891e-001
 2.9823402e-001
 3.0341059e-001
 3.0737799e-001
 3.0074713e-001
 3.0558988e-001
 3.0955893e-001
 3.1246251e-001
 3.1387550e-001
 3.1472477e-001
 3.1452358e-001
 3.1488183e-001
 3.1556401e-001
 3.1639653e-001
 3.1743571e-001
 3.1778702e-001
 3.1846794e-001
 3.1757122e-001
 3.1423971e-001
 3.1379652e-001
 3.1313556e-001
 3.1142640e-001
 3.1073084e-001
 3.1082818e-001
 3.1074306e-001
 3.0932084e-001
 3.0721861e-001
 3.0256721e-001
 2.9755339e-001
 2.9151505e-001
 2.8186435e-001
 2.7198678e-001
 2.6183140e-001
 2.5273728e-001
 2.5312719e-001
 2.6192060e-001
 2.7307370e-001
 2.8160655e-001
 2.8950927e-001
 2.9726806e-001
 3.0259487e-001
 3.0636007e-001
 3.1059057e-001
 3.1371725e-001
 3.1779781e-001
 3.2141444e-001
 3.2244447e-001
 3.2330841e-001
 3.2922792e-001
 3.3299294e-001
 3.3563125e-001
 3.3733034e-001
 3.3958033e-001
 3.4401354e-001
 3.4535751e-001
 3.4774011e-001
 3.4992197e-001
 3.5309547e-001
 3.5456231e-001
 3.5338876e-001
 3.4739849e-001
 3.2746750e-001
 3.1585792e-001
 3.2751229e-001
 3.4483954e-001
 3.5112274e-001
 3.4711224e-001
 3.3607006e-001
 3.3992296e-001
 3.3280814e-001
 3.3045027e-001
 3.2195926e-001
 3.1856593e-001
 3.1648228e-001
 3.0886340e-001
 3.0079952e-001
 3.0560455e-001
 3.1891015e-001
 3.3096999e-001
 3.3881667e-001
 3.4300664e-001
 3.4788430e-001
 3.5054204e-001
 3.5332763e-001
 3.5644993e-001
 3.6235330e-001
 3.6823997e-001
 3.6892954e-001
 3.6933190e-001
 3.6766297e-001
 3.6833984e-001
 3.6500099e-001
 3.6268595e-001
 3.5972181e-001
 3.6111712e-001
 3.5921291e-001
 3.5402924e-001
 3.4675476e-001
 3.3428335e-001
 3.2129657e-001
 3.1157312e-001
 3.0239677e-001
 2.8495398e-001
 2.5403890e-001
 2.1040650e-001
 1.6139714e-001
 1.4926715e-001
 1.7037863e-001
 1.7600277e-001
 1.6379124e-001
 1.4275935e-001
 1.2070561e-001
 1.0458939e-001
 8.8162400e-002
 7.9197519e-002
 8.1001133e-002
 9.2677467e-002
 1.3380566e-001
 1.7571519e-001
 2.0169926e-001
 2.2212033e-001
 2.3783001e-001
 2.4780412e-001
 2.5155383e-001
 2.5045574e-001
 2.4627580e-001
 2.4059446e-001
 2.3252741e-001
 2.2317722e-001
 2.1365969e-001
 2.0519654e-001
 1.9865397e-001
