s07_AV97 Record=3856: Erionite+Merlinoite GDS144   NIC4bb RREF
-1.2300000e+034
-1.2300000e+034
-1.2300000e+034
-1.2300000e+034
-1.2300000e+034
-1.2300000e+034
-1.2300000e+034
-1.2300000e+034
-1.2300000e+034
-1.2300000e+034
-1.2300000e+034
-1.2300000e+034
-1.2300000e+034
-1.2300000e+034
-1.2300000e+034
-1.2300000e+034
-1.2300000e+034
-1.2300000e+034
-1.2300000e+034
-1.2300000e+034
-1.2300000e+034
-1.2300000e+034
-1.2300000e+034
-1.2300000e+034
-1.2300000e+034
-1.2300000e+034
-1.2300000e+034
-1.2300000e+034
-1.2300000e+034
-1.2300000e+034
-1.2300000e+034
-1.2300000e+034
-1.2300000e+034
-1.2300000e+034
-1.2300000e+034
-1.2300000e+034
-1.2300000e+034
-1.2300000e+034
-1.2300000e+034
-1.2300000e+034
-1.2300000e+034
-1.2300000e+034
-1.2300000e+034
-1.2300000e+034
-1.2300000e+034
-1.2300000e+034
-1.2300000e+034
-1.2300000e+034
-1.2300000e+034
-1.2300000e+034
-1.2300000e+034
-1.2300000e+034
-1.2300000e+034
-1.2300000e+034
-1.2300000e+034
-1.2300000e+034
-1.2300000e+034
-1.2300000e+034
-1.2300000e+034
-1.2300000e+034
-1.2300000e+034
-1.2300000e+034
-1.2300000e+034
-1.2300000e+034
-1.2300000e+034
-1.2300000e+034
-1.2300000e+034
-1.2300000e+034
-1.2300000e+034
-1.2300000e+034
-1.2300000e+034
-1.2300000e+034
-1.2300000e+034
-1.2300000e+034
-1.2300000e+034
-1.2300000e+034
-1.2300000e+034
-1.2300000e+034
-1.2300000e+034
-1.2300000e+034
-1.2300000e+034
-1.2300000e+034
-1.2300000e+034
-1.2300000e+034
-1.2300000e+034
-1.2300000e+034
-1.2300000e+034
-1.2300000e+034
-1.2300000e+034
-1.2300000e+034
-1.2300000e+034
-1.2300000e+034
-1.2300000e+034
-1.2300000e+034
-1.2300000e+034
-1.2300000e+034
-1.2300000e+034
-1.2300000e+034
-1.2300000e+034
-1.2300000e+034
-1.2300000e+034
-1.2300000e+034
-1.2300000e+034
-1.2300000e+034
-1.2300000e+034
-1.2300000e+034
-1.2300000e+034
-1.2300000e+034
-1.2300000e+034
-1.2300000e+034
-1.2300000e+034
-1.2300000e+034
-1.2300000e+034
-1.2300000e+034
-1.2300000e+034
-1.2300000e+034
-1.2300000e+034
-1.2300000e+034
-1.2300000e+034
-1.2300000e+034
-1.2300000e+034
-1.2300000e+034
-1.2300000e+034
-1.2300000e+034
-1.2300000e+034
-1.2300000e+034
-1.2300000e+034
-1.2300000e+034
-1.2300000e+034
-1.2300000e+034
 4.8417959e-001
 4.8977593e-001
 4.9619940e-001
 5.0198650e-001
 5.0730872e-001
 5.1197362e-001
 5.1604205e-001
 5.1957834e-001
 5.2277684e-001
 5.2550948e-001
 5.2762395e-001
 5.2927083e-001
 5.3002965e-001
 5.2958119e-001
 5.2852094e-001
 5.2675575e-001
 5.2462333e-001
 5.2268070e-001
 5.2088535e-001
 5.1943237e-001
 5.1870966e-001
 5.1842272e-001
 5.1847929e-001
 5.1860964e-001
 5.1836652e-001
 5.1682866e-001
 5.1263779e-001
 5.0200182e-001
 4.7811630e-001
 4.3112853e-001
 4.4920933e-001
 3.8068265e-001
 3.0560109e-001
 2.7580220e-001
 2.8943500e-001
 3.1852666e-001
 3.4451157e-001
 3.6340597e-001
 3.7905037e-001
 3.9530960e-001
 4.1286871e-001
 4.3048584e-001
 4.4629091e-001
 4.5930755e-001
 4.6935043e-001
 4.7672558e-001
 4.8219329e-001
 4.8609987e-001
 4.8899558e-001
 4.9116713e-001
 4.9280065e-001
 4.9402460e-001
 4.9491754e-001
 4.9562156e-001
 4.9622735e-001
 4.9649125e-001
 4.9630740e-001
 4.9561089e-001
 4.9412131e-001
 4.9155554e-001
 4.8771805e-001
 4.8364794e-001
 4.8040596e-001
 4.7932243e-001
 4.8040232e-001
 4.8047826e-001
 4.8027921e-001
 4.8005801e-001
 4.7968325e-001
 4.7866660e-001
 4.7659883e-001
 4.7348699e-001
 4.6963605e-001
 4.6565413e-001
 4.6143731e-001
 4.5687482e-001
 4.5107421e-001
 4.4429708e-001
 4.3692443e-001
 4.2851800e-001
 4.1903496e-001
 4.0860331e-001
 3.9702040e-001
 3.8448834e-001
 3.7113476e-001
 3.5822126e-001
 3.4560773e-001
 3.3384219e-001
 3.2320887e-001
 3.1365764e-001
 3.0502489e-001
 2.9734278e-001
 2.9079470e-001
 2.8523022e-001
