s07_AV97 Record=3032: Spessartine NMNH14143 Garnet  BECKc AREF
 9.2105329e-002
 1.0775268e-001
 1.4832297e-001
 1.8485327e-001
 1.5011501e-001
 1.7024709e-001
 1.8802994e-001
 2.4223417e-001
 2.8008938e-001
 2.7791682e-001
 2.8041366e-001
 2.7698740e-001
 2.7360624e-001
 2.7733216e-001
 2.8141043e-001
 2.9647261e-001
 3.0630845e-001
 3.2884359e-001
 3.5153779e-001
 3.6248705e-001
 3.6854517e-001
 3.9465484e-001
 4.3171307e-001
 4.6329457e-001
 4.8224381e-001
 5.0549573e-001
 5.4241979e-001
 5.7720202e-001
 5.9962827e-001
 6.1000568e-001
 6.1101413e-001
 6.0604340e-001
 6.1160427e-001
 6.0684437e-001
 6.0555017e-001
 6.0720438e-001
 6.1604911e-001
 6.3395703e-001
 6.5990728e-001
 6.9061327e-001
 7.2249192e-001
 7.5288606e-001
 7.7842855e-001
 8.0427307e-001
 8.2295632e-001
 8.3969527e-001
 8.5056520e-001
 8.5448855e-001
 8.6407095e-001
 8.6707181e-001
 8.6648726e-001
 8.7192655e-001
 8.6885226e-001
 8.6416167e-001
 8.5851878e-001
 8.4961122e-001
 8.4449089e-001
 8.2826293e-001
 8.1597209e-001
 8.0932152e-001
 7.8464401e-001
 7.5926214e-001
 7.5690717e-001
 7.4164420e-001
 7.1637410e-001
 7.0769340e-001
 6.8310058e-001
 6.5832973e-001
 6.3196719e-001
 6.0430777e-001
 5.7860082e-001
 5.4985225e-001
 5.2290410e-001
 4.9327296e-001
 4.6692318e-001
 4.4147110e-001
 4.1437787e-001
 3.9133400e-001
 3.6849126e-001
 3.4751740e-001
 3.2841480e-001
 3.0959699e-001
 2.9233724e-001
 2.7749804e-001
 2.6206371e-001
 2.4933116e-001
 2.3733336e-001
 2.2831447e-001
 2.1939351e-001
 2.1001613e-001
 2.0448940e-001
 1.9777787e-001
 1.9325994e-001
 1.8977669e-001
 1.8545318e-001
 1.8479408e-001
 1.8762207e-001
 1.8489996e-001
 1.8445674e-001
 1.8305162e-001
 1.8218829e-001
 1.8383457e-001
 1.8629068e-001
 1.8751965e-001
 1.9293195e-001
 1.9770512e-001
 2.0489210e-001
 2.1208754e-001
 2.2055471e-001
 2.2698815e-001
 2.3515055e-001
 2.4218942e-001
 2.4790254e-001
 2.5569683e-001
 2.6391387e-001
 2.6865500e-001
 2.7654165e-001
 2.8384358e-001
 2.8653738e-001
 2.8977033e-001
 2.9375374e-001
 2.9323435e-001
 2.9152873e-001
 2.9229212e-001
 2.8967151e-001
 2.8840077e-001
 2.8516200e-001
 2.8300956e-001
 2.8229305e-001
 2.7979904e-001
 2.7628335e-001
 2.7459350e-001
 2.7078900e-001
 2.6844454e-001
 2.6655799e-001
 2.6685467e-001
 2.6212984e-001
 2.6014218e-001
 2.5834092e-001
 2.5612023e-001
 2.5918868e-001
 2.5852379e-001
 2.5999269e-001
 2.6181373e-001
 2.6034749e-001
 2.6301938e-001
 2.6543278e-001
 2.6706517e-001
 2.7122197e-001
 2.7296346e-001
 2.7604577e-001
 2.8150252e-001
 2.8403229e-001
 2.8758949e-001
 2.8721458e-001
 2.9167476e-001
 2.9768071e-001
 3.0001932e-001
 3.0396104e-001
 3.0781311e-001
 3.0678436e-001
 3.0924168e-001
 3.1129208e-001
 3.1455249e-001
 3.1824079e-001
 3.1832078e-001
 3.1980389e-001
 3.2379839e-001
 3.2422429e-001
 3.2839844e-001
 3.2778257e-001
 3.2858884e-001
 3.3217216e-001
 3.3136237e-001
 3.3093175e-001
 3.3284429e-001
 3.3066908e-001
 3.2791406e-001
 3.2869199e-001
 3.2920590e-001
 3.2528135e-001
 3.2576996e-001
 3.2634613e-001
 3.2343617e-001
 3.1786266e-001
 3.1876984e-001
 3.1576711e-001
 3.1572181e-001
 3.1248134e-001
 3.0283248e-001
 3.0195913e-001
 2.9841164e-001
 2.9675943e-001
 2.9848009e-001
 2.9682499e-001
 2.8859246e-001
 2.8219461e-001
 2.7688673e-001
 2.7836746e-001
 2.8000411e-001
 2.8453475e-001
 2.8721300e-001
 2.8668907e-001
 2.7488500e-001
 2.6028773e-001
 2.5482830e-001
 2.6440135e-001
 2.6769769e-001
 2.6771989e-001
 2.6931956e-001
 2.7272630e-001
 2.7568105e-001
 2.7557459e-001
 2.7235639e-001
 2.6920670e-001
 2.6955715e-001
 2.7188957e-001
 2.7362555e-001
 2.7435985e-001
 2.7491853e-001
 2.7576327e-001
 2.7700403e-001
 2.7865729e-001
 2.8069249e-001
