s07_AV97 Record=2480: Olivine KI3291 Fo29 <60um    NIC4bb RREF
-1.2300000e+034
-1.2300000e+034
-1.2300000e+034
-1.2300000e+034
-1.2300000e+034
-1.2300000e+034
-1.2300000e+034
-1.2300000e+034
-1.2300000e+034
-1.2300000e+034
-1.2300000e+034
-1.2300000e+034
-1.2300000e+034
-1.2300000e+034
-1.2300000e+034
-1.2300000e+034
-1.2300000e+034
-1.2300000e+034
-1.2300000e+034
-1.2300000e+034
-1.2300000e+034
-1.2300000e+034
-1.2300000e+034
-1.2300000e+034
-1.2300000e+034
-1.2300000e+034
-1.2300000e+034
-1.2300000e+034
-1.2300000e+034
-1.2300000e+034
-1.2300000e+034
-1.2300000e+034
-1.2300000e+034
-1.2300000e+034
-1.2300000e+034
-1.2300000e+034
-1.2300000e+034
-1.2300000e+034
-1.2300000e+034
-1.2300000e+034
-1.2300000e+034
-1.2300000e+034
-1.2300000e+034
-1.2300000e+034
-1.2300000e+034
-1.2300000e+034
-1.2300000e+034
-1.2300000e+034
-1.2300000e+034
-1.2300000e+034
-1.2300000e+034
-1.2300000e+034
-1.2300000e+034
-1.2300000e+034
-1.2300000e+034
-1.2300000e+034
-1.2300000e+034
-1.2300000e+034
-1.2300000e+034
-1.2300000e+034
-1.2300000e+034
-1.2300000e+034
-1.2300000e+034
-1.2300000e+034
-1.2300000e+034
-1.2300000e+034
-1.2300000e+034
-1.2300000e+034
-1.2300000e+034
-1.2300000e+034
-1.2300000e+034
-1.2300000e+034
-1.2300000e+034
-1.2300000e+034
-1.2300000e+034
-1.2300000e+034
-1.2300000e+034
-1.2300000e+034
-1.2300000e+034
-1.2300000e+034
-1.2300000e+034
-1.2300000e+034
-1.2300000e+034
-1.2300000e+034
-1.2300000e+034
-1.2300000e+034
-1.2300000e+034
-1.2300000e+034
-1.2300000e+034
-1.2300000e+034
-1.2300000e+034
-1.2300000e+034
-1.2300000e+034
-1.2300000e+034
-1.2300000e+034
-1.2300000e+034
-1.2300000e+034
-1.2300000e+034
-1.2300000e+034
-1.2300000e+034
-1.2300000e+034
-1.2300000e+034
-1.2300000e+034
-1.2300000e+034
-1.2300000e+034
-1.2300000e+034
-1.2300000e+034
-1.2300000e+034
-1.2300000e+034
-1.2300000e+034
-1.2300000e+034
 1.6471137e-001
 1.6768104e-001
 1.7151195e-001
 1.7572542e-001
 1.8042719e-001
 1.8546459e-001
 1.9096424e-001
 1.9677341e-001
 2.0317931e-001
 2.1042769e-001
 2.1809223e-001
 2.2584394e-001
 2.3375930e-001
 2.4242966e-001
 2.5163859e-001
 2.6119390e-001
 2.7112693e-001
 2.8106722e-001
 2.9120436e-001
 3.0159992e-001
 3.1232521e-001
 3.2335183e-001
 3.3477089e-001
 3.4599468e-001
 3.5706663e-001
 3.6799249e-001
 3.7902042e-001
 3.9027888e-001
 4.0156692e-001
 4.1277078e-001
 4.2350185e-001
 4.3388996e-001
 4.4412616e-001
 4.5408335e-001
 4.6412927e-001
 4.7410607e-001
 4.8370209e-001
 4.9288365e-001
 5.0147116e-001
 5.0942433e-001
 5.1710093e-001
 5.2454442e-001
 5.3186446e-001
 5.3882277e-001
 5.4565448e-001
 5.5217898e-001
 5.5808890e-001
 5.6276530e-001
 5.6801492e-001
 5.6632006e-001
 5.7115030e-001
 5.7526046e-001
 5.7975668e-001
 5.8441538e-001
 5.8895564e-001
 5.9298551e-001
 5.9646571e-001
 5.9928179e-001
 6.0166317e-001
 6.0395503e-001
 6.0632771e-001
 6.0877919e-001
 6.1142957e-001
 6.1426497e-001
 6.1680871e-001
 6.1910206e-001
 6.2082094e-001
 6.2202621e-001
 6.2276638e-001
 6.2332016e-001
 6.2395525e-001
 6.2488341e-001
 6.2599868e-001
 6.2740356e-001
 6.2889308e-001
 6.3028127e-001
 6.3128138e-001
 6.3174784e-001
 6.3237530e-001
 6.3289344e-001
 6.3323063e-001
 6.3378942e-001
 6.3405025e-001
 6.3386250e-001
 6.3382190e-001
 6.3326859e-001
 6.3258904e-001
 6.3152564e-001
 6.3082331e-001
 6.3008934e-001
 6.2947989e-001
 6.2903607e-001
 6.2924689e-001
 6.2948763e-001
 6.2971437e-001
 6.2950313e-001
 6.2939721e-001
 6.2942892e-001
 6.2926930e-001
 6.2892169e-001
 6.2790412e-001
 6.2740403e-001
 6.2671798e-001
 6.2619215e-001
 6.2553865e-001
 6.2481582e-001
 6.2414342e-001
 6.2352145e-001
 6.2321925e-001
 6.2267220e-001
 6.2215680e-001
 6.2163526e-001
 6.2069845e-001
