s07_AV97 Record=1653: Illite IMt-1.b <2um           BECKa AREF
 1.6676213e-001
 1.7747365e-001
 1.9082145e-001
 2.0400025e-001
 2.1581449e-001
 2.2785714e-001
 2.4182409e-001
 2.5655910e-001
 2.6877823e-001
 2.7938476e-001
 2.8839880e-001
 2.9756066e-001
 3.0741805e-001
 3.1865710e-001
 3.3154902e-001
 3.4487122e-001
 3.5739464e-001
 3.6897382e-001
 3.7734759e-001
 3.8212752e-001
 3.8457051e-001
 3.8441455e-001
 3.8167632e-001
 3.7623736e-001
 3.7029561e-001
 3.6415312e-001
 3.5898787e-001
 3.5264519e-001
 3.4715909e-001
 3.4139889e-001
 3.3559868e-001
 3.2978302e-001
 3.3660984e-001
 3.3089465e-001
 3.2520857e-001
 3.2034194e-001
 3.1524613e-001
 3.1044787e-001
 3.0625388e-001
 3.0272698e-001
 3.0015758e-001
 2.9857266e-001
 2.9844365e-001
 2.9921216e-001
 3.0061257e-001
 3.0229154e-001
 3.0569035e-001
 3.0832097e-001
 3.1001493e-001
 3.1162852e-001
 3.1212813e-001
 3.1383002e-001
 3.1254318e-001
 3.0841330e-001
 3.0601668e-001
 3.0417210e-001
 3.0543339e-001
 3.0259559e-001
 2.9878560e-001
 2.9624060e-001
 2.9604521e-001
 2.9452887e-001
 2.9128432e-001
 2.9081085e-001
 2.9161412e-001
 2.8942540e-001
 2.8858879e-001
 2.8646362e-001
 2.8556928e-001
 2.8443575e-001
 2.8337395e-001
 2.8274339e-001
 2.8025308e-001
 2.8024593e-001
 2.7939558e-001
 2.7755547e-001
 2.7793449e-001
 2.7516210e-001
 2.7541691e-001
 2.7719027e-001
 2.7639118e-001
 2.7779680e-001
 2.7713940e-001
 2.7825469e-001
 2.7826062e-001
 2.8201151e-001
 2.8310353e-001
 2.8590268e-001
 2.8712395e-001
 2.8798443e-001
 2.9158363e-001
 2.9415646e-001
 2.9780376e-001
 2.9936600e-001
 3.0211768e-001
 3.0521095e-001
 3.0057490e-001
 3.0359441e-001
 3.0657712e-001
 3.0949801e-001
 3.1219789e-001
 3.1588340e-001
 3.1939411e-001
 3.2235786e-001
 3.2562488e-001
 3.2867339e-001
 3.3114839e-001
 3.3396655e-001
 3.3724663e-001
 3.4021229e-001
 3.3978483e-001
 3.3617109e-001
 3.3543870e-001
 3.4025431e-001
 3.4912166e-001
 3.5551608e-001
 3.6052644e-001
 3.6598146e-001
 3.6988786e-001
 3.7453863e-001
 3.7802598e-001
 3.8157463e-001
 3.8544467e-001
 3.8840064e-001
 3.9182910e-001
 3.9550081e-001
 3.9904913e-001
 4.0327501e-001
 4.0561724e-001
 4.0947685e-001
 4.1343763e-001
 4.1490161e-001
 4.1882691e-001
 4.2228559e-001
 4.2332205e-001
 4.2710361e-001
 4.3102822e-001
 4.3256652e-001
 4.3515435e-001
 4.3756989e-001
 4.4270670e-001
 4.4643846e-001
 4.4995928e-001
 4.4980031e-001
 4.5259234e-001
 4.5934322e-001
 4.6100652e-001
 4.6289873e-001
 4.6157655e-001
 4.6713141e-001
 4.6979722e-001
 4.6887574e-001
 4.7178513e-001
 4.7238830e-001
 4.7418207e-001
 4.7560063e-001
 4.7615930e-001
 4.7743389e-001
 4.7410500e-001
 4.6480727e-001
 4.6814930e-001
 4.5740086e-001
 4.4245046e-001
 4.3067485e-001
 4.3371060e-001
 4.4188198e-001
 4.4975403e-001
 4.5253646e-001
 4.5680046e-001
 4.6148857e-001
 4.6478882e-001
 4.6848127e-001
 4.7443643e-001
 4.7943106e-001
 4.8379359e-001
 4.8696724e-001
 4.8728105e-001
 4.8918718e-001
 4.9033144e-001
 4.9169874e-001
 4.9540114e-001
 4.9333683e-001
 4.9085987e-001
 4.9077272e-001
 4.9091351e-001
 4.9394843e-001
 4.9447858e-001
 4.8855141e-001
 4.8208949e-001
 4.7004589e-001
 4.5611501e-001
 4.3973672e-001
 4.1886777e-001
 4.0574288e-001
 4.0601894e-001
 4.1120121e-001
 4.1822362e-001
 4.2423454e-001
 4.2615402e-001
 4.3734622e-001
 4.4849035e-001
 4.5278445e-001
 4.4303468e-001
 4.3004814e-001
 4.2096281e-001
 4.1174713e-001
 4.0496659e-001
 3.9429709e-001
 3.9443165e-001
 4.0044814e-001
 3.9928624e-001
 3.9893550e-001
 4.0134123e-001
 3.9905873e-001
 3.9236897e-001
 3.8536239e-001
 3.7944099e-001
 3.7520030e-001
 3.7283528e-001
 3.7156928e-001
 3.7141234e-001
 3.7184656e-001
 3.7231734e-001
 3.7237522e-001
