s07_AV97 Record=1151: Epidote GDS26.a 75-200um    NIC4bbb RREF
-1.2300000e+034
-1.2300000e+034
-1.2300000e+034
-1.2300000e+034
-1.2300000e+034
-1.2300000e+034
-1.2300000e+034
-1.2300000e+034
-1.2300000e+034
-1.2300000e+034
-1.2300000e+034
-1.2300000e+034
-1.2300000e+034
-1.2300000e+034
-1.2300000e+034
-1.2300000e+034
-1.2300000e+034
-1.2300000e+034
-1.2300000e+034
-1.2300000e+034
-1.2300000e+034
-1.2300000e+034
-1.2300000e+034
-1.2300000e+034
-1.2300000e+034
-1.2300000e+034
-1.2300000e+034
-1.2300000e+034
-1.2300000e+034
-1.2300000e+034
-1.2300000e+034
-1.2300000e+034
-1.2300000e+034
-1.2300000e+034
-1.2300000e+034
-1.2300000e+034
-1.2300000e+034
-1.2300000e+034
-1.2300000e+034
-1.2300000e+034
-1.2300000e+034
-1.2300000e+034
-1.2300000e+034
-1.2300000e+034
-1.2300000e+034
-1.2300000e+034
-1.2300000e+034
-1.2300000e+034
-1.2300000e+034
-1.2300000e+034
-1.2300000e+034
-1.2300000e+034
-1.2300000e+034
-1.2300000e+034
-1.2300000e+034
-1.2300000e+034
-1.2300000e+034
-1.2300000e+034
-1.2300000e+034
-1.2300000e+034
-1.2300000e+034
-1.2300000e+034
-1.2300000e+034
-1.2300000e+034
-1.2300000e+034
-1.2300000e+034
-1.2300000e+034
-1.2300000e+034
-1.2300000e+034
-1.2300000e+034
-1.2300000e+034
-1.2300000e+034
-1.2300000e+034
-1.2300000e+034
-1.2300000e+034
-1.2300000e+034
-1.2300000e+034
-1.2300000e+034
-1.2300000e+034
-1.2300000e+034
-1.2300000e+034
-1.2300000e+034
-1.2300000e+034
-1.2300000e+034
-1.2300000e+034
-1.2300000e+034
-1.2300000e+034
-1.2300000e+034
-1.2300000e+034
-1.2300000e+034
-1.2300000e+034
-1.2300000e+034
-1.2300000e+034
-1.2300000e+034
-1.2300000e+034
-1.2300000e+034
-1.2300000e+034
-1.2300000e+034
-1.2300000e+034
-1.2300000e+034
-1.2300000e+034
-1.2300000e+034
-1.2300000e+034
-1.2300000e+034
-1.2300000e+034
-1.2300000e+034
-1.2300000e+034
-1.2300000e+034
-1.2300000e+034
-1.2300000e+034
-1.2300000e+034
-1.2300000e+034
-1.2300000e+034
-1.2300000e+034
-1.2300000e+034
-1.2300000e+034
-1.2300000e+034
-1.2300000e+034
-1.2300000e+034
-1.2300000e+034
-1.2300000e+034
 4.4795206e-001
 4.4465831e-001
 4.4116253e-001
 4.3842530e-001
 4.3857342e-001
 4.4690183e-001
 4.5707145e-001
 4.6460158e-001
 4.7168776e-001
 4.7858030e-001
 4.8510480e-001
 4.9102581e-001
 4.9611154e-001
 5.0093329e-001
 5.0559050e-001
 5.0972092e-001
 5.1381773e-001
 5.1799750e-001
 5.2215976e-001
 5.2723038e-001
 5.3185558e-001
 5.3577071e-001
 5.3926623e-001
 5.4295713e-001
 5.4691023e-001
 5.5095226e-001
 5.5478120e-001
 5.5862498e-001
 5.6178683e-001
 5.6414258e-001
 5.6564319e-001
 5.6539446e-001
 5.5995035e-001
 5.5621046e-001
 5.6341791e-001
 5.7296646e-001
 5.7766026e-001
 5.7819742e-001
 5.7774538e-001
 5.7755917e-001
 5.8041334e-001
 5.8516395e-001
 5.8829284e-001
 5.9011674e-001
 5.9073186e-001
 5.8741558e-001
 5.8206582e-001
 5.8763301e-001
 5.9519845e-001
 5.9935212e-001
 6.0031760e-001
 6.0091525e-001
 6.0207695e-001
 6.0287410e-001
 6.0421276e-001
 6.0648382e-001
 6.0758811e-001
 6.0770071e-001
 6.0766011e-001
 6.0723948e-001
 6.0664833e-001
 6.0579824e-001
 6.0499394e-001
 6.0456103e-001
 6.0450625e-001
 6.0456663e-001
 6.0394228e-001
 6.0186827e-001
 5.9797418e-001
 5.9250051e-001
 5.8678472e-001
 5.7984042e-001
 5.7266790e-001
 5.6404841e-001
 5.4407227e-001
 4.9724883e-001
 4.3243146e-001
 4.2824715e-001
 4.5901561e-001
 4.6260604e-001
 4.3660226e-001
 3.9967221e-001
 3.4162027e-001
 2.8337362e-001
 2.3473558e-001
 2.1104899e-001
 2.4370216e-001
 3.2859999e-001
 4.1564715e-001
 4.7077394e-001
 5.0511843e-001
 5.2559787e-001
 5.3732979e-001
 5.4285938e-001
 5.4441923e-001
 5.4174566e-001
 5.3641915e-001
 5.2993035e-001
 5.2286851e-001
 5.1474410e-001
 5.0415486e-001
 4.9337029e-001
 4.8191983e-001
