s07_AV97 Record=2677: Psilomelane HS139.4B         ASDFRb AREF
-1.2300000e+034
-1.2300000e+034
-1.2300000e+034
 4.6173405e-002
 4.5627538e-002
 4.5397189e-002
 4.5109838e-002
 4.4901665e-002
 4.4547390e-002
 4.4232402e-002
 4.3785851e-002
 4.3397166e-002
 4.3037008e-002
 4.2640049e-002
 4.2296328e-002
 4.2014968e-002
 4.1743007e-002
 4.1458312e-002
 4.1264921e-002
 4.1041445e-002
 4.0832691e-002
 4.0655810e-002
 4.0502306e-002
 4.0341172e-002
 4.0239289e-002
 4.0107999e-002
 4.0034529e-002
 3.9975766e-002
 3.9960463e-002
 3.9979395e-002
 4.0030539e-002
 4.0092912e-002
 4.0023390e-002
 4.0083233e-002
 4.0126119e-002
 4.0161002e-002
 4.0196933e-002
 4.0194087e-002
 4.0193621e-002
 4.0185574e-002
 4.0175848e-002
 4.0169675e-002
 4.0172454e-002
 4.0153448e-002
 4.0151294e-002
 4.0150300e-002
 4.0150829e-002
 4.0159639e-002
 4.0146142e-002
 4.0152080e-002
 4.0160220e-002
 4.0166836e-002
 4.0174302e-002
 4.0181156e-002
 4.0194944e-002
 4.0228490e-002
 4.0247001e-002
 4.0260177e-002
 4.0276986e-002
 4.0323887e-002
 4.0359467e-002
 4.0379185e-002
 4.0391658e-002
 4.0426981e-002
 4.0452544e-002
 4.0452182e-002
 4.0443119e-002
 4.0787943e-002
 4.0663734e-002
 4.1072365e-002
 4.1100573e-002
 4.1312207e-002
 4.1304592e-002
 4.1489929e-002
 4.1698355e-002
 4.1791931e-002
 4.2053040e-002
 4.2078596e-002
 4.2186636e-002
 4.2381618e-002
 4.2416152e-002
 4.2651575e-002
 4.2682596e-002
 4.2936079e-002
 4.3003932e-002
 4.3130752e-002
 4.3246139e-002
 4.3338548e-002
 4.3474350e-002
 4.3601669e-002
 4.3747496e-002
 4.3837044e-002
 4.3946724e-002
 4.4055570e-002
 4.4192702e-002
 4.4341151e-002
 4.4143397e-002
 4.4251356e-002
 4.4359867e-002
 4.4467490e-002
 4.4651091e-002
 4.4774424e-002
 4.4853557e-002
 4.5031298e-002
 4.5158904e-002
 4.5313925e-002
 4.5496367e-002
 4.5620345e-002
 4.5784857e-002
 4.5952044e-002
 4.6156716e-002
 4.6302550e-002
 4.6496827e-002
 4.6701029e-002
 4.6907391e-002
 4.7119580e-002
 4.7274198e-002
 4.7476456e-002
 4.7652550e-002
 4.7917936e-002
 4.8065919e-002
 4.8253398e-002
 4.8438013e-002
 4.8659224e-002
 4.8846599e-002
 4.9045730e-002
 4.9246810e-002
 4.9468897e-002
 4.9655199e-002
 4.9862426e-002
 5.0059728e-002
 5.0304573e-002
 5.0493006e-002
 5.0681099e-002
 5.0900258e-002
 5.1118907e-002
 5.1327154e-002
 5.1532347e-002
 5.1753201e-002
 5.1985528e-002
 5.2192472e-002
 5.2381907e-002
 5.2622266e-002
 5.2919623e-002
 5.3068552e-002
 5.3272452e-002
 5.3495578e-002
 5.3709850e-002
 5.3907100e-002
 5.4127611e-002
 5.4373462e-002
 5.4614902e-002
 5.4762937e-002
 5.4987807e-002
 5.5166863e-002
 5.5373784e-002
 5.5557389e-002
 5.5856254e-002
 5.6039326e-002
 5.6340560e-002
 5.6217164e-002
 5.6438178e-002
 5.6630470e-002
 5.6862734e-002
 5.7079148e-002
 5.7245579e-002
 5.7459086e-002
 5.7606548e-002
 5.7726543e-002
 5.7950214e-002
 5.8204010e-002
 5.8442213e-002
 5.8722321e-002
 5.8969330e-002
 5.9261449e-002
 5.9503373e-002
 5.9789181e-002
 6.0086135e-002
 6.0363442e-002
 6.0623996e-002
 6.0926054e-002
 6.1179407e-002
 6.1442416e-002
 6.1679401e-002
 6.1902199e-002
 6.2067702e-002
 6.2352885e-002
 6.2527619e-002
 6.2689476e-002
 6.3045017e-002
 6.3172683e-002
 6.3385718e-002
 6.3673861e-002
 6.3908100e-002
 6.4127780e-002
 6.4323880e-002
 6.4620219e-002
 6.4797230e-002
 6.5117761e-002
 6.5294430e-002
 6.5490924e-002
 6.5698564e-002
 6.5996133e-002
 6.6232450e-002
 6.6492096e-002
 6.6808634e-002
 6.7043528e-002
 6.7293577e-002
 6.7502268e-002
 6.7440972e-002
 6.7781046e-002
 6.7881182e-002
 6.7824498e-002
 6.7997143e-002
 6.7935333e-002
 6.8095081e-002
 6.8439782e-002
 6.8260044e-002
 6.8108290e-002
 6.8391427e-002
 6.8563975e-002
 6.8643630e-002
 6.9226921e-002
-1.2300000e+034
