s07_AV97 Record=4075: Muscovite+Pyrophyl JH_PYRP1  ASDFRb AREF
 2.3182169e-001
 2.4208874e-001
 2.5732580e-001
 2.7545604e-001
 2.9006928e-001
 3.0118272e-001
 3.1260723e-001
 3.2531095e-001
 3.3762836e-001
 3.4707430e-001
 3.5435453e-001
 3.6139667e-001
 3.6932841e-001
 3.7899077e-001
 3.8977829e-001
 4.0045342e-001
 4.1094539e-001
 4.2093807e-001
 4.3028650e-001
 4.3895745e-001
 4.4669041e-001
 4.5317239e-001
 4.5804411e-001
 4.6127078e-001
 4.6271202e-001
 4.6266693e-001
 4.6122417e-001
 4.5847535e-001
 4.5515549e-001
 4.5187810e-001
 4.4902936e-001
 4.4682646e-001
 4.4943559e-001
 4.4719142e-001
 4.4556692e-001
 4.4466627e-001
 4.4427302e-001
 4.4401270e-001
 4.4375208e-001
 4.4342476e-001
 4.4329640e-001
 4.4353867e-001
 4.4445026e-001
 4.4617292e-001
 4.4888601e-001
 4.5259330e-001
 4.5726681e-001
 4.6270728e-001
 4.6857843e-001
 4.7455820e-001
 4.8014420e-001
 4.8498642e-001
 4.8876995e-001
 4.9128658e-001
 4.9245083e-001
 4.9236900e-001
 4.9114299e-001
 4.8889872e-001
 4.8592582e-001
 4.8247167e-001
 4.7863621e-001
 4.7421169e-001
 4.6796989e-001
 4.6285751e-001
 4.5912808e-001
 4.5556742e-001
 4.5117605e-001
 4.4676977e-001
 4.4275707e-001
 4.3912253e-001
 4.3512809e-001
 4.3189484e-001
 4.2868319e-001
 4.2607978e-001
 4.2346460e-001
 4.2129308e-001
 4.1975576e-001
 4.1826704e-001
 4.1726610e-001
 4.1683996e-001
 4.1661775e-001
 4.1648823e-001
 4.1650647e-001
 4.1695642e-001
 4.1766864e-001
 4.1897565e-001
 4.2029616e-001
 4.2212588e-001
 4.2419547e-001
 4.2634776e-001
 4.2882198e-001
 4.3129668e-001
 4.3394992e-001
 4.3731526e-001
 4.4043195e-001
 4.4378746e-001
 4.3868020e-001
 4.4219953e-001
 4.4540149e-001
 4.4838858e-001
 4.5126736e-001
 4.5419070e-001
 4.5698026e-001
 4.5980945e-001
 4.6294826e-001
 4.6701926e-001
 4.7117120e-001
 4.7328958e-001
 4.7150269e-001
 4.5372444e-001
 3.9631978e-001
 3.8794342e-001
 4.0353680e-001
 4.5130119e-001
 4.7327235e-001
 4.8208383e-001
 4.8772755e-001
 4.9278966e-001
 4.9859688e-001
 5.0454021e-001
 5.1025909e-001
 5.1554835e-001
 5.2049416e-001
 5.2504206e-001
 5.2942926e-001
 5.3341341e-001
 5.3718328e-001
 5.4098624e-001
 5.4448551e-001
 5.4789758e-001
 5.5114448e-001
 5.5417049e-001
 5.5717307e-001
 5.5979228e-001
 5.6231827e-001
 5.6491071e-001
 5.6739008e-001
 5.6999391e-001
 5.7240498e-001
 5.7448900e-001
 5.7669169e-001
 5.7866353e-001
 5.8056593e-001
 5.8206224e-001
 5.8308476e-001
 5.8385772e-001
 5.8426809e-001
 5.8459580e-001
 5.8460224e-001
 5.8535123e-001
 5.8638716e-001
 5.8759791e-001
 5.8945429e-001
 5.9073490e-001
 5.9161031e-001
 5.9259093e-001
 5.9153229e-001
 5.8627594e-001
 5.7327914e-001
 5.4338974e-001
 5.5635262e-001
 5.2043062e-001
 4.7144422e-001
 4.3953437e-001
 4.4192782e-001
 4.5299256e-001
 4.6310160e-001
 4.6991467e-001
 4.7642702e-001
 4.8314819e-001
 4.9068382e-001
 4.9853683e-001
 5.0663787e-001
 5.1438475e-001
 5.2120954e-001
 5.2702910e-001
 5.3153086e-001
 5.3406274e-001
 5.3142655e-001
 5.2919418e-001
 5.2599734e-001
 5.2519077e-001
 5.2250534e-001
 5.1697904e-001
 5.1071292e-001
 5.0322592e-001
 4.9174219e-001
 4.6312174e-001
 3.9577791e-001
 3.3317432e-001
 3.2835963e-001
 3.0636463e-001
 3.0462077e-001
 3.4639812e-001
 4.0534574e-001
 4.3801335e-001
 4.4418412e-001
 4.4462025e-001
 4.4899830e-001
 4.4880721e-001
 4.3818140e-001
 4.1928992e-001
 3.9930424e-001
 3.7710807e-001
 3.5233372e-001
 3.3911952e-001
 3.3016846e-001
 3.2119608e-001
 3.2433876e-001
 3.2890406e-001
 3.2598206e-001
 3.1791478e-001
 3.1204677e-001
 3.0184412e-001
 2.8670523e-001
 2.7227166e-001
 2.6361525e-001
 2.6480514e-001
 2.6668459e-001
 2.6865509e-001
 2.6540542e-001
 2.6053959e-001
 2.5898153e-001
-1.2300000e+034
