s07_AV97 Record=3774: Chlorite.33+Epidot.67 GDS318 ASDFRa AREF
 6.1486907e-002
 6.2353622e-002
 6.3738696e-002
 6.4894646e-002
 6.5869078e-002
 6.9895416e-002
 7.6693855e-002
 8.4370852e-002
 8.8156387e-002
 8.6665951e-002
 8.9517295e-002
 9.3888015e-002
 1.0508230e-001
 1.1742625e-001
 1.2995961e-001
 1.3843440e-001
 1.4273039e-001
 1.4448056e-001
 1.4497185e-001
 1.4376216e-001
 1.4137594e-001
 1.3822590e-001
 1.3455474e-001
 1.3122632e-001
 1.2845773e-001
 1.2637579e-001
 1.2444977e-001
 1.2308548e-001
 1.2225133e-001
 1.2195774e-001
 1.2189910e-001
 1.2193597e-001
 1.2190656e-001
 1.2191816e-001
 1.2199465e-001
 1.2211331e-001
 1.2238251e-001
 1.2287311e-001
 1.2367278e-001
 1.2474827e-001
 1.2621714e-001
 1.2801376e-001
 1.3025446e-001
 1.3257438e-001
 1.3492930e-001
 1.3719197e-001
 1.3892996e-001
 1.4003702e-001
 1.4041312e-001
 1.4024545e-001
 1.3966216e-001
 1.3878608e-001
 1.3783605e-001
 1.3691206e-001
 1.3597213e-001
 1.3540314e-001
 1.3510421e-001
 1.3502440e-001
 1.3526447e-001
 1.3560764e-001
 1.3628815e-001
 1.3701850e-001
 1.3804032e-001
 1.3927478e-001
 1.4050803e-001
 1.4171486e-001
 1.4270543e-001
 1.4344212e-001
 1.4418781e-001
 1.4458016e-001
 1.4511624e-001
 1.4550751e-001
 1.4619057e-001
 1.4700741e-001
 1.4773436e-001
 1.4872949e-001
 1.4981258e-001
 1.5129077e-001
 1.5282452e-001
 1.5433879e-001
 1.5637735e-001
 1.5843277e-001
 1.6087881e-001
 1.6343386e-001
 1.6585836e-001
 1.6896909e-001
 1.7186190e-001
 1.7536762e-001
 1.7900413e-001
 1.8238147e-001
 1.8602888e-001
 1.8984650e-001
 1.9331390e-001
 1.9726600e-001
 2.0082055e-001
 2.0466152e-001
 1.9886625e-001
 2.0269832e-001
 2.0662433e-001
 2.1060255e-001
 2.1450981e-001
 2.1836005e-001
 2.2217800e-001
 2.2618023e-001
 2.3018546e-001
 2.3419009e-001
 2.3845626e-001
 2.4256612e-001
 2.4668196e-001
 2.4947967e-001
 2.4724518e-001
 2.4658325e-001
 2.5357932e-001
 2.6263759e-001
 2.6710016e-001
 2.7023637e-001
 2.7389142e-001
 2.7829927e-001
 2.8221446e-001
 2.8634152e-001
 2.8979582e-001
 2.9249662e-001
 2.9464367e-001
 2.9686964e-001
 2.9909107e-001
 3.0187523e-001
 3.0674517e-001
 3.1221148e-001
 3.1734395e-001
 3.2276675e-001
 3.2783934e-001
 3.3275223e-001
 3.3773199e-001
 3.4256154e-001
 3.4728286e-001
 3.5213384e-001
 3.5708454e-001
 3.6183429e-001
 3.6610654e-001
 3.6986926e-001
 3.7460873e-001
 3.7930670e-001
 3.8401133e-001
 3.8847432e-001
 3.9254898e-001
 3.9676148e-001
 4.0088943e-001
 4.0455440e-001
 4.0805340e-001
 4.1072288e-001
 4.1418850e-001
 4.1722789e-001
 4.1993555e-001
 4.2115548e-001
 4.2280421e-001
 4.2701903e-001
 4.3066230e-001
 4.3327057e-001
 4.3471825e-001
 4.3644464e-001
 4.3537530e-001
 4.3887514e-001
 4.4288924e-001
 4.4682497e-001
 4.4901946e-001
 4.5190054e-001
 4.5225763e-001
 4.5052749e-001
 4.5240346e-001
 4.5453286e-001
 4.5533562e-001
 4.5466670e-001
 4.5528075e-001
 4.5899025e-001
 4.6490300e-001
 4.7381189e-001
 4.8224086e-001
 4.8865369e-001
 4.9332544e-001
 4.9788609e-001
 5.0141442e-001
 5.0428391e-001
 5.0676334e-001
 5.0784087e-001
 5.0720489e-001
 5.0819653e-001
 5.0996149e-001
 5.1117837e-001
 5.1062095e-001
 5.0991076e-001
 5.0883383e-001
 5.0545299e-001
 5.0082397e-001
 4.9535793e-001
 4.8453784e-001
 4.6358302e-001
 4.2099440e-001
 3.7093544e-001
 3.5928527e-001
 3.8098535e-001
 3.9085338e-001
 3.7977701e-001
 3.5857120e-001
 3.2883814e-001
 2.9639062e-001
 2.6565513e-001
 2.4604727e-001
 2.6141584e-001
 3.0778706e-001
 3.5757780e-001
 3.9371178e-001
 4.1762897e-001
 4.3028679e-001
 4.3641052e-001
 4.4275287e-001
 4.4451910e-001
 4.4254935e-001
 4.3772516e-001
 4.3025279e-001
 4.2212197e-001
 4.1334206e-001
 4.0431175e-001
 4.0140674e-001
-1.2300000e+034
