s07_AV97 Record=2422: Olivine GDS71.b Fo91 <60um   NIC4cb RREF
-1.2300000e+034
-1.2300000e+034
-1.2300000e+034
-1.2300000e+034
-1.2300000e+034
-1.2300000e+034
-1.2300000e+034
-1.2300000e+034
-1.2300000e+034
-1.2300000e+034
-1.2300000e+034
-1.2300000e+034
-1.2300000e+034
-1.2300000e+034
-1.2300000e+034
-1.2300000e+034
-1.2300000e+034
-1.2300000e+034
-1.2300000e+034
-1.2300000e+034
-1.2300000e+034
-1.2300000e+034
-1.2300000e+034
-1.2300000e+034
-1.2300000e+034
-1.2300000e+034
-1.2300000e+034
-1.2300000e+034
-1.2300000e+034
-1.2300000e+034
-1.2300000e+034
-1.2300000e+034
-1.2300000e+034
-1.2300000e+034
-1.2300000e+034
-1.2300000e+034
-1.2300000e+034
-1.2300000e+034
-1.2300000e+034
-1.2300000e+034
-1.2300000e+034
-1.2300000e+034
-1.2300000e+034
-1.2300000e+034
-1.2300000e+034
-1.2300000e+034
-1.2300000e+034
-1.2300000e+034
-1.2300000e+034
-1.2300000e+034
-1.2300000e+034
-1.2300000e+034
-1.2300000e+034
-1.2300000e+034
-1.2300000e+034
-1.2300000e+034
-1.2300000e+034
-1.2300000e+034
-1.2300000e+034
-1.2300000e+034
-1.2300000e+034
-1.2300000e+034
-1.2300000e+034
-1.2300000e+034
-1.2300000e+034
-1.2300000e+034
-1.2300000e+034
-1.2300000e+034
-1.2300000e+034
-1.2300000e+034
-1.2300000e+034
-1.2300000e+034
-1.2300000e+034
-1.2300000e+034
-1.2300000e+034
-1.2300000e+034
-1.2300000e+034
-1.2300000e+034
-1.2300000e+034
-1.2300000e+034
-1.2300000e+034
-1.2300000e+034
-1.2300000e+034
-1.2300000e+034
-1.2300000e+034
-1.2300000e+034
-1.2300000e+034
-1.2300000e+034
-1.2300000e+034
-1.2300000e+034
-1.2300000e+034
-1.2300000e+034
-1.2300000e+034
-1.2300000e+034
-1.2300000e+034
-1.2300000e+034
-1.2300000e+034
-1.2300000e+034
-1.2300000e+034
-1.2300000e+034
-1.2300000e+034
-1.2300000e+034
-1.2300000e+034
-1.2300000e+034
-1.2300000e+034
-1.2300000e+034
-1.2300000e+034
-1.2300000e+034
-1.2300000e+034
-1.2300000e+034
-1.2300000e+034
-1.2300000e+034
-1.2300000e+034
-1.2300000e+034
-1.2300000e+034
-1.2300000e+034
-1.2300000e+034
-1.2300000e+034
-1.2300000e+034
-1.2300000e+034
 6.1108691e-001
 6.1626887e-001
 6.2143737e-001
 6.2639701e-001
 6.3162982e-001
 6.3743097e-001
 6.4319927e-001
 6.4877075e-001
 6.5375489e-001
 6.5796572e-001
 6.6200906e-001
 6.6652048e-001
 6.7092299e-001
 6.7499381e-001
 6.7847854e-001
 6.8142432e-001
 6.8379128e-001
 6.8609929e-001
 6.8879235e-001
 6.9138396e-001
 6.9376260e-001
 6.9548249e-001
 6.9657558e-001
 6.9753826e-001
 6.9849008e-001
 6.9990343e-001
 7.0138723e-001
 7.0271885e-001
 7.0375663e-001
 7.0415479e-001
 7.0415914e-001
 7.0396715e-001
 7.0392686e-001
 7.0405823e-001
 7.0448947e-001
 7.0487738e-001
 7.0555210e-001
 7.0564300e-001
 7.0432836e-001
 7.0429891e-001
 7.0431453e-001
 7.0361894e-001
 7.0200765e-001
 7.0114344e-001
 7.0135957e-001
 7.0208776e-001
 7.0260513e-001
 7.0261937e-001
 7.0205724e-001
 7.0108378e-001
 7.0018286e-001
 6.9971621e-001
 6.9953132e-001
 7.0003718e-001
 7.0088941e-001
 7.0160633e-001
 7.0218474e-001
 7.0220149e-001
 7.0172453e-001
 7.0079523e-001
 6.9955456e-001
 6.9827062e-001
 6.9745988e-001
 6.9726151e-001
 6.9763029e-001
 6.9806892e-001
 6.9869930e-001
 6.9899821e-001
 6.9851297e-001
 6.9807291e-001
 6.9750351e-001
 6.9738358e-001
 6.9675565e-001
 6.9619006e-001
 6.9526649e-001
 6.9382793e-001
 6.9187015e-001
 6.9003236e-001
 6.8846208e-001
 6.8621713e-001
 6.8452543e-001
 6.8276364e-001
 6.8084294e-001
 6.7859799e-001
 6.7566615e-001
 6.7513096e-001
 6.7591381e-001
 6.7834753e-001
 6.8000597e-001
 6.7957348e-001
 6.7782915e-001
 6.7669666e-001
 6.7602724e-001
 6.7521721e-001
 6.7416161e-001
 6.7310292e-001
 6.7197621e-001
 6.7123652e-001
 6.7132914e-001
 6.7110789e-001
 6.6994274e-001
 6.6861266e-001
 6.6710407e-001
 6.6566759e-001
