s07_AV97 Record=651: Bytownite HS105.2B Plagio    ASDFRb AREF
 4.3871695e-001
 4.5061472e-001
 4.6145344e-001
 4.7087440e-001
 4.7847021e-001
 4.8555461e-001
 4.9358886e-001
 5.0208110e-001
 5.0915509e-001
 5.1530391e-001
 5.2014613e-001
 5.2441216e-001
 5.2851945e-001
 5.3284454e-001
 5.3710651e-001
 5.4112244e-001
 5.4428196e-001
 5.4641891e-001
 5.4793525e-001
 5.4913771e-001
 5.4986829e-001
 5.5005294e-001
 5.5034167e-001
 5.5047166e-001
 5.5029130e-001
 5.5003244e-001
 5.4946148e-001
 5.4877019e-001
 5.4860228e-001
 5.4846311e-001
 5.4840446e-001
 5.4861838e-001
 5.4841292e-001
 5.4855388e-001
 5.4904002e-001
 5.4998761e-001
 5.5060118e-001
 5.5180562e-001
 5.5295485e-001
 5.5431747e-001
 5.5572933e-001
 5.5706692e-001
 5.5844533e-001
 5.5969214e-001
 5.6069702e-001
 5.6147999e-001
 5.6232977e-001
 5.6308895e-001
 5.6375629e-001
 5.6442463e-001
 5.6493872e-001
 5.6547183e-001
 5.6594932e-001
 5.6627297e-001
 5.6653571e-001
 5.6689429e-001
 5.6731701e-001
 5.6736165e-001
 5.6790596e-001
 5.6812298e-001
 5.6830925e-001
 5.6879234e-001
 5.6922120e-001
 5.6937146e-001
 5.6971997e-001
 5.7034814e-001
 5.7064945e-001
 5.7112783e-001
 5.7148772e-001
 5.7154214e-001
 5.7290047e-001
 5.7357216e-001
 5.7438660e-001
 5.7550293e-001
 5.7641011e-001
 5.7748580e-001
 5.7877016e-001
 5.8040309e-001
 5.8182359e-001
 5.8272213e-001
 5.8367562e-001
 5.8451176e-001
 5.8569825e-001
 5.8681035e-001
 5.8755052e-001
 5.8815300e-001
 5.8901376e-001
 5.8978343e-001
 5.9104699e-001
 5.9181499e-001
 5.9288460e-001
 5.9421253e-001
 5.9561867e-001
 5.9663218e-001
 5.9741825e-001
 5.9858972e-001
 5.9693152e-001
 5.9786916e-001
 5.9925675e-001
 5.9984118e-001
 6.0143304e-001
 6.0226136e-001
 6.0323393e-001
 6.0446805e-001
 6.0543668e-001
 6.0634375e-001
 6.0758978e-001
 6.0839719e-001
 6.0897374e-001
 6.0935652e-001
 6.0919470e-001
 6.0886383e-001
 6.0962129e-001
 6.1150432e-001
 6.1360949e-001
 6.1480355e-001
 6.1568922e-001
 6.1707938e-001
 6.1859930e-001
 6.1952466e-001
 6.2143236e-001
 6.2268412e-001
 6.2360847e-001
 6.2425667e-001
 6.2592775e-001
 6.2715483e-001
 6.2811577e-001
 6.2950307e-001
 6.3056397e-001
 6.3140613e-001
 6.3287425e-001
 6.3399243e-001
 6.3481092e-001
 6.3557673e-001
 6.3595641e-001
 6.3711828e-001
 6.3807911e-001
 6.3891232e-001
 6.3977587e-001
 6.3995725e-001
 6.4066905e-001
 6.4246333e-001
 6.4332253e-001
 6.4325976e-001
 6.4373302e-001
 6.4378214e-001
 6.4381295e-001
 6.4389431e-001
 6.4445096e-001
 6.4497554e-001
 6.4485669e-001
 6.4542621e-001
 6.4546198e-001
 6.4563209e-001
 6.4621425e-001
 6.4618689e-001
 6.4635801e-001
 6.4665633e-001
 6.4700073e-001
 6.4595771e-001
 6.4621019e-001
 6.4596587e-001
 6.4434189e-001
 6.4202648e-001
 6.4173895e-001
 6.4262402e-001
 6.4390326e-001
 6.4414859e-001
 6.4412177e-001
 6.4331502e-001
 6.4411473e-001
 6.4544350e-001
 6.4643508e-001
 6.4676976e-001
 6.4789242e-001
 6.4875847e-001
 6.4976186e-001
 6.5061706e-001
 6.5208071e-001
 6.5175349e-001
 6.5281045e-001
 6.5286112e-001
 6.5392625e-001
 6.5374255e-001
 6.5403271e-001
 6.5423632e-001
 6.5399808e-001
 6.5253931e-001
 6.5087897e-001
 6.4968777e-001
 6.4790827e-001
 6.4730668e-001
 6.4756215e-001
 6.4815629e-001
 6.4755511e-001
 6.4777249e-001
 6.4656293e-001
 6.4523757e-001
 6.4510989e-001
 6.4536762e-001
 6.4563018e-001
 6.4463186e-001
 6.4431340e-001
 6.4450556e-001
 6.4221495e-001
 6.4192581e-001
 6.4118606e-001
 6.4155060e-001
 6.4275807e-001
 6.4276183e-001
 6.4355069e-001
 6.4499259e-001
 6.4576685e-001
 6.4740604e-001
 6.4835131e-001
 6.4695740e-001
 6.4557207e-001
 6.4460194e-001
 6.4512527e-001
 6.4504480e-001
 6.4509600e-001
 6.4392799e-001
 6.4513838e-001
-1.2300000e+034
