s07_AV97 Record=3121: Stilbite HS482.2B Zeolite    ASDFRb AREF
 6.2847793e-001
 6.3749963e-001
 6.5061700e-001
 6.6388685e-001
 6.7611945e-001
 6.8831050e-001
 7.0292300e-001
 7.1957719e-001
 7.3437285e-001
 7.4463087e-001
 7.5213683e-001
 7.5891417e-001
 7.6662540e-001
 7.7612150e-001
 7.8686857e-001
 7.9804170e-001
 8.0917013e-001
 8.2087415e-001
 8.3345962e-001
 8.4745991e-001
 8.6130673e-001
 8.7625718e-001
 8.8136411e-001
 8.8156050e-001
-1.2300000e+034
 9.0226001e-001
 9.0222472e-001
 9.0183705e-001
 9.0334982e-001
 9.0536886e-001
 9.0683818e-001
 9.0845197e-001
 9.0660059e-001
 9.0813977e-001
 9.0966213e-001
 9.1131371e-001
 9.1255724e-001
 9.1383672e-001
 9.1484189e-001
 9.1579175e-001
 9.1619146e-001
 9.1703445e-001
 9.1797376e-001
 9.1908187e-001
 9.1984951e-001
 9.2047292e-001
 9.2108130e-001
 9.2140841e-001
 9.2117059e-001
 9.2138201e-001
 9.2075938e-001
 9.2071927e-001
 9.2156249e-001
 9.2241514e-001
 9.2309278e-001
 9.2409641e-001
 9.2455035e-001
 9.2520350e-001
 9.2569023e-001
 9.2563367e-001
 9.2484409e-001
 9.2269719e-001
 9.1881758e-001
 9.1085464e-001
 9.0535277e-001
 9.0714395e-001
 9.1205519e-001
 9.1856056e-001
 9.2356676e-001
 9.2786813e-001
 9.3284249e-001
 9.3595159e-001
 9.3820602e-001
 9.3991321e-001
 9.4134921e-001
 9.4196087e-001
 9.4175828e-001
 9.4111377e-001
 9.4002360e-001
 9.3802792e-001
 9.3506747e-001
 9.2922634e-001
 9.1372526e-001
 8.9151102e-001
 8.8267666e-001
 8.8911450e-001
 8.9661425e-001
 9.0128607e-001
 9.0412301e-001
 9.0742302e-001
 9.0997905e-001
 9.1210657e-001
 9.1318369e-001
 9.1411942e-001
 9.1378361e-001
 9.1330594e-001
 9.1394615e-001
 9.1357321e-001
 9.1268617e-001
 9.1010892e-001
 9.0648252e-001
 9.0014148e-001
 8.9101094e-001
 8.7954938e-001
 8.6666405e-001
 8.5350055e-001
 8.3996767e-001
 8.2450622e-001
 8.0698097e-001
 7.8072351e-001
 7.3712564e-001
 6.7614037e-001
 6.2012476e-001
 5.9772646e-001
 6.0724807e-001
 6.3191724e-001
 6.5276718e-001
 6.6245669e-001
 6.7149109e-001
 6.9588816e-001
 7.1925098e-001
 7.3722595e-001
 7.5100899e-001
 7.6064241e-001
 7.6791918e-001
 7.7346820e-001
 7.7766639e-001
 7.8000152e-001
 7.8162038e-001
 7.8336906e-001
 7.8455693e-001
 7.8650212e-001
 7.8823256e-001
 7.9052418e-001
 7.9316890e-001
 7.9605627e-001
 7.9879904e-001
 8.0237043e-001
 8.0480587e-001
 8.0706656e-001
 8.0851299e-001
 8.0676073e-001
 8.0353081e-001
 7.9803741e-001
 7.9093903e-001
 7.8526932e-001
 7.8172791e-001
 7.8033066e-001
 7.8010774e-001
 7.7962601e-001
 7.7964830e-001
 7.7890825e-001
 7.7782208e-001
 7.7680129e-001
 7.7423555e-001
 7.6616746e-001
 7.5149286e-001
 7.2598565e-001
 6.8368876e-001
 6.1445850e-001
 6.4647657e-001
 5.5500323e-001
 4.3298027e-001
 3.3732918e-001
 3.1191561e-001
 3.3808941e-001
 3.8212723e-001
 4.1466099e-001
 4.3898895e-001
 4.5736125e-001
 4.7556284e-001
 4.9760857e-001
 5.2198428e-001
 5.4767179e-001
 5.7358372e-001
 5.9676611e-001
 6.1499184e-001
 6.2953335e-001
 6.4058399e-001
 6.4786696e-001
 6.5428245e-001
 6.6097879e-001
 6.6704249e-001
 6.7302310e-001
 6.7880225e-001
 6.8340522e-001
 6.8848795e-001
 6.9121331e-001
 6.9376194e-001
 6.9605762e-001
 6.9689858e-001
 6.9857156e-001
 7.0020407e-001
 7.0103562e-001
 7.0005083e-001
 6.9866717e-001
 6.9694000e-001
 6.9589466e-001
 6.9190061e-001
 6.8661374e-001
 6.8122274e-001
 6.7301488e-001
 6.6345090e-001
 6.5124291e-001
 6.3989526e-001
 6.2373370e-001
 6.0596675e-001
 5.8455557e-001
 5.6305224e-001
 5.3663677e-001
 5.0828254e-001
 4.7875977e-001
 4.4937563e-001
 4.2374390e-001
 4.0155035e-001
 3.8705197e-001
 3.7063599e-001
 3.6128774e-001
 3.5291016e-001
 3.4385538e-001
 3.3696830e-001
 3.2971695e-001
 3.2316226e-001
-1.2300000e+034
