s07_AV97 Record=1197: Fluorapatite WS416           NIC4aa RREF
-1.2300000e+034
-1.2300000e+034
-1.2300000e+034
-1.2300000e+034
-1.2300000e+034
-1.2300000e+034
-1.2300000e+034
-1.2300000e+034
-1.2300000e+034
-1.2300000e+034
-1.2300000e+034
-1.2300000e+034
-1.2300000e+034
-1.2300000e+034
-1.2300000e+034
-1.2300000e+034
-1.2300000e+034
-1.2300000e+034
-1.2300000e+034
-1.2300000e+034
-1.2300000e+034
-1.2300000e+034
-1.2300000e+034
-1.2300000e+034
-1.2300000e+034
-1.2300000e+034
-1.2300000e+034
-1.2300000e+034
-1.2300000e+034
-1.2300000e+034
-1.2300000e+034
-1.2300000e+034
-1.2300000e+034
-1.2300000e+034
-1.2300000e+034
-1.2300000e+034
-1.2300000e+034
-1.2300000e+034
-1.2300000e+034
-1.2300000e+034
-1.2300000e+034
-1.2300000e+034
-1.2300000e+034
-1.2300000e+034
-1.2300000e+034
-1.2300000e+034
-1.2300000e+034
-1.2300000e+034
-1.2300000e+034
-1.2300000e+034
-1.2300000e+034
-1.2300000e+034
-1.2300000e+034
-1.2300000e+034
-1.2300000e+034
-1.2300000e+034
-1.2300000e+034
-1.2300000e+034
-1.2300000e+034
-1.2300000e+034
-1.2300000e+034
-1.2300000e+034
-1.2300000e+034
-1.2300000e+034
-1.2300000e+034
-1.2300000e+034
-1.2300000e+034
-1.2300000e+034
-1.2300000e+034
-1.2300000e+034
-1.2300000e+034
-1.2300000e+034
-1.2300000e+034
-1.2300000e+034
-1.2300000e+034
-1.2300000e+034
-1.2300000e+034
-1.2300000e+034
-1.2300000e+034
-1.2300000e+034
-1.2300000e+034
-1.2300000e+034
-1.2300000e+034
-1.2300000e+034
-1.2300000e+034
-1.2300000e+034
-1.2300000e+034
-1.2300000e+034
-1.2300000e+034
-1.2300000e+034
-1.2300000e+034
-1.2300000e+034
-1.2300000e+034
-1.2300000e+034
-1.2300000e+034
-1.2300000e+034
-1.2300000e+034
-1.2300000e+034
-1.2300000e+034
-1.2300000e+034
-1.2300000e+034
-1.2300000e+034
-1.2300000e+034
-1.2300000e+034
-1.2300000e+034
-1.2300000e+034
-1.2300000e+034
-1.2300000e+034
-1.2300000e+034
-1.2300000e+034
-1.2300000e+034
-1.2300000e+034
-1.2300000e+034
-1.2300000e+034
-1.2300000e+034
-1.2300000e+034
-1.2300000e+034
-1.2300000e+034
-1.2300000e+034
-1.2300000e+034
-1.2300000e+034
-1.2300000e+034
-1.2300000e+034
-1.2300000e+034
-1.2300000e+034
-1.2300000e+034
-1.2300000e+034
-1.2300000e+034
-1.2300000e+034
-1.2300000e+034
-1.2300000e+034
 6.3230866e-001
 6.3737595e-001
 6.4288783e-001
 6.4758319e-001
 6.5210527e-001
 6.5671128e-001
 6.6117817e-001
 6.6541058e-001
 6.6920745e-001
 6.7253703e-001
 6.7545736e-001
 6.7806017e-001
 6.8081903e-001
 6.8359965e-001
 6.8655974e-001
 6.8948317e-001
 6.9206554e-001
 6.9404978e-001
 6.9582015e-001
 6.9741940e-001
 6.9919837e-001
 7.0129812e-001
 7.0371175e-001
 7.0632398e-001
 7.0863229e-001
 7.0966738e-001
 7.1042132e-001
 7.1204519e-001
 7.1166873e-001
 7.1178830e-001
 7.1214813e-001
 7.1357197e-001
 7.1501613e-001
 7.1611303e-001
 7.1693879e-001
 7.1788609e-001
 7.1862817e-001
 7.1935892e-001
 7.2009796e-001
 7.2052670e-001
 7.2131878e-001
 7.2266710e-001
 7.2527117e-001
 7.2750491e-001
 7.2912675e-001
 7.3031014e-001
 7.3140031e-001
 7.3215008e-001
 7.3283273e-001
 7.3356986e-001
 7.3466539e-001
 7.3590595e-001
 7.3725939e-001
 7.3860520e-001
 7.3983544e-001
 7.4067938e-001
 7.4112475e-001
 7.4148005e-001
 7.4200815e-001
 7.4253541e-001
 7.4302900e-001
 7.4358332e-001
 7.4446040e-001
 7.4550641e-001
 7.4675262e-001
 7.4804378e-001
 7.4908161e-001
 7.4969608e-001
 7.5023293e-001
 7.5055540e-001
 7.5065982e-001
 7.5058210e-001
 7.5028431e-001
 7.5016177e-001
 7.5007659e-001
 7.4997586e-001
 7.4997020e-001
 7.4991703e-001
 7.4981642e-001
 7.4968159e-001
 7.4984521e-001
 7.4997991e-001
 7.4978602e-001
 7.4967134e-001
 7.4902421e-001
 7.4846900e-001
 7.4827260e-001
 7.4816328e-001
 7.4798912e-001
 7.4782193e-001
 7.4772573e-001
 7.4774897e-001
 7.4797565e-001
