s07_AV97 Record=2979: Serpentine HS8.4B            ASDFRc AREF
 1.5498002e-001
 1.5520471e-001
 1.5578458e-001
 1.5690298e-001
 1.5688361e-001
 1.5812284e-001
 1.5971093e-001
 1.6106753e-001
 1.6156781e-001
 1.6303064e-001
 1.6618465e-001
 1.7051847e-001
 1.7313683e-001
 1.7400004e-001
 1.7552671e-001
 1.7558302e-001
 1.7413160e-001
 1.7252769e-001
 1.7124948e-001
 1.6977496e-001
 1.6802159e-001
 1.6589089e-001
 1.6373909e-001
 1.6144027e-001
 1.5910472e-001
 1.5682185e-001
 1.5412834e-001
 1.5150268e-001
 1.4903763e-001
 1.4666265e-001
 1.4454609e-001
 1.4268956e-001
 1.4486499e-001
 1.4302412e-001
 1.4133283e-001
 1.3981974e-001
 1.3857184e-001
 1.3754256e-001
 1.3681652e-001
 1.3639413e-001
 1.3625582e-001
 1.3632208e-001
 1.3680913e-001
 1.3751030e-001
 1.3818407e-001
 1.3891000e-001
 1.3917500e-001
 1.3904390e-001
 1.3841547e-001
 1.3743685e-001
 1.3623351e-001
 1.3480218e-001
 1.3341881e-001
 1.3216874e-001
 1.3105455e-001
 1.3003650e-001
 1.2933858e-001
 1.2873246e-001
 1.2840289e-001
 1.2823315e-001
 1.2816353e-001
 1.2808569e-001
 1.2800275e-001
 1.2846743e-001
 1.2885116e-001
 1.2907134e-001
 1.2905340e-001
 1.2892808e-001
 1.2877873e-001
 1.2816733e-001
 1.2815905e-001
 1.2751698e-001
 1.2701276e-001
 1.2660711e-001
 1.2625642e-001
 1.2591173e-001
 1.2557982e-001
 1.2541363e-001
 1.2546478e-001
 1.2509812e-001
 1.2506427e-001
 1.2527369e-001
 1.2547210e-001
 1.2563217e-001
 1.2602632e-001
 1.2639087e-001
 1.2664695e-001
 1.2728052e-001
 1.2777732e-001
 1.2836696e-001
 1.2925160e-001
 1.3010345e-001
 1.3077500e-001
 1.3140170e-001
 1.3190287e-001
 1.3244757e-001
 1.3155621e-001
 1.3223378e-001
 1.3265868e-001
 1.3297726e-001
 1.3409084e-001
 1.3517280e-001
 1.3605443e-001
 1.3681138e-001
 1.3774705e-001
 1.3833222e-001
 1.3757212e-001
 1.3604763e-001
 1.3505599e-001
 1.1968604e-001
 1.1373907e-001
 1.2016010e-001
 1.3398618e-001
 1.4013803e-001
 1.4235833e-001
 1.4409871e-001
 1.4540498e-001
 1.4619197e-001
 1.4707805e-001
 1.4769460e-001
 1.4821075e-001
 1.4870724e-001
 1.4914341e-001
 1.4963757e-001
 1.5024821e-001
 1.5063058e-001
 1.5104412e-001
 1.5137585e-001
 1.5171197e-001
 1.5195991e-001
 1.5210420e-001
 1.5256509e-001
 1.5259503e-001
 1.5286744e-001
 1.5307358e-001
 1.5309127e-001
 1.5296407e-001
 1.5287854e-001
 1.5254660e-001
 1.5240556e-001
 1.5228075e-001
 1.5222934e-001
 1.5192828e-001
 1.5160882e-001
 1.5144847e-001
 1.5110867e-001
 1.5063235e-001
 1.5024994e-001
 1.4999646e-001
 1.4983638e-001
 1.4943814e-001
 1.4884739e-001
 1.4844370e-001
 1.4812550e-001
 1.4797309e-001
 1.4759712e-001
 1.4728205e-001
 1.4726651e-001
 1.4687267e-001
 1.4544488e-001
 1.4611498e-001
 1.4417781e-001
 1.4164823e-001
 1.3946900e-001
 1.3782272e-001
 1.3704856e-001
 1.3554455e-001
 1.3376145e-001
 1.3181701e-001
 1.3026726e-001
 1.2927231e-001
 1.2978913e-001
 1.3105066e-001
 1.3202018e-001
 1.3325991e-001
 1.3481453e-001
 1.3670640e-001
 1.3852073e-001
 1.3965118e-001
 1.3937660e-001
 1.3670227e-001
 1.3290530e-001
 1.3105024e-001
 1.3050973e-001
 1.3139744e-001
 1.3058445e-001
 1.3079369e-001
 1.3292122e-001
 1.3471808e-001
 1.3589758e-001
 1.3630249e-001
 1.3586281e-001
 1.3518940e-001
 1.3383184e-001
 1.3100016e-001
 1.2495019e-001
 1.1597376e-001
 1.1074267e-001
 1.0747265e-001
 1.0142981e-001
 9.7149216e-002
 9.3776815e-002
 8.8352889e-002
 8.1163540e-002
 7.4690387e-002
 7.3909551e-002
 8.0301404e-002
 9.1846116e-002
 9.9553302e-002
 9.8522574e-002
 9.3003578e-002
 9.1440208e-002
 9.1281816e-002
 8.8720791e-002
 8.5989520e-002
 8.4584095e-002
 8.4068052e-002
 8.1498355e-002
 8.0982223e-002
 8.3544597e-002
 8.2608521e-002
 7.9374768e-002
 7.6781914e-002
-1.2300000e+034
