s07_AV97 Record=2344: Nepheline HS19.3             NIC4bc RREF
-1.2300000e+034
-1.2300000e+034
-1.2300000e+034
-1.2300000e+034
-1.2300000e+034
-1.2300000e+034
-1.2300000e+034
-1.2300000e+034
-1.2300000e+034
-1.2300000e+034
-1.2300000e+034
-1.2300000e+034
-1.2300000e+034
-1.2300000e+034
-1.2300000e+034
-1.2300000e+034
-1.2300000e+034
-1.2300000e+034
-1.2300000e+034
-1.2300000e+034
-1.2300000e+034
-1.2300000e+034
-1.2300000e+034
-1.2300000e+034
-1.2300000e+034
-1.2300000e+034
-1.2300000e+034
-1.2300000e+034
-1.2300000e+034
-1.2300000e+034
-1.2300000e+034
-1.2300000e+034
-1.2300000e+034
-1.2300000e+034
-1.2300000e+034
-1.2300000e+034
-1.2300000e+034
-1.2300000e+034
-1.2300000e+034
-1.2300000e+034
-1.2300000e+034
-1.2300000e+034
-1.2300000e+034
-1.2300000e+034
-1.2300000e+034
-1.2300000e+034
-1.2300000e+034
-1.2300000e+034
-1.2300000e+034
-1.2300000e+034
-1.2300000e+034
-1.2300000e+034
-1.2300000e+034
-1.2300000e+034
-1.2300000e+034
-1.2300000e+034
-1.2300000e+034
-1.2300000e+034
-1.2300000e+034
-1.2300000e+034
-1.2300000e+034
-1.2300000e+034
-1.2300000e+034
-1.2300000e+034
-1.2300000e+034
-1.2300000e+034
-1.2300000e+034
-1.2300000e+034
-1.2300000e+034
-1.2300000e+034
-1.2300000e+034
-1.2300000e+034
-1.2300000e+034
-1.2300000e+034
-1.2300000e+034
-1.2300000e+034
-1.2300000e+034
-1.2300000e+034
-1.2300000e+034
-1.2300000e+034
-1.2300000e+034
-1.2300000e+034
-1.2300000e+034
-1.2300000e+034
-1.2300000e+034
-1.2300000e+034
-1.2300000e+034
-1.2300000e+034
-1.2300000e+034
-1.2300000e+034
-1.2300000e+034
-1.2300000e+034
-1.2300000e+034
-1.2300000e+034
-1.2300000e+034
-1.2300000e+034
-1.2300000e+034
-1.2300000e+034
-1.2300000e+034
-1.2300000e+034
-1.2300000e+034
-1.2300000e+034
-1.2300000e+034
-1.2300000e+034
-1.2300000e+034
-1.2300000e+034
-1.2300000e+034
-1.2300000e+034
-1.2300000e+034
-1.2300000e+034
-1.2300000e+034
-1.2300000e+034
-1.2300000e+034
-1.2300000e+034
-1.2300000e+034
-1.2300000e+034
-1.2300000e+034
-1.2300000e+034
-1.2300000e+034
-1.2300000e+034
-1.2300000e+034
-1.2300000e+034
-1.2300000e+034
-1.2300000e+034
-1.2300000e+034
-1.2300000e+034
-1.2300000e+034
-1.2300000e+034
-1.2300000e+034
-1.2300000e+034
-1.2300000e+034
 4.0673915e-001
 4.0975651e-001
 4.1313449e-001
 4.1619450e-001
 4.1905609e-001
 4.2180061e-001
 4.2454752e-001
 4.2724323e-001
 4.2995232e-001
 4.3252072e-001
 4.3431541e-001
 4.3590924e-001
 4.3739867e-001
 4.3870240e-001
 4.4018936e-001
 4.4178823e-001
 4.4335046e-001
 4.4476485e-001
 4.4613850e-001
 4.4711128e-001
 4.4787121e-001
 4.4865680e-001
 4.4951239e-001
 4.5057938e-001
 4.5160198e-001
 4.5262298e-001
 4.5329288e-001
 4.5237446e-001
 4.5103243e-001
 4.5163050e-001
 4.4821864e-001
 4.4084001e-001
 4.2864373e-001
 4.2009395e-001
 4.1889578e-001
 4.2440897e-001
 4.3207988e-001
 4.3903154e-001
 4.4372550e-001
 4.4655266e-001
 4.4859764e-001
 4.5017824e-001
 4.5182249e-001
 4.5352051e-001
 4.5543620e-001
 4.5722410e-001
 4.5856079e-001
 4.5951197e-001
 4.6011791e-001
 4.6046218e-001
 4.6075609e-001
 4.6082261e-001
 4.6113199e-001
 4.6149808e-001
 4.6202564e-001
 4.6250206e-001
 4.6316698e-001
 4.6357438e-001
 4.6385571e-001
 4.6305016e-001
 4.6117046e-001
 4.6063018e-001
 4.6256962e-001
 4.6447331e-001
 4.6525624e-001
 4.6544284e-001
 4.6514058e-001
 4.6494952e-001
 4.6446392e-001
 4.6392846e-001
 4.6344638e-001
 4.6310458e-001
 4.6253404e-001
 4.6185979e-001
 4.6073443e-001
 4.5917070e-001
 4.5719445e-001
 4.5536467e-001
 4.5425749e-001
 4.5222092e-001
 4.4962603e-001
 4.4631249e-001
 4.4190469e-001
 4.3664798e-001
 4.3093485e-001
 4.2576519e-001
 4.2216608e-001
 4.2092234e-001
 4.2105740e-001
 4.2107484e-001
 4.2084751e-001
 4.2102477e-001
 4.2108244e-001
