s07_AV97 Record=216: Alunite GDS83 Na63            NIC4b RREF
-1.2300000e+034
-1.2300000e+034
-1.2300000e+034
-1.2300000e+034
-1.2300000e+034
-1.2300000e+034
-1.2300000e+034
-1.2300000e+034
-1.2300000e+034
-1.2300000e+034
-1.2300000e+034
-1.2300000e+034
-1.2300000e+034
-1.2300000e+034
-1.2300000e+034
-1.2300000e+034
-1.2300000e+034
-1.2300000e+034
-1.2300000e+034
-1.2300000e+034
-1.2300000e+034
-1.2300000e+034
-1.2300000e+034
-1.2300000e+034
-1.2300000e+034
-1.2300000e+034
-1.2300000e+034
-1.2300000e+034
-1.2300000e+034
-1.2300000e+034
-1.2300000e+034
-1.2300000e+034
-1.2300000e+034
-1.2300000e+034
-1.2300000e+034
-1.2300000e+034
-1.2300000e+034
-1.2300000e+034
-1.2300000e+034
-1.2300000e+034
-1.2300000e+034
-1.2300000e+034
-1.2300000e+034
-1.2300000e+034
-1.2300000e+034
-1.2300000e+034
-1.2300000e+034
-1.2300000e+034
-1.2300000e+034
-1.2300000e+034
-1.2300000e+034
-1.2300000e+034
-1.2300000e+034
-1.2300000e+034
-1.2300000e+034
-1.2300000e+034
-1.2300000e+034
-1.2300000e+034
-1.2300000e+034
-1.2300000e+034
-1.2300000e+034
-1.2300000e+034
-1.2300000e+034
-1.2300000e+034
-1.2300000e+034
-1.2300000e+034
-1.2300000e+034
-1.2300000e+034
-1.2300000e+034
-1.2300000e+034
-1.2300000e+034
-1.2300000e+034
-1.2300000e+034
-1.2300000e+034
-1.2300000e+034
-1.2300000e+034
-1.2300000e+034
-1.2300000e+034
-1.2300000e+034
-1.2300000e+034
-1.2300000e+034
-1.2300000e+034
-1.2300000e+034
-1.2300000e+034
-1.2300000e+034
-1.2300000e+034
-1.2300000e+034
-1.2300000e+034
-1.2300000e+034
-1.2300000e+034
-1.2300000e+034
-1.2300000e+034
-1.2300000e+034
-1.2300000e+034
-1.2300000e+034
-1.2300000e+034
-1.2300000e+034
-1.2300000e+034
-1.2300000e+034
-1.2300000e+034
-1.2300000e+034
-1.2300000e+034
-1.2300000e+034
-1.2300000e+034
-1.2300000e+034
-1.2300000e+034
-1.2300000e+034
-1.2300000e+034
-1.2300000e+034
-1.2300000e+034
-1.2300000e+034
-1.2300000e+034
-1.2300000e+034
-1.2300000e+034
-1.2300000e+034
-1.2300000e+034
-1.2300000e+034
-1.2300000e+034
-1.2300000e+034
-1.2300000e+034
-1.2300000e+034
-1.2300000e+034
-1.2300000e+034
-1.2300000e+034
-1.2300000e+034
-1.2300000e+034
-1.2300000e+034
-1.2300000e+034
-1.2300000e+034
-1.2300000e+034
-1.2300000e+034
 6.6638833e-001
 6.6932052e-001
 6.7060047e-001
 6.7166203e-001
 6.7230684e-001
 6.7265731e-001
 6.7240000e-001
 6.7148679e-001
 6.7008984e-001
 6.6733301e-001
 6.6384262e-001
 6.5857452e-001
 6.4688909e-001
 6.2928486e-001
 6.0952556e-001
 5.9294814e-001
 5.8398271e-001
 5.8891153e-001
 6.1178529e-001
 6.4044642e-001
 6.6053838e-001
 6.6864377e-001
 6.7109913e-001
 6.7088354e-001
 6.6848207e-001
 6.6505700e-001
 6.6089743e-001
 6.5652084e-001
 6.5123135e-001
 6.5305614e-001
 6.4732867e-001
 6.4202422e-001
 6.3882065e-001
 6.3733649e-001
 6.3726163e-001
 6.3650864e-001
 6.3271844e-001
 6.2629211e-001
 6.2255716e-001
 6.1974329e-001
 6.1243403e-001
 6.0097235e-001
 5.9276986e-001
 5.8954686e-001
 5.8420545e-001
 5.7461262e-001
 5.6624836e-001
 5.6026757e-001
 5.5601948e-001
 5.5193967e-001
 5.4612136e-001
 5.3859133e-001
 5.2807099e-001
 5.1023597e-001
 4.8234916e-001
 4.5018864e-001
 4.1940469e-001
 3.9734328e-001
 3.9001954e-001
 3.9589536e-001
 4.1542831e-001
 4.4410717e-001
 4.5406210e-001
 4.7014904e-001
 5.1813811e-001
 5.5881608e-001
 5.8220780e-001
 5.8998835e-001
 5.9048003e-001
 5.8629960e-001
 5.7829684e-001
 5.6140494e-001
 5.2588338e-001
 4.8445606e-001
 4.7776994e-001
 4.9606049e-001
 5.1474285e-001
 5.2374023e-001
 5.1883858e-001
 4.9425375e-001
 4.5617640e-001
 4.2827246e-001
 4.2020434e-001
 4.1119674e-001
 3.8628492e-001
 3.5819227e-001
 3.4714854e-001
 3.5179374e-001
 3.5426158e-001
 3.5465112e-001
 3.5438442e-001
 3.4221950e-001
 3.2728514e-001
