s07_AV97 Record=2146: Montmorillonite CM26         NIC4bc RREF
-1.2300000e+034
-1.2300000e+034
-1.2300000e+034
-1.2300000e+034
-1.2300000e+034
-1.2300000e+034
-1.2300000e+034
-1.2300000e+034
-1.2300000e+034
-1.2300000e+034
-1.2300000e+034
-1.2300000e+034
-1.2300000e+034
-1.2300000e+034
-1.2300000e+034
-1.2300000e+034
-1.2300000e+034
-1.2300000e+034
-1.2300000e+034
-1.2300000e+034
-1.2300000e+034
-1.2300000e+034
-1.2300000e+034
-1.2300000e+034
-1.2300000e+034
-1.2300000e+034
-1.2300000e+034
-1.2300000e+034
-1.2300000e+034
-1.2300000e+034
-1.2300000e+034
-1.2300000e+034
-1.2300000e+034
-1.2300000e+034
-1.2300000e+034
-1.2300000e+034
-1.2300000e+034
-1.2300000e+034
-1.2300000e+034
-1.2300000e+034
-1.2300000e+034
-1.2300000e+034
-1.2300000e+034
-1.2300000e+034
-1.2300000e+034
-1.2300000e+034
-1.2300000e+034
-1.2300000e+034
-1.2300000e+034
-1.2300000e+034
-1.2300000e+034
-1.2300000e+034
-1.2300000e+034
-1.2300000e+034
-1.2300000e+034
-1.2300000e+034
-1.2300000e+034
-1.2300000e+034
-1.2300000e+034
-1.2300000e+034
-1.2300000e+034
-1.2300000e+034
-1.2300000e+034
-1.2300000e+034
-1.2300000e+034
-1.2300000e+034
-1.2300000e+034
-1.2300000e+034
-1.2300000e+034
-1.2300000e+034
-1.2300000e+034
-1.2300000e+034
-1.2300000e+034
-1.2300000e+034
-1.2300000e+034
-1.2300000e+034
-1.2300000e+034
-1.2300000e+034
-1.2300000e+034
-1.2300000e+034
-1.2300000e+034
-1.2300000e+034
-1.2300000e+034
-1.2300000e+034
-1.2300000e+034
-1.2300000e+034
-1.2300000e+034
-1.2300000e+034
-1.2300000e+034
-1.2300000e+034
-1.2300000e+034
-1.2300000e+034
-1.2300000e+034
-1.2300000e+034
-1.2300000e+034
-1.2300000e+034
-1.2300000e+034
-1.2300000e+034
-1.2300000e+034
-1.2300000e+034
-1.2300000e+034
-1.2300000e+034
-1.2300000e+034
-1.2300000e+034
-1.2300000e+034
-1.2300000e+034
-1.2300000e+034
-1.2300000e+034
-1.2300000e+034
 6.2141615e-001
 5.8356345e-001
 5.4071522e-001
 5.2072066e-001
 5.3514689e-001
 5.5734622e-001
 5.6943858e-001
 5.7128161e-001
 5.6920922e-001
 5.7158113e-001
 5.7568938e-001
 5.7871711e-001
 5.8138198e-001
 5.8370781e-001
 5.8560210e-001
 5.8779782e-001
 5.9074956e-001
 5.9405297e-001
 5.9712714e-001
 5.9988976e-001
 6.0214490e-001
 6.0443157e-001
 6.0736740e-001
 6.1040086e-001
 6.1334437e-001
 6.1581260e-001
 6.1779755e-001
 6.1921990e-001
 6.2078685e-001
 6.2279046e-001
 6.2456644e-001
 6.2634033e-001
 6.2721789e-001
 6.2745208e-001
 6.2702566e-001
 6.2652743e-001
 6.2633717e-001
 6.2631738e-001
 6.2597591e-001
 6.2576550e-001
 6.2492621e-001
 6.2361717e-001
 6.2223637e-001
 6.2084013e-001
 6.1973929e-001
 6.1844069e-001
 6.1671811e-001
 6.1448169e-001
 6.0840780e-001
 5.9344465e-001
 5.6404549e-001
 5.7552117e-001
 5.3028339e-001
 4.8107320e-001
 4.7370335e-001
 4.9950656e-001
 5.2454638e-001
 5.3888434e-001
 5.4714781e-001
 5.5335897e-001
 5.5864048e-001
 5.6391609e-001
 5.6947500e-001
 5.7504410e-001
 5.8001584e-001
 5.8428019e-001
 5.8742923e-001
 5.8938015e-001
 5.8989733e-001
 5.8889073e-001
 5.8623743e-001
 5.8258051e-001
 5.7897735e-001
 5.7640439e-001
 5.7513487e-001
 5.7411498e-001
 5.7152873e-001
 5.6701523e-001
 5.6064296e-001
 5.4951322e-001
 5.2753741e-001
 4.9902371e-001
 4.7099042e-001
 4.4913247e-001
 4.4308397e-001
 4.5559251e-001
 4.6987396e-001
 4.8219821e-001
 4.9816883e-001
 5.1085413e-001
 5.1608664e-001
 5.1538074e-001
 5.0962961e-001
 5.0141811e-001
 4.9252588e-001
 4.8478526e-001
 4.7737411e-001
 4.6905479e-001
 4.6064886e-001
 4.5329589e-001
 4.4803032e-001
 4.4352099e-001
 4.3859133e-001
 4.3417281e-001
 4.3000987e-001
 4.2522442e-001
 4.1947448e-001
 4.1344997e-001
 4.0833032e-001
 4.0546262e-001
 4.0435484e-001
 4.0446183e-001
 4.0413189e-001
 4.0160200e-001
 3.9789766e-001
