s07_AV97 Record=1052: Diopside HS15.4B pyroxene    ASDFRc AREF
 1.8604119e-001
 1.9232588e-001
 1.9921972e-001
 2.0619147e-001
 2.1286333e-001
 2.2109538e-001
 2.2911391e-001
 2.3567978e-001
 2.4318990e-001
 2.5137392e-001
 2.5987974e-001
 2.6938644e-001
 2.7838713e-001
 2.8840953e-001
 2.9842567e-001
 3.0656999e-001
 3.1283543e-001
 3.1781369e-001
 3.2090837e-001
 3.2255650e-001
 3.2254264e-001
 3.2102555e-001
 3.1813452e-001
 3.1456435e-001
 3.1049889e-001
 3.0592224e-001
 3.0089173e-001
 2.9550108e-001
 2.8955752e-001
 2.8295305e-001
 2.7613851e-001
 2.6910868e-001
 2.7724838e-001
 2.7046394e-001
 2.6366618e-001
 2.5676820e-001
 2.5004917e-001
 2.4339849e-001
 2.3690206e-001
 2.3061764e-001
 2.2461829e-001
 2.1910630e-001
 2.1403611e-001
 2.0950875e-001
 2.0558929e-001
 2.0245422e-001
 2.0025896e-001
 1.9905119e-001
 1.9891353e-001
 1.9966163e-001
 2.0110533e-001
 2.0283455e-001
 2.0455746e-001
 2.0598920e-001
 2.0676498e-001
 2.0670289e-001
 2.0581852e-001
 2.0403908e-001
 2.0174342e-001
 1.9910298e-001
 1.9634359e-001
 1.9360779e-001
 1.9103053e-001
 1.8873392e-001
 1.8688664e-001
 1.8539284e-001
 1.8407708e-001
 1.8307391e-001
 1.8241420e-001
 1.8113324e-001
 1.8045579e-001
 1.7966992e-001
 1.7915620e-001
 1.7915286e-001
 1.7913198e-001
 1.7974189e-001
 1.8047942e-001
 1.8155034e-001
 1.8282327e-001
 1.8368636e-001
 1.8470648e-001
 1.8580082e-001
 1.8675785e-001
 1.8767767e-001
 1.8850292e-001
 1.8958057e-001
 1.9055997e-001
 1.9185463e-001
 1.9336875e-001
 1.9507433e-001
 1.9715561e-001
 1.9969694e-001
 2.0203638e-001
 2.0459743e-001
 2.0743148e-001
 2.1027373e-001
 2.0579208e-001
 2.0888866e-001
 2.1179470e-001
 2.1502970e-001
 2.1838079e-001
 2.2167198e-001
 2.2510557e-001
 2.2840042e-001
 2.3186335e-001
 2.3548198e-001
 2.3905575e-001
 2.4269073e-001
 2.4574065e-001
 2.4847554e-001
 2.5051734e-001
 2.5487179e-001
 2.5859997e-001
 2.6174939e-001
 2.6507023e-001
 2.6819301e-001
 2.7103201e-001
 2.7400255e-001
 2.7683061e-001
 2.8063127e-001
 2.8381756e-001
 2.8703806e-001
 2.9016572e-001
 2.9358798e-001
 2.9671186e-001
 2.9972085e-001
 3.0295032e-001
 3.0621979e-001
 3.0907109e-001
 3.1193468e-001
 3.1497952e-001
 3.1788504e-001
 3.2069865e-001
 3.2364166e-001
 3.2682684e-001
 3.2985118e-001
 3.3278424e-001
 3.3573455e-001
 3.3867168e-001
 3.4153003e-001
 3.4451979e-001
 3.4763467e-001
 3.5056832e-001
 3.5316861e-001
 3.5604197e-001
 3.5863900e-001
 3.6105311e-001
 3.6375454e-001
 3.6641812e-001
 3.6942145e-001
 3.7238386e-001
 3.7497371e-001
 3.7746927e-001
 3.7989560e-001
 3.8222101e-001
 3.8459647e-001
 3.8679743e-001
 3.8952735e-001
 3.9158919e-001
 3.9236486e-001
 3.9216810e-001
 3.9212927e-001
 3.9057487e-001
 3.8863385e-001
 3.8829103e-001
 3.8938498e-001
 3.9112207e-001
 3.9371133e-001
 3.9584580e-001
 3.9872450e-001
 4.0159267e-001
 4.0499580e-001
 4.0844196e-001
 4.1181871e-001
 4.1433886e-001
 4.1687655e-001
 4.1946003e-001
 4.2198977e-001
 4.2394876e-001
 4.2559278e-001
 4.2718634e-001
 4.2839047e-001
 4.2939660e-001
 4.2956540e-001
 4.2961061e-001
 4.2976284e-001
 4.3010142e-001
 4.2984381e-001
 4.2974544e-001
 4.3067291e-001
 4.3059990e-001
 4.3112254e-001
 4.3126267e-001
 4.3129486e-001
 4.3048817e-001
 4.2945895e-001
 4.2892817e-001
 4.2911509e-001
 4.2952707e-001
 4.2843890e-001
 4.2536125e-001
 4.1948822e-001
 4.1689685e-001
 4.1010222e-001
 4.1172495e-001
 4.2104131e-001
 4.2704859e-001
 4.3027717e-001
 4.3358523e-001
 4.3345031e-001
 4.3069384e-001
 4.2896914e-001
 4.3268767e-001
 4.3618152e-001
 4.4006184e-001
 4.4290799e-001
 4.4341379e-001
 4.4496912e-001
 4.4654357e-001
 4.4772545e-001
 4.4964138e-001
 4.5406753e-001
 4.5577839e-001
-1.2300000e+034
