s07_AV97 Record=2294: Muscovite HS146.3B            BECKa AREF
 3.7903380e-001
 4.0131229e-001
 4.2367223e-001
 4.4629639e-001
 4.6614844e-001
 4.7844705e-001
 4.8169786e-001
 4.8211953e-001
 4.9197233e-001
 5.1011491e-001
 5.1811862e-001
 5.2424204e-001
 5.2790910e-001
 5.3290200e-001
 5.3508425e-001
 5.3840661e-001
 5.3922284e-001
 5.4111964e-001
 5.4386336e-001
 5.4424709e-001
 5.4533547e-001
 5.4812384e-001
 5.4881608e-001
 5.5140334e-001
 5.5341399e-001
 5.5590028e-001
 5.5891573e-001
 5.6319892e-001
 5.6375933e-001
 5.6694072e-001
 5.7120889e-001
 5.7295483e-001
 5.7064950e-001
 5.7282603e-001
 5.7504779e-001
 5.7838917e-001
 5.8202195e-001
 5.8566821e-001
 5.9094137e-001
 5.9458119e-001
 5.9791309e-001
 6.0080099e-001
 6.0582578e-001
 6.0782766e-001
 6.1110759e-001
 6.1310780e-001
 6.1242390e-001
 6.1211801e-001
 6.0964143e-001
 6.0754752e-001
 6.0846674e-001
 6.0437495e-001
 5.9867746e-001
 5.9654230e-001
 5.9290284e-001
 5.8793885e-001
 5.8848679e-001
 5.8728719e-001
 5.8959496e-001
 5.9119910e-001
 5.9305549e-001
 5.9622306e-001
 5.9945387e-001
 6.0249305e-001
 6.1132276e-001
 6.1724770e-001
 6.2291878e-001
 6.2775224e-001
 6.3111275e-001
 6.3382220e-001
 6.3679433e-001
 6.3644129e-001
 6.3948560e-001
 6.3790804e-001
 6.3765275e-001
 6.3629466e-001
 6.3421899e-001
 6.3495725e-001
 6.3324714e-001
 6.3133079e-001
 6.3062453e-001
 6.3005340e-001
 6.3138872e-001
 6.2996811e-001
 6.3058662e-001
 6.3119459e-001
 6.3141304e-001
 6.3286877e-001
 6.3503611e-001
 6.3674688e-001
 6.3922304e-001
 6.4257234e-001
 6.4345527e-001
 6.4865309e-001
 6.5085155e-001
 6.5540636e-001
 6.4967293e-001
 6.5361166e-001
 6.5759730e-001
 6.6182685e-001
 6.6521335e-001
 6.6876119e-001
 6.7240822e-001
 6.7801738e-001
 6.8282759e-001
 6.8939537e-001
 6.9637930e-001
 7.0071864e-001
 6.9951260e-001
 6.9757360e-001
 6.9275981e-001
 6.9446361e-001
 7.0171905e-001
 7.1206743e-001
 7.2307158e-001
 7.3311722e-001
 7.4598283e-001
 7.5472862e-001
 7.6303130e-001
 7.6905382e-001
 7.7648205e-001
 7.8184801e-001
 7.8573191e-001
 7.9274136e-001
 7.9622221e-001
 8.0059636e-001
 8.0606705e-001
 8.0991894e-001
 8.1295520e-001
 8.1818068e-001
 8.2328367e-001
 8.2366717e-001
 8.2666105e-001
 8.3089721e-001
 8.3331382e-001
 8.3587974e-001
 8.3971190e-001
 8.3993089e-001
 8.4290355e-001
 8.4358531e-001
 8.4765166e-001
 8.4993285e-001
 8.5177004e-001
 8.5262561e-001
 8.5270166e-001
 8.5486060e-001
 8.5339731e-001
 8.5509598e-001
 8.5247391e-001
 8.5408205e-001
 8.5683173e-001
 8.5550052e-001
 8.5411483e-001
 8.5516989e-001
 8.4816450e-001
 8.4079552e-001
 8.4056193e-001
 8.4708893e-001
 8.4698164e-001
 8.3263969e-001
 8.3805430e-001
 8.2463235e-001
 8.1538552e-001
 8.0136830e-001
 7.9785812e-001
 8.0251521e-001
 8.0418986e-001
 8.0749029e-001
 8.1318432e-001
 8.1625313e-001
 8.1741112e-001
 8.2312971e-001
 8.2159942e-001
 8.2212967e-001
 8.2704532e-001
 8.3005524e-001
 8.2605428e-001
 8.2863522e-001
 8.2509404e-001
 8.2169902e-001
 8.2027453e-001
 8.0800402e-001
 7.9157364e-001
 7.7233559e-001
 7.5370830e-001
 7.4751526e-001
 7.4514264e-001
 7.3511398e-001
 7.1187133e-001
 6.7482239e-001
 6.1417514e-001
 5.2996266e-001
 4.5178831e-001
 4.2474329e-001
 4.5482466e-001
 5.0348377e-001
 5.3027290e-001
 5.6223851e-001
 6.1271614e-001
 6.4684492e-001
 6.5911669e-001
 6.5874326e-001
 6.4693636e-001
 6.1495852e-001
 5.7141066e-001
 5.2644634e-001
 4.9187770e-001
 4.7280103e-001
 4.7231948e-001
 4.7760120e-001
 4.7854108e-001
 4.8086986e-001
 4.8786035e-001
 4.8754513e-001
 4.7852659e-001
 4.6590129e-001
 4.5553347e-001
 4.5276001e-001
 4.5645499e-001
 4.6446186e-001
 4.7408116e-001
 4.8480418e-001
 4.9653888e-001
 5.0887942e-001
