s07_AV97 Record=495: Arsenopyrite HS262.4B        ASDFRc AREF
 1.0395441e-001
 1.0909256e-001
 1.1300634e-001
 1.1643010e-001
 1.1923824e-001
 1.2133688e-001
 1.2246782e-001
 1.2364679e-001
 1.2557574e-001
 1.2689705e-001
 1.2784015e-001
 1.2849350e-001
 1.2901150e-001
 1.2932731e-001
 1.2951410e-001
 1.2955290e-001
 1.2949596e-001
 1.2936561e-001
 1.2900798e-001
 1.2865627e-001
 1.2826359e-001
 1.2723027e-001
 1.2683010e-001
 1.2681720e-001
-1.2300000e+034
 1.2461251e-001
 1.2459556e-001
 1.2426921e-001
 1.2381190e-001
 1.2326469e-001
 1.2274108e-001
 1.2220219e-001
 1.2281407e-001
 1.2230381e-001
 1.2180838e-001
 1.2136893e-001
 1.2104446e-001
 1.2068689e-001
 1.2020828e-001
 1.1974495e-001
 1.1941767e-001
 1.1894641e-001
 1.1844900e-001
 1.1800174e-001
 1.1752024e-001
 1.1706226e-001
 1.1657920e-001
 1.1610508e-001
 1.1574154e-001
 1.1529952e-001
 1.1481438e-001
 1.1443502e-001
 1.1404729e-001
 1.1367787e-001
 1.1325306e-001
 1.1293820e-001
 1.1252429e-001
 1.1207785e-001
 1.1167074e-001
 1.1138984e-001
 1.1107767e-001
 1.1073360e-001
 1.1032560e-001
 1.0987825e-001
 1.0960933e-001
 1.0936163e-001
 1.0901062e-001
 1.0878234e-001
 1.0848740e-001
 1.0826597e-001
 1.0873538e-001
 1.0870379e-001
 1.0872668e-001
 1.0891048e-001
 1.0887218e-001
 1.0905195e-001
 1.0890993e-001
 1.0871822e-001
 1.0890464e-001
 1.0868709e-001
 1.0862543e-001
 1.0852988e-001
 1.0857857e-001
 1.0851781e-001
 1.0850649e-001
 1.0865436e-001
 1.0864498e-001
 1.0856368e-001
 1.0858033e-001
 1.0855889e-001
 1.0861599e-001
 1.0872483e-001
 1.0868239e-001
 1.0857891e-001
 1.0837838e-001
 1.0822127e-001
 1.0850563e-001
 1.0831846e-001
 1.0811429e-001
 1.0798988e-001
 1.0784656e-001
 1.0760393e-001
 1.0745415e-001
 1.0718396e-001
 1.0693031e-001
 1.0673351e-001
 1.0671504e-001
 1.0644389e-001
 1.0615221e-001
 1.0572408e-001
 1.0478249e-001
 1.0342512e-001
 1.0302171e-001
 1.0372348e-001
 1.0402714e-001
 1.0387310e-001
 1.0374176e-001
 1.0364358e-001
 1.0358703e-001
 1.0338156e-001
 1.0321502e-001
 1.0322101e-001
 1.0315216e-001
 1.0299379e-001
 1.0296024e-001
 1.0286897e-001
 1.0280713e-001
 1.0270201e-001
 1.0267111e-001
 1.0250896e-001
 1.0236336e-001
 1.0237008e-001
 1.0230786e-001
 1.0234845e-001
 1.0243647e-001
 1.0257741e-001
 1.0257995e-001
 1.0290644e-001
 1.0310677e-001
 1.0336895e-001
 1.0364883e-001
 1.0402644e-001
 1.0423327e-001
 1.0432709e-001
 1.0411504e-001
 1.0406692e-001
 1.0425148e-001
 1.0403124e-001
 1.0369235e-001
 1.0350657e-001
 1.0336497e-001
 1.0300223e-001
 1.0284904e-001
 1.0276002e-001
 1.0305133e-001
 1.0304919e-001
 1.0268561e-001
 1.0258704e-001
 1.0229196e-001
 1.0183410e-001
 1.0203897e-001
 1.0155958e-001
 1.0079201e-001
 1.0010894e-001
 9.9613465e-002
 9.9289522e-002
 9.9149741e-002
 9.9093169e-002
 9.9012740e-002
 9.8933548e-002
 9.8801024e-002
 9.8610282e-002
 9.8329365e-002
 9.8121159e-002
 9.8048292e-002
 9.8076008e-002
 9.7906433e-002
 9.7812086e-002
 9.7755700e-002
 9.7689003e-002
 9.7467095e-002
 9.7267300e-002
 9.7188301e-002
 9.7051017e-002
 9.6978441e-002
 9.7194485e-002
 9.7338550e-002
 9.7443469e-002
 9.7150907e-002
 9.6981235e-002
 9.6221618e-002
 9.5212571e-002
 9.4801687e-002
 9.4941132e-002
 9.5687844e-002
 9.5954582e-002
 9.6272126e-002
 9.6439995e-002
 9.6392840e-002
 9.6422739e-002
 9.6241489e-002
 9.6370965e-002
 9.6219420e-002
 9.5915481e-002
 9.5707364e-002
 9.5409885e-002
 9.5180765e-002
 9.4735861e-002
 9.4675228e-002
 9.4634734e-002
 9.4529241e-002
 9.4162330e-002
 9.3674645e-002
 9.3339883e-002
 9.2846081e-002
 9.2359349e-002
 9.1750503e-002
 9.1554791e-002
 9.0788633e-002
 9.0506427e-002
 9.0573095e-002
 8.9869179e-002
 9.0868078e-002
-1.2300000e+034
