s07_AV97 Record=1094: Dolomite HS102.3B            ASDNGb AREF
 6.4645678e-001
 6.5338200e-001
 6.5789223e-001
 6.6131330e-001
 6.6378427e-001
 6.6575110e-001
 6.6757393e-001
 6.6921109e-001
 6.7061144e-001
 6.7192179e-001
 6.7311835e-001
 6.7427284e-001
 6.7545748e-001
 6.7659384e-001
 6.7765939e-001
 6.7869192e-001
 6.7964822e-001
 6.8045604e-001
 6.8111372e-001
 6.8160206e-001
 6.8192500e-001
 6.8211657e-001
 6.8233770e-001
 6.8254763e-001
 6.8276119e-001
 6.8290657e-001
 6.8300468e-001
 6.8307668e-001
 6.8314260e-001
 6.8319082e-001
 6.8322378e-001
 6.8325973e-001
 6.8320501e-001
 6.8326563e-001
 6.8325883e-001
 6.8325359e-001
 6.8325609e-001
 6.8318594e-001
 6.8311495e-001
 6.8303555e-001
 6.8287206e-001
 6.8275911e-001
 6.8262637e-001
 6.8235546e-001
 6.8205518e-001
 6.8164474e-001
 6.8126595e-001
 6.8080193e-001
 6.8023962e-001
 6.7960906e-001
 6.7884666e-001
 6.7793101e-001
 6.7688918e-001
 6.7587930e-001
 6.7475206e-001
 6.7348146e-001
 6.7228740e-001
 6.7091006e-001
 6.6941422e-001
 6.6790044e-001
 6.6639817e-001
 6.6488284e-001
 6.6342425e-001
 6.6207057e-001
 6.6078961e-001
 6.5967947e-001
 6.5870827e-001
 6.5800899e-001
 6.5732467e-001
 6.5668517e-001
 6.5632486e-001
 6.5605837e-001
 6.5608746e-001
 6.5620571e-001
 6.5643352e-001
 6.5683204e-001
 6.5718490e-001
 6.5777022e-001
 6.5818948e-001
 6.5853828e-001
 6.5894091e-001
 6.5931207e-001
 6.5934563e-001
 6.5939897e-001
 6.5936953e-001
 6.5926009e-001
 6.5905464e-001
 6.5892178e-001
 6.5866083e-001
 6.5859324e-001
 6.5853685e-001
 6.5846503e-001
 6.5846795e-001
 6.5844566e-001
 6.5837896e-001
 6.5838116e-001
 6.5842432e-001
 6.5838414e-001
 6.5841836e-001
 6.5854824e-001
 6.5866303e-001
 6.5883034e-001
 6.5914363e-001
 6.5954649e-001
 6.5989614e-001
 6.6030729e-001
 6.6085094e-001
 6.6137457e-001
 6.6141897e-001
 6.6173798e-001
 6.6170269e-001
 6.6152495e-001
 6.6148251e-001
 6.6258609e-001
 6.6390783e-001
 6.6491801e-001
 6.6579968e-001
 6.6655248e-001
 6.6735780e-001
 6.6827971e-001
 6.6914850e-001
 6.6982985e-001
 6.7041296e-001
 6.7095268e-001
 6.7137176e-001
 6.7153412e-001
 6.7175603e-001
 6.7237180e-001
 6.7312199e-001
 6.7340553e-001
 6.7350167e-001
 6.7377180e-001
 6.7357141e-001
 6.7351252e-001
 6.7346799e-001
 6.7344892e-001
 6.7360848e-001
 6.7370456e-001
 6.7345673e-001
 6.7294252e-001
 6.7254841e-001
 6.7206854e-001
 6.7169619e-001
 6.7129940e-001
 6.7081088e-001
 6.7028880e-001
 6.7101878e-001
 6.7188376e-001
 6.7159975e-001
 6.7100179e-001
 6.7010611e-001
 6.6873813e-001
 6.6682780e-001
 6.6416770e-001
 6.6195178e-001
 6.5832162e-001
 6.5280378e-001
 6.5004063e-001
 6.5884984e-001
 6.6577178e-001
 6.6442126e-001
 6.6529566e-001
 6.6092193e-001
 6.5688348e-001
 6.5491819e-001
 6.5299940e-001
 6.5056980e-001
 6.4907885e-001
 6.4697981e-001
 6.4250177e-001
 6.3919014e-001
 6.4370155e-001
 6.5370625e-001
 6.6068012e-001
 6.6469276e-001
 6.6721267e-001
 6.6851783e-001
 6.6943818e-001
 6.6951293e-001
 6.6891855e-001
 6.6757631e-001
 6.6576165e-001
 6.6408908e-001
 6.6090250e-001
 6.5596968e-001
 6.4949554e-001
 6.4567572e-001
 6.4656788e-001
 6.5010679e-001
 6.5103251e-001
 6.4881623e-001
 6.4295214e-001
 6.3418889e-001
 6.2274534e-001
 6.1035949e-001
 5.9872794e-001
 5.8124036e-001
 5.5528063e-001
 5.2333641e-001
 4.9782372e-001
 4.8631418e-001
 4.7305745e-001
 4.5412087e-001
 4.3622023e-001
 4.2378432e-001
 4.3441540e-001
 4.8834676e-001
 5.6095600e-001
 6.0891235e-001
 6.1992091e-001
 6.1240733e-001
 6.0188061e-001
 5.8979410e-001
 5.7607239e-001
 5.5667007e-001
 5.2152354e-001
 4.8476881e-001
 4.4280681e-001
 4.1191483e-001
 3.9790297e-001
 3.8763607e-001
 3.6263847e-001
 3.3660200e-001
-1.2300000e+034
