s07_AV97 Record=3277: Topaz HS184.1B               ASDFRb AREF
 6.7637897e-001
 6.8518198e-001
 6.9764632e-001
 7.1213704e-001
 7.2599059e-001
 7.3831290e-001
 7.5005287e-001
 7.6065159e-001
 7.7068835e-001
 7.7994996e-001
 7.8896010e-001
 7.9772210e-001
 8.0650997e-001
 8.1525517e-001
 8.2368475e-001
 8.3138341e-001
 8.3828986e-001
 8.4420055e-001
 8.4937519e-001
 8.5404348e-001
 8.5824221e-001
 8.6207616e-001
 8.6535800e-001
 8.6841017e-001
 8.7127596e-001
 8.7396908e-001
 8.7690771e-001
 8.7958223e-001
 8.8176882e-001
 8.8385516e-001
 8.8562435e-001
 8.8719004e-001
 8.8534898e-001
 8.8691735e-001
 8.8820910e-001
 8.8955373e-001
 8.9027214e-001
 8.9102310e-001
 8.9174980e-001
 8.9229852e-001
 8.9281625e-001
 8.9342183e-001
 8.9392650e-001
 8.9448184e-001
 8.9482349e-001
 8.9522147e-001
 8.9576167e-001
 8.9621496e-001
 8.9647710e-001
 8.9670461e-001
 8.9719450e-001
 8.9764881e-001
 8.9808506e-001
 8.9853770e-001
 8.9914984e-001
 8.9979702e-001
 9.0032059e-001
 9.0097505e-001
 9.0161103e-001
 9.0221459e-001
 9.0273875e-001
 9.0308833e-001
 9.0351355e-001
 9.0241945e-001
 9.0446275e-001
 9.0572500e-001
 9.0637386e-001
 9.0718877e-001
 9.0788335e-001
 9.0723920e-001
 9.0846509e-001
 9.0752554e-001
 9.0801156e-001
 9.0851730e-001
 9.0829188e-001
 9.0821177e-001
 9.0829581e-001
 9.0941602e-001
 9.0911937e-001
 9.1056091e-001
 9.0955836e-001
 9.0998614e-001
 9.0982765e-001
 9.0957940e-001
 9.1010433e-001
 9.0984076e-001
 9.0988380e-001
 9.1013753e-001
 9.0927720e-001
 9.0816921e-001
 9.1034472e-001
 9.1057372e-001
 9.1096240e-001
 9.1054344e-001
 9.1149378e-001
 9.1116309e-001
 9.1065532e-001
 9.1128278e-001
 9.1116011e-001
 9.1031891e-001
 9.1037226e-001
 9.1035938e-001
 9.0971571e-001
 9.0984333e-001
 9.0825456e-001
 9.0612459e-001
 9.0725452e-001
 9.0958619e-001
 9.0705532e-001
 9.0618455e-001
 8.9347816e-001
 8.4814799e-001
 8.7727582e-001
 8.9794791e-001
 9.0142304e-001
 9.0277481e-001
 9.0344489e-001
 9.0426439e-001
 9.0479213e-001
 9.0533733e-001
 9.0637779e-001
 9.0705049e-001
 9.0737301e-001
 9.0748984e-001
 9.0794146e-001
 9.0796113e-001
 9.0840650e-001
 9.0851068e-001
 9.0906501e-001
 9.0902162e-001
 9.0882820e-001
 9.0837908e-001
 9.0824628e-001
 9.0865004e-001
 9.0903276e-001
 9.0907598e-001
 9.0914685e-001
 9.0887755e-001
 9.0653068e-001
 9.0117228e-001
 9.0473580e-001
 9.0789860e-001
 9.0792352e-001
 9.0647453e-001
 9.0620691e-001
 9.0616590e-001
 9.0559864e-001
 9.0623909e-001
 9.0689880e-001
 9.0722167e-001
 9.0762693e-001
 9.0831864e-001
 9.0785885e-001
 9.0796196e-001
 9.0759844e-001
 9.0757447e-001
 9.0785229e-001
 9.0739638e-001
 9.0668982e-001
 9.0197903e-001
 9.0391368e-001
 8.9852309e-001
 8.9203501e-001
 8.8475788e-001
 8.8114852e-001
 8.7953168e-001
 8.8144052e-001
 8.8226122e-001
 8.8297260e-001
 8.8437903e-001
 8.8622624e-001
 8.8604951e-001
 8.8691264e-001
 8.8669020e-001
 8.8908982e-001
 8.8978845e-001
 8.8882059e-001
 8.8546109e-001
 8.7346095e-001
 8.1884992e-001
 6.8695402e-001
 7.1303558e-001
 8.2624209e-001
 8.6375594e-001
 8.7397999e-001
 8.6899573e-001
 8.5430908e-001
 8.4147638e-001
 8.4423476e-001
 8.5245377e-001
 8.5579491e-001
 8.5936767e-001
 8.5500968e-001
 8.5436076e-001
 8.5991061e-001
 8.6690968e-001
 8.7220794e-001
 8.7003022e-001
 8.5777903e-001
 8.5982621e-001
 8.6728120e-001
 8.6525315e-001
 8.5634923e-001
 8.5218441e-001
 8.4627372e-001
 8.4049034e-001
 8.3813488e-001
 8.3652514e-001
 8.3722502e-001
 8.3104074e-001
 8.2949066e-001
 8.2386816e-001
 8.2203829e-001
 8.1119156e-001
 8.0461425e-001
 8.0090755e-001
 7.9974437e-001
 7.8956509e-001
 7.8112870e-001
 7.6632154e-001
 7.5347745e-001
 7.4231476e-001
 7.2206670e-001
-1.2300000e+034
