s07_AV97 Record=3231: Topaz Cameron_Cone_#42       NIC4bb RREF
-1.2300000e+034
-1.2300000e+034
-1.2300000e+034
-1.2300000e+034
-1.2300000e+034
-1.2300000e+034
-1.2300000e+034
-1.2300000e+034
-1.2300000e+034
-1.2300000e+034
-1.2300000e+034
-1.2300000e+034
-1.2300000e+034
-1.2300000e+034
-1.2300000e+034
-1.2300000e+034
-1.2300000e+034
-1.2300000e+034
-1.2300000e+034
-1.2300000e+034
-1.2300000e+034
-1.2300000e+034
-1.2300000e+034
-1.2300000e+034
-1.2300000e+034
-1.2300000e+034
-1.2300000e+034
-1.2300000e+034
-1.2300000e+034
-1.2300000e+034
-1.2300000e+034
-1.2300000e+034
-1.2300000e+034
-1.2300000e+034
-1.2300000e+034
-1.2300000e+034
-1.2300000e+034
-1.2300000e+034
-1.2300000e+034
-1.2300000e+034
-1.2300000e+034
-1.2300000e+034
-1.2300000e+034
-1.2300000e+034
-1.2300000e+034
-1.2300000e+034
-1.2300000e+034
-1.2300000e+034
-1.2300000e+034
-1.2300000e+034
-1.2300000e+034
-1.2300000e+034
-1.2300000e+034
-1.2300000e+034
-1.2300000e+034
-1.2300000e+034
-1.2300000e+034
-1.2300000e+034
-1.2300000e+034
-1.2300000e+034
-1.2300000e+034
-1.2300000e+034
-1.2300000e+034
-1.2300000e+034
-1.2300000e+034
-1.2300000e+034
-1.2300000e+034
-1.2300000e+034
-1.2300000e+034
-1.2300000e+034
-1.2300000e+034
-1.2300000e+034
-1.2300000e+034
-1.2300000e+034
-1.2300000e+034
-1.2300000e+034
-1.2300000e+034
-1.2300000e+034
-1.2300000e+034
-1.2300000e+034
-1.2300000e+034
-1.2300000e+034
-1.2300000e+034
-1.2300000e+034
-1.2300000e+034
-1.2300000e+034
-1.2300000e+034
-1.2300000e+034
-1.2300000e+034
-1.2300000e+034
-1.2300000e+034
-1.2300000e+034
-1.2300000e+034
-1.2300000e+034
-1.2300000e+034
-1.2300000e+034
-1.2300000e+034
-1.2300000e+034
-1.2300000e+034
-1.2300000e+034
-1.2300000e+034
-1.2300000e+034
-1.2300000e+034
-1.2300000e+034
-1.2300000e+034
-1.2300000e+034
-1.2300000e+034
-1.2300000e+034
-1.2300000e+034
 8.2562059e-001
 8.0609828e-001
 7.5726563e-001
 7.7146780e-001
 7.6851803e-001
 7.5968468e-001
 7.5181729e-001
 7.4521732e-001
 7.4000210e-001
 7.3643249e-001
 7.3529106e-001
 7.3526424e-001
 7.3618895e-001
 7.3707098e-001
 7.3826575e-001
 7.4035591e-001
 7.4384159e-001
 7.4750078e-001
 7.5125629e-001
 7.5434315e-001
 7.5707561e-001
 7.6003277e-001
 7.6393521e-001
 7.6802486e-001
 7.7216375e-001
 7.7586836e-001
 7.7851921e-001
 7.8122890e-001
 7.8397495e-001
 7.8641987e-001
 7.8690201e-001
 7.9232210e-001
 7.9572612e-001
 7.9722983e-001
 7.9836017e-001
 8.0026466e-001
 8.0275154e-001
 8.0525595e-001
 8.0755490e-001
 8.0983949e-001
 8.1094569e-001
 8.1136215e-001
 8.1196821e-001
 8.1287247e-001
 8.1425661e-001
 8.1616497e-001
 8.1794953e-001
 8.1920391e-001
 8.1960839e-001
 8.1991053e-001
 8.1840348e-001
 8.1890279e-001
 8.1780690e-001
 8.1764364e-001
 8.1810856e-001
 8.1890517e-001
 8.1974953e-001
 8.2090580e-001
 8.2156974e-001
 8.2128042e-001
 8.2042533e-001
 8.1971663e-001
 8.1888992e-001
 8.1833297e-001
 8.1866002e-001
 8.2010913e-001
 8.2119232e-001
 8.2121533e-001
 8.1920904e-001
 8.1178379e-001
 7.7509916e-001
 6.3122582e-001
 6.7193663e-001
 7.7854508e-001
 8.0057162e-001
 8.0648619e-001
 8.0377173e-001
 7.9104501e-001
 7.8214020e-001
 7.8686529e-001
 7.9462975e-001
 7.9847735e-001
 8.0067128e-001
 7.9720581e-001
 7.9517978e-001
 7.9969746e-001
 8.0646217e-001
 8.0853903e-001
 8.0736196e-001
 7.9657978e-001
 8.0154246e-001
 8.0765975e-001
 8.0560690e-001
 7.9787123e-001
 7.9294038e-001
 7.8754508e-001
 7.8174555e-001
 7.8021842e-001
 7.7997321e-001
 7.7786762e-001
 7.7342910e-001
 7.7189422e-001
 7.7170515e-001
 7.6808220e-001
 7.6306504e-001
 7.5403678e-001
 7.5183690e-001
 7.5383174e-001
 7.4790591e-001
 7.3282927e-001
 7.1639442e-001
 7.1052158e-001
 6.9780999e-001
 6.7025852e-001
 6.5201145e-001
