s07_AV97 Record=3779: Chlorite.67+Calcit.33 GDS316 ASDFRa AREF
 8.9933641e-002
 9.0839922e-002
 9.1975741e-002
 9.4001509e-002
 9.5311120e-002
 9.8679446e-002
 1.0322866e-001
 1.0758802e-001
 1.1067177e-001
 1.1280862e-001
 1.1682876e-001
 1.2265878e-001
 1.2795426e-001
 1.3014668e-001
 1.3412902e-001
 1.3678008e-001
 1.3737607e-001
 1.3710698e-001
 1.3718125e-001
 1.3666941e-001
 1.3534425e-001
 1.3293350e-001
 1.2985849e-001
 1.2672816e-001
 1.2347949e-001
 1.2045390e-001
 1.1717432e-001
 1.1389677e-001
 1.1089922e-001
 1.0816423e-001
 1.0566285e-001
 1.0339047e-001
 1.0606401e-001
 1.0376423e-001
 1.0203682e-001
 1.0039840e-001
 9.9330060e-002
 9.8632663e-002
 9.8591872e-002
 9.8920278e-002
 9.9503860e-002
 1.0060433e-001
 1.0198777e-001
 1.0361918e-001
 1.0510562e-001
 1.0658634e-001
 1.0778674e-001
 1.0835723e-001
 1.0845056e-001
 1.0811780e-001
 1.0729261e-001
 1.0619304e-001
 1.0521609e-001
 1.0421523e-001
 1.0344722e-001
 1.0290114e-001
 1.0263387e-001
 1.0263535e-001
 1.0300905e-001
 1.0367212e-001
 1.0473344e-001
 1.0604649e-001
 1.0738745e-001
 1.0889418e-001
 1.1045069e-001
 1.1190502e-001
 1.1323623e-001
 1.1446539e-001
 1.1497287e-001
 1.1448738e-001
 1.1495118e-001
 1.1545861e-001
 1.1583962e-001
 1.1607300e-001
 1.1629027e-001
 1.1669226e-001
 1.1716938e-001
 1.1775061e-001
 1.1858627e-001
 1.1936732e-001
 1.2032947e-001
 1.2147100e-001
 1.2285967e-001
 1.2434304e-001
 1.2585515e-001
 1.2787648e-001
 1.2982468e-001
 1.3210674e-001
 1.3443714e-001
 1.3665241e-001
 1.3923904e-001
 1.4224026e-001
 1.4499189e-001
 1.4812587e-001
 1.5117413e-001
 1.5457442e-001
 1.4944179e-001
 1.5284865e-001
 1.5618686e-001
 1.5946496e-001
 1.6287093e-001
 1.6635528e-001
 1.6985592e-001
 1.7358829e-001
 1.7715022e-001
 1.8080109e-001
 1.8441068e-001
 1.8817024e-001
 1.9184922e-001
 1.9417205e-001
 1.9195469e-001
 1.9082823e-001
 1.9736797e-001
 2.0579669e-001
 2.0985059e-001
 2.1260682e-001
 2.1583652e-001
 2.1982175e-001
 2.2414359e-001
 2.2819911e-001
 2.3170766e-001
 2.3494287e-001
 2.3792902e-001
 2.4119465e-001
 2.4440978e-001
 2.4789947e-001
 2.5156471e-001
 2.5565910e-001
 2.5959209e-001
 2.6381353e-001
 2.6813942e-001
 2.7248415e-001
 2.7660844e-001
 2.8086510e-001
 2.8538409e-001
 2.8976685e-001
 2.9415447e-001
 2.9823509e-001
 3.0229911e-001
 3.0600569e-001
 3.1028149e-001
 3.1424955e-001
 3.1806031e-001
 3.2201383e-001
 3.2602713e-001
 3.2987788e-001
 3.3337435e-001
 3.3677652e-001
 3.4020883e-001
 3.4246510e-001
 3.4594825e-001
 3.4972122e-001
 3.5297614e-001
 3.5585463e-001
 3.5812536e-001
 3.6105743e-001
 3.6263835e-001
 3.6416888e-001
 3.6509895e-001
 3.6715874e-001
 3.6608422e-001
 3.6936721e-001
 3.7281975e-001
 3.7636730e-001
 3.7956589e-001
 3.8223132e-001
 3.8281032e-001
 3.8232076e-001
 3.8272005e-001
 3.8375062e-001
 3.8254356e-001
 3.8066196e-001
 3.8132378e-001
 3.8519713e-001
 3.9203602e-001
 4.0093467e-001
 4.0913552e-001
 4.1588721e-001
 4.2159492e-001
 4.2563546e-001
 4.2974660e-001
 4.3321487e-001
 4.3523940e-001
 4.3615398e-001
 4.3649361e-001
 4.3775001e-001
 4.3914083e-001
 4.3976712e-001
 4.4027629e-001
 4.4096953e-001
 4.4058114e-001
 4.3805981e-001
 4.3421063e-001
 4.2985228e-001
 4.2249876e-001
 4.0741038e-001
 3.7642917e-001
 3.4177506e-001
 3.3020768e-001
 3.4179640e-001
 3.4932590e-001
 3.4555742e-001
 3.3451277e-001
 3.2503423e-001
 3.1779101e-001
 3.0774397e-001
 2.9538649e-001
 2.9285869e-001
 3.0452973e-001
 3.2491601e-001
 3.4624410e-001
 3.6051875e-001
 3.6673287e-001
 3.7048629e-001
 3.7378162e-001
 3.7431306e-001
 3.7261534e-001
 3.6746773e-001
 3.6010092e-001
 3.4970373e-001
 3.3817241e-001
 3.2922268e-001
 3.2579002e-001
-1.2300000e+034
