s07_AV97 Record=1209: Forsterite_REE AZ-01 ASU     ASDFRa AREF
 4.6022403e-001
 4.8152924e-001
 5.0099897e-001
 5.1848906e-001
 5.4220307e-001
 5.5690366e-001
 5.6350392e-001
 5.7093108e-001
 5.7303894e-001
 5.8234608e-001
 5.9687400e-001
 6.1465228e-001
 6.2253445e-001
 6.3639110e-001
 6.6183263e-001
 6.7448068e-001
 6.8483675e-001
 6.9881028e-001
 7.1232229e-001
 7.1981364e-001
 7.1942526e-001
 7.1527380e-001
 7.0942020e-001
 7.0228738e-001
 6.9339657e-001
 6.8257010e-001
 6.7236090e-001
 6.6704941e-001
 6.6802967e-001
 6.7081207e-001
 6.7182940e-001
 6.6978788e-001
 6.7195910e-001
 6.7042994e-001
 6.6525960e-001
 6.5579242e-001
 6.4502335e-001
 6.3261837e-001
 6.1915529e-001
 6.0454088e-001
 5.8875722e-001
 5.7215804e-001
 5.5542564e-001
 5.3907710e-001
 5.2347457e-001
 5.0904441e-001
 4.9604928e-001
 4.8468864e-001
 4.7436148e-001
 4.6546483e-001
 4.5757136e-001
 4.5071563e-001
 4.4471619e-001
 4.3918568e-001
 4.3370011e-001
 4.2824602e-001
 4.2225873e-001
 4.1549447e-001
 4.0775102e-001
 3.9901641e-001
 3.8929597e-001
 3.7897274e-001
 3.6820021e-001
 3.5743678e-001
 3.4693405e-001
 3.3691981e-001
 3.2805321e-001
 3.2014677e-001
 3.1318393e-001
 3.0689469e-001
 3.0194882e-001
 2.9908678e-001
 2.9735860e-001
 2.9700047e-001
 2.9810691e-001
 3.0095613e-001
 3.0478477e-001
 3.1009769e-001
 3.1580901e-001
 3.2154372e-001
 3.2792220e-001
 3.3332691e-001
 3.3876333e-001
 3.4384730e-001
 3.4780020e-001
 3.5184518e-001
 3.5508296e-001
 3.5817829e-001
 3.6137497e-001
 3.6436498e-001
 3.6741677e-001
 3.7055385e-001
 3.7364885e-001
 3.7733084e-001
 3.8083079e-001
 3.8510868e-001
 3.7887561e-001
 3.8299173e-001
 3.8733858e-001
 3.9213160e-001
 3.9772519e-001
 4.0367207e-001
 4.1000223e-001
 4.1716212e-001
 4.2477906e-001
 4.3260387e-001
 4.4126728e-001
 4.5047081e-001
 4.6013671e-001
 4.7030291e-001
 4.8072433e-001
 4.9148405e-001
 5.0234890e-001
 5.1331651e-001
 5.2510363e-001
 5.3734595e-001
 5.4782957e-001
 5.5967289e-001
 5.7176226e-001
 5.8366841e-001
 5.9575862e-001
 6.0759997e-001
 6.1964977e-001
 6.3151366e-001
 6.4300346e-001
 6.5448439e-001
 6.6558462e-001
 6.7632419e-001
 6.8677026e-001
 6.9677448e-001
 7.0699465e-001
 7.1604055e-001
 7.2448260e-001
 7.3263711e-001
 7.4051899e-001
 7.4825913e-001
 7.5505418e-001
 7.6202446e-001
 7.6813024e-001
 7.7315813e-001
 7.7851349e-001
 7.8347796e-001
 7.8823888e-001
 7.9247534e-001
 7.9639441e-001
 7.9868144e-001
 8.0150169e-001
 8.0432045e-001
 8.0747086e-001
 8.0986917e-001
 8.1197125e-001
 8.1342012e-001
 8.1618774e-001
 8.1745130e-001
 8.1903881e-001
 8.2114840e-001
 8.2250631e-001
 8.2382560e-001
 8.2546949e-001
 8.2503432e-001
 8.2539904e-001
 8.2478714e-001
 8.2505256e-001
 8.2505929e-001
 8.2510710e-001
 8.2549256e-001
 8.2603830e-001
 8.2671791e-001
 8.2715297e-001
 8.2760757e-001
 8.2844746e-001
 8.2933336e-001
 8.3060247e-001
 8.3147043e-001
 8.3261323e-001
 8.3501035e-001
 8.3703899e-001
 8.3883381e-001
 8.4030366e-001
 8.4162879e-001
 8.4272164e-001
 8.4370428e-001
 8.4470791e-001
 8.4556615e-001
 8.4558672e-001
 8.4677964e-001
 8.4627074e-001
 8.4570861e-001
 8.4595233e-001
 8.4566039e-001
 8.4379989e-001
 8.4295464e-001
 8.4196609e-001
 8.4202909e-001
 8.4039819e-001
 8.4031385e-001
 8.4021229e-001
 8.4059221e-001
 8.4172314e-001
 8.4073675e-001
 8.4025717e-001
 8.4039778e-001
 8.4094644e-001
 8.4190136e-001
 8.4011275e-001
 8.4071749e-001
 8.4175092e-001
 8.4253079e-001
 8.4306657e-001
 8.4250045e-001
 8.4120941e-001
 8.4067333e-001
 8.4059936e-001
 8.3838499e-001
 8.3841932e-001
 8.3809131e-001
 8.3682752e-001
 8.3498865e-001
 8.3364433e-001
 8.3301777e-001
 8.3244765e-001
 8.3373165e-001
 8.3392167e-001
-1.2300000e+034
