s07_AV97 Record=1944: Lizardite NMNHR4687.c  70um   BECKa AREF
 2.8388321e-001
 3.0305478e-001
 3.1973383e-001
 3.4236896e-001
 3.4657946e-001
 3.4537706e-001
 3.4708244e-001
 3.4807760e-001
 3.5836455e-001
 3.6481565e-001
 3.9666453e-001
 4.4089648e-001
 4.6756178e-001
 4.9014229e-001
 5.1188499e-001
 5.3699511e-001
 5.5771244e-001
 5.7681876e-001
 5.9093565e-001
 6.0278821e-001
 6.1271012e-001
 6.2351167e-001
 6.3515574e-001
 6.4553285e-001
 6.4997965e-001
 6.5807390e-001
 6.6157120e-001
 6.6354859e-001
 6.6393679e-001
 6.6696483e-001
 6.7110324e-001
 6.7335248e-001
 6.7078185e-001
 6.7395699e-001
 6.7259854e-001
 6.8411827e-001
 6.8916243e-001
 6.9023049e-001
 6.9317621e-001
 6.9182283e-001
 6.9339460e-001
 6.9481504e-001
 6.9822723e-001
 6.9888765e-001
 7.0550412e-001
 7.0747894e-001
 7.1037871e-001
 7.0928687e-001
 7.0876622e-001
 7.1085894e-001
 7.0542473e-001
 7.0989841e-001
 7.2058064e-001
 7.2490120e-001
 7.1164560e-001
 7.0572966e-001
 7.2299904e-001
 7.0820051e-001
 7.1272731e-001
 7.0916957e-001
 7.0693755e-001
 7.0790070e-001
 7.0017141e-001
 6.9926929e-001
 7.0188922e-001
 7.0554709e-001
 7.0641559e-001
 6.9705623e-001
 7.0335901e-001
 7.0561081e-001
 7.0047748e-001
 7.0059621e-001
 6.9751745e-001
 6.9957685e-001
 6.9866472e-001
 6.9497395e-001
 6.9239509e-001
 6.9506836e-001
 6.9361997e-001
 6.9415540e-001
 6.9173032e-001
 6.9529307e-001
 6.9620252e-001
 6.9408697e-001
 6.9438493e-001
 6.9566476e-001
 6.9876200e-001
 6.9715619e-001
 7.0423442e-001
 7.0251036e-001
 7.0900702e-001
 7.1116281e-001
 7.1221006e-001
 7.1492296e-001
 7.1103728e-001
 7.1283698e-001
 7.1135879e-001
 7.1220809e-001
 7.1452904e-001
 7.1276456e-001
 7.1889919e-001
 7.2268695e-001
 7.2690111e-001
 7.2919905e-001
 7.3233110e-001
 7.2859538e-001
 7.1141887e-001
 7.0924735e-001
 6.7994291e-001
 5.8080667e-001
 5.5958772e-001
 6.2684292e-001
 6.9829482e-001
 7.0085132e-001
 7.1169573e-001
 7.2408897e-001
 7.2952443e-001
 7.3315156e-001
 7.3883474e-001
 7.4600124e-001
 7.4845892e-001
 7.5567389e-001
 7.5506783e-001
 7.5530404e-001
 7.5884736e-001
 7.6183468e-001
 7.6083833e-001
 7.6391381e-001
 7.6780987e-001
 7.7128404e-001
 7.7293372e-001
 7.7337378e-001
 7.7370512e-001
 7.7730644e-001
 7.7778059e-001
 7.8047657e-001
 7.8040183e-001
 7.7615368e-001
 7.7242237e-001
 7.7653855e-001
 7.7265000e-001
 7.7565753e-001
 7.7471691e-001
 7.7393830e-001
 7.7121043e-001
 7.6838684e-001
 7.6451564e-001
 7.6730639e-001
 7.6034385e-001
 7.6666045e-001
 7.6604992e-001
 7.6160759e-001
 7.5777155e-001
 7.5522697e-001
 7.5832009e-001
 7.5383782e-001
 7.4858522e-001
 7.3803478e-001
 7.3077017e-001
 7.1166205e-001
 7.2030205e-001
 6.8794042e-001
 6.5559626e-001
 6.3387382e-001
 6.2062085e-001
 6.1486644e-001
 6.1990052e-001
 6.2312192e-001
 6.0600638e-001
 5.9669405e-001
 5.9920865e-001
 6.0312617e-001
 6.1179298e-001
 6.2548256e-001
 6.3019419e-001
 6.3683879e-001
 6.4553517e-001
 6.6805184e-001
 6.8254894e-001
 6.8306291e-001
 6.7049092e-001
 6.5160656e-001
 6.3927388e-001
 6.3118786e-001
 6.2692386e-001
 6.2302512e-001
 6.2940651e-001
 6.4847857e-001
 6.6213620e-001
 6.6238934e-001
 6.7472804e-001
 6.8577695e-001
 6.7284697e-001
 6.6374922e-001
 6.4740175e-001
 6.0628611e-001
 5.4426152e-001
 5.0556290e-001
 4.8627687e-001
 4.3518639e-001
 3.9638644e-001
 3.7024015e-001
 3.3337823e-001
 3.0088106e-001
 2.6401001e-001
 2.5735104e-001
 2.9795414e-001
 3.7385431e-001
 4.1812447e-001
 3.9760363e-001
 3.7073311e-001
 3.7579373e-001
 3.6170018e-001
 3.5610262e-001
 3.5893697e-001
 3.5469848e-001
 3.4941685e-001
 3.5305670e-001
 3.5973766e-001
 3.5926896e-001
 3.4309322e-001
 3.1911239e-001
 2.9834843e-001
 2.8873509e-001
