s07_AV97 Record=3836: Dickite+others CU91-219B      NIC4a AREF
-1.2300000e+034
-1.2300000e+034
-1.2300000e+034
-1.2300000e+034
-1.2300000e+034
-1.2300000e+034
-1.2300000e+034
-1.2300000e+034
-1.2300000e+034
-1.2300000e+034
-1.2300000e+034
-1.2300000e+034
-1.2300000e+034
-1.2300000e+034
-1.2300000e+034
-1.2300000e+034
-1.2300000e+034
-1.2300000e+034
-1.2300000e+034
-1.2300000e+034
-1.2300000e+034
-1.2300000e+034
-1.2300000e+034
-1.2300000e+034
-1.2300000e+034
-1.2300000e+034
-1.2300000e+034
-1.2300000e+034
-1.2300000e+034
-1.2300000e+034
-1.2300000e+034
-1.2300000e+034
-1.2300000e+034
-1.2300000e+034
-1.2300000e+034
-1.2300000e+034
-1.2300000e+034
-1.2300000e+034
-1.2300000e+034
-1.2300000e+034
-1.2300000e+034
-1.2300000e+034
-1.2300000e+034
-1.2300000e+034
-1.2300000e+034
-1.2300000e+034
-1.2300000e+034
-1.2300000e+034
-1.2300000e+034
-1.2300000e+034
-1.2300000e+034
-1.2300000e+034
-1.2300000e+034
-1.2300000e+034
-1.2300000e+034
-1.2300000e+034
-1.2300000e+034
-1.2300000e+034
-1.2300000e+034
-1.2300000e+034
-1.2300000e+034
-1.2300000e+034
-1.2300000e+034
-1.2300000e+034
-1.2300000e+034
-1.2300000e+034
-1.2300000e+034
-1.2300000e+034
-1.2300000e+034
-1.2300000e+034
-1.2300000e+034
-1.2300000e+034
-1.2300000e+034
-1.2300000e+034
-1.2300000e+034
-1.2300000e+034
-1.2300000e+034
-1.2300000e+034
-1.2300000e+034
-1.2300000e+034
-1.2300000e+034
-1.2300000e+034
-1.2300000e+034
-1.2300000e+034
-1.2300000e+034
-1.2300000e+034
-1.2300000e+034
-1.2300000e+034
-1.2300000e+034
-1.2300000e+034
-1.2300000e+034
-1.2300000e+034
-1.2300000e+034
-1.2300000e+034
-1.2300000e+034
-1.2300000e+034
-1.2300000e+034
-1.2300000e+034
-1.2300000e+034
-1.2300000e+034
-1.2300000e+034
-1.2300000e+034
-1.2300000e+034
-1.2300000e+034
-1.2300000e+034
-1.2300000e+034
 4.5256993e-001
 4.4118300e-001
 4.0466169e-001
 3.5034430e-001
 3.8827801e-001
 3.8517871e-001
 2.9976055e-001
 3.7570217e-001
 4.3416673e-001
 4.4311184e-001
 4.4494224e-001
 4.4514140e-001
 4.4394746e-001
 4.4315395e-001
 4.4343165e-001
 4.4498402e-001
 4.4669333e-001
 4.4921106e-001
 4.5132452e-001
 4.5306584e-001
 4.5469341e-001
 4.5650467e-001
 4.5867234e-001
 4.6101803e-001
 4.6354637e-001
 4.6561813e-001
 4.6713075e-001
 4.6846029e-001
 4.6999675e-001
 4.7174856e-001
 4.7357422e-001
 4.7537860e-001
 4.7687629e-001
 4.7771493e-001
 4.7832546e-001
 4.7883677e-001
 4.7933912e-001
 4.7984415e-001
 4.7976375e-001
 4.7937661e-001
 4.7903723e-001
 4.7817749e-001
 4.7609252e-001
 4.7308144e-001
 4.6962979e-001
 4.6918410e-001
 4.7066534e-001
 4.7079369e-001
 4.7150621e-001
 4.7322920e-001
 4.7856319e-001
 4.7938728e-001
 4.7650650e-001
 4.7056144e-001
 4.7277117e-001
 4.6434674e-001
 4.5209518e-001
 4.4190544e-001
 4.3906152e-001
 4.3972254e-001
 4.4017309e-001
 4.4111577e-001
 4.4270799e-001
 4.4473925e-001
 4.4643214e-001
 4.4745412e-001
 4.4794300e-001
 4.4856128e-001
 4.4810110e-001
 4.4621158e-001
 4.4328710e-001
 4.3866646e-001
 4.3253905e-001
 4.2784402e-001
 4.2115352e-001
 4.1344482e-001
 4.0870211e-001
 3.9517483e-001
 3.9124089e-001
 3.8269052e-001
 3.5643804e-001
 3.2759279e-001
 2.9988134e-001
 2.6551455e-001
 2.3475708e-001
 2.5497907e-001
 2.4398321e-001
 2.3228861e-001
 3.0115667e-001
 3.4542710e-001
 3.5722572e-001
 3.4799615e-001
 3.3858556e-001
 3.3929628e-001
 3.3228979e-001
 3.1581944e-001
 2.9756853e-001
 2.8773412e-001
 2.8630504e-001
 2.8498527e-001
 2.7951807e-001
 2.6261744e-001
 2.5634858e-001
 2.5408998e-001
 2.3497756e-001
 2.2984222e-001
 2.4198952e-001
 2.5026268e-001
 2.4868302e-001
 2.4143358e-001
 2.2910462e-001
 2.2394161e-001
 2.2242543e-001
 2.1787727e-001
 2.0874651e-001
 1.9800316e-001
 1.9442639e-001
 1.8555248e-001
