s07_AV97 Record=157: Almandine HS114.4B Garnet    ASDFRb AREF
 1.1879741e-001
 1.3174926e-001
 1.4264357e-001
 1.4690638e-001
 1.4801703e-001
 1.4703439e-001
 1.4562133e-001
 1.4953677e-001
 1.5331495e-001
 1.5314624e-001
 1.5399309e-001
 1.5523952e-001
 1.5373607e-001
 1.4933887e-001
 1.5024708e-001
 1.5896757e-001
 1.6700304e-001
 1.8099204e-001
 1.9493209e-001
 2.0127226e-001
 2.0153792e-001
 2.0963293e-001
 2.3380841e-001
 2.5728470e-001
 2.7536225e-001
 2.9096180e-001
 3.1439677e-001
 3.4362844e-001
 3.6841413e-001
 3.8177988e-001
 3.8452527e-001
 3.8238436e-001
 3.8465598e-001
 3.8291791e-001
 3.8078666e-001
 3.8237581e-001
 3.8961872e-001
 4.0364972e-001
 4.2414224e-001
 4.4980624e-001
 4.7886989e-001
 5.0881511e-001
 5.3763461e-001
 5.6353027e-001
 5.8523756e-001
 6.0280460e-001
 6.1576337e-001
 6.2502724e-001
 6.3127011e-001
 6.3533074e-001
 6.3767368e-001
 6.3886034e-001
 6.3899308e-001
 6.3829261e-001
 6.3692570e-001
 6.3464969e-001
 6.3099039e-001
 6.2588865e-001
 6.1895138e-001
 6.0987306e-001
 5.9836662e-001
 5.8443373e-001
 5.6777060e-001
 5.4883128e-001
 5.2779788e-001
 5.0505137e-001
 4.8100212e-001
 4.5622578e-001
 4.3278393e-001
 4.0366098e-001
 3.7555528e-001
 3.5068771e-001
 3.2403198e-001
 3.0159548e-001
 2.7814525e-001
 2.5684500e-001
 2.3912349e-001
 2.2110197e-001
 2.0512551e-001
 1.9172974e-001
 1.7829157e-001
 1.6756585e-001
 1.5729278e-001
 1.4815310e-001
 1.4090273e-001
 1.3394204e-001
 1.2847370e-001
 1.2306796e-001
 1.1822415e-001
 1.1475796e-001
 1.1131858e-001
 1.0859945e-001
 1.0648744e-001
 1.0456698e-001
 1.0319042e-001
 1.0207281e-001
 1.0393234e-001
 1.0261011e-001
 1.0174433e-001
 1.0139333e-001
 1.0143144e-001
 1.0169089e-001
 1.0239689e-001
 1.0339525e-001
 1.0485218e-001
 1.0648663e-001
 1.0849802e-001
 1.1091641e-001
 1.1353856e-001
 1.1654570e-001
 1.1939287e-001
 1.2252665e-001
 1.2584230e-001
 1.2889402e-001
 1.3189428e-001
 1.3458520e-001
 1.3667637e-001
 1.3856418e-001
 1.3995671e-001
 1.4096820e-001
 1.4163280e-001
 1.4176299e-001
 1.4136407e-001
 1.4073201e-001
 1.3977109e-001
 1.3874820e-001
 1.3746649e-001
 1.3613127e-001
 1.3469228e-001
 1.3333753e-001
 1.3214888e-001
 1.3102007e-001
 1.3013554e-001
 1.2928760e-001
 1.2872805e-001
 1.2823153e-001
 1.2797530e-001
 1.2787582e-001
 1.2776633e-001
 1.2769614e-001
 1.2790553e-001
 1.2826261e-001
 1.2885755e-001
 1.2965804e-001
 1.3051198e-001
 1.3179109e-001
 1.3321388e-001
 1.3450086e-001
 1.3626200e-001
 1.3785884e-001
 1.3954255e-001
 1.4138128e-001
 1.4308590e-001
 1.4448047e-001
 1.4575739e-001
 1.4731753e-001
 1.4900763e-001
 1.5051040e-001
 1.5180582e-001
 1.5330541e-001
 1.5273041e-001
 1.5390994e-001
 1.5488632e-001
 1.5580490e-001
 1.5646489e-001
 1.5721726e-001
 1.5761918e-001
 1.5805024e-001
 1.5802972e-001
 1.5803084e-001
 1.5775086e-001
 1.5762098e-001
 1.5704499e-001
 1.5675704e-001
 1.5605853e-001
 1.5558606e-001
 1.5507230e-001
 1.5456364e-001
 1.5362737e-001
 1.5278868e-001
 1.5195918e-001
 1.5102768e-001
 1.5017422e-001
 1.4910342e-001
 1.4823942e-001
 1.4715323e-001
 1.4603198e-001
 1.4517935e-001
 1.4385642e-001
 1.4275147e-001
 1.4177747e-001
 1.4094049e-001
 1.4020520e-001
 1.3957311e-001
 1.3893218e-001
 1.3813679e-001
 1.3763741e-001
 1.3707891e-001
 1.3687365e-001
 1.3664751e-001
 1.3668649e-001
 1.3662750e-001
 1.3664316e-001
 1.3647619e-001
 1.3693325e-001
 1.3735799e-001
 1.3791829e-001
 1.3820025e-001
 1.3910040e-001
 1.3989839e-001
 1.4056098e-001
 1.4150938e-001
 1.4298490e-001
 1.4423475e-001
 1.4580432e-001
 1.4686185e-001
 1.4845647e-001
 1.5003073e-001
 1.5162952e-001
 1.5355213e-001
 1.5471512e-001
 1.5749247e-001
 1.6090149e-001
-1.2300000e+034
