s07_AV97 Record=803: Chlorite SMR-13.b 60-104um    BECKa AREF
 1.4398642e-001
 1.4786090e-001
 1.5220964e-001
 1.5573508e-001
 1.5863420e-001
 1.6813314e-001
 1.7781611e-001
 1.8469124e-001
 1.9112951e-001
 1.9592257e-001
 2.0541517e-001
 2.1721910e-001
 2.2517695e-001
 2.2790678e-001
 2.3732112e-001
 2.4121559e-001
 2.4179100e-001
 2.4174899e-001
 2.4364965e-001
 2.4449237e-001
 2.4487311e-001
 2.4317732e-001
 2.4035460e-001
 2.3752154e-001
 2.3246607e-001
 2.2584665e-001
 2.1956278e-001
 2.1308418e-001
 2.0776138e-001
 2.0494251e-001
 1.9883631e-001
 1.9236332e-001
 2.0001645e-001
 1.9336314e-001
 1.8947764e-001
 1.8778296e-001
 1.8606277e-001
 1.8560383e-001
 1.8767096e-001
 1.8984984e-001
 1.9293785e-001
 1.9786260e-001
 2.0247877e-001
 2.0794906e-001
 2.1462932e-001
 2.1878177e-001
 2.2293280e-001
 2.2383741e-001
 2.2193226e-001
 2.2097413e-001
 2.1747419e-001
 2.1690734e-001
 2.1214899e-001
 2.0553689e-001
 2.0169048e-001
 2.0508693e-001
 2.1036525e-001
 2.0851418e-001
 2.0206590e-001
 2.1357994e-001
 2.1123472e-001
 2.0976812e-001
 2.1915326e-001
 2.1853584e-001
 2.2513579e-001
 2.2561659e-001
 2.2763686e-001
 2.2678825e-001
 2.2643974e-001
 2.2526933e-001
 2.2275791e-001
 2.2908038e-001
 2.3154235e-001
 2.2613211e-001
 2.2666647e-001
 2.2914787e-001
 2.3023234e-001
 2.2999117e-001
 2.3262307e-001
 2.3618750e-001
 2.3684050e-001
 2.3973291e-001
 2.4745123e-001
 2.4699348e-001
 2.5093198e-001
 2.5661010e-001
 2.6168436e-001
 2.6574600e-001
 2.7219045e-001
 2.7916494e-001
 2.8340358e-001
 2.9148576e-001
 2.9587322e-001
 3.0362836e-001
 3.0981714e-001
 3.1472817e-001
 3.0729431e-001
 3.1224766e-001
 3.1819063e-001
 3.2724297e-001
 3.3443642e-001
 3.3899388e-001
 3.4831524e-001
 3.5684139e-001
 3.6501136e-001
 3.7215924e-001
 3.7842548e-001
 3.8504812e-001
 3.8215908e-001
 3.4632942e-001
 3.6115682e-001
 3.7705779e-001
 3.8775736e-001
 3.9770135e-001
 3.9947763e-001
 4.1005281e-001
 4.1536704e-001
 4.2851901e-001
 4.3737903e-001
 4.4697496e-001
 4.5304593e-001
 4.6287358e-001
 4.6059921e-001
 4.6968377e-001
 4.7636560e-001
 4.8345828e-001
 4.8880702e-001
 4.9477163e-001
 5.0547010e-001
 5.1565468e-001
 5.3153056e-001
 5.3235972e-001
 5.4090774e-001
 5.5409551e-001
 5.6060320e-001
 5.7292485e-001
 5.7470584e-001
 5.8414578e-001
 5.9180582e-001
 5.9441870e-001
 6.0586876e-001
 6.0732949e-001
 6.1913615e-001
 6.2499821e-001
 6.3463801e-001
 6.4135987e-001
 6.3869882e-001
 6.4036435e-001
 6.4827198e-001
 6.5303046e-001
 6.5504491e-001
 6.5791696e-001
 6.5600759e-001
 6.6015124e-001
 6.6204500e-001
 6.5388179e-001
 6.4212084e-001
 6.3610286e-001
 6.3206965e-001
 6.2702292e-001
 6.2865114e-001
 6.2166721e-001
 6.0995817e-001
 6.0328579e-001
 6.0327458e-001
 6.0609275e-001
 6.0357434e-001
 5.8980036e-001
 5.9076387e-001
 5.9199244e-001
 5.8080786e-001
 5.7961971e-001
 5.9231180e-001
 6.0722488e-001
 6.2866372e-001
 6.4876747e-001
 6.7350745e-001
 6.7989337e-001
 6.8889177e-001
 7.0104277e-001
 7.0370454e-001
 7.1094483e-001
 7.0871073e-001
 7.0113385e-001
 6.9899154e-001
 7.0528233e-001
 7.0724297e-001
 7.0288742e-001
 6.9765443e-001
 6.8998730e-001
 6.7615801e-001
 6.6148621e-001
 6.4818960e-001
 6.2125158e-001
 5.9312952e-001
 5.4028279e-001
 4.6708491e-001
 4.3539226e-001
 4.4903883e-001
 4.4109297e-001
 4.2572421e-001
 3.9252281e-001
 3.5694537e-001
 3.4041676e-001
 3.3266708e-001
 3.1661683e-001
 3.2578352e-001
 3.4342593e-001
 3.6664626e-001
 3.9852795e-001
 4.1255039e-001
 4.1530180e-001
 4.2383859e-001
 4.3252242e-001
 4.3526459e-001
 4.2901075e-001
 4.1694397e-001
 4.0364870e-001
 3.9259300e-001
 3.8247362e-001
 3.7540680e-001
 3.7083045e-001
 3.6790842e-001
 3.6590406e-001
