s07_AV97 Record=1373: Grossular WS485 Garnet        BECKb AREF
 6.3003582e-001
 6.4779866e-001
 6.6529006e-001
 6.8004102e-001
 6.9092160e-001
 6.9943655e-001
 7.0777726e-001
 7.1750134e-001
 7.2336543e-001
 7.3120970e-001
 7.4103576e-001
 7.4911296e-001
 7.5659746e-001
 7.6231623e-001
 7.6895386e-001
 7.7694368e-001
 7.7952963e-001
 7.8629947e-001
 7.9115218e-001
 7.9841763e-001
 8.0497354e-001
 8.1114441e-001
 8.1491154e-001
 8.2298738e-001
 8.2548714e-001
 8.2950300e-001
 8.3024299e-001
 8.3327234e-001
 8.3444309e-001
 8.3483309e-001
 8.3747578e-001
 8.3911681e-001
 8.3741838e-001
 8.3883262e-001
 8.3957714e-001
 8.4109521e-001
 8.4286165e-001
 8.4304571e-001
 8.4405220e-001
 8.4967786e-001
 8.4860110e-001
 8.5027927e-001
 8.5423356e-001
 8.5406029e-001
 8.5640794e-001
 8.5815775e-001
 8.5937291e-001
 8.5754222e-001
 8.6268467e-001
 8.5670680e-001
 8.5411167e-001
 8.5730970e-001
 8.5586512e-001
 8.5387892e-001
 8.5565943e-001
 8.5304743e-001
 8.4853196e-001
 8.4701651e-001
 8.4286624e-001
 8.5269302e-001
 8.4226680e-001
 8.4436810e-001
 8.4426755e-001
 8.4377831e-001
 8.4678590e-001
 8.4608400e-001
 8.4527969e-001
 8.4564424e-001
 8.4516132e-001
 8.4504247e-001
 8.4597296e-001
 8.4519345e-001
 8.4280664e-001
 8.4401917e-001
 8.4048170e-001
 8.3758610e-001
 8.3418453e-001
 8.3339614e-001
 8.3077419e-001
 8.3208621e-001
 8.2850182e-001
 8.2853866e-001
 8.2428300e-001
 8.2506317e-001
 8.2326210e-001
 8.2098359e-001
 8.2238841e-001
 8.2061988e-001
 8.2240653e-001
 8.2247937e-001
 8.2389885e-001
 8.2512569e-001
 8.2560039e-001
 8.2871932e-001
 8.2892299e-001
 8.3163625e-001
 8.2865578e-001
 8.2976109e-001
 8.3350182e-001
 8.3388895e-001
 8.3782870e-001
 8.4147620e-001
 8.4466738e-001
 8.4896642e-001
 8.5360557e-001
 8.5565823e-001
 8.5786724e-001
 8.5786134e-001
 8.6020166e-001
 8.3718640e-001
 8.2872289e-001
 8.4024692e-001
 8.4939814e-001
 8.4810305e-001
 8.5741562e-001
 8.6851764e-001
 8.7549210e-001
 8.7852991e-001
 8.7996972e-001
 8.7736017e-001
 8.8228893e-001
 8.8174921e-001
 8.8205343e-001
 8.8447261e-001
 8.8422263e-001
 8.8440257e-001
 8.8388056e-001
 8.8565892e-001
 8.8633603e-001
 8.8409394e-001
 8.8467330e-001
 8.8341177e-001
 8.8425732e-001
 8.8367701e-001
 8.8211042e-001
 8.8294542e-001
 8.7777543e-001
 8.8009912e-001
 8.8029784e-001
 8.7905526e-001
 8.7758309e-001
 8.8296247e-001
 8.7837726e-001
 8.7798667e-001
 8.7391794e-001
 8.7661183e-001
 8.7781572e-001
 8.7465125e-001
 8.7568271e-001
 8.7267494e-001
 8.7595874e-001
 8.7727851e-001
 8.7372047e-001
 8.7309867e-001
 8.7474668e-001
 8.7163705e-001
 8.7517428e-001
 8.7388688e-001
 8.7261999e-001
 8.6819053e-001
 8.7050033e-001
 8.6489320e-001
 8.6034310e-001
 8.5445583e-001
 8.5358268e-001
 8.5148329e-001
 8.5121572e-001
 8.4873635e-001
 8.5184556e-001
 8.5465246e-001
 8.5303241e-001
 8.5521239e-001
 8.5359401e-001
 8.5571903e-001
 8.5558379e-001
 8.6322415e-001
 8.6401397e-001
 8.6587042e-001
 8.6792690e-001
 8.6841881e-001
 8.6781418e-001
 8.7011844e-001
 8.6651361e-001
 8.6342442e-001
 8.6503428e-001
 8.6261445e-001
 8.5777628e-001
 8.4860545e-001
 8.3739275e-001
 8.2303458e-001
 8.1093568e-001
 8.0051178e-001
 7.9246050e-001
 7.8680670e-001
 7.8917098e-001
 7.8971148e-001
 7.7918196e-001
 7.8021622e-001
 7.8691566e-001
 7.9035413e-001
 7.8198445e-001
 7.7508593e-001
 7.7653283e-001
 7.6806694e-001
 7.5882035e-001
 7.4809307e-001
 7.3821986e-001
 7.3014873e-001
 7.1830678e-001
 7.1892166e-001
 7.2471315e-001
 7.2892481e-001
 7.3764616e-001
 7.4225092e-001
 7.4079663e-001
 7.3571050e-001
 7.2874826e-001
 7.2141266e-001
 7.1531171e-001
 7.0976496e-001
 7.0580447e-001
 7.0240760e-001
 6.9828665e-001
 6.9282579e-001
