s07_AV97 Record=311: Amphibole NMNH78662           BECKb AREF
 2.8031000e-001
 2.8756791e-001
 2.9498151e-001
 3.0163753e-001
 3.0817008e-001
 3.2129914e-001
 3.3854637e-001
 3.5162228e-001
 3.5551327e-001
 3.6716542e-001
 3.7846717e-001
 3.9214957e-001
 4.0286738e-001
 4.0939254e-001
 4.1787279e-001
 4.2186904e-001
 4.2195138e-001
 4.2259863e-001
 4.2269778e-001
 4.2160952e-001
 4.1939119e-001
 4.1650447e-001
 4.1275913e-001
 4.0786242e-001
 4.0361926e-001
 3.9950478e-001
 3.9537320e-001
 3.9140114e-001
 3.8806230e-001
 3.8538748e-001
 3.8231459e-001
 3.7959221e-001
 3.8288802e-001
 3.7980774e-001
 3.7924170e-001
 3.7839445e-001
 3.7768614e-001
 3.7818572e-001
 3.7915656e-001
 3.8113281e-001
 3.8355026e-001
 3.8771376e-001
 3.9238828e-001
 3.9758658e-001
 4.0382800e-001
 4.0959638e-001
 4.1395831e-001
 4.1774207e-001
 4.1926357e-001
 4.1994658e-001
 4.1895014e-001
 4.1660029e-001
 4.1326278e-001
 4.1138673e-001
 4.0896249e-001
 4.0504318e-001
 4.0519458e-001
 4.0426400e-001
 4.0184695e-001
 4.0080804e-001
 4.0358722e-001
 4.0322605e-001
 4.0230381e-001
 4.0481520e-001
 4.0769726e-001
 4.0716344e-001
 4.1071174e-001
 4.0874892e-001
 4.0929574e-001
 4.1083694e-001
 4.1336828e-001
 4.1381314e-001
 4.1670063e-001
 4.1986820e-001
 4.2407420e-001
 4.2856577e-001
 4.3284795e-001
 4.3747181e-001
 4.4187841e-001
 4.4518289e-001
 4.5010868e-001
 4.5536998e-001
 4.6039799e-001
 4.6533278e-001
 4.7029912e-001
 4.7738567e-001
 4.8320156e-001
 4.8897445e-001
 4.9531487e-001
 5.0188005e-001
 5.0968325e-001
 5.1598138e-001
 5.2358282e-001
 5.3097939e-001
 5.4080051e-001
 5.4672515e-001
 5.3573763e-001
 5.4357940e-001
 5.5031985e-001
 5.5763245e-001
 5.6490642e-001
 5.7177955e-001
 5.7879269e-001
 5.8652365e-001
 5.9323698e-001
 5.9968817e-001
 6.0375112e-001
 6.0996336e-001
 6.1341536e-001
 6.0715061e-001
 5.5558670e-001
 5.9241748e-001
 6.2867928e-001
 6.4001346e-001
 6.4585531e-001
 6.5082455e-001
 6.5611386e-001
 6.5932578e-001
 6.6191775e-001
 6.6701746e-001
 6.7140043e-001
 6.7618620e-001
 6.7729592e-001
 6.8195057e-001
 6.8461376e-001
 6.8914264e-001
 6.9146079e-001
 6.9451517e-001
 6.9687641e-001
 7.0039183e-001
 7.0238316e-001
 7.0502716e-001
 7.0711476e-001
 7.1011341e-001
 7.1215564e-001
 7.1570808e-001
 7.1866840e-001
 7.1918941e-001
 7.1899611e-001
 7.2168720e-001
 7.2465003e-001
 7.2739476e-001
 7.2993839e-001
 7.3024440e-001
 7.3473400e-001
 7.3420000e-001
 7.3787862e-001
 7.3900962e-001
 7.3972327e-001
 7.4357009e-001
 7.4309224e-001
 7.4202675e-001
 7.4451673e-001
 7.4282503e-001
 7.4293327e-001
 7.4477059e-001
 7.4760336e-001
 7.4651188e-001
 7.4563855e-001
 7.4450064e-001
 7.4516541e-001
 7.4364227e-001
 7.4211466e-001
 7.4043328e-001
 7.4250406e-001
 7.4230266e-001
 7.4252880e-001
 7.4520552e-001
 7.4533874e-001
 7.4713558e-001
 7.4720740e-001
 7.4549514e-001
 7.4588704e-001
 7.4512833e-001
 7.4607641e-001
 7.5053203e-001
 7.4860722e-001
 7.4753898e-001
 7.4473786e-001
 7.4362671e-001
 7.4806142e-001
 7.4624157e-001
 7.3959440e-001
 7.3204547e-001
 7.2557449e-001
 7.2997034e-001
 7.3454553e-001
 7.4096394e-001
 7.3784024e-001
 7.3889512e-001
 7.4078280e-001
 7.3614419e-001
 7.3604620e-001
 7.3614162e-001
 7.3697668e-001
 7.3507297e-001
 7.2536796e-001
 7.1539897e-001
 7.0512956e-001
 6.8586785e-001
 6.5072626e-001
 5.9367394e-001
 5.4670846e-001
 5.3470337e-001
 5.2991241e-001
 5.8644181e-001
 6.6094798e-001
 6.8409163e-001
 6.7859387e-001
 6.6002107e-001
 6.1070371e-001
 5.7666087e-001
 6.0091889e-001
 6.3496035e-001
 6.5696150e-001
 6.6605562e-001
 6.6593939e-001
 6.6135097e-001
 6.5630013e-001
 6.5232021e-001
 6.5201527e-001
 6.5478164e-001
 6.5948772e-001
 6.6499078e-001
