s07_AV97 Record=4193: Sanidine+albite NMNH103200    BECKc AREF
 5.3591853e-001
 5.3196007e-001
 5.5786872e-001
 5.7334083e-001
 5.7890725e-001
 5.8167499e-001
 5.8937240e-001
 5.9775138e-001
 6.0505736e-001
 6.1418462e-001
 6.2024999e-001
 6.2499106e-001
 6.2873322e-001
 6.3379359e-001
 6.3826525e-001
 6.4312381e-001
 6.4843291e-001
 6.5279728e-001
 6.5633631e-001
 6.5877295e-001
 6.6163087e-001
 6.6507727e-001
 6.6819167e-001
 6.6935754e-001
 6.6994745e-001
 6.7151505e-001
 6.7357320e-001
 6.7527753e-001
 6.7679775e-001
 6.7819470e-001
 6.7973882e-001
 6.8043780e-001
 6.7964035e-001
 6.8020493e-001
 6.8184882e-001
 6.8363780e-001
 6.8502033e-001
 6.8600470e-001
 6.8634987e-001
 6.8791676e-001
 6.8858618e-001
 6.8916816e-001
 6.9005877e-001
 6.9007415e-001
 6.9183815e-001
 6.9185030e-001
 6.9216734e-001
 6.9229478e-001
 6.9179916e-001
 6.9061506e-001
 6.8617219e-001
 6.8849796e-001
 6.9192761e-001
 6.9085145e-001
 6.8691605e-001
 6.8460423e-001
 6.8201226e-001
 6.8161225e-001
 6.7957443e-001
 6.7610025e-001
 6.7795730e-001
 6.7233610e-001
 6.7308170e-001
 6.7365330e-001
 6.7378503e-001
 6.7598629e-001
 6.7726898e-001
 6.7861933e-001
 6.8281102e-001
 6.8708414e-001
 6.9122910e-001
 6.9614387e-001
 6.9813871e-001
 7.0227081e-001
 7.0410401e-001
 7.0753098e-001
 7.0795876e-001
 7.0739084e-001
 7.0970279e-001
 7.0942986e-001
 7.0995432e-001
 7.1106255e-001
 7.1174359e-001
 7.1373665e-001
 7.1198946e-001
 7.1271002e-001
 7.1319276e-001
 7.1619749e-001
 7.1562368e-001
 7.1532506e-001
 7.1644568e-001
 7.1541941e-001
 7.1592516e-001
 7.1623915e-001
 7.1715611e-001
 7.1712691e-001
 7.1665764e-001
 7.1741587e-001
 7.1747226e-001
 7.1829665e-001
 7.1788913e-001
 7.1903771e-001
 7.1951777e-001
 7.1872789e-001
 7.2028220e-001
 7.2065127e-001
 7.2046828e-001
 7.2170120e-001
 7.2286761e-001
 7.2194982e-001
 7.2209316e-001
 7.2261488e-001
 7.2624546e-001
 7.2552234e-001
 7.2446787e-001
 7.2622222e-001
 7.2642338e-001
 7.2758526e-001
 7.2865665e-001
 7.2775531e-001
 7.2793996e-001
 7.2921944e-001
 7.3114121e-001
 7.3174119e-001
 7.2993815e-001
 7.3207337e-001
 7.3182845e-001
 7.3429835e-001
 7.3222268e-001
 7.3429531e-001
 7.3426563e-001
 7.3598456e-001
 7.3666924e-001
 7.3584074e-001
 7.3508358e-001
 7.3500991e-001
 7.3559684e-001
 7.3664051e-001
 7.3699838e-001
 7.3788869e-001
 7.3990989e-001
 7.4095625e-001
 7.4027508e-001
 7.3739970e-001
 7.3805439e-001
 7.4020952e-001
 7.4017417e-001
 7.4138135e-001
 7.4099904e-001
 7.4623442e-001
 7.4534577e-001
 7.4352664e-001
 7.4209231e-001
 7.4207354e-001
 7.4305040e-001
 7.4448425e-001
 7.4465781e-001
 7.4131113e-001
 7.4405181e-001
 7.4091065e-001
 7.4298084e-001
 7.4075747e-001
 7.4411839e-001
 7.3947310e-001
 7.3815238e-001
 7.3937201e-001
 7.3966193e-001
 7.4033874e-001
 7.4238950e-001
 7.4570000e-001
 7.4556440e-001
 7.4718022e-001
 7.4770015e-001
 7.4849284e-001
 7.5027132e-001
 7.5020230e-001
 7.4962217e-001
 7.5016856e-001
 7.5048721e-001
 7.5135124e-001
 7.4966055e-001
 7.4944085e-001
 7.5123942e-001
 7.5334632e-001
 7.5383180e-001
 7.5771570e-001
 7.5954586e-001
 7.5472218e-001
 7.5444448e-001
 7.5197369e-001
 7.4921310e-001
 7.4872875e-001
 7.4618155e-001
 7.4375075e-001
 7.4480748e-001
 7.4449241e-001
 7.4605292e-001
 7.4542403e-001
 7.4445546e-001
 7.4415207e-001
 7.4377096e-001
 7.4390614e-001
 7.4455005e-001
 7.4517149e-001
 7.4561185e-001
 7.4654669e-001
 7.4794018e-001
 7.4727744e-001
 7.4723220e-001
 7.4893689e-001
 7.4925816e-001
 7.4743825e-001
 7.4644583e-001
 7.4638313e-001
 7.4609953e-001
 7.4452525e-001
 7.4252343e-001
 7.4135399e-001
 7.4123842e-001
 7.4194342e-001
 7.4317652e-001
 7.4417490e-001
 7.4409515e-001
 7.4249667e-001
