s07_AV97 Record=3168: Talc HS21.3B                  BECKb AREF
 6.7803240e-001
 7.0226061e-001
 7.2525358e-001
 7.4628013e-001
 7.6698041e-001
 7.8262079e-001
 7.9753530e-001
 8.0923754e-001
 8.2014579e-001
 8.2665592e-001
 8.3182490e-001
 8.3583909e-001
 8.4225082e-001
 8.4844005e-001
 8.5636824e-001
 8.6318064e-001
 8.6665666e-001
 8.7012756e-001
 8.7331533e-001
 8.7611759e-001
 8.7598091e-001
 8.7947339e-001
 8.8121068e-001
 8.8098389e-001
 8.8220298e-001
 8.8263458e-001
 8.8324958e-001
 8.8453317e-001
 8.8121706e-001
 8.8484657e-001
 8.8356262e-001
 8.8397276e-001
 8.8404500e-001
 8.8353395e-001
 8.8454145e-001
 8.8583863e-001
 8.7931460e-001
 8.7744504e-001
 8.7524521e-001
 8.7070513e-001
 8.6698866e-001
 8.6385161e-001
 8.5943902e-001
 8.5155153e-001
 8.4691793e-001
 8.4169191e-001
 8.3036292e-001
 8.3168912e-001
 8.2315296e-001
 8.2183969e-001
 8.1879699e-001
 8.2617813e-001
 8.2028097e-001
 8.1328958e-001
 8.1508815e-001
 8.1913614e-001
 8.2015115e-001
 8.2445729e-001
 8.1893867e-001
 8.1816941e-001
 8.2803434e-001
 8.2915741e-001
 8.1347460e-001
 8.2335240e-001
 8.2540798e-001
 8.2771134e-001
 8.2579845e-001
 8.2496321e-001
 8.2637542e-001
 8.2287651e-001
 8.2370704e-001
 8.2299101e-001
 8.2460147e-001
 8.2709825e-001
 8.2925802e-001
 8.3123124e-001
 8.3383667e-001
 8.3612502e-001
 8.4082782e-001
 8.4628308e-001
 8.4939849e-001
 8.5239089e-001
 8.5573423e-001
 8.6216646e-001
 8.6386061e-001
 8.7024677e-001
 8.7419289e-001
 8.7969607e-001
 8.7995929e-001
 8.8269889e-001
 8.9055634e-001
 8.9303946e-001
 8.9560652e-001
 8.9978188e-001
 9.0270263e-001
 9.0036178e-001
 9.0155244e-001
 9.0296561e-001
 8.9625037e-001
 9.0262985e-001
 9.0169358e-001
 9.0461552e-001
 9.0760392e-001
 9.0979171e-001
 9.1276175e-001
 9.1509634e-001
 9.1709155e-001
 9.1814095e-001
 9.1201305e-001
 8.2582927e-001
 6.7059982e-001
 8.0773360e-001
 8.6041331e-001
 8.6906767e-001
 8.5822129e-001
 8.5404378e-001
 8.5922372e-001
 8.7314713e-001
 8.7981409e-001
 8.8851231e-001
 8.8836879e-001
 8.8209343e-001
 8.8027656e-001
 8.7422132e-001
 8.7155044e-001
 8.7383407e-001
 8.7339556e-001
 8.7760043e-001
 8.8177675e-001
 8.8818651e-001
 8.9456737e-001
 8.9873737e-001
 9.0299106e-001
 9.0840113e-001
 9.1613746e-001
 9.2030644e-001
 9.2206967e-001
 9.2383701e-001
 9.2745477e-001
 9.3118405e-001
 9.3127531e-001
 9.3537664e-001
 9.3276864e-001
 9.3327862e-001
 9.3063468e-001
 9.2866147e-001
 9.3110949e-001
 9.3050975e-001
 9.2924404e-001
 9.2410898e-001
 9.2204875e-001
 9.1713428e-001
 9.1046470e-001
 9.0345299e-001
 8.9560485e-001
 8.9424556e-001
 8.8397789e-001
 8.7100542e-001
 8.6329025e-001
 8.5719925e-001
 8.5903865e-001
 8.5430074e-001
 8.4939277e-001
 8.4553891e-001
 8.4444648e-001
 8.4375030e-001
 8.3898288e-001
 8.3061945e-001
 8.3107096e-001
 8.2548666e-001
 8.2078737e-001
 8.1564206e-001
 8.1296873e-001
 8.1246942e-001
 8.2449311e-001
 8.4180611e-001
 8.4374756e-001
 8.4842396e-001
 8.4636247e-001
 8.2632864e-001
 8.0869001e-001
 8.1436533e-001
 8.2111901e-001
 8.2097316e-001
 8.0861902e-001
 8.0762327e-001
 8.0998063e-001
 8.1413782e-001
 8.1530386e-001
 8.0266565e-001
 8.0247825e-001
 8.1095606e-001
 8.1120127e-001
 8.0463427e-001
 7.7496904e-001
 7.2730047e-001
 6.9089752e-001
 6.6775924e-001
 6.6151017e-001
 6.4249390e-001
 5.5954367e-001
 4.6412560e-001
 4.2702547e-001
 3.7807813e-001
 4.0669766e-001
 5.3290814e-001
 6.0638696e-001
 6.0814631e-001
 5.9763002e-001
 5.8774418e-001
 5.3209782e-001
 5.1222628e-001
 5.4873538e-001
 5.9584838e-001
 6.2362462e-001
 6.2019128e-001
 5.9965485e-001
 5.8144885e-001
 5.7226729e-001
 5.6977695e-001
 5.7422620e-001
 5.8179277e-001
 5.8813298e-001
 5.9028333e-001
