s07_AV97 Record=3151: Syngenite GDS139            NIC4aau RREF
-1.2300000e+034
-1.2300000e+034
-1.2300000e+034
-1.2300000e+034
-1.2300000e+034
-1.2300000e+034
-1.2300000e+034
-1.2300000e+034
-1.2300000e+034
-1.2300000e+034
-1.2300000e+034
-1.2300000e+034
-1.2300000e+034
-1.2300000e+034
-1.2300000e+034
-1.2300000e+034
-1.2300000e+034
-1.2300000e+034
-1.2300000e+034
-1.2300000e+034
-1.2300000e+034
-1.2300000e+034
-1.2300000e+034
-1.2300000e+034
-1.2300000e+034
-1.2300000e+034
-1.2300000e+034
-1.2300000e+034
-1.2300000e+034
-1.2300000e+034
-1.2300000e+034
-1.2300000e+034
-1.2300000e+034
-1.2300000e+034
-1.2300000e+034
-1.2300000e+034
-1.2300000e+034
-1.2300000e+034
-1.2300000e+034
-1.2300000e+034
-1.2300000e+034
-1.2300000e+034
-1.2300000e+034
-1.2300000e+034
-1.2300000e+034
-1.2300000e+034
-1.2300000e+034
-1.2300000e+034
-1.2300000e+034
-1.2300000e+034
-1.2300000e+034
-1.2300000e+034
-1.2300000e+034
-1.2300000e+034
-1.2300000e+034
-1.2300000e+034
-1.2300000e+034
-1.2300000e+034
-1.2300000e+034
-1.2300000e+034
-1.2300000e+034
-1.2300000e+034
-1.2300000e+034
-1.2300000e+034
-1.2300000e+034
-1.2300000e+034
-1.2300000e+034
-1.2300000e+034
-1.2300000e+034
-1.2300000e+034
-1.2300000e+034
-1.2300000e+034
-1.2300000e+034
-1.2300000e+034
-1.2300000e+034
-1.2300000e+034
-1.2300000e+034
-1.2300000e+034
-1.2300000e+034
-1.2300000e+034
-1.2300000e+034
-1.2300000e+034
-1.2300000e+034
-1.2300000e+034
-1.2300000e+034
-1.2300000e+034
-1.2300000e+034
-1.2300000e+034
-1.2300000e+034
-1.2300000e+034
-1.2300000e+034
-1.2300000e+034
-1.2300000e+034
-1.2300000e+034
-1.2300000e+034
-1.2300000e+034
-1.2300000e+034
-1.2300000e+034
-1.2300000e+034
-1.2300000e+034
-1.2300000e+034
-1.2300000e+034
-1.2300000e+034
-1.2300000e+034
-1.2300000e+034
-1.2300000e+034
-1.2300000e+034
-1.2300000e+034
-1.2300000e+034
-1.2300000e+034
-1.2300000e+034
-1.2300000e+034
-1.2300000e+034
-1.2300000e+034
-1.2300000e+034
-1.2300000e+034
-1.2300000e+034
-1.2300000e+034
-1.2300000e+034
-1.2300000e+034
-1.2300000e+034
-1.2300000e+034
-1.2300000e+034
-1.2300000e+034
-1.2300000e+034
-1.2300000e+034
-1.2300000e+034
-1.2300000e+034
-1.2300000e+034
-1.2300000e+034
 4.6950608e-001
 4.7512501e-001
 4.8099172e-001
 4.8686314e-001
 4.9238876e-001
 4.9777919e-001
 5.0270861e-001
 5.0737053e-001
 5.1168692e-001
 5.1574099e-001
 5.1979041e-001
 5.2338976e-001
 5.2644134e-001
 5.2915066e-001
 5.3162652e-001
 5.3379905e-001
 5.3537560e-001
 5.3654593e-001
 5.3736740e-001
 5.3902161e-001
 5.4139787e-001
 5.4371166e-001
 5.4520971e-001
 5.4592490e-001
 5.4659998e-001
 5.4697454e-001
 5.4766536e-001
 5.4846555e-001
 5.4813516e-001
 5.4746479e-001
 5.4782456e-001
 5.4568255e-001
 5.4106182e-001
 5.3461701e-001
 5.2821469e-001
 5.2204454e-001
 5.1395309e-001
 5.0251675e-001
 4.8619577e-001
 4.6657467e-001
 4.4680345e-001
 4.3162265e-001
 4.3709716e-001
 4.6482405e-001
 4.8960388e-001
 5.0299758e-001
 5.0733149e-001
 5.0289834e-001
 4.9280548e-001
 4.8010066e-001
 4.6711895e-001
 4.7025314e-001
 4.8879355e-001
 5.0548077e-001
 5.1680070e-001
 5.2708489e-001
 5.3312534e-001
 5.3502238e-001
 5.3356242e-001
 5.3002781e-001
 5.2590686e-001
 5.2390838e-001
 5.2590919e-001
 5.3222477e-001
 5.3753150e-001
 5.4113579e-001
 5.4392421e-001
 5.4632938e-001
 5.4832304e-001
 5.4909205e-001
 5.4850185e-001
 5.4765034e-001
 5.4581064e-001
 5.4356539e-001
 5.4013038e-001
 5.3695762e-001
 5.3678793e-001
 5.3797930e-001
 5.3879702e-001
 5.3852135e-001
 5.3695989e-001
 5.3443277e-001
 5.2931964e-001
 5.1790488e-001
 4.9799100e-001
 4.9323300e-001
 5.1164556e-001
 5.2153426e-001
 5.2205795e-001
 5.1844329e-001
 5.1210248e-001
 5.0448471e-001
 4.9647534e-001
 4.8717958e-001
