s07_AV97 Record=478: Antigorite NMNH96917.a >250  NIC4bb RREF
-1.2300000e+034
-1.2300000e+034
-1.2300000e+034
-1.2300000e+034
-1.2300000e+034
-1.2300000e+034
-1.2300000e+034
-1.2300000e+034
-1.2300000e+034
-1.2300000e+034
-1.2300000e+034
-1.2300000e+034
-1.2300000e+034
-1.2300000e+034
-1.2300000e+034
-1.2300000e+034
-1.2300000e+034
-1.2300000e+034
-1.2300000e+034
-1.2300000e+034
-1.2300000e+034
-1.2300000e+034
-1.2300000e+034
-1.2300000e+034
-1.2300000e+034
-1.2300000e+034
-1.2300000e+034
-1.2300000e+034
-1.2300000e+034
-1.2300000e+034
-1.2300000e+034
-1.2300000e+034
-1.2300000e+034
-1.2300000e+034
-1.2300000e+034
-1.2300000e+034
-1.2300000e+034
-1.2300000e+034
-1.2300000e+034
-1.2300000e+034
-1.2300000e+034
-1.2300000e+034
-1.2300000e+034
-1.2300000e+034
-1.2300000e+034
-1.2300000e+034
-1.2300000e+034
-1.2300000e+034
-1.2300000e+034
-1.2300000e+034
-1.2300000e+034
-1.2300000e+034
-1.2300000e+034
-1.2300000e+034
-1.2300000e+034
-1.2300000e+034
-1.2300000e+034
-1.2300000e+034
-1.2300000e+034
-1.2300000e+034
-1.2300000e+034
-1.2300000e+034
-1.2300000e+034
-1.2300000e+034
-1.2300000e+034
-1.2300000e+034
-1.2300000e+034
-1.2300000e+034
-1.2300000e+034
-1.2300000e+034
-1.2300000e+034
-1.2300000e+034
-1.2300000e+034
-1.2300000e+034
-1.2300000e+034
-1.2300000e+034
-1.2300000e+034
-1.2300000e+034
-1.2300000e+034
-1.2300000e+034
-1.2300000e+034
-1.2300000e+034
-1.2300000e+034
-1.2300000e+034
-1.2300000e+034
-1.2300000e+034
-1.2300000e+034
-1.2300000e+034
-1.2300000e+034
-1.2300000e+034
-1.2300000e+034
-1.2300000e+034
-1.2300000e+034
-1.2300000e+034
-1.2300000e+034
-1.2300000e+034
-1.2300000e+034
-1.2300000e+034
-1.2300000e+034
-1.2300000e+034
-1.2300000e+034
-1.2300000e+034
-1.2300000e+034
-1.2300000e+034
-1.2300000e+034
-1.2300000e+034
 3.4095055e-001
 3.3911055e-001
 3.3532104e-001
 3.0764458e-001
 2.9079771e-001
 2.9296479e-001
 3.1096694e-001
 3.2318828e-001
 3.2769328e-001
 3.3075118e-001
 3.3342725e-001
 3.3601823e-001
 3.3890101e-001
 3.4200197e-001
 3.4507674e-001
 3.4800521e-001
 3.5110211e-001
 3.5432228e-001
 3.5804603e-001
 3.6190280e-001
 3.6587390e-001
 3.6977369e-001
 3.7336236e-001
 3.7693328e-001
 3.8065559e-001
 3.8454628e-001
 3.8834003e-001
 3.9203793e-001
 3.9533058e-001
 3.9841300e-001
 4.0152252e-001
 4.0437764e-001
 4.0754393e-001
 4.1042686e-001
 4.1306084e-001
 4.1520670e-001
 4.1725090e-001
 4.1886428e-001
 4.2060217e-001
 4.2228404e-001
 4.2415994e-001
 4.2590839e-001
 4.2761245e-001
 4.2874056e-001
 4.2973745e-001
 4.3007687e-001
 4.3050766e-001
 4.3182853e-001
 4.3264088e-001
 4.3285596e-001
 4.3353376e-001
 4.3414471e-001
 4.3429568e-001
 4.3215355e-001
 4.3308443e-001
 4.2923388e-001
 4.2297003e-001
 4.1583729e-001
 4.1029736e-001
 4.0584788e-001
 4.0042910e-001
 3.9392471e-001
 3.8771391e-001
 3.8230866e-001
 3.8008603e-001
 3.8151380e-001
 3.8513589e-001
 3.8923156e-001
 3.9469191e-001
 4.0190554e-001
 4.0912208e-001
 4.1514489e-001
 4.1904354e-001
 4.1997153e-001
 4.1429779e-001
 4.0222797e-001
 3.9429924e-001
 3.9166236e-001
 3.9218399e-001
 3.9170215e-001
 3.9056763e-001
 3.9411324e-001
 4.0009126e-001
 4.0522513e-001
 4.0725631e-001
 4.0581173e-001
 4.0206948e-001
 3.9750150e-001
 3.8651174e-001
 3.5969967e-001
 3.2639140e-001
 3.0778617e-001
 2.9802737e-001
 2.8415656e-001
 2.6579180e-001
 2.4909389e-001
 2.3242125e-001
 2.1496879e-001
 1.9840400e-001
 1.9567938e-001
 2.1365395e-001
 2.3845263e-001
 2.5667042e-001
 2.6204082e-001
 2.5338000e-001
 2.4606727e-001
 2.4770591e-001
 2.4303979e-001
 2.3488238e-001
 2.3019147e-001
 2.2998512e-001
 2.2655366e-001
 2.2301866e-001
 2.2528136e-001
 2.2655329e-001
 2.2077091e-001
 2.1306795e-001
 2.0855576e-001
