s07_AV97 Record=1988: Malachite HS254.3B           ASDFRb AREF
 5.9932150e-002
 7.4083768e-002
 9.2988275e-002
 1.1151041e-001
 1.2867358e-001
 1.4197806e-001
 1.5244386e-001
 1.6141894e-001
 1.7022313e-001
 1.7939486e-001
 1.8919061e-001
 1.9918078e-001
 2.0881616e-001
 2.1763310e-001
 2.2518498e-001
 2.3125954e-001
 2.3496233e-001
 2.3535956e-001
 2.3182425e-001
 2.2429444e-001
 2.1372522e-001
 2.0144649e-001
 1.8883076e-001
 1.7720075e-001
 1.6617782e-001
 1.5635957e-001
 1.4699297e-001
 1.3884804e-001
 1.3198760e-001
 1.2612294e-001
 1.2124877e-001
 1.1717575e-001
 1.2195227e-001
 1.1790352e-001
 1.1435373e-001
 1.1118734e-001
 1.0832675e-001
 1.0575450e-001
 1.0345108e-001
 1.0139014e-001
 9.9555574e-002
 9.8045476e-002
 9.6902646e-002
 9.5878273e-002
 9.5087618e-002
 9.4483584e-002
 9.3982913e-002
 9.3638234e-002
 9.3444861e-002
 9.3437344e-002
 9.3606472e-002
 9.4064549e-002
 9.4840117e-002
 9.5937297e-002
 9.7399570e-002
 9.9208027e-002
 1.0133190e-001
 1.0378405e-001
 1.0652770e-001
 1.0951091e-001
 1.1258456e-001
 1.1573956e-001
 1.1887863e-001
 1.2198862e-001
 1.2504832e-001
 1.2801474e-001
 1.3089009e-001
 1.3355719e-001
 1.3578218e-001
 1.3693644e-001
 1.3947296e-001
 1.4057052e-001
 1.4109115e-001
 1.4233626e-001
 1.4234363e-001
 1.4276852e-001
 1.4300056e-001
 1.4284532e-001
 1.4279447e-001
 1.4206184e-001
 1.4154471e-001
 1.4102878e-001
 1.4080453e-001
 1.4026904e-001
 1.3996893e-001
 1.3980399e-001
 1.3941301e-001
 1.3914461e-001
 1.3897009e-001
 1.3915317e-001
 1.3916601e-001
 1.3991435e-001
 1.4007191e-001
 1.4055580e-001
 1.4092255e-001
 1.4128689e-001
 1.4052735e-001
 1.4123884e-001
 1.4166056e-001
 1.4216274e-001
 1.4297047e-001
 1.4354680e-001
 1.4455065e-001
 1.4565247e-001
 1.4659168e-001
 1.4779833e-001
 1.4890674e-001
 1.5023857e-001
 1.5165797e-001
 1.5287854e-001
 1.5413699e-001
 1.5566057e-001
 1.5724194e-001
 1.5914330e-001
 1.6106582e-001
 1.6323343e-001
 1.6526857e-001
 1.6723254e-001
 1.6925526e-001
 1.7119588e-001
 1.7321424e-001
 1.7548133e-001
 1.7747289e-001
 1.7948918e-001
 1.8158518e-001
 1.8432029e-001
 1.8731852e-001
 1.9048746e-001
 1.9345352e-001
 1.9660239e-001
 1.9981882e-001
 2.0353536e-001
 2.0712750e-001
 2.1125025e-001
 2.1551575e-001
 2.1971807e-001
 2.2398600e-001
 2.2810237e-001
 2.3260754e-001
 2.3653989e-001
 2.4116071e-001
 2.4583408e-001
 2.5060329e-001
 2.5553012e-001
 2.6048803e-001
 2.6539007e-001
 2.7058631e-001
 2.7519158e-001
 2.8029296e-001
 2.8552637e-001
 2.9049844e-001
 2.9566965e-001
 3.0011895e-001
 3.0382174e-001
 3.0655757e-001
 3.0896583e-001
 3.1371951e-001
 3.2026243e-001
 3.2556143e-001
 3.2931033e-001
 3.2812819e-001
 3.3044037e-001
 3.3153751e-001
 3.3236781e-001
 3.3431995e-001
 3.3763480e-001
 3.3974102e-001
 3.4204453e-001
 3.4454957e-001
 3.4785408e-001
 3.4989527e-001
 3.4969729e-001
 3.4904200e-001
 3.4791875e-001
 3.4576800e-001
 3.4551784e-001
 3.5075349e-001
 3.5636550e-001
 3.5938326e-001
 3.6116418e-001
 3.6285034e-001
 3.6385676e-001
 3.6288258e-001
 3.6405078e-001
 3.6787966e-001
 3.7136650e-001
 3.7085700e-001
 3.6571643e-001
 3.5751012e-001
 3.4849101e-001
 3.3802921e-001
 3.2318014e-001
 2.9892755e-001
 2.6788953e-001
 2.5249702e-001
 2.5002038e-001
 2.4317181e-001
 2.3029208e-001
 2.0740943e-001
 1.9471698e-001
 2.0170431e-001
 2.1788314e-001
 2.3606431e-001
 2.5588346e-001
 2.6594439e-001
 2.6174620e-001
 2.4010280e-001
 2.1353385e-001
 2.0262930e-001
 2.0709738e-001
 2.0848605e-001
 2.0666517e-001
 2.0311287e-001
 2.0447588e-001
 2.0800242e-001
 2.1047439e-001
 2.1784808e-001
 2.2791232e-001
 2.4478906e-001
 2.5503448e-001
 2.6779410e-001
 2.7723542e-001
 2.8018391e-001
-1.2300000e+034
