s07_AV97 Record=4229: Zincite+Franklin HS147.3B     BECKb AREF
 5.5814769e-002
 5.3854302e-002
 5.2743923e-002
 5.1935408e-002
 5.1640954e-002
 5.1354848e-002
 5.1431417e-002
 5.1404845e-002
 5.1885694e-002
 5.1637243e-002
 5.2161328e-002
 5.2792564e-002
 5.3309064e-002
 5.4115605e-002
 5.5133685e-002
 5.6299634e-002
 5.7563223e-002
 5.8833867e-002
 5.9834883e-002
 6.1466768e-002
 6.3602224e-002
 6.6923797e-002
 7.1409903e-002
 7.6738358e-002
 8.3074473e-002
 9.0379089e-002
 9.7647853e-002
 1.0368198e-001
 1.0908043e-001
 1.1348146e-001
 1.1726781e-001
 1.2041045e-001
 1.1684695e-001
 1.1982436e-001
 1.2255763e-001
 1.2485299e-001
 1.2647416e-001
 1.2831524e-001
 1.2988003e-001
 1.3148963e-001
 1.3260044e-001
 1.3418271e-001
 1.3566348e-001
 1.3703868e-001
 1.3860646e-001
 1.3990596e-001
 1.4135158e-001
 1.4282399e-001
 1.4454710e-001
 1.4588837e-001
 1.4727548e-001
 1.4929134e-001
 1.5110527e-001
 1.5253018e-001
 1.5412343e-001
 1.5384762e-001
 1.5606007e-001
 1.5802634e-001
 1.5476669e-001
 1.5476182e-001
 1.5833251e-001
 1.5767260e-001
 1.5688916e-001
 1.5624157e-001
 1.5792048e-001
 1.5781903e-001
 1.5599339e-001
 1.5572238e-001
 1.5384558e-001
 1.5412273e-001
 1.5471888e-001
 1.5491021e-001
 1.5367769e-001
 1.5318634e-001
 1.5324399e-001
 1.5233010e-001
 1.5200350e-001
 1.5229954e-001
 1.5218844e-001
 1.5144594e-001
 1.5192923e-001
 1.5153322e-001
 1.5107986e-001
 1.5059061e-001
 1.5096845e-001
 1.5145467e-001
 1.5153591e-001
 1.5221828e-001
 1.5225427e-001
 1.5258591e-001
 1.5234333e-001
 1.5312731e-001
 1.5322688e-001
 1.5385953e-001
 1.5449780e-001
 1.5482357e-001
 1.5403733e-001
 1.5476072e-001
 1.5479031e-001
 1.5541498e-001
 1.5629466e-001
 1.5652801e-001
 1.5794531e-001
 1.5903015e-001
 1.5963621e-001
 1.6110560e-001
 1.6284512e-001
 1.6554320e-001
 1.6830085e-001
 1.7110913e-001
 1.7307167e-001
 1.7632878e-001
 1.7979644e-001
 1.8417251e-001
 1.8856083e-001
 1.9386023e-001
 1.9845039e-001
 2.0441008e-001
 2.0958051e-001
 2.1464448e-001
 2.1925294e-001
 2.2438911e-001
 2.2923547e-001
 2.3417380e-001
 2.3815399e-001
 2.4356987e-001
 2.4667588e-001
 2.5114450e-001
 2.5288749e-001
 2.5650337e-001
 2.6007172e-001
 2.6329353e-001
 2.6557025e-001
 2.6737499e-001
 2.6997480e-001
 2.7237502e-001
 2.7478474e-001
 2.7725625e-001
 2.7641869e-001
 2.7889356e-001
 2.8125241e-001
 2.8528035e-001
 2.8570575e-001
 2.8763312e-001
 2.8901687e-001
 2.9069656e-001
 2.9371706e-001
 2.9422241e-001
 2.9342151e-001
 2.9653639e-001
 2.9628593e-001
 2.9862338e-001
 2.9889148e-001
 3.0068317e-001
 2.9901806e-001
 2.9971626e-001
 3.0321640e-001
 3.0241588e-001
 3.0193561e-001
 3.0254456e-001
 3.0242857e-001
 3.0268785e-001
 3.0306023e-001
 3.0369753e-001
 3.0516633e-001
 3.0546239e-001
 3.0413342e-001
 3.0474883e-001
 3.0549851e-001
 3.0667907e-001
 3.0862367e-001
 3.0853915e-001
 3.0754814e-001
 3.1035596e-001
 3.1217885e-001
 3.1244972e-001
 3.1430626e-001
 3.1571746e-001
 3.1660765e-001
 3.1681389e-001
 3.1862274e-001
 3.1927192e-001
 3.1987604e-001
 3.2241473e-001
 3.2327944e-001
 3.2221425e-001
 3.2465476e-001
 3.2560986e-001
 3.2162175e-001
 3.2529721e-001
 3.2539800e-001
 3.2583654e-001
 3.2673523e-001
 3.2583565e-001
 3.2347566e-001
 3.2397828e-001
 3.2318693e-001
 3.2511646e-001
 3.2495663e-001
 3.2251427e-001
 3.2353538e-001
 3.2727152e-001
 3.2229698e-001
 3.1927419e-001
 3.2496753e-001
 3.2590485e-001
 3.2472131e-001
 3.2630494e-001
 3.2688010e-001
 3.2973364e-001
 3.2746091e-001
 3.2687744e-001
 3.2844153e-001
 3.2900310e-001
 3.2824659e-001
 3.2729217e-001
 3.2659248e-001
 3.2637957e-001
 3.2655209e-001
 3.2695362e-001
 3.2733986e-001
 3.2737118e-001
 3.2668883e-001
 3.2515183e-001
