s07_AV97 Record=1860: Labradorite HS17.2B          ASDFRc AREF
 3.9003792e-001
 3.9585334e-001
 4.0092582e-001
 4.0578043e-001
 4.0939489e-001
 4.1265073e-001
 4.1586587e-001
 4.1890684e-001
 4.2129949e-001
 4.2313278e-001
 4.2466587e-001
 4.2597818e-001
 4.2707607e-001
 4.2811885e-001
 4.2911634e-001
 4.3017745e-001
 4.3120024e-001
 4.3244520e-001
 4.3407553e-001
 4.3625888e-001
 4.3897676e-001
 4.4199696e-001
 4.4502324e-001
 4.4787917e-001
 4.5089123e-001
 4.5357147e-001
 4.5646453e-001
 4.5932788e-001
 4.6215323e-001
 4.6514660e-001
 4.6824318e-001
 4.7153446e-001
 4.6772370e-001
 4.7087705e-001
 4.7430852e-001
 4.7817525e-001
 4.8170680e-001
 4.8556092e-001
 4.8963189e-001
 4.9371850e-001
 4.9776337e-001
 5.0159478e-001
 5.0542593e-001
 5.0894719e-001
 5.1212299e-001
 5.1487976e-001
 5.1730466e-001
 5.1926661e-001
 5.2109480e-001
 5.2260560e-001
 5.2403998e-001
 5.2529508e-001
 5.2661771e-001
 5.2757639e-001
 5.2858996e-001
 5.2948689e-001
 5.3029829e-001
 5.3100115e-001
 5.3153914e-001
 5.3206313e-001
 5.3242677e-001
 5.3276020e-001
 5.3275913e-001
 5.3261346e-001
 5.3263456e-001
 5.3215736e-001
 5.3161770e-001
 5.3091156e-001
 5.3038102e-001
 5.2902997e-001
 5.2809149e-001
 5.2698684e-001
 5.2537990e-001
 5.2399153e-001
 5.2275276e-001
 5.2169913e-001
 5.2047628e-001
 5.1919967e-001
 5.1805973e-001
 5.1684582e-001
 5.1575994e-001
 5.1461560e-001
 5.1330304e-001
 5.1200807e-001
 5.1091784e-001
 5.0969708e-001
 5.0858933e-001
 5.0742537e-001
 5.0606024e-001
 5.0531226e-001
 5.0422716e-001
 5.0364554e-001
 5.0297654e-001
 5.0218409e-001
 5.0181168e-001
 5.0136858e-001
 5.0191873e-001
 5.0166404e-001
 5.0097102e-001
 5.0012046e-001
 4.9955282e-001
 4.9893263e-001
 4.9853039e-001
 4.9789247e-001
 4.9730179e-001
 4.9653313e-001
 4.9572635e-001
 4.9508303e-001
 4.9434641e-001
 4.9385843e-001
 4.9326959e-001
 4.9250045e-001
 4.9195686e-001
 4.9162185e-001
 4.9168310e-001
 4.9098557e-001
 4.9054790e-001
 4.9094158e-001
 4.9088567e-001
 4.9034581e-001
 4.9040860e-001
 4.9073216e-001
 4.9085340e-001
 4.9110934e-001
 4.9105045e-001
 4.9099022e-001
 4.9091941e-001
 4.9093527e-001
 4.9097246e-001
 4.9117193e-001
 4.9130604e-001
 4.9158755e-001
 4.9183249e-001
 4.9198914e-001
 4.9270689e-001
 4.9271718e-001
 4.9280176e-001
 4.9340707e-001
 4.9378303e-001
 4.9388292e-001
 4.9375889e-001
 4.9367443e-001
 4.9426156e-001
 4.9455076e-001
 4.9448174e-001
 4.9438486e-001
 4.9453372e-001
 4.9463508e-001
 4.9478978e-001
 4.9585769e-001
 4.9609390e-001
 4.9635875e-001
 4.9629614e-001
 4.9631706e-001
 4.9612775e-001
 4.9644679e-001
 4.9716580e-001
 4.9823603e-001
 4.9842784e-001
 4.9877372e-001
 4.9876368e-001
 4.9875426e-001
 4.9723908e-001
 4.9620646e-001
 4.9533764e-001
 4.9550039e-001
 4.9597019e-001
 4.9653214e-001
 4.9669838e-001
 4.9738705e-001
 4.9848041e-001
 4.9952605e-001
 5.0029284e-001
 5.0131392e-001
 5.0244641e-001
 5.0367272e-001
 5.0470304e-001
 5.0538409e-001
 5.0644171e-001
 5.0746858e-001
 5.0843304e-001
 5.1010203e-001
 5.1017803e-001
 5.1084375e-001
 5.1188475e-001
 5.1261765e-001
 5.1355994e-001
 5.1372641e-001
 5.1285708e-001
 5.1286691e-001
 5.1304930e-001
 5.1252484e-001
 5.1328492e-001
 5.1442450e-001
 5.1487905e-001
 5.1483679e-001
 5.1457471e-001
 5.1537359e-001
 5.1587701e-001
 5.1680070e-001
 5.1776624e-001
 5.1809257e-001
 5.1846403e-001
 5.1918417e-001
 5.1950169e-001
 5.1951200e-001
 5.2001363e-001
 5.2058476e-001
 5.2164859e-001
 5.2259433e-001
 5.2313840e-001
 5.2303839e-001
 5.2324849e-001
 5.2290231e-001
 5.2328366e-001
 5.2231336e-001
 5.2217847e-001
 5.2105719e-001
 5.2067286e-001
 5.1933521e-001
 5.1911527e-001
 5.1974374e-001
 5.2082247e-001
-1.2300000e+034
