s07_AV97 Record=1851: Knebelite HS419.3B           ASDFRc AREF
 7.6157019e-002
 8.1546925e-002
 8.6527310e-002
 8.9909054e-002
 8.4146187e-002
 9.0537630e-002
 9.8158047e-002
 1.0052244e-001
 1.0181662e-001
 1.0393476e-001
 1.0952070e-001
 1.1527295e-001
 1.1906356e-001
 1.2189972e-001
 1.2697017e-001
 1.3180740e-001
 1.3560589e-001
 1.3970703e-001
 1.4409685e-001
 1.4902352e-001
 1.5450406e-001
 1.6010390e-001
 1.6522457e-001
 1.6955407e-001
 1.7405325e-001
 1.7996334e-001
 1.8858485e-001
 1.9970694e-001
 2.1163139e-001
 2.2261085e-001
 2.3132002e-001
 2.3772067e-001
 2.3012514e-001
 2.3667674e-001
 2.4137086e-001
 2.4469301e-001
 2.4703494e-001
 2.4882896e-001
 2.5004789e-001
 2.5057012e-001
 2.4983770e-001
 2.4759041e-001
 2.4379620e-001
 2.3877506e-001
 2.3267485e-001
 2.2567457e-001
 2.1796334e-001
 2.1003342e-001
 2.0199351e-001
 1.9398148e-001
 1.8631530e-001
 1.7909941e-001
 1.7234790e-001
 1.6609132e-001
 1.6050743e-001
 1.5565953e-001
 1.5129896e-001
 1.4760363e-001
 1.4465514e-001
 1.4221852e-001
 1.4044890e-001
 1.3920808e-001
 1.3858618e-001
 1.3835461e-001
 1.3863222e-001
 1.3930197e-001
 1.4023070e-001
 1.4126374e-001
 1.4230758e-001
 1.4287381e-001
 1.4471446e-001
 1.4551902e-001
 1.4618355e-001
 1.4669751e-001
 1.4658061e-001
 1.4699627e-001
 1.4641209e-001
 1.4639542e-001
 1.4621931e-001
 1.4553583e-001
 1.4511642e-001
 1.4463897e-001
 1.4441396e-001
 1.4478296e-001
 1.4491874e-001
 1.4546938e-001
 1.4601699e-001
 1.4683044e-001
 1.4769484e-001
 1.4880401e-001
 1.5002811e-001
 1.5159340e-001
 1.5287669e-001
 1.5432365e-001
 1.5565768e-001
 1.5722269e-001
 1.5478843e-001
 1.5646726e-001
 1.5820313e-001
 1.6005212e-001
 1.6196559e-001
 1.6396593e-001
 1.6632688e-001
 1.6869982e-001
 1.7102958e-001
 1.7342383e-001
 1.7638090e-001
 1.7946322e-001
 1.8229896e-001
 1.8523924e-001
 1.8789914e-001
 1.8962358e-001
 1.9278768e-001
 1.9753639e-001
 2.0262173e-001
 2.0724174e-001
 2.1143194e-001
 2.1613686e-001
 2.2084273e-001
 2.2546676e-001
 2.3039125e-001
 2.3535474e-001
 2.4020331e-001
 2.4537030e-001
 2.5017208e-001
 2.5493801e-001
 2.5989947e-001
 2.6486543e-001
 2.6951665e-001
 2.7412850e-001
 2.7861509e-001
 2.8314301e-001
 2.8712386e-001
 2.9084563e-001
 2.9479516e-001
 2.9846814e-001
 3.0181992e-001
 3.0510449e-001
 3.0832472e-001
 3.1071633e-001
 3.1359759e-001
 3.1593448e-001
 3.1830370e-001
 3.2026526e-001
 3.2220489e-001
 3.2363695e-001
 3.2508075e-001
 3.2614687e-001
 3.2739818e-001
 3.2816443e-001
 3.2881412e-001
 3.2968059e-001
 3.3011049e-001
 3.3086047e-001
 3.3133730e-001
 3.3135325e-001
 3.3104262e-001
 3.3071771e-001
 3.3038861e-001
 3.2851881e-001
 3.2936552e-001
 3.2737768e-001
 3.2474375e-001
 3.2219875e-001
 3.2093239e-001
 3.2047150e-001
 3.2020548e-001
 3.1977224e-001
 3.1937701e-001
 3.1898201e-001
 3.1857136e-001
 3.1848904e-001
 3.1836110e-001
 3.1863889e-001
 3.1884485e-001
 3.1939986e-001
 3.2002738e-001
 3.2015708e-001
 3.2067621e-001
 3.2106033e-001
 3.2143059e-001
 3.2130343e-001
 3.2097992e-001
 3.2045373e-001
 3.1997207e-001
 3.1875589e-001
 3.1832564e-001
 3.1732705e-001
 3.1677395e-001
 3.1598416e-001
 3.1533867e-001
 3.1514534e-001
 3.1493923e-001
 3.1450668e-001
 3.1341714e-001
 3.1262437e-001
 3.1130514e-001
 3.1085342e-001
 3.0950570e-001
 3.0836558e-001
 3.0657554e-001
 3.0439806e-001
 3.0178711e-001
 2.9905474e-001
 2.9700956e-001
 2.9589999e-001
 2.9350466e-001
 2.9191157e-001
 2.9125702e-001
 2.9314759e-001
 2.9663768e-001
 3.0065131e-001
 3.0225813e-001
 3.0306369e-001
 3.0232742e-001
 3.0174559e-001
 3.0115047e-001
 2.9972988e-001
 2.9818225e-001
 2.9662299e-001
 2.9435581e-001
 2.9114500e-001
 2.8913188e-001
-1.2300000e+034
