s07_AV97 Record=133: Allanite HS293.1B            ASDFRb AREF
 4.8580788e-002
 5.7464734e-002
 6.5451406e-002
 7.2683558e-002
 7.8417420e-002
 8.4573552e-002
 9.1569409e-002
 9.8998211e-002
 1.0639439e-001
 1.1265949e-001
 1.1654028e-001
 1.2015560e-001
 1.2443999e-001
 1.2922016e-001
 1.3425905e-001
 1.3926820e-001
 1.4370361e-001
 1.4764161e-001
 1.5015875e-001
 1.5140900e-001
 1.5340571e-001
 1.5556768e-001
 1.5813044e-001
 1.6166478e-001
 1.6457200e-001
 1.6692235e-001
 1.6852684e-001
 1.7008536e-001
 1.7153037e-001
 1.7293957e-001
 1.7436974e-001
 1.7577334e-001
 1.7414026e-001
 1.7550159e-001
 1.7687115e-001
 1.7835183e-001
 1.7981307e-001
 1.8111648e-001
 1.8232170e-001
 1.8312350e-001
 1.8337017e-001
 1.8428349e-001
 1.8558948e-001
 1.8667704e-001
 1.8736592e-001
 1.8755123e-001
 1.8740797e-001
 1.8792629e-001
 1.8928172e-001
 1.9043981e-001
 1.9136330e-001
 1.9244720e-001
 1.9337249e-001
 1.9436039e-001
 1.9551091e-001
 1.9703719e-001
 1.9864257e-001
 2.0016225e-001
 2.0184754e-001
 2.0360310e-001
 2.0534465e-001
 2.0730215e-001
 2.0914820e-001
 2.1125071e-001
 2.1335240e-001
 2.1535230e-001
 2.1760230e-001
 2.1982853e-001
 2.2177270e-001
 2.2373341e-001
 2.2656327e-001
 2.2878405e-001
 2.3150218e-001
 2.3422518e-001
 2.3698479e-001
 2.3992632e-001
 2.4258602e-001
 2.4561755e-001
 2.4877095e-001
 2.5170851e-001
 2.5501758e-001
 2.5767332e-001
 2.6092723e-001
 2.6398408e-001
 2.6704776e-001
 2.6999316e-001
 2.7263904e-001
 2.7570158e-001
 2.7899987e-001
 2.8184858e-001
 2.8471383e-001
 2.8816900e-001
 2.9124424e-001
 2.9435113e-001
 2.9726592e-001
 3.0023131e-001
 2.9566932e-001
 2.9883909e-001
 3.0162179e-001
 3.0439052e-001
 3.0738664e-001
 3.1048971e-001
 3.1322217e-001
 3.1587142e-001
 3.1807423e-001
 3.2043678e-001
 3.2232672e-001
 3.2442933e-001
 3.2647425e-001
 3.2866704e-001
 3.3061728e-001
 3.3223468e-001
 3.3348438e-001
 3.3462712e-001
 3.3587670e-001
 3.3760661e-001
 3.3854929e-001
 3.3977646e-001
 3.4084573e-001
 3.4168950e-001
 3.4246480e-001
 3.4286121e-001
 3.4374619e-001
 3.4412307e-001
 3.4493223e-001
 3.4531271e-001
 3.4577215e-001
 3.4641498e-001
 3.4703106e-001
 3.4676412e-001
 3.4669697e-001
 3.4681028e-001
 3.4683317e-001
 3.4721032e-001
 3.4749317e-001
 3.4678811e-001
 3.4710917e-001
 3.4726778e-001
 3.4738126e-001
 3.4678477e-001
 3.4652567e-001
 3.4675589e-001
 3.4680039e-001
 3.4643793e-001
 3.4624714e-001
 3.4605300e-001
 3.4601161e-001
 3.4625950e-001
 3.4679797e-001
 3.4669459e-001
 3.4735352e-001
 3.4727100e-001
 3.4732744e-001
 3.4746870e-001
 3.4736156e-001
 3.4762177e-001
 3.4750316e-001
 3.4758341e-001
 3.4807611e-001
 3.4900251e-001
 3.4879369e-001
 3.4900945e-001
 3.4966052e-001
 3.4980416e-001
 3.5012290e-001
 3.5052410e-001
 3.5092804e-001
 3.5183492e-001
 3.5232997e-001
 3.5236949e-001
 3.5227141e-001
 3.5290679e-001
 3.5438931e-001
 3.5530898e-001
 3.5664409e-001
 3.5820293e-001
 3.5916820e-001
 3.6113402e-001
 3.6248612e-001
 3.6330897e-001
 3.6441168e-001
 3.6504275e-001
 3.6619866e-001
 3.6667815e-001
 3.6791089e-001
 3.6853674e-001
 3.6899775e-001
 3.6998791e-001
 3.7030393e-001
 3.6999953e-001
 3.7012652e-001
 3.6994168e-001
 3.7050414e-001
 3.7018928e-001
 3.6956507e-001
 3.6961797e-001
 3.6900711e-001
 3.6880839e-001
 3.6847740e-001
 3.6911550e-001
 3.6967745e-001
 3.7005669e-001
 3.7003431e-001
 3.7053829e-001
 3.7059778e-001
 3.7104383e-001
 3.6975244e-001
 3.6924684e-001
 3.6936903e-001
 3.6966741e-001
 3.7038064e-001
 3.7072587e-001
 3.7116030e-001
 3.7196451e-001
 3.7206170e-001
 3.7221146e-001
 3.7289819e-001
 3.7204593e-001
 3.7253433e-001
 3.7145084e-001
 3.7220451e-001
 3.7213930e-001
 3.7375268e-001
-1.2300000e+034
