s07_AV97 Record=1079: Dipyre BM1959-505.HLsp        BECKc AREF
 3.2455632e-001
 3.4295300e-001
 3.6232626e-001
 3.8102350e-001
 3.9520723e-001
 4.0636149e-001
 4.1534668e-001
 4.2325494e-001
 4.3031153e-001
 4.3695676e-001
 4.4275096e-001
 4.4819313e-001
 4.5302537e-001
 4.5716977e-001
 4.6093965e-001
 4.6459210e-001
 4.6809691e-001
 4.7134072e-001
 4.7380286e-001
 4.7574481e-001
 4.7876519e-001
 4.8153314e-001
 4.8449153e-001
 4.8603365e-001
 4.8701680e-001
 4.8829553e-001
 4.9086055e-001
 4.9292603e-001
 4.9474424e-001
 4.9664366e-001
 4.9826217e-001
 4.9967450e-001
 4.9807864e-001
 4.9931103e-001
 5.0117016e-001
 5.0197333e-001
 5.0258732e-001
 5.0373054e-001
 5.0437444e-001
 5.0526404e-001
 5.0563902e-001
 5.0636339e-001
 5.0682998e-001
 5.0747663e-001
 5.0808829e-001
 5.0830162e-001
 5.0896955e-001
 5.0964177e-001
 5.1070327e-001
 5.1375538e-001
 5.1361257e-001
 5.1614118e-001
 5.1817042e-001
 5.1807940e-001
 5.2010262e-001
 5.2396005e-001
 5.2802682e-001
 5.2781606e-001
 5.2962071e-001
 5.3315431e-001
 5.3331941e-001
 5.3444296e-001
 5.3437984e-001
 5.3723246e-001
 5.3987622e-001
 5.4058677e-001
 5.4135334e-001
 5.4373032e-001
 5.4340923e-001
 5.4311413e-001
 5.4493362e-001
 5.4684055e-001
 5.4671717e-001
 5.4704243e-001
 5.4876697e-001
 5.4940099e-001
 5.4969829e-001
 5.5115265e-001
 5.5182451e-001
 5.5180907e-001
 5.5346549e-001
 5.5387026e-001
 5.5476016e-001
 5.5464059e-001
 5.5436850e-001
 5.5511415e-001
 5.5718917e-001
 5.5888414e-001
 5.5779505e-001
 5.5848265e-001
 5.5941898e-001
 5.6144464e-001
 5.6375730e-001
 5.6334370e-001
 5.6487536e-001
 5.6540990e-001
 5.6388795e-001
 5.6508487e-001
 5.6557697e-001
 5.6626660e-001
 5.6728089e-001
 5.6791157e-001
 5.6852973e-001
 5.6871921e-001
 5.6850296e-001
 5.6820941e-001
 5.6845844e-001
 5.6871790e-001
 5.6898218e-001
 5.6654567e-001
 5.6049812e-001
 5.5256796e-001
 5.4533595e-001
 5.4541242e-001
 5.4921830e-001
 5.5424339e-001
 5.6003666e-001
 5.6321943e-001
 5.6557530e-001
 5.7189590e-001
 5.7689762e-001
 5.7821029e-001
 5.8147830e-001
 5.8531851e-001
 5.8628142e-001
 5.8668011e-001
 5.9057379e-001
 5.9213263e-001
 5.9320152e-001
 5.9407103e-001
 5.9640205e-001
 5.9645140e-001
 5.9893811e-001
 5.9868270e-001
 6.0060656e-001
 6.0220289e-001
 6.0384405e-001
 6.0461479e-001
 6.0357970e-001
 6.0426652e-001
 6.0919029e-001
 6.0996115e-001
 6.0524064e-001
 6.0151613e-001
 6.0169637e-001
 6.0383701e-001
 6.0795504e-001
 6.0605139e-001
 6.0469890e-001
 6.1072558e-001
 6.1140913e-001
 6.1030221e-001
 6.0912305e-001
 6.0752755e-001
 6.0889786e-001
 6.0895926e-001
 6.1199242e-001
 6.0743898e-001
 6.0348243e-001
 5.9600198e-001
 5.9962606e-001
 5.8484083e-001
 5.5674726e-001
 5.1767623e-001
 4.9001616e-001
 4.8899755e-001
 5.1242733e-001
 5.2981651e-001
 5.3747171e-001
 5.4911214e-001
 5.6054682e-001
 5.7149673e-001
 5.7704270e-001
 5.8502537e-001
 5.9443319e-001
 5.9970140e-001
 6.0243988e-001
 6.0884285e-001
 6.0736251e-001
 6.1078787e-001
 6.1547703e-001
 6.1815220e-001
 6.1925030e-001
 6.1805546e-001
 6.2136006e-001
 6.2384206e-001
 6.2328941e-001
 6.2068856e-001
 6.1779618e-001
 6.1310506e-001
 6.0382605e-001
 6.0098714e-001
 5.9171051e-001
 5.8864641e-001
 5.9911877e-001
 6.0187256e-001
 6.0139000e-001
 6.0515583e-001
 6.0261357e-001
 5.9795225e-001
 5.9443212e-001
 5.8550835e-001
 5.6870055e-001
 5.5394787e-001
 5.4480946e-001
 5.3809613e-001
 5.2755082e-001
 5.2199858e-001
 5.3428453e-001
 5.4817182e-001
 5.4765791e-001
 5.4358697e-001
 5.3789192e-001
 5.2837956e-001
 5.1732087e-001
 5.0836152e-001
 5.0071877e-001
 4.9260336e-001
 4.8467124e-001
 4.7561488e-001
 4.6653000e-001
 4.5684502e-001
 4.4582585e-001
 4.3359619e-001
