s07_AV97 Record=2977: Serpentine HS8.3B            ASDFRc AREF
 2.1487626e-001
 2.1641970e-001
 2.1856533e-001
 2.2137839e-001
 2.2254039e-001
 2.2537257e-001
 2.2874783e-001
 2.3177066e-001
 2.3355989e-001
 2.3660006e-001
 2.4208584e-001
 2.4913822e-001
 2.5353929e-001
 2.5545496e-001
 2.5820410e-001
 2.5880507e-001
 2.5743327e-001
 2.5595421e-001
 2.5466666e-001
 2.5314584e-001
 2.5122148e-001
 2.4885285e-001
 2.4619888e-001
 2.4357206e-001
 2.4068987e-001
 2.3762362e-001
 2.3425527e-001
 2.3089251e-001
 2.2756507e-001
 2.2435068e-001
 2.2154170e-001
 2.1908937e-001
 2.2194774e-001
 2.1956278e-001
 2.1731839e-001
 2.1539210e-001
 2.1390168e-001
 2.1269245e-001
 2.1189289e-001
 2.1144888e-001
 2.1163724e-001
 2.1220379e-001
 2.1344790e-001
 2.1491370e-001
 2.1647258e-001
 2.1803965e-001
 2.1880324e-001
 2.1904247e-001
 2.1850719e-001
 2.1734872e-001
 2.1588573e-001
 2.1417992e-001
 2.1228744e-001
 2.1055339e-001
 2.0894048e-001
 2.0757262e-001
 2.0671438e-001
 2.0616192e-001
 2.0581481e-001
 2.0573519e-001
 2.0595869e-001
 2.0592469e-001
 2.0590082e-001
 2.0665552e-001
 2.0756567e-001
 2.0803200e-001
 2.0821790e-001
 2.0811965e-001
 2.0816542e-001
 2.0765290e-001
 2.0733669e-001
 2.0682867e-001
 2.0610878e-001
 2.0568059e-001
 2.0514762e-001
 2.0472996e-001
 2.0427459e-001
 2.0397128e-001
 2.0397981e-001
 2.0397907e-001
 2.0415382e-001
 2.0427917e-001
 2.0461358e-001
 2.0483309e-001
 2.0545524e-001
 2.0611285e-001
 2.0681272e-001
 2.0740791e-001
 2.0825826e-001
 2.0920257e-001
 2.1009034e-001
 2.1103969e-001
 2.1192160e-001
 2.1279633e-001
 2.1363713e-001
 2.1429156e-001
 2.1316555e-001
 2.1403040e-001
 2.1445106e-001
 2.1501859e-001
 2.1644381e-001
 2.1772733e-001
 2.1865195e-001
 2.1963182e-001
 2.2059929e-001
 2.2127019e-001
 2.2060558e-001
 2.1893334e-001
 2.1749757e-001
 1.9730929e-001
 1.8994217e-001
 1.9950360e-001
 2.1634494e-001
 2.2274156e-001
 2.2473770e-001
 2.2651590e-001
 2.2770588e-001
 2.2857085e-001
 2.2931157e-001
 2.2984205e-001
 2.3013815e-001
 2.3057047e-001
 2.3072137e-001
 2.3083356e-001
 2.3101376e-001
 2.3123226e-001
 2.3164962e-001
 2.3200808e-001
 2.3210087e-001
 2.3206073e-001
 2.3206070e-001
 2.3233618e-001
 2.3232269e-001
 2.3230131e-001
 2.3225760e-001
 2.3232920e-001
 2.3267005e-001
 2.3243561e-001
 2.3203731e-001
 2.3208293e-001
 2.3205025e-001
 2.3197994e-001
 2.3186593e-001
 2.3171900e-001
 2.3105040e-001
 2.3033035e-001
 2.3004924e-001
 2.2968911e-001
 2.2939117e-001
 2.2926052e-001
 2.2885485e-001
 2.2844334e-001
 2.2769061e-001
 2.2761637e-001
 2.2739363e-001
 2.2688100e-001
 2.2617140e-001
 2.2578900e-001
 2.2524849e-001
 2.2364363e-001
 2.2434123e-001
 2.2250462e-001
 2.2036946e-001
 2.1834396e-001
 2.1707544e-001
 2.1628398e-001
 2.1495192e-001
 2.1349579e-001
 2.1163674e-001
 2.0998174e-001
 2.0886849e-001
 2.0914471e-001
 2.1054369e-001
 2.1179037e-001
 2.1254776e-001
 2.1332727e-001
 2.1478790e-001
 2.1619231e-001
 2.1717352e-001
 2.1711260e-001
 2.1516912e-001
 2.1202043e-001
 2.1007758e-001
 2.0969811e-001
 2.1042971e-001
 2.0955789e-001
 2.0971788e-001
 2.1133432e-001
 2.1253046e-001
 2.1347696e-001
 2.1338825e-001
 2.1302021e-001
 2.1233739e-001
 2.1115655e-001
 2.0833410e-001
 2.0232210e-001
 1.9363678e-001
 1.8808620e-001
 1.8409890e-001
 1.7715308e-001
 1.7110042e-001
 1.6582914e-001
 1.5776873e-001
 1.4613143e-001
 1.3409492e-001
 1.3250770e-001
 1.4398637e-001
 1.6177012e-001
 1.7275393e-001
 1.7145379e-001
 1.6413218e-001
 1.6176079e-001
 1.6124062e-001
 1.5775920e-001
 1.5373334e-001
 1.5177648e-001
 1.5028591e-001
 1.4694075e-001
 1.4679089e-001
 1.5011579e-001
 1.4930604e-001
 1.4346071e-001
 1.3834001e-001
-1.2300000e+034
