s07_AV97 Record=1432: Halloysite NMNH106237         NIC4a RREF
-1.2300000e+034
-1.2300000e+034
-1.2300000e+034
-1.2300000e+034
-1.2300000e+034
-1.2300000e+034
-1.2300000e+034
-1.2300000e+034
-1.2300000e+034
-1.2300000e+034
-1.2300000e+034
-1.2300000e+034
-1.2300000e+034
-1.2300000e+034
-1.2300000e+034
-1.2300000e+034
-1.2300000e+034
-1.2300000e+034
-1.2300000e+034
-1.2300000e+034
-1.2300000e+034
-1.2300000e+034
-1.2300000e+034
-1.2300000e+034
-1.2300000e+034
-1.2300000e+034
-1.2300000e+034
-1.2300000e+034
-1.2300000e+034
-1.2300000e+034
-1.2300000e+034
-1.2300000e+034
-1.2300000e+034
-1.2300000e+034
-1.2300000e+034
-1.2300000e+034
-1.2300000e+034
-1.2300000e+034
-1.2300000e+034
-1.2300000e+034
-1.2300000e+034
-1.2300000e+034
-1.2300000e+034
-1.2300000e+034
-1.2300000e+034
-1.2300000e+034
-1.2300000e+034
-1.2300000e+034
-1.2300000e+034
-1.2300000e+034
-1.2300000e+034
-1.2300000e+034
-1.2300000e+034
-1.2300000e+034
-1.2300000e+034
-1.2300000e+034
-1.2300000e+034
-1.2300000e+034
-1.2300000e+034
-1.2300000e+034
-1.2300000e+034
-1.2300000e+034
-1.2300000e+034
-1.2300000e+034
-1.2300000e+034
-1.2300000e+034
-1.2300000e+034
-1.2300000e+034
-1.2300000e+034
-1.2300000e+034
-1.2300000e+034
-1.2300000e+034
-1.2300000e+034
-1.2300000e+034
-1.2300000e+034
-1.2300000e+034
-1.2300000e+034
-1.2300000e+034
-1.2300000e+034
-1.2300000e+034
-1.2300000e+034
-1.2300000e+034
-1.2300000e+034
-1.2300000e+034
-1.2300000e+034
-1.2300000e+034
-1.2300000e+034
-1.2300000e+034
-1.2300000e+034
-1.2300000e+034
-1.2300000e+034
-1.2300000e+034
-1.2300000e+034
-1.2300000e+034
-1.2300000e+034
-1.2300000e+034
-1.2300000e+034
-1.2300000e+034
-1.2300000e+034
-1.2300000e+034
-1.2300000e+034
-1.2300000e+034
-1.2300000e+034
-1.2300000e+034
-1.2300000e+034
 8.0378371e-001
 7.7642447e-001
 7.3527944e-001
 6.6279083e-001
 5.4514450e-001
 5.1611936e-001
 5.1734114e-001
 4.8349977e-001
 5.9433383e-001
 6.4200652e-001
 6.5854478e-001
 6.6719896e-001
 6.7111737e-001
 6.7571753e-001
 6.8124217e-001
 6.8586963e-001
 6.9216633e-001
 6.9747001e-001
 7.0088530e-001
 7.0457160e-001
 7.0956880e-001
 7.1499562e-001
 7.2010702e-001
 7.2433031e-001
 7.2784644e-001
 7.3146176e-001
 7.3617572e-001
 7.4075097e-001
 7.4511695e-001
 7.4864209e-001
 7.5087667e-001
 7.5259966e-001
 7.5466192e-001
 7.5714976e-001
 7.5965863e-001
 7.6191264e-001
 7.6294839e-001
 7.6246387e-001
 7.6091528e-001
 7.5914049e-001
 7.5786257e-001
 7.5722611e-001
 7.5654912e-001
 7.5476283e-001
 7.5168937e-001
 7.4819809e-001
 7.4583524e-001
 7.4425280e-001
 7.4279338e-001
 7.4147916e-001
 7.3801351e-001
 7.3996663e-001
 7.3739493e-001
 7.1901399e-001
 6.8575883e-001
 6.9772512e-001
 6.5854698e-001
 6.1222577e-001
 5.7031590e-001
 5.7200831e-001
 5.9413069e-001
 6.0962713e-001
 6.2171930e-001
 6.3382238e-001
 6.4294863e-001
 6.4990538e-001
 6.5740186e-001
 6.6639119e-001
 6.7508900e-001
 6.8092722e-001
 6.8403542e-001
 6.8513626e-001
 6.8354833e-001
 6.7807394e-001
 6.7048299e-001
 6.6205978e-001
 6.5335864e-001
 6.4277357e-001
 6.2529403e-001
 6.1300862e-001
 5.9770739e-001
 5.6693023e-001
 5.1357853e-001
 4.5746869e-001
 4.2969540e-001
 4.1802728e-001
 3.8701642e-001
 3.3029094e-001
 3.0527109e-001
 4.0196002e-001
 4.7516069e-001
 5.0413370e-001
 5.1401824e-001
 5.1527286e-001
 5.1143420e-001
 5.0207603e-001
 4.8757485e-001
 4.6729010e-001
 4.4512889e-001
 4.3187651e-001
 4.2519513e-001
 4.1573194e-001
 3.9685720e-001
 3.8672739e-001
 3.7998691e-001
 3.5874179e-001
 3.4653637e-001
 3.4687269e-001
 3.4297410e-001
 3.3087906e-001
 3.1615135e-001
 3.0134583e-001
 2.9377133e-001
 2.8866038e-001
 2.8045815e-001
 2.6796198e-001
 2.5769147e-001
 2.5227407e-001
 2.4534844e-001
