s07_AV97 Record=63: Actinolite HS315.4B           BECKb AREF
 2.0233735e-001
 2.1349047e-001
 2.2533080e-001
 2.3596996e-001
 2.4319969e-001
 2.5520727e-001
 2.6871917e-001
 2.8242821e-001
 2.8932798e-001
 2.9994512e-001
 3.1068754e-001
 3.2282108e-001
 3.3368567e-001
 3.4114614e-001
 3.4702730e-001
 3.5745516e-001
 3.6208904e-001
 3.6567956e-001
 3.6764711e-001
 3.7330160e-001
 3.7673405e-001
 3.7603021e-001
 3.7371010e-001
 3.7168807e-001
 3.6878973e-001
 3.6592305e-001
 3.6249602e-001
 3.5964921e-001
 3.5678595e-001
 3.5391968e-001
 3.5107672e-001
 3.4948891e-001
 3.5147381e-001
 3.4969467e-001
 3.4815127e-001
 3.4679160e-001
 3.4502316e-001
 3.4439141e-001
 3.4385058e-001
 3.4470367e-001
 3.4657365e-001
 3.4672815e-001
 3.4897605e-001
 3.5163772e-001
 3.5328731e-001
 3.5584146e-001
 3.5535464e-001
 3.5389474e-001
 3.5194701e-001
 3.4628889e-001
 3.3637127e-001
 3.3492255e-001
 3.3038831e-001
 3.2374966e-001
 3.1470433e-001
 3.0296811e-001
 2.9517776e-001
 2.8364035e-001
 2.7128410e-001
 2.5890014e-001
 2.5041187e-001
 2.3795709e-001
 2.1970762e-001
 2.1409188e-001
 2.0140748e-001
 1.9440517e-001
 1.8300481e-001
 1.7886668e-001
 1.7197412e-001
 1.6713654e-001
 1.6620268e-001
 1.6644016e-001
 1.7062964e-001
 1.7777915e-001
 1.8971822e-001
 2.0350645e-001
 2.2063011e-001
 2.4045740e-001
 2.5613537e-001
 2.7501184e-001
 2.9098612e-001
 3.0805638e-001
 3.2309031e-001
 3.3785540e-001
 3.4812853e-001
 3.5818857e-001
 3.6789396e-001
 3.7937340e-001
 3.8828602e-001
 3.9758033e-001
 4.0806344e-001
 4.1740087e-001
 4.2554709e-001
 4.3597290e-001
 4.4428501e-001
 4.5106360e-001
 4.3955043e-001
 4.4824025e-001
 4.5305681e-001
 4.6447778e-001
 4.7392482e-001
 4.8476961e-001
 4.9266922e-001
 4.9884132e-001
 5.1063460e-001
 5.2088356e-001
 5.2525753e-001
 5.2254122e-001
 4.9828434e-001
 4.4424242e-001
 3.0930302e-001
 4.3904021e-001
 5.2134955e-001
 5.5131245e-001
 5.6451935e-001
 5.7496464e-001
 5.8324742e-001
 5.8927339e-001
 5.9500301e-001
 5.9949315e-001
 6.0529107e-001
 6.1105055e-001
 6.1345828e-001
 6.1933881e-001
 6.2283629e-001
 6.2557739e-001
 6.3202995e-001
 6.3877928e-001
 6.4229727e-001
 6.4260149e-001
 6.4729077e-001
 6.5036976e-001
 6.5308940e-001
 6.5281761e-001
 6.5490967e-001
 6.5729314e-001
 6.5741318e-001
 6.5802437e-001
 6.5937227e-001
 6.6291779e-001
 6.5937746e-001
 6.6648817e-001
 6.6237718e-001
 6.6211820e-001
 6.5803462e-001
 6.5659434e-001
 6.5571576e-001
 6.5359110e-001
 6.5464425e-001
 6.5230149e-001
 6.4619410e-001
 6.4098334e-001
 6.3652098e-001
 6.2692940e-001
 6.2305593e-001
 6.1142826e-001
 6.0202360e-001
 5.9663147e-001
 5.9313583e-001
 5.8766830e-001
 5.8984691e-001
 5.8569384e-001
 5.7352030e-001
 5.5392683e-001
 5.4969859e-001
 5.4241711e-001
 5.3806412e-001
 5.2797604e-001
 5.2233499e-001
 5.1657826e-001
 5.0009060e-001
 4.8925018e-001
 4.7835243e-001
 4.7628134e-001
 4.7239038e-001
 4.7397307e-001
 4.7282764e-001
 4.5845041e-001
 4.4731781e-001
 4.4144326e-001
 4.3585816e-001
 4.2799783e-001
 4.0529954e-001
 3.7811098e-001
 3.6667123e-001
 3.6828530e-001
 3.7263742e-001
 3.7512764e-001
 3.7644175e-001
 3.8181889e-001
 3.7604517e-001
 3.7064987e-001
 3.6860579e-001
 3.6126393e-001
 3.5557556e-001
 3.4096020e-001
 3.1229523e-001
 2.9121229e-001
 2.8099236e-001
 2.4323490e-001
 2.0440525e-001
 1.7347941e-001
 1.2608495e-001
 1.1364617e-001
 1.2170789e-001
 1.8203849e-001
 2.2885002e-001
 2.3876166e-001
 2.2759570e-001
 2.0086089e-001
 1.5785302e-001
 1.4337702e-001
 1.7033325e-001
 1.9650820e-001
 2.0821634e-001
 2.0969151e-001
 2.0567991e-001
 2.0073342e-001
 1.9727780e-001
 1.9543760e-001
 1.9625391e-001
 1.9910160e-001
 2.0311554e-001
 2.0746861e-001
