s07_AV97 Record=3693: Calcite.5+Dolomite.5 AMX8     BECKb AREF
 7.4029416e-001
 7.4853170e-001
 7.5801468e-001
 7.6725912e-001
 7.7777606e-001
 7.8692114e-001
 7.9458940e-001
 8.0164957e-001
 8.0831999e-001
 8.1016898e-001
 8.1331384e-001
 8.1555182e-001
 8.1804454e-001
 8.2003284e-001
 8.2040381e-001
 8.2133460e-001
 8.2202482e-001
 8.2374364e-001
 8.2332969e-001
 8.2398134e-001
 8.2415569e-001
 8.2506102e-001
 8.2630736e-001
 8.2701117e-001
 8.2654208e-001
 8.2580584e-001
 8.2622170e-001
 8.2717222e-001
 8.2659566e-001
 8.2693702e-001
 8.2878119e-001
 8.3114940e-001
 8.2840371e-001
 8.3106726e-001
 8.2993942e-001
 8.2988942e-001
 8.3010399e-001
 8.3105427e-001
 8.3273488e-001
 8.3273429e-001
 8.3175600e-001
 8.3361483e-001
 8.3393103e-001
 8.3321089e-001
 8.3495593e-001
 8.3550298e-001
 8.3440804e-001
 8.3563799e-001
 8.3531684e-001
 8.3612615e-001
 8.3726352e-001
 8.3616352e-001
 8.3281708e-001
 8.3655584e-001
 8.3524936e-001
 8.3192617e-001
 8.3253115e-001
 8.2737756e-001
 8.2925147e-001
 8.2705206e-001
 8.2659787e-001
 8.2305849e-001
 8.2250845e-001
 8.2366174e-001
 8.2047045e-001
 8.2289600e-001
 8.1910580e-001
 8.1934035e-001
 8.2133353e-001
 8.2204860e-001
 8.2047141e-001
 8.2029468e-001
 8.1873375e-001
 8.1995296e-001
 8.2018209e-001
 8.2016587e-001
 8.2121480e-001
 8.1996197e-001
 8.2109624e-001
 8.2008773e-001
 8.2065618e-001
 8.2171398e-001
 8.2081747e-001
 8.1994343e-001
 8.2009053e-001
 8.2053709e-001
 8.1544197e-001
 8.1824696e-001
 8.1917399e-001
 8.1898749e-001
 8.1832272e-001
 8.1815827e-001
 8.1971973e-001
 8.1789339e-001
 8.1786877e-001
 8.1847644e-001
 8.1794345e-001
 8.1801122e-001
 8.1926411e-001
 8.1824887e-001
 8.1802332e-001
 8.1805927e-001
 8.1783652e-001
 8.1800336e-001
 8.1771064e-001
 8.1829739e-001
 8.1800139e-001
 8.1700712e-001
 8.1948709e-001
 8.1754977e-001
 8.1729102e-001
 8.1808376e-001
 8.1859899e-001
 8.1892258e-001
 8.1878191e-001
 8.1773025e-001
 8.1807536e-001
 8.1793481e-001
 8.1998736e-001
 8.2275826e-001
 8.2252455e-001
 8.2171178e-001
 8.2171541e-001
 8.2165372e-001
 8.2267898e-001
 8.2294828e-001
 8.2468528e-001
 8.2190740e-001
 8.2164425e-001
 8.2284462e-001
 8.2311314e-001
 8.2426739e-001
 8.2329804e-001
 8.2262236e-001
 8.2116431e-001
 8.2189280e-001
 8.2174915e-001
 8.2187015e-001
 8.2007331e-001
 8.1897920e-001
 8.1669629e-001
 8.1528431e-001
 8.1159008e-001
 8.0885816e-001
 8.1146985e-001
 8.1052274e-001
 8.0930328e-001
 8.1141996e-001
 8.1802571e-001
 8.1692845e-001
 8.1475973e-001
 8.1368774e-001
 8.1035340e-001
 8.0364066e-001
 7.9816508e-001
 7.9024029e-001
 7.8412497e-001
 7.7711493e-001
 7.6589525e-001
 7.7686447e-001
 7.7053022e-001
 7.8955305e-001
 7.9626179e-001
 7.9503071e-001
 7.9351807e-001
 7.9171157e-001
 7.8842312e-001
 7.8546536e-001
 7.7951020e-001
 7.7239895e-001
 7.6597416e-001
 7.6179951e-001
 7.6347214e-001
 7.8084624e-001
 7.9726720e-001
 8.0338430e-001
 8.0421537e-001
 8.0634749e-001
 8.0684996e-001
 8.0699074e-001
 8.0285043e-001
 8.0271536e-001
 7.9787481e-001
 7.9105794e-001
 7.8948760e-001
 7.8542900e-001
 7.7335286e-001
 7.5931662e-001
 7.5823146e-001
 7.6239282e-001
 7.7008569e-001
 7.6924956e-001
 7.5999027e-001
 7.4779904e-001
 7.3757696e-001
 7.2572720e-001
 7.0537668e-001
 6.7904824e-001
 6.4813644e-001
 6.2230957e-001
 6.0257292e-001
 5.7665634e-001
 5.5398124e-001
 5.4086137e-001
 5.2145582e-001
 5.1428908e-001
 5.2725333e-001
 5.7373440e-001
 6.3489187e-001
 6.8757778e-001
 7.1489233e-001
 7.1354377e-001
 7.0601094e-001
 6.9720525e-001
 6.8248999e-001
 6.5633130e-001
 6.2263870e-001
 5.8746588e-001
 5.5685461e-001
 5.2506059e-001
 4.9626723e-001
 4.6978855e-001
 4.4466102e-001
 4.2200646e-001
