s07_AV97 Record=2124: Monticellite HS339.1B        ASDFRb AREF
 4.9974462e-001
 5.1610166e-001
 5.3120261e-001
 5.4676378e-001
 5.6127727e-001
 5.7436794e-001
 5.8569348e-001
 5.9511268e-001
 6.0279137e-001
 6.0884142e-001
 6.1481106e-001
 6.2116009e-001
 6.2767702e-001
 6.3293791e-001
 6.3708013e-001
 6.4020020e-001
 6.4274693e-001
 6.4496756e-001
 6.4704877e-001
 6.4893508e-001
 6.5061778e-001
 6.5193725e-001
 6.5305638e-001
 6.5396243e-001
 6.5477729e-001
 6.5551943e-001
 6.5607053e-001
 6.5645200e-001
 6.5699399e-001
 6.5800011e-001
 6.5905178e-001
 6.6019976e-001
 6.5886050e-001
 6.5994078e-001
 6.6112548e-001
 6.6233963e-001
 6.6367060e-001
 6.6482377e-001
 6.6597682e-001
 6.6697341e-001
 6.6768301e-001
 6.6833657e-001
 6.6887015e-001
 6.6940057e-001
 6.6961366e-001
 6.6956472e-001
 6.6949463e-001
 6.6916168e-001
 6.6896933e-001
 6.6855460e-001
 6.6797209e-001
 6.6754997e-001
 6.6705734e-001
 6.6596878e-001
 6.6559380e-001
 6.6498441e-001
 6.6482055e-001
 6.6421878e-001
 6.6379970e-001
 6.6375506e-001
 6.6369414e-001
 6.6418725e-001
 6.6452438e-001
 6.6522437e-001
 6.6584152e-001
 6.6681761e-001
 6.6799188e-001
 6.6907245e-001
 6.6993278e-001
 6.7088401e-001
 6.7249596e-001
 6.7347986e-001
 6.7455345e-001
 6.7560834e-001
 6.7623949e-001
 6.7715359e-001
 6.7781508e-001
 6.7822802e-001
 6.7860043e-001
 6.7916125e-001
 6.7921764e-001
 6.7921770e-001
 6.7939150e-001
 6.7975378e-001
 6.8026549e-001
 6.8041456e-001
 6.8035972e-001
 6.8089426e-001
 6.8102592e-001
 6.8117440e-001
 6.8147635e-001
 6.8141723e-001
 6.8169701e-001
 6.8228698e-001
 6.8253541e-001
 6.8302363e-001
 6.8222266e-001
 6.8286866e-001
 6.8316102e-001
 6.8353200e-001
 6.8390119e-001
 6.8417388e-001
 6.8424702e-001
 6.8478304e-001
 6.8462682e-001
 6.8489099e-001
 6.8477786e-001
 6.8533766e-001
 6.8521589e-001
 6.8389630e-001
 6.8260598e-001
 6.8292576e-001
 6.8378597e-001
 6.8443292e-001
 6.8498772e-001
 6.8574858e-001
 6.8608290e-001
 6.8600440e-001
 6.8549573e-001
 6.8532687e-001
 6.8633336e-001
 6.8615180e-001
 6.8597901e-001
 6.8576431e-001
 6.8625486e-001
 6.8546969e-001
 6.8460047e-001
 6.8461782e-001
 6.8370658e-001
 6.8258268e-001
 6.8240505e-001
 6.8162870e-001
 6.7965734e-001
 6.7915219e-001
 6.7800188e-001
 6.7634183e-001
 6.7603123e-001
 6.7486066e-001
 6.7380446e-001
 6.7246276e-001
 6.7190093e-001
 6.7118233e-001
 6.6993922e-001
 6.6826028e-001
 6.6746199e-001
 6.6567141e-001
 6.6406411e-001
 6.6286981e-001
 6.6306269e-001
 6.6277152e-001
 6.6206849e-001
 6.6133380e-001
 6.6008323e-001
 6.5927696e-001
 6.5844768e-001
 6.5824318e-001
 6.5834963e-001
 6.5818959e-001
 6.5768510e-001
 6.5701455e-001
 6.5735674e-001
 6.5642804e-001
 6.5427959e-001
 6.5127546e-001
 6.4872772e-001
 6.4746672e-001
 6.4728129e-001
 6.4715606e-001
 6.4767241e-001
 6.4714533e-001
 6.4771193e-001
 6.4894843e-001
 6.4973176e-001
 6.5103495e-001
 6.5146041e-001
 6.5231210e-001
 6.5391004e-001
 6.5415531e-001
 6.5568155e-001
 6.5719271e-001
 6.5779209e-001
 6.5875340e-001
 6.5963066e-001
 6.5952986e-001
 6.5980762e-001
 6.6058719e-001
 6.6089815e-001
 6.6074741e-001
 6.6125751e-001
 6.6109991e-001
 6.6023344e-001
 6.6091549e-001
 6.6063035e-001
 6.6066670e-001
 6.5876406e-001
 6.5650618e-001
 6.5641665e-001
 6.5578604e-001
 6.5542060e-001
 6.5627837e-001
 6.5682453e-001
 6.5532595e-001
 6.5543324e-001
 6.5639091e-001
 6.5593892e-001
 6.5797865e-001
 6.5761048e-001
 6.5811044e-001
 6.5713382e-001
 6.5596002e-001
 6.5537840e-001
 6.5498930e-001
 6.5510726e-001
 6.5257442e-001
 6.5070760e-001
 6.4876747e-001
 6.4797884e-001
 6.4588785e-001
 6.4503306e-001
 6.4223599e-001
 6.4270669e-001
 6.4035410e-001
 6.3895822e-001
-1.2300000e+034
