s07_AV97 Record=602: Bronzite HS9.1B              ASDFRb AREF
 4.1674042e-001
 4.3430775e-001
 4.5076641e-001
 4.6497148e-001
 4.7698563e-001
 4.8788479e-001
 4.9907637e-001
 5.1227617e-001
 5.2319086e-001
 5.3282851e-001
 5.4094374e-001
 5.4911131e-001
 5.5847996e-001
 5.6887406e-001
 5.7924014e-001
 5.9391695e-001
 6.0534632e-001
 6.1377293e-001
 6.1890984e-001
 6.2422073e-001
 6.2850851e-001
 6.3171035e-001
 6.3492191e-001
 6.3811231e-001
 6.4186084e-001
 6.4592797e-001
 6.5000170e-001
 6.5341109e-001
 6.5572590e-001
 6.5753365e-001
 6.5962285e-001
 6.6240150e-001
 6.5920800e-001
 6.6180438e-001
 6.6472197e-001
 6.6615385e-001
 6.6794086e-001
 6.6987604e-001
 6.7057616e-001
 6.7016315e-001
 6.6784769e-001
 6.6311914e-001
 6.5560210e-001
 6.4546651e-001
 6.3251263e-001
 6.1692137e-001
 5.9906906e-001
 5.7961112e-001
 5.5886221e-001
 5.3762847e-001
 5.1680279e-001
 4.9714768e-001
 4.7923827e-001
 4.6311453e-001
 4.4935811e-001
 4.3836272e-001
 4.3047523e-001
 4.2558721e-001
 4.2419937e-001
 4.2640933e-001
 4.3236268e-001
 4.4114131e-001
 4.5344028e-001
 4.6876535e-001
 4.8657244e-001
 5.0567716e-001
 5.2557135e-001
 5.4559654e-001
 5.6383055e-001
 5.8207434e-001
 5.9862661e-001
 6.1204946e-001
 6.2507480e-001
 6.3546318e-001
 6.4534104e-001
 6.5341455e-001
 6.6001976e-001
 6.6629428e-001
 6.7232764e-001
 6.7647821e-001
 6.8047887e-001
 6.8394119e-001
 6.8685371e-001
 6.8929458e-001
 6.9109452e-001
 6.9271803e-001
 6.9426626e-001
 6.9574320e-001
 6.9738400e-001
 6.9893241e-001
 7.0051491e-001
 7.0238620e-001
 7.0354241e-001
 7.0407814e-001
 7.0537305e-001
 7.0630121e-001
 7.0459163e-001
 7.0588273e-001
 7.0670778e-001
 7.0758951e-001
 7.0815384e-001
 7.0885688e-001
 7.0888144e-001
 7.0902979e-001
 7.0913357e-001
 7.0940894e-001
 7.0888561e-001
 7.0888871e-001
 7.0819283e-001
 7.0683342e-001
 7.0449990e-001
 7.0358914e-001
 7.0229828e-001
 7.0018995e-001
 6.9844508e-001
 6.9625390e-001
 6.9381446e-001
 6.9053543e-001
 6.8726337e-001
 6.8392372e-001
 6.7979908e-001
 6.7581439e-001
 6.7097855e-001
 6.6636556e-001
 6.6186559e-001
 6.5634513e-001
 6.5148932e-001
 6.4717644e-001
 6.4153856e-001
 6.3514978e-001
 6.2968260e-001
 6.2496454e-001
 6.1880738e-001
 6.1339670e-001
 6.0794771e-001
 6.0364360e-001
 5.9869212e-001
 5.9320575e-001
 5.8797771e-001
 5.8451813e-001
 5.7958055e-001
 5.7610565e-001
 5.7188326e-001
 5.6808925e-001
 5.6440389e-001
 5.6079865e-001
 5.5683124e-001
 5.5385870e-001
 5.5154145e-001
 5.4897928e-001
 5.4753786e-001
 5.4591471e-001
 5.4431599e-001
 5.4257071e-001
 5.4212320e-001
 5.4147720e-001
 5.4086375e-001
 5.4135817e-001
 5.4214066e-001
 5.4271740e-001
 5.4249406e-001
 5.4267454e-001
 5.4378170e-001
 5.4589260e-001
 5.4638326e-001
 5.4714483e-001
 5.4935449e-001
 5.5131686e-001
 5.5367291e-001
 5.5697632e-001
 5.5908567e-001
 5.6256115e-001
 5.6613725e-001
 5.7065398e-001
 5.7468146e-001
 5.7826680e-001
 5.8171266e-001
 5.8667165e-001
 5.9048903e-001
 5.9493268e-001
 5.9967536e-001
 6.0309452e-001
 6.0648245e-001
 6.1034530e-001
 6.1445439e-001
 6.1670506e-001
 6.1940998e-001
 6.2372583e-001
 6.2543321e-001
 6.2790173e-001
 6.2888896e-001
 6.3126916e-001
 6.3436294e-001
 6.3740528e-001
 6.3872039e-001
 6.4020407e-001
 6.4232194e-001
 6.4481455e-001
 6.4551711e-001
 6.4663982e-001
 6.4744663e-001
 6.4803112e-001
 6.4930445e-001
 6.4990491e-001
 6.5273577e-001
 6.5585124e-001
 6.5821505e-001
 6.5953332e-001
 6.6112840e-001
 6.6142446e-001
 6.6284204e-001
 6.6347963e-001
 6.6348577e-001
 6.6387868e-001
 6.6657495e-001
 6.6696000e-001
 6.6714793e-001
 6.6712755e-001
 6.6857481e-001
 6.6857964e-001
 6.6806149e-001
 6.6831464e-001
 6.6769254e-001
-1.2300000e+034
