s07_AV97 Record=811: Chlorite SMR-13.e <30um       BECKb AREF
 2.0241466e-001
 2.1301945e-001
 2.2510484e-001
 2.3506644e-001
 2.4610505e-001
 2.5976080e-001
 2.7720693e-001
 2.9663587e-001
 3.1153458e-001
 3.2470867e-001
 3.3701885e-001
 3.5122922e-001
 3.6549518e-001
 3.7828901e-001
 3.9359030e-001
 4.0636882e-001
 4.1513327e-001
 4.2464179e-001
 4.3609741e-001
 4.4631311e-001
 4.5406890e-001
 4.6080038e-001
 4.6474275e-001
 4.6478045e-001
 4.6227139e-001
 4.5921335e-001
 4.5551881e-001
 4.5057964e-001
 4.4478613e-001
 4.4176525e-001
 4.3699488e-001
 4.3195584e-001
 4.3804139e-001
 4.3278009e-001
 4.2885181e-001
 4.2779809e-001
 4.2720574e-001
 4.2812774e-001
 4.3321446e-001
 4.3856686e-001
 4.4321993e-001
 4.5226440e-001
 4.6001241e-001
 4.6810406e-001
 4.7942334e-001
 4.8689303e-001
 4.9174172e-001
 4.9791873e-001
 4.9853417e-001
 4.9799272e-001
 4.9354738e-001
 4.8479006e-001
 4.8317245e-001
 4.7985545e-001
 4.7362819e-001
 4.7245839e-001
 4.7410181e-001
 4.7946897e-001
 4.7993258e-001
 4.8063356e-001
 4.8186451e-001
 4.8863924e-001
 4.9314913e-001
 4.9500096e-001
 5.0189734e-001
 5.0860327e-001
 5.1064914e-001
 5.1051646e-001
 5.1471460e-001
 5.0907445e-001
 5.1411313e-001
 5.1847750e-001
 5.2211893e-001
 5.2332985e-001
 5.2010107e-001
 5.1871639e-001
 5.2036232e-001
 5.2553797e-001
 5.2733898e-001
 5.2765501e-001
 5.3086716e-001
 5.3569520e-001
 5.4027086e-001
 5.4496050e-001
 5.4645324e-001
 5.5182898e-001
 5.6096715e-001
 5.6753331e-001
 5.6789804e-001
 5.7599562e-001
 5.8376449e-001
 5.8931059e-001
 5.9694690e-001
 6.0807675e-001
 6.1087203e-001
 6.2027138e-001
 6.1093682e-001
 6.1530948e-001
 6.2211186e-001
 6.2875271e-001
 6.3330626e-001
 6.4104533e-001
 6.4665121e-001
 6.5492731e-001
 6.6263330e-001
 6.7015791e-001
 6.7377621e-001
 6.8171805e-001
 6.8478757e-001
 6.6577560e-001
 6.5654546e-001
 6.7765200e-001
 6.8770504e-001
 6.9240314e-001
 6.9413030e-001
 6.9906014e-001
 7.0820594e-001
 7.1807635e-001
 7.2372222e-001
 7.3343676e-001
 7.3622459e-001
 7.4589634e-001
 7.4937278e-001
 7.5193965e-001
 7.5745648e-001
 7.6648027e-001
 7.6902807e-001
 7.6994693e-001
 7.7533102e-001
 7.8243428e-001
 7.9172856e-001
 7.9112411e-001
 7.9982549e-001
 8.0633634e-001
 8.0363935e-001
 8.1413352e-001
 8.1795770e-001
 8.1948954e-001
 8.1929386e-001
 8.2130700e-001
 8.3162463e-001
 8.3692354e-001
 8.3585328e-001
 8.3875179e-001
 8.3991921e-001
 8.4901601e-001
 8.5231680e-001
 8.5321683e-001
 8.5999757e-001
 8.4790474e-001
 8.5730201e-001
 8.5199934e-001
 8.5451943e-001
 8.6052597e-001
 8.5316634e-001
 8.5571134e-001
 8.5552490e-001
 8.5497767e-001
 8.4741133e-001
 8.3894718e-001
 8.4085524e-001
 8.3299583e-001
 8.2665944e-001
 8.1732684e-001
 8.0137783e-001
 8.0852550e-001
 8.1368428e-001
 8.1247485e-001
 8.1279373e-001
 8.1604010e-001
 8.2001382e-001
 8.1871730e-001
 8.2454824e-001
 8.2902378e-001
 8.3281338e-001
 8.4429514e-001
 8.6037827e-001
 8.6797327e-001
 8.7308866e-001
 8.7679118e-001
 8.7779063e-001
 8.7743700e-001
 8.8425773e-001
 8.7599713e-001
 8.7623537e-001
 8.8643169e-001
 8.8607645e-001
 8.8513398e-001
 8.7681288e-001
 8.6557299e-001
 8.6983043e-001
 8.5688287e-001
 8.4394109e-001
 8.3902758e-001
 8.2127661e-001
 7.9291987e-001
 7.5553018e-001
 7.3177326e-001
 7.3234969e-001
 7.3488635e-001
 7.2382540e-001
 6.9534731e-001
 6.5752661e-001
 6.4695042e-001
 6.2873095e-001
 6.1927491e-001
 6.3240141e-001
 6.4013886e-001
 6.7335230e-001
 6.8894076e-001
 6.9971979e-001
 6.9772255e-001
 7.0328808e-001
 7.1277660e-001
 7.1839392e-001
 7.1421874e-001
 7.0203924e-001
 6.8582451e-001
 6.7170274e-001
 6.6125268e-001
 6.5926749e-001
 6.6243875e-001
 6.6618186e-001
 6.6709840e-001
