s07_AV97 Record=1679: Jadeite HS343.4B             ASDFRb AREF
 1.1863063e-001
 1.2110694e-001
 1.2413997e-001
 1.2862405e-001
 1.3158597e-001
 1.3434373e-001
 1.3511026e-001
 1.3719715e-001
 1.4430776e-001
 1.4843108e-001
 1.5162227e-001
 1.5417770e-001
 1.5603805e-001
 1.5727921e-001
 1.5812181e-001
 1.5823399e-001
 1.5782383e-001
 1.5708125e-001
 1.5600544e-001
 1.5459435e-001
 1.5301457e-001
 1.5111768e-001
 1.4918046e-001
 1.4707118e-001
 1.4505367e-001
 1.4330561e-001
 1.4113617e-001
 1.3919032e-001
 1.3737366e-001
 1.3567269e-001
 1.3393754e-001
 1.3230115e-001
 1.3420707e-001
 1.3261621e-001
 1.3099003e-001
 1.2933679e-001
 1.2779132e-001
 1.2635905e-001
 1.2502861e-001
 1.2383827e-001
 1.2289018e-001
 1.2209836e-001
 1.2137295e-001
 1.2097998e-001
 1.2091503e-001
 1.2107906e-001
 1.2155372e-001
 1.2217105e-001
 1.2305266e-001
 1.2402659e-001
 1.2498841e-001
 1.2584136e-001
 1.2662022e-001
 1.2708487e-001
 1.2735042e-001
 1.2739146e-001
 1.2736821e-001
 1.2704976e-001
 1.2678520e-001
 1.2645651e-001
 1.2611210e-001
 1.2586118e-001
 1.2546203e-001
 1.2523173e-001
 1.2504140e-001
 1.2493319e-001
 1.2482718e-001
 1.2469669e-001
 1.2449723e-001
 1.2371880e-001
 1.2432115e-001
 1.2406318e-001
 1.2395678e-001
 1.2392100e-001
 1.2344439e-001
 1.2357865e-001
 1.2335385e-001
 1.2306105e-001
 1.2287845e-001
 1.2258778e-001
 1.2246057e-001
 1.2226346e-001
 1.2216710e-001
 1.2208490e-001
 1.2222897e-001
 1.2245531e-001
 1.2257531e-001
 1.2288782e-001
 1.2316203e-001
 1.2352475e-001
 1.2419514e-001
 1.2484752e-001
 1.2541886e-001
 1.2596874e-001
 1.2652870e-001
 1.2721512e-001
 1.2605278e-001
 1.2691309e-001
 1.2762313e-001
 1.2826520e-001
 1.2904105e-001
 1.2951992e-001
 1.3036737e-001
 1.3117091e-001
 1.3177665e-001
 1.3263339e-001
 1.3345419e-001
 1.3402143e-001
 1.3482149e-001
 1.3549252e-001
 1.3622424e-001
 1.3678963e-001
 1.3721761e-001
 1.3764775e-001
 1.3879429e-001
 1.4003226e-001
 1.4084193e-001
 1.4150903e-001
 1.4245391e-001
 1.4347908e-001
 1.4450160e-001
 1.4533952e-001
 1.4617419e-001
 1.4699054e-001
 1.4773290e-001
 1.4846142e-001
 1.4915799e-001
 1.4984147e-001
 1.5050992e-001
 1.5117162e-001
 1.5185010e-001
 1.5253924e-001
 1.5307707e-001
 1.5373993e-001
 1.5438335e-001
 1.5507768e-001
 1.5544721e-001
 1.5598977e-001
 1.5663718e-001
 1.5698415e-001
 1.5727669e-001
 1.5776680e-001
 1.5814970e-001
 1.5863878e-001
 1.5918240e-001
 1.5952060e-001
 1.5998045e-001
 1.6038297e-001
 1.6094849e-001
 1.6149393e-001
 1.6184689e-001
 1.6202252e-001
 1.6253994e-001
 1.6316953e-001
 1.6353072e-001
 1.6389114e-001
 1.6418076e-001
 1.6429082e-001
 1.6417289e-001
 1.6343324e-001
 1.6390948e-001
 1.6240117e-001
 1.5890634e-001
 1.5313998e-001
 1.5442733e-001
 1.5840785e-001
 1.6065721e-001
 1.6220471e-001
 1.6295816e-001
 1.6389298e-001
 1.6488159e-001
 1.6622424e-001
 1.6723017e-001
 1.6847019e-001
 1.6923319e-001
 1.6984835e-001
 1.7045154e-001
 1.7113672e-001
 1.7200585e-001
 1.7253995e-001
 1.7306072e-001
 1.7348056e-001
 1.7394911e-001
 1.7429440e-001
 1.7457904e-001
 1.7490619e-001
 1.7516711e-001
 1.7529051e-001
 1.7551483e-001
 1.7566942e-001
 1.7559338e-001
 1.7574415e-001
 1.7563306e-001
 1.7594156e-001
 1.7563082e-001
 1.7593277e-001
 1.7628264e-001
 1.7669864e-001
 1.7691794e-001
 1.7710641e-001
 1.7733023e-001
 1.7749931e-001
 1.7735645e-001
 1.7718150e-001
 1.7749581e-001
 1.7753491e-001
 1.7804225e-001
 1.7803828e-001
 1.7759307e-001
 1.7752288e-001
 1.7718633e-001
 1.7721827e-001
 1.7680919e-001
 1.7585807e-001
 1.7513594e-001
 1.7400396e-001
 1.7197461e-001
 1.7057557e-001
 1.6824020e-001
 1.6688034e-001
 1.6365194e-001
 1.6356021e-001
 1.6202140e-001
-1.2300000e+034
