s07_AV97 Record=532: Azurite WS316                 BECKa AREF
 4.1874491e-002
 4.5884006e-002
 5.2489430e-002
 6.2646024e-002
 7.7244453e-002
 9.5757060e-002
 1.1689337e-001
 1.3676269e-001
 1.4759009e-001
 1.4458901e-001
 1.3013202e-001
 1.1141664e-001
 9.4388425e-002
 8.1460983e-002
 7.1443260e-002
 6.4391114e-002
 5.9487741e-002
 5.5780649e-002
 5.3518984e-002
 5.2691843e-002
 5.2208740e-002
 5.0958909e-002
 5.0391976e-002
 5.1081542e-002
 5.1652037e-002
 5.1720943e-002
 5.0787143e-002
 4.9792156e-002
 4.9044050e-002
 4.8844848e-002
 4.8941169e-002
 4.9069788e-002
 4.8941087e-002
 4.9012210e-002
 4.9411654e-002
 4.9496446e-002
 4.9067300e-002
 4.9147073e-002
 4.9474526e-002
 4.9766779e-002
 4.9824961e-002
 5.0017286e-002
 4.9808513e-002
 4.9930993e-002
 5.0085846e-002
 4.9393397e-002
 4.9858253e-002
 5.0158210e-002
 4.9843207e-002
 5.0675225e-002
 5.1594332e-002
 5.2218683e-002
 5.3938121e-002
 5.4706361e-002
 5.6083541e-002
 5.6734689e-002
 5.6777876e-002
 5.8138166e-002
 6.0671438e-002
 6.0198236e-002
 6.3905180e-002
 6.6159330e-002
 6.7216478e-002
 7.0883691e-002
 7.5084217e-002
 7.8466214e-002
 8.0316819e-002
 8.5615925e-002
 8.9276649e-002
 9.2642382e-002
 9.5843770e-002
 1.0025132e-001
 1.0475677e-001
 1.0929968e-001
 1.1402167e-001
 1.1843548e-001
 1.2327788e-001
 1.2672971e-001
 1.3117759e-001
 1.3620448e-001
 1.4024758e-001
 1.4460702e-001
 1.4804654e-001
 1.5296212e-001
 1.5731366e-001
 1.6035144e-001
 1.6498114e-001
 1.6930661e-001
 1.7389697e-001
 1.7832722e-001
 1.8258674e-001
 1.8780804e-001
 1.9231510e-001
 1.9713448e-001
 2.0075493e-001
 2.0534737e-001
 1.9868901e-001
 2.0309399e-001
 2.0842470e-001
 2.1254908e-001
 2.1723372e-001
 2.1931338e-001
 2.1961613e-001
 2.2531110e-001
 2.2619638e-001
 2.2996283e-001
 2.4071591e-001
 2.4696739e-001
 2.5197491e-001
 2.5538051e-001
 2.5509420e-001
 2.5155044e-001
 2.4768536e-001
 2.4483085e-001
 2.4428798e-001
 2.4082693e-001
 2.3046587e-001
 2.1265495e-001
 1.8833503e-001
 1.6357759e-001
 1.4858824e-001
 1.4869250e-001
 1.7116156e-001
 1.9470550e-001
 2.2008570e-001
 2.4259044e-001
 2.6381633e-001
 2.8085127e-001
 2.9290417e-001
 3.0173844e-001
 3.0838153e-001
 3.1226751e-001
 3.1081876e-001
 3.1552544e-001
 3.1672525e-001
 3.2185295e-001
 3.2645610e-001
 3.2864559e-001
 3.2577786e-001
 3.2322645e-001
 3.2104403e-001
 3.1444517e-001
 3.0142805e-001
 3.0020872e-001
 3.0228892e-001
 3.0491373e-001
 3.0440533e-001
 3.0752733e-001
 3.1409031e-001
 3.2079640e-001
 3.2252297e-001
 3.1838498e-001
 3.1270805e-001
 3.0804899e-001
 3.0437472e-001
 3.0042210e-001
 2.9715887e-001
 2.8582028e-001
 2.6780075e-001
 2.3962282e-001
 2.4951588e-001
 2.2723657e-001
 2.3143573e-001
 2.3248728e-001
 2.1783876e-001
 2.1538849e-001
 2.1803145e-001
 2.1551973e-001
 2.0914494e-001
 1.9924204e-001
 1.8897615e-001
 1.9127636e-001
 1.9708793e-001
 1.9121115e-001
 1.8111159e-001
 1.7111772e-001
 1.6376965e-001
 1.6021627e-001
 1.7057623e-001
 1.8435690e-001
 2.0666765e-001
 2.1875921e-001
 2.2479518e-001
 2.2519723e-001
 2.2136010e-001
 2.1649314e-001
 2.1218701e-001
 2.0941909e-001
 2.0584846e-001
 2.0443131e-001
 2.0239894e-001
 1.9600023e-001
 1.8270333e-001
 1.6463262e-001
 1.5774292e-001
 1.6749237e-001
 1.6072062e-001
 1.4805576e-001
 1.3377310e-001
 1.1386354e-001
 8.3322354e-002
 6.6754900e-002
 8.0781706e-002
 1.0019601e-001
 1.0163222e-001
 9.0672761e-002
 7.0836022e-002
 6.0750026e-002
 6.0165957e-002
 7.1616434e-002
 8.5990474e-002
 9.0896010e-002
 9.6156292e-002
 1.0335577e-001
 1.1027090e-001
 1.1444765e-001
 1.1682694e-001
 1.1903980e-001
 1.2075274e-001
 1.2136252e-001
 1.1994896e-001
 1.1702321e-001
 1.1333633e-001
 1.0953502e-001
