s07_AV97 Record=3314: Topaz Tarryalls_#4            BECKb AREF
 8.3758456e-001
 8.4336305e-001
 8.4805167e-001
 8.5396767e-001
 8.5787153e-001
 8.6291081e-001
 8.6745697e-001
 8.7247616e-001
 8.7847388e-001
 8.8187510e-001
 8.8548124e-001
 8.8938934e-001
 8.9223081e-001
 8.9426237e-001
 8.9517570e-001
 8.9522517e-001
 8.9565873e-001
 8.9561141e-001
 8.9621943e-001
 8.9751643e-001
 8.9948940e-001
 9.0176576e-001
 9.0440208e-001
 9.1022611e-001
 9.1457987e-001
 9.1824836e-001
 9.1922808e-001
 9.2020023e-001
 9.2129481e-001
 9.2241585e-001
 9.2420113e-001
 9.2618144e-001
 9.2390829e-001
 9.2613757e-001
 9.2697334e-001
 9.2585921e-001
 9.2567170e-001
 9.2630512e-001
 9.2640203e-001
 9.2688894e-001
 9.2615563e-001
 9.2633504e-001
 9.2596823e-001
 9.2593199e-001
 9.2587513e-001
 9.2549562e-001
 9.2413461e-001
 9.2447835e-001
 9.2441505e-001
 9.2197841e-001
 9.2268050e-001
 9.2375576e-001
 9.2950380e-001
 9.3055969e-001
 9.3122542e-001
 9.3106025e-001
 9.3257231e-001
 9.3551511e-001
 9.3039447e-001
 9.3243933e-001
 9.3675756e-001
 9.3250269e-001
 9.3720633e-001
 9.3455160e-001
 9.3853992e-001
 9.3983859e-001
 9.4340456e-001
 9.4480824e-001
 9.4070435e-001
 9.4598687e-001
 9.4327521e-001
 9.4877887e-001
 9.4621581e-001
 9.4780058e-001
 9.4860190e-001
 9.4838667e-001
 9.5138264e-001
 9.5220733e-001
 9.5089853e-001
 9.5291859e-001
 9.5340729e-001
 9.5177734e-001
 9.5495957e-001
 9.5457447e-001
 9.5057946e-001
 9.5441937e-001
 9.5349061e-001
 9.5024842e-001
 9.5210052e-001
 9.5203471e-001
 9.5456034e-001
 9.5571929e-001
 9.5718098e-001
 9.5599818e-001
 9.5494550e-001
 9.5449948e-001
 9.5465356e-001
 9.5572156e-001
 9.5692599e-001
 9.5800126e-001
 9.5564288e-001
 9.5631486e-001
 9.5700526e-001
 9.5342821e-001
 9.5235133e-001
 9.4948733e-001
 9.5087308e-001
 9.5057690e-001
 9.4913268e-001
 9.5062459e-001
 9.3490195e-001
 8.6583644e-001
 9.2125553e-001
 9.4918495e-001
 9.5148498e-001
 9.5102119e-001
 9.5377702e-001
 9.5447218e-001
 9.5473784e-001
 9.5745903e-001
 9.5875347e-001
 9.5570344e-001
 9.5797658e-001
 9.5663780e-001
 9.5899069e-001
 9.5877272e-001
 9.5694804e-001
 9.6158117e-001
 9.5906091e-001
 9.5852494e-001
 9.5811212e-001
 9.5747536e-001
 9.5800340e-001
 9.6005440e-001
 9.6137702e-001
 9.5934302e-001
 9.5636702e-001
 9.5932716e-001
 9.5598382e-001
 9.4726610e-001
 9.4487494e-001
 9.4905931e-001
 9.4886953e-001
 9.5149577e-001
 9.4665676e-001
 9.4812256e-001
 9.4915211e-001
 9.4970745e-001
 9.5568192e-001
 9.5903981e-001
 9.5546049e-001
 9.5575827e-001
 9.5700091e-001
 9.5524120e-001
 9.5268536e-001
 9.5087463e-001
 9.4841015e-001
 9.5494252e-001
 9.5102292e-001
 9.4746792e-001
 9.4733202e-001
 9.4709480e-001
 9.4370604e-001
 9.4009924e-001
 9.3472117e-001
 9.3554574e-001
 9.3762398e-001
 9.3432039e-001
 9.3697375e-001
 9.3858302e-001
 9.3644547e-001
 9.4286472e-001
 9.4093674e-001
 9.3681490e-001
 9.4366008e-001
 9.4620931e-001
 9.4138390e-001
 9.3566656e-001
 9.1839635e-001
 8.6812586e-001
 6.9915915e-001
 6.6470641e-001
 8.4972608e-001
 8.9939487e-001
 9.1509402e-001
 9.1304111e-001
 8.8970476e-001
 8.6433911e-001
 8.6793178e-001
 8.8617879e-001
 8.8958246e-001
 8.9512044e-001
 8.9205599e-001
 8.8411802e-001
 8.9032263e-001
 9.0562850e-001
 9.0807998e-001
 9.0965611e-001
 8.8942462e-001
 8.8822865e-001
 9.0268677e-001
 8.9916813e-001
 8.9453322e-001
 8.7247109e-001
 8.6552817e-001
 8.6394894e-001
 8.6215556e-001
 8.6384797e-001
 8.6166978e-001
 8.4708536e-001
 8.3873254e-001
 8.5328615e-001
 8.4928566e-001
 8.3533609e-001
 8.2259572e-001
 8.1672978e-001
 8.1301868e-001
 8.0477458e-001
 7.9334778e-001
 7.7907860e-001
 7.6507473e-001
 7.4976140e-001
 7.3084825e-001
 7.0734477e-001
