s07_AV97 Record=870: Clinochlore GDS159            BECKb AREF
 3.5080147e-001
 3.8675553e-001
 4.2530212e-001
 4.6509010e-001
 5.0442839e-001
 5.4390603e-001
 5.8230042e-001
 6.1866510e-001
 6.4974099e-001
 6.7363238e-001
 6.9118541e-001
 7.0458925e-001
 7.1759588e-001
 7.2773409e-001
 7.3443979e-001
 7.4042809e-001
 7.4501139e-001
 7.4769044e-001
 7.4804765e-001
 7.4887121e-001
 7.4864936e-001
 7.4909115e-001
 7.4932146e-001
 7.4975675e-001
 7.5101686e-001
 7.5194126e-001
 7.5327891e-001
 7.5457102e-001
 7.5557142e-001
 7.5698715e-001
 7.5737184e-001
 7.5792539e-001
 7.5735605e-001
 7.5791675e-001
 7.5780421e-001
 7.5791764e-001
 7.5851440e-001
 7.5913328e-001
 7.5852495e-001
 7.5796485e-001
 7.5758612e-001
 7.5684452e-001
 7.5643247e-001
 7.5535160e-001
 7.5436062e-001
 7.5296921e-001
 7.5178534e-001
 7.4984038e-001
 7.4723750e-001
 7.4508709e-001
 7.4373955e-001
 7.4301499e-001
 7.4330574e-001
 7.4308884e-001
 7.4397767e-001
 7.4536240e-001
 7.4605650e-001
 7.4946940e-001
 7.4834442e-001
 7.5190699e-001
 7.5454402e-001
 7.5393927e-001
 7.4783206e-001
 7.5492567e-001
 7.5775594e-001
 7.5774902e-001
 7.5858486e-001
 7.6118809e-001
 7.6049638e-001
 7.5821459e-001
 7.5974286e-001
 7.5985235e-001
 7.5917327e-001
 7.5857562e-001
 7.5888097e-001
 7.5888258e-001
 7.5997335e-001
 7.6111913e-001
 7.6235241e-001
 7.6325214e-001
 7.6573420e-001
 7.6719832e-001
 7.6933521e-001
 7.7014107e-001
 7.7389520e-001
 7.7660865e-001
 7.8014344e-001
 7.8355956e-001
 7.8609449e-001
 7.9058313e-001
 7.9423273e-001
 7.9845518e-001
 8.0046219e-001
 8.0367619e-001
 8.0266106e-001
 7.9926878e-001
 8.0314851e-001
 8.0156535e-001
 7.9667735e-001
 7.9618257e-001
 7.9441863e-001
 7.9142666e-001
 7.9543561e-001
 8.0120528e-001
 8.0420208e-001
 8.0623406e-001
 8.0701858e-001
 7.9932123e-001
 7.7936453e-001
 6.8216759e-001
 5.7612497e-001
 6.4136046e-001
 6.5459675e-001
 6.5977669e-001
 6.6051102e-001
 6.6730559e-001
 6.8137753e-001
 6.9586080e-001
 7.0965391e-001
 7.1824330e-001
 7.1999478e-001
 7.1928644e-001
 7.1729249e-001
 7.1547532e-001
 7.1639621e-001
 7.1918929e-001
 7.2406483e-001
 7.3060483e-001
 7.3774427e-001
 7.4618411e-001
 7.5621563e-001
 7.6499832e-001
 7.7306050e-001
 7.8142756e-001
 7.8879273e-001
 7.9613805e-001
 8.0262268e-001
 8.0771935e-001
 8.1177670e-001
 8.1462210e-001
 8.1850922e-001
 8.2050765e-001
 8.1921935e-001
 8.1734580e-001
 8.1446081e-001
 8.1331730e-001
 8.0916798e-001
 8.0689317e-001
 8.0132836e-001
 7.9824436e-001
 7.9413283e-001
 7.8363091e-001
 7.7227485e-001
 7.6295072e-001
 7.5425279e-001
 7.3820049e-001
 7.2130871e-001
 7.0717263e-001
 6.8877488e-001
 6.7061305e-001
 6.7626047e-001
 6.5713066e-001
 6.3291669e-001
 6.1573315e-001
 6.1787844e-001
 6.2643927e-001
 6.2556088e-001
 6.1930561e-001
 6.1435997e-001
 6.0963517e-001
 6.0493672e-001
 6.0348058e-001
 6.0792542e-001
 6.1698341e-001
 6.3068789e-001
 6.4790511e-001
 6.6395658e-001
 6.7810899e-001
 6.8893284e-001
 6.9597614e-001
 6.9866377e-001
 6.9591206e-001
 6.8558127e-001
 6.8078512e-001
 6.7889923e-001
 6.7794687e-001
 6.8095165e-001
 6.8001580e-001
 6.7457265e-001
 6.6582507e-001
 6.5414333e-001
 6.3698363e-001
 6.1945438e-001
 5.9935361e-001
 5.7410657e-001
 5.3266269e-001
 4.8042622e-001
 4.5285505e-001
 4.6217868e-001
 4.6906728e-001
 4.5964420e-001
 4.2948163e-001
 4.0397221e-001
 3.9112777e-001
 3.7400162e-001
 3.7056985e-001
 3.8434958e-001
 4.0301314e-001
 4.1763383e-001
 4.3493265e-001
 4.4365686e-001
 4.3956062e-001
 4.4588885e-001
 4.5225596e-001
 4.5249283e-001
 4.4604883e-001
 4.3554285e-001
 4.2429781e-001
 4.1535285e-001
 4.0820283e-001
 4.0483099e-001
 4.0386096e-001
 4.0346509e-001
 4.0229249e-001
