s07_AV97 Record=1048: Diopside HS15.3B Pyroxene     BECKc AREF
 2.5628221e-001
 2.6590472e-001
 2.7717987e-001
 2.8806323e-001
 2.9847947e-001
 3.1158370e-001
 3.2326275e-001
 3.3254021e-001
 3.4330851e-001
 3.5469493e-001
 3.6669892e-001
 3.7967125e-001
 3.9143717e-001
 4.0490079e-001
 4.1789377e-001
 4.2798129e-001
 4.3579081e-001
 4.4198343e-001
 4.4591796e-001
 4.4825494e-001
 4.4886655e-001
 4.4720227e-001
 4.4426301e-001
 4.4078925e-001
 4.3581524e-001
 4.3070975e-001
 4.2505553e-001
 4.1946322e-001
 4.1275403e-001
 4.0543282e-001
 3.9770338e-001
 3.8916495e-001
 3.9908966e-001
 3.9088604e-001
 3.8229007e-001
 3.7457687e-001
 3.6557406e-001
 3.5800982e-001
 3.4993383e-001
 3.4208816e-001
 3.3487543e-001
 3.2763970e-001
 3.2122976e-001
 3.1561348e-001
 3.0977485e-001
 3.0593571e-001
 3.0319887e-001
 3.0231413e-001
 3.0253002e-001
 3.0385855e-001
 3.0582693e-001
 3.0967942e-001
 3.1366113e-001
 3.1523913e-001
 3.1570733e-001
 3.1450412e-001
 3.1313625e-001
 3.0928382e-001
 3.0705732e-001
 3.0268168e-001
 2.9788062e-001
 2.9116133e-001
 2.8709966e-001
 2.8411883e-001
 2.8080526e-001
 2.7928534e-001
 2.7571461e-001
 2.7479070e-001
 2.7382499e-001
 2.7102697e-001
 2.7270675e-001
 2.6980022e-001
 2.6858050e-001
 2.6796487e-001
 2.6939020e-001
 2.6984358e-001
 2.7105200e-001
 2.7157873e-001
 2.7437201e-001
 2.7604160e-001
 2.7773657e-001
 2.7836117e-001
 2.7865893e-001
 2.8070247e-001
 2.8156811e-001
 2.8285652e-001
 2.8354716e-001
 2.8761867e-001
 2.8923908e-001
 2.9214320e-001
 2.9482579e-001
 2.9801369e-001
 3.0114368e-001
 3.0545804e-001
 3.0858335e-001
 3.1329474e-001
 3.0694160e-001
 3.1122527e-001
 3.1527942e-001
 3.1983161e-001
 3.2438007e-001
 3.2862890e-001
 3.3354002e-001
 3.3821219e-001
 3.4238186e-001
 3.4688410e-001
 3.5115904e-001
 3.5502225e-001
 3.6013001e-001
 3.6360779e-001
 3.6531606e-001
 3.7259752e-001
 3.7693876e-001
 3.8004658e-001
 3.8475963e-001
 3.8856006e-001
 3.9283562e-001
 3.9747864e-001
 4.0068865e-001
 4.0493050e-001
 4.0996492e-001
 4.1223922e-001
 4.1650376e-001
 4.2098314e-001
 4.2341959e-001
 4.2885423e-001
 4.3162701e-001
 4.3472201e-001
 4.3805033e-001
 4.4224566e-001
 4.4565240e-001
 4.4953609e-001
 4.5251641e-001
 4.5630080e-001
 4.5865008e-001
 4.6264273e-001
 4.6523422e-001
 4.6919978e-001
 4.7068933e-001
 4.7398975e-001
 4.7870561e-001
 4.8245451e-001
 4.8558202e-001
 4.8872268e-001
 4.9134380e-001
 4.9414405e-001
 4.9785826e-001
 5.0195318e-001
 5.0466126e-001
 5.1021802e-001
 5.1109856e-001
 5.1262391e-001
 5.1480162e-001
 5.1769471e-001
 5.1822889e-001
 5.2108598e-001
 5.2516991e-001
 5.2744830e-001
 5.2866793e-001
 5.3072929e-001
 5.3005040e-001
 5.3016007e-001
 5.2801329e-001
 5.2605546e-001
 5.2528137e-001
 5.2873081e-001
 5.3085470e-001
 5.3401679e-001
 5.3476220e-001
 5.3871423e-001
 5.4287553e-001
 5.4543573e-001
 5.4978979e-001
 5.5209476e-001
 5.5367690e-001
 5.5865717e-001
 5.6266749e-001
 5.6043059e-001
 5.6370407e-001
 5.6638837e-001
 5.6645977e-001
 5.6750584e-001
 5.6883830e-001
 5.6979787e-001
 5.7137716e-001
 5.7151467e-001
 5.7345283e-001
 5.7160866e-001
 5.6816828e-001
 5.6956297e-001
 5.6956434e-001
 5.6991702e-001
 5.7155532e-001
 5.7015693e-001
 5.6842142e-001
 5.6937301e-001
 5.6738174e-001
 5.6806087e-001
 5.6836277e-001
 5.6651562e-001
 5.5841684e-001
 5.5486357e-001
 5.5236536e-001
 5.4929483e-001
 5.4559290e-001
 5.5813032e-001
 5.6724781e-001
 5.6785721e-001
 5.6878078e-001
 5.7166362e-001
 5.7036722e-001
 5.6672722e-001
 5.7079023e-001
 5.7573074e-001
 5.7899880e-001
 5.8140177e-001
 5.8335900e-001
 5.8517778e-001
 5.8694208e-001
 5.8931231e-001
 5.9227598e-001
 5.9561998e-001
 5.9905535e-001
 6.0232294e-001
