s07_AV97 Record=3394: Ulexite GDS138 Boron CA       BECKa AREF
 6.7896062e-001
 6.8960041e-001
 6.9968331e-001
 7.0644534e-001
 7.1201628e-001
 7.1683419e-001
 7.2199434e-001
 7.2743297e-001
 7.3301905e-001
 7.3803443e-001
 7.4148792e-001
 7.4496132e-001
 7.4842352e-001
 7.5228363e-001
 7.5642961e-001
 7.5957322e-001
 7.6237398e-001
 7.6520467e-001
 7.6610339e-001
 7.6497018e-001
 7.6267433e-001
 7.6570231e-001
 7.6761669e-001
 7.6588362e-001
 7.6417452e-001
 7.6277804e-001
 7.6467264e-001
 7.6665407e-001
 7.6859230e-001
 7.6991683e-001
 7.7079082e-001
 7.7120078e-001
 7.7061486e-001
 7.7119976e-001
 7.7103585e-001
 7.7242494e-001
 7.7710992e-001
 7.7792442e-001
 7.7744305e-001
 7.7662420e-001
 7.7384651e-001
 7.6874375e-001
 7.6796800e-001
 7.6914865e-001
 7.7019775e-001
 7.6952577e-001
 7.7152723e-001
 7.7068478e-001
 7.7133316e-001
 7.6804268e-001
 7.6237667e-001
 7.6771462e-001
 7.7349287e-001
 7.6625079e-001
 7.6523668e-001
 7.6493824e-001
 7.6112568e-001
 7.6090819e-001
 7.5502765e-001
 7.4923003e-001
 7.4594635e-001
 7.3942524e-001
 7.2212249e-001
 6.9487184e-001
 6.4986855e-001
 6.2955421e-001
 6.4754421e-001
 6.6205919e-001
 6.7017853e-001
 6.8175066e-001
 6.9480705e-001
 7.0763201e-001
 7.1552801e-001
 7.2329950e-001
 7.2671562e-001
 7.2726178e-001
 7.2683960e-001
 7.2404176e-001
 7.1999973e-001
 7.1437728e-001
 7.0782167e-001
 6.9924355e-001
 6.8693167e-001
 6.6470551e-001
 6.3048422e-001
 5.9093589e-001
 5.5821902e-001
 5.3724921e-001
 5.2681488e-001
 5.2020532e-001
 5.1515830e-001
 5.0916821e-001
 5.1009160e-001
 5.0778556e-001
 5.1253903e-001
 5.1541394e-001
 5.1039892e-001
 5.1381350e-001
 5.1762170e-001
 5.1765466e-001
 5.1044947e-001
 4.9717361e-001
 4.7598100e-001
 4.4697410e-001
 4.1706276e-001
 3.9300102e-001
 3.8053149e-001
 3.6959004e-001
 3.5325965e-001
 3.2577869e-001
 2.7823010e-001
 2.2116672e-001
 1.5750420e-001
 1.0612741e-001
 8.8463739e-002
 9.5336117e-002
 9.3225889e-002
 8.7531231e-002
 8.7945193e-002
 9.3714543e-002
 9.9115230e-002
 1.0462876e-001
 1.1095530e-001
 1.1595429e-001
 1.1949978e-001
 1.2232598e-001
 1.2631491e-001
 1.2924635e-001
 1.3038856e-001
 1.2950645e-001
 1.2745085e-001
 1.2442863e-001
 1.2135161e-001
 1.1861425e-001
 1.1591057e-001
 1.1536800e-001
 1.1301082e-001
 1.1090007e-001
 1.1053259e-001
 1.0837354e-001
 1.0808700e-001
 1.0780161e-001
 1.0664219e-001
 1.0332119e-001
 1.0337425e-001
 1.0272901e-001
 9.9937879e-002
 1.0143770e-001
 1.0068169e-001
 9.9255942e-002
 1.0184778e-001
 1.0413015e-001
 1.0442752e-001
 1.0487775e-001
 1.0435577e-001
 1.0094883e-001
 9.9182747e-002
 9.1502383e-002
 8.2843415e-002
 7.2116435e-002
 7.6234281e-002
 6.2339082e-002
 5.0452400e-002
 3.9634626e-002
 3.0335646e-002
 2.5880175e-002
 2.0549478e-002
 1.9368261e-002
 1.6641060e-002
 1.8150086e-002
 2.0200126e-002
 1.9735055e-002
 2.2472704e-002
 2.3433935e-002
 2.4705784e-002
 2.5885874e-002
 2.5356546e-002
 2.4620900e-002
 2.6409233e-002
 2.6130198e-002
 2.4726471e-002
 2.5004214e-002
 2.2173494e-002
 2.0647654e-002
 2.0858765e-002
 2.0056266e-002
 2.1441901e-002
 2.0492394e-002
 1.9793527e-002
 2.0468373e-002
 2.0342723e-002
 2.2178920e-002
 2.3310779e-002
 2.3145799e-002
 2.4378939e-002
 2.5853854e-002
 2.5373043e-002
 2.6005173e-002
 2.7087552e-002
 3.2047551e-002
 3.3966042e-002
 3.4336198e-002
 3.7493777e-002
 3.6550328e-002
 3.0845417e-002
 3.2257371e-002
 2.9650535e-002
 2.7744899e-002
 2.7019823e-002
 2.5272746e-002
 2.1781838e-002
 1.9609712e-002
 2.0719547e-002
 1.8267430e-002
 1.4174567e-002
 1.3733954e-002
 1.5393612e-002
 1.6099285e-002
 1.5701393e-002
 1.5163319e-002
 1.5282599e-002
 1.5716759e-002
 1.5897203e-002
 1.5445618e-002
