s07_AV97 Record=939: Cookeite CAr-1.b 60-104um     NIC4b RREF
-1.2300000e+034
-1.2300000e+034
-1.2300000e+034
-1.2300000e+034
-1.2300000e+034
-1.2300000e+034
-1.2300000e+034
-1.2300000e+034
-1.2300000e+034
-1.2300000e+034
-1.2300000e+034
-1.2300000e+034
-1.2300000e+034
-1.2300000e+034
-1.2300000e+034
-1.2300000e+034
-1.2300000e+034
-1.2300000e+034
-1.2300000e+034
-1.2300000e+034
-1.2300000e+034
-1.2300000e+034
-1.2300000e+034
-1.2300000e+034
-1.2300000e+034
-1.2300000e+034
-1.2300000e+034
-1.2300000e+034
-1.2300000e+034
-1.2300000e+034
-1.2300000e+034
-1.2300000e+034
-1.2300000e+034
-1.2300000e+034
-1.2300000e+034
-1.2300000e+034
-1.2300000e+034
-1.2300000e+034
-1.2300000e+034
-1.2300000e+034
-1.2300000e+034
-1.2300000e+034
-1.2300000e+034
-1.2300000e+034
-1.2300000e+034
-1.2300000e+034
-1.2300000e+034
-1.2300000e+034
-1.2300000e+034
-1.2300000e+034
-1.2300000e+034
-1.2300000e+034
-1.2300000e+034
-1.2300000e+034
-1.2300000e+034
-1.2300000e+034
-1.2300000e+034
-1.2300000e+034
-1.2300000e+034
-1.2300000e+034
-1.2300000e+034
-1.2300000e+034
-1.2300000e+034
-1.2300000e+034
-1.2300000e+034
-1.2300000e+034
-1.2300000e+034
-1.2300000e+034
-1.2300000e+034
-1.2300000e+034
-1.2300000e+034
-1.2300000e+034
-1.2300000e+034
-1.2300000e+034
-1.2300000e+034
-1.2300000e+034
-1.2300000e+034
-1.2300000e+034
-1.2300000e+034
-1.2300000e+034
-1.2300000e+034
-1.2300000e+034
-1.2300000e+034
-1.2300000e+034
-1.2300000e+034
-1.2300000e+034
-1.2300000e+034
-1.2300000e+034
-1.2300000e+034
-1.2300000e+034
-1.2300000e+034
-1.2300000e+034
-1.2300000e+034
-1.2300000e+034
-1.2300000e+034
-1.2300000e+034
-1.2300000e+034
-1.2300000e+034
-1.2300000e+034
-1.2300000e+034
-1.2300000e+034
-1.2300000e+034
-1.2300000e+034
-1.2300000e+034
-1.2300000e+034
-1.2300000e+034
-1.2300000e+034
-1.2300000e+034
 4.6897182e-001
 4.5661217e-001
 4.3276247e-001
 4.2168584e-001
 4.3771997e-001
 4.4984755e-001
 4.5114842e-001
 4.5438585e-001
 4.5466936e-001
 4.5280147e-001
 4.5194805e-001
 4.5284772e-001
 4.5511666e-001
 4.5745555e-001
 4.5886272e-001
 4.5882520e-001
 4.5804620e-001
 4.5701534e-001
 4.5566097e-001
 4.5408294e-001
 4.5240548e-001
 4.5147771e-001
 4.5187733e-001
 4.5364803e-001
 4.5605180e-001
 4.5869061e-001
 4.6098843e-001
 4.6293765e-001
 4.6466663e-001
 4.6642563e-001
 4.6854687e-001
 4.7061345e-001
 4.7251835e-001
 4.7384104e-001
 4.7451624e-001
 4.7487798e-001
 4.7521180e-001
 4.7579309e-001
 4.7650000e-001
 4.7701660e-001
 4.7704130e-001
 4.7632191e-001
 4.7473526e-001
 4.7261575e-001
 4.7028056e-001
 4.6846327e-001
 4.6788624e-001
 4.6895376e-001
 4.7229612e-001
 4.7502923e-001
 4.7558644e-001
 4.7431713e-001
 4.7480077e-001
 4.7318903e-001
 4.7132015e-001
 4.7017971e-001
 4.7017360e-001
 4.7043923e-001
 4.7041863e-001
 4.6973112e-001
 4.6785364e-001
 4.6451634e-001
 4.6020231e-001
 4.5563570e-001
 4.5150882e-001
 4.4900358e-001
 4.4778526e-001
 4.4770443e-001
 4.4905767e-001
 4.5117655e-001
 4.5317265e-001
 4.5390829e-001
 4.5327213e-001
 4.5196179e-001
 4.5083046e-001
 4.5000744e-001
 4.4943148e-001
 4.4812754e-001
 4.4431511e-001
 4.3335342e-001
 4.0893543e-001
 3.8104770e-001
 3.6501849e-001
 3.6503071e-001
 3.7041980e-001
 3.6681342e-001
 3.6696348e-001
 3.7981027e-001
 3.8534498e-001
 3.8700777e-001
 3.9072561e-001
 3.9655158e-001
 4.0068573e-001
 4.0065742e-001
 3.9600956e-001
 3.8751408e-001
 3.7755784e-001
 3.6746639e-001
 3.5583016e-001
 3.4074506e-001
 3.2821584e-001
 3.2878399e-001
 3.3803636e-001
 3.4804687e-001
 3.5481384e-001
 3.5838792e-001
 3.5985386e-001
 3.5774726e-001
 3.5418960e-001
 3.5311529e-001
 3.5379830e-001
 3.5369432e-001
 3.5113496e-001
 3.4716275e-001
 3.4539858e-001
 3.4540284e-001
