s07_AV97 Record=2738: Pyrophyllite PYS1A <850um     BECKa AREF
 4.8124474e-001
 4.8959991e-001
 5.0140786e-001
 5.1565200e-001
 5.2707702e-001
 5.3462195e-001
 5.4248863e-001
 5.5362064e-001
 5.6453866e-001
 5.7270879e-001
 5.8010292e-001
 5.8636105e-001
 5.9296572e-001
 6.0134852e-001
 6.0956734e-001
 6.1743599e-001
 6.2544650e-001
 6.3352793e-001
 6.3971299e-001
 6.4443618e-001
 6.5019172e-001
 6.5511942e-001
 6.6059208e-001
 6.6507542e-001
 6.6916716e-001
 6.7358589e-001
 6.8034691e-001
 6.8749535e-001
 6.9567209e-001
 7.0324278e-001
 7.1169460e-001
 7.1965843e-001
 7.1031731e-001
 7.1812391e-001
 7.2604483e-001
 7.3369026e-001
 7.4162418e-001
 7.4968123e-001
 7.5570434e-001
 7.6100701e-001
 7.6875240e-001
 7.7514821e-001
 7.8140593e-001
 7.8834510e-001
 7.9380053e-001
 7.9946494e-001
 8.0441082e-001
 8.1018949e-001
 8.1469572e-001
 8.1616712e-001
 8.2033032e-001
 8.2240075e-001
 8.2645214e-001
 8.3011961e-001
 8.3321148e-001
 8.3666116e-001
 8.3823448e-001
 8.3691692e-001
 8.4299284e-001
 8.4329611e-001
 8.4669548e-001
 8.3658123e-001
 8.0837327e-001
 8.4489369e-001
 8.5816818e-001
 8.6094058e-001
 8.6256111e-001
 8.6774975e-001
 8.6890602e-001
 8.7254459e-001
 8.7497193e-001
 8.7880278e-001
 8.8144886e-001
 8.8529408e-001
 8.8402539e-001
 8.8444126e-001
 8.8848704e-001
 8.8960385e-001
 8.9035690e-001
 8.9270926e-001
 8.9565754e-001
 8.9569837e-001
 8.9606786e-001
 8.9588541e-001
 8.9613199e-001
 8.9306951e-001
 8.9327049e-001
 8.9377004e-001
 8.9104497e-001
 8.8839132e-001
 8.8855499e-001
 8.6542898e-001
 8.8173926e-001
 8.9116460e-001
 8.9105362e-001
 8.8826144e-001
 8.9141291e-001
 8.9003795e-001
 8.8755333e-001
 8.8431317e-001
 8.8004667e-001
 8.7388355e-001
 8.6254597e-001
 8.4504211e-001
 8.2857329e-001
 8.4258795e-001
 8.3891726e-001
 8.1868082e-001
 8.1642306e-001
 6.9896102e-001
 4.7239560e-001
 6.8261981e-001
 8.0964178e-001
 8.4186959e-001
 8.4981042e-001
 8.7109399e-001
 8.7556887e-001
 8.7950534e-001
 8.9105326e-001
 8.9610529e-001
 9.0169203e-001
 9.0390629e-001
 9.0470171e-001
 9.0891594e-001
 9.1063344e-001
 9.1119784e-001
 9.0979081e-001
 9.1350204e-001
 9.1681689e-001
 9.1804957e-001
 9.1794294e-001
 9.1652447e-001
 9.1683143e-001
 9.1699904e-001
 9.1934454e-001
 9.1906083e-001
 9.1891485e-001
 9.1921896e-001
 9.1601348e-001
 9.0942442e-001
 9.1150033e-001
 9.1421807e-001
 9.1421807e-001
 9.0826994e-001
 9.0748805e-001
 9.1232830e-001
 9.1125882e-001
 9.1427118e-001
 9.1577035e-001
 9.1861820e-001
 9.1589087e-001
 9.0768051e-001
 9.0806526e-001
 9.0906250e-001
 9.1004217e-001
 9.0833586e-001
 9.0554583e-001
 9.0125096e-001
 8.9478254e-001
 8.8516438e-001
 8.8864666e-001
 8.7836397e-001
 8.6973095e-001
 8.6289990e-001
 8.5905892e-001
 8.5526454e-001
 8.4994793e-001
 8.4242380e-001
 8.4041488e-001
 8.4641725e-001
 8.4709251e-001
 8.4391385e-001
 8.3872855e-001
 8.3121705e-001
 8.3355314e-001
 8.3187395e-001
 8.2918668e-001
 8.0589116e-001
 7.4898827e-001
 6.9510311e-001
 6.3159060e-001
 6.1834359e-001
 7.1225321e-001
 7.5745356e-001
 7.2030318e-001
 6.6565216e-001
 6.1681497e-001
 5.3177059e-001
 3.7195179e-001
 3.0685562e-001
 4.4769883e-001
 5.7234192e-001
 6.0961378e-001
 6.0867923e-001
 5.9934801e-001
 6.1984229e-001
 6.3150376e-001
 6.1356896e-001
 5.8629435e-001
 5.5832911e-001
 5.2094847e-001
 4.7816360e-001
 4.5137578e-001
 4.1600522e-001
 3.8660112e-001
 4.2260182e-001
 4.5045575e-001
 4.3338808e-001
 4.3531802e-001
 4.5230141e-001
 4.4359216e-001
 4.0881315e-001
 4.0055677e-001
 3.9923859e-001
 3.9495200e-001
 3.8889670e-001
 3.8417929e-001
 3.8358551e-001
 3.8355884e-001
 3.7775871e-001
 3.6237526e-001
 3.4379503e-001
 3.3041260e-001
 3.2782483e-001
