s07_AV97 Record=3177: Talc TL2702                   BECKa AREF
 6.8885189e-001
 7.1069711e-001
 7.3003161e-001
 7.4852180e-001
 7.6713586e-001
 7.8364140e-001
 7.9798883e-001
 8.1098324e-001
 8.2105064e-001
 8.2703942e-001
 8.3191234e-001
 8.3569360e-001
 8.3982366e-001
 8.4379750e-001
 8.4747231e-001
 8.5124391e-001
 8.5453880e-001
 8.5690665e-001
 8.5788816e-001
 8.6019444e-001
 8.6143684e-001
 8.6259598e-001
 8.6386979e-001
 8.6481565e-001
 8.6552125e-001
 8.6669946e-001
 8.6718816e-001
 8.6804992e-001
 8.6850750e-001
 8.6954302e-001
 8.7067604e-001
 8.7101328e-001
 8.7060922e-001
 8.7073684e-001
 8.7169218e-001
 8.7178266e-001
 8.7176508e-001
 8.7192953e-001
 8.7126327e-001
 8.6856413e-001
 8.6925298e-001
 8.6814314e-001
 8.6635911e-001
 8.6353660e-001
 8.6264455e-001
 8.6056393e-001
 8.5750753e-001
 8.5633677e-001
 8.5352474e-001
 8.5169244e-001
 8.4926975e-001
 8.4951508e-001
 8.4931630e-001
 8.4724212e-001
 8.4523463e-001
 8.4905988e-001
 8.5247600e-001
 8.5116416e-001
 8.4877449e-001
 8.5007113e-001
 8.5216099e-001
 8.4738153e-001
 8.2969409e-001
 8.5045868e-001
 8.5100359e-001
 8.5024196e-001
 8.4949553e-001
 8.4993893e-001
 8.4926909e-001
 8.4891433e-001
 8.5180563e-001
 8.5202986e-001
 8.5185295e-001
 8.5453576e-001
 8.5491824e-001
 8.5575914e-001
 8.5712826e-001
 8.6011177e-001
 8.6162508e-001
 8.6315906e-001
 8.6566627e-001
 8.6837673e-001
 8.6943275e-001
 8.7127644e-001
 8.7182939e-001
 8.7421215e-001
 8.7799329e-001
 8.7985235e-001
 8.7862933e-001
 8.8026768e-001
 8.8290393e-001
 8.8358730e-001
 8.8611758e-001
 8.8430595e-001
 8.8344675e-001
 8.7515515e-001
 8.8411605e-001
 8.7985647e-001
 8.6632317e-001
 8.7580317e-001
 8.7663764e-001
 8.7610132e-001
 8.7902039e-001
 8.7728935e-001
 8.7810171e-001
 8.7780499e-001
 8.7632066e-001
 8.7469494e-001
 8.6600411e-001
 7.9350603e-001
 6.5353560e-001
 8.0183947e-001
 8.3284813e-001
 8.3572239e-001
 8.3862269e-001
 8.4441406e-001
 8.5037875e-001
 8.5496873e-001
 8.5773408e-001
 8.6175686e-001
 8.6362720e-001
 8.6385548e-001
 8.6749923e-001
 8.6590350e-001
 8.6365032e-001
 8.6740226e-001
 8.7373686e-001
 8.7675750e-001
 8.7682515e-001
 8.7664503e-001
 8.7808287e-001
 8.7934750e-001
 8.7962341e-001
 8.8040501e-001
 8.7991035e-001
 8.8106549e-001
 8.8160151e-001
 8.8256115e-001
 8.8043290e-001
 8.8112569e-001
 8.8568276e-001
 8.8411343e-001
 8.8052738e-001
 8.7735081e-001
 8.7957746e-001
 8.7928611e-001
 8.8006800e-001
 8.7876660e-001
 8.7796360e-001
 8.7816507e-001
 8.7464398e-001
 8.6978757e-001
 8.6479938e-001
 8.5695273e-001
 8.5339320e-001
 8.5202301e-001
 8.5116273e-001
 8.4383756e-001
 8.3364689e-001
 8.2052916e-001
 8.2552898e-001
 8.0589926e-001
 7.7953911e-001
 7.6644826e-001
 7.7214468e-001
 7.7736968e-001
 7.8216791e-001
 7.8538734e-001
 7.8609484e-001
 7.8800499e-001
 7.9277086e-001
 7.9150522e-001
 7.8511524e-001
 7.8297770e-001
 7.8794491e-001
 8.0051291e-001
 8.0526793e-001
 8.0044949e-001
 7.9300845e-001
 7.6733398e-001
 7.4196756e-001
 7.5561225e-001
 7.6538873e-001
 7.6229638e-001
 7.5450337e-001
 7.4486965e-001
 7.4335688e-001
 7.5667191e-001
 7.6132601e-001
 7.4653244e-001
 7.4511224e-001
 7.5808805e-001
 7.6149619e-001
 7.6490402e-001
 7.4213558e-001
 7.0281518e-001
 6.9983178e-001
 7.0979154e-001
 6.7920500e-001
 6.3294208e-001
 5.4538846e-001
 4.5538968e-001
 4.2871618e-001
 3.7553933e-001
 3.8779256e-001
 5.4521537e-001
 6.3792318e-001
 6.3299370e-001
 6.0718399e-001
 5.8179426e-001
 5.1387084e-001
 4.8267752e-001
 5.1754510e-001
 5.6620896e-001
 5.9517032e-001
 5.9201837e-001
 5.7179564e-001
 5.5515128e-001
 5.4870236e-001
 5.5059475e-001
 5.6031168e-001
 5.7223612e-001
 5.7998061e-001
 5.7957250e-001
