s07_AV97 Record=3628: Basalt_fresh BR93-46B         BECKb AREF
 6.4124130e-002
 6.5600321e-002
 6.7225501e-002
 6.8834648e-002
 7.0634395e-002
 7.2801992e-002
 7.4258506e-002
 7.5593516e-002
 7.6768711e-002
 7.8412749e-002
 7.9754032e-002
 8.0631994e-002
 8.2120530e-002
 8.3191812e-002
 8.4574997e-002
 8.6105213e-002
 8.7383069e-002
 8.8962764e-002
 9.0649590e-002
 9.2292286e-002
 9.4871670e-002
 9.6963339e-002
 9.9455848e-002
 1.0151379e-001
 1.0270835e-001
 1.0414412e-001
 1.0506824e-001
 1.0626236e-001
 1.0705460e-001
 1.0748597e-001
 1.0873089e-001
 1.0947326e-001
 1.0848255e-001
 1.0933658e-001
 1.1007360e-001
 1.1098055e-001
 1.1123558e-001
 1.1170503e-001
 1.1231324e-001
 1.1323758e-001
 1.1345115e-001
 1.1391536e-001
 1.1425309e-001
 1.1448042e-001
 1.1501142e-001
 1.1478237e-001
 1.1503419e-001
 1.1452736e-001
 1.1442362e-001
 1.1493821e-001
 1.1388547e-001
 1.1310843e-001
 1.1227601e-001
 1.1067317e-001
 1.0897758e-001
 1.0893575e-001
 1.0982274e-001
 1.0864338e-001
 1.0569766e-001
 1.0597592e-001
 1.0622022e-001
 1.0469205e-001
 1.0229581e-001
 1.0354915e-001
 1.0338167e-001
 1.0276435e-001
 1.0218666e-001
 1.0153616e-001
 1.0201880e-001
 1.0119066e-001
 1.0227328e-001
 1.0283411e-001
 1.0288897e-001
 1.0343384e-001
 1.0438152e-001
 1.0535050e-001
 1.0654613e-001
 1.0845248e-001
 1.0939565e-001
 1.1054504e-001
 1.1122724e-001
 1.1199510e-001
 1.1274706e-001
 1.1360906e-001
 1.1343258e-001
 1.1412919e-001
 1.1441592e-001
 1.1560956e-001
 1.1447936e-001
 1.1514439e-001
 1.1509287e-001
 1.1493200e-001
 1.1529054e-001
 1.1545675e-001
 1.1464640e-001
 1.1497276e-001
 1.1491819e-001
 1.1496461e-001
 1.1506693e-001
 1.1527222e-001
 1.1524151e-001
 1.1517461e-001
 1.1469260e-001
 1.1523172e-001
 1.1513798e-001
 1.1474767e-001
 1.1515612e-001
 1.1470968e-001
 1.1462155e-001
 1.1365526e-001
 1.1297862e-001
 1.1290315e-001
 1.1264624e-001
 1.1289832e-001
 1.1355352e-001
 1.1337197e-001
 1.1354174e-001
 1.1333156e-001
 1.1308270e-001
 1.1384390e-001
 1.1435692e-001
 1.1461088e-001
 1.1440540e-001
 1.1468704e-001
 1.1483725e-001
 1.1430968e-001
 1.1468371e-001
 1.1503872e-001
 1.1447122e-001
 1.1433624e-001
 1.1424702e-001
 1.1446992e-001
 1.1421174e-001
 1.1353914e-001
 1.1412252e-001
 1.1388814e-001
 1.1535979e-001
 1.1417104e-001
 1.1281849e-001
 1.1156238e-001
 1.1374268e-001
 1.1459792e-001
 1.1381584e-001
 1.1232100e-001
 1.1234786e-001
 1.1419251e-001
 1.1335114e-001
 1.1332280e-001
 1.0992546e-001
 1.1217423e-001
 1.1377542e-001
 1.1081652e-001
 1.0979509e-001
 1.0941183e-001
 1.1006767e-001
 1.1012889e-001
 1.0898013e-001
 1.0902165e-001
 1.0873570e-001
 1.0717442e-001
 1.0780805e-001
 1.0456746e-001
 1.0114425e-001
 1.0122826e-001
 1.0116769e-001
 1.0086329e-001
 1.0037781e-001
 1.0049406e-001
 1.0195093e-001
 1.0147967e-001
 1.0175093e-001
 1.0290960e-001
 1.0196177e-001
 1.0202232e-001
 1.0427695e-001
 1.0443055e-001
 1.0512640e-001
 1.0284710e-001
 1.0241320e-001
 1.0433793e-001
 1.0523031e-001
 1.0105915e-001
 1.0230015e-001
 1.0133355e-001
 1.0023985e-001
 1.0320638e-001
 1.0336106e-001
 1.0215791e-001
 9.9263243e-002
 9.8416679e-002
 9.9954925e-002
 9.8495856e-002
 9.5974900e-002
 9.6148439e-002
 9.5985331e-002
 9.5129989e-002
 9.5954999e-002
 9.6389398e-002
 9.8076738e-002
 9.4920449e-002
 9.8120667e-002
 9.6047923e-002
 9.2487209e-002
 9.3900390e-002
 9.2405766e-002
 9.7152695e-002
 9.6846618e-002
 9.4959393e-002
 9.4389595e-002
 9.6434027e-002
 9.9903047e-002
 9.5711976e-002
 9.4704747e-002
 9.4089247e-002
 9.3228035e-002
 9.3346745e-002
 9.3830958e-002
 9.3685068e-002
 9.2970259e-002
 9.1914199e-002
 9.0933889e-002
 9.0208530e-002
 8.9880265e-002
 9.0025827e-002
