s07_AV97 Record=1154: Epidote GDS26.b <75um        ASDNGb AREF
 1.0840835e-001
 1.2491878e-001
 1.3814397e-001
 1.4079951e-001
 1.4547677e-001
 1.6946271e-001
 2.1069665e-001
 2.5553456e-001
 2.7131802e-001
 2.5238848e-001
 2.5319564e-001
 2.6101702e-001
 3.1509626e-001
 3.8100475e-001
 4.3476915e-001
 4.7092241e-001
 4.9220797e-001
 5.0269920e-001
 5.0494105e-001
 5.0127316e-001
 4.9550194e-001
 4.8942873e-001
 4.8403257e-001
 4.8054254e-001
 4.7997558e-001
 4.8284829e-001
 4.8931804e-001
 4.9911246e-001
 5.1156771e-001
 5.2572072e-001
 5.4052794e-001
 5.5486405e-001
 5.3815979e-001
 5.5220681e-001
 5.6516045e-001
 5.7655442e-001
 5.8616155e-001
 5.9428436e-001
 6.0125226e-001
 6.0749531e-001
 6.1339927e-001
 6.1927938e-001
 6.2523317e-001
 6.3118374e-001
 6.3701218e-001
 6.4249766e-001
 6.4742339e-001
 6.5179461e-001
 6.5546662e-001
 6.5840662e-001
 6.6070509e-001
 6.6242641e-001
 6.6352957e-001
 6.6400468e-001
 6.6384894e-001
 6.6310149e-001
 6.6183168e-001
 6.6010362e-001
 6.5802431e-001
 6.5566522e-001
 6.5315741e-001
 6.5058160e-001
 6.4801890e-001
 6.4560884e-001
 6.4344192e-001
 6.4150858e-001
 6.3986188e-001
 6.3871306e-001
 6.3779640e-001
 6.3741583e-001
 6.3761425e-001
 6.3852847e-001
 6.4024645e-001
 6.4259112e-001
 6.4559662e-001
 6.4936733e-001
 6.5398878e-001
 6.5929043e-001
 6.6537285e-001
 6.7193204e-001
 6.7892253e-001
 6.8607789e-001
 6.9325888e-001
 7.0043296e-001
 7.0778799e-001
 7.1516711e-001
 7.2253871e-001
 7.2988409e-001
 7.3696011e-001
 7.4359661e-001
 7.4963832e-001
 7.5498456e-001
 7.5939232e-001
 7.6313007e-001
 7.6619476e-001
 7.6872706e-001
 7.6461565e-001
 7.6750237e-001
 7.6984620e-001
 7.7166736e-001
 7.7310324e-001
 7.7414119e-001
 7.7482545e-001
 7.7580488e-001
 7.7681279e-001
 7.7792692e-001
 7.7951545e-001
 7.8109103e-001
 7.8208345e-001
 7.8303683e-001
 7.8372550e-001
 7.8457981e-001
 7.8532982e-001
 7.8626055e-001
 7.8740543e-001
 7.8848600e-001
 7.8944093e-001
 7.8995270e-001
 7.8978807e-001
 7.8907722e-001
 7.8783637e-001
 7.8546125e-001
 7.8174245e-001
 7.7791744e-001
 7.7445495e-001
 7.7303219e-001
 7.7861845e-001
 7.8576338e-001
 7.9100734e-001
 7.9585832e-001
 8.0038339e-001
 8.0427843e-001
 8.0749106e-001
 8.1014782e-001
 8.1265169e-001
 8.1542337e-001
 8.1817126e-001
 8.2040626e-001
 8.2259023e-001
 8.2477081e-001
 8.2772636e-001
 8.3077842e-001
 8.3376473e-001
 8.3629775e-001
 8.3854252e-001
 8.4059870e-001
 8.4254104e-001
 8.4478581e-001
 8.4732056e-001
 8.4991324e-001
 8.5185999e-001
 8.5366470e-001
 8.5420835e-001
 8.4926522e-001
 8.4546709e-001
 8.5153389e-001
 8.5985321e-001
 8.6408484e-001
 8.6513770e-001
 8.6453557e-001
 8.6449629e-001
 8.6686200e-001
 8.7090915e-001
 8.7246817e-001
 8.7223089e-001
 8.7110680e-001
 8.6706513e-001
 8.6183190e-001
 8.6696237e-001
 8.7376040e-001
 8.7797350e-001
 8.7961495e-001
 8.8046610e-001
 8.8183576e-001
 8.8264710e-001
 8.8427907e-001
 8.8657677e-001
 8.8852096e-001
 8.8996369e-001
 8.9122707e-001
 8.9240056e-001
 8.9320773e-001
 8.9310229e-001
 8.9262640e-001
 8.9171034e-001
 8.9080548e-001
 8.8994300e-001
 8.8837641e-001
 8.8586503e-001
 8.8211322e-001
 8.7723482e-001
 8.7306315e-001
 8.6845595e-001
 8.6278915e-001
 8.5277176e-001
 8.3326298e-001
 7.9166371e-001
 7.3547310e-001
 7.3196763e-001
 7.5730717e-001
 7.5936687e-001
 7.3742056e-001
 7.0399970e-001
 6.4821911e-001
 5.8581585e-001
 5.2591503e-001
 4.9710494e-001
 5.4533923e-001
 6.4523792e-001
 7.2976923e-001
 7.7901673e-001
 8.0870670e-001
 8.2655454e-001
 8.3691114e-001
 8.4237742e-001
 8.4445769e-001
 8.4304810e-001
 8.3927828e-001
 8.3436060e-001
 8.2986838e-001
 8.2397282e-001
 8.1682217e-001
 8.1151605e-001
-1.2300000e+034
