s07_AV97 Record=2962: Serpentine HS318.1B          ASDFRc AREF
 2.3413341e-001
 2.4254809e-001
 2.5162777e-001
 2.6498950e-001
 2.6347861e-001
 2.6007819e-001
 2.5666225e-001
 2.5473163e-001
 2.5880000e-001
 2.6305923e-001
 2.7426735e-001
 2.8762236e-001
 2.9266283e-001
 2.9475033e-001
 2.9665434e-001
 2.9861295e-001
 3.0015978e-001
 3.0133617e-001
 3.0204278e-001
 3.0267715e-001
 3.0313995e-001
 3.0353829e-001
 3.0398628e-001
 3.0431595e-001
 3.0455032e-001
 3.0491689e-001
 3.0504617e-001
 3.0533767e-001
 3.0574268e-001
 3.0601820e-001
 3.0645314e-001
 3.0699188e-001
 3.0637223e-001
 3.0688053e-001
 3.0748704e-001
 3.0787870e-001
 3.0808568e-001
 3.0821216e-001
 3.0809546e-001
 3.0794013e-001
 3.0762163e-001
 3.0728078e-001
 3.0675691e-001
 3.0622137e-001
 3.0558968e-001
 3.0489776e-001
 3.0425194e-001
 3.0344969e-001
 3.0249229e-001
 3.0139214e-001
 3.0034682e-001
 2.9930824e-001
 2.9819244e-001
 2.9704875e-001
 2.9619503e-001
 2.9504257e-001
 2.9395169e-001
 2.9282409e-001
 2.9180837e-001
 2.9083368e-001
 2.8988513e-001
 2.8874838e-001
 2.8743011e-001
 2.8676796e-001
 2.8579971e-001
 2.8495511e-001
 2.8402445e-001
 2.8319019e-001
 2.8273463e-001
 2.8117046e-001
 2.8081399e-001
 2.7953491e-001
 2.7848634e-001
 2.7787438e-001
 2.7679116e-001
 2.7590618e-001
 2.7555549e-001
 2.7471599e-001
 2.7405286e-001
 2.7317864e-001
 2.7240235e-001
 2.7110958e-001
 2.7019873e-001
 2.6952705e-001
 2.6881066e-001
 2.6793832e-001
 2.6730543e-001
 2.6653269e-001
 2.6540691e-001
 2.6461080e-001
 2.6386911e-001
 2.6327145e-001
 2.6240146e-001
 2.6171985e-001
 2.6120847e-001
 2.6045486e-001
 2.6142660e-001
 2.6087993e-001
 2.6000956e-001
 2.5903499e-001
 2.5869784e-001
 2.5827897e-001
 2.5750527e-001
 2.5665039e-001
 2.5601941e-001
 2.5528947e-001
 2.5463164e-001
 2.5387231e-001
 2.5221628e-001
 2.4829507e-001
 2.4653439e-001
 2.4795292e-001
 2.4951440e-001
 2.4902107e-001
 2.4905764e-001
 2.4896543e-001
 2.4847671e-001
 2.4778378e-001
 2.4736322e-001
 2.4684782e-001
 2.4613178e-001
 2.4575007e-001
 2.4494699e-001
 2.4390011e-001
 2.4345429e-001
 2.4302709e-001
 2.4266484e-001
 2.4192949e-001
 2.4094312e-001
 2.4040125e-001
 2.3994517e-001
 2.3931490e-001
 2.3870446e-001
 2.3836222e-001
 2.3825727e-001
 2.3748940e-001
 2.3671527e-001
 2.3604587e-001
 2.3530416e-001
 2.3474625e-001
 2.3437423e-001
 2.3405378e-001
 2.3359185e-001
 2.3281161e-001
 2.3199651e-001
 2.3121016e-001
 2.3095204e-001
 2.3009627e-001
 2.2960989e-001
 2.2933084e-001
 2.2856177e-001
 2.2748795e-001
 2.2723393e-001
 2.2703394e-001
 2.2627869e-001
 2.2572181e-001
 2.2466560e-001
 2.2390871e-001
 2.2357395e-001
 2.2221175e-001
 2.2282565e-001
 2.2170106e-001
 2.2093564e-001
 2.2001973e-001
 2.1893540e-001
 2.1811680e-001
 2.1749909e-001
 2.1681058e-001
 2.1625112e-001
 2.1569566e-001
 2.1490836e-001
 2.1476699e-001
 2.1462056e-001
 2.1454170e-001
 2.1391097e-001
 2.1379459e-001
 2.1323615e-001
 2.1343298e-001
 2.1408774e-001
 2.1394853e-001
 2.1341239e-001
 2.1223702e-001
 2.1148585e-001
 2.1118899e-001
 2.1114244e-001
 2.1022145e-001
 2.0979227e-001
 2.0976269e-001
 2.0930181e-001
 2.0891641e-001
 2.0846410e-001
 2.0795305e-001
 2.0760019e-001
 2.0739827e-001
 2.0664738e-001
 2.0525219e-001
 2.0397466e-001
 2.0320976e-001
 2.0295678e-001
 2.0173080e-001
 2.0026962e-001
 1.9882318e-001
 1.9754432e-001
 1.9569901e-001
 1.9312763e-001
 1.9229048e-001
 1.9355759e-001
 1.9656390e-001
 1.9775651e-001
 1.9736111e-001
 1.9638762e-001
 1.9599187e-001
 1.9534880e-001
 1.9428825e-001
 1.9410336e-001
 1.9345388e-001
 1.9301942e-001
 1.9171888e-001
 1.9207062e-001
 1.9115789e-001
 1.9005944e-001
 1.8742733e-001
 1.8661000e-001
-1.2300000e+034
