s07_AV97 Record=1463: Hedenbergite NMNH119197      NIC4cb RREF
-1.2300000e+034
-1.2300000e+034
-1.2300000e+034
-1.2300000e+034
-1.2300000e+034
-1.2300000e+034
-1.2300000e+034
-1.2300000e+034
-1.2300000e+034
-1.2300000e+034
-1.2300000e+034
-1.2300000e+034
-1.2300000e+034
-1.2300000e+034
-1.2300000e+034
-1.2300000e+034
-1.2300000e+034
-1.2300000e+034
-1.2300000e+034
-1.2300000e+034
-1.2300000e+034
-1.2300000e+034
-1.2300000e+034
-1.2300000e+034
-1.2300000e+034
-1.2300000e+034
-1.2300000e+034
-1.2300000e+034
-1.2300000e+034
-1.2300000e+034
-1.2300000e+034
-1.2300000e+034
-1.2300000e+034
-1.2300000e+034
-1.2300000e+034
-1.2300000e+034
-1.2300000e+034
-1.2300000e+034
-1.2300000e+034
-1.2300000e+034
-1.2300000e+034
-1.2300000e+034
-1.2300000e+034
-1.2300000e+034
-1.2300000e+034
-1.2300000e+034
-1.2300000e+034
-1.2300000e+034
-1.2300000e+034
-1.2300000e+034
-1.2300000e+034
-1.2300000e+034
-1.2300000e+034
-1.2300000e+034
-1.2300000e+034
-1.2300000e+034
-1.2300000e+034
-1.2300000e+034
-1.2300000e+034
-1.2300000e+034
-1.2300000e+034
-1.2300000e+034
-1.2300000e+034
-1.2300000e+034
-1.2300000e+034
-1.2300000e+034
-1.2300000e+034
-1.2300000e+034
-1.2300000e+034
-1.2300000e+034
-1.2300000e+034
-1.2300000e+034
-1.2300000e+034
-1.2300000e+034
-1.2300000e+034
-1.2300000e+034
-1.2300000e+034
-1.2300000e+034
-1.2300000e+034
-1.2300000e+034
-1.2300000e+034
-1.2300000e+034
-1.2300000e+034
-1.2300000e+034
-1.2300000e+034
-1.2300000e+034
-1.2300000e+034
-1.2300000e+034
-1.2300000e+034
-1.2300000e+034
-1.2300000e+034
-1.2300000e+034
-1.2300000e+034
-1.2300000e+034
-1.2300000e+034
-1.2300000e+034
-1.2300000e+034
-1.2300000e+034
-1.2300000e+034
-1.2300000e+034
-1.2300000e+034
-1.2300000e+034
-1.2300000e+034
-1.2300000e+034
-1.2300000e+034
-1.2300000e+034
-1.2300000e+034
-1.2300000e+034
-1.2300000e+034
-1.2300000e+034
-1.2300000e+034
-1.2300000e+034
-1.2300000e+034
-1.2300000e+034
-1.2300000e+034
-1.2300000e+034
-1.2300000e+034
-1.2300000e+034
-1.2300000e+034
-1.2300000e+034
-1.2300000e+034
-1.2300000e+034
-1.2300000e+034
-1.2300000e+034
-1.2300000e+034
-1.2300000e+034
-1.2300000e+034
-1.2300000e+034
-1.2300000e+034
-1.2300000e+034
-1.2300000e+034
 5.3491831e-001
 5.3901887e-001
 5.4328817e-001
 5.4721028e-001
 5.5081189e-001
 5.5424184e-001
 5.5755353e-001
 5.6115168e-001
 5.6476200e-001
 5.6818360e-001
 5.7134825e-001
 5.7434160e-001
 5.7724881e-001
 5.8003420e-001
 5.8293033e-001
 5.8596027e-001
 5.8892572e-001
 5.9163690e-001
 5.9410906e-001
 5.9626657e-001
 5.9835744e-001
 6.0056370e-001
 6.0302198e-001
 6.0553682e-001
 6.0802072e-001
 6.1014158e-001
 6.1198550e-001
 6.1369127e-001
 6.1468756e-001
 6.1437809e-001
 6.1549246e-001
 6.1685520e-001
 6.1842293e-001
 6.2030339e-001
 6.2219864e-001
 6.2404174e-001
 6.2563384e-001
 6.2683767e-001
 6.2775928e-001
 6.2876749e-001
 6.2980884e-001
 6.3106006e-001
 6.3272548e-001
 6.3444275e-001
 6.3606972e-001
 6.3763547e-001
 6.3854885e-001
 6.3910824e-001
 6.3938612e-001
 6.3938826e-001
 6.3959861e-001
 6.4007193e-001
 6.4090008e-001
 6.4197707e-001
 6.4317364e-001
 6.4432746e-001
 6.4528924e-001
 6.4570934e-001
 6.4578503e-001
 6.4553779e-001
 6.4529866e-001
 6.4532119e-001
 6.4530712e-001
 6.4535165e-001
 6.4534593e-001
 6.4563096e-001
 6.4582253e-001
 6.4634782e-001
 6.4690441e-001
 6.4704835e-001
 6.4663923e-001
 6.4614838e-001
 6.4610744e-001
 6.4596456e-001
 6.4654720e-001
 6.4739764e-001
 6.4795810e-001
 6.4888591e-001
 6.4984548e-001
 6.5081573e-001
 6.5177375e-001
 6.5281641e-001
 6.5408176e-001
 6.5516347e-001
 6.5576357e-001
 6.5653449e-001
 6.5715617e-001
 6.5790957e-001
 6.5887296e-001
 6.5983689e-001
 6.6082841e-001
 6.6211182e-001
 6.6354477e-001
