s07_AV97 Record=2730: Pyromorphite_REE WS427 xtl   ASDFRa AREF
 3.1008067e-002
 2.9962400e-002
 3.0336699e-002
 3.1171344e-002
 3.2522269e-002
 3.4536265e-002
 3.7190631e-002
 4.0610638e-002
 4.5109335e-002
 5.1218890e-002
 5.9435885e-002
 7.0789061e-002
 8.6269550e-002
 1.0657360e-001
 1.3062552e-001
 1.5657860e-001
 1.8317921e-001
 2.1410379e-001
 2.3795918e-001
 2.5510240e-001
 2.6241231e-001
 2.4389894e-001
 2.4133833e-001
 2.6411307e-001
 2.7021834e-001
 2.6482895e-001
 2.5726420e-001
 2.4876302e-001
 2.4451445e-001
 2.4722087e-001
 2.5225341e-001
 2.5394875e-001
 2.5163099e-001
 2.5406298e-001
 2.5319189e-001
 2.5355461e-001
 2.5363132e-001
 2.5335994e-001
 2.5310299e-001
 2.4866472e-001
 2.3036200e-001
 2.2759250e-001
 2.4664521e-001
 2.5704232e-001
 2.5904334e-001
 2.5435415e-001
 2.3160924e-001
 2.3167679e-001
 2.5910798e-001
 2.7553716e-001
 2.8838465e-001
 2.9848185e-001
 3.0585790e-001
 3.0629852e-001
 3.1125236e-001
 3.2270101e-001
 3.2968384e-001
 3.3172363e-001
 3.3141306e-001
 3.3287564e-001
 3.3518159e-001
 3.3748746e-001
 3.3992273e-001
 3.4315959e-001
 3.4599227e-001
 3.4998721e-001
 3.5534379e-001
 3.6047456e-001
 3.6564842e-001
 3.7188536e-001
 3.7852585e-001
 3.8551265e-001
 3.9898118e-001
 4.1723377e-001
 4.2115539e-001
 4.1343504e-001
 4.1064903e-001
 4.1352144e-001
 4.2031410e-001
 4.2683169e-001
 4.3317452e-001
 4.3740889e-001
 4.4028947e-001
 4.4192362e-001
 4.4305751e-001
 4.4393042e-001
 4.4432193e-001
 4.4436643e-001
 4.4393110e-001
 4.4200060e-001
 4.3632525e-001
 4.2734954e-001
 4.2675161e-001
 4.2719537e-001
 4.2567980e-001
 4.2630842e-001
 4.2642361e-001
 4.2565474e-001
 4.2727825e-001
 4.2880028e-001
 4.2966458e-001
 4.3047577e-001
 4.3080881e-001
 4.3085125e-001
 4.3013322e-001
 4.2672950e-001
 4.2273706e-001
 4.1661149e-001
 4.0716067e-001
 3.9959511e-001
 3.9288267e-001
 3.8314381e-001
 3.7458271e-001
 3.6803758e-001
 3.6251420e-001
 3.5797507e-001
 3.5454059e-001
 3.5263827e-001
 3.5161722e-001
 3.5006300e-001
 3.4897512e-001
 3.4829986e-001
 3.4706476e-001
 3.4497568e-001
 3.4228578e-001
 3.3970571e-001
 3.3773381e-001
 3.3669981e-001
 3.3579332e-001
 3.3512172e-001
 3.3470878e-001
 3.3478281e-001
 3.3497047e-001
 3.3494180e-001
 3.3454707e-001
 3.3336672e-001
 3.3165956e-001
 3.2947353e-001
 3.2717067e-001
 3.2542253e-001
 3.2341698e-001
 3.2131633e-001
 3.1919801e-001
 3.1750086e-001
 3.1533867e-001
 3.1284970e-001
 3.1049493e-001
 3.0807760e-001
 3.0568704e-001
 3.0318686e-001
 3.0073786e-001
 2.9829127e-001
 2.9599556e-001
 2.9372543e-001
 2.9137620e-001
 2.8881761e-001
 2.8598708e-001
 2.8246373e-001
 2.7761289e-001
 2.6975557e-001
 2.7324629e-001
 2.6353794e-001
 2.5244942e-001
 2.4334234e-001
 2.3705332e-001
 2.3229797e-001
 2.2867967e-001
 2.2690102e-001
 2.2653268e-001
 2.2741951e-001
 2.2905788e-001
 2.3134708e-001
 2.3360360e-001
 2.3511431e-001
 2.3634347e-001
 2.3790054e-001
 2.3941854e-001
 2.4047145e-001
 2.4144559e-001
 2.4191815e-001
 2.4261285e-001
 2.4330126e-001
 2.4387144e-001
 2.4453829e-001
 2.4509661e-001
 2.4546537e-001
 2.4595353e-001
 2.4616283e-001
 2.4607316e-001
 2.4592370e-001
 2.4558398e-001
 2.4521191e-001
 2.4475767e-001
 2.4427311e-001
 2.4293880e-001
 2.4070078e-001
 2.3691365e-001
 2.3226507e-001
 2.2841315e-001
 2.3108105e-001
 2.3504455e-001
 2.3605180e-001
 2.3381869e-001
 2.2785844e-001
 2.1938872e-001
 2.1735761e-001
 2.2253965e-001
 2.2700338e-001
 2.2872737e-001
 2.2801755e-001
 2.2626014e-001
 2.2387050e-001
 2.2173081e-001
 2.1929647e-001
 2.1668512e-001
 2.1515970e-001
 2.1357715e-001
 2.1135050e-001
 2.0955999e-001
 2.0761544e-001
 2.0565769e-001
 2.0484777e-001
 2.0457113e-001
-1.2300000e+034
