s07_AV97 Record=491: Arsenopyrite HS262.3B         BECKc AREF
 1.1045367e-001
 1.1554688e-001
 1.1975978e-001
 1.2360957e-001
 1.2638529e-001
 1.2860911e-001
 1.2949081e-001
 1.3055757e-001
 1.3196015e-001
 1.3304816e-001
 1.3404910e-001
 1.3468455e-001
 1.3506618e-001
 1.3527532e-001
 1.3557358e-001
 1.3570142e-001
 1.3597772e-001
 1.3593896e-001
 1.3572781e-001
 1.3534723e-001
 1.3526478e-001
 1.3542105e-001
 1.3539067e-001
 1.3513163e-001
 1.3463543e-001
 1.3440529e-001
 1.3428546e-001
 1.3418318e-001
 1.3420150e-001
 1.3401769e-001
 1.3416807e-001
 1.3387716e-001
 1.3414875e-001
 1.3401909e-001
 1.3378909e-001
 1.3420577e-001
 1.3375567e-001
 1.3369714e-001
 1.3362257e-001
 1.3371158e-001
 1.3355730e-001
 1.3338070e-001
 1.3321730e-001
 1.3323539e-001
 1.3293220e-001
 1.3293257e-001
 1.3276108e-001
 1.3264264e-001
 1.3243940e-001
 1.3244848e-001
 1.3101925e-001
 1.3152413e-001
 1.3210516e-001
 1.3237025e-001
 1.3160457e-001
 1.2868802e-001
 1.2948029e-001
 1.2891793e-001
 1.2746020e-001
 1.2652224e-001
 1.2673604e-001
 1.2463413e-001
 1.2593013e-001
 1.2476167e-001
 1.2474635e-001
 1.2344680e-001
 1.2355996e-001
 1.2260292e-001
 1.2161508e-001
 1.2163191e-001
 1.2154704e-001
 1.2132839e-001
 1.2114217e-001
 1.2111710e-001
 1.2043788e-001
 1.1904062e-001
 1.1898615e-001
 1.1888065e-001
 1.1918123e-001
 1.1850969e-001
 1.1846568e-001
 1.1812154e-001
 1.1727272e-001
 1.1760791e-001
 1.1717786e-001
 1.1714280e-001
 1.1682463e-001
 1.1671681e-001
 1.1644369e-001
 1.1649053e-001
 1.1617797e-001
 1.1616982e-001
 1.1609555e-001
 1.1603347e-001
 1.1608498e-001
 1.1569767e-001
 1.1600991e-001
 1.1592369e-001
 1.1547811e-001
 1.1505155e-001
 1.1525800e-001
 1.1525919e-001
 1.1492892e-001
 1.1496016e-001
 1.1459135e-001
 1.1412211e-001
 1.1469723e-001
 1.1432273e-001
 1.1467513e-001
 1.1482033e-001
 1.1327989e-001
 1.1400370e-001
 1.1343099e-001
 1.1392301e-001
 1.1410806e-001
 1.1380827e-001
 1.1334734e-001
 1.1302757e-001
 1.1409742e-001
 1.1465868e-001
 1.1392204e-001
 1.1430236e-001
 1.1303823e-001
 1.1319207e-001
 1.1388671e-001
 1.1325012e-001
 1.1388801e-001
 1.1360294e-001
 1.1275646e-001
 1.1307326e-001
 1.1350656e-001
 1.1318584e-001
 1.1225608e-001
 1.1181090e-001
 1.1224607e-001
 1.1276419e-001
 1.1208164e-001
 1.1237005e-001
 1.1241471e-001
 1.1184774e-001
 1.1231960e-001
 1.1174056e-001
 1.1227261e-001
 1.1122585e-001
 1.1082559e-001
 1.1119594e-001
 1.1129791e-001
 1.1153276e-001
 1.1125531e-001
 1.1125950e-001
 1.1184818e-001
 1.1096767e-001
 1.1005770e-001
 1.1037159e-001
 1.1028837e-001
 1.1034752e-001
 1.1090142e-001
 1.1108727e-001
 1.1087129e-001
 1.1024819e-001
 1.1052898e-001
 1.0908657e-001
 1.0898355e-001
 1.0982172e-001
 1.0864526e-001
 1.0868149e-001
 1.0818078e-001
 1.0845587e-001
 1.0753608e-001
 1.0791668e-001
 1.0919552e-001
 1.0829075e-001
 1.0790106e-001
 1.0747632e-001
 1.0752373e-001
 1.0791690e-001
 1.0846432e-001
 1.0831071e-001
 1.0922331e-001
 1.0886914e-001
 1.0835190e-001
 1.0807783e-001
 1.0723694e-001
 1.0860138e-001
 1.0918306e-001
 1.0873282e-001
 1.0919622e-001
 1.0986762e-001
 1.0955885e-001
 1.0843372e-001
 1.0830213e-001
 1.0756531e-001
 1.0648771e-001
 1.0636101e-001
 1.0714048e-001
 1.0877151e-001
 1.0856573e-001
 1.0846418e-001
 1.0636544e-001
 1.0798924e-001
 1.0920805e-001
 1.0556492e-001
 1.0576723e-001
 1.1068632e-001
 1.0876068e-001
 1.0744376e-001
 1.0923619e-001
 1.0662102e-001
 1.0635404e-001
 1.0661164e-001
 1.0727168e-001
 1.0833585e-001
 1.0750235e-001
 1.0656223e-001
 1.0634428e-001
 1.0675696e-001
 1.0720400e-001
 1.0705459e-001
 1.0654205e-001
 1.0606519e-001
 1.0604534e-001
 1.0627893e-001
 1.0644696e-001
 1.0632809e-001
