s07_AV97 Record=4083: Muscovite-medlowAl CU91-250A ASDFRb AREF
 1.8990207e-001
 1.9679902e-001
 2.0551498e-001
 2.1505362e-001
 2.2346383e-001
 2.3149671e-001
 2.4153560e-001
 2.5350061e-001
 2.6374739e-001
 2.7075726e-001
 2.7502954e-001
 2.7943838e-001
 2.8597656e-001
 2.9502678e-001
 3.0536249e-001
 3.1624216e-001
 3.2740059e-001
 3.3866492e-001
 3.4957582e-001
 3.5900912e-001
 3.6727527e-001
 3.7410179e-001
 3.7918520e-001
 3.8285607e-001
 3.8549235e-001
 3.8716730e-001
 3.8876390e-001
 3.9003789e-001
 3.9153162e-001
 3.9289010e-001
 3.9472631e-001
 3.9671177e-001
 3.9440367e-001
 3.9633936e-001
 3.9827448e-001
 4.0058798e-001
 4.0316427e-001
 4.0575203e-001
 4.0821671e-001
 4.1039571e-001
 4.1218552e-001
 4.1369820e-001
 4.1479972e-001
 4.1538978e-001
 4.1553897e-001
 4.1524583e-001
 4.1451475e-001
 4.1361830e-001
 4.1252318e-001
 4.1114083e-001
 4.0964365e-001
 4.0820277e-001
 4.0678218e-001
 4.0554130e-001
 4.0467507e-001
 4.0402561e-001
 4.0376654e-001
 4.0394783e-001
 4.0435258e-001
 4.0514159e-001
 4.0627563e-001
 4.0738317e-001
 4.0826100e-001
 4.0857488e-001
 4.1033903e-001
 4.1312245e-001
 4.1484222e-001
 4.1590622e-001
 4.1611648e-001
 4.1674227e-001
 4.1725624e-001
 4.1762516e-001
 4.1811320e-001
 4.1854686e-001
 4.1913643e-001
 4.1999286e-001
 4.2090949e-001
 4.2212144e-001
 4.2356998e-001
 4.2512828e-001
 4.2711496e-001
 4.2910236e-001
 4.3141302e-001
 4.3377087e-001
 4.3601203e-001
 4.3855801e-001
 4.4091585e-001
 4.4358367e-001
 4.4633874e-001
 4.4883519e-001
 4.5150396e-001
 4.5391297e-001
 4.5609117e-001
 4.5866722e-001
 4.6133187e-001
 4.6412203e-001
 4.5984834e-001
 4.6274769e-001
 4.6532670e-001
 4.6708444e-001
 4.6782672e-001
 4.6893507e-001
 4.7041249e-001
 4.7210625e-001
 4.7409907e-001
 4.7569370e-001
 4.7531489e-001
 4.7320765e-001
 4.6447641e-001
 4.4446021e-001
 4.1339290e-001
 3.7051877e-001
 3.6031798e-001
 4.1559723e-001
 4.5956248e-001
 4.7679538e-001
 4.8276728e-001
 4.8644039e-001
 4.8998564e-001
 4.9358982e-001
 4.9657565e-001
 4.9894029e-001
 5.0117481e-001
 5.0323296e-001
 5.0509524e-001
 5.0671780e-001
 5.0805539e-001
 5.0955135e-001
 5.1109791e-001
 5.1239562e-001
 5.1354963e-001
 5.1451343e-001
 5.1525050e-001
 5.1585734e-001
 5.1641029e-001
 5.1694041e-001
 5.1753914e-001
 5.1808733e-001
 5.1842093e-001
 5.1869631e-001
 5.1890147e-001
 5.1911366e-001
 5.1915151e-001
 5.1881385e-001
 5.1820445e-001
 5.1749492e-001
 5.1648170e-001
 5.1528382e-001
 5.1415241e-001
 5.1316959e-001
 5.1284021e-001
 5.1370996e-001
 5.1440942e-001
 5.1342231e-001
 5.1216400e-001
 5.1056850e-001
 5.1061869e-001
 5.0906277e-001
 5.0085700e-001
 4.8276326e-001
 4.9094054e-001
 4.6731561e-001
 4.3367431e-001
 4.1161919e-001
 4.1613138e-001
 4.2777708e-001
 4.3651569e-001
 4.4140556e-001
 4.4478652e-001
 4.4753328e-001
 4.5013231e-001
 4.5276600e-001
 4.5511138e-001
 4.5790544e-001
 4.6066982e-001
 4.6252355e-001
 4.6317920e-001
 4.6294406e-001
 4.6150139e-001
 4.5920232e-001
 4.5488760e-001
 4.4801861e-001
 4.3930268e-001
 4.2979425e-001
 4.2418554e-001
 4.2175323e-001
 4.1496292e-001
 3.9919513e-001
 3.7876365e-001
 3.5734490e-001
 3.2551783e-001
 2.8476229e-001
 2.5595254e-001
 2.5558224e-001
 2.8973567e-001
 3.2234195e-001
 3.4346670e-001
 3.5553017e-001
 3.6643443e-001
 3.7378284e-001
 3.7408248e-001
 3.6831078e-001
 3.5632756e-001
 3.3911470e-001
 3.2054648e-001
 3.0181503e-001
 2.8399569e-001
 2.7298117e-001
 2.7463016e-001
 2.7871245e-001
 2.7628040e-001
 2.7454937e-001
 2.7461132e-001
 2.6946512e-001
 2.5936750e-001
 2.4982715e-001
 2.4115711e-001
 2.3944142e-001
 2.4137524e-001
 2.4373902e-001
 2.4536923e-001
 2.4446531e-001
 2.4686234e-001
-1.2300000e+034
