s07_AV97 Record=408: Annite WS661 Biotite         NIC4bb RREF
-1.2300000e+034
-1.2300000e+034
-1.2300000e+034
-1.2300000e+034
-1.2300000e+034
-1.2300000e+034
-1.2300000e+034
-1.2300000e+034
-1.2300000e+034
-1.2300000e+034
-1.2300000e+034
-1.2300000e+034
-1.2300000e+034
-1.2300000e+034
-1.2300000e+034
-1.2300000e+034
-1.2300000e+034
-1.2300000e+034
-1.2300000e+034
-1.2300000e+034
-1.2300000e+034
-1.2300000e+034
-1.2300000e+034
-1.2300000e+034
-1.2300000e+034
-1.2300000e+034
-1.2300000e+034
-1.2300000e+034
-1.2300000e+034
-1.2300000e+034
-1.2300000e+034
-1.2300000e+034
-1.2300000e+034
-1.2300000e+034
-1.2300000e+034
-1.2300000e+034
-1.2300000e+034
-1.2300000e+034
-1.2300000e+034
-1.2300000e+034
-1.2300000e+034
-1.2300000e+034
-1.2300000e+034
-1.2300000e+034
-1.2300000e+034
-1.2300000e+034
-1.2300000e+034
-1.2300000e+034
-1.2300000e+034
-1.2300000e+034
-1.2300000e+034
-1.2300000e+034
-1.2300000e+034
-1.2300000e+034
-1.2300000e+034
-1.2300000e+034
-1.2300000e+034
-1.2300000e+034
-1.2300000e+034
-1.2300000e+034
-1.2300000e+034
-1.2300000e+034
-1.2300000e+034
-1.2300000e+034
-1.2300000e+034
-1.2300000e+034
-1.2300000e+034
-1.2300000e+034
-1.2300000e+034
-1.2300000e+034
-1.2300000e+034
-1.2300000e+034
-1.2300000e+034
-1.2300000e+034
-1.2300000e+034
-1.2300000e+034
-1.2300000e+034
-1.2300000e+034
-1.2300000e+034
-1.2300000e+034
-1.2300000e+034
-1.2300000e+034
-1.2300000e+034
-1.2300000e+034
-1.2300000e+034
-1.2300000e+034
-1.2300000e+034
-1.2300000e+034
-1.2300000e+034
-1.2300000e+034
-1.2300000e+034
-1.2300000e+034
-1.2300000e+034
-1.2300000e+034
-1.2300000e+034
-1.2300000e+034
-1.2300000e+034
-1.2300000e+034
-1.2300000e+034
-1.2300000e+034
-1.2300000e+034
-1.2300000e+034
-1.2300000e+034
-1.2300000e+034
-1.2300000e+034
-1.2300000e+034
-1.2300000e+034
-1.2300000e+034
-1.2300000e+034
-1.2300000e+034
-1.2300000e+034
-1.2300000e+034
-1.2300000e+034
-1.2300000e+034
-1.2300000e+034
-1.2300000e+034
-1.2300000e+034
-1.2300000e+034
-1.2300000e+034
-1.2300000e+034
-1.2300000e+034
-1.2300000e+034
 1.7514412e-001
 1.7724718e-001
 1.7955425e-001
 1.8185219e-001
 1.8420501e-001
 1.8662646e-001
 1.8880886e-001
 1.9105910e-001
 1.9346248e-001
 1.9598193e-001
 1.9864428e-001
 2.0138699e-001
 2.0408279e-001
 2.0679395e-001
 2.0950930e-001
 2.1204664e-001
 2.1494834e-001
 2.1779819e-001
 2.2071250e-001
 2.2353636e-001
 2.2643490e-001
 2.2930220e-001
 2.3213826e-001
 2.3520552e-001
 2.3824641e-001
 2.4145976e-001
 2.4471627e-001
 2.4783969e-001
 2.5100434e-001
 2.5416359e-001
 2.5712764e-001
 2.6014850e-001
 2.6327336e-001
 2.6653406e-001
 2.7011782e-001
 2.7376896e-001
 2.7678603e-001
 2.8036168e-001
 2.7919933e-001
 2.8256497e-001
 2.8555956e-001
 2.8868017e-001
 2.9202965e-001
 2.9556486e-001
 2.9898494e-001
 3.0243385e-001
 3.0569282e-001
 3.0881011e-001
 3.1177735e-001
 3.1464091e-001
 3.1750634e-001
 3.2046899e-001
 3.2353228e-001
 3.2670313e-001
 3.2984704e-001
 3.3301184e-001
 3.3603525e-001
 3.3901718e-001
 3.4179813e-001
 3.4457415e-001
 3.4723815e-001
 3.4962121e-001
 3.5244986e-001
 3.5555792e-001
 3.5862064e-001
 3.6168632e-001
 3.6461470e-001
 3.6762518e-001
 3.7040293e-001
 3.7308532e-001
 3.7564689e-001
 3.7834799e-001
 3.8110241e-001
 3.8377413e-001
 3.8592863e-001
 3.8709149e-001
 3.8911203e-001
 3.9264598e-001
 3.9610460e-001
 3.9861202e-001
 4.0076119e-001
 4.0279338e-001
 4.0461853e-001
 4.0580630e-001
 4.0608704e-001
 4.0591434e-001
 4.0582290e-001
 4.0671137e-001
 4.0947118e-001
 4.1284251e-001
 4.1531658e-001
 4.1693342e-001
 4.1817218e-001
 4.1992590e-001
 4.2309290e-001
 4.2657587e-001
 4.2976120e-001
 4.3251631e-001
 4.3477786e-001
 4.3670967e-001
 4.3869054e-001
 4.4094595e-001
