s07_AV97 Record=2907: Saponite SapCa-1.AcB          BECKb AREF
 4.4299945e-001
 4.7977304e-001
 5.1482230e-001
 5.4810834e-001
 5.6972337e-001
 5.8594245e-001
 6.0208434e-001
 6.2100959e-001
 6.3676280e-001
 6.5160239e-001
 6.7559642e-001
 7.0137739e-001
 7.2137749e-001
 7.4208105e-001
 7.6201171e-001
 7.7917701e-001
 7.9400170e-001
 8.0493909e-001
 8.1216681e-001
 8.1660491e-001
 8.2078093e-001
 8.2325613e-001
 8.2664317e-001
 8.3049494e-001
 8.3463383e-001
 8.3797598e-001
 8.4059078e-001
 8.4417582e-001
 8.4787345e-001
 8.5201043e-001
 8.5664564e-001
 8.6185646e-001
 8.5585260e-001
 8.6089444e-001
 8.6451274e-001
 8.6868936e-001
 8.7217557e-001
 8.7521142e-001
 8.7664288e-001
 8.7804472e-001
 8.7952226e-001
 8.8112807e-001
 8.8179874e-001
 8.8293684e-001
 8.8253075e-001
 8.8117844e-001
 8.7977314e-001
 8.7592965e-001
 8.7475032e-001
 8.7103719e-001
 8.7002432e-001
 8.7045288e-001
 8.6962801e-001
 8.7017244e-001
 8.6783093e-001
 8.6252183e-001
 8.6581039e-001
 8.6381429e-001
 8.5774207e-001
 8.5346007e-001
 8.5356724e-001
 8.4191209e-001
 8.3216780e-001
 8.4099972e-001
 8.4081060e-001
 8.4255463e-001
 8.4275645e-001
 8.4363258e-001
 8.4385926e-001
 8.4428418e-001
 8.4334207e-001
 8.4526372e-001
 8.4470689e-001
 8.4458274e-001
 8.4663469e-001
 8.4757429e-001
 8.4914428e-001
 8.5189390e-001
 8.5345083e-001
 8.5578334e-001
 8.5613418e-001
 8.5198784e-001
 8.3833528e-001
 8.2908684e-001
 8.4065205e-001
 8.5019433e-001
 8.5659158e-001
 8.6050856e-001
 8.6482728e-001
 8.7007773e-001
 8.7442315e-001
 8.7700194e-001
 8.8018495e-001
 8.8294852e-001
 8.8367206e-001
 8.8028651e-001
 8.8355744e-001
 8.8273323e-001
 8.7562901e-001
 8.7957668e-001
 8.7839985e-001
 8.7568140e-001
 8.6926317e-001
 8.5673285e-001
 8.4216124e-001
 8.2906836e-001
 8.1667054e-001
 7.9611671e-001
 7.5549287e-001
 6.1176217e-001
 5.3623092e-001
 5.7297069e-001
 5.7340384e-001
 6.1144221e-001
 6.5473169e-001
 6.8512613e-001
 6.9414145e-001
 6.9456130e-001
 7.1989220e-001
 7.5027275e-001
 7.6993459e-001
 7.8516483e-001
 7.9534101e-001
 8.0597663e-001
 8.1366789e-001
 8.2126373e-001
 8.2730561e-001
 8.3492547e-001
 8.3850020e-001
 8.4255880e-001
 8.4663385e-001
 8.4957314e-001
 8.5205507e-001
 8.5258824e-001
 8.5401410e-001
 8.5437226e-001
 8.5458803e-001
 8.5291159e-001
 8.4812021e-001
 8.4406292e-001
 8.4523541e-001
 8.4094507e-001
 8.3137244e-001
 8.2317710e-001
 8.1601202e-001
 8.0540967e-001
 7.9569900e-001
 7.8539544e-001
 7.7393216e-001
 7.6619256e-001
 7.6019591e-001
 7.4979252e-001
 7.4303073e-001
 7.3390055e-001
 7.2635263e-001
 7.1356052e-001
 6.9645894e-001
 6.6407192e-001
 6.0209769e-001
 4.9886307e-001
 5.3677809e-001
 4.0360090e-001
 2.9793856e-001
 2.9342431e-001
 3.4238648e-001
 4.0088022e-001
 4.3554488e-001
 4.5480666e-001
 4.7076774e-001
 4.8922572e-001
 5.1221788e-001
 5.3513598e-001
 5.6087929e-001
 5.8345693e-001
 6.0142082e-001
 6.1763644e-001
 6.2755328e-001
 6.3597733e-001
 6.3905686e-001
 6.3862097e-001
 6.3669759e-001
 6.3060677e-001
 6.3212746e-001
 6.3482952e-001
 6.3152456e-001
 6.3079935e-001
 6.3510787e-001
 6.3729388e-001
 6.3843966e-001
 6.3635564e-001
 6.3580042e-001
 6.3715249e-001
 6.3354266e-001
 6.2758785e-001
 6.2063211e-001
 6.1212063e-001
 6.0112745e-001
 5.9069985e-001
 5.7757777e-001
 5.4925388e-001
 4.8951808e-001
 4.1206250e-001
 3.7152645e-001
 3.3208144e-001
 3.2909298e-001
 4.1430619e-001
 4.6639004e-001
 4.7664773e-001
 4.6926624e-001
 4.4559121e-001
 3.9638269e-001
 3.7377015e-001
 3.8478580e-001
 3.9585486e-001
 3.9534137e-001
 3.8549837e-001
 3.7106270e-001
 3.5704973e-001
 3.4653676e-001
 3.3776852e-001
 3.3216709e-001
 3.2825893e-001
 3.2425362e-001
 3.1887496e-001
