s07_AV97 Record=4035: Microcline+others HS107.3B  NIC4aaa RREF
-1.2300000e+034
-1.2300000e+034
-1.2300000e+034
-1.2300000e+034
-1.2300000e+034
-1.2300000e+034
-1.2300000e+034
-1.2300000e+034
-1.2300000e+034
-1.2300000e+034
-1.2300000e+034
-1.2300000e+034
-1.2300000e+034
-1.2300000e+034
-1.2300000e+034
-1.2300000e+034
-1.2300000e+034
-1.2300000e+034
-1.2300000e+034
-1.2300000e+034
-1.2300000e+034
-1.2300000e+034
-1.2300000e+034
-1.2300000e+034
-1.2300000e+034
-1.2300000e+034
-1.2300000e+034
-1.2300000e+034
-1.2300000e+034
-1.2300000e+034
-1.2300000e+034
-1.2300000e+034
-1.2300000e+034
-1.2300000e+034
-1.2300000e+034
-1.2300000e+034
-1.2300000e+034
-1.2300000e+034
-1.2300000e+034
-1.2300000e+034
-1.2300000e+034
-1.2300000e+034
-1.2300000e+034
-1.2300000e+034
-1.2300000e+034
-1.2300000e+034
-1.2300000e+034
-1.2300000e+034
-1.2300000e+034
-1.2300000e+034
-1.2300000e+034
-1.2300000e+034
-1.2300000e+034
-1.2300000e+034
-1.2300000e+034
-1.2300000e+034
-1.2300000e+034
-1.2300000e+034
-1.2300000e+034
-1.2300000e+034
-1.2300000e+034
-1.2300000e+034
-1.2300000e+034
-1.2300000e+034
-1.2300000e+034
-1.2300000e+034
-1.2300000e+034
-1.2300000e+034
-1.2300000e+034
-1.2300000e+034
-1.2300000e+034
-1.2300000e+034
-1.2300000e+034
-1.2300000e+034
-1.2300000e+034
-1.2300000e+034
-1.2300000e+034
-1.2300000e+034
-1.2300000e+034
-1.2300000e+034
-1.2300000e+034
-1.2300000e+034
-1.2300000e+034
-1.2300000e+034
-1.2300000e+034
-1.2300000e+034
-1.2300000e+034
-1.2300000e+034
-1.2300000e+034
-1.2300000e+034
-1.2300000e+034
-1.2300000e+034
-1.2300000e+034
-1.2300000e+034
-1.2300000e+034
-1.2300000e+034
-1.2300000e+034
-1.2300000e+034
-1.2300000e+034
-1.2300000e+034
-1.2300000e+034
-1.2300000e+034
-1.2300000e+034
-1.2300000e+034
-1.2300000e+034
-1.2300000e+034
-1.2300000e+034
-1.2300000e+034
-1.2300000e+034
-1.2300000e+034
-1.2300000e+034
-1.2300000e+034
-1.2300000e+034
-1.2300000e+034
-1.2300000e+034
-1.2300000e+034
-1.2300000e+034
-1.2300000e+034
-1.2300000e+034
-1.2300000e+034
-1.2300000e+034
-1.2300000e+034
-1.2300000e+034
-1.2300000e+034
-1.2300000e+034
-1.2300000e+034
-1.2300000e+034
-1.2300000e+034
-1.2300000e+034
-1.2300000e+034
-1.2300000e+034
-1.2300000e+034
-1.2300000e+034
-1.2300000e+034
-1.2300000e+034
-1.2300000e+034
-1.2300000e+034
-1.2300000e+034
-1.2300000e+034
-1.2300000e+034
-1.2300000e+034
-1.2300000e+034
-1.2300000e+034
-1.2300000e+034
-1.2300000e+034
-1.2300000e+034
-1.2300000e+034
-1.2300000e+034
-1.2300000e+034
-1.2300000e+034
 5.6568789e-001
 5.6598878e-001
 5.6632292e-001
 5.6665862e-001
 5.6719673e-001
 5.6822115e-001
 5.6960267e-001
 5.7073176e-001
 5.7046497e-001
 5.7025510e-001
 5.7039082e-001
 5.6909776e-001
 5.6654811e-001
 5.6611073e-001
 5.6692016e-001
 5.6815672e-001
 5.6955099e-001
 5.7063836e-001
 5.7108957e-001
 5.7108432e-001
 5.7051736e-001
 5.6944084e-001
 5.6808436e-001
 5.6829596e-001
 5.6929296e-001
 5.7003844e-001
 5.7072634e-001
 5.7136106e-001
 5.7167625e-001
 5.7148933e-001
 5.7056564e-001
 5.6812578e-001
 5.6477720e-001
 5.6283200e-001
 5.6213397e-001
 5.6273067e-001
 5.6306553e-001
 5.6193376e-001
 5.5775017e-001
 5.4740894e-001
 5.2858257e-001
 5.0382155e-001
 4.9694470e-001
 5.1858115e-001
 5.4370487e-001
 5.5416101e-001
 5.5787063e-001
 5.6008041e-001
 5.6183904e-001
 5.6263065e-001
 5.6155676e-001
 5.5979115e-001
 5.5575895e-001
 5.4974985e-001
 5.4206014e-001
 5.3271890e-001
 5.2419174e-001
 5.2014029e-001
 5.2260804e-001
 5.2443397e-001
 5.2427882e-001
 5.2457917e-001
 5.2353996e-001
 5.1774073e-001
 5.0890070e-001
 5.0049806e-001
 4.9611503e-001
 4.9707326e-001
 5.0046259e-001
 5.0371504e-001
 5.0644714e-001
 5.0795609e-001
 5.0979024e-001
 5.1298749e-001
