s07_AV97 Record=2040: Microcline HS103.6  Feldspar ASDFRc AREF
 3.9136001e-001
 4.0318355e-001
 4.3826854e-001
 4.6098495e-001
 4.7177348e-001
 4.8174927e-001
 5.0277668e-001
 5.1872027e-001
 5.3834939e-001
 5.6198716e-001
 5.7640254e-001
 5.8569258e-001
 5.9594566e-001
 6.0828733e-001
 6.2220466e-001
 6.3706875e-001
 6.5089327e-001
 6.6292155e-001
 6.7202455e-001
 6.7745090e-001
 6.8169117e-001
 6.8617928e-001
 6.8981630e-001
 6.9137555e-001
 6.9280446e-001
 6.9530582e-001
 6.9880825e-001
 7.0348477e-001
 7.0862287e-001
 7.1350896e-001
 7.1713012e-001
 7.1972722e-001
 7.1663040e-001
 7.1936619e-001
 7.2085124e-001
 7.2227299e-001
 7.2482240e-001
 7.2744155e-001
 7.3023546e-001
 7.3253345e-001
 7.3523659e-001
 7.3806882e-001
 7.4138719e-001
 7.4404490e-001
 7.4544227e-001
 7.4536192e-001
 7.4483562e-001
 7.4360526e-001
 7.4143493e-001
 7.3879659e-001
 7.3554116e-001
 7.3208189e-001
 7.2761655e-001
 7.2224957e-001
 7.1661013e-001
 7.1106559e-001
 7.0477086e-001
 6.9838893e-001
 6.9169146e-001
 6.8483144e-001
 6.7808127e-001
 6.7073548e-001
 6.6341937e-001
 6.5610731e-001
 6.4881963e-001
 6.4200771e-001
 6.3465035e-001
 6.2747771e-001
 6.2042612e-001
 6.1233777e-001
 6.0523558e-001
 5.9793031e-001
 5.9041643e-001
 5.8432722e-001
 5.7819927e-001
 5.7176524e-001
 5.6573969e-001
 5.5966544e-001
 5.5457532e-001
 5.5017585e-001
 5.4549628e-001
 5.4130602e-001
 5.3729922e-001
 5.3364551e-001
 5.3046548e-001
 5.2695870e-001
 5.2393788e-001
 5.2171189e-001
 5.1987427e-001
 5.1824504e-001
 5.1665783e-001
 5.1516598e-001
 5.1425242e-001
 5.1339453e-001
 5.1267040e-001
 5.1209563e-001
 5.1297289e-001
 5.1239997e-001
 5.1168168e-001
 5.1116371e-001
 5.1038653e-001
 5.1002777e-001
 5.0991279e-001
 5.0941175e-001
 5.0940847e-001
 5.0936133e-001
 5.0929230e-001
 5.0951284e-001
 5.0806338e-001
 5.0325602e-001
 4.9978009e-001
 5.0056952e-001
 4.9939024e-001
 5.0854647e-001
 5.1347291e-001
 5.1683062e-001
 5.1948524e-001
 5.2176249e-001
 5.2460480e-001
 5.2767301e-001
 5.3068203e-001
 5.3424102e-001
 5.3789979e-001
 5.4141545e-001
 5.4455602e-001
 5.4796827e-001
 5.5172104e-001
 5.5472952e-001
 5.5798781e-001
 5.6143957e-001
 5.6487036e-001
 5.6846547e-001
 5.7180309e-001
 5.7507443e-001
 5.7821083e-001
 5.8141065e-001
 5.8434111e-001
 5.8659530e-001
 5.8841586e-001
 5.8984852e-001
 5.9149367e-001
 5.9305400e-001
 5.9417403e-001
 5.9513193e-001
 5.9607708e-001
 5.9757054e-001
 5.9806418e-001
 5.9839785e-001
 5.9945506e-001
 6.0027868e-001
 6.0070032e-001
 6.0129344e-001
 6.0155737e-001
 6.0187089e-001
 6.0232306e-001
 6.0325944e-001
 6.0378063e-001
 6.0298866e-001
 5.9993291e-001
 5.9085971e-001
 5.9499228e-001
 5.8402240e-001
 5.6913871e-001
 5.5467582e-001
 5.5018121e-001
 5.5168587e-001
 5.5424011e-001
 5.5737257e-001
 5.6124574e-001
 5.6471878e-001
 5.6810868e-001
 5.7208109e-001
 5.7498193e-001
 5.7842892e-001
 5.8129865e-001
 5.8383954e-001
 5.8548403e-001
 5.8701456e-001
 5.8782971e-001
 5.8809936e-001
 5.8877856e-001
 5.8876258e-001
 5.8846760e-001
 5.8710778e-001
 5.8613628e-001
 5.8422685e-001
 5.7834375e-001
 5.6562024e-001
 5.5252618e-001
 5.4913199e-001
 5.4892480e-001
 5.4041737e-001
 5.2036130e-001
 5.0814897e-001
 5.4191554e-001
 5.6169671e-001
 5.6496876e-001
 5.6578988e-001
 5.6368369e-001
 5.5947185e-001
 5.5525136e-001
 5.5150336e-001
 5.4544389e-001
 5.3738427e-001
 5.3645128e-001
 5.3808016e-001
 5.3533167e-001
 5.2904773e-001
 5.2624249e-001
 5.2345526e-001
 5.1644266e-001
 5.1379830e-001
 5.1470643e-001
 5.1348430e-001
 5.0878739e-001
 5.0210744e-001
 4.9181220e-001
 4.8339909e-001
 4.7791734e-001
 4.7296008e-001
 4.6804190e-001
 4.6376905e-001
 4.6029916e-001
-1.2300000e+034
