s07_AV97 Record=807: Chlorite SMR-13.c 45-60um    NIC4aa RREF
-1.2300000e+034
-1.2300000e+034
-1.2300000e+034
-1.2300000e+034
-1.2300000e+034
-1.2300000e+034
-1.2300000e+034
-1.2300000e+034
-1.2300000e+034
-1.2300000e+034
-1.2300000e+034
-1.2300000e+034
-1.2300000e+034
-1.2300000e+034
-1.2300000e+034
-1.2300000e+034
-1.2300000e+034
-1.2300000e+034
-1.2300000e+034
-1.2300000e+034
-1.2300000e+034
-1.2300000e+034
-1.2300000e+034
-1.2300000e+034
-1.2300000e+034
-1.2300000e+034
-1.2300000e+034
-1.2300000e+034
-1.2300000e+034
-1.2300000e+034
-1.2300000e+034
-1.2300000e+034
-1.2300000e+034
-1.2300000e+034
-1.2300000e+034
-1.2300000e+034
-1.2300000e+034
-1.2300000e+034
-1.2300000e+034
-1.2300000e+034
-1.2300000e+034
-1.2300000e+034
-1.2300000e+034
-1.2300000e+034
-1.2300000e+034
-1.2300000e+034
-1.2300000e+034
-1.2300000e+034
-1.2300000e+034
-1.2300000e+034
-1.2300000e+034
-1.2300000e+034
-1.2300000e+034
-1.2300000e+034
-1.2300000e+034
-1.2300000e+034
-1.2300000e+034
-1.2300000e+034
-1.2300000e+034
-1.2300000e+034
-1.2300000e+034
-1.2300000e+034
-1.2300000e+034
-1.2300000e+034
-1.2300000e+034
-1.2300000e+034
-1.2300000e+034
-1.2300000e+034
-1.2300000e+034
-1.2300000e+034
-1.2300000e+034
-1.2300000e+034
-1.2300000e+034
-1.2300000e+034
-1.2300000e+034
-1.2300000e+034
-1.2300000e+034
-1.2300000e+034
-1.2300000e+034
-1.2300000e+034
-1.2300000e+034
-1.2300000e+034
-1.2300000e+034
-1.2300000e+034
-1.2300000e+034
-1.2300000e+034
-1.2300000e+034
-1.2300000e+034
-1.2300000e+034
-1.2300000e+034
-1.2300000e+034
-1.2300000e+034
-1.2300000e+034
-1.2300000e+034
-1.2300000e+034
-1.2300000e+034
-1.2300000e+034
-1.2300000e+034
-1.2300000e+034
-1.2300000e+034
-1.2300000e+034
-1.2300000e+034
-1.2300000e+034
-1.2300000e+034
-1.2300000e+034
-1.2300000e+034
-1.2300000e+034
-1.2300000e+034
-1.2300000e+034
 4.3115035e-001
 4.1324520e-001
 4.2525432e-001
 4.2624339e-001
 4.2747909e-001
 4.2625180e-001
 4.2674154e-001
 4.2994368e-001
 4.3417966e-001
 4.3863484e-001
 4.4303650e-001
 4.4709241e-001
 4.5107332e-001
 4.5482332e-001
 4.5875537e-001
 4.6365798e-001
 4.6937668e-001
 4.7535476e-001
 4.8152217e-001
 4.8755062e-001
 4.9347934e-001
 4.9964488e-001
 5.0607187e-001
 5.1257765e-001
 5.1894772e-001
 5.2473831e-001
 5.3005689e-001
 5.3507960e-001
 5.4020637e-001
 5.4562092e-001
 5.5077839e-001
 5.5583608e-001
 5.6043309e-001
 5.6433278e-001
 5.6793416e-001
 5.7162118e-001
 5.7555330e-001
 5.7946610e-001
 5.8331448e-001
 5.8683991e-001
 5.8963746e-001
 5.9167790e-001
 5.9345615e-001
 5.9499860e-001
 5.9672153e-001
 5.9846568e-001
 5.9949934e-001
 5.9949666e-001
 5.9901154e-001
 5.9808594e-001
 5.9701329e-001
 5.9721237e-001
 5.9763956e-001
 5.9843302e-001
 5.9783685e-001
 5.9798354e-001
 5.9904236e-001
 5.9948349e-001
 5.9822983e-001
 5.9666455e-001
 5.9497172e-001
 5.9218252e-001
 5.9037650e-001
 5.9127200e-001
 5.9461290e-001
 6.0072291e-001
 6.0848886e-001
 6.1593860e-001
 6.2229234e-001
 6.2677932e-001
 6.2965661e-001
 6.3116568e-001
 6.3143474e-001
 6.2900496e-001
 6.2609231e-001
 6.2574559e-001
 6.2666428e-001
 6.2698710e-001
 6.2638384e-001
 6.2460101e-001
 6.2225467e-001
 6.1879051e-001
 6.1369771e-001
 6.0705268e-001
 5.9864628e-001
 5.8745557e-001
 5.6645334e-001
 5.3394276e-001
 5.1380575e-001
 5.1461267e-001
 5.1536620e-001
 5.0735158e-001
 4.8189649e-001
 4.6344534e-001
 4.5670545e-001
 4.4197953e-001
 4.3372887e-001
 4.3756589e-001
 4.4992793e-001
 4.6575925e-001
 4.8268896e-001
 4.9188915e-001
 4.9221104e-001
 4.9726963e-001
 5.0914758e-001
 5.1396364e-001
 5.0743765e-001
 4.9986058e-001
 4.9238947e-001
 4.8180351e-001
 4.7280711e-001
 4.7022864e-001
 4.7052029e-001
 4.7004208e-001
 4.6918234e-001
