s07_AV97 Record=1338: Goethite WS222 Coarse Gr.     BECKa AREF
 4.9208358e-002
 5.0944507e-002
 5.2105002e-002
 5.2755475e-002
 5.3328425e-002
 5.4232571e-002
 5.6021214e-002
 5.8737170e-002
 6.1218072e-002
 6.1890740e-002
 6.2308859e-002
 6.3004725e-002
 6.4490236e-002
 6.7002438e-002
 7.0895515e-002
 7.6076329e-002
 8.2324617e-002
 9.0101816e-002
 9.9333666e-002
 1.0963318e-001
 1.1909802e-001
 1.2630324e-001
 1.3030110e-001
 1.3161269e-001
 1.3140550e-001
 1.3037154e-001
 1.2905507e-001
 1.2793078e-001
 1.2717259e-001
 1.2717748e-001
 1.2787288e-001
 1.2890802e-001
 1.2774554e-001
 1.2860976e-001
 1.3049237e-001
 1.3330364e-001
 1.3780379e-001
 1.4220735e-001
 1.4720291e-001
 1.5216064e-001
 1.5662251e-001
 1.5931313e-001
 1.6033745e-001
 1.5938976e-001
 1.5638961e-001
 1.5209548e-001
 1.4734453e-001
 1.4173579e-001
 1.3616240e-001
 1.3073313e-001
 1.2604891e-001
 1.2272330e-001
 1.1965433e-001
 1.1750738e-001
 1.1530065e-001
 1.1248916e-001
 1.1103023e-001
 1.1048637e-001
 1.1004358e-001
 1.0977156e-001
 1.0995159e-001
 1.1000939e-001
 1.1018630e-001
 1.1078366e-001
 1.1115077e-001
 1.1181597e-001
 1.1312439e-001
 1.1393719e-001
 1.1548130e-001
 1.1720812e-001
 1.1981261e-001
 1.2223451e-001
 1.2611900e-001
 1.2947577e-001
 1.3363329e-001
 1.3851430e-001
 1.4384024e-001
 1.5102075e-001
 1.5713836e-001
 1.6583064e-001
 1.7432004e-001
 1.8414776e-001
 1.9398960e-001
 2.0437460e-001
 2.1570003e-001
 2.2775534e-001
 2.3981850e-001
 2.5215209e-001
 2.6472023e-001
 2.7696103e-001
 2.8758410e-001
 2.9657048e-001
 3.0658105e-001
 3.1446716e-001
 3.2120651e-001
 3.2689041e-001
 3.1765071e-001
 3.2420152e-001
 3.2994103e-001
 3.3493474e-001
 3.3936882e-001
 3.4325892e-001
 3.4473288e-001
 3.4727418e-001
 3.4863681e-001
 3.5070789e-001
 3.5127577e-001
 3.5165703e-001
 3.5314861e-001
 3.5377792e-001
 3.5359308e-001
 3.5231110e-001
 3.5057560e-001
 3.4944484e-001
 3.4901008e-001
 3.4819579e-001
 3.4819910e-001
 3.4761238e-001
 3.4797603e-001
 3.4730807e-001
 3.4757718e-001
 3.4801808e-001
 3.4805894e-001
 3.4748250e-001
 3.4672064e-001
 3.4531268e-001
 3.4442973e-001
 3.4280080e-001
 3.4035185e-001
 3.3701107e-001
 3.3294737e-001
 3.2899272e-001
 3.2518154e-001
 3.2094094e-001
 3.1720594e-001
 3.1174752e-001
 3.0681479e-001
 3.0431160e-001
 3.0143973e-001
 3.0028051e-001
 2.9991305e-001
 2.9822102e-001
 2.9654175e-001
 2.9560113e-001
 2.9397541e-001
 2.9202256e-001
 2.8968325e-001
 2.8833437e-001
 2.8649729e-001
 2.8534496e-001
 2.8631887e-001
 2.8747118e-001
 2.8650525e-001
 2.8759250e-001
 2.8786030e-001
 2.8708547e-001
 2.8704134e-001
 2.8806829e-001
 2.8724733e-001
 2.8592074e-001
 2.8626472e-001
 2.8478631e-001
 2.8190717e-001
 2.7646330e-001
 2.7152771e-001
 2.6945695e-001
 2.6528344e-001
 2.6442951e-001
 2.6521072e-001
 2.6551059e-001
 2.6547697e-001
 2.6410657e-001
 2.6416570e-001
 2.6428485e-001
 2.6618537e-001
 2.6789787e-001
 2.7172366e-001
 2.7657375e-001
 2.8013077e-001
 2.8364953e-001
 2.8368840e-001
 2.8360331e-001
 2.8403842e-001
 2.8395477e-001
 2.8347486e-001
 2.8355652e-001
 2.8155142e-001
 2.7896506e-001
 2.7517146e-001
 2.7172619e-001
 2.6936829e-001
 2.6448882e-001
 2.6125208e-001
 2.5748900e-001
 2.5137332e-001
 2.4580961e-001
 2.4103048e-001
 2.3489906e-001
 2.3030497e-001
 2.2554421e-001
 2.2019157e-001
 2.1747275e-001
 2.1733578e-001
 2.0922600e-001
 2.0245090e-001
 1.9858538e-001
 1.9306307e-001
 1.8817532e-001
 1.8358715e-001
 1.7775293e-001
 1.6882546e-001
 1.6154929e-001
 1.5556872e-001
 1.5107323e-001
 1.4816129e-001
 1.4667556e-001
 1.4602189e-001
 1.4553860e-001
 1.4502801e-001
 1.4431348e-001
 1.4344603e-001
 1.4263991e-001
 1.4215188e-001
 1.4216529e-001
