s07_AV97 Record=1452: Hedenbergite HS10.2B         ASDFRc AREF
 5.9435531e-002
 6.2673911e-002
 6.5640077e-002
 6.8746351e-002
 7.1697064e-002
 7.4971519e-002
 7.8347966e-002
 8.1903905e-002
 8.5560597e-002
 8.9740023e-002
 9.4291821e-002
 9.9063069e-002
 1.0363276e-001
 1.0840103e-001
 1.1341878e-001
 1.1852733e-001
 1.2389558e-001
 1.2937790e-001
 1.3463511e-001
 1.3965437e-001
 1.4441010e-001
 1.4865325e-001
 1.5245877e-001
 1.5572064e-001
 1.5878844e-001
 1.6167048e-001
 1.6441618e-001
 1.6726136e-001
 1.6997772e-001
 1.7242840e-001
 1.7459375e-001
 1.7615996e-001
 1.7429234e-001
 1.7589302e-001
 1.7712092e-001
 1.7788875e-001
 1.7841977e-001
 1.7901497e-001
 1.7974207e-001
 1.8068090e-001
 1.8188003e-001
 1.8315497e-001
 1.8456542e-001
 1.8616842e-001
 1.8789364e-001
 1.8989663e-001
 1.9212084e-001
 1.9440246e-001
 1.9685914e-001
 1.9945045e-001
 2.0196953e-001
 2.0432961e-001
 2.0642774e-001
 2.0824909e-001
 2.0942454e-001
 2.1031711e-001
 2.1091831e-001
 2.1087696e-001
 2.1070208e-001
 2.1030360e-001
 2.0998885e-001
 2.0961362e-001
 2.0933762e-001
 2.0938607e-001
 2.0978600e-001
 2.1038856e-001
 2.1144095e-001
 2.1276987e-001
 2.1428116e-001
 2.1628086e-001
 2.1878716e-001
 2.2115695e-001
 2.2385336e-001
 2.2609113e-001
 2.2841720e-001
 2.3045972e-001
 2.3192589e-001
 2.3352234e-001
 2.3499088e-001
 2.3619431e-001
 2.3752411e-001
 2.3863922e-001
 2.3975508e-001
 2.4096337e-001
 2.4213870e-001
 2.4400526e-001
 2.4575156e-001
 2.4771254e-001
 2.4998024e-001
 2.5240442e-001
 2.5486976e-001
 2.5792363e-001
 2.6109245e-001
 2.6437682e-001
 2.6771030e-001
 2.7153385e-001
 2.6577380e-001
 2.6953337e-001
 2.7348340e-001
 2.7715960e-001
 2.8138483e-001
 2.8514656e-001
 2.8957874e-001
 2.9361963e-001
 2.9804182e-001
 3.0234185e-001
 3.0647048e-001
 3.1109425e-001
 3.1504056e-001
 3.1893182e-001
 3.2209897e-001
 3.2390067e-001
 3.2625401e-001
 3.3125949e-001
 3.3574024e-001
 3.4017307e-001
 3.4400848e-001
 3.4802154e-001
 3.5207263e-001
 3.5645571e-001
 3.5994399e-001
 3.6400163e-001
 3.6766163e-001
 3.7142557e-001
 3.7500814e-001
 3.7855744e-001
 3.8190252e-001
 3.8527906e-001
 3.8854912e-001
 3.9189079e-001
 3.9480907e-001
 3.9827743e-001
 4.0103078e-001
 4.0434474e-001
 4.0740812e-001
 4.1062757e-001
 4.1350254e-001
 4.1636908e-001
 4.1919240e-001
 4.2200792e-001
 4.2497513e-001
 4.2864901e-001
 4.3160316e-001
 4.3443254e-001
 4.3679681e-001
 4.3937916e-001
 4.4136742e-001
 4.4453561e-001
 4.4726750e-001
 4.4994912e-001
 4.5281237e-001
 4.5586711e-001
 4.5827010e-001
 4.6042809e-001
 4.6269184e-001
 4.6508825e-001
 4.6677554e-001
 4.6921614e-001
 4.7001246e-001
 4.6791810e-001
 4.6923104e-001
 4.6441138e-001
 4.5490211e-001
 4.4684884e-001
 4.4797960e-001
 4.5448571e-001
 4.6121988e-001
 4.6690178e-001
 4.7090140e-001
 4.7515076e-001
 4.7859362e-001
 4.8265219e-001
 4.8767489e-001
 4.9226990e-001
 4.9605846e-001
 5.0011313e-001
 5.0413454e-001
 5.0824255e-001
 5.1194233e-001
 5.1514435e-001
 5.1876259e-001
 5.2084368e-001
 5.2318472e-001
 5.2511489e-001
 5.2746439e-001
 5.2918619e-001
 5.3112638e-001
 5.3263056e-001
 5.3369588e-001
 5.3454268e-001
 5.3485829e-001
 5.3529394e-001
 5.3598219e-001
 5.3711963e-001
 5.3686517e-001
 5.3634256e-001
 5.3642756e-001
 5.3697902e-001
 5.3621030e-001
 5.3353882e-001
 5.2718180e-001
 5.1774776e-001
 5.1267320e-001
 5.1452255e-001
 5.2224016e-001
 5.2697289e-001
 5.2788323e-001
 5.2804822e-001
 5.2927548e-001
 5.2758127e-001
 5.2529520e-001
 5.2347881e-001
 5.2248621e-001
 5.2187777e-001
 5.2229327e-001
 5.2149504e-001
 5.1981860e-001
 5.1746279e-001
 5.1489496e-001
 5.1106429e-001
 5.0696617e-001
 5.0295627e-001
 4.9979132e-001
-1.2300000e+034
