s07_AV97 Record=1631: Illite GDS4.2 Marblehead     ASDNGb AREF
 1.5161428e-001
 1.5939273e-001
 1.6709772e-001
 1.7393208e-001
 1.8009922e-001
 1.8557574e-001
 1.9097283e-001
 1.9621837e-001
 2.0107545e-001
 2.0546058e-001
 2.0939268e-001
 2.1294627e-001
 2.1641053e-001
 2.2006637e-001
 2.2359258e-001
 2.2707206e-001
 2.3050092e-001
 2.3375089e-001
 2.3697747e-001
 2.4001570e-001
 2.4298641e-001
 2.4566294e-001
 2.4835731e-001
 2.5119165e-001
 2.5370342e-001
 2.5642133e-001
 2.5908858e-001
 2.6176739e-001
 2.6432598e-001
 2.6706895e-001
 2.6990125e-001
 2.7269912e-001
 2.6943588e-001
 2.7218902e-001
 2.7468282e-001
 2.7731109e-001
 2.7999446e-001
 2.8255966e-001
 2.8517979e-001
 2.8775105e-001
 2.9033431e-001
 2.9283714e-001
 2.9556569e-001
 2.9831433e-001
 3.0098236e-001
 3.0361420e-001
 3.0636820e-001
 3.0891615e-001
 3.1157726e-001
 3.1436798e-001
 3.1696135e-001
 3.1944621e-001
 3.2178795e-001
 3.2429862e-001
 3.2684541e-001
 3.2932594e-001
 3.3171365e-001
 3.3395278e-001
 3.3637440e-001
 3.3903170e-001
 3.4146562e-001
 3.4384158e-001
 3.4606555e-001
 3.4827191e-001
 3.5083932e-001
 3.5321695e-001
 3.5565126e-001
 3.5828283e-001
 3.6079696e-001
 3.6338454e-001
 3.6580625e-001
 3.6839515e-001
 3.7081134e-001
 3.7281269e-001
 3.7499055e-001
 3.7720966e-001
 3.7934092e-001
 3.8172916e-001
 3.8415104e-001
 3.8649416e-001
 3.8885173e-001
 3.9136663e-001
 3.9374712e-001
 3.9592993e-001
 3.9837447e-001
 4.0085468e-001
 4.0315008e-001
 4.0557984e-001
 4.0814972e-001
 4.1071704e-001
 4.1314706e-001
 4.1570628e-001
 4.1827112e-001
 4.2102629e-001
 4.2331794e-001
 4.2574900e-001
 4.2207855e-001
 4.2455906e-001
 4.2694336e-001
 4.2908576e-001
 4.3070540e-001
 4.3291736e-001
 4.3531266e-001
 4.3783134e-001
 4.4001669e-001
 4.4223508e-001
 4.4440150e-001
 4.4580486e-001
 4.4576818e-001
 4.4344074e-001
 4.3508217e-001
 4.1922197e-001
 4.0698862e-001
 4.1844231e-001
 4.4015533e-001
 4.5238638e-001
 4.5858544e-001
 4.6230075e-001
 4.6611276e-001
 4.7018918e-001
 4.7361490e-001
 4.7658986e-001
 4.7952685e-001
 4.8221576e-001
 4.8512962e-001
 4.8777974e-001
 4.9016285e-001
 4.9273989e-001
 4.9526304e-001
 4.9760848e-001
 4.9988365e-001
 5.0247061e-001
 5.0473130e-001
 5.0665063e-001
 5.0888246e-001
 5.1090503e-001
 5.1286083e-001
 5.1482362e-001
 5.1685405e-001
 5.1853114e-001
 5.2069181e-001
 5.2305180e-001
 5.2520454e-001
 5.2679241e-001
 5.2803671e-001
 5.2924943e-001
 5.3019774e-001
 5.3109831e-001
 5.3223187e-001
 5.3328311e-001
 5.3442246e-001
 5.3558230e-001
 5.3702337e-001
 5.3832698e-001
 5.3894109e-001
 5.3867841e-001
 5.3757513e-001
 5.3414476e-001
 5.2420598e-001
 5.0201845e-001
 5.1009941e-001
 4.8206696e-001
 4.4803014e-001
 4.3049365e-001
 4.4284385e-001
 4.6079633e-001
 4.7419265e-001
 4.8314196e-001
 4.8976639e-001
 4.9583462e-001
 5.0228840e-001
 5.0867254e-001
 5.1493007e-001
 5.2091098e-001
 5.2690256e-001
 5.3237647e-001
 5.3653359e-001
 5.3982460e-001
 5.4214656e-001
 5.4380220e-001
 5.4434055e-001
 5.4235929e-001
 5.4019469e-001
 5.3834569e-001
 5.3692055e-001
 5.3674352e-001
 5.3707528e-001
 5.3570884e-001
 5.3017515e-001
 5.1748520e-001
 4.9720192e-001
 4.7025597e-001
 4.3945640e-001
 4.1219977e-001
 3.9656997e-001
 4.0072736e-001
 4.1883105e-001
 4.3217310e-001
 4.5374048e-001
 4.8401898e-001
 4.9793184e-001
 5.0050050e-001
 4.9241418e-001
 4.7268140e-001
 4.4462979e-001
 4.2214546e-001
 4.0443236e-001
 4.0133107e-001
 4.1040295e-001
 4.1753933e-001
 4.1997129e-001
 4.1987738e-001
 4.1583097e-001
 4.0869746e-001
 3.9873654e-001
 3.8662067e-001
 3.7647796e-001
 3.7323108e-001
 3.7423983e-001
 3.7558904e-001
 3.7688106e-001
 3.7698773e-001
 3.7782225e-001
-1.2300000e+034
