s07_AV97 Record=2473: Olivine KI3189 Fo60 <60um   NIC4bbu RREF
-1.2300000e+034
-1.2300000e+034
-1.2300000e+034
-1.2300000e+034
-1.2300000e+034
-1.2300000e+034
-1.2300000e+034
-1.2300000e+034
-1.2300000e+034
-1.2300000e+034
-1.2300000e+034
-1.2300000e+034
-1.2300000e+034
-1.2300000e+034
-1.2300000e+034
-1.2300000e+034
-1.2300000e+034
-1.2300000e+034
-1.2300000e+034
-1.2300000e+034
-1.2300000e+034
-1.2300000e+034
-1.2300000e+034
-1.2300000e+034
-1.2300000e+034
-1.2300000e+034
-1.2300000e+034
-1.2300000e+034
-1.2300000e+034
-1.2300000e+034
-1.2300000e+034
-1.2300000e+034
-1.2300000e+034
-1.2300000e+034
-1.2300000e+034
-1.2300000e+034
-1.2300000e+034
-1.2300000e+034
-1.2300000e+034
-1.2300000e+034
-1.2300000e+034
-1.2300000e+034
-1.2300000e+034
-1.2300000e+034
-1.2300000e+034
-1.2300000e+034
-1.2300000e+034
-1.2300000e+034
-1.2300000e+034
-1.2300000e+034
-1.2300000e+034
-1.2300000e+034
-1.2300000e+034
-1.2300000e+034
-1.2300000e+034
-1.2300000e+034
-1.2300000e+034
-1.2300000e+034
-1.2300000e+034
-1.2300000e+034
-1.2300000e+034
-1.2300000e+034
-1.2300000e+034
-1.2300000e+034
-1.2300000e+034
-1.2300000e+034
-1.2300000e+034
-1.2300000e+034
-1.2300000e+034
-1.2300000e+034
-1.2300000e+034
-1.2300000e+034
-1.2300000e+034
-1.2300000e+034
-1.2300000e+034
-1.2300000e+034
-1.2300000e+034
-1.2300000e+034
-1.2300000e+034
-1.2300000e+034
-1.2300000e+034
-1.2300000e+034
-1.2300000e+034
-1.2300000e+034
-1.2300000e+034
-1.2300000e+034
-1.2300000e+034
-1.2300000e+034
-1.2300000e+034
-1.2300000e+034
-1.2300000e+034
-1.2300000e+034
-1.2300000e+034
-1.2300000e+034
-1.2300000e+034
-1.2300000e+034
-1.2300000e+034
-1.2300000e+034
-1.2300000e+034
-1.2300000e+034
-1.2300000e+034
-1.2300000e+034
-1.2300000e+034
-1.2300000e+034
-1.2300000e+034
-1.2300000e+034
-1.2300000e+034
-1.2300000e+034
-1.2300000e+034
-1.2300000e+034
-1.2300000e+034
-1.2300000e+034
-1.2300000e+034
 2.0382883e-001
 2.1057129e-001
 2.1771823e-001
 2.2502176e-001
 2.3241100e-001
 2.4063121e-001
 2.4962015e-001
 2.5888717e-001
 2.6822686e-001
 2.7759343e-001
 2.8725407e-001
 2.9748583e-001
 3.0821460e-001
 3.1914139e-001
 3.2985255e-001
 3.4020239e-001
 3.5029417e-001
 3.6074531e-001
 3.7173221e-001
 3.8280493e-001
 3.9355391e-001
 4.0336922e-001
 4.1251981e-001
 4.2146251e-001
 4.3050727e-001
 4.4000912e-001
 4.4946980e-001
 4.5805654e-001
 4.6557969e-001
 4.7229558e-001
 4.7881243e-001
 4.8521698e-001
 4.9222019e-001
 4.9922422e-001
 5.0580227e-001
 5.1157367e-001
 5.1623213e-001
 5.2020478e-001
 5.2420628e-001
 5.2837116e-001
 5.3362101e-001
 5.3904772e-001
 5.4418397e-001
 5.4748547e-001
 5.5003369e-001
 5.5361152e-001
 5.5311853e-001
 5.5329436e-001
 5.5415189e-001
 5.5674863e-001
 5.5916059e-001
 5.6175196e-001
 5.6402111e-001
 5.6612837e-001
 5.6765091e-001
 5.6880760e-001
 5.6964672e-001
 5.7059640e-001
 5.7192171e-001
 5.7367021e-001
 5.7582068e-001
 5.7806784e-001
 5.8017802e-001
 5.8171463e-001
 5.8269894e-001
 5.8307672e-001
 5.8317286e-001
 5.8337224e-001
 5.8387268e-001
 5.8480185e-001
 5.8619028e-001
 5.8777916e-001
 5.8929443e-001
 5.9037954e-001
 5.9138769e-001
 5.9279078e-001
 5.9343523e-001
 5.9489590e-001
 5.9665793e-001
 5.9824800e-001
 6.0027945e-001
 6.0245180e-001
 6.0475385e-001
 6.0717750e-001
 6.0864836e-001
 6.0986239e-001
 6.1070609e-001
 6.1101747e-001
 6.1102670e-001
 6.1110711e-001
 6.1158752e-001
 6.1294955e-001
 6.1446768e-001
 6.1586767e-001
 6.1748838e-001
 6.1984104e-001
 6.2214857e-001
 6.2393564e-001
 6.2578076e-001
 6.2736642e-001
 6.2819666e-001
 6.2860692e-001
 6.2879539e-001
 6.2860918e-001
 6.2881351e-001
 6.2869263e-001
 6.2890047e-001
 6.2945187e-001
 6.3068575e-001
 6.3187587e-001
 6.3326168e-001
