s07_AV97 Record=344: Andesine HS142.4B            ASDFRc AREF
 1.7981136e-001
 1.8473499e-001
 1.9552743e-001
 2.0471896e-001
 2.1234198e-001
 2.1904925e-001
 2.2582711e-001
 2.3464543e-001
 2.4612576e-001
 2.5566262e-001
 2.6250514e-001
 2.6790887e-001
 2.7401468e-001
 2.8188533e-001
 2.9161310e-001
 3.0256480e-001
 3.1425077e-001
 3.2600346e-001
 3.3692309e-001
 3.4633490e-001
 3.5380438e-001
 3.5905200e-001
 3.6266783e-001
 3.6504984e-001
 3.6645219e-001
 3.6778995e-001
 3.6851373e-001
 3.6906719e-001
 3.6964932e-001
 3.7020397e-001
 3.7064257e-001
 3.7107652e-001
 3.7057945e-001
 3.7098730e-001
 3.7145984e-001
 3.7201265e-001
 3.7236673e-001
 3.7263066e-001
 3.7283477e-001
 3.7290338e-001
 3.7289858e-001
 3.7277895e-001
 3.7258604e-001
 3.7241173e-001
 3.7227196e-001
 3.7223864e-001
 3.7239593e-001
 3.7293619e-001
 3.7382761e-001
 3.7504610e-001
 3.7658435e-001
 3.7833366e-001
 3.8028097e-001
 3.8232380e-001
 3.8441670e-001
 3.8659081e-001
 3.8869360e-001
 3.9076063e-001
 3.9268026e-001
 3.9442396e-001
 3.9607564e-001
 3.9761177e-001
 3.9906991e-001
 4.0043631e-001
 4.0177816e-001
 4.0335050e-001
 4.0495980e-001
 4.0665027e-001
 4.0820393e-001
 4.0961298e-001
 4.1156659e-001
 4.1316912e-001
 4.1487071e-001
 4.1649750e-001
 4.1817325e-001
 4.1996792e-001
 4.2175466e-001
 4.2344704e-001
 4.2522538e-001
 4.2663231e-001
 4.2806277e-001
 4.2925683e-001
 4.3035468e-001
 4.3133757e-001
 4.3203351e-001
 4.3303260e-001
 4.3399650e-001
 4.3477884e-001
 4.3562397e-001
 4.3644866e-001
 4.3764096e-001
 4.3897921e-001
 4.4020650e-001
 4.4159046e-001
 4.4276860e-001
 4.4423309e-001
 4.4204459e-001
 4.4353700e-001
 4.4496715e-001
 4.4647756e-001
 4.4825590e-001
 4.4978809e-001
 4.5155674e-001
 4.5333305e-001
 4.5524040e-001
 4.5723596e-001
 4.5938373e-001
 4.6127814e-001
 4.6292001e-001
 4.6453756e-001
 4.6594447e-001
 4.6640655e-001
 4.6662855e-001
 4.6819663e-001
 4.7072962e-001
 4.7501302e-001
 4.7902802e-001
 4.8253584e-001
 4.8580340e-001
 4.8912287e-001
 4.9248177e-001
 4.9603596e-001
 4.9938133e-001
 5.0276244e-001
 5.0601512e-001
 5.0916606e-001
 5.1213175e-001
 5.1522976e-001
 5.1837552e-001
 5.2123582e-001
 5.2406609e-001
 5.2718657e-001
 5.2986002e-001
 5.3296030e-001
 5.3609234e-001
 5.3890395e-001
 5.4178202e-001
 5.4428428e-001
 5.4649645e-001
 5.4829144e-001
 5.4999393e-001
 5.5204046e-001
 5.5430412e-001
 5.5638880e-001
 5.5840206e-001
 5.5987102e-001
 5.6167758e-001
 5.6315929e-001
 5.6530154e-001
 5.6713772e-001
 5.6900179e-001
 5.7093191e-001
 5.7250714e-001
 5.7418364e-001
 5.7539749e-001
 5.7774305e-001
 5.7962793e-001
 5.8080560e-001
 5.7957715e-001
 5.7430476e-001
 5.7714158e-001
 5.6842089e-001
 5.5436862e-001
 5.4398620e-001
 5.4517722e-001
 5.5114329e-001
 5.5733258e-001
 5.6179714e-001
 5.6627989e-001
 5.7029849e-001
 5.7437944e-001
 5.7830781e-001
 5.8179629e-001
 5.8491737e-001
 5.8703738e-001
 5.8929884e-001
 5.9046423e-001
 5.9171975e-001
 5.9313118e-001
 5.9386826e-001
 5.9522092e-001
 5.9649575e-001
 5.9807229e-001
 5.9914911e-001
 6.0046405e-001
 6.0158730e-001
 6.0239601e-001
 6.0208791e-001
 6.0138994e-001
 6.0081327e-001
 5.9945321e-001
 5.9780371e-001
 5.9608662e-001
 5.9614646e-001
 5.9598637e-001
 5.9436458e-001
 5.9327990e-001
 5.9313166e-001
 5.9276599e-001
 5.8866739e-001
 5.8378589e-001
 5.8046037e-001
 5.8216244e-001
 5.8719158e-001
 5.9135747e-001
 5.9432626e-001
 5.9507173e-001
 5.9387279e-001
 5.9184271e-001
 5.8833253e-001
 5.8531481e-001
 5.8265108e-001
 5.7971436e-001
 5.7862097e-001
 5.7682073e-001
 5.7404023e-001
 5.7105380e-001
 5.6692445e-001
 5.6218225e-001
 5.5868489e-001
 5.5557555e-001
 5.5205876e-001
 5.4998696e-001
-1.2300000e+034
