s07_AV97 Record=668: Calcite CO2004                BECKb AREF
 7.7520376e-001
 7.8503478e-001
 7.9625857e-001
 8.0712456e-001
 8.1753147e-001
 8.2602769e-001
 8.3418322e-001
 8.4153104e-001
 8.4848034e-001
 8.5384327e-001
 8.5790563e-001
 8.6136001e-001
 8.6445135e-001
 8.6811578e-001
 8.7084997e-001
 8.7341458e-001
 8.7691778e-001
 8.7915784e-001
 8.8211578e-001
 8.8383293e-001
 8.8790965e-001
 8.9055860e-001
 8.9293152e-001
 8.9423829e-001
 8.9594799e-001
 8.9724976e-001
 8.9952022e-001
 9.0237880e-001
 9.0407473e-001
 9.0581876e-001
 9.0793753e-001
 9.0931678e-001
 9.0763688e-001
 9.0896779e-001
 9.1075903e-001
 9.1255641e-001
 9.1348153e-001
 9.1474217e-001
 9.1609460e-001
 9.1747099e-001
 9.1810739e-001
 9.1938096e-001
 9.2006773e-001
 9.2065722e-001
 9.2298084e-001
 9.2280072e-001
 9.2325526e-001
 9.2380154e-001
 9.2420995e-001
 9.2611420e-001
 9.2344451e-001
 9.2580301e-001
 9.2797512e-001
 9.2352539e-001
 9.2199653e-001
 9.2222631e-001
 9.2352456e-001
 9.2340028e-001
 9.2280769e-001
 9.1977942e-001
 9.1989934e-001
 9.1901070e-001
 9.1580236e-001
 9.1825271e-001
 9.1902339e-001
 9.1847771e-001
 9.1761601e-001
 9.1684812e-001
 9.1586244e-001
 9.1658032e-001
 9.1830617e-001
 9.1749775e-001
 9.1706598e-001
 9.1799504e-001
 9.1589093e-001
 9.1685939e-001
 9.1686064e-001
 9.1788548e-001
 9.1684216e-001
 9.1755277e-001
 9.1676730e-001
 9.1784614e-001
 9.1780663e-001
 9.1752231e-001
 9.1666883e-001
 9.1700298e-001
 9.1873276e-001
 9.1874528e-001
 9.1721869e-001
 9.1753459e-001
 9.1741401e-001
 9.1786206e-001
 9.1773140e-001
 9.1751301e-001
 9.1837507e-001
 9.1872120e-001
 9.1814083e-001
 9.1800612e-001
 9.1890949e-001
 9.1761178e-001
 9.1733330e-001
 9.1810292e-001
 9.1744381e-001
 9.1655535e-001
 9.1638809e-001
 9.1472596e-001
 9.1440243e-001
 9.1550684e-001
 9.1476285e-001
 9.1432834e-001
 9.1085428e-001
 9.0917492e-001
 9.0647161e-001
 9.0638506e-001
 9.0576386e-001
 9.0583384e-001
 9.0484899e-001
 9.0484875e-001
 9.0718234e-001
 9.0692461e-001
 9.0937412e-001
 9.0975958e-001
 9.1207486e-001
 9.1315901e-001
 9.1222143e-001
 9.1293615e-001
 9.1382414e-001
 9.1284227e-001
 9.1234225e-001
 9.1418308e-001
 9.1512519e-001
 9.1553557e-001
 9.1475701e-001
 9.1407245e-001
 9.1315359e-001
 9.1128951e-001
 9.1149133e-001
 9.1048306e-001
 9.1081882e-001
 9.0956891e-001
 9.1153896e-001
 9.0990156e-001
 9.0420580e-001
 8.9677435e-001
 8.9726269e-001
 8.9788258e-001
 8.9752686e-001
 9.0067309e-001
 9.0354323e-001
 9.1028541e-001
 9.0977216e-001
 9.0360713e-001
 8.9962387e-001
 8.9181304e-001
 8.8356698e-001
 8.7583846e-001
 8.6670381e-001
 8.5542983e-001
 8.3720100e-001
 8.4119308e-001
 8.3669508e-001
 8.5272735e-001
 8.6226338e-001
 8.6416268e-001
 8.6131066e-001
 8.5880780e-001
 8.5808355e-001
 8.5368615e-001
 8.4603554e-001
 8.4352732e-001
 8.4007537e-001
 8.3047074e-001
 8.2538825e-001
 8.4091067e-001
 8.6259109e-001
 8.7455428e-001
 8.8137996e-001
 8.8562781e-001
 8.8765359e-001
 8.9137483e-001
 8.9043427e-001
 8.8446981e-001
 8.8127387e-001
 8.8260043e-001
 8.7474602e-001
 8.6392456e-001
 8.5432869e-001
 8.3802813e-001
 8.3366263e-001
 8.3853918e-001
 8.4567219e-001
 8.4650928e-001
 8.4442717e-001
 8.3719081e-001
 8.2539952e-001
 8.1232584e-001
 7.9287887e-001
 7.7642417e-001
 7.5842118e-001
 7.3274159e-001
 7.0355761e-001
 6.7364067e-001
 6.5264177e-001
 6.3566858e-001
 6.2738210e-001
 6.0316581e-001
 5.8482844e-001
 6.0300851e-001
 6.5494376e-001
 7.2436976e-001
 7.6819605e-001
 7.8749818e-001
 7.9062515e-001
 7.8493446e-001
 7.7368408e-001
 7.5785887e-001
 7.3656899e-001
 7.0881289e-001
 6.8000793e-001
 6.4706737e-001
 6.1582011e-001
 5.8645600e-001
 5.5864447e-001
 5.3309339e-001
