s07_AV97 Record=4158: Sand DWO-3-DEL2c  no vis.oil ASDFRa AREF
 5.8123760e-002
 6.1965037e-002
 6.6391997e-002
 7.0237406e-002
 7.3888831e-002
 7.8119658e-002
 8.2969517e-002
 8.8158302e-002
 9.3174145e-002
 9.7900562e-002
 1.0200106e-001
 1.0579740e-001
 1.0983309e-001
 1.1428913e-001
 1.1927211e-001
 1.2459307e-001
 1.3030535e-001
 1.3631518e-001
 1.4217001e-001
 1.4776203e-001
 1.5295519e-001
 1.5730904e-001
 1.6109595e-001
 1.6423282e-001
 1.6655308e-001
 1.6853642e-001
 1.7042306e-001
 1.7226771e-001
 1.7404383e-001
 1.7574948e-001
 1.7720218e-001
 1.7891435e-001
 1.7696920e-001
 1.7852956e-001
 1.8072130e-001
 1.8397997e-001
 1.8735731e-001
 1.9067943e-001
 1.9470540e-001
 1.9855988e-001
 2.0193680e-001
 2.0504861e-001
 2.0697299e-001
 2.1029642e-001
 2.1211404e-001
 2.1425010e-001
 2.1618587e-001
 2.1797749e-001
 2.1980499e-001
 2.2118956e-001
 2.2236674e-001
 2.2345333e-001
 2.2455998e-001
 2.2557193e-001
 2.2659053e-001
 2.2762418e-001
 2.2865790e-001
 2.2970976e-001
 2.3072496e-001
 2.3180416e-001
 2.3042965e-001
 2.3049892e-001
 2.3210645e-001
 2.3437111e-001
 2.3645878e-001
 2.3796906e-001
 2.3946464e-001
 2.4083178e-001
 2.4227788e-001
 2.4390449e-001
 2.4544042e-001
 2.4680443e-001
 2.4834520e-001
 2.4967618e-001
 2.5107867e-001
 2.5245443e-001
 2.5370172e-001
 2.5493905e-001
 2.5642812e-001
 2.5718805e-001
-1.2300000e+034
-1.2300000e+034
-1.2300000e+034
 2.6024592e-001
 2.6019603e-001
 2.6093215e-001
 2.6197168e-001
 2.6330414e-001
 2.6476973e-001
 2.6635531e-001
 2.6815861e-001
 2.7013808e-001
 2.7183932e-001
 2.7380553e-001
 2.7541226e-001
 2.7715155e-001
 2.7453262e-001
 2.7624059e-001
 2.7792519e-001
 2.7936852e-001
 2.8060117e-001
 2.8156516e-001
 2.8219613e-001
 2.8226084e-001
 2.8231797e-001
 2.8150463e-001
-1.2300000e+034
-1.2300000e+034
-1.2300000e+034
-1.2300000e+034
-1.2300000e+034
-1.2300000e+034
-1.2300000e+034
-1.2300000e+034
-1.2300000e+034
-1.2300000e+034
 2.3920016e-001
 2.4078032e-001
 2.4513093e-001
 2.4962997e-001
 2.5426334e-001
 2.5841057e-001
 2.6282993e-001
 2.6704383e-001
 2.7095002e-001
 2.7456996e-001
 2.7801558e-001
 2.8112063e-001
 2.8383926e-001
 2.8651473e-001
 2.8896335e-001
 2.9116231e-001
 2.9332232e-001
 2.9518223e-001
 2.9688841e-001
 2.9833668e-001
 2.9944837e-001
 3.0030435e-001
 3.0096498e-001
 3.0144310e-001
 3.0180159e-001
 3.0197626e-001
 3.0192336e-001
 3.0151761e-001
 3.0110231e-001
 3.0067280e-001
 2.9972640e-001
 2.9865170e-001
 2.9798400e-001
 2.9792115e-001
 2.9776546e-001
-1.2300000e+034
-1.2300000e+034
-1.2300000e+034
-1.2300000e+034
-1.2300000e+034
-1.2300000e+034
-1.2300000e+034
-1.2300000e+034
-1.2300000e+034
-1.2300000e+034
-1.2300000e+034
-1.2300000e+034
-1.2300000e+034
-1.2300000e+034
-1.2300000e+034
-1.2300000e+034
-1.2300000e+034
-1.2300000e+034
-1.2300000e+034
 2.0008741e-001
 2.0591412e-001
 2.1153404e-001
-1.2300000e+034
 2.2687380e-001
 2.3225285e-001
 2.3675647e-001
 2.4133502e-001
 2.4651106e-001
 2.5082123e-001
 2.5495037e-001
 2.5841969e-001
 2.6187649e-001
 2.6463038e-001
 2.6742300e-001
 2.6967010e-001
 2.7148461e-001
 2.7294210e-001
 2.7361137e-001
 2.7377400e-001
 2.7375543e-001
 2.7211773e-001
 2.6988018e-001
 2.6825592e-001
 2.6953590e-001
 2.7036810e-001
 2.7031058e-001
 2.6921651e-001
 2.6835018e-001
 2.6767927e-001
 2.6564479e-001
 2.6290715e-001
 2.5943133e-001
 2.5674921e-001
 2.5363225e-001
 2.4994099e-001
 2.4608760e-001
 2.4251217e-001
 2.4064144e-001
 2.3837930e-001
 2.3659481e-001
 2.3250690e-001
 2.2906461e-001
 2.2410235e-001
 2.1893971e-001
-1.2300000e+034
-1.2300000e+034
-1.2300000e+034
-1.2300000e+034
-1.2300000e+034
-1.2300000e+034
-1.2300000e+034
-1.2300000e+034
-1.2300000e+034
