s07_AV97 Record=1615: Hypersthene PYX02.g 7um       BECKc AREF
 3.6618191e-001
 3.9268494e-001
 4.1518542e-001
 4.3473908e-001
 4.5170420e-001
 4.6733779e-001
 4.8188585e-001
 4.9668983e-001
 5.0803065e-001
 5.1764578e-001
 5.2637196e-001
 5.3512269e-001
 5.4439485e-001
 5.5344898e-001
 5.6097108e-001
 5.7011431e-001
 5.7630897e-001
 5.8021742e-001
 5.8329153e-001
 5.8668137e-001
 5.9034771e-001
 5.9347785e-001
 5.9601527e-001
 5.9743929e-001
 5.9866601e-001
 5.9980077e-001
 6.0153091e-001
 6.0295242e-001
 6.0468620e-001
 6.0599971e-001
 6.0784882e-001
 6.0907954e-001
 6.0765499e-001
 6.0881692e-001
 6.1046451e-001
 6.1123919e-001
 6.1234111e-001
 6.1287832e-001
 6.1294913e-001
 6.1256444e-001
 6.1129880e-001
 6.0858858e-001
 6.0458261e-001
 5.9816027e-001
 5.9000117e-001
 5.7860696e-001
 5.6584400e-001
 5.5013567e-001
 5.3304154e-001
 5.1425743e-001
 4.9537486e-001
 4.7552881e-001
 4.5717481e-001
 4.4226143e-001
 4.2547077e-001
 4.1432434e-001
 4.0801233e-001
 4.0069118e-001
 3.9621335e-001
 3.9721417e-001
 4.0321726e-001
 4.1214812e-001
 4.2172736e-001
 4.3820143e-001
 4.5790085e-001
 4.7668287e-001
 4.9519518e-001
 5.1666921e-001
 5.3542972e-001
 5.5402648e-001
 5.6943947e-001
 5.8158773e-001
 5.9256506e-001
 6.0146987e-001
 6.0740685e-001
 6.1316109e-001
 6.1821091e-001
 6.2080097e-001
 6.2285173e-001
 6.2499017e-001
 6.2719858e-001
 6.2781394e-001
 6.2897509e-001
 6.2975323e-001
 6.3016534e-001
 6.3138235e-001
 6.3185084e-001
 6.3303483e-001
 6.3382059e-001
 6.3418889e-001
 6.3549590e-001
 6.3665926e-001
 6.3660437e-001
 6.3835740e-001
 6.3828415e-001
 6.3865250e-001
 6.3842791e-001
 6.3851058e-001
 6.3908160e-001
 6.3892215e-001
 6.3974166e-001
 6.4004385e-001
 6.4042675e-001
 6.4035398e-001
 6.4019591e-001
 6.4015204e-001
 6.3982552e-001
 6.3881171e-001
 6.3711214e-001
 6.3162786e-001
 6.2317747e-001
 6.2973338e-001
 6.3077027e-001
 6.3060087e-001
 6.2976968e-001
 6.2796873e-001
 6.2672096e-001
 6.2496161e-001
 6.2373996e-001
 6.1950874e-001
 6.1786169e-001
 6.1547822e-001
 6.1095959e-001
 6.0908848e-001
 6.0618120e-001
 6.0235584e-001
 5.9854704e-001
 5.9498346e-001
 5.9163427e-001
 5.8705688e-001
 5.8393604e-001
 5.7913858e-001
 5.7445586e-001
 5.7050973e-001
 5.6635958e-001
 5.6165761e-001
 5.5744272e-001
 5.5350053e-001
 5.4863441e-001
 5.4526263e-001
 5.4328620e-001
 5.3879112e-001
 5.3496552e-001
 5.2918100e-001
 5.2758294e-001
 5.2527684e-001
 5.2334517e-001
 5.1796669e-001
 5.1621372e-001
 5.1626217e-001
 5.1403618e-001
 5.1042062e-001
 5.0846130e-001
 5.0712138e-001
 5.0703424e-001
 5.0581884e-001
 5.0507182e-001
 5.0409544e-001
 5.0430512e-001
 5.0267369e-001
 5.0346726e-001
 5.0313514e-001
 5.0425649e-001
 5.0324774e-001
 5.0553864e-001
 5.0643432e-001
 5.0881320e-001
 5.1259732e-001
 5.1409715e-001
 5.1652640e-001
 5.2157277e-001
 5.2471155e-001
 5.2765799e-001
 5.3229451e-001
 5.3557336e-001
 5.3604716e-001
 5.4254103e-001
 5.4599327e-001
 5.4992503e-001
 5.5408496e-001
 5.5952907e-001
 5.6283009e-001
 5.6681019e-001
 5.7253975e-001
 5.7535577e-001
 5.7970101e-001
 5.8420163e-001
 5.8676738e-001
 5.8859903e-001
 5.9134692e-001
 5.9218878e-001
 5.9479505e-001
 5.9539741e-001
 5.9753603e-001
 5.9859180e-001
 6.0010290e-001
 6.0089302e-001
 6.0162860e-001
 6.0130328e-001
 6.0117269e-001
 5.9913927e-001
 5.9449285e-001
 5.9098935e-001
 5.7859379e-001
 5.8247972e-001
 5.9663683e-001
 6.0159451e-001
 6.0628867e-001
 6.0917610e-001
 6.0783106e-001
 6.0438937e-001
 6.0349762e-001
 6.0511130e-001
 6.0795259e-001
 6.1002034e-001
 6.0966343e-001
 6.0809070e-001
 6.0709184e-001
 6.0691136e-001
 6.0706073e-001
 6.0719669e-001
 6.0722470e-001
 6.0711026e-001
 6.0684538e-001
