s07_AV97 Record=3812: Cordierite-QtzMus HS346.3B    BECKc AREF
 1.9855168e-001
 2.0848973e-001
 2.1634755e-001
 2.2585157e-001
 2.3291385e-001
 2.3804961e-001
 2.4153107e-001
 2.4618961e-001
 2.5072441e-001
 2.5649735e-001
 2.6057866e-001
 2.6442054e-001
 2.6738709e-001
 2.7189332e-001
 2.7443132e-001
 2.7879065e-001
 2.8083578e-001
 2.8390014e-001
 2.8627959e-001
 2.8898472e-001
 2.9139122e-001
 2.9366884e-001
 2.9659554e-001
 2.9711220e-001
 2.9965138e-001
 3.0039468e-001
 3.0233636e-001
 3.0332103e-001
 3.0444470e-001
 3.0618018e-001
 3.0743077e-001
 3.0965045e-001
 3.0701062e-001
 3.0930012e-001
 3.0986366e-001
 3.1093389e-001
 3.1236604e-001
 3.1408587e-001
 3.1485912e-001
 3.1616181e-001
 3.1794402e-001
 3.1786230e-001
 3.1946692e-001
 3.1927219e-001
 3.1877482e-001
 3.1817642e-001
 3.1651282e-001
 3.1372288e-001
 3.1323928e-001
 3.1081912e-001
 3.0754822e-001
 3.0364758e-001
 3.0069056e-001
 3.0568761e-001
 3.0011207e-001
 2.9333058e-001
 2.9426128e-001
 2.9117814e-001
 2.9321381e-001
 2.9059494e-001
 2.8630984e-001
 2.8970668e-001
 2.8542495e-001
 2.8879729e-001
 2.8766289e-001
 2.8825063e-001
 2.9057965e-001
 2.9035974e-001
 2.9357389e-001
 2.9418489e-001
 2.9519713e-001
 2.9740575e-001
 2.9771581e-001
 2.9861456e-001
 3.0109575e-001
 3.0022064e-001
 3.0024391e-001
 3.0266112e-001
 3.0208597e-001
 3.0374309e-001
 3.0374381e-001
 3.0502522e-001
 3.0263972e-001
 3.0377862e-001
 3.0444428e-001
 3.0427244e-001
 3.0415055e-001
 3.0642802e-001
 3.0444205e-001
 3.0557993e-001
 3.0480537e-001
 3.0685663e-001
 3.0675274e-001
 3.0747873e-001
 3.0730623e-001
 3.0640715e-001
 3.0768731e-001
 3.0707195e-001
 3.0701423e-001
 3.0824110e-001
 3.0676657e-001
 3.0681634e-001
 3.0756438e-001
 3.0753696e-001
 3.0799714e-001
 3.0813947e-001
 3.0821073e-001
 3.0627376e-001
 3.0419713e-001
 2.9891214e-001
 2.8218597e-001
 2.7175641e-001
 2.7706310e-001
 2.9334992e-001
 3.0119354e-001
 3.0269742e-001
 3.0347827e-001
 3.0433086e-001
 3.0503976e-001
 3.0666199e-001
 3.0787197e-001
 3.0688080e-001
 3.0799675e-001
 3.0808711e-001
 3.0678684e-001
 3.0745280e-001
 3.0695292e-001
 3.0734330e-001
 3.0705795e-001
 3.0832833e-001
 3.0725050e-001
 3.0685493e-001
 3.0614778e-001
 3.0587274e-001
 3.0657771e-001
 3.0505091e-001
 3.0447188e-001
 3.0478424e-001
 3.0606106e-001
 3.0255070e-001
 3.0229780e-001
 3.0223206e-001
 3.0390206e-001
 3.0228329e-001
 3.0196744e-001
 3.0294940e-001
 3.0326220e-001
 3.0180991e-001
 3.0181924e-001
 3.0146998e-001
 2.9883307e-001
 2.9823166e-001
 2.9681215e-001
 2.9379529e-001
 2.9621059e-001
 2.9289463e-001
 2.9249647e-001
 2.9196528e-001
 2.9029670e-001
 2.8759402e-001
 2.8927425e-001
 2.7630848e-001
 2.6251581e-001
 2.6641247e-001
 2.6960230e-001
 2.7335191e-001
 2.7437273e-001
 2.7546960e-001
 2.7609837e-001
 2.7483481e-001
 2.7445796e-001
 2.7688086e-001
 2.7686712e-001
 2.7624774e-001
 2.7873573e-001
 2.7964434e-001
 2.8200567e-001
 2.8123301e-001
 2.7969152e-001
 2.7768791e-001
 2.7603927e-001
 2.7755100e-001
 2.7768788e-001
 2.7654654e-001
 2.7513924e-001
 2.7370876e-001
 2.7438930e-001
 2.7160108e-001
 2.6629379e-001
 2.6114956e-001
 2.5369644e-001
 2.3676760e-001
 2.2295672e-001
 2.2601470e-001
 2.3864865e-001
 2.4580479e-001
 2.4340264e-001
 2.4473083e-001
 2.4684477e-001
 2.5349128e-001
 2.5135303e-001
 2.4382828e-001
 2.4059784e-001
 2.3875843e-001
 2.3230520e-001
 2.3045672e-001
 2.2871333e-001
 2.2424236e-001
 2.2471245e-001
 2.2542787e-001
 2.2498736e-001
 2.2273989e-001
 2.2386499e-001
 2.2281495e-001
 2.1943781e-001
 2.1660264e-001
 2.1502912e-001
 2.1476860e-001
 2.1516442e-001
 2.1545784e-001
 2.1499689e-001
 2.1408312e-001
 2.1320328e-001
 2.1265270e-001
