s07_AV97 Record=3884: Gyp+jar+ill BRCM1 Marysvale  ASDFRb AREF
 6.8006918e-002
 7.6508917e-002
 9.1079958e-002
 1.1667184e-001
 1.4624307e-001
 1.6152635e-001
 1.5712288e-001
 1.5684089e-001
 1.8155564e-001
 2.0829955e-001
 2.2669491e-001
 2.4028082e-001
 2.5336736e-001
 2.6794457e-001
 2.8473750e-001
 3.0402651e-001
 3.2636386e-001
 3.5137430e-001
 3.7755516e-001
 4.0252745e-001
 4.2384514e-001
 4.4027409e-001
 4.5193705e-001
 4.6012411e-001
 4.6637076e-001
 4.7165307e-001
 4.7622994e-001
 4.8060882e-001
 4.8506486e-001
 4.8982221e-001
 4.9533165e-001
 5.0167000e-001
 4.9437425e-001
 5.0038970e-001
 5.0695711e-001
 5.1356733e-001
 5.1972026e-001
 5.2468020e-001
 5.2798998e-001
 5.2927178e-001
 5.2832019e-001
 5.2519339e-001
 5.2013594e-001
 5.1340193e-001
 5.0546116e-001
 4.9675569e-001
 4.8777866e-001
 4.7888657e-001
 4.7038296e-001
 4.6244162e-001
 4.5528173e-001
 4.4885886e-001
 4.4330278e-001
 4.3862242e-001
 4.3481287e-001
 4.3176395e-001
 4.2953461e-001
 4.2811474e-001
 4.2747572e-001
 4.2755011e-001
 4.2834955e-001
 4.2979634e-001
 4.3180522e-001
 4.3434712e-001
 4.3778825e-001
 4.4198757e-001
 4.4654563e-001
 4.5185220e-001
 4.5967323e-001
 4.6649617e-001
 4.7364113e-001
 4.8016170e-001
 4.8759380e-001
 4.9385446e-001
 5.0070649e-001
 5.0767833e-001
 5.1390469e-001
 5.2079487e-001
 5.2719265e-001
 5.3314990e-001
 5.3976190e-001
 5.4535383e-001
 5.5129558e-001
 5.5671632e-001
 5.6161118e-001
 5.6685174e-001
 5.7163256e-001
 5.7756603e-001
 5.8353972e-001
 5.8890367e-001
 5.9539413e-001
 6.0122287e-001
 6.0639596e-001
 6.1240357e-001
 6.1730605e-001
 6.2247735e-001
 6.1464798e-001
 6.1998165e-001
 6.2484974e-001
 6.2908995e-001
 6.3277447e-001
 6.3591701e-001
 6.3881046e-001
 6.4118987e-001
 6.4301753e-001
 6.4420271e-001
 6.4380616e-001
 6.4159477e-001
 6.3828677e-001
 6.2719142e-001
 5.9759122e-001
 5.6357968e-001
 5.5122948e-001
 5.6478512e-001
 5.7147169e-001
 5.5807388e-001
 5.5824339e-001
 5.6269425e-001
 5.6304508e-001
 5.6812805e-001
 5.7332474e-001
 5.8454174e-001
 5.9287596e-001
 5.9555960e-001
 5.9564072e-001
 5.9862006e-001
 6.0717821e-001
 6.1516821e-001
 6.2101048e-001
 6.2545931e-001
 6.2911546e-001
 6.3225204e-001
 6.3471395e-001
 6.3650179e-001
 6.3777053e-001
 6.3866705e-001
 6.3925982e-001
 6.3921916e-001
 6.3858718e-001
 6.3761103e-001
 6.3596213e-001
 6.3311899e-001
 6.2795615e-001
 6.2043786e-001
 6.1094314e-001
 6.0176033e-001
 5.9762055e-001
 5.9849203e-001
 5.9873545e-001
 5.9927493e-001
 6.0149920e-001
 6.0244274e-001
 6.0117656e-001
 5.9711277e-001
 5.8781886e-001
 5.7519037e-001
 5.6893700e-001
 5.6502163e-001
 5.5432731e-001
 5.2821273e-001
 5.4117215e-001
 5.0266838e-001
 4.5059294e-001
 4.1176283e-001
 3.8951677e-001
 3.6335665e-001
 3.4080163e-001
 3.4460786e-001
 3.6692971e-001
 3.8043070e-001
 3.8964599e-001
 4.0578103e-001
 4.3454590e-001
 4.5980981e-001
 4.7474325e-001
 4.8402619e-001
 4.9003136e-001
 4.9413502e-001
 4.9572772e-001
 4.9599248e-001
 4.9565494e-001
 4.9297315e-001
 4.8889205e-001
 4.8426649e-001
 4.7997844e-001
 4.7546241e-001
 4.7040185e-001
 4.6252781e-001
 4.4988930e-001
 4.3361476e-001
 4.1656539e-001
 4.0042153e-001
 3.8823596e-001
 3.8402796e-001
 3.8862225e-001
 4.0019754e-001
 4.0542203e-001
 4.0087798e-001
 3.9037299e-001
 3.8660255e-001
 3.9480796e-001
 4.0477231e-001
 4.0909562e-001
 4.1014668e-001
 4.0859142e-001
 4.0378544e-001
 3.9629307e-001
 3.8914979e-001
 3.8379392e-001
 3.7619933e-001
 3.6380082e-001
 3.4797457e-001
 3.2975006e-001
 3.1312215e-001
 3.0028480e-001
 2.9197347e-001
 2.8360176e-001
 2.7849379e-001
 2.7247295e-001
 2.6808590e-001
 2.6279843e-001
 2.6047412e-001
 2.5391483e-001
-1.2300000e+034
