s07_AV97 Record=4201: Stonewall_Playa_Dry_Mud 2001 ASDFRa AREF
 1.4745967e-001
 1.5663612e-001
 1.6841903e-001
 1.7973702e-001
 1.8924820e-001
 1.9903211e-001
 2.1012746e-001
 2.2354081e-001
 2.3714732e-001
 2.4841613e-001
 2.5631753e-001
 2.6303020e-001
 2.7096772e-001
 2.8146994e-001
 2.9411593e-001
 3.0787477e-001
 3.2272458e-001
 3.3868375e-001
 3.5602000e-001
 3.7483069e-001
 3.9448777e-001
 4.1341597e-001
 4.2994583e-001
 4.4253445e-001
 4.5241836e-001
 4.5987314e-001
 4.6605235e-001
 4.7147867e-001
 4.7627366e-001
 4.8109645e-001
 4.8601565e-001
 4.9104369e-001
 4.8522750e-001
 4.9004716e-001
 4.9516806e-001
 5.0049895e-001
 5.0581127e-001
 5.1068372e-001
 5.1496834e-001
 5.1908267e-001
 5.2292371e-001
 5.2620351e-001
 5.2873421e-001
 5.3089881e-001
 5.3267998e-001
 5.3373551e-001
 5.3427994e-001
 5.3447390e-001
 5.3421628e-001
 5.3381252e-001
 5.3326893e-001
 5.3264683e-001
 5.3190422e-001
 5.3130603e-001
 5.3090823e-001
 5.3067636e-001
 5.3066838e-001
 5.3082496e-001
 5.3129452e-001
 5.3207773e-001
 5.3279662e-001
 5.3373748e-001
 5.3499174e-001
 5.3639519e-001
 5.3806913e-001
 5.3974962e-001
 5.4121631e-001
 5.4218519e-001
 5.4323250e-001
 5.4394132e-001
 5.4462951e-001
 5.4539353e-001
 5.4635668e-001
 5.4723376e-001
 5.4814076e-001
 5.4901415e-001
 5.4975313e-001
 5.5042738e-001
 5.5116808e-001
 5.5186129e-001
 5.5256212e-001
 5.5322862e-001
 5.5392736e-001
 5.5456352e-001
 5.5504817e-001
 5.5571824e-001
 5.5618560e-001
 5.5667245e-001
 5.5719489e-001
 5.5772877e-001
 5.5832982e-001
 5.5897307e-001
 5.5950576e-001
 5.6006086e-001
 5.6031466e-001
 5.6069052e-001
 5.6017363e-001
 5.6048965e-001
 5.6081325e-001
 5.6092530e-001
 5.6087118e-001
 5.6084502e-001
 5.6085163e-001
 5.6066030e-001
 5.6047803e-001
 5.6030273e-001
 5.5982000e-001
 5.5854595e-001
 5.5573243e-001
 5.4839236e-001
 5.3679878e-001
 5.2391607e-001
 5.2050877e-001
 5.2807945e-001
 5.3508425e-001
 5.4118913e-001
 5.4426128e-001
 5.4509193e-001
 5.4767227e-001
 5.4992950e-001
 5.5167615e-001
 5.5285138e-001
 5.5402493e-001
 5.5489624e-001
 5.5553114e-001
 5.5615246e-001
 5.5681133e-001
 5.5723214e-001
 5.5757880e-001
 5.5814052e-001
 5.5853176e-001
 5.5894452e-001
 5.5930626e-001
 5.5968821e-001
 5.5991322e-001
 5.6011879e-001
 5.6014079e-001
 5.6000727e-001
 5.5972785e-001
 5.5930775e-001
 5.5874431e-001
 5.5814540e-001
 5.5751419e-001
 5.5689240e-001
 5.5635273e-001
 5.5598569e-001
 5.5676335e-001
 5.5927598e-001
 5.6148803e-001
 5.6186920e-001
 5.6171113e-001
 5.6165540e-001
 5.6144971e-001
 5.6089664e-001
 5.5979192e-001
 5.5828005e-001
 5.5550069e-001
 5.5113107e-001
 5.4277766e-001
 5.3194916e-001
 5.3721625e-001
 5.2136296e-001
 4.9517775e-001
 4.6639550e-001
 4.7487649e-001
 4.8689875e-001
 5.0099325e-001
 5.0927019e-001
 5.1433492e-001
 5.1824790e-001
 5.2211982e-001
 5.2615958e-001
 5.2978808e-001
 5.3305590e-001
 5.3549051e-001
 5.3625518e-001
 5.3609681e-001
 5.3579766e-001
 5.3546673e-001
 5.3502357e-001
 5.3461188e-001
 5.3415138e-001
 5.3340346e-001
 5.3274846e-001
 5.3199476e-001
 5.3096080e-001
 5.2925926e-001
 5.2564490e-001
 5.1975560e-001
 5.1375473e-001
 5.0649494e-001
 4.9665618e-001
 4.8576486e-001
 4.7844765e-001
 4.8311415e-001
 4.8729783e-001
 4.8867768e-001
 4.8930660e-001
 4.9102107e-001
 4.9284166e-001
 4.9106666e-001
 4.8578006e-001
 4.8105645e-001
 4.7753823e-001
 4.7418514e-001
 4.7027022e-001
 4.6516266e-001
 4.6081173e-001
 4.5752096e-001
 4.5446131e-001
 4.5051301e-001
 4.4626957e-001
 4.4295245e-001
 4.3852150e-001
 4.3191850e-001
 4.2484069e-001
 4.1697434e-001
 4.0985906e-001
 4.0306211e-001
 3.9896578e-001
 3.9346659e-001
 3.9158264e-001
 3.8369963e-001
-1.2300000e+034
