s07_AV97 Record=898: Clinochlore_Fe SC-CCa-1.a    NIC4aa RREF
-1.2300000e+034
-1.2300000e+034
-1.2300000e+034
-1.2300000e+034
-1.2300000e+034
-1.2300000e+034
-1.2300000e+034
-1.2300000e+034
-1.2300000e+034
-1.2300000e+034
-1.2300000e+034
-1.2300000e+034
-1.2300000e+034
-1.2300000e+034
-1.2300000e+034
-1.2300000e+034
-1.2300000e+034
-1.2300000e+034
-1.2300000e+034
-1.2300000e+034
-1.2300000e+034
-1.2300000e+034
-1.2300000e+034
-1.2300000e+034
-1.2300000e+034
-1.2300000e+034
-1.2300000e+034
-1.2300000e+034
-1.2300000e+034
-1.2300000e+034
-1.2300000e+034
-1.2300000e+034
-1.2300000e+034
-1.2300000e+034
-1.2300000e+034
-1.2300000e+034
-1.2300000e+034
-1.2300000e+034
-1.2300000e+034
-1.2300000e+034
-1.2300000e+034
-1.2300000e+034
-1.2300000e+034
-1.2300000e+034
-1.2300000e+034
-1.2300000e+034
-1.2300000e+034
-1.2300000e+034
-1.2300000e+034
-1.2300000e+034
-1.2300000e+034
-1.2300000e+034
-1.2300000e+034
-1.2300000e+034
-1.2300000e+034
-1.2300000e+034
-1.2300000e+034
-1.2300000e+034
-1.2300000e+034
-1.2300000e+034
-1.2300000e+034
-1.2300000e+034
-1.2300000e+034
-1.2300000e+034
-1.2300000e+034
-1.2300000e+034
-1.2300000e+034
-1.2300000e+034
-1.2300000e+034
-1.2300000e+034
-1.2300000e+034
-1.2300000e+034
-1.2300000e+034
-1.2300000e+034
-1.2300000e+034
-1.2300000e+034
-1.2300000e+034
-1.2300000e+034
-1.2300000e+034
-1.2300000e+034
-1.2300000e+034
-1.2300000e+034
-1.2300000e+034
-1.2300000e+034
-1.2300000e+034
-1.2300000e+034
-1.2300000e+034
-1.2300000e+034
-1.2300000e+034
-1.2300000e+034
-1.2300000e+034
-1.2300000e+034
-1.2300000e+034
-1.2300000e+034
-1.2300000e+034
-1.2300000e+034
-1.2300000e+034
-1.2300000e+034
-1.2300000e+034
-1.2300000e+034
-1.2300000e+034
-1.2300000e+034
-1.2300000e+034
-1.2300000e+034
-1.2300000e+034
-1.2300000e+034
-1.2300000e+034
 1.7531246e-001
 1.7703810e-001
 1.7804350e-001
 1.7530558e-001
 1.7240408e-001
 1.7425381e-001
 1.7916419e-001
 1.8150572e-001
 1.8266027e-001
 1.8470502e-001
 1.8717858e-001
 1.9015883e-001
 1.9335048e-001
 1.9656496e-001
 1.9953823e-001
 2.0222746e-001
 2.0519190e-001
 2.0862329e-001
 2.1244472e-001
 2.1634759e-001
 2.2030546e-001
 2.2430223e-001
 2.2824676e-001
 2.3264092e-001
 2.3743151e-001
 2.4207516e-001
 2.4669553e-001
 2.5108206e-001
 2.5521943e-001
 2.5936604e-001
 2.6386142e-001
 2.6851806e-001
 2.7306616e-001
 2.7732548e-001
 2.8139883e-001
 2.8523296e-001
 2.8893155e-001
 2.9285946e-001
 2.9710284e-001
 3.0132070e-001
 3.0533612e-001
 3.0917838e-001
 3.1244281e-001
 3.1548563e-001
 3.1861597e-001
 3.2170230e-001
 3.2514146e-001
 3.2863313e-001
 3.3164755e-001
 3.3436638e-001
 3.3634424e-001
 3.3784115e-001
 3.3966413e-001
 3.3903682e-001
 3.4134808e-001
 3.4479260e-001
 3.4870282e-001
 3.5271889e-001
 3.5621107e-001
 3.5866582e-001
 3.5978693e-001
 3.6064067e-001
 3.6152822e-001
 3.6135352e-001
 3.6093915e-001
 3.6175749e-001
 3.6471096e-001
 3.6991078e-001
 3.7665236e-001
 3.8337126e-001
 3.8888440e-001
 3.9316821e-001
 3.9627206e-001
 3.9884400e-001
 4.0113720e-001
 4.0329725e-001
 4.0495864e-001
 4.0649903e-001
 4.0879244e-001
 4.1157266e-001
 4.1407400e-001
 4.1548732e-001
 4.1606936e-001
 4.1563842e-001
 4.1437179e-001
 4.1155061e-001
 4.0799397e-001
 4.0209180e-001
 3.9091790e-001
 3.6701912e-001
 3.3364424e-001
 3.2276464e-001
 3.3369020e-001
 3.4302086e-001
 3.4116417e-001
 3.3225924e-001
 3.2383108e-001
 3.1692004e-001
 3.0910316e-001
 2.9908520e-001
 2.9358250e-001
 2.9923961e-001
 3.1390855e-001
 3.3209190e-001
 3.4591943e-001
 3.5295749e-001
 3.5687521e-001
 3.6013231e-001
 3.6169034e-001
 3.6081728e-001
 3.5801849e-001
 3.5303518e-001
 3.4622955e-001
 3.3918548e-001
 3.3369890e-001
 3.3021283e-001
 3.2843652e-001
