s07_AV97 Record=4227: Zincite+Franklin HS147.1B    ASDFRb AREF
 3.1707000e-002
 3.2105032e-002
 3.3555429e-002
 3.4573972e-002
 3.5084262e-002
 3.5921957e-002
 3.6964882e-002
 3.8206026e-002
 3.9942324e-002
 4.2219426e-002
 4.5155428e-002
 4.8941810e-002
 5.3673580e-002
 5.9191748e-002
 6.5629177e-002
 7.2669566e-002
 8.0012269e-002
 8.7507226e-002
 9.4852321e-002
 1.0194754e-001
 1.0890207e-001
 1.1583079e-001
 1.2274892e-001
 1.2960988e-001
 1.3699278e-001
 1.4429256e-001
 1.5233169e-001
 1.6035455e-001
 1.6770004e-001
 1.7441726e-001
 1.8035449e-001
 1.8538922e-001
 1.7947838e-001
 1.8447033e-001
 1.8903275e-001
 1.9313228e-001
 1.9692971e-001
 2.0063761e-001
 2.0416930e-001
 2.0796925e-001
 2.1193618e-001
 2.1596016e-001
 2.2017862e-001
 2.2457433e-001
 2.2926192e-001
 2.3420471e-001
 2.3921055e-001
 2.4453691e-001
 2.5040063e-001
 2.5657946e-001
 2.6298413e-001
 2.7003247e-001
 2.7745354e-001
 2.8563780e-001
 2.9437229e-001
 3.0333754e-001
 3.1192130e-001
 3.1977749e-001
 3.2674038e-001
 3.3310172e-001
 3.3822051e-001
 3.4257671e-001
 3.4581909e-001
 3.4804058e-001
 3.4944016e-001
 3.5059324e-001
 3.5100463e-001
 3.5092399e-001
 3.5038078e-001
 3.4829244e-001
 3.4638381e-001
 3.4427935e-001
 3.4147161e-001
 3.3909494e-001
 3.3667210e-001
 3.3486071e-001
 3.3321616e-001
 3.3175987e-001
 3.3068562e-001
 3.2946414e-001
 3.2864287e-001
 3.2831332e-001
 3.2857814e-001
 3.2950562e-001
 3.3034730e-001
 3.3117276e-001
 3.3246946e-001
 3.3511835e-001
 3.3827725e-001
 3.4120798e-001
 3.4542727e-001
 3.4972605e-001
 3.5414243e-001
 3.5932884e-001
 3.6467773e-001
 3.7109140e-001
 3.6152911e-001
 3.6801055e-001
 3.7422800e-001
 3.8115799e-001
 3.8825136e-001
 3.9556679e-001
 4.0292999e-001
 4.1059956e-001
 4.1857064e-001
 4.2593980e-001
 4.3407488e-001
 4.4179833e-001
 4.4834346e-001
 4.5541009e-001
 4.6218702e-001
 4.6798563e-001
 4.7356784e-001
 4.7913122e-001
 4.8484546e-001
 4.8943591e-001
 4.9458945e-001
 4.9873123e-001
 5.0175440e-001
 5.0564343e-001
 5.0879669e-001
 5.1135367e-001
 5.1453298e-001
 5.1751572e-001
 5.1998597e-001
 5.2288795e-001
 5.2553678e-001
 5.2771175e-001
 5.3058583e-001
 5.3386748e-001
 5.3565687e-001
 5.3792936e-001
 5.4073697e-001
 5.4281735e-001
 5.4458135e-001
 5.4640323e-001
 5.4860765e-001
 5.5211699e-001
 5.5443591e-001
 5.5571616e-001
 5.5774105e-001
 5.5865496e-001
 5.6233621e-001
 5.6440032e-001
 5.6685960e-001
 5.6873739e-001
 5.6956279e-001
 5.7116765e-001
 5.7309449e-001
 5.7665449e-001
 5.7843405e-001
 5.7924336e-001
 5.8218253e-001
 5.8400077e-001
 5.8407050e-001
 5.8699644e-001
 5.8841032e-001
 5.9028643e-001
 5.9323192e-001
 5.9583879e-001
 5.9486741e-001
 5.9746456e-001
 5.9909713e-001
 6.0020262e-001
 6.0250473e-001
 6.0378093e-001
 6.0506308e-001
 6.0640126e-001
 6.0944426e-001
 6.1038327e-001
 6.1241829e-001
 6.1412382e-001
 6.1645901e-001
 6.2007952e-001
 6.2061751e-001
 6.2348646e-001
 6.2643510e-001
 6.2934095e-001
 6.3067037e-001
 6.3248014e-001
 6.3568234e-001
 6.3629019e-001
 6.3978428e-001
 6.4170271e-001
 6.4225227e-001
 6.4356726e-001
 6.4696395e-001
 6.4748037e-001
 6.4961350e-001
 6.5036750e-001
 6.5094817e-001
 6.5171081e-001
 6.5377915e-001
 6.5396589e-001
 6.5484142e-001
 6.5738767e-001
 6.5937573e-001
 6.6188473e-001
 6.6455293e-001
 6.6468012e-001
 6.6672027e-001
 6.6838515e-001
 6.6882879e-001
 6.7097759e-001
 6.7239785e-001
 6.7334384e-001
 6.7618185e-001
 6.7873526e-001
 6.7920423e-001
 6.8133026e-001
 6.8406183e-001
 6.8503910e-001
 6.8661422e-001
 6.8772572e-001
 6.8761796e-001
 6.8643403e-001
 6.8566585e-001
 6.8848467e-001
 6.8898219e-001
 6.8702042e-001
 6.8671501e-001
 6.8657643e-001
 6.8993300e-001
-1.2300000e+034
