s07_AV97 Record=1674: Jadeite HS343.2B             ASDFRb AREF
 3.7982315e-001
 3.8732797e-001
 4.0012848e-001
 4.1396752e-001
 4.2402342e-001
 4.3288794e-001
 4.3691155e-001
 4.4358495e-001
 4.6110412e-001
 4.7155559e-001
 4.7967023e-001
 4.8636463e-001
 4.9151942e-001
 4.9543372e-001
 4.9861377e-001
 5.0054187e-001
 5.0155073e-001
 5.0185579e-001
 5.0154144e-001
 5.0072545e-001
 4.9946937e-001
 4.9779856e-001
 4.9574777e-001
 4.9331495e-001
 4.9073905e-001
 4.8830721e-001
 4.8574871e-001
 4.8328584e-001
 4.8106030e-001
 4.7864643e-001
 4.7628459e-001
 4.7406137e-001
 4.7663859e-001
 4.7451335e-001
 4.7201806e-001
 4.6997076e-001
 4.6749187e-001
 4.6547729e-001
 4.6361819e-001
 4.6206245e-001
 4.6083242e-001
 4.6000698e-001
 4.5963195e-001
 4.5983011e-001
 4.6075454e-001
 4.6234006e-001
 4.6468842e-001
 4.6759382e-001
 4.7102013e-001
 4.7444734e-001
 4.7778302e-001
 4.8118329e-001
 4.8407668e-001
 4.8621583e-001
 4.8786956e-001
 4.8935205e-001
 4.9022993e-001
 4.9072114e-001
 4.9110362e-001
 4.9157190e-001
 4.9172163e-001
 4.9218059e-001
 4.9263373e-001
 4.9306598e-001
 4.9362072e-001
 4.9421951e-001
 4.9509001e-001
 4.9579826e-001
 4.9659291e-001
 4.9759445e-001
 4.9880478e-001
 4.9952081e-001
 4.9998698e-001
 5.0049275e-001
 5.0099146e-001
 5.0160038e-001
 5.0200421e-001
 5.0240523e-001
 5.0268203e-001
 5.0323606e-001
 5.0366443e-001
 5.0419533e-001
 5.0488782e-001
 5.0564307e-001
 5.0664669e-001
 5.0786120e-001
 5.0914735e-001
 5.1037645e-001
 5.1188797e-001
 5.1330698e-001
 5.1542592e-001
 5.1753259e-001
 5.1890326e-001
 5.2110517e-001
 5.2289301e-001
 5.2463078e-001
 5.2181274e-001
 5.2379835e-001
 5.2565742e-001
 5.2749521e-001
 5.2936459e-001
 5.3104848e-001
 5.3315288e-001
 5.3540206e-001
 5.3718561e-001
 5.3936195e-001
 5.4103154e-001
 5.4280090e-001
 5.4449892e-001
 5.4611909e-001
 5.4763246e-001
 5.4873270e-001
 5.4943579e-001
 5.5090964e-001
 5.5324179e-001
 5.5593967e-001
 5.5796593e-001
 5.5934161e-001
 5.6111497e-001
 5.6288517e-001
 5.6489527e-001
 5.6625479e-001
 5.6799394e-001
 5.6964505e-001
 5.7147169e-001
 5.7277113e-001
 5.7358217e-001
 5.7540590e-001
 5.7670194e-001
 5.7768166e-001
 5.7944643e-001
 5.8084416e-001
 5.8196604e-001
 5.8310807e-001
 5.8456892e-001
 5.8556330e-001
 5.8642989e-001
 5.8811843e-001
 5.9005928e-001
 5.9072113e-001
 5.9124702e-001
 5.9268796e-001
 5.9409672e-001
 5.9449983e-001
 5.9508854e-001
 5.9575623e-001
 5.9606773e-001
 5.9705776e-001
 5.9830117e-001
 5.9942925e-001
 6.0018796e-001
 6.0127932e-001
 6.0118788e-001
 6.0155356e-001
 6.0243356e-001
 6.0303992e-001
 6.0300159e-001
 6.0305643e-001
 6.0287303e-001
 6.0308897e-001
 6.0322297e-001
 6.0191566e-001
 5.9797621e-001
 5.9139514e-001
 5.9245992e-001
 5.9769255e-001
 6.0142690e-001
 6.0311991e-001
 6.0443950e-001
 6.0508573e-001
 6.0586715e-001
 6.0786188e-001
 6.0910738e-001
 6.1106223e-001
 6.1270076e-001
 6.1437422e-001
 6.1599523e-001
 6.1664170e-001
 6.1840409e-001
 6.1975527e-001
 6.2102926e-001
 6.2188011e-001
 6.2293744e-001
 6.2341607e-001
 6.2346727e-001
 6.2382096e-001
 6.2337530e-001
 6.2340951e-001
 6.2426639e-001
 6.2458682e-001
 6.2434131e-001
 6.2510842e-001
 6.2540352e-001
 6.2513500e-001
 6.2429386e-001
 6.2385952e-001
 6.2442958e-001
 6.2571120e-001
 6.2729108e-001
 6.2787354e-001
 6.2830716e-001
 6.2895471e-001
 6.2850946e-001
 6.2993741e-001
 6.3074738e-001
 6.3219082e-001
 6.3270748e-001
 6.3331234e-001
 6.3377583e-001
 6.3206065e-001
 6.3195723e-001
 6.3237542e-001
 6.3360620e-001
 6.3226938e-001
 6.3132447e-001
 6.2929773e-001
 6.2911433e-001
 6.2573832e-001
 6.2366080e-001
 6.2230760e-001
 6.2066448e-001
 6.1934435e-001
 6.1885720e-001
-1.2300000e+034
