s07_AV97 Record=2190: Montmorillonite SWy-1        ASDNGb AREF
 3.7555137e-001
 4.1200525e-001
 4.4864005e-001
 4.7507578e-001
 4.9937460e-001
 5.2484244e-001
 5.4800594e-001
 5.6875235e-001
 5.9109885e-001
 6.0658962e-001
 6.1841881e-001
 6.2786126e-001
 6.3522243e-001
 6.4417678e-001
 6.5384865e-001
 6.6606796e-001
 6.7914784e-001
 6.8840837e-001
 6.9647461e-001
 7.0269388e-001
 7.0632863e-001
 7.0815682e-001
 7.0916438e-001
 7.0972419e-001
 7.1008223e-001
 7.1051675e-001
 7.1129519e-001
 7.1257412e-001
 7.1446121e-001
 7.1699554e-001
 7.2010964e-001
 7.2360533e-001
 7.1957165e-001
 7.2291410e-001
 7.2640574e-001
 7.2978580e-001
 7.3289859e-001
 7.3558545e-001
 7.3780471e-001
 7.3952746e-001
 7.4086046e-001
 7.4205619e-001
 7.4307483e-001
 7.4378210e-001
 7.4424982e-001
 7.4444658e-001
 7.4437237e-001
 7.4419838e-001
 7.4384642e-001
 7.4329937e-001
 7.4261183e-001
 7.4195582e-001
 7.4134225e-001
 7.4081671e-001
 7.4046361e-001
 7.4027002e-001
 7.4025702e-001
 7.4039882e-001
 7.4073160e-001
 7.4122131e-001
 7.4174190e-001
 7.4198306e-001
 7.4168903e-001
 7.4143910e-001
 7.4324030e-001
 7.4602222e-001
 7.4814314e-001
 7.4972606e-001
 7.5108290e-001
 7.5239140e-001
 7.5367767e-001
 7.5474685e-001
 7.5573623e-001
 7.5670010e-001
 7.5753069e-001
 7.5830567e-001
 7.5902212e-001
 7.5972313e-001
 7.6026630e-001
 7.6084071e-001
 7.6132619e-001
 7.6134729e-001
 7.6004016e-001
 7.5866431e-001
 7.6031905e-001
 7.6211780e-001
 7.6315451e-001
 7.6389974e-001
 7.6479709e-001
 7.6576179e-001
 7.6659250e-001
 7.6727784e-001
 7.6787770e-001
 7.6848567e-001
 7.6934093e-001
 7.7014965e-001
 7.6886153e-001
 7.6978409e-001
 7.7035707e-001
 7.7034372e-001
 7.6975167e-001
 7.6893520e-001
 7.6809531e-001
 7.6708764e-001
 7.6578778e-001
 7.6412725e-001
 7.6202053e-001
 7.5772303e-001
 7.4602073e-001
 7.2328871e-001
 6.8484050e-001
 6.3932234e-001
 6.2351733e-001
 6.5558565e-001
 6.9599986e-001
 7.1923912e-001
 7.2754550e-001
 7.3077375e-001
 7.3970926e-001
 7.4896646e-001
 7.5542271e-001
 7.6026243e-001
 7.6423931e-001
 7.6757413e-001
 7.7039671e-001
 7.7283531e-001
 7.7500135e-001
 7.7688181e-001
 7.7854377e-001
 7.8003764e-001
 7.8136444e-001
 7.8255767e-001
 7.8360337e-001
 7.8455019e-001
 7.8544116e-001
 7.8626347e-001
 7.8699255e-001
 7.8766245e-001
 7.8814620e-001
 7.8848714e-001
 7.8866327e-001
 7.8862917e-001
 7.8834617e-001
 7.8747171e-001
 7.8594995e-001
 7.8418845e-001
 7.8234196e-001
 7.8060561e-001
 7.7896613e-001
 7.7738470e-001
 7.7587235e-001
 7.7453393e-001
 7.7346063e-001
 7.7199960e-001
 7.6978344e-001
 7.6663947e-001
 7.6179492e-001
 7.5121397e-001
 7.2651428e-001
 6.7340893e-001
 6.9421273e-001
 6.1253697e-001
 5.1887178e-001
 4.9858135e-001
 5.4511613e-001
 5.9083438e-001
 6.1604708e-001
 6.2872207e-001
 6.3752931e-001
 6.4657515e-001
 6.5729624e-001
 6.6959149e-001
 6.8220097e-001
 6.9433564e-001
 7.0500195e-001
 7.1375006e-001
 7.2019869e-001
 7.2486293e-001
 7.2735995e-001
 7.2763622e-001
 7.2667265e-001
 7.2557765e-001
 7.2566170e-001
 7.2702152e-001
 7.2864836e-001
 7.2807431e-001
 7.2415233e-001
 7.1722704e-001
 7.0296192e-001
 6.7361259e-001
 6.3756865e-001
 6.0272688e-001
 5.7050616e-001
 5.5868906e-001
 5.8188415e-001
 6.0718113e-001
 6.2498373e-001
 6.4866120e-001
 6.6787183e-001
 6.7392343e-001
 6.7101306e-001
 6.6187704e-001
 6.4997828e-001
 6.3783967e-001
 6.2754381e-001
 6.1724645e-001
 6.0382569e-001
 5.8976567e-001
 5.7777131e-001
 5.6904769e-001
 5.6045043e-001
 5.5136329e-001
 5.4289824e-001
 5.3544438e-001
 5.2717239e-001
 5.1819175e-001
 5.0827706e-001
 4.9916485e-001
 4.9239209e-001
 4.8842943e-001
 4.8576051e-001
 4.8264602e-001
 4.7738513e-001
-1.2300000e+034
