s07_AV97 Record=573: Beryl HS180.4B               ASDFRa AREF
 4.5674518e-001
 4.7688717e-001
 4.9800682e-001
 5.2154571e-001
 5.4494309e-001
 5.6483823e-001
 5.8422601e-001
 6.0832876e-001
 6.3018918e-001
 6.4612693e-001
 6.5923262e-001
 6.6975147e-001
 6.7634374e-001
 6.8159729e-001
 6.8672478e-001
 6.9019645e-001
 6.9351745e-001
 6.9497466e-001
 6.9950676e-001
 6.9941294e-001
 6.9635272e-001
 6.9457078e-001
 6.9380701e-001
 6.9102311e-001
 6.8586427e-001
 6.7849040e-001
 6.6726482e-001
 6.5242642e-001
 6.3340974e-001
 6.0982704e-001
 5.8252472e-001
 5.5301285e-001
 5.8712053e-001
 5.5887663e-001
 5.2873194e-001
 4.9705899e-001
 4.6201614e-001
 4.2691034e-001
 3.9333296e-001
 3.6194590e-001
 3.3367538e-001
 3.0865288e-001
 2.8690806e-001
 2.6873523e-001
 2.5393400e-001
 2.4227586e-001
 2.3352675e-001
 2.2762027e-001
 2.2463521e-001
 2.2461455e-001
 2.2766498e-001
 2.3407714e-001
 2.4340884e-001
 2.5595108e-001
 2.7166131e-001
 2.9028228e-001
 3.1145909e-001
 3.3470935e-001
 3.5925555e-001
 3.8369647e-001
 4.0826192e-001
 4.2996231e-001
 4.4908699e-001
 4.6035030e-001
 4.8560500e-001
 5.0099373e-001
 5.1713467e-001
 5.2952790e-001
 5.4003459e-001
 5.4976314e-001
 5.6149864e-001
 5.7052135e-001
 5.8215106e-001
 5.9345353e-001
 6.0500902e-001
 6.1696810e-001
 6.2775683e-001
 6.4000452e-001
 6.4983386e-001
 6.5540224e-001
 6.5107703e-001
 6.5736467e-001
 6.2828833e-001
 6.3305408e-001
 6.8345582e-001
 6.9964153e-001
 7.1266586e-001
 7.2133368e-001
 7.2541982e-001
 7.3309743e-001
 7.3908013e-001
 7.4277830e-001
 7.4580252e-001
 7.4755788e-001
 7.5003141e-001
 7.5103605e-001
 7.4836445e-001
 7.5045431e-001
 7.5146866e-001
 7.5083148e-001
 7.5028676e-001
 7.4827808e-001
 7.4183369e-001
 7.3010778e-001
 7.0968622e-001
 6.8169606e-001
 6.1977673e-001
 5.3811407e-001
 5.2453363e-001
 5.3675413e-001
 4.1953519e-001
 3.3443525e-001
 4.2150345e-001
 5.0043684e-001
 5.4862815e-001
 5.9329981e-001
 6.2050629e-001
 5.7563567e-001
 6.1751080e-001
 6.8428606e-001
 7.0121092e-001
 7.0918477e-001
 7.1966338e-001
 7.3219866e-001
 7.3904264e-001
 7.4262178e-001
 7.4531078e-001
 7.4633646e-001
 7.4649066e-001
 7.4597448e-001
 7.4506986e-001
 7.4394506e-001
 7.4209511e-001
 7.4013937e-001
 7.3782623e-001
 7.3540336e-001
 7.3264146e-001
 7.2933167e-001
 7.2556549e-001
 7.2181678e-001
 7.1740061e-001
 7.1279556e-001
 7.0770389e-001
 7.0152301e-001
 6.9379944e-001
 6.8465596e-001
 6.7276901e-001
 6.5587956e-001
 6.3124102e-001
 6.0037148e-001
 5.7182735e-001
 5.4661435e-001
 4.8640150e-001
 3.9473024e-001
 3.5410532e-001
 3.5770148e-001
 3.8255644e-001
 3.8789153e-001
 3.6333036e-001
 2.9287785e-001
 3.3095425e-001
 2.0900331e-001
 1.5926787e-001
 2.9051694e-001
 3.5693878e-001
 3.8338298e-001
 3.9874399e-001
 3.9558342e-001
 3.9885902e-001
 4.1819024e-001
 4.5885488e-001
 5.0049055e-001
 5.2131820e-001
 5.2890456e-001
 5.3459805e-001
 5.3865904e-001
 5.3629351e-001
 5.2309239e-001
 5.2616376e-001
 5.3229606e-001
 5.3280556e-001
 5.4162341e-001
 5.5292928e-001
 5.5811077e-001
 5.5991894e-001
 5.5940008e-001
 5.4974234e-001
 5.2988863e-001
 5.3843242e-001
 5.5120796e-001
 5.5459464e-001
 5.5435419e-001
 5.5219316e-001
 5.6569833e-001
 5.7813621e-001
 5.8318317e-001
 5.8647919e-001
 5.8655256e-001
 5.8425075e-001
 5.8087206e-001
 5.7387012e-001
 5.6713915e-001
 5.5936265e-001
 5.4862422e-001
 5.3410059e-001
 5.1671702e-001
 5.0374371e-001
 4.9607471e-001
 4.8822314e-001
 4.7796977e-001
 4.7030893e-001
 4.6300578e-001
 4.5838600e-001
 4.4312918e-001
 4.2668092e-001
 4.0986422e-001
 3.8494155e-001
 3.5795376e-001
 3.3320293e-001
 3.0391395e-001
 2.7058443e-001
 2.4115632e-001
 2.0830043e-001
-1.2300000e+034
