s07_AV97 Record=2403: Olivine GDS70.c Fo89  70um    BECKb AREF
 2.0871553e-001
 2.2826584e-001
 2.4387592e-001
 2.5784746e-001
 2.7472249e-001
 2.8568459e-001
 2.9214779e-001
 2.9654121e-001
 2.9779953e-001
 3.0432725e-001
 3.1508675e-001
 3.3018735e-001
 3.4308565e-001
 3.6169061e-001
 3.8625580e-001
 4.0499339e-001
 4.2073634e-001
 4.3626818e-001
 4.4912770e-001
 4.5691672e-001
 4.5891681e-001
 4.5879558e-001
 4.5517755e-001
 4.5078677e-001
 4.4477350e-001
 4.3738514e-001
 4.2858663e-001
 4.2184862e-001
 4.2069656e-001
 4.2162561e-001
 4.2209548e-001
 4.2453235e-001
 4.2212114e-001
 4.2370042e-001
 4.2515779e-001
 4.1927475e-001
 4.1689295e-001
 4.1353706e-001
 4.1049516e-001
 4.0510288e-001
 3.9746240e-001
 3.8792565e-001
 3.7649596e-001
 3.6568668e-001
 3.5414609e-001
 3.4287381e-001
 3.3185446e-001
 3.2234085e-001
 3.1304377e-001
 3.0587626e-001
 2.9882643e-001
 2.8362456e-001
 2.7961022e-001
 2.7948564e-001
 2.7378163e-001
 2.6797223e-001
 2.6363337e-001
 2.6119983e-001
 2.4971674e-001
 2.4155575e-001
 2.3203903e-001
 2.2489607e-001
 2.1577148e-001
 2.0433261e-001
 1.9509298e-001
 1.8525231e-001
 1.7916630e-001
 1.7164442e-001
 1.6628516e-001
 1.6185790e-001
 1.5675631e-001
 1.5489990e-001
 1.5188710e-001
 1.5038463e-001
 1.5636981e-001
 1.5884650e-001
 1.6050062e-001
 1.6366339e-001
 1.6927733e-001
 1.7306060e-001
 1.7890678e-001
 1.8455151e-001
 1.8950045e-001
 1.9227219e-001
 1.9601350e-001
 2.0168556e-001
 2.0215335e-001
 2.0550269e-001
 2.0987229e-001
 2.1341652e-001
 2.1361227e-001
 2.1769932e-001
 2.2192247e-001
 2.2499985e-001
 2.2863792e-001
 2.3249795e-001
 2.2643384e-001
 2.3027469e-001
 2.3480953e-001
 2.3922089e-001
 2.4491288e-001
 2.5177616e-001
 2.5694713e-001
 2.6320609e-001
 2.7012858e-001
 2.7700284e-001
 2.8578079e-001
 2.9385558e-001
 3.0287403e-001
 3.1491575e-001
 3.2384819e-001
 3.3456263e-001
 3.4581342e-001
 3.5744262e-001
 3.7130624e-001
 3.8498935e-001
 3.9366394e-001
 4.0655583e-001
 4.1904178e-001
 4.2910722e-001
 4.4270661e-001
 4.5457977e-001
 4.6690592e-001
 4.7770381e-001
 4.9078605e-001
 5.0258911e-001
 5.1394391e-001
 5.2304196e-001
 5.3363150e-001
 5.4351491e-001
 5.5047858e-001
 5.5889261e-001
 5.6648886e-001
 5.7393694e-001
 5.7836080e-001
 5.8815235e-001
 5.9206253e-001
 5.9736913e-001
 6.0179585e-001
 6.0531449e-001
 6.0827035e-001
 6.1058211e-001
 6.1649907e-001
 6.2024444e-001
 6.2211812e-001
 6.2336046e-001
 6.1938763e-001
 6.2342721e-001
 6.2428170e-001
 6.2694967e-001
 6.2649512e-001
 6.2975132e-001
 6.3019031e-001
 6.2825137e-001
 6.2919205e-001
 6.2900472e-001
 6.2824303e-001
 6.3161594e-001
 6.3639331e-001
 6.3157398e-001
 6.3403440e-001
 6.3022941e-001
 6.3182348e-001
 6.2997901e-001
 6.2951857e-001
 6.2882990e-001
 6.3124192e-001
 6.2917626e-001
 6.3041776e-001
 6.3385600e-001
 6.3560563e-001
 6.3439524e-001
 6.3286930e-001
 6.3507313e-001
 6.3393128e-001
 6.3697827e-001
 6.3659889e-001
 6.3797665e-001
 6.3852990e-001
 6.3495213e-001
 6.4049804e-001
 6.4364696e-001
 6.3813287e-001
 6.4092082e-001
 6.4422846e-001
 6.4677018e-001
 6.4410383e-001
 6.4335394e-001
 6.4448172e-001
 6.4281356e-001
 6.3932276e-001
 6.4183301e-001
 6.4030755e-001
 6.4038712e-001
 6.3806748e-001
 6.4086884e-001
 6.4177305e-001
 6.3306350e-001
 6.3692248e-001
 6.4124733e-001
 6.2914526e-001
 6.2628084e-001
 6.3980222e-001
 6.3459629e-001
 6.3990390e-001
 6.4915019e-001
 6.4709049e-001
 6.4721912e-001
 6.5173411e-001
 6.5186125e-001
 6.4807481e-001
 6.5179962e-001
 6.5099066e-001
 6.5150899e-001
 6.5338445e-001
 6.5324515e-001
 6.5226460e-001
 6.5255797e-001
 6.5374869e-001
 6.5484965e-001
 6.5489274e-001
 6.5460175e-001
 6.5501714e-001
 6.5670758e-001
