s07_AV97 Record=3548: Alun.33+Kaol.33+Musc.33 AMX2 ASDNGa AREF
 4.3031803e-001
 4.6192816e-001
 4.8942551e-001
 5.1276940e-001
 5.3088373e-001
 5.4529053e-001
 5.5832767e-001
 5.7077891e-001
 5.8205855e-001
 5.9136951e-001
 5.9941441e-001
 6.0743076e-001
 6.1613405e-001
 6.2580633e-001
 6.3626623e-001
 6.4713943e-001
 6.5818805e-001
 6.6949189e-001
 6.8083006e-001
 6.9176441e-001
 7.0209837e-001
 7.1142024e-001
 7.2066778e-001
 7.2933304e-001
 7.3715633e-001
 7.4400777e-001
 7.5009573e-001
 7.5558186e-001
 7.6058376e-001
 7.6538861e-001
 7.7023143e-001
 7.7502793e-001
 7.6944095e-001
 7.7416068e-001
 7.7838588e-001
 7.8239757e-001
 7.8623909e-001
 7.8986019e-001
 7.9311293e-001
 7.9565954e-001
 7.9753762e-001
 7.9953146e-001
 8.0100638e-001
 8.0169261e-001
 8.0236226e-001
 8.0331290e-001
 8.0402911e-001
 8.0514383e-001
 8.0573082e-001
 8.0584455e-001
 8.0618000e-001
 8.0659389e-001
 8.0679995e-001
 8.0684525e-001
 8.0687970e-001
 8.0690545e-001
 8.0696237e-001
 8.0693132e-001
 8.0727911e-001
 8.0871582e-001
 8.0936319e-001
 8.0875427e-001
 8.0732083e-001
 8.0584759e-001
 8.0573344e-001
 8.0630219e-001
 8.0332047e-001
 8.0164021e-001
 8.0357182e-001
 8.0959266e-001
 8.1609398e-001
 8.1869477e-001
 8.1963438e-001
 8.2026726e-001
 8.2085377e-001
 8.2125211e-001
 8.2146072e-001
 8.2160658e-001
 8.2181489e-001
 8.2222456e-001
 8.2384259e-001
 8.2528651e-001
 8.2567251e-001
 8.2550353e-001
 8.2528675e-001
 8.2509267e-001
 8.2522714e-001
 8.2471383e-001
 8.2357603e-001
 8.2141924e-001
 8.1758231e-001
 8.1074071e-001
 8.0588543e-001
 8.0385983e-001
 7.9489917e-001
 7.8806651e-001
 8.0059499e-001
 7.8996605e-001
 7.9319733e-001
 8.0511153e-001
 8.0952084e-001
 8.0720246e-001
 8.0210042e-001
 7.9434997e-001
 7.8525561e-001
 7.8066385e-001
 7.7343458e-001
 7.7238119e-001
 7.6919311e-001
 7.4686080e-001
 7.0645493e-001
 6.7316604e-001
 6.4061826e-001
 6.3809282e-001
 6.7200673e-001
 7.0571345e-001
 6.9707781e-001
 6.8776166e-001
 6.5945333e-001
 6.7555970e-001
 7.1846622e-001
 7.3500216e-001
 7.5194907e-001
 7.6029825e-001
 7.6326585e-001
 7.6587737e-001
 7.6720685e-001
 7.6782739e-001
 7.6768589e-001
 7.6722282e-001
 7.6706648e-001
 7.6711309e-001
 7.6688570e-001
 7.6662838e-001
 7.6572478e-001
 7.6442492e-001
 7.6265061e-001
 7.6010233e-001
 7.5696963e-001
 7.5353914e-001
 7.5019681e-001
 7.4680871e-001
 7.4218881e-001
 7.3355222e-001
 7.2042483e-001
 7.0596361e-001
 6.9315726e-001
 6.8498772e-001
 6.8574321e-001
 6.9684803e-001
 7.1417922e-001
 7.2426289e-001
 7.2577822e-001
 7.2466922e-001
 7.2372961e-001
 7.2035992e-001
 7.2074562e-001
 7.1881032e-001
 7.1101332e-001
 6.9679880e-001
 7.0194763e-001
 6.8402892e-001
 6.6134244e-001
 6.4292228e-001
 6.3609356e-001
 6.3471073e-001
 6.3428080e-001
 6.3349193e-001
 6.3197118e-001
 6.3232732e-001
 6.3353413e-001
 6.3111860e-001
 6.2560010e-001
 6.2175095e-001
 6.2174153e-001
 6.2101519e-001
 6.1815512e-001
 6.1444670e-001
 6.1021310e-001
 6.0607773e-001
 6.0190928e-001
 5.9410715e-001
 5.8373570e-001
 5.6651616e-001
 5.4755437e-001
 5.3163850e-001
 5.1298326e-001
 4.8273394e-001
 4.5504016e-001
 4.4472396e-001
 4.3488920e-001
 4.2006493e-001
 4.0879673e-001
 3.8953578e-001
 4.6199137e-001
 5.2269047e-001
 5.4393905e-001
 5.5183917e-001
 5.5438411e-001
 5.5303091e-001
 5.4678082e-001
 5.3676218e-001
 5.2056324e-001
 4.9052382e-001
 4.6278468e-001
 4.5780283e-001
 4.6435702e-001
 4.6357709e-001
 4.6077731e-001
 4.5668778e-001
 4.3693274e-001
 4.1943723e-001
 4.1661239e-001
 4.1352841e-001
 4.0165973e-001
 3.8666669e-001
 3.7569284e-001
 3.7266424e-001
 3.6944810e-001
 3.6606035e-001
 3.6729884e-001
 3.6410728e-001
 3.5790092e-001
-1.2300000e+034
