s07_AV97 Record=1439: Hectorite SHCa-1              BECKc AREF
 5.6112516e-001
 5.7250488e-001
 5.8556062e-001
 5.9362519e-001
 6.0177064e-001
 6.0975373e-001
 6.1626631e-001
 6.2564445e-001
 6.3636440e-001
 6.4436382e-001
 6.4798838e-001
 6.5232378e-001
 6.5767872e-001
 6.6311997e-001
 6.6981816e-001
 6.7472601e-001
 6.8374586e-001
 6.9030541e-001
 6.9745010e-001
 7.0637345e-001
 7.1516597e-001
 7.2584164e-001
 7.3328322e-001
 7.3920304e-001
 7.4367547e-001
 7.4679792e-001
 7.5050265e-001
 7.5392771e-001
 7.5476760e-001
 7.5841486e-001
 7.6095843e-001
 7.6240921e-001
 7.6094091e-001
 7.6181471e-001
 7.6534808e-001
 7.6793563e-001
 7.6983792e-001
 7.7099866e-001
 7.7399576e-001
 7.7595580e-001
 7.7835518e-001
 7.7940714e-001
 7.8106046e-001
 7.8044075e-001
 7.8390861e-001
 7.8423542e-001
 7.8569943e-001
 7.8636241e-001
 7.8667217e-001
 7.8732353e-001
 7.8823447e-001
 7.8856128e-001
 7.8607547e-001
 7.8389013e-001
 7.8489226e-001
 7.8475875e-001
 7.8265536e-001
 7.8553307e-001
 7.8149885e-001
 7.8360969e-001
 7.8235602e-001
 7.8263569e-001
 7.7907103e-001
 7.8021973e-001
 7.8197294e-001
 7.8062397e-001
 7.8344351e-001
 7.8244209e-001
 7.8209108e-001
 7.8320706e-001
 7.8276819e-001
 7.8179884e-001
 7.8465080e-001
 7.8331476e-001
 7.8429699e-001
 7.8317171e-001
 7.8299969e-001
 7.8453851e-001
 7.8333914e-001
 7.8347158e-001
 7.8245628e-001
 7.8214371e-001
 7.7952516e-001
 7.7703196e-001
 7.8007817e-001
 7.7990663e-001
 7.8010803e-001
 7.8050923e-001
 7.8136820e-001
 7.8126460e-001
 7.8261065e-001
 7.8206462e-001
 7.8024346e-001
 7.8213918e-001
 7.8153139e-001
 7.7946812e-001
 7.8150296e-001
 7.8119200e-001
 7.7864093e-001
 7.7792925e-001
 7.7554196e-001
 7.7596730e-001
 7.7484578e-001
 7.7318251e-001
 7.7227688e-001
 7.7088535e-001
 7.6793051e-001
 7.6509404e-001
 7.4608463e-001
 7.0575672e-001
 6.9936860e-001
 6.8830109e-001
 6.8083161e-001
 6.9372886e-001
 7.0728499e-001
 7.1532094e-001
 7.1716356e-001
 7.2105891e-001
 7.3072952e-001
 7.3740011e-001
 7.4289143e-001
 7.4703401e-001
 7.5099617e-001
 7.5542045e-001
 7.5956124e-001
 7.6076204e-001
 7.6367331e-001
 7.6344019e-001
 7.6333159e-001
 7.6590127e-001
 7.6953310e-001
 7.6820791e-001
 7.6987165e-001
 7.7183056e-001
 7.7064711e-001
 7.7008599e-001
 7.7285391e-001
 7.7303529e-001
 7.7172130e-001
 7.7236325e-001
 7.7390975e-001
 7.7040398e-001
 7.7051967e-001
 7.6853436e-001
 7.6820433e-001
 7.6625633e-001
 7.6480633e-001
 7.6133496e-001
 7.5962251e-001
 7.5701052e-001
 7.5526011e-001
 7.5178945e-001
 7.4980062e-001
 7.5122011e-001
 7.4824095e-001
 7.4262005e-001
 7.3496741e-001
 7.2506350e-001
 6.9526213e-001
 6.4269167e-001
 6.6156852e-001
 5.9201914e-001
 5.2085561e-001
 5.0891358e-001
 5.4800361e-001
 5.8007103e-001
 5.9669328e-001
 6.0599983e-001
 6.1494589e-001
 6.2778270e-001
 6.3535905e-001
 6.4639181e-001
 6.5870804e-001
 6.7286873e-001
 6.8108368e-001
 6.9281954e-001
 6.9773102e-001
 7.0244879e-001
 7.0683742e-001
 7.0878017e-001
 7.1136558e-001
 7.1145004e-001
 7.1597087e-001
 7.2128940e-001
 7.2185493e-001
 7.2747439e-001
 7.2838277e-001
 7.2460437e-001
 7.2285646e-001
 7.2126371e-001
 7.2111243e-001
 7.1857780e-001
 7.1044493e-001
 7.1287233e-001
 7.1022791e-001
 7.0249563e-001
 7.0067084e-001
 7.0078582e-001
 6.9658589e-001
 6.8688768e-001
 6.6979581e-001
 6.4392942e-001
 6.1248261e-001
 5.8767790e-001
 6.1496931e-001
 6.4631039e-001
 6.3554972e-001
 6.3638175e-001
 6.3970709e-001
 6.3506293e-001
 6.2046659e-001
 6.0992771e-001
 6.0999060e-001
 6.0654634e-001
 5.9775585e-001
 5.8830404e-001
 5.7869864e-001
 5.6842577e-001
 5.5895668e-001
 5.4900670e-001
 5.4022932e-001
 5.3229195e-001
 5.2467573e-001
 5.1711541e-001
