s07_AV97 Record=1024: Diaspore HS416.3B            ASDFRb AREF
 1.6990063e-001
 1.8852954e-001
 2.0505844e-001
 2.2230680e-001
 2.3497090e-001
 2.4512187e-001
 2.5374061e-001
 2.6179180e-001
 2.6890108e-001
 2.7507520e-001
 2.8189713e-001
 2.8897473e-001
 2.9555202e-001
 3.0193260e-001
 3.0820897e-001
 3.1469777e-001
 3.2100597e-001
 3.2707071e-001
 3.3310017e-001
 3.3898154e-001
 3.4486982e-001
 3.5075137e-001
 3.5685420e-001
 3.6306208e-001
 3.6978209e-001
 3.7661541e-001
 3.8383961e-001
 3.9100963e-001
 3.9825332e-001
 4.0523863e-001
 4.1236150e-001
 4.1935760e-001
 4.1121286e-001
 4.1803962e-001
 4.2474574e-001
 4.3152586e-001
 4.3875507e-001
 4.4609934e-001
 4.5354024e-001
 4.6119681e-001
 4.6851042e-001
 4.7598118e-001
 4.8353633e-001
 4.9082544e-001
 4.9803233e-001
 5.0518483e-001
 5.1202333e-001
 5.1885879e-001
 5.2565002e-001
 5.3186196e-001
 5.3819340e-001
 5.4432899e-001
 5.5011594e-001
 5.5573815e-001
 5.6137896e-001
 5.6683910e-001
 5.7221609e-001
 5.7720399e-001
 5.8194548e-001
 5.8651900e-001
 5.9118748e-001
 5.9543407e-001
 5.9935910e-001
 6.0285956e-001
 6.0674971e-001
 6.1096734e-001
 6.1506808e-001
 6.1888421e-001
 6.2252879e-001
 6.2599671e-001
 6.3000399e-001
 6.3326842e-001
 6.3707358e-001
 6.3998997e-001
 6.4294297e-001
 6.4618552e-001
 6.4910823e-001
 6.5217888e-001
 6.5564334e-001
 6.5795791e-001
 6.6066194e-001
 6.6299993e-001
 6.6553891e-001
 6.6845608e-001
 6.7076409e-001
 6.7322707e-001
 6.7487657e-001
 6.7760408e-001
 6.7985344e-001
 6.8180132e-001
 6.8418550e-001
 6.8648332e-001
 6.8850237e-001
 6.9048619e-001
 6.9275177e-001
 6.9518483e-001
 6.9154859e-001
 6.9390184e-001
 6.9628060e-001
 6.9792110e-001
 6.9967890e-001
 7.0115399e-001
 7.0243359e-001
 7.0360792e-001
 7.0460290e-001
 7.0501149e-001
 7.0554209e-001
 7.0453697e-001
 7.0162261e-001
 6.9200283e-001
 6.7231536e-001
 6.5265524e-001
 6.5076017e-001
 6.6540056e-001
 6.7467040e-001
 6.7565852e-001
 6.7415243e-001
 6.7283970e-001
 6.7075628e-001
 6.6809440e-001
 6.6495198e-001
 6.6018385e-001
 6.5444636e-001
 6.4735705e-001
 6.3812596e-001
 6.2638992e-001
 6.1319959e-001
 5.9795386e-001
 5.8121866e-001
 5.6355280e-001
 5.4558718e-001
 5.2863586e-001
 5.1243079e-001
 4.9695495e-001
 4.8255116e-001
 4.6795139e-001
 4.5388672e-001
 4.3973249e-001
 4.2631128e-001
 4.1422084e-001
 4.0149257e-001
 3.8928115e-001
 3.7683976e-001
 3.6368012e-001
 3.5108545e-001
 3.3942461e-001
 3.2798707e-001
 3.1711596e-001
 3.0895928e-001
 3.0184209e-001
 2.9693639e-001
 2.9373449e-001
 2.9180333e-001
 2.9137251e-001
 2.9250765e-001
 2.9531384e-001
 2.9845518e-001
 3.0218136e-001
 3.0601886e-001
 3.0856684e-001
 3.0768609e-001
 3.0934587e-001
 3.0881378e-001
 3.0841926e-001
 3.0937013e-001
 3.1013310e-001
 3.0955204e-001
 3.0598071e-001
 3.0017886e-001
 2.9274222e-001
 2.8500494e-001
 2.7805245e-001
 2.7186590e-001
 2.6720935e-001
 2.6482305e-001
 2.6308787e-001
 2.6216230e-001
 2.6140136e-001
 2.6126054e-001
 2.6153806e-001
 2.6192361e-001
 2.6215804e-001
 2.6128304e-001
 2.6109636e-001
 2.6039308e-001
 2.6029649e-001
 2.5946164e-001
 2.5797778e-001
 2.5597659e-001
 2.5309139e-001
 2.5009650e-001
 2.4828433e-001
 2.4710661e-001
 2.4689785e-001
 2.4789669e-001
 2.4879187e-001
 2.4832359e-001
 2.4721129e-001
 2.4689376e-001
 2.4658637e-001
 2.4512212e-001
 2.4248250e-001
 2.4074118e-001
 2.3837700e-001
 2.3577088e-001
 2.3323339e-001
 2.2952595e-001
 2.2517964e-001
 2.2111177e-001
 2.1763265e-001
 2.1333948e-001
 2.0920755e-001
 2.0450328e-001
 2.0086761e-001
 1.9589086e-001
 1.9270098e-001
 1.8840089e-001
 1.8482913e-001
 1.8449701e-001
 1.8364058e-001
 1.8201715e-001
 1.7885658e-001
 1.8002610e-001
-1.2300000e+034
