s07_AV97 Record=1925: Lepidolite NMNH88526-1        BECKa AREF
 4.0363336e-001
 4.2076188e-001
 4.2784163e-001
 4.2589781e-001
 4.1711652e-001
 4.0472400e-001
 3.9633811e-001
 3.9333454e-001
 3.9290085e-001
 3.9444149e-001
 3.9889404e-001
 4.0222439e-001
 4.0397385e-001
 4.0183163e-001
 3.9482722e-001
 3.8516119e-001
 3.7692502e-001
 3.7238872e-001
 3.6861083e-001
 3.6723182e-001
 3.7016606e-001
 3.7666786e-001
 3.8902506e-001
 4.0557545e-001
 4.2500734e-001
 4.4606671e-001
 4.6767998e-001
 4.8657331e-001
 5.0129116e-001
 5.1083916e-001
 5.1627278e-001
 5.1709354e-001
 5.1579857e-001
 5.1730633e-001
 5.1572049e-001
 5.1359499e-001
 5.0784588e-001
 5.0292981e-001
 4.9891397e-001
 4.9479654e-001
 4.9125779e-001
 4.8776338e-001
 4.8531944e-001
 4.8398235e-001
 4.8253587e-001
 4.8188499e-001
 4.8152193e-001
 4.8182604e-001
 4.8235908e-001
 4.8408613e-001
 4.8599046e-001
 4.8631138e-001
 4.8597926e-001
 4.8690146e-001
 4.9098754e-001
 4.9518344e-001
 4.9804837e-001
 5.0097466e-001
 5.0457942e-001
 5.0657380e-001
 5.1387727e-001
 5.1718712e-001
 5.1955658e-001
 5.2139884e-001
 5.2844590e-001
 5.3683758e-001
 5.4202098e-001
 5.4831374e-001
 5.5335104e-001
 5.5781251e-001
 5.6494409e-001
 5.7087594e-001
 5.7693523e-001
 5.8337963e-001
 5.8834815e-001
 5.9452230e-001
 6.0087913e-001
 6.0600823e-001
 6.1164218e-001
 6.1709988e-001
 6.2407833e-001
 6.3007039e-001
 6.3620520e-001
 6.4051116e-001
 6.4647996e-001
 6.5086007e-001
 6.5635866e-001
 6.6323596e-001
 6.6641062e-001
 6.7162347e-001
 6.7572266e-001
 6.8038064e-001
 6.8337786e-001
 6.8672591e-001
 6.9406998e-001
 6.9821310e-001
 6.9023609e-001
 6.9598669e-001
 7.0051110e-001
 7.0310986e-001
 7.0438832e-001
 7.0464540e-001
 7.0606530e-001
 7.0775902e-001
 7.1150851e-001
 7.1667528e-001
 7.1999729e-001
 7.1473116e-001
 6.9189912e-001
 6.0112166e-001
 5.3967851e-001
 4.7360802e-001
 4.7508433e-001
 5.9817964e-001
 6.8446559e-001
 7.2986621e-001
 7.4583656e-001
 7.5353032e-001
 7.5912791e-001
 7.6474565e-001
 7.6934505e-001
 7.7236813e-001
 7.7560288e-001
 7.7936095e-001
 7.8151882e-001
 7.8484160e-001
 7.8719765e-001
 7.9044378e-001
 7.9059047e-001
 7.9312760e-001
 7.9529834e-001
 7.9587770e-001
 7.9734170e-001
 7.9882997e-001
 8.0038589e-001
 8.0252749e-001
 8.0361891e-001
 8.0340064e-001
 8.0425489e-001
 8.0545646e-001
 8.0661976e-001
 8.0738217e-001
 8.0818129e-001
 8.0639887e-001
 8.0788279e-001
 8.1014293e-001
 8.1001782e-001
 8.0534726e-001
 8.0631310e-001
 8.0798310e-001
 8.1156701e-001
 8.0888313e-001
 8.0460560e-001
 7.9975927e-001
 7.9298556e-001
 7.8997886e-001
 7.9154253e-001
 7.9050922e-001
 7.9098588e-001
 7.8685832e-001
 7.8917366e-001
 7.7952737e-001
 7.6451892e-001
 7.5342131e-001
 7.5505435e-001
 7.5857460e-001
 7.6094228e-001
 7.6163405e-001
 7.6160151e-001
 7.6060659e-001
 7.6078123e-001
 7.6352233e-001
 7.6451826e-001
 7.6582825e-001
 7.6433098e-001
 7.6101601e-001
 7.5976652e-001
 7.5752658e-001
 7.5403553e-001
 7.4284935e-001
 7.2684163e-001
 7.0760101e-001
 6.8646818e-001
 6.6958100e-001
 6.5806633e-001
 6.5609950e-001
 6.5299201e-001
 6.3453662e-001
 5.9860039e-001
 5.3346658e-001
 4.4006950e-001
 3.4475175e-001
 2.9200470e-001
 3.1184649e-001
 3.9141378e-001
 4.6889356e-001
 5.1739538e-001
 5.4518098e-001
 5.5753917e-001
 5.6348908e-001
 5.6235123e-001
 5.5086225e-001
 5.2674067e-001
 4.9345455e-001
 4.4776288e-001
 4.0625611e-001
 3.7354666e-001
 3.5466480e-001
 3.5575715e-001
 3.6738890e-001
 3.7417522e-001
 3.7039897e-001
 3.6688858e-001
 3.5444236e-001
 3.3531079e-001
 3.1808034e-001
 3.0717194e-001
 3.0533114e-001
 3.1018996e-001
 3.1948829e-001
 3.2993448e-001
 3.4026989e-001
 3.4959856e-001
 3.5718355e-001
