s07_AV97 Record=222: Alunite GDS84 Na03            BECKa AREF
 3.7889692e-001
 3.9548618e-001
 4.1590744e-001
 4.3642205e-001
 4.5472425e-001
 4.7208437e-001
 4.9256319e-001
 5.1662076e-001
 5.3663182e-001
 5.4638648e-001
 5.5220580e-001
 5.6002241e-001
 5.7145488e-001
 5.8818680e-001
 6.0769206e-001
 6.2860119e-001
 6.5107167e-001
 6.7348015e-001
 6.9464940e-001
 7.1353590e-001
 7.3134929e-001
 7.4722719e-001
 7.6207674e-001
 7.7285182e-001
 7.8124619e-001
 7.8886050e-001
 7.9650718e-001
 8.0222678e-001
 8.0812144e-001
 8.1420249e-001
 8.1930661e-001
 8.2419384e-001
 8.1852847e-001
 8.2310444e-001
 8.2870525e-001
 8.3431751e-001
 8.3794194e-001
 8.4258229e-001
 8.4659374e-001
 8.5072213e-001
 8.5271108e-001
 8.5530257e-001
 8.5764426e-001
 8.5751420e-001
 8.5741967e-001
 8.5767007e-001
 8.5948843e-001
 8.6016899e-001
 8.5994691e-001
 8.5896891e-001
 8.5817587e-001
 8.5696310e-001
 8.5595495e-001
 8.5341763e-001
 8.4960979e-001
 8.4726226e-001
 8.5095078e-001
 8.4821606e-001
 8.5051417e-001
 8.4940326e-001
 8.5268223e-001
 8.5048968e-001
 8.4734893e-001
 8.5105300e-001
 8.4732097e-001
 8.4419811e-001
 8.3609289e-001
 8.3332324e-001
 8.3307898e-001
 8.4248197e-001
 8.5594124e-001
 8.5948706e-001
 8.6218160e-001
 8.6417037e-001
 8.6379391e-001
 8.6477280e-001
 8.6605257e-001
 8.6664766e-001
 8.6766452e-001
 8.6733133e-001
 8.7021673e-001
 8.7224656e-001
 8.7285584e-001
 8.7208235e-001
 8.7152767e-001
 8.7030017e-001
 8.7221116e-001
 8.7107933e-001
 8.6707711e-001
 8.6142439e-001
 8.5537672e-001
 8.4584200e-001
 8.3905703e-001
 8.3218879e-001
 8.1371230e-001
 7.9510593e-001
 8.2538670e-001
 8.0168027e-001
 8.0346441e-001
 8.3096546e-001
 8.4864974e-001
 8.4965664e-001
 8.4563351e-001
 8.3334130e-001
 8.1853777e-001
 8.0982268e-001
 8.1043833e-001
 8.1547719e-001
 8.2001406e-001
 8.1186599e-001
 8.0178905e-001
 7.7403170e-001
 7.2523665e-001
 5.9315151e-001
 5.7969195e-001
 6.4348900e-001
 6.1347562e-001
 5.8648020e-001
 5.0945842e-001
 5.2257621e-001
 6.4253598e-001
 6.7418718e-001
 7.1153009e-001
 7.3083764e-001
 7.3473114e-001
 7.3971617e-001
 7.4101055e-001
 7.4174184e-001
 7.3792231e-001
 7.3644149e-001
 7.3570651e-001
 7.3409516e-001
 7.3296297e-001
 7.3252267e-001
 7.3087543e-001
 7.2756398e-001
 7.2606051e-001
 7.2131473e-001
 7.1128309e-001
 7.0405036e-001
 6.9842947e-001
 6.9232190e-001
 6.8302238e-001
 6.6318554e-001
 6.3256872e-001
 6.0287356e-001
 5.7507175e-001
 5.5156893e-001
 5.5721039e-001
 5.9008104e-001
 6.3932216e-001
 6.6988152e-001
 6.7573792e-001
 6.7675757e-001
 6.7541391e-001
 6.7070448e-001
 6.6569954e-001
 6.5835398e-001
 6.4825106e-001
 6.3481414e-001
 6.3960505e-001
 6.2273586e-001
 6.0390794e-001
 5.8406603e-001
 5.6376237e-001
 5.5348337e-001
 5.4811281e-001
 5.3877783e-001
 5.3227365e-001
 5.3210938e-001
 5.3236556e-001
 5.2516913e-001
 5.0820690e-001
 4.9481440e-001
 4.9259830e-001
 4.9455386e-001
 4.9112734e-001
 4.8137683e-001
 4.6920225e-001
 4.6599951e-001
 4.7060421e-001
 4.6813056e-001
 4.5129955e-001
 4.2446452e-001
 3.8169000e-001
 3.4061012e-001
 3.1575748e-001
 2.9673418e-001
 2.7554628e-001
 2.7736172e-001
 2.7990574e-001
 2.9560265e-001
 3.3952856e-001
 3.3468011e-001
 3.7727204e-001
 4.8483378e-001
 5.1739484e-001
 5.2482504e-001
 5.2593589e-001
 5.2424508e-001
 5.1930952e-001
 5.1138455e-001
 4.9172530e-001
 4.3024251e-001
 3.7088758e-001
 3.8816157e-001
 4.3258038e-001
 4.5755285e-001
 4.6431890e-001
 4.5214781e-001
 4.0545276e-001
 3.4281677e-001
 3.1477591e-001
 2.9805180e-001
 2.8209722e-001
 2.6856157e-001
 2.5976878e-001
 2.5758585e-001
 2.5879014e-001
 2.5863484e-001
 2.5320357e-001
 2.4367258e-001
 2.3222323e-001
 2.2129981e-001
