s07_AV97 Record=1084: Dolomite COD2005              BECKb AREF
 6.4329237e-001
 6.5707272e-001
 6.6970676e-001
 6.8111676e-001
 6.9093120e-001
 7.0045143e-001
 7.0867604e-001
 7.1782476e-001
 7.2722328e-001
 7.3367023e-001
 7.3968500e-001
 7.4587232e-001
 7.5179654e-001
 7.5821561e-001
 7.6504630e-001
 7.7293867e-001
 7.8113788e-001
 7.8922403e-001
 7.9659224e-001
 8.0374342e-001
 8.1059510e-001
 8.1746095e-001
 8.2245356e-001
 8.2604134e-001
 8.2885313e-001
 8.3182240e-001
 8.3410484e-001
 8.3629459e-001
 8.3903724e-001
 8.4167266e-001
 8.4449595e-001
 8.4608018e-001
 8.4434783e-001
 8.4563941e-001
 8.4761131e-001
 8.4922320e-001
 8.5056239e-001
 8.5189342e-001
 8.5370767e-001
 8.5502940e-001
 8.5606837e-001
 8.5811490e-001
 8.5852194e-001
 8.5888547e-001
 8.6051548e-001
 8.6005151e-001
 8.5945153e-001
 8.5952818e-001
 8.5941964e-001
 8.5722983e-001
 8.5619414e-001
 8.5609561e-001
 8.5485917e-001
 8.5023409e-001
 8.4794140e-001
 8.4845716e-001
 8.4537703e-001
 8.4189266e-001
 8.3843672e-001
 8.3867174e-001
 8.3453429e-001
 8.3170390e-001
 8.2760620e-001
 8.2700825e-001
 8.2576984e-001
 8.2314152e-001
 8.2181895e-001
 8.1978822e-001
 8.1791812e-001
 8.1691426e-001
 8.1747329e-001
 8.1655502e-001
 8.1722039e-001
 8.1806284e-001
 8.1805050e-001
 8.1961918e-001
 8.2098365e-001
 8.2218295e-001
 8.2345003e-001
 8.2425195e-001
 8.2488310e-001
 8.2603043e-001
 8.2666349e-001
 8.2925200e-001
 8.2725108e-001
 8.2887167e-001
 8.3012110e-001
 8.3136421e-001
 8.2884139e-001
 8.2981706e-001
 8.3002681e-001
 8.3075732e-001
 8.3119035e-001
 8.3149928e-001
 8.3185095e-001
 8.3204734e-001
 8.3174497e-001
 8.3169585e-001
 8.3301705e-001
 8.3263516e-001
 8.3409333e-001
 8.3509344e-001
 8.3565462e-001
 8.3686018e-001
 8.3941984e-001
 8.4016299e-001
 8.4155780e-001
 8.4333348e-001
 8.4389991e-001
 8.3826703e-001
 8.3548731e-001
 8.4473944e-001
 8.4847879e-001
 8.5119456e-001
 8.5342854e-001
 8.5530311e-001
 8.5870326e-001
 8.6120266e-001
 8.6386830e-001
 8.6347347e-001
 8.6638540e-001
 8.6937469e-001
 8.7234563e-001
 8.7376112e-001
 8.7485737e-001
 8.7484741e-001
 8.7733346e-001
 8.7939024e-001
 8.7897617e-001
 8.7956214e-001
 8.8153750e-001
 8.8389653e-001
 8.8467139e-001
 8.8530374e-001
 8.8578528e-001
 8.8430274e-001
 8.8644928e-001
 8.8661146e-001
 8.8468152e-001
 8.8285780e-001
 8.8421148e-001
 8.8601160e-001
 8.8514066e-001
 8.8175207e-001
 8.8352853e-001
 8.8569087e-001
 8.8649035e-001
 8.8569891e-001
 8.8755697e-001
 8.8642102e-001
 8.8627595e-001
 8.8271385e-001
 8.7742972e-001
 8.7282842e-001
 8.7019426e-001
 8.6595869e-001
 8.6020797e-001
 8.5452604e-001
 8.6428201e-001
 8.7269628e-001
 8.7158769e-001
 8.6981398e-001
 8.6273265e-001
 8.5837883e-001
 8.5412341e-001
 8.5005325e-001
 8.4755599e-001
 8.4554970e-001
 8.4511775e-001
 8.4312737e-001
 8.4045815e-001
 8.4370440e-001
 8.5531610e-001
 8.6460054e-001
 8.7116265e-001
 8.7662756e-001
 8.7881690e-001
 8.7866414e-001
 8.7898368e-001
 8.7895840e-001
 8.7785286e-001
 8.7227726e-001
 8.6692101e-001
 8.6662883e-001
 8.6919230e-001
 8.6064750e-001
 8.5447574e-001
 8.5527259e-001
 8.5885507e-001
 8.5723394e-001
 8.5378653e-001
 8.5076272e-001
 8.4118629e-001
 8.2737607e-001
 8.1764042e-001
 8.0322224e-001
 7.8403789e-001
 7.6012737e-001
 7.3238432e-001
 7.1236920e-001
 7.0380121e-001
 6.9507790e-001
 6.7659354e-001
 6.5860337e-001
 6.4585793e-001
 6.5663308e-001
 6.9856137e-001
 7.5540644e-001
 7.9891580e-001
 8.1745201e-001
 8.1228060e-001
 7.9811782e-001
 7.8768343e-001
 7.7595305e-001
 7.5831658e-001
 7.3305577e-001
 7.0439076e-001
 6.7761737e-001
 6.5608406e-001
 6.3413388e-001
 6.1366010e-001
 5.9507525e-001
 5.7899821e-001
 5.6729490e-001
