s07_AV97 Record=114: Albite HS324.2B Plagioclase  ASDFRc AREF
 7.8104323e-001
 7.8932071e-001
 7.9631120e-001
 8.0179161e-001
 8.0719042e-001
 8.1231993e-001
 8.1778562e-001
 8.2307345e-001
 8.2804185e-001
 8.3220917e-001
 8.3574748e-001
 8.3881688e-001
 8.4132510e-001
 8.4352326e-001
 8.4586984e-001
 8.4835684e-001
 8.5006940e-001
 8.5090548e-001
 8.5126066e-001
 8.5149652e-001
 8.5164201e-001
 8.5204190e-001
 8.5258681e-001
 8.5311294e-001
 8.5362154e-001
 8.5405719e-001
 8.5474759e-001
 8.5519093e-001
 8.5574055e-001
 8.5646534e-001
 8.5728306e-001
 8.5808861e-001
 8.5716283e-001
 8.5790753e-001
 8.5891765e-001
 8.6194956e-001
 8.6162472e-001
 8.6285174e-001
 8.6409646e-001
 8.6548132e-001
 8.6682910e-001
 8.6827826e-001
 8.6968642e-001
 8.7107706e-001
 8.7233222e-001
 8.7361819e-001
 8.7475193e-001
 8.7582022e-001
 8.7703049e-001
 8.7789875e-001
 8.7886035e-001
 8.7965912e-001
 8.8061708e-001
 8.8135105e-001
 8.8211149e-001
 8.8287282e-001
 8.8371831e-001
 8.8448215e-001
 8.8526899e-001
 8.8620406e-001
 8.8695627e-001
 8.8748741e-001
 8.8782793e-001
 8.8761288e-001
 8.8869905e-001
 8.9023232e-001
 8.9083987e-001
 8.9188051e-001
 8.9241529e-001
 8.9260215e-001
 8.9312488e-001
 8.9321178e-001
 8.9361376e-001
 8.9374876e-001
 8.9412123e-001
 8.9473349e-001
 8.9496356e-001
 8.9516860e-001
 8.9574909e-001
 8.9591700e-001
 8.9632064e-001
 8.9672869e-001
 8.9663708e-001
 8.9684880e-001
 8.9668554e-001
 8.9663792e-001
 8.9697170e-001
 8.9687932e-001
 8.9718336e-001
 8.9712131e-001
 8.9734709e-001
 8.9768320e-001
 8.9814615e-001
 8.9820099e-001
 8.9863914e-001
 8.9885002e-001
 8.9829850e-001
 8.9892274e-001
 8.9887458e-001
 8.9876026e-001
 8.9803344e-001
 8.9762563e-001
 8.9741045e-001
 8.9743191e-001
 8.9750051e-001
 8.9737725e-001
 8.9706308e-001
 8.9553505e-001
 8.9467841e-001
 8.9110482e-001
 8.7735707e-001
 8.5965103e-001
 8.6100733e-001
 8.8220096e-001
 8.9032716e-001
 8.9246041e-001
 8.9409834e-001
 8.9505553e-001
 8.9563960e-001
 8.9644796e-001
 8.9723647e-001
 8.9753211e-001
 8.9857745e-001
 8.9905649e-001
 8.9907187e-001
 9.0011513e-001
 9.0073121e-001
 9.0073168e-001
 9.0120137e-001
 9.0155631e-001
 9.0109551e-001
 9.0126103e-001
 9.0190035e-001
 9.0171045e-001
 9.0172791e-001
 9.0213740e-001
 9.0217555e-001
 9.0228629e-001
 9.0255255e-001
 9.0262032e-001
 9.0231514e-001
 9.0233821e-001
 9.0253681e-001
 9.0292031e-001
 9.0238011e-001
 9.0231955e-001
 9.0166485e-001
 9.0103573e-001
 9.0095192e-001
 9.0105098e-001
 9.0109801e-001
 9.0155381e-001
 9.0151083e-001
 9.0123254e-001
 9.0096599e-001
 9.0100116e-001
 9.0156960e-001
 9.0097547e-001
 8.9926624e-001
 8.9658374e-001
 8.9798898e-001
 8.9366001e-001
 8.8570899e-001
 8.7853569e-001
 8.7681043e-001
 8.7751043e-001
 8.7958699e-001
 8.8053513e-001
 8.8139445e-001
 8.8267255e-001
 8.8430250e-001
 8.8561666e-001
 8.8772571e-001
 8.9003825e-001
 8.9251077e-001
 8.9416981e-001
 8.9588565e-001
 8.9738280e-001
 8.9947057e-001
 9.0058547e-001
 9.0049446e-001
 9.0093923e-001
 8.9946884e-001
 8.9811736e-001
 8.9681500e-001
 8.9689654e-001
 8.9497846e-001
 8.9150035e-001
 8.8529104e-001
 8.7492973e-001
 8.5472918e-001
 8.3434933e-001
 8.3211356e-001
 8.4943676e-001
 8.6890423e-001
 8.7751269e-001
 8.8019204e-001
 8.8183141e-001
 8.8354599e-001
 8.8378286e-001
 8.8314939e-001
 8.8208050e-001
 8.7822157e-001
 8.7335187e-001
 8.6733270e-001
 8.6080009e-001
 8.5644859e-001
 8.5359848e-001
 8.5569888e-001
 8.5734189e-001
 8.5692275e-001
 8.5620546e-001
 8.5498017e-001
 8.4948254e-001
 8.4137547e-001
 8.3662504e-001
 8.3074999e-001
 8.3104604e-001
 8.3357221e-001
 8.3287388e-001
 8.3377397e-001
 8.3439118e-001
 8.3496237e-001
-1.2300000e+034
