s07_AV97 Record=2795: Quartz GDS74 Sand Ottawa     NIC4cb AREF
-1.2300000e+034
-1.2300000e+034
-1.2300000e+034
-1.2300000e+034
-1.2300000e+034
-1.2300000e+034
-1.2300000e+034
-1.2300000e+034
-1.2300000e+034
-1.2300000e+034
-1.2300000e+034
-1.2300000e+034
-1.2300000e+034
-1.2300000e+034
-1.2300000e+034
-1.2300000e+034
-1.2300000e+034
-1.2300000e+034
-1.2300000e+034
-1.2300000e+034
-1.2300000e+034
-1.2300000e+034
-1.2300000e+034
-1.2300000e+034
-1.2300000e+034
-1.2300000e+034
-1.2300000e+034
-1.2300000e+034
-1.2300000e+034
-1.2300000e+034
-1.2300000e+034
-1.2300000e+034
-1.2300000e+034
-1.2300000e+034
-1.2300000e+034
-1.2300000e+034
-1.2300000e+034
-1.2300000e+034
-1.2300000e+034
-1.2300000e+034
-1.2300000e+034
-1.2300000e+034
-1.2300000e+034
-1.2300000e+034
-1.2300000e+034
-1.2300000e+034
-1.2300000e+034
-1.2300000e+034
-1.2300000e+034
-1.2300000e+034
-1.2300000e+034
-1.2300000e+034
-1.2300000e+034
-1.2300000e+034
-1.2300000e+034
-1.2300000e+034
-1.2300000e+034
-1.2300000e+034
-1.2300000e+034
-1.2300000e+034
-1.2300000e+034
-1.2300000e+034
-1.2300000e+034
-1.2300000e+034
-1.2300000e+034
-1.2300000e+034
-1.2300000e+034
-1.2300000e+034
-1.2300000e+034
-1.2300000e+034
-1.2300000e+034
-1.2300000e+034
-1.2300000e+034
-1.2300000e+034
-1.2300000e+034
-1.2300000e+034
-1.2300000e+034
-1.2300000e+034
-1.2300000e+034
-1.2300000e+034
-1.2300000e+034
-1.2300000e+034
-1.2300000e+034
-1.2300000e+034
-1.2300000e+034
-1.2300000e+034
-1.2300000e+034
-1.2300000e+034
-1.2300000e+034
-1.2300000e+034
-1.2300000e+034
-1.2300000e+034
-1.2300000e+034
-1.2300000e+034
-1.2300000e+034
-1.2300000e+034
-1.2300000e+034
-1.2300000e+034
-1.2300000e+034
-1.2300000e+034
-1.2300000e+034
-1.2300000e+034
-1.2300000e+034
-1.2300000e+034
-1.2300000e+034
-1.2300000e+034
-1.2300000e+034
-1.2300000e+034
-1.2300000e+034
-1.2300000e+034
-1.2300000e+034
-1.2300000e+034
-1.2300000e+034
-1.2300000e+034
-1.2300000e+034
-1.2300000e+034
-1.2300000e+034
-1.2300000e+034
-1.2300000e+034
-1.2300000e+034
-1.2300000e+034
-1.2300000e+034
 4.1789770e-001
 4.1993624e-001
 4.2229575e-001
 4.2540866e-001
 4.2813018e-001
 4.3105873e-001
 4.3349263e-001
 4.3679187e-001
 4.4004616e-001
 4.4250250e-001
 4.4558844e-001
 4.4858333e-001
 4.5121944e-001
 4.5401135e-001
 4.5669767e-001
 4.5901492e-001
 4.6163681e-001
 4.6429953e-001
 4.6680126e-001
 4.6859398e-001
 4.7031432e-001
 4.7253335e-001
 4.7392887e-001
 4.7595233e-001
 4.7776070e-001
 4.7951403e-001
 4.8083398e-001
 4.8200157e-001
 4.8354164e-001
 4.8453289e-001
 4.8547107e-001
 4.8691618e-001
 4.8868886e-001
 4.8994601e-001
 4.9113744e-001
 4.9174619e-001
 4.9235958e-001
 4.9179450e-001
 4.9197644e-001
 4.9120438e-001
 4.8994496e-001
 4.8910469e-001
 4.8932096e-001
 4.8981443e-001
 4.9075750e-001
 4.9197948e-001
 4.9298283e-001
 4.9378145e-001
 4.9448225e-001
 4.9569792e-001
 4.9663204e-001
 4.9758610e-001
 4.9923939e-001
 5.0093317e-001
 5.0219852e-001
 5.0292641e-001
 5.0394404e-001
 5.0414139e-001
 5.0373942e-001
 5.0380260e-001
 5.0395030e-001
 5.0449824e-001
 5.0548422e-001
 5.0699067e-001
 5.0816506e-001
 5.0845110e-001
 5.0811827e-001
 5.0822377e-001
 5.0854182e-001
 5.0786257e-001
 5.0717324e-001
 5.0564212e-001
 5.0622565e-001
 5.0731546e-001
 5.0772715e-001
 5.0717872e-001
 5.0752455e-001
 5.0814331e-001
 5.0764263e-001
 5.0726461e-001
 5.0728029e-001
 5.0749803e-001
 5.0672632e-001
 5.0601232e-001
 5.0594652e-001
 5.0459498e-001
 5.0341904e-001
 5.0273490e-001
 5.0196028e-001
 5.0192970e-001
 5.0136894e-001
 5.0110346e-001
 5.0083405e-001
 5.0061315e-001
 4.9996743e-001
 4.9889892e-001
 4.9744597e-001
 4.9701843e-001
 4.9640551e-001
 4.9410921e-001
 4.9303302e-001
 4.9161586e-001
