s07_AV97 Record=1939: Lizardite NMNHR4687.a 280um   BECKa AREF
 2.9501906e-001
 3.1386250e-001
 3.2705125e-001
 3.4625006e-001
 3.4997696e-001
 3.4977669e-001
 3.4745318e-001
 3.4595034e-001
 3.5622120e-001
 3.6137152e-001
 3.8551766e-001
 4.2043036e-001
 4.3940854e-001
 4.5371723e-001
 4.7089708e-001
 4.8864055e-001
 5.0230312e-001
 5.1409292e-001
 5.2885842e-001
 5.3834581e-001
 5.4875016e-001
 5.5807722e-001
 5.6608522e-001
 5.7468486e-001
 5.7984221e-001
 5.8371162e-001
 5.8620799e-001
 5.8831519e-001
 5.8964044e-001
 5.9301752e-001
 5.9803230e-001
 6.0195667e-001
 5.9735757e-001
 6.0083026e-001
 6.0750020e-001
 6.1020982e-001
 6.1541551e-001
 6.2009156e-001
 6.2415814e-001
 6.2738472e-001
 6.2832880e-001
 6.3051122e-001
 6.3477558e-001
 6.3908762e-001
 6.4644802e-001
 6.5249789e-001
 6.5650880e-001
 6.5372831e-001
 6.5984130e-001
 6.5728551e-001
 6.5821820e-001
 6.5743095e-001
 6.4837503e-001
 6.4421213e-001
 6.5170181e-001
 6.3916153e-001
 6.4030200e-001
 6.3002056e-001
 6.3481832e-001
 6.2933010e-001
 6.2522012e-001
 6.2621140e-001
 6.1639702e-001
 6.1847222e-001
 6.1657774e-001
 6.2060869e-001
 6.1887521e-001
 6.1143011e-001
 6.1367470e-001
 6.1652464e-001
 6.1173403e-001
 6.1450875e-001
 6.0940784e-001
 6.0612369e-001
 6.0126656e-001
 6.0396272e-001
 6.0218614e-001
 6.0426205e-001
 6.0064805e-001
 5.9956515e-001
 6.0395521e-001
 5.9990239e-001
 6.0195994e-001
 6.0306489e-001
 6.0455543e-001
 6.0593605e-001
 6.1110222e-001
 6.0752553e-001
 6.1184722e-001
 6.1501545e-001
 6.1786896e-001
 6.2190622e-001
 6.2053978e-001
 6.2764686e-001
 6.2848777e-001
 6.2701201e-001
 6.2917578e-001
 6.2771714e-001
 6.2514096e-001
 6.2402469e-001
 6.3434380e-001
 6.4082253e-001
 6.4515984e-001
 6.4783555e-001
 6.4900094e-001
 6.4895344e-001
 6.2988478e-001
 6.2119389e-001
 6.0969484e-001
 4.8760727e-001
 4.5194703e-001
 5.1965535e-001
 6.1180282e-001
 6.1884981e-001
 6.2917376e-001
 6.4258128e-001
 6.5317655e-001
 6.6254109e-001
 6.6666746e-001
 6.6939032e-001
 6.7250484e-001
 6.7899358e-001
 6.8072939e-001
 6.8207461e-001
 6.8796664e-001
 6.9153917e-001
 6.9336832e-001
 6.9892907e-001
 7.0081204e-001
 7.0234656e-001
 7.0812416e-001
 7.0696884e-001
 7.0573032e-001
 7.1252823e-001
 7.1222007e-001
 7.1924549e-001
 7.2024071e-001
 7.1823585e-001
 7.1447623e-001
 7.1543247e-001
 7.1732587e-001
 7.1126854e-001
 7.1175754e-001
 7.1817148e-001
 7.1437258e-001
 7.0457464e-001
 7.0510870e-001
 7.0993829e-001
 7.0960873e-001
 7.0163965e-001
 7.0430261e-001
 6.9663590e-001
 6.8681931e-001
 6.8895948e-001
 6.9464242e-001
 6.8855464e-001
 6.7798746e-001
 6.7386353e-001
 6.6557240e-001
 6.3767457e-001
 6.4851296e-001
 6.1451048e-001
 5.8224481e-001
 5.4736388e-001
 5.2996993e-001
 5.3481299e-001
 5.3165448e-001
 5.2280718e-001
 5.1415277e-001
 5.0865978e-001
 5.0212306e-001
 5.0066131e-001
 5.1115483e-001
 5.1679426e-001
 5.2430481e-001
 5.3542441e-001
 5.4376394e-001
 5.7155097e-001
 5.9837818e-001
 6.0255945e-001
 5.7981265e-001
 5.5341923e-001
 5.3887606e-001
 5.2664512e-001
 5.2337933e-001
 5.1870894e-001
 5.2288246e-001
 5.5565071e-001
 5.6636482e-001
 5.7926810e-001
 5.8004063e-001
 5.8213478e-001
 5.7593477e-001
 5.6062096e-001
 5.4588795e-001
 5.0548214e-001
 4.5143005e-001
 3.9283890e-001
 3.3976164e-001
 3.0169082e-001
 2.8754929e-001
 2.7976179e-001
 2.3982352e-001
 1.9506015e-001
 1.7150533e-001
 1.5505344e-001
 1.8458837e-001
 2.4892409e-001
 2.9686016e-001
 2.7794483e-001
 2.4761386e-001
 2.4857520e-001
 2.4469289e-001
 2.3707241e-001
 2.3032317e-001
 2.2693993e-001
 2.2826795e-001
 2.3464996e-001
 2.4047406e-001
 2.3978706e-001
 2.2721602e-001
 2.0864911e-001
 1.9205733e-001
 1.8323499e-001
