s07_AV97 Record=2782: Pyrrhotite HS269.3B         NIC4ccu RREF
-1.2300000e+034
-1.2300000e+034
-1.2300000e+034
-1.2300000e+034
-1.2300000e+034
-1.2300000e+034
-1.2300000e+034
-1.2300000e+034
-1.2300000e+034
-1.2300000e+034
-1.2300000e+034
-1.2300000e+034
-1.2300000e+034
-1.2300000e+034
-1.2300000e+034
-1.2300000e+034
-1.2300000e+034
-1.2300000e+034
-1.2300000e+034
-1.2300000e+034
-1.2300000e+034
-1.2300000e+034
-1.2300000e+034
-1.2300000e+034
-1.2300000e+034
-1.2300000e+034
-1.2300000e+034
-1.2300000e+034
-1.2300000e+034
-1.2300000e+034
-1.2300000e+034
-1.2300000e+034
-1.2300000e+034
-1.2300000e+034
-1.2300000e+034
-1.2300000e+034
-1.2300000e+034
-1.2300000e+034
-1.2300000e+034
-1.2300000e+034
-1.2300000e+034
-1.2300000e+034
-1.2300000e+034
-1.2300000e+034
-1.2300000e+034
-1.2300000e+034
-1.2300000e+034
-1.2300000e+034
-1.2300000e+034
-1.2300000e+034
-1.2300000e+034
-1.2300000e+034
-1.2300000e+034
-1.2300000e+034
-1.2300000e+034
-1.2300000e+034
-1.2300000e+034
-1.2300000e+034
-1.2300000e+034
-1.2300000e+034
-1.2300000e+034
-1.2300000e+034
-1.2300000e+034
-1.2300000e+034
-1.2300000e+034
-1.2300000e+034
-1.2300000e+034
-1.2300000e+034
-1.2300000e+034
-1.2300000e+034
-1.2300000e+034
-1.2300000e+034
-1.2300000e+034
-1.2300000e+034
-1.2300000e+034
-1.2300000e+034
-1.2300000e+034
-1.2300000e+034
-1.2300000e+034
-1.2300000e+034
-1.2300000e+034
-1.2300000e+034
-1.2300000e+034
-1.2300000e+034
-1.2300000e+034
-1.2300000e+034
-1.2300000e+034
-1.2300000e+034
-1.2300000e+034
-1.2300000e+034
-1.2300000e+034
-1.2300000e+034
-1.2300000e+034
-1.2300000e+034
-1.2300000e+034
-1.2300000e+034
-1.2300000e+034
-1.2300000e+034
-1.2300000e+034
-1.2300000e+034
-1.2300000e+034
-1.2300000e+034
-1.2300000e+034
-1.2300000e+034
-1.2300000e+034
-1.2300000e+034
-1.2300000e+034
-1.2300000e+034
-1.2300000e+034
-1.2300000e+034
-1.2300000e+034
-1.2300000e+034
-1.2300000e+034
-1.2300000e+034
-1.2300000e+034
-1.2300000e+034
-1.2300000e+034
-1.2300000e+034
-1.2300000e+034
-1.2300000e+034
-1.2300000e+034
 8.3708093e-002
 8.4052823e-002
 8.4436558e-002
 8.4797151e-002
 8.5263945e-002
 8.5843869e-002
 8.6525291e-002
 8.7124214e-002
 8.7640010e-002
 8.8119663e-002
 8.8518776e-002
 8.9214623e-002
 8.9851968e-002
 9.0361446e-002
 9.0833813e-002
 9.1303885e-002
 9.1718480e-002
 9.2170209e-002
 9.2674099e-002
 9.3204997e-002
 9.3596645e-002
 9.3957990e-002
 9.4190516e-002
 9.4471671e-002
 9.4809055e-002
 9.5154323e-002
 9.5539890e-002
 9.5875300e-002
 9.6071109e-002
 9.6244313e-002
 9.6390873e-002
 9.6563898e-002
 9.6714363e-002
 9.7012818e-002
 9.7314276e-002
 9.7667277e-002
 9.7936139e-002
 9.7925559e-002
 9.7909600e-002
 9.7914696e-002
 9.7872823e-002
 9.7816415e-002
 9.7798504e-002
 9.8036818e-002
 9.8279908e-002
 9.8542497e-002
 9.8795123e-002
 9.8940574e-002
 9.8973870e-002
 9.9017426e-002
 9.9040687e-002
 9.9107362e-002
 9.9307626e-002
 9.9662974e-002
 1.0006930e-001
 1.0033336e-001
 1.0048014e-001
 1.0062804e-001
 1.0066281e-001
 1.0058042e-001
 1.0057031e-001
 1.0061347e-001
 1.0078395e-001
 1.0103288e-001
 1.0138313e-001
 1.0173233e-001
 1.0207399e-001
 1.0229522e-001
 1.0241742e-001
 1.0246521e-001
 1.0243942e-001
 1.0238402e-001
 1.0223642e-001
 1.0224814e-001
 1.0226411e-001
 1.0242221e-001
 1.0273257e-001
 1.0290027e-001
 1.0312229e-001
 1.0324023e-001
 1.0317336e-001
 1.0309912e-001
 1.0271400e-001
 1.0260748e-001
 1.0278135e-001
 1.0307064e-001
 1.0315934e-001
 1.0327244e-001
 1.0302225e-001
 1.0311509e-001
 1.0319164e-001
 1.0333582e-001
 1.0373022e-001
 1.0405252e-001
 1.0411339e-001
 1.0436258e-001
 1.0441200e-001
 1.0433350e-001
 1.0439932e-001
 1.0444411e-001
 1.0448834e-001
 1.0459350e-001
 1.0445219e-001
