s07_AV97 Record=3149: Syngenite GDS139              BECKa AREF
 6.7222106e-001
 6.8649197e-001
 6.9880152e-001
 7.0823717e-001
 7.1717453e-001
 7.2458982e-001
 7.3173702e-001
 7.3885906e-001
 7.4617064e-001
 7.5298434e-001
 7.5944227e-001
 7.6522529e-001
 7.6980186e-001
 7.7463681e-001
 7.7840984e-001
 7.8216493e-001
 7.8499341e-001
 7.8736514e-001
 7.8744519e-001
 7.8605419e-001
 7.8454787e-001
 7.8768814e-001
 7.8863436e-001
 7.8761113e-001
 7.8586048e-001
 7.8475684e-001
 7.8726643e-001
 7.9008704e-001
 7.9249138e-001
 7.9426932e-001
 7.9563576e-001
 7.9627520e-001
 7.9542696e-001
 7.9610056e-001
 7.9708385e-001
 7.9926586e-001
 8.0400336e-001
 8.0705166e-001
 8.0865157e-001
 8.1038129e-001
 8.1149459e-001
 8.1038290e-001
 8.1014985e-001
 8.1063998e-001
 8.0980951e-001
 8.0863076e-001
 8.0908179e-001
 8.0810761e-001
 8.0595845e-001
 8.0241591e-001
 8.0134255e-001
 8.0004561e-001
 7.9937345e-001
 7.9938769e-001
 7.9989690e-001
 8.0195779e-001
 8.0307502e-001
 7.9999369e-001
 8.0700147e-001
 8.0268419e-001
 8.0603957e-001
 8.0700809e-001
 8.0325782e-001
 8.0769873e-001
 8.0697405e-001
 8.0852610e-001
 8.0931383e-001
 8.1155795e-001
 8.1076396e-001
 8.0969393e-001
 8.1260061e-001
 8.1146348e-001
 8.1290495e-001
 8.1475931e-001
 8.1494141e-001
 8.1657547e-001
 8.1661826e-001
 8.1789786e-001
 8.1711674e-001
 8.1666768e-001
 8.1775331e-001
 8.1731689e-001
 8.1790048e-001
 8.1858474e-001
 8.1741381e-001
 8.1786627e-001
 8.1693113e-001
 8.1662822e-001
 8.1311727e-001
 8.1108415e-001
 8.0887169e-001
 8.0896974e-001
 8.0880201e-001
 8.0822539e-001
 8.0948472e-001
 8.0957258e-001
 8.0843496e-001
 8.0922914e-001
 8.1072915e-001
 8.1063938e-001
 8.1205046e-001
 8.1536090e-001
 8.1687713e-001
 8.1687313e-001
 8.1626242e-001
 8.1409645e-001
 8.1260794e-001
 8.0963463e-001
 8.0888087e-001
 8.0654389e-001
 8.0497706e-001
 8.0217439e-001
 8.0012947e-001
 7.9744595e-001
 7.9345244e-001
 7.9104787e-001
 7.8674358e-001
 7.7908719e-001
 7.6558322e-001
 7.4700779e-001
 7.2749454e-001
 7.1526366e-001
 7.1559399e-001
 7.1098930e-001
 7.0301300e-001
 6.9438720e-001
 6.8912125e-001
 6.8289715e-001
 6.7826599e-001
 6.7911202e-001
 6.8240786e-001
 6.9018227e-001
 6.9705582e-001
 7.0321596e-001
 7.1170509e-001
 7.1959031e-001
 7.2891581e-001
 7.3751682e-001
 7.4396402e-001
 7.5109541e-001
 7.5947225e-001
 7.6422340e-001
 7.6700366e-001
 7.6893747e-001
 7.7289730e-001
 7.7374071e-001
 7.7248842e-001
 7.6766831e-001
 7.5874609e-001
 7.5686747e-001
 7.6468974e-001
 7.7350312e-001
 7.7515697e-001
 7.7307266e-001
 7.7150083e-001
 7.6760596e-001
 7.6383877e-001
 7.6207078e-001
 7.5817525e-001
 7.4443775e-001
 7.5002003e-001
 7.2885442e-001
 6.9696230e-001
 6.5655130e-001
 6.1952424e-001
 5.8894902e-001
 5.5863798e-001
 5.2304435e-001
 4.7748709e-001
 4.2745247e-001
 3.8168526e-001
 3.4654069e-001
 3.4690690e-001
 4.0071738e-001
 4.6572295e-001
 5.0724238e-001
 5.2458799e-001
 5.1213402e-001
 4.8361579e-001
 4.4847715e-001
 4.1420269e-001
 4.1388649e-001
 4.6200380e-001
 5.1154327e-001
 5.5117702e-001
 5.9366947e-001
 6.2285239e-001
 6.3194191e-001
 6.2488043e-001
 6.0790145e-001
 5.8828121e-001
 5.7672340e-001
 5.8247024e-001
 6.0740352e-001
 6.3459754e-001
 6.5578336e-001
 6.6755736e-001
 6.7779201e-001
 6.8653065e-001
 6.8798542e-001
 6.8522364e-001
 6.8098670e-001
 6.7605585e-001
 6.6480142e-001
 6.5838379e-001
 6.4520502e-001
 6.4636636e-001
 6.5492076e-001
 6.6263092e-001
 6.6468906e-001
 6.5733558e-001
 6.4587033e-001
 6.2960589e-001
 5.8574098e-001
 5.3761673e-001
 5.2286190e-001
 5.3596985e-001
 5.6023425e-001
 5.8099121e-001
 5.9284168e-001
 5.8607918e-001
 5.6536245e-001
 5.3769833e-001
 5.0949639e-001
