s07_AV97 Record=1954: Maghemite GDS81 Syn (M-3)     BECKb AREF
 1.1067244e-002
 1.1292340e-002
 1.1731001e-002
 1.2423405e-002
 1.2680124e-002
 1.3436601e-002
 1.3899685e-002
 1.4682347e-002
 1.5329089e-002
 1.5909933e-002
 1.6990339e-002
 1.7839093e-002
 1.8802591e-002
 2.0755395e-002
 2.3309609e-002
 2.5901070e-002
 2.9491065e-002
 3.3475172e-002
 3.8496792e-002
 4.3933112e-002
 5.0832290e-002
 5.8866110e-002
 6.8476789e-002
 7.8996301e-002
 9.0149924e-002
 1.0094170e-001
 1.1117002e-001
 1.2035449e-001
 1.2938419e-001
 1.3832282e-001
 1.4868683e-001
 1.6064467e-001
 1.4692387e-001
 1.5814832e-001
 1.7110182e-001
 1.8416712e-001
 1.9721705e-001
 2.0990647e-001
 2.2160000e-001
 2.3194541e-001
 2.4065030e-001
 2.4696118e-001
 2.5204179e-001
 2.5544083e-001
 2.5728437e-001
 2.5870594e-001
 2.5980794e-001
 2.5920042e-001
 2.5925696e-001
 2.5803527e-001
 2.5510240e-001
 2.5560048e-001
 2.5302112e-001
 2.4995671e-001
 2.4850267e-001
 2.4560250e-001
 2.4485452e-001
 2.4567579e-001
 2.4135225e-001
 2.4059466e-001
 2.4057625e-001
 2.3872073e-001
 2.3677583e-001
 2.3899123e-001
 2.3707229e-001
 2.3902251e-001
 2.3846422e-001
 2.4082850e-001
 2.3904020e-001
 2.3951380e-001
 2.4179499e-001
 2.4145764e-001
 2.4348597e-001
 2.4473010e-001
 2.4458142e-001
 2.4562578e-001
 2.4767597e-001
 2.4892497e-001
 2.5047785e-001
 2.5138405e-001
 2.5226143e-001
 2.5231767e-001
 2.5405046e-001
 2.5505230e-001
 2.5534132e-001
 2.5531954e-001
 2.5596943e-001
 2.5698406e-001
 2.5695506e-001
 2.5773376e-001
 2.5784001e-001
 2.5811622e-001
 2.5827152e-001
 2.5795177e-001
 2.5814518e-001
 2.5855947e-001
 2.5812718e-001
 2.5849092e-001
 2.5807586e-001
 2.5782481e-001
 2.5720417e-001
 2.5651520e-001
 2.5650799e-001
 2.5581881e-001
 2.5538146e-001
 2.5485370e-001
 2.5409272e-001
 2.5398219e-001
 2.5356981e-001
 2.5307569e-001
 2.5268638e-001
 2.5176880e-001
 2.5057617e-001
 2.4952923e-001
 2.4960178e-001
 2.4873781e-001
 2.4842115e-001
 2.4886356e-001
 2.4800093e-001
 2.4821423e-001
 2.4719241e-001
 2.4766627e-001
 2.4813031e-001
 2.4922369e-001
 2.4963634e-001
 2.4900968e-001
 2.5023645e-001
 2.5025839e-001
 2.5076288e-001
 2.5156552e-001
 2.5107229e-001
 2.5162002e-001
 2.5163928e-001
 2.5215861e-001
 2.5207272e-001
 2.5317252e-001
 2.5391924e-001
 2.5400254e-001
 2.5436646e-001
 2.5564384e-001
 2.5656646e-001
 2.5917387e-001
 2.5876144e-001
 2.5797012e-001
 2.5879669e-001
 2.6128003e-001
 2.6122427e-001
 2.6133579e-001
 2.6174778e-001
 2.6338017e-001
 2.6640022e-001
 2.6567993e-001
 2.6551035e-001
 2.6595673e-001
 2.6812652e-001
 2.6830333e-001
 2.7009180e-001
 2.7028096e-001
 2.7197748e-001
 2.7043468e-001
 2.7162701e-001
 2.6868698e-001
 2.6833391e-001
 2.6736948e-001
 2.6568720e-001
 2.6404864e-001
 2.6562044e-001
 2.6698002e-001
 2.6843134e-001
 2.7155414e-001
 2.7313456e-001
 2.7423441e-001
 2.7661505e-001
 2.8043175e-001
 2.8346938e-001
 2.8443775e-001
 2.8616896e-001
 2.8861710e-001
 2.9191664e-001
 2.9431394e-001
 2.9413801e-001
 2.9862288e-001
 3.0100352e-001
 3.0007038e-001
 3.0157405e-001
 3.0234995e-001
 3.0725139e-001
 3.0881146e-001
 3.0939698e-001
 3.1138912e-001
 3.1218654e-001
 3.1307384e-001
 3.1432047e-001
 3.1501153e-001
 3.1549951e-001
 3.1749952e-001
 3.1743166e-001
 3.1786215e-001
 3.2483611e-001
 3.2206643e-001
 3.2096958e-001
 3.2469496e-001
 3.2619277e-001
 3.2705292e-001
 3.2747772e-001
 3.2951024e-001
 3.2695863e-001
 3.2805455e-001
 3.2694668e-001
 3.2636869e-001
 3.2523051e-001
 3.2395053e-001
 3.2377267e-001
 3.2358861e-001
 3.2302955e-001
 3.2233793e-001
 3.2204023e-001
 3.2262465e-001
 3.2356614e-001
 3.2428128e-001
 3.2411808e-001
 3.2349557e-001
 3.2302681e-001
 3.2307899e-001
