s07_AV97 Record=3506: Zoisite HS347.3B            NIC4bcc RREF
-1.2300000e+034
-1.2300000e+034
-1.2300000e+034
-1.2300000e+034
-1.2300000e+034
-1.2300000e+034
-1.2300000e+034
-1.2300000e+034
-1.2300000e+034
-1.2300000e+034
-1.2300000e+034
-1.2300000e+034
-1.2300000e+034
-1.2300000e+034
-1.2300000e+034
-1.2300000e+034
-1.2300000e+034
-1.2300000e+034
-1.2300000e+034
-1.2300000e+034
-1.2300000e+034
-1.2300000e+034
-1.2300000e+034
-1.2300000e+034
-1.2300000e+034
-1.2300000e+034
-1.2300000e+034
-1.2300000e+034
-1.2300000e+034
-1.2300000e+034
-1.2300000e+034
-1.2300000e+034
-1.2300000e+034
-1.2300000e+034
-1.2300000e+034
-1.2300000e+034
-1.2300000e+034
-1.2300000e+034
-1.2300000e+034
-1.2300000e+034
-1.2300000e+034
-1.2300000e+034
-1.2300000e+034
-1.2300000e+034
-1.2300000e+034
-1.2300000e+034
-1.2300000e+034
-1.2300000e+034
-1.2300000e+034
-1.2300000e+034
-1.2300000e+034
-1.2300000e+034
-1.2300000e+034
-1.2300000e+034
-1.2300000e+034
-1.2300000e+034
-1.2300000e+034
-1.2300000e+034
-1.2300000e+034
-1.2300000e+034
-1.2300000e+034
-1.2300000e+034
-1.2300000e+034
-1.2300000e+034
-1.2300000e+034
-1.2300000e+034
-1.2300000e+034
-1.2300000e+034
-1.2300000e+034
-1.2300000e+034
-1.2300000e+034
-1.2300000e+034
-1.2300000e+034
-1.2300000e+034
-1.2300000e+034
-1.2300000e+034
-1.2300000e+034
-1.2300000e+034
-1.2300000e+034
-1.2300000e+034
-1.2300000e+034
-1.2300000e+034
-1.2300000e+034
-1.2300000e+034
-1.2300000e+034
-1.2300000e+034
-1.2300000e+034
-1.2300000e+034
-1.2300000e+034
-1.2300000e+034
-1.2300000e+034
-1.2300000e+034
-1.2300000e+034
-1.2300000e+034
-1.2300000e+034
-1.2300000e+034
-1.2300000e+034
-1.2300000e+034
-1.2300000e+034
-1.2300000e+034
-1.2300000e+034
-1.2300000e+034
-1.2300000e+034
-1.2300000e+034
-1.2300000e+034
-1.2300000e+034
-1.2300000e+034
-1.2300000e+034
-1.2300000e+034
 6.2032235e-001
 6.0658771e-001
 6.0068226e-001
 5.9200555e-001
 5.8439356e-001
 5.7801020e-001
 5.7291698e-001
 5.6965405e-001
 5.6735468e-001
 5.6585109e-001
 5.6509984e-001
 5.6451750e-001
 5.6333923e-001
 5.6147450e-001
 5.5893594e-001
 5.5641514e-001
 5.5422634e-001
 5.5277002e-001
 5.5176246e-001
 5.5106139e-001
 5.5004603e-001
 5.4868698e-001
 5.4686797e-001
 5.4411060e-001
 5.4101306e-001
 5.3772616e-001
 5.3406942e-001
 5.3062737e-001
 5.3058702e-001
 5.3493148e-001
 5.3997719e-001
 5.4400688e-001
 5.4844958e-001
 5.5410469e-001
 5.6034946e-001
 5.6662583e-001
 5.7277662e-001
 5.7894963e-001
 5.8506924e-001
 5.9061998e-001
 5.9559453e-001
 5.9994543e-001
 6.0381222e-001
 6.0788441e-001
 6.1039668e-001
 6.0757446e-001
 6.0070437e-001
 6.0033554e-001
 6.0413229e-001
 6.0535717e-001
 6.0433042e-001
 6.0472560e-001
 6.0369283e-001
 6.0290837e-001
 6.0185063e-001
 6.0032076e-001
 5.9962726e-001
 6.0296726e-001
 6.0685289e-001
 6.0911959e-001
 6.1062652e-001
 6.1219442e-001
 6.1357820e-001
 6.1508179e-001
 6.1699128e-001
 6.1909229e-001
 6.2122804e-001
 6.2325174e-001
 6.2455171e-001
 6.2459272e-001
 6.2371010e-001
 6.2349445e-001
 6.2324625e-001
 6.2205034e-001
 6.2082916e-001
 6.1998379e-001
 6.1923695e-001
 6.1879259e-001
 6.1859763e-001
 6.1747915e-001
 6.1562186e-001
 6.1272043e-001
 6.0932666e-001
 6.0622525e-001
 6.0282230e-001
 5.9779853e-001
 5.8965820e-001
 5.7536942e-001
 5.5384904e-001
 5.4276836e-001
 5.4502946e-001
 5.3464383e-001
 5.0154287e-001
 4.7337940e-001
 4.8380533e-001
 4.8775369e-001
 4.7402143e-001
 4.5346457e-001
 4.3929672e-001
 4.4757769e-001
 4.7844791e-001
 5.0406760e-001
 5.1137650e-001
 5.0747043e-001
 4.9756989e-001
 4.8488533e-001
 4.7212255e-001
 4.5685408e-001
 4.3146196e-001
 3.9178014e-001
 3.5564816e-001
 3.6969623e-001
 4.1643727e-001
 4.5191741e-001
 4.7095010e-001
