s07_AV97 Record=622: Brucite HS247.1B             ASDFRc AREF
 5.7792735e-001
 6.0617095e-001
 6.3289011e-001
 6.5625966e-001
 6.7480469e-001
 6.8972927e-001
 7.0139259e-001
 7.1140856e-001
 7.1986431e-001
 7.2697979e-001
 7.3326391e-001
 7.3907191e-001
 7.4477053e-001
 7.5015903e-001
 7.5483644e-001
 7.5904447e-001
 7.6326895e-001
 7.6717055e-001
 7.7055258e-001
 7.7403849e-001
 7.7794313e-001
 7.8163475e-001
 7.8485280e-001
 7.8803176e-001
 7.9187220e-001
 7.9601330e-001
 7.9981434e-001
 8.0331802e-001
 8.0636132e-001
 8.0898422e-001
 8.1130636e-001
 8.1332386e-001
 8.1096369e-001
 8.1296206e-001
 8.1464761e-001
 8.1621110e-001
 8.1736386e-001
 8.1801814e-001
 8.1825209e-001
 8.1623209e-001
 8.1776905e-001
 8.1831360e-001
 8.1792474e-001
 8.1731647e-001
 8.1641752e-001
 8.1539154e-001
 8.1434840e-001
 8.1334901e-001
 8.1229460e-001
 8.1132865e-001
 8.1053460e-001
 8.0983227e-001
 8.0912811e-001
 8.0883265e-001
 8.0895835e-001
 8.0922973e-001
 8.0948097e-001
 8.0978853e-001
 8.0989581e-001
 8.0760872e-001
 8.0966008e-001
 8.0699927e-001
 7.9000455e-001
 7.9098475e-001
 8.0954897e-001
 8.1186050e-001
 8.1225944e-001
 8.1236273e-001
 8.1333083e-001
 8.1319058e-001
 8.1390309e-001
 8.1448597e-001
 8.1486529e-001
 8.1612015e-001
 8.1639808e-001
 8.1684881e-001
 8.1759167e-001
 8.1842566e-001
 8.1897438e-001
 8.1913102e-001
 8.1986564e-001
 8.1969088e-001
 8.2020569e-001
 8.1990731e-001
 8.1975913e-001
 8.1910110e-001
 8.1878823e-001
 8.1837225e-001
 8.1836015e-001
 8.1811357e-001
 8.1709075e-001
 8.1592894e-001
 8.1444401e-001
 8.1532812e-001
 8.1608558e-001
 8.1659859e-001
 8.1547177e-001
 8.1685746e-001
 8.1571108e-001
 8.0953372e-001
 7.9937577e-001
 7.9831749e-001
 8.0251312e-001
 8.0212009e-001
 7.9904324e-001
 7.9562628e-001
 7.8401476e-001
 7.4858010e-001
 7.5875640e-001
 7.2692478e-001
 6.2602597e-001
 6.6173184e-001
 7.6166612e-001
 7.7488983e-001
 7.7100468e-001
 7.7160794e-001
 7.7339637e-001
 7.7217901e-001
 7.7570903e-001
 7.7829623e-001
 7.7976495e-001
 7.8139460e-001
 7.8271741e-001
 7.8371638e-001
 7.8438365e-001
 7.8530002e-001
 7.8632134e-001
 7.8681868e-001
 7.8798407e-001
 7.8898752e-001
 7.8966993e-001
 7.8984553e-001
 7.8910184e-001
 7.8823763e-001
 7.8693140e-001
 7.8507060e-001
 7.8392923e-001
 7.8171343e-001
 7.7976835e-001
 7.7795422e-001
 7.7539122e-001
 7.7259183e-001
 7.7009189e-001
 7.6742655e-001
 7.6495904e-001
 7.6190501e-001
 7.5943327e-001
 7.5687665e-001
 7.5489229e-001
 7.5277114e-001
 7.5091058e-001
 7.4840832e-001
 7.4471968e-001
 7.4054676e-001
 7.3779535e-001
 7.3410869e-001
 7.3055524e-001
 7.2580862e-001
 7.1721816e-001
 7.0896471e-001
 7.1205258e-001
 7.0441771e-001
 6.9583499e-001
 6.8545830e-001
 6.7612481e-001
 6.7023051e-001
 6.6474855e-001
 6.6148996e-001
 6.5942109e-001
 6.5872049e-001
 6.5688962e-001
 6.5288031e-001
 6.4868850e-001
 6.4461708e-001
 6.4159453e-001
 6.4085644e-001
 6.4013278e-001
 6.3885176e-001
 6.3867033e-001
 6.3861221e-001
 6.3874161e-001
 6.3829070e-001
 6.3688236e-001
 6.3538319e-001
 6.3356942e-001
 6.3298619e-001
 6.3454956e-001
 6.3638800e-001
 6.3565481e-001
 6.2859774e-001
 6.1504072e-001
 6.0055012e-001
 5.8830595e-001
 5.8002937e-001
 5.6979710e-001
 5.5664670e-001
 5.4625320e-001
 5.3947943e-001
 5.3431040e-001
 5.3154290e-001
 5.2736717e-001
 5.1649040e-001
 4.9702585e-001
 4.7406545e-001
 4.5759568e-001
 4.6443540e-001
 4.9320850e-001
 5.2584994e-001
 5.4278702e-001
 5.4891092e-001
 5.5023539e-001
 5.4592699e-001
 5.3489292e-001
 5.0488812e-001
 4.4399244e-001
 3.8723236e-001
 3.4705886e-001
 3.1186748e-001
 2.7971271e-001
 2.4581154e-001
 2.0809561e-001
 2.2269085e-001
 2.5805217e-001
-1.2300000e+034
