s07_AV97 Record=4098: Nontronite+others CU00-13A   ASDFRb AREF
 9.1476381e-002
 1.0050526e-001
 1.1587267e-001
 1.3529605e-001
 1.5336697e-001
 1.6538891e-001
 1.7002818e-001
 1.7069556e-001
 1.7026281e-001
 1.9135481e-001
 2.1323431e-001
 2.2411776e-001
 2.3173207e-001
 2.3892505e-001
 2.4634764e-001
 2.5399503e-001
 2.6166642e-001
 2.6904166e-001
 2.7583334e-001
 2.8117669e-001
 2.8634191e-001
 2.9051176e-001
 2.9350433e-001
 2.9566693e-001
 2.9753891e-001
 2.9923901e-001
 3.0086213e-001
 3.0269814e-001
 3.0463335e-001
 3.0669323e-001
 3.0889013e-001
 3.1120682e-001
 3.0852550e-001
 3.1075376e-001
 3.1306556e-001
 3.1542280e-001
 3.1776333e-001
 3.2002941e-001
 3.2211089e-001
 3.2393834e-001
 3.2541171e-001
 3.2657734e-001
 3.2737979e-001
 3.2767251e-001
 3.2750350e-001
 3.2688251e-001
 3.2586503e-001
 3.2460785e-001
 3.2308730e-001
 3.2130384e-001
 3.1931686e-001
 3.1724173e-001
 3.1513757e-001
 3.1299290e-001
 3.1095093e-001
 3.0898416e-001
 3.0708781e-001
 3.0538881e-001
 3.0383804e-001
 3.0246547e-001
 3.0122194e-001
 3.0015358e-001
 2.9915571e-001
 2.9819649e-001
 2.9746541e-001
 2.9690889e-001
 2.9669702e-001
 2.9670048e-001
 2.9668206e-001
 2.9665691e-001
 2.9639712e-001
 2.9650789e-001
 2.9665047e-001
 2.9680350e-001
 2.9696035e-001
 2.9693753e-001
 2.9713628e-001
 2.9738978e-001
 2.9747981e-001
 2.9768312e-001
 2.9782298e-001
 2.9777077e-001
 2.9742441e-001
 2.9701748e-001
 2.9688695e-001
 2.9707071e-001
 2.9697111e-001
 2.9689661e-001
 2.9687345e-001
 2.9679775e-001
 2.9681170e-001
 2.9683131e-001
 2.9684681e-001
 2.9679298e-001
 2.9682165e-001
 2.9682457e-001
 2.9678300e-001
 2.9682231e-001
 2.9682395e-001
 2.9673666e-001
 2.9653764e-001
 2.9632983e-001
 2.9589820e-001
 2.9527891e-001
 2.9502261e-001
 2.9466289e-001
 2.9440743e-001
 2.9408002e-001
 2.9268095e-001
 2.8945732e-001
 2.8276172e-001
 2.7263927e-001
 2.6363406e-001
 2.6025259e-001
 2.5948897e-001
 2.6548073e-001
 2.7363017e-001
 2.7775741e-001
 2.8049770e-001
 2.8379965e-001
 2.8661513e-001
 2.8896168e-001
 2.9097199e-001
 2.9275140e-001
 2.9430318e-001
 2.9559281e-001
 2.9676124e-001
 2.9790902e-001
 2.9895356e-001
 2.9991433e-001
 3.0074209e-001
 3.0155227e-001
 3.0230784e-001
 3.0307174e-001
 3.0385485e-001
 3.0457857e-001
 3.0529335e-001
 3.0596209e-001
 3.0654758e-001
 3.0710885e-001
 3.0766594e-001
 3.0816180e-001
 3.0854434e-001
 3.0859545e-001
 3.0863458e-001
 3.0838880e-001
 3.0812943e-001
 3.0806297e-001
 3.0781060e-001
 3.0782938e-001
 3.0789280e-001
 3.0808973e-001
 3.0843163e-001
 3.0876932e-001
 3.0903685e-001
 3.0865675e-001
 3.0707684e-001
 3.0319932e-001
 2.9407144e-001
 2.7487725e-001
 2.8392449e-001
 2.5743586e-001
 2.2014564e-001
 1.9479281e-001
 1.9647810e-001
 2.0816123e-001
 2.1908924e-001
 2.2593036e-001
 2.3149371e-001
 2.3692603e-001
 2.4292091e-001
 2.4944338e-001
 2.5629291e-001
 2.6299524e-001
 2.6931959e-001
 2.7488339e-001
 2.7942571e-001
 2.8344855e-001
 2.8678653e-001
 2.8973076e-001
 2.9215398e-001
 2.9425055e-001
 2.9593173e-001
 2.9730049e-001
 2.9833305e-001
 2.9906395e-001
 2.9962972e-001
 2.9988784e-001
 2.9974380e-001
 2.9878512e-001
 2.9694736e-001
 2.9400560e-001
 2.9062811e-001
 2.8687698e-001
 2.8390628e-001
 2.7971470e-001
 2.7478409e-001
 2.7274320e-001
 2.7150023e-001
 2.6160899e-001
 2.3846945e-001
 2.2110014e-001
 2.2491458e-001
 2.4207118e-001
 2.5663126e-001
 2.6054332e-001
 2.5769961e-001
 2.5205463e-001
 2.4419187e-001
 2.3489404e-001
 2.2470115e-001
 2.1561190e-001
 2.0986541e-001
 2.0643115e-001
 2.0488881e-001
 2.0319301e-001
 1.9977070e-001
 1.9614401e-001
 1.9146784e-001
 1.8740211e-001
 1.8134321e-001
 1.7919637e-001
 1.7240958e-001
-1.2300000e+034
