s07_AV97 Record=1266: Gibbsite HS423.3B             BECKb AREF
 3.3914322e-001
 3.4765270e-001
 3.5741484e-001
 3.6672983e-001
 3.7612808e-001
 3.8650116e-001
 3.9811361e-001
 4.1095483e-001
 4.2370206e-001
 4.3439946e-001
 4.4090474e-001
 4.4814098e-001
 4.5540264e-001
 4.6570238e-001
 4.7482029e-001
 4.8721769e-001
 4.9924177e-001
 5.1250058e-001
 5.2675575e-001
 5.4104555e-001
 5.5609989e-001
 5.6991136e-001
 5.8003962e-001
 5.9036160e-001
 5.9569007e-001
 6.0166782e-001
 6.0563153e-001
 6.0955012e-001
 6.1464566e-001
 6.1904126e-001
 6.2499285e-001
 6.3150370e-001
 6.2388951e-001
 6.3051331e-001
 6.3374054e-001
 6.4031792e-001
 6.4299250e-001
 6.4790386e-001
 6.5093958e-001
 6.5602356e-001
 6.5934867e-001
 6.6367716e-001
 6.6509539e-001
 6.6882169e-001
 6.7234623e-001
 6.7592251e-001
 6.7619741e-001
 6.7841196e-001
 6.8170989e-001
 6.8152648e-001
 6.8259794e-001
 6.8787581e-001
 6.8309546e-001
 6.7941523e-001
 6.8342078e-001
 6.8478686e-001
 6.8305093e-001
 6.8371063e-001
 6.8547589e-001
 6.8585670e-001
 6.8436056e-001
 6.8066561e-001
 6.8356740e-001
 6.7760938e-001
 6.7396230e-001
 6.7379421e-001
 6.7036331e-001
 6.7020911e-001
 6.8821186e-001
 6.9544774e-001
 7.0358425e-001
 7.0591533e-001
 7.0754528e-001
 7.1359289e-001
 7.1392083e-001
 7.1283114e-001
 7.1678281e-001
 7.1970820e-001
 7.2036713e-001
 7.2273558e-001
 7.2129130e-001
 7.2325790e-001
 7.2496170e-001
 7.2503906e-001
 7.2382104e-001
 7.2600776e-001
 7.2680306e-001
 7.2700316e-001
 7.2885603e-001
 7.2837770e-001
 7.2567636e-001
 7.2015899e-001
 7.1191776e-001
 6.9651479e-001
 6.7855597e-001
 6.5518826e-001
 6.8800884e-001
 6.6698021e-001
 6.4990884e-001
 6.4765984e-001
 6.4133084e-001
 6.2880105e-001
 6.2398070e-001
 6.2379855e-001
 6.2878567e-001
 6.2997520e-001
 6.2855059e-001
 6.1060530e-001
 5.8365351e-001
 5.2647799e-001
 4.1734716e-001
 3.5924429e-001
 3.0662745e-001
 2.8169322e-001
 2.5676310e-001
 2.3624516e-001
 2.2379827e-001
 2.6328385e-001
 3.4323931e-001
 3.8766500e-001
 4.0028837e-001
 3.9177039e-001
 3.7411407e-001
 3.5333061e-001
 3.5031298e-001
 3.4113166e-001
 3.4238619e-001
 3.6831522e-001
 3.9103073e-001
 4.0808457e-001
 4.3670410e-001
 4.5756719e-001
 4.7660777e-001
 4.8973513e-001
 4.9988750e-001
 5.0382501e-001
 5.1148307e-001
 5.1819766e-001
 5.2273864e-001
 5.2374369e-001
 5.2180338e-001
 5.2443361e-001
 5.2718228e-001
 5.2498734e-001
 5.2055418e-001
 5.1665682e-001
 5.1321673e-001
 5.0379670e-001
 4.9116182e-001
 4.7547588e-001
 4.6055555e-001
 4.5231187e-001
 4.3876508e-001
 4.2598638e-001
 4.2294043e-001
 4.1885588e-001
 4.0921360e-001
 4.0624449e-001
 4.0091878e-001
 3.8548937e-001
 3.9082408e-001
 3.7958142e-001
 3.6347923e-001
 3.3403960e-001
 3.2158378e-001
 3.1351221e-001
 3.0869171e-001
 3.0468366e-001
 3.0245328e-001
 2.9971117e-001
 2.9844642e-001
 2.9819509e-001
 2.9726142e-001
 2.9571703e-001
 2.9105890e-001
 2.9203311e-001
 2.8749034e-001
 2.9131347e-001
 2.9026559e-001
 2.8366566e-001
 2.8170043e-001
 2.8057918e-001
 2.7894554e-001
 2.7838719e-001
 2.6875597e-001
 2.5429726e-001
 2.4230959e-001
 2.3034020e-001
 2.1322528e-001
 1.7300215e-001
 1.5631211e-001
 1.4430049e-001
 1.2807475e-001
 1.1387856e-001
 1.0541240e-001
 9.4123200e-002
 8.0485947e-002
 6.2940374e-002
 5.1802572e-002
 4.5767378e-002
 4.7253929e-002
 5.7060033e-002
 6.6906974e-002
 6.6544615e-002
 6.6496499e-002
 7.3048666e-002
 7.5509898e-002
 7.5079292e-002
 6.7339577e-002
 6.9698960e-002
 7.4585557e-002
 7.3387414e-002
 7.1244605e-002
 7.2781451e-002
 7.5935699e-002
 7.6758161e-002
 7.6608099e-002
 7.7888422e-002
 7.9679221e-002
 8.0288172e-002
 7.8100167e-002
 7.4455962e-002
 7.1243949e-002
 6.9679439e-002
