s07_AV97 Record=1097: Dolomite HS102.4B            ASDNGb AREF
 5.7276797e-001
 5.8003461e-001
 5.8479416e-001
 5.8850694e-001
 5.9116322e-001
 5.9315515e-001
 5.9502238e-001
 5.9663540e-001
 5.9800351e-001
 5.9916914e-001
 6.0025036e-001
 6.0135955e-001
 6.0245210e-001
 6.0353667e-001
 6.0451370e-001
 6.0539579e-001
 6.0625225e-001
 6.0697770e-001
 6.0754311e-001
 6.0788286e-001
 6.0814935e-001
 6.0827595e-001
 6.0833508e-001
 6.0843909e-001
 6.0847449e-001
 6.0845035e-001
 6.0838121e-001
 6.0845757e-001
 6.0832947e-001
 6.0824150e-001
 6.0817826e-001
 6.0806328e-001
 6.0819137e-001
 6.0809153e-001
 6.0795665e-001
 6.0785127e-001
 6.0771024e-001
 6.0749799e-001
 6.0732478e-001
 6.0701418e-001
 6.0677618e-001
 6.0640925e-001
 6.0599822e-001
 6.0554069e-001
 6.0508597e-001
 6.0450715e-001
 6.0381287e-001
 6.0314059e-001
 6.0233527e-001
 6.0134941e-001
 6.0027194e-001
 5.9916621e-001
 5.9788483e-001
 5.9653342e-001
 5.9509319e-001
 5.9352446e-001
 5.9192759e-001
 5.9019768e-001
 5.8837074e-001
 5.8646148e-001
 5.8450514e-001
 5.8257920e-001
 5.8065397e-001
 5.7886142e-001
 5.7712376e-001
 5.7556760e-001
 5.7415408e-001
 5.7294589e-001
 5.7204604e-001
 5.7130253e-001
 5.7068783e-001
 5.7030457e-001
 5.7029837e-001
 5.7036340e-001
 5.7070303e-001
 5.7103592e-001
 5.7141489e-001
 5.7184613e-001
 5.7220095e-001
 5.7270461e-001
 5.7303888e-001
 5.7331330e-001
 5.7334304e-001
 5.7349992e-001
 5.7326770e-001
 5.7318360e-001
 5.7303983e-001
 5.7284129e-001
 5.7263279e-001
 5.7230812e-001
 5.7200032e-001
 5.7193333e-001
 5.7175279e-001
 5.7177693e-001
 5.7160753e-001
 5.7156062e-001
 5.7171929e-001
 5.7156539e-001
 5.7157779e-001
 5.7168651e-001
 5.7193404e-001
 5.7210273e-001
 5.7238531e-001
 5.7283545e-001
 5.7328838e-001
 5.7365394e-001
 5.7426435e-001
 5.7492363e-001
 5.7494938e-001
 5.7548493e-001
 5.7554173e-001
 5.7538301e-001
 5.7544577e-001
 5.7632321e-001
 5.7730395e-001
 5.7813346e-001
 5.7897133e-001
 5.7972127e-001
 5.8058679e-001
 5.8159739e-001
 5.8265048e-001
 5.8324349e-001
 5.8384103e-001
 5.8435595e-001
 5.8474880e-001
 5.8493155e-001
 5.8494085e-001
 5.8562309e-001
 5.8632058e-001
 5.8675098e-001
 5.8687139e-001
 5.8690059e-001
 5.8677816e-001
 5.8652449e-001
 5.8623326e-001
 5.8621252e-001
 5.8638126e-001
 5.8629441e-001
 5.8603418e-001
 5.8535540e-001
 5.8484316e-001
 5.8415937e-001
 5.8344942e-001
 5.8304799e-001
 5.8236843e-001
 5.8180720e-001
 5.8265722e-001
 5.8382368e-001
 5.8359480e-001
 5.8273113e-001
 5.8161145e-001
 5.7959586e-001
 5.7708830e-001
 5.7399911e-001
 5.7132787e-001
 5.6691748e-001
 5.6035990e-001
 5.5690980e-001
 5.6690341e-001
 5.7489371e-001
 5.7330155e-001
 5.7451063e-001
 5.7007647e-001
 5.6558955e-001
 5.6240064e-001
 5.5962676e-001
 5.5629402e-001
 5.5418938e-001
 5.5159837e-001
 5.4694223e-001
 5.4314846e-001
 5.4856682e-001
 5.5974597e-001
 5.6751686e-001
 5.7146794e-001
 5.7362056e-001
 5.7490689e-001
 5.7601607e-001
 5.7597631e-001
 5.7478875e-001
 5.7322371e-001
 5.7126123e-001
 5.6871831e-001
 5.6551534e-001
 5.5979061e-001
 5.5253208e-001
 5.4808694e-001
 5.4959583e-001
 5.5380839e-001
 5.5488855e-001
 5.5256093e-001
 5.4641724e-001
 5.3623188e-001
 5.2362573e-001
 5.1059681e-001
 4.9787888e-001
 4.7878090e-001
 4.5095965e-001
 4.1804725e-001
 3.9254153e-001
 3.8095686e-001
 3.6852679e-001
 3.5009348e-001
 3.3305421e-001
 3.2116014e-001
 3.3106443e-001
 3.8296121e-001
 4.5668840e-001
 5.0769585e-001
 5.1989210e-001
 5.1127911e-001
 4.9973038e-001
 4.8705372e-001
 4.7273114e-001
 4.5212868e-001
 4.1641754e-001
 3.7938398e-001
 3.3869562e-001
 3.0967295e-001
 2.9630584e-001
 2.8738692e-001
 2.6494890e-001
 2.4271761e-001
-1.2300000e+034
