s07_AV97 Record=2437: Olivine HS420.1B             ASDFRc AREF
 4.6301332e-001
 4.7662181e-001
 4.8679182e-001
 4.9688688e-001
 5.0582188e-001
 5.1375282e-001
 5.2113879e-001
 5.2818954e-001
 5.3467882e-001
 5.4060292e-001
 5.4615128e-001
 5.5168974e-001
 5.5724025e-001
 5.6374145e-001
 5.7177925e-001
 5.8009267e-001
 5.8829933e-001
 5.9539783e-001
 6.0068232e-001
 6.0420913e-001
 6.0678637e-001
 6.0948038e-001
 6.1217827e-001
 6.1497146e-001
 6.1851215e-001
 6.2240773e-001
 6.2623572e-001
 6.2931234e-001
 6.3026792e-001
 6.3003653e-001
 6.3044727e-001
 6.3107365e-001
 6.3033932e-001
 6.3096339e-001
 6.3143981e-001
 6.3169396e-001
 6.3206458e-001
 6.3283211e-001
 6.3346636e-001
 6.3384843e-001
 6.3383013e-001
 6.3342983e-001
 6.3253099e-001
 6.3127011e-001
 6.2981480e-001
 6.2823242e-001
 6.2653708e-001
 6.2518668e-001
 6.2347716e-001
 6.2192446e-001
 6.2041336e-001
 6.1897826e-001
 6.1757839e-001
 6.1606026e-001
 6.1477751e-001
 6.1331165e-001
 6.1160016e-001
 6.0964406e-001
 6.0780478e-001
 6.0557115e-001
 6.0282654e-001
 5.9980690e-001
 5.9632283e-001
 5.9281212e-001
 5.8902347e-001
 5.8558434e-001
 5.8227682e-001
 5.7915711e-001
 5.7687235e-001
 5.7443482e-001
 5.7218212e-001
 5.7082915e-001
 5.7074732e-001
 5.7198745e-001
 5.7339698e-001
 5.7644445e-001
 5.7956976e-001
 5.8387941e-001
 5.8826858e-001
 5.9235370e-001
 5.9648508e-001
 5.9973204e-001
 6.0234541e-001
 6.0557324e-001
 6.0837185e-001
 6.1032444e-001
 6.1183274e-001
 6.1353755e-001
 6.1481279e-001
 6.1625493e-001
 6.1762679e-001
 6.1927998e-001
 6.2089807e-001
 6.2324321e-001
 6.2485653e-001
 6.2703365e-001
 6.2394792e-001
 6.2607276e-001
 6.2818909e-001
 6.3040310e-001
 6.3263118e-001
 6.3545871e-001
 6.3837403e-001
 6.4085937e-001
 6.4459342e-001
 6.4794654e-001
 6.5091634e-001
 6.5404046e-001
 6.5785301e-001
 6.6023451e-001
 6.6408056e-001
 6.6778791e-001
 6.7109191e-001
 6.7395735e-001
 6.7717850e-001
 6.7994267e-001
 6.8220252e-001
 6.8454754e-001
 6.8661988e-001
 6.8897539e-001
 6.9052434e-001
 6.9151860e-001
 6.9182402e-001
 6.9205487e-001
 6.9244945e-001
 6.9337964e-001
 6.9344586e-001
 6.9208992e-001
 6.9142026e-001
 6.9023764e-001
 6.8900687e-001
 6.8711960e-001
 6.8585044e-001
 6.8345958e-001
 6.8132263e-001
 6.7895651e-001
 6.7610437e-001
 6.7365861e-001
 6.7108798e-001
 6.6784209e-001
 6.6472840e-001
 6.6196471e-001
 6.5861690e-001
 6.5535790e-001
 6.5205401e-001
 6.4819205e-001
 6.4552724e-001
 6.4254147e-001
 6.3949603e-001
 6.3688970e-001
 6.3391614e-001
 6.3106364e-001
 6.2733936e-001
 6.2486577e-001
 6.2186545e-001
 6.1923480e-001
 6.1648744e-001
 6.1345136e-001
 6.1113042e-001
 6.0832447e-001
 6.0940194e-001
 6.0640186e-001
 6.0411662e-001
 6.0135049e-001
 5.9942484e-001
 5.9796447e-001
 5.9653682e-001
 5.9339935e-001
 5.9223658e-001
 5.9145933e-001
 5.9009761e-001
 5.8897012e-001
 5.8778793e-001
 5.8724731e-001
 5.8605367e-001
 5.8565396e-001
 5.8574003e-001
 5.8719832e-001
 5.8731204e-001
 5.8715916e-001
 5.8767229e-001
 5.8715922e-001
 5.8712441e-001
 5.8687216e-001
 5.8679223e-001
 5.8567184e-001
 5.8508152e-001
 5.8417386e-001
 5.8473432e-001
 5.8454955e-001
 5.8347648e-001
 5.8350766e-001
 5.8286345e-001
 5.8244830e-001
 5.8227271e-001
 5.8154076e-001
 5.8112884e-001
 5.8184654e-001
 5.8193707e-001
 5.8058655e-001
 5.8067060e-001
 5.7994735e-001
 5.8014703e-001
 5.8080018e-001
 5.8120793e-001
 5.8126545e-001
 5.8367074e-001
 5.8446705e-001
 5.8499533e-001
 5.8518654e-001
 5.8680159e-001
 5.8607376e-001
 5.8615601e-001
 5.8685714e-001
 5.8606476e-001
 5.8632213e-001
 5.8770412e-001
 5.8888572e-001
 5.8688438e-001
 5.8590835e-001
 5.8461338e-001
 5.8505404e-001
 5.8944815e-001
-1.2300000e+034
