s07_AV97 Record=555: Beidellite GDS124           NIC4bbb RREF
-1.2300000e+034
-1.2300000e+034
-1.2300000e+034
-1.2300000e+034
-1.2300000e+034
-1.2300000e+034
-1.2300000e+034
-1.2300000e+034
-1.2300000e+034
-1.2300000e+034
-1.2300000e+034
-1.2300000e+034
-1.2300000e+034
-1.2300000e+034
-1.2300000e+034
-1.2300000e+034
-1.2300000e+034
-1.2300000e+034
-1.2300000e+034
-1.2300000e+034
-1.2300000e+034
-1.2300000e+034
-1.2300000e+034
-1.2300000e+034
-1.2300000e+034
-1.2300000e+034
-1.2300000e+034
-1.2300000e+034
-1.2300000e+034
-1.2300000e+034
-1.2300000e+034
-1.2300000e+034
-1.2300000e+034
-1.2300000e+034
-1.2300000e+034
-1.2300000e+034
-1.2300000e+034
-1.2300000e+034
-1.2300000e+034
-1.2300000e+034
-1.2300000e+034
-1.2300000e+034
-1.2300000e+034
-1.2300000e+034
-1.2300000e+034
-1.2300000e+034
-1.2300000e+034
-1.2300000e+034
-1.2300000e+034
-1.2300000e+034
-1.2300000e+034
-1.2300000e+034
-1.2300000e+034
-1.2300000e+034
-1.2300000e+034
-1.2300000e+034
-1.2300000e+034
-1.2300000e+034
-1.2300000e+034
-1.2300000e+034
-1.2300000e+034
-1.2300000e+034
-1.2300000e+034
-1.2300000e+034
-1.2300000e+034
-1.2300000e+034
-1.2300000e+034
-1.2300000e+034
-1.2300000e+034
-1.2300000e+034
-1.2300000e+034
-1.2300000e+034
-1.2300000e+034
-1.2300000e+034
-1.2300000e+034
-1.2300000e+034
-1.2300000e+034
-1.2300000e+034
-1.2300000e+034
-1.2300000e+034
-1.2300000e+034
-1.2300000e+034
-1.2300000e+034
-1.2300000e+034
-1.2300000e+034
-1.2300000e+034
-1.2300000e+034
-1.2300000e+034
-1.2300000e+034
-1.2300000e+034
-1.2300000e+034
-1.2300000e+034
-1.2300000e+034
-1.2300000e+034
-1.2300000e+034
-1.2300000e+034
-1.2300000e+034
-1.2300000e+034
-1.2300000e+034
-1.2300000e+034
-1.2300000e+034
-1.2300000e+034
-1.2300000e+034
-1.2300000e+034
-1.2300000e+034
-1.2300000e+034
-1.2300000e+034
-1.2300000e+034
-1.2300000e+034
-1.2300000e+034
 3.9399913e-001
 3.6631948e-001
 3.7131110e-001
 3.9045542e-001
 4.0545404e-001
 4.1464430e-001
 4.1757309e-001
 4.1493961e-001
 4.1743857e-001
 4.2453668e-001
 4.3024781e-001
 4.3457973e-001
 4.3785959e-001
 4.4066581e-001
 4.4323605e-001
 4.4614813e-001
 4.4901118e-001
 4.5168480e-001
 4.5401433e-001
 4.5609376e-001
 4.5804632e-001
 4.6044242e-001
 4.6297824e-001
 4.6544662e-001
 4.6756136e-001
 4.6939477e-001
 4.7096255e-001
 4.7238362e-001
 4.7406340e-001
 4.7562107e-001
 4.7682366e-001
 4.7747314e-001
 4.7737038e-001
 4.7704962e-001
 4.7660580e-001
 4.7642469e-001
 4.7630465e-001
 4.7601280e-001
 4.7528660e-001
 4.7400758e-001
 4.7249305e-001
 4.7084048e-001
 4.6927246e-001
 4.6792409e-001
 4.6696436e-001
 4.6547565e-001
 4.6251601e-001
 4.5537132e-001
 4.3984333e-001
 4.0913045e-001
 4.2128143e-001
 3.6922652e-001
 2.9043236e-001
 2.5763091e-001
 2.8031462e-001
 3.1298864e-001
 3.3735299e-001
 3.5340685e-001
 3.6412570e-001
 3.7233770e-001
 3.8003945e-001
 3.8816512e-001
 3.9704555e-001
 4.0614176e-001
 4.1473433e-001
 4.2223781e-001
 4.2825374e-001
 4.3243113e-001
 4.3471801e-001
 4.3507379e-001
 4.3374494e-001
 4.3170035e-001
 4.3156204e-001
 4.3333989e-001
 4.3429488e-001
 4.3244299e-001
 4.2780986e-001
 4.1638595e-001
 3.8891631e-001
 3.4671521e-001
 3.2251531e-001
 3.3747575e-001
 3.6803535e-001
 3.8864809e-001
 4.0013748e-001
 4.0551823e-001
 4.0742099e-001
 4.0688172e-001
 4.0390620e-001
 3.9905903e-001
 3.9237362e-001
 3.8397017e-001
 3.7462693e-001
 3.6456710e-001
 3.5388556e-001
 3.4625641e-001
 3.4240416e-001
 3.3876142e-001
 3.3387244e-001
 3.2796592e-001
 3.2034302e-001
 3.1107140e-001
 3.0117649e-001
 2.9134548e-001
 2.8146732e-001
 2.7193186e-001
 2.6503310e-001
 2.6156369e-001
 2.5826433e-001
 2.5366217e-001
 2.4764220e-001
 2.4100791e-001
 2.3576806e-001
 2.3194312e-001
