s07_AV97 Record=1865: Labradorite HS17.4B          ASDFRc AREF
 1.1736919e-001
 1.1769787e-001
 1.1800001e-001
 1.1877349e-001
 1.1878248e-001
 1.1870515e-001
 1.1868626e-001
 1.1860882e-001
 1.1836341e-001
 1.1804575e-001
 1.1774608e-001
 1.1747732e-001
 1.1720844e-001
 1.1700942e-001
 1.1681837e-001
 1.1672482e-001
 1.1672137e-001
 1.1696220e-001
 1.1745971e-001
 1.1829866e-001
 1.1944159e-001
 1.2080175e-001
 1.2215322e-001
 1.2347352e-001
 1.2452036e-001
 1.2531511e-001
 1.2662651e-001
 1.2789133e-001
 1.2931167e-001
 1.3076662e-001
 1.3237619e-001
 1.3414603e-001
 1.3210258e-001
 1.3378510e-001
 1.3573821e-001
 1.3796705e-001
 1.4035107e-001
 1.4287452e-001
 1.4549389e-001
 1.4819875e-001
 1.5095556e-001
 1.5357278e-001
 1.5610467e-001
 1.5841535e-001
 1.6048191e-001
 1.6225323e-001
 1.6381818e-001
 1.6525082e-001
 1.6652381e-001
 1.6766562e-001
 1.6863945e-001
 1.6953288e-001
 1.7036937e-001
 1.7120418e-001
 1.7198122e-001
 1.7262861e-001
 1.7322496e-001
 1.7377831e-001
 1.7430511e-001
 1.7477840e-001
 1.7498238e-001
 1.7514861e-001
 1.7502506e-001
 1.7475314e-001
 1.7458248e-001
 1.7410934e-001
 1.7346318e-001
 1.7278971e-001
 1.7220823e-001
 1.7079982e-001
 1.6976270e-001
 1.6862924e-001
 1.6712724e-001
 1.6602845e-001
 1.6458628e-001
 1.6352767e-001
 1.6242905e-001
 1.6118783e-001
 1.6013297e-001
 1.5897916e-001
 1.5781143e-001
 1.5675029e-001
 1.5570600e-001
 1.5463854e-001
 1.5368718e-001
 1.5265068e-001
 1.5175056e-001
 1.5081342e-001
 1.4986521e-001
 1.4923398e-001
 1.4840762e-001
 1.4780059e-001
 1.4707300e-001
 1.4627868e-001
 1.4565149e-001
 1.4505035e-001
 1.4593093e-001
 1.4532477e-001
 1.4479423e-001
 1.4410137e-001
 1.4348020e-001
 1.4302954e-001
 1.4253904e-001
 1.4200912e-001
 1.4156468e-001
 1.4098127e-001
 1.4044270e-001
 1.3997905e-001
 1.3954329e-001
 1.3906725e-001
 1.3837822e-001
 1.3765180e-001
 1.3733387e-001
 1.3754766e-001
 1.3756643e-001
 1.3734686e-001
 1.3721335e-001
 1.3720670e-001
 1.3702056e-001
 1.3687091e-001
 1.3675319e-001
 1.3665485e-001
 1.3654092e-001
 1.3645197e-001
 1.3631848e-001
 1.3626967e-001
 1.3624370e-001
 1.3619663e-001
 1.3615964e-001
 1.3620783e-001
 1.3610220e-001
 1.3606052e-001
 1.3608450e-001
 1.3628636e-001
 1.3649505e-001
 1.3663791e-001
 1.3687946e-001
 1.3719977e-001
 1.3766326e-001
 1.3790107e-001
 1.3820326e-001
 1.3853900e-001
 1.3900830e-001
 1.3922289e-001
 1.3939726e-001
 1.3954435e-001
 1.3987833e-001
 1.4007887e-001
 1.4038332e-001
 1.4074026e-001
 1.4108372e-001
 1.4118597e-001
 1.4133732e-001
 1.4160298e-001
 1.4169481e-001
 1.4198060e-001
 1.4223035e-001
 1.4253628e-001
 1.4253329e-001
 1.4287931e-001
 1.4280252e-001
 1.4287549e-001
 1.4232752e-001
 1.4171042e-001
 1.4132741e-001
 1.4116789e-001
 1.4103211e-001
 1.4138250e-001
 1.4176647e-001
 1.4210862e-001
 1.4286886e-001
 1.4364767e-001
 1.4434403e-001
 1.4507170e-001
 1.4571409e-001
 1.4656691e-001
 1.4732268e-001
 1.4792247e-001
 1.4865394e-001
 1.4932826e-001
 1.5001738e-001
 1.5044530e-001
 1.5084986e-001
 1.5139273e-001
 1.5190113e-001
 1.5229018e-001
 1.5270649e-001
 1.5275788e-001
 1.5284809e-001
 1.5300903e-001
 1.5305635e-001
 1.5293674e-001
 1.5331325e-001
 1.5396607e-001
 1.5451892e-001
 1.5491563e-001
 1.5484494e-001
 1.5525825e-001
 1.5578482e-001
 1.5653419e-001
 1.5725349e-001
 1.5755622e-001
 1.5781131e-001
 1.5819342e-001
 1.5822545e-001
 1.5809371e-001
 1.5834884e-001
 1.5857676e-001
 1.5914652e-001
 1.5947594e-001
 1.5971592e-001
 1.6006224e-001
 1.6009256e-001
 1.6001557e-001
 1.6008484e-001
 1.5991418e-001
 1.6011149e-001
 1.5970279e-001
 1.6030845e-001
 1.5984228e-001
 1.5914661e-001
 1.5985312e-001
 1.6080695e-001
-1.2300000e+034
