s07_AV97 Record=2580: Phlogopite GDS20 fine fr      BECKb AREF
 2.5473619e-001
 2.6953742e-001
 2.8098401e-001
 2.8798702e-001
 2.9221681e-001
 2.9585940e-001
 2.9936603e-001
 3.0388317e-001
 3.0850184e-001
 3.1392509e-001
 3.1994125e-001
 3.2651603e-001
 3.3463988e-001
 3.4355113e-001
 3.5270587e-001
 3.6333913e-001
 3.7457022e-001
 3.8598824e-001
 3.9759567e-001
 4.0935665e-001
 4.2082331e-001
 4.3368527e-001
 4.4578061e-001
 4.5682806e-001
 4.6793464e-001
 4.7846490e-001
 4.8966870e-001
 4.9961597e-001
 5.0840002e-001
 5.1565200e-001
 5.2199537e-001
 5.2619064e-001
 5.2129984e-001
 5.2525157e-001
 5.2978390e-001
 5.3257263e-001
 5.3451455e-001
 5.3632712e-001
 5.3647846e-001
 5.3781718e-001
 5.3949547e-001
 5.3803533e-001
 5.3900886e-001
 5.4120588e-001
 5.4038173e-001
 5.4095048e-001
 5.4142660e-001
 5.4184026e-001
 5.4110909e-001
 5.3905243e-001
 5.3926367e-001
 5.4372770e-001
 5.4670942e-001
 5.4877311e-001
 5.5135071e-001
 5.5407727e-001
 5.5736119e-001
 5.5874473e-001
 5.6213701e-001
 5.6144381e-001
 5.6485426e-001
 5.6770647e-001
 5.7302904e-001
 5.7544714e-001
 5.8017629e-001
 5.8209473e-001
 5.8356893e-001
 5.8638716e-001
 5.8501410e-001
 5.8624369e-001
 5.8704096e-001
 5.8670682e-001
 5.8635747e-001
 5.8652836e-001
 5.8660603e-001
 5.8618587e-001
 5.8837813e-001
 5.8599383e-001
 5.8633929e-001
 5.8633107e-001
 5.8615518e-001
 5.8614510e-001
 5.8697599e-001
 5.8889580e-001
 5.8902895e-001
 5.9052563e-001
 5.9239209e-001
 5.9541178e-001
 5.9663355e-001
 5.9823334e-001
 6.0108203e-001
 6.0392851e-001
 6.0594934e-001
 6.0949022e-001
 6.1206102e-001
 6.1624134e-001
 6.1058515e-001
 6.1417413e-001
 6.1687851e-001
 6.2010479e-001
 6.2315238e-001
 6.2680680e-001
 6.3181585e-001
 6.3472050e-001
 6.3916928e-001
 6.4233965e-001
 6.4298540e-001
 6.4140886e-001
 5.9392434e-001
 5.9559369e-001
 6.2999606e-001
 6.4821059e-001
 6.6380012e-001
 6.6960597e-001
 6.7386812e-001
 6.7791295e-001
 6.8132329e-001
 6.8490136e-001
 6.8720251e-001
 6.8985498e-001
 6.9194138e-001
 6.9648218e-001
 6.9772339e-001
 7.0277214e-001
 7.0584047e-001
 7.0837891e-001
 7.1035117e-001
 7.1323746e-001
 7.1501929e-001
 7.1720302e-001
 7.1990687e-001
 7.2077715e-001
 7.2257775e-001
 7.2523326e-001
 7.2557861e-001
 7.2783375e-001
 7.3129433e-001
 7.3285550e-001
 7.3208284e-001
 7.3373193e-001
 7.3958725e-001
 7.4166554e-001
 7.4160838e-001
 7.3827499e-001
 7.3918116e-001
 7.4272734e-001
 7.4917465e-001
 7.4690723e-001
 7.4372697e-001
 7.4870330e-001
 7.5203514e-001
 7.5076532e-001
 7.5040704e-001
 7.4962825e-001
 7.5156629e-001
 7.5372440e-001
 7.5294292e-001
 7.5175732e-001
 7.5271356e-001
 7.5088304e-001
 7.5194865e-001
 7.4789000e-001
 7.4255943e-001
 7.3755324e-001
 7.3473626e-001
 7.3627204e-001
 7.3888361e-001
 7.3798549e-001
 7.4151140e-001
 7.4335933e-001
 7.4645013e-001
 7.4874777e-001
 7.4765354e-001
 7.4816644e-001
 7.4724776e-001
 7.4633849e-001
 7.4697512e-001
 7.4882454e-001
 7.4869812e-001
 7.4160343e-001
 7.3540366e-001
 7.3241889e-001
 7.3120964e-001
 7.3352414e-001
 7.3359704e-001
 7.3292977e-001
 7.3997575e-001
 7.4189824e-001
 7.3676461e-001
 7.3713398e-001
 7.3920804e-001
 7.3868114e-001
 7.3455960e-001
 7.2849005e-001
 7.2831589e-001
 7.1656847e-001
 6.6774845e-001
 6.3332146e-001
 6.5452713e-001
 6.7191029e-001
 6.5375489e-001
 6.1843008e-001
 5.8061802e-001
 5.3610766e-001
 4.9683470e-001
 4.9406457e-001
 5.3301108e-001
 5.6476617e-001
 5.7094759e-001
 5.5129105e-001
 5.2577412e-001
 5.3136933e-001
 5.5717742e-001
 5.7824594e-001
 5.8663660e-001
 5.8461207e-001
 5.7988948e-001
 5.8059388e-001
 5.8575517e-001
 5.9256679e-001
 5.9742475e-001
 6.0060298e-001
 6.0307133e-001
 6.0536849e-001
