s07_AV97 Record=125: Albite NMNHC5390 74-250um     BECKb AREF
 7.5556445e-001
 7.6410717e-001
 7.7481049e-001
 7.8175128e-001
 7.8458941e-001
 7.9167604e-001
 7.9726243e-001
 8.0199999e-001
 8.0752254e-001
 8.1297660e-001
 8.1759739e-001
 8.2124031e-001
 8.2543170e-001
 8.2928908e-001
 8.3194023e-001
 8.3346206e-001
 8.3431542e-001
 8.3463794e-001
 8.3440441e-001
 8.3370817e-001
 8.3262044e-001
 8.3269227e-001
 8.3257264e-001
 8.3157188e-001
 8.2960784e-001
 8.2893634e-001
 8.2837445e-001
 8.2844037e-001
 8.3076674e-001
 8.3280301e-001
 8.3483207e-001
 8.3653766e-001
 8.3450747e-001
 8.3628625e-001
 8.3768022e-001
 8.4110701e-001
 8.4213179e-001
 8.4361362e-001
 8.4620243e-001
 8.4918368e-001
 8.5110742e-001
 8.5077566e-001
 8.5178250e-001
 8.5474515e-001
 8.5599345e-001
 8.5595864e-001
 8.5569090e-001
 8.5573602e-001
 8.5601240e-001
 8.5248476e-001
 8.4963149e-001
 8.5439414e-001
 8.5740072e-001
 8.5593241e-001
 8.5543734e-001
 8.5763550e-001
 8.5945779e-001
 8.6144775e-001
 8.5649550e-001
 8.5396779e-001
 8.5762507e-001
 8.5501951e-001
 8.5304791e-001
 8.5321718e-001
 8.5301077e-001
 8.5343301e-001
 8.5333836e-001
 8.5343188e-001
 8.5148960e-001
 8.4958285e-001
 8.4912717e-001
 8.5020268e-001
 8.4848750e-001
 8.4901941e-001
 8.4769696e-001
 8.4528226e-001
 8.4727198e-001
 8.4727544e-001
 8.4511447e-001
 8.4685504e-001
 8.4664190e-001
 8.4704375e-001
 8.4679949e-001
 8.4784251e-001
 8.4832114e-001
 8.4892702e-001
 8.5016078e-001
 8.5271001e-001
 8.5416818e-001
 8.5466677e-001
 8.5609275e-001
 8.5540861e-001
 8.5857224e-001
 8.5822386e-001
 8.6045760e-001
 8.5971719e-001
 8.5934442e-001
 8.6019510e-001
 8.5955065e-001
 8.6048132e-001
 8.6194491e-001
 8.6204743e-001
 8.6260504e-001
 8.6367035e-001
 8.6410511e-001
 8.6412102e-001
 8.6376250e-001
 8.6378288e-001
 8.6458093e-001
 8.6440951e-001
 8.6385119e-001
 8.6173922e-001
 8.6069065e-001
 8.6140311e-001
 8.6161429e-001
 8.6133617e-001
 8.6177582e-001
 8.6158490e-001
 8.6123234e-001
 8.6332160e-001
 8.6859447e-001
 8.6558753e-001
 8.6591661e-001
 8.6680686e-001
 8.6752361e-001
 8.6887544e-001
 8.7033820e-001
 8.6891681e-001
 8.6878443e-001
 8.6821687e-001
 8.7027562e-001
 8.6969447e-001
 8.6910087e-001
 8.7032157e-001
 8.6837977e-001
 8.6935467e-001
 8.7081295e-001
 8.6981219e-001
 8.6875623e-001
 8.6838746e-001
 8.7222046e-001
 8.7130034e-001
 8.7197244e-001
 8.7168908e-001
 8.7280303e-001
 8.7449980e-001
 8.7285727e-001
 8.7264180e-001
 8.7073392e-001
 8.7441349e-001
 8.7524611e-001
 8.7217879e-001
 8.7251770e-001
 8.7172723e-001
 8.7397522e-001
 8.7335396e-001
 8.7426519e-001
 8.7377316e-001
 8.7179661e-001
 8.6830324e-001
 8.6969882e-001
 8.6587149e-001
 8.5929900e-001
 8.5160553e-001
 8.5067528e-001
 8.5207409e-001
 8.5392022e-001
 8.5170019e-001
 8.5185999e-001
 8.5477066e-001
 8.6051762e-001
 8.6194444e-001
 8.6442477e-001
 8.6270058e-001
 8.6332500e-001
 8.6998260e-001
 8.6789006e-001
 8.7037933e-001
 8.7070262e-001
 8.7234050e-001
 8.7150657e-001
 8.7114102e-001
 8.7629509e-001
 8.7614065e-001
 8.8043433e-001
 8.8114899e-001
 8.7783438e-001
 8.8468242e-001
 8.8189977e-001
 8.7401164e-001
 8.7156469e-001
 8.7341261e-001
 8.6957896e-001
 8.7012047e-001
 8.6860621e-001
 8.6903149e-001
 8.7169969e-001
 8.6810714e-001
 8.7047452e-001
 8.7327659e-001
 8.7118804e-001
 8.7385052e-001
 8.8001549e-001
 8.7497365e-001
 8.7407994e-001
 8.7511468e-001
 8.7794936e-001
 8.7706476e-001
 8.6970866e-001
 8.7547553e-001
 8.7211072e-001
 8.7344915e-001
 8.7183791e-001
 8.7000251e-001
 8.6817914e-001
 8.6487371e-001
 8.6084968e-001
 8.5737765e-001
 8.5508043e-001
 8.5345340e-001
 8.5269910e-001
 8.5238141e-001
 8.5199821e-001
 8.5117447e-001
