s07_AV97 Record=1479: Hematite GDS69.a 150-250u     BECKb AREF
 7.8006275e-002
 8.0995776e-002
 8.3879896e-002
 8.5751913e-002
 8.8005193e-002
 8.7806106e-002
 8.7994136e-002
 8.7791711e-002
 8.5842848e-002
 8.4070660e-002
 8.2409285e-002
 8.1301026e-002
 8.0452420e-002
 8.0029659e-002
 7.9142690e-002
 7.9458393e-002
 7.9422094e-002
 7.9897135e-002
 8.0448039e-002
 8.0205180e-002
 7.9723515e-002
 8.0277622e-002
 8.1785403e-002
 8.2763523e-002
 8.4364392e-002
 8.5709274e-002
 8.5651591e-002
 8.5448496e-002
 8.5989758e-002
 8.6442187e-002
 8.6121537e-002
 8.6870380e-002
 8.6011797e-002
 8.6706944e-002
 8.7594591e-002
 8.8423602e-002
 9.0342499e-002
 9.1169566e-002
 9.2406064e-002
 9.2560098e-002
 9.3148679e-002
 9.2936814e-002
 9.2827663e-002
 9.1300681e-002
 9.1270745e-002
 9.0221122e-002
 8.9399517e-002
 8.7396711e-002
 8.6919777e-002
 8.5588649e-002
 8.5649438e-002
 8.6790428e-002
 8.9499734e-002
 8.7256409e-002
 8.8977993e-002
 8.9850001e-002
 8.5822493e-002
 8.7740287e-002
 8.6085722e-002
 8.5470363e-002
 8.6792946e-002
 8.8394113e-002
 8.9442484e-002
 9.0795331e-002
 9.1223061e-002
 9.0492070e-002
 9.4803452e-002
 9.4826370e-002
 9.7377926e-002
 9.9333331e-002
 1.0412212e-001
 1.0309650e-001
 1.0564867e-001
 1.0716465e-001
 1.0909268e-001
 1.0981248e-001
 1.1003673e-001
 1.1291116e-001
 1.1430763e-001
 1.1608884e-001
 1.1751079e-001
 1.1927731e-001
 1.2178718e-001
 1.2316880e-001
 1.2368871e-001
 1.2535821e-001
 1.2574233e-001
 1.2780845e-001
 1.2742943e-001
 1.2724446e-001
 1.2776691e-001
 1.2782075e-001
 1.2855120e-001
 1.2773860e-001
 1.2667762e-001
 1.2657750e-001
 1.2704054e-001
 1.2659973e-001
 1.2607637e-001
 1.2633415e-001
 1.2652706e-001
 1.2541035e-001
 1.2454172e-001
 1.2444209e-001
 1.2471274e-001
 1.2373561e-001
 1.2490001e-001
 1.2407561e-001
 1.2264663e-001
 1.2442656e-001
 1.2359110e-001
 1.2279306e-001
 1.2365550e-001
 1.2287214e-001
 1.2287599e-001
 1.2286917e-001
 1.2265291e-001
 1.2280168e-001
 1.2329435e-001
 1.2194809e-001
 1.2178469e-001
 1.2301505e-001
 1.2202961e-001
 1.2275557e-001
 1.2269022e-001
 1.2280861e-001
 1.2264895e-001
 1.2258007e-001
 1.2256318e-001
 1.2221611e-001
 1.2148201e-001
 1.2221934e-001
 1.2272100e-001
 1.2213202e-001
 1.2242690e-001
 1.2392205e-001
 1.2447324e-001
 1.2324310e-001
 1.2499657e-001
 1.2398190e-001
 1.2571551e-001
 1.2517080e-001
 1.2541160e-001
 1.2269447e-001
 1.2461767e-001
 1.2547413e-001
 1.2494525e-001
 1.2552384e-001
 1.2528042e-001
 1.2548694e-001
 1.2635939e-001
 1.2646784e-001
 1.2589157e-001
 1.2502512e-001
 1.2698159e-001
 1.2784107e-001
 1.2734248e-001
 1.2602195e-001
 1.2617478e-001
 1.2505795e-001
 1.2564003e-001
 1.2591524e-001
 1.2848987e-001
 1.2713809e-001
 1.2627310e-001
 1.2766911e-001
 1.2934192e-001
 1.2751222e-001
 1.2706462e-001
 1.2920417e-001
 1.2944654e-001
 1.3052878e-001
 1.2972157e-001
 1.2902133e-001
 1.3169841e-001
 1.3339216e-001
 1.3292135e-001
 1.3476688e-001
 1.3289173e-001
 1.3404422e-001
 1.3343102e-001
 1.3342416e-001
 1.3655025e-001
 1.3746811e-001
 1.3721551e-001
 1.3463616e-001
 1.3197695e-001
 1.3667032e-001
 1.3660964e-001
 1.3504085e-001
 1.3474876e-001
 1.3661586e-001
 1.3753006e-001
 1.3692254e-001
 1.4089556e-001
 1.4095591e-001
 1.3745487e-001
 1.3990524e-001
 1.3990243e-001
 1.3935372e-001
 1.3957988e-001
 1.3998988e-001
 1.4373526e-001
 1.4270101e-001
 1.4164916e-001
 1.4295705e-001
 1.4343549e-001
 1.4258140e-001
 1.4268129e-001
 1.4716579e-001
 1.4513306e-001
 1.4744434e-001
 1.4612278e-001
 1.4471088e-001
 1.4444259e-001
 1.4452408e-001
 1.4493488e-001
 1.4581715e-001
 1.4680681e-001
 1.4771102e-001
 1.4813082e-001
 1.4827237e-001
 1.4844093e-001
 1.4881615e-001
