s07_AV97 Record=118: Albite HS324.3B Plagioclas  NIC4cbb RREF
-1.2300000e+034
-1.2300000e+034
-1.2300000e+034
-1.2300000e+034
-1.2300000e+034
-1.2300000e+034
-1.2300000e+034
-1.2300000e+034
-1.2300000e+034
-1.2300000e+034
-1.2300000e+034
-1.2300000e+034
-1.2300000e+034
-1.2300000e+034
-1.2300000e+034
-1.2300000e+034
-1.2300000e+034
-1.2300000e+034
-1.2300000e+034
-1.2300000e+034
-1.2300000e+034
-1.2300000e+034
-1.2300000e+034
-1.2300000e+034
-1.2300000e+034
-1.2300000e+034
-1.2300000e+034
-1.2300000e+034
-1.2300000e+034
-1.2300000e+034
-1.2300000e+034
-1.2300000e+034
-1.2300000e+034
-1.2300000e+034
-1.2300000e+034
-1.2300000e+034
-1.2300000e+034
-1.2300000e+034
-1.2300000e+034
-1.2300000e+034
-1.2300000e+034
-1.2300000e+034
-1.2300000e+034
-1.2300000e+034
-1.2300000e+034
-1.2300000e+034
-1.2300000e+034
-1.2300000e+034
-1.2300000e+034
-1.2300000e+034
-1.2300000e+034
-1.2300000e+034
-1.2300000e+034
-1.2300000e+034
-1.2300000e+034
-1.2300000e+034
-1.2300000e+034
-1.2300000e+034
-1.2300000e+034
-1.2300000e+034
-1.2300000e+034
-1.2300000e+034
-1.2300000e+034
-1.2300000e+034
-1.2300000e+034
-1.2300000e+034
-1.2300000e+034
-1.2300000e+034
-1.2300000e+034
-1.2300000e+034
-1.2300000e+034
-1.2300000e+034
-1.2300000e+034
-1.2300000e+034
-1.2300000e+034
-1.2300000e+034
-1.2300000e+034
-1.2300000e+034
-1.2300000e+034
-1.2300000e+034
-1.2300000e+034
-1.2300000e+034
-1.2300000e+034
-1.2300000e+034
-1.2300000e+034
-1.2300000e+034
-1.2300000e+034
-1.2300000e+034
-1.2300000e+034
-1.2300000e+034
-1.2300000e+034
-1.2300000e+034
-1.2300000e+034
-1.2300000e+034
-1.2300000e+034
-1.2300000e+034
-1.2300000e+034
-1.2300000e+034
-1.2300000e+034
-1.2300000e+034
-1.2300000e+034
-1.2300000e+034
-1.2300000e+034
-1.2300000e+034
-1.2300000e+034
-1.2300000e+034
-1.2300000e+034
-1.2300000e+034
-1.2300000e+034
-1.2300000e+034
-1.2300000e+034
-1.2300000e+034
-1.2300000e+034
-1.2300000e+034
-1.2300000e+034
-1.2300000e+034
-1.2300000e+034
-1.2300000e+034
-1.2300000e+034
-1.2300000e+034
-1.2300000e+034
-1.2300000e+034
-1.2300000e+034
-1.2300000e+034
-1.2300000e+034
-1.2300000e+034
 7.1625137e-001
 7.1827537e-001
 7.2014070e-001
 7.2223645e-001
 7.2462362e-001
 7.2725880e-001
 7.2954303e-001
 7.3178345e-001
 7.3357373e-001
 7.3495382e-001
 7.3667490e-001
 7.3894107e-001
 7.4162990e-001
 7.4385637e-001
 7.4586868e-001
 7.4737048e-001
 7.4824178e-001
 7.4934524e-001
 7.5088823e-001
 7.5284529e-001
 7.5513113e-001
 7.5722492e-001
 7.5887054e-001
 7.5948638e-001
 7.6007664e-001
 7.6037431e-001
 7.6121801e-001
 7.6256007e-001
 7.6428223e-001
 7.6624185e-001
 7.6785439e-001
 7.6868308e-001
 7.6787627e-001
 7.6693267e-001
 7.6729017e-001
 7.6537913e-001
 7.6227850e-001
 7.6026762e-001
 7.6013243e-001
 7.6135433e-001
 7.6334625e-001
 7.6547098e-001
 7.6698941e-001
 7.6784593e-001
 7.6850170e-001
 7.6933759e-001
 7.7082807e-001
 7.7260298e-001
 7.7485651e-001
 7.7715695e-001
 7.7929789e-001
 7.8059918e-001
 7.8158575e-001
 7.8162670e-001
 7.8123027e-001
 7.8064853e-001
 7.8005600e-001
 7.7988678e-001
 7.8045917e-001
 7.8189111e-001
 7.8305191e-001
 7.8416991e-001
 7.8414214e-001
 7.8177142e-001
 7.7533513e-001
 7.6629543e-001
 7.6346517e-001
 7.7007842e-001
 7.7792680e-001
 7.8168458e-001
 7.8357971e-001
 7.8485519e-001
 7.8540879e-001
 7.8536355e-001
 7.8526258e-001
 7.8442693e-001
 7.8298908e-001
 7.8023350e-001
 7.7701998e-001
 7.7295548e-001
 7.6955009e-001
 7.6761973e-001
 7.6813513e-001
 7.6930469e-001
 7.6932055e-001
 7.6939547e-001
 7.6913649e-001
 7.6711339e-001
 7.6388460e-001
 7.6051342e-001
 7.5810498e-001
 7.5783253e-001
 7.5814593e-001
 7.5824541e-001
 7.5815135e-001
 7.5785476e-001
 7.5771743e-001
 7.5887227e-001
