s07_AV97 Record=3351: Topaz Wigwam_Area_#16        NIC4bb RREF
-1.2300000e+034
-1.2300000e+034
-1.2300000e+034
-1.2300000e+034
-1.2300000e+034
-1.2300000e+034
-1.2300000e+034
-1.2300000e+034
-1.2300000e+034
-1.2300000e+034
-1.2300000e+034
-1.2300000e+034
-1.2300000e+034
-1.2300000e+034
-1.2300000e+034
-1.2300000e+034
-1.2300000e+034
-1.2300000e+034
-1.2300000e+034
-1.2300000e+034
-1.2300000e+034
-1.2300000e+034
-1.2300000e+034
-1.2300000e+034
-1.2300000e+034
-1.2300000e+034
-1.2300000e+034
-1.2300000e+034
-1.2300000e+034
-1.2300000e+034
-1.2300000e+034
-1.2300000e+034
-1.2300000e+034
-1.2300000e+034
-1.2300000e+034
-1.2300000e+034
-1.2300000e+034
-1.2300000e+034
-1.2300000e+034
-1.2300000e+034
-1.2300000e+034
-1.2300000e+034
-1.2300000e+034
-1.2300000e+034
-1.2300000e+034
-1.2300000e+034
-1.2300000e+034
-1.2300000e+034
-1.2300000e+034
-1.2300000e+034
-1.2300000e+034
-1.2300000e+034
-1.2300000e+034
-1.2300000e+034
-1.2300000e+034
-1.2300000e+034
-1.2300000e+034
-1.2300000e+034
-1.2300000e+034
-1.2300000e+034
-1.2300000e+034
-1.2300000e+034
-1.2300000e+034
-1.2300000e+034
-1.2300000e+034
-1.2300000e+034
-1.2300000e+034
-1.2300000e+034
-1.2300000e+034
-1.2300000e+034
-1.2300000e+034
-1.2300000e+034
-1.2300000e+034
-1.2300000e+034
-1.2300000e+034
-1.2300000e+034
-1.2300000e+034
-1.2300000e+034
-1.2300000e+034
-1.2300000e+034
-1.2300000e+034
-1.2300000e+034
-1.2300000e+034
-1.2300000e+034
-1.2300000e+034
-1.2300000e+034
-1.2300000e+034
-1.2300000e+034
-1.2300000e+034
-1.2300000e+034
-1.2300000e+034
-1.2300000e+034
-1.2300000e+034
-1.2300000e+034
-1.2300000e+034
-1.2300000e+034
-1.2300000e+034
-1.2300000e+034
-1.2300000e+034
-1.2300000e+034
-1.2300000e+034
-1.2300000e+034
-1.2300000e+034
-1.2300000e+034
-1.2300000e+034
-1.2300000e+034
-1.2300000e+034
-1.2300000e+034
-1.2300000e+034
 8.0550373e-001
 8.0102134e-001
 7.7401870e-001
 7.9279530e-001
 7.9885644e-001
 7.9779238e-001
 7.9632801e-001
 7.9468936e-001
 7.9310346e-001
 7.9222471e-001
 7.9222625e-001
 7.9293275e-001
 7.9405284e-001
 7.9495388e-001
 7.9583347e-001
 7.9707432e-001
 7.9931194e-001
 8.0190480e-001
 8.0445594e-001
 8.0626166e-001
 8.0803627e-001
 8.0978757e-001
 8.1206197e-001
 8.1477672e-001
 8.1788880e-001
 8.2058275e-001
 8.2276165e-001
 8.2440472e-001
 8.2619846e-001
 8.2784069e-001
 8.2766551e-001
 8.3220142e-001
 8.3510768e-001
 8.3641958e-001
 8.3737940e-001
 8.3903527e-001
 8.4110552e-001
 8.4325379e-001
 8.4544516e-001
 8.4757799e-001
 8.4906209e-001
 8.4993076e-001
 8.5110712e-001
 8.5224730e-001
 8.5381842e-001
 8.5587853e-001
 8.5779154e-001
 8.5909510e-001
 8.5985261e-001
 8.6110961e-001
 8.6005241e-001
 8.6040801e-001
 8.5999537e-001
 8.6039728e-001
 8.6090356e-001
 8.6143953e-001
 8.6198938e-001
 8.6289084e-001
 8.6364490e-001
 8.6392593e-001
 8.6405098e-001
 8.6425841e-001
 8.6427599e-001
 8.6423302e-001
 8.6455423e-001
 8.6571532e-001
 8.6640102e-001
 8.6622787e-001
 8.6442620e-001
 8.5812539e-001
 8.2748634e-001
 7.0978677e-001
 7.4018461e-001
 8.2996774e-001
 8.5103732e-001
 8.5678816e-001
 8.5424912e-001
 8.4240973e-001
 8.3368605e-001
 8.3666140e-001
 8.4368891e-001
 8.4748769e-001
 8.5038030e-001
 8.4747297e-001
 8.4600794e-001
 8.5125840e-001
 8.5786951e-001
 8.5908747e-001
 8.5708034e-001
 8.4670955e-001
 8.4973443e-001
 8.5445672e-001
 8.5232490e-001
 8.4540117e-001
 8.4075004e-001
 8.3666050e-001
 8.3225995e-001
 8.3096898e-001
 8.3029014e-001
 8.2914668e-001
 8.2516527e-001
 8.2327300e-001
 8.2246166e-001
 8.1878436e-001
 8.1384730e-001
 8.0596405e-001
 8.0366135e-001
 8.0484796e-001
 8.0014789e-001
 7.8790969e-001
 7.7486581e-001
 7.6988572e-001
 7.5991946e-001
 7.3832422e-001
 7.2327250e-001
