s07_AV97 Record=872: Clinochlore GDS159           NIC4bb RREF
-1.2300000e+034
-1.2300000e+034
-1.2300000e+034
-1.2300000e+034
-1.2300000e+034
-1.2300000e+034
-1.2300000e+034
-1.2300000e+034
-1.2300000e+034
-1.2300000e+034
-1.2300000e+034
-1.2300000e+034
-1.2300000e+034
-1.2300000e+034
-1.2300000e+034
-1.2300000e+034
-1.2300000e+034
-1.2300000e+034
-1.2300000e+034
-1.2300000e+034
-1.2300000e+034
-1.2300000e+034
-1.2300000e+034
-1.2300000e+034
-1.2300000e+034
-1.2300000e+034
-1.2300000e+034
-1.2300000e+034
-1.2300000e+034
-1.2300000e+034
-1.2300000e+034
-1.2300000e+034
-1.2300000e+034
-1.2300000e+034
-1.2300000e+034
-1.2300000e+034
-1.2300000e+034
-1.2300000e+034
-1.2300000e+034
-1.2300000e+034
-1.2300000e+034
-1.2300000e+034
-1.2300000e+034
-1.2300000e+034
-1.2300000e+034
-1.2300000e+034
-1.2300000e+034
-1.2300000e+034
-1.2300000e+034
-1.2300000e+034
-1.2300000e+034
-1.2300000e+034
-1.2300000e+034
-1.2300000e+034
-1.2300000e+034
-1.2300000e+034
-1.2300000e+034
-1.2300000e+034
-1.2300000e+034
-1.2300000e+034
-1.2300000e+034
-1.2300000e+034
-1.2300000e+034
-1.2300000e+034
-1.2300000e+034
-1.2300000e+034
-1.2300000e+034
-1.2300000e+034
-1.2300000e+034
-1.2300000e+034
-1.2300000e+034
-1.2300000e+034
-1.2300000e+034
-1.2300000e+034
-1.2300000e+034
-1.2300000e+034
-1.2300000e+034
-1.2300000e+034
-1.2300000e+034
-1.2300000e+034
-1.2300000e+034
-1.2300000e+034
-1.2300000e+034
-1.2300000e+034
-1.2300000e+034
-1.2300000e+034
-1.2300000e+034
-1.2300000e+034
-1.2300000e+034
-1.2300000e+034
-1.2300000e+034
-1.2300000e+034
-1.2300000e+034
-1.2300000e+034
-1.2300000e+034
-1.2300000e+034
-1.2300000e+034
-1.2300000e+034
-1.2300000e+034
-1.2300000e+034
-1.2300000e+034
-1.2300000e+034
-1.2300000e+034
-1.2300000e+034
-1.2300000e+034
-1.2300000e+034
-1.2300000e+034
-1.2300000e+034
-1.2300000e+034
-1.2300000e+034
-1.2300000e+034
-1.2300000e+034
-1.2300000e+034
-1.2300000e+034
-1.2300000e+034
-1.2300000e+034
-1.2300000e+034
-1.2300000e+034
-1.2300000e+034
-1.2300000e+034
-1.2300000e+034
-1.2300000e+034
-1.2300000e+034
-1.2300000e+034
-1.2300000e+034
-1.2300000e+034
-1.2300000e+034
-1.2300000e+034
-1.2300000e+034
-1.2300000e+034
 5.0216508e-001
 5.0968945e-001
 5.1826781e-001
 5.2608937e-001
 5.3310126e-001
 5.3913885e-001
 5.4465950e-001
 5.4983044e-001
 5.5461198e-001
 5.5877519e-001
 5.6211370e-001
 5.6482923e-001
 5.6678122e-001
 5.6842887e-001
 5.6984532e-001
 5.7122964e-001
 5.7234836e-001
 5.7276070e-001
 5.7272816e-001
 5.7193226e-001
 5.7036740e-001
 5.6785613e-001
 5.6485796e-001
 5.6192917e-001
 5.5775654e-001
 5.5207992e-001
 5.4602933e-001
 5.3932983e-001
 5.3126091e-001
 5.2571863e-001
 5.2711058e-001
 5.2256489e-001
 5.1541567e-001
 5.1367801e-001
 5.1639152e-001
 5.1873291e-001
 5.1791894e-001
 5.1409745e-001
 5.1030380e-001
 5.0673711e-001
 5.0297344e-001
 5.0182903e-001
 5.0406021e-001
 5.0889570e-001
 5.1655138e-001
 5.2557832e-001
 5.3419650e-001
 5.4133910e-001
 5.4673237e-001
 5.4992414e-001
 5.5132437e-001
 5.4974002e-001
 5.4431528e-001
 5.4129928e-001
 5.4072720e-001
 5.4108554e-001
 5.4186380e-001
 5.4160142e-001
 5.3955632e-001
 5.3540295e-001
 5.2908432e-001
 5.2112365e-001
 5.1262099e-001
 5.0309777e-001
 4.8974758e-001
 4.6875405e-001
 4.4362545e-001
 4.3231097e-001
 4.3820921e-001
 4.4135559e-001
 4.3446377e-001
 4.1502386e-001
 4.0470332e-001
 3.9750150e-001
 3.8640299e-001
 3.8404199e-001
 3.9143860e-001
 4.0131563e-001
 4.0978453e-001
 4.1901469e-001
 4.2204911e-001
 4.2057103e-001
 4.2375192e-001
 4.3182647e-001
 4.3197340e-001
 4.2505780e-001
 4.1959310e-001
 4.1345108e-001
 4.0586305e-001
 4.0112674e-001
 4.0104398e-001
 4.0172648e-001
 4.0098277e-001
 4.0026084e-001
