s07_AV97 Record=1900: Lepidolite HS167.3B         NIC4ccc RREF
-1.2300000e+034
-1.2300000e+034
-1.2300000e+034
-1.2300000e+034
-1.2300000e+034
-1.2300000e+034
-1.2300000e+034
-1.2300000e+034
-1.2300000e+034
-1.2300000e+034
-1.2300000e+034
-1.2300000e+034
-1.2300000e+034
-1.2300000e+034
-1.2300000e+034
-1.2300000e+034
-1.2300000e+034
-1.2300000e+034
-1.2300000e+034
-1.2300000e+034
-1.2300000e+034
-1.2300000e+034
-1.2300000e+034
-1.2300000e+034
-1.2300000e+034
-1.2300000e+034
-1.2300000e+034
-1.2300000e+034
-1.2300000e+034
-1.2300000e+034
-1.2300000e+034
-1.2300000e+034
-1.2300000e+034
-1.2300000e+034
-1.2300000e+034
-1.2300000e+034
-1.2300000e+034
-1.2300000e+034
-1.2300000e+034
-1.2300000e+034
-1.2300000e+034
-1.2300000e+034
-1.2300000e+034
-1.2300000e+034
-1.2300000e+034
-1.2300000e+034
-1.2300000e+034
-1.2300000e+034
-1.2300000e+034
-1.2300000e+034
-1.2300000e+034
-1.2300000e+034
-1.2300000e+034
-1.2300000e+034
-1.2300000e+034
-1.2300000e+034
-1.2300000e+034
-1.2300000e+034
-1.2300000e+034
-1.2300000e+034
-1.2300000e+034
-1.2300000e+034
-1.2300000e+034
-1.2300000e+034
-1.2300000e+034
-1.2300000e+034
-1.2300000e+034
-1.2300000e+034
-1.2300000e+034
-1.2300000e+034
-1.2300000e+034
-1.2300000e+034
-1.2300000e+034
-1.2300000e+034
-1.2300000e+034
-1.2300000e+034
-1.2300000e+034
-1.2300000e+034
-1.2300000e+034
-1.2300000e+034
-1.2300000e+034
-1.2300000e+034
-1.2300000e+034
-1.2300000e+034
-1.2300000e+034
-1.2300000e+034
-1.2300000e+034
-1.2300000e+034
-1.2300000e+034
-1.2300000e+034
-1.2300000e+034
-1.2300000e+034
-1.2300000e+034
-1.2300000e+034
-1.2300000e+034
-1.2300000e+034
-1.2300000e+034
-1.2300000e+034
-1.2300000e+034
-1.2300000e+034
-1.2300000e+034
-1.2300000e+034
-1.2300000e+034
-1.2300000e+034
-1.2300000e+034
-1.2300000e+034
-1.2300000e+034
-1.2300000e+034
-1.2300000e+034
-1.2300000e+034
-1.2300000e+034
-1.2300000e+034
-1.2300000e+034
-1.2300000e+034
-1.2300000e+034
-1.2300000e+034
-1.2300000e+034
-1.2300000e+034
-1.2300000e+034
-1.2300000e+034
-1.2300000e+034
-1.2300000e+034
-1.2300000e+034
-1.2300000e+034
-1.2300000e+034
-1.2300000e+034
-1.2300000e+034
-1.2300000e+034
-1.2300000e+034
-1.2300000e+034
 4.8751044e-001
 4.9493200e-001
 5.0304627e-001
 5.1065075e-001
 5.1761019e-001
 5.2404529e-001
 5.2954829e-001
 5.3443468e-001
 5.3923774e-001
 5.4317272e-001
 5.4684919e-001
 5.5070847e-001
 5.5421346e-001
 5.5751377e-001
 5.6039959e-001
 5.6295604e-001
 5.6518096e-001
 5.6706953e-001
 5.6903833e-001
 5.7110214e-001
 5.7327509e-001
 5.7506478e-001
 5.7643342e-001
 5.7757205e-001
 5.7824969e-001
 5.7919168e-001
 5.8044404e-001
 5.8137828e-001
 5.8228856e-001
 5.8321381e-001
 5.8292055e-001
 5.8366936e-001
 5.8390850e-001
 5.8401424e-001
 5.8450741e-001
 5.8525121e-001
 5.8561534e-001
 5.8603603e-001
 5.8628690e-001
 5.8638078e-001
 5.8677673e-001
 5.8726579e-001
 5.8753812e-001
 5.8787102e-001
 5.8812499e-001
 5.8838516e-001
 5.8821493e-001
 5.8794028e-001
 5.8751583e-001
 5.8666903e-001
 5.8455968e-001
 5.8298630e-001
 5.8179104e-001
 5.8018363e-001
 5.7910234e-001
 5.7968426e-001
 5.7962155e-001
 5.7697022e-001
 5.7102424e-001
 5.5870563e-001
 5.3185904e-001
 4.9684581e-001
 4.8920140e-001
 5.1818913e-001
 5.5060858e-001
 5.6544363e-001
 5.7196444e-001
 5.7497007e-001
 5.7654065e-001
 5.7702583e-001
 5.7589179e-001
 5.7344866e-001
 5.6813759e-001
 5.5953604e-001
 5.4812926e-001
 5.3489494e-001
 5.2322292e-001
 5.1727557e-001
 5.2108186e-001
 5.2621144e-001
 5.2692527e-001
 5.2718264e-001
 5.2632713e-001
 5.1998031e-001
 5.0927675e-001
 4.9936125e-001
 4.9387258e-001
 4.9477553e-001
 4.9851343e-001
 5.0271720e-001
 5.0568146e-001
 5.0814235e-001
 5.1110053e-001
 5.1576674e-001
