s07_AV97 Record=2736: Pyrophyllite PYS1A >250um    ASDNGa AREF
 3.0455136e-001
 3.1090534e-001
 3.1978914e-001
 3.2913280e-001
 3.3729199e-001
 3.4357321e-001
 3.4966704e-001
 3.5819802e-001
 3.6762324e-001
 3.7498531e-001
 3.8117710e-001
 3.8717049e-001
 3.9337128e-001
 4.0010762e-001
 4.0707731e-001
 4.1401091e-001
 4.2083439e-001
 4.2749250e-001
 4.3372414e-001
 4.3928707e-001
 4.4427201e-001
 4.4872603e-001
 4.5389536e-001
 4.5903963e-001
 4.6530619e-001
 4.7229901e-001
 4.8018011e-001
 4.8883462e-001
 4.9789390e-001
 5.0734580e-001
 5.1755399e-001
 5.2779341e-001
 5.1588714e-001
 5.2587759e-001
 5.3542715e-001
 5.4550016e-001
 5.5528730e-001
 5.6479347e-001
 5.7379866e-001
 5.8115113e-001
 5.9129971e-001
 6.0006469e-001
 6.0863465e-001
 6.1706340e-001
 6.2522519e-001
 6.3296181e-001
 6.4046162e-001
 6.4796090e-001
 6.5519387e-001
 6.6189635e-001
 6.6812080e-001
 6.7399448e-001
 6.7954385e-001
 6.8476725e-001
 6.8980640e-001
 6.9500637e-001
 6.9969922e-001
 7.0389915e-001
 7.0716852e-001
 7.0943338e-001
 7.1370429e-001
 7.0573449e-001
 6.6477638e-001
 7.1834278e-001
 7.3294592e-001
 7.3958218e-001
 7.4496526e-001
 7.4957132e-001
 7.5388908e-001
 7.5815248e-001
 7.6209623e-001
 7.6585531e-001
 7.6936102e-001
 7.7273989e-001
 7.7574277e-001
 7.7850223e-001
 7.8115070e-001
 7.8355294e-001
 7.8485507e-001
 7.8799450e-001
 7.9043537e-001
 7.9184335e-001
 7.9289287e-001
 7.9344177e-001
 7.9362184e-001
 7.9274547e-001
 7.9103976e-001
 7.9158026e-001
 7.8942794e-001
 7.8629041e-001
 7.8466612e-001
 7.5381505e-001
 7.7642655e-001
 7.8744185e-001
 7.9018182e-001
 7.8687972e-001
 7.8903818e-001
 7.8896612e-001
 7.8519326e-001
 7.8028977e-001
 7.7390093e-001
 7.6741034e-001
 7.5154972e-001
 7.2717834e-001
 7.0335180e-001
 7.2049147e-001
 7.1688807e-001
 6.8522817e-001
 6.8586600e-001
 5.6754220e-001
 3.1247807e-001
 5.0686401e-001
 6.6551983e-001
 7.2121477e-001
 7.3220217e-001
 7.6159614e-001
 7.6886779e-001
 7.7540672e-001
 7.9246151e-001
 8.0253208e-001
 8.0957544e-001
 8.1389266e-001
 8.1721914e-001
 8.2017213e-001
 8.2208884e-001
 8.2240635e-001
 8.2199472e-001
 8.2716393e-001
 8.3034319e-001
 8.3241296e-001
 8.3275580e-001
 8.3099997e-001
 8.3256310e-001
 8.3510572e-001
 8.3627975e-001
 8.3709359e-001
 8.3726954e-001
 8.3702868e-001
 8.3454680e-001
 8.2720166e-001
 8.2681656e-001
 8.3124572e-001
 8.3122432e-001
 8.2613760e-001
 8.2389468e-001
 8.2466966e-001
 8.2458955e-001
 8.2815599e-001
 8.3169127e-001
 8.3323812e-001
 8.2974702e-001
 8.2126510e-001
 8.2377833e-001
 8.2717931e-001
 8.2410240e-001
 8.2201988e-001
 8.1908298e-001
 8.1282389e-001
 8.0495548e-001
 7.9704386e-001
 7.9977584e-001
 7.8969902e-001
 7.7776945e-001
 7.7092183e-001
 7.6692635e-001
 7.6197726e-001
 7.5373298e-001
 7.4242175e-001
 7.3970675e-001
 7.4357021e-001
 7.4212062e-001
 7.3809510e-001
 7.3344421e-001
 7.2607082e-001
 7.1943581e-001
 7.1931082e-001
 7.1941030e-001
 6.9152939e-001
 6.0929954e-001
 5.4683924e-001
 4.5962182e-001
 4.4091597e-001
 5.5698335e-001
 6.0766745e-001
 5.7272953e-001
 5.0800765e-001
 4.5404932e-001
 3.6438724e-001
 2.2340250e-001
 1.5840256e-001
 2.7602616e-001
 4.0102205e-001
 4.4403020e-001
 4.4926378e-001
 4.2894220e-001
 4.5870778e-001
 4.6772882e-001
 4.4659117e-001
 4.1799524e-001
 3.8624179e-001
 3.4453714e-001
 3.0312493e-001
 2.7908680e-001
 2.4982789e-001
 2.1865246e-001
 2.4157351e-001
 2.7288520e-001
 2.6039404e-001
 2.6523638e-001
 2.7825928e-001
 2.7046397e-001
 2.3608467e-001
 2.2892500e-001
 2.2963849e-001
 2.2663292e-001
 2.1332666e-001
 2.1606268e-001
 2.2043511e-001
 2.1428320e-001
 2.1128573e-001
 1.9786501e-001
 1.7842868e-001
 1.7006537e-001
-1.2300000e+034
