s07_AV97 Record=1453: Hedenbergite HS10.3B          BECKc AREF
 5.4783266e-002
 5.6342769e-002
 5.8091033e-002
 5.9752762e-002
 6.1249118e-002
 6.3204929e-002
 6.5115660e-002
 6.6771992e-002
 6.8286762e-002
 7.0649847e-002
 7.2863497e-002
 7.5295471e-002
 7.7054739e-002
 7.9244234e-002
 8.1324361e-002
 8.3944224e-002
 8.6078987e-002
 8.8481888e-002
 9.0868853e-002
 9.2723839e-002
 9.4685681e-002
 9.5566742e-002
 9.6793786e-002
 9.7441606e-002
 9.7842455e-002
 9.8378628e-002
 9.8825507e-002
 9.9373981e-002
 9.9903144e-002
 1.0034931e-001
 1.0048527e-001
 1.0064948e-001
 1.0039315e-001
 1.0068911e-001
 1.0089467e-001
 1.0032274e-001
 1.0002769e-001
 1.0014690e-001
 1.0011772e-001
 9.9849358e-002
 1.0019448e-001
 1.0016908e-001
 1.0044029e-001
 1.0044800e-001
 1.0107193e-001
 1.0168257e-001
 1.0210659e-001
 1.0271500e-001
 1.0350769e-001
 1.0403062e-001
 1.0435106e-001
 1.0359838e-001
 1.0714667e-001
 1.1058249e-001
 1.0933138e-001
 1.0597297e-001
 1.0564044e-001
 1.0262321e-001
 1.0213665e-001
 1.0418998e-001
 1.0193415e-001
 1.0047386e-001
 9.9640556e-002
 1.0013703e-001
 1.0008360e-001
 1.0073484e-001
 9.9076316e-002
 9.9362113e-002
 1.0008434e-001
 9.9360205e-002
 1.0039195e-001
 1.0143565e-001
 1.0234234e-001
 1.0294235e-001
 1.0300399e-001
 1.0324355e-001
 1.0360426e-001
 1.0420794e-001
 1.0405722e-001
 1.0430249e-001
 1.0371782e-001
 1.0447036e-001
 1.0497809e-001
 1.0461953e-001
 1.0523739e-001
 1.0521571e-001
 1.0518742e-001
 1.0671093e-001
 1.0738254e-001
 1.0755384e-001
 1.0852350e-001
 1.0971116e-001
 1.1070537e-001
 1.1276687e-001
 1.1415711e-001
 1.1532067e-001
 1.1313825e-001
 1.1492267e-001
 1.1685061e-001
 1.1788318e-001
 1.1988936e-001
 1.2151381e-001
 1.2248833e-001
 1.2495175e-001
 1.2718958e-001
 1.2924960e-001
 1.3172022e-001
 1.3355200e-001
 1.3506214e-001
 1.3738801e-001
 1.3927311e-001
 1.4064009e-001
 1.4139618e-001
 1.4436688e-001
 1.4565545e-001
 1.4763926e-001
 1.5087488e-001
 1.5233780e-001
 1.5622075e-001
 1.5823688e-001
 1.6016836e-001
 1.6285387e-001
 1.6508752e-001
 1.6935402e-001
 1.6992463e-001
 1.7192481e-001
 1.7452778e-001
 1.7637703e-001
 1.7866698e-001
 1.8056260e-001
 1.8282911e-001
 1.8419553e-001
 1.8778339e-001
 1.8989469e-001
 1.9094984e-001
 1.9422998e-001
 1.9809054e-001
 1.9905053e-001
 1.9994153e-001
 2.0289153e-001
 2.0677242e-001
 2.0900081e-001
 2.1026738e-001
 2.1330585e-001
 2.1410057e-001
 2.1797438e-001
 2.1973366e-001
 2.2290745e-001
 2.2543275e-001
 2.2646928e-001
 2.3033753e-001
 2.3197012e-001
 2.3320261e-001
 2.3423448e-001
 2.3718487e-001
 2.3882139e-001
 2.4261448e-001
 2.4344876e-001
 2.4429384e-001
 2.4340686e-001
 2.4423906e-001
 2.4054863e-001
 2.3110300e-001
 2.2054519e-001
 2.2261024e-001
 2.2853206e-001
 2.3191006e-001
 2.3703006e-001
 2.4261564e-001
 2.4603291e-001
 2.5079808e-001
 2.5668588e-001
 2.6054969e-001
 2.6574472e-001
 2.6947486e-001
 2.7022263e-001
 2.7597198e-001
 2.7857789e-001
 2.8242746e-001
 2.8696886e-001
 2.8884465e-001
 2.9150358e-001
 2.9245526e-001
 2.9482287e-001
 2.9914200e-001
 3.0212620e-001
 3.0629718e-001
 3.0778471e-001
 3.0876485e-001
 3.0983898e-001
 3.0873919e-001
 3.0831233e-001
 3.0983809e-001
 3.0956423e-001
 3.1055272e-001
 3.1191227e-001
 3.0894431e-001
 3.1072524e-001
 3.1008559e-001
 3.0903107e-001
 3.0443433e-001
 2.9695359e-001
 2.8722689e-001
 2.8495726e-001
 2.9307422e-001
 3.0170789e-001
 3.0076554e-001
 3.0023059e-001
 2.9920936e-001
 3.0137518e-001
 2.9736587e-001
 2.9619613e-001
 2.9498443e-001
 2.9439539e-001
 2.9421833e-001
 2.9354841e-001
 2.9208276e-001
 2.8972566e-001
 2.8704223e-001
 2.8381535e-001
 2.8066391e-001
 2.7772424e-001
 2.7509040e-001
 2.7284211e-001
