s07_AV97 Record=3006: Smaragdite HS290.1B Amphibol ASDFRb AREF
 4.4769198e-001
 4.5758358e-001
 4.6887738e-001
 4.7788903e-001
 4.8722047e-001
 5.0119346e-001
 5.1737237e-001
 5.2982771e-001
 5.3569436e-001
 5.4846895e-001
 5.6156689e-001
 5.7468712e-001
 5.8464253e-001
 5.9043044e-001
 5.9861887e-001
 6.0453570e-001
 6.0711861e-001
 6.0920674e-001
 6.1082339e-001
 6.1104518e-001
 6.0993338e-001
 6.0785758e-001
 6.0538805e-001
 6.0278451e-001
 6.0033119e-001
 5.9819806e-001
 5.9608710e-001
 5.9440458e-001
 5.9377694e-001
 5.9345168e-001
 5.9389842e-001
 5.9528559e-001
 5.9374750e-001
 5.9495777e-001
 5.9661406e-001
 5.9806764e-001
 6.0086799e-001
 6.0420352e-001
 6.0791558e-001
 6.1199111e-001
 6.1643964e-001
 6.2127388e-001
 6.2615418e-001
 6.3042408e-001
 6.3435560e-001
 6.3724035e-001
 6.3889849e-001
 6.3946372e-001
 6.3931924e-001
 6.3871902e-001
 6.3760948e-001
 6.3648129e-001
 6.3538742e-001
 6.3460308e-001
 6.3415498e-001
 6.3410181e-001
 6.3467371e-001
 6.3549280e-001
 6.3647914e-001
 6.3760155e-001
 6.3862038e-001
 6.3955569e-001
 6.4004683e-001
 6.4063936e-001
 6.4081293e-001
 6.4096212e-001
 6.4085644e-001
 6.4111912e-001
 6.4150333e-001
 6.4346880e-001
 6.4748394e-001
 6.5166801e-001
 6.5777254e-001
 6.6316032e-001
 6.7063141e-001
 6.7725194e-001
 6.8311578e-001
 6.8850362e-001
 6.9440860e-001
 6.9920480e-001
 7.0451230e-001
 7.0904464e-001
 7.1412504e-001
 7.1829832e-001
 7.2239608e-001
 7.2697788e-001
 7.3129517e-001
 7.3652500e-001
 7.4179751e-001
 7.4676770e-001
 7.5199825e-001
 7.5725549e-001
 7.6241237e-001
 7.6784635e-001
 7.7289855e-001
 7.7809030e-001
 7.7018195e-001
 7.7562517e-001
 7.8051180e-001
 7.8556150e-001
 7.9111421e-001
 7.9594779e-001
 8.0101776e-001
 8.0597681e-001
 8.1096792e-001
 8.1582713e-001
 8.2041413e-001
 8.2406819e-001
 8.2109135e-001
 8.1374848e-001
 7.9413348e-001
 7.9936749e-001
 8.1871843e-001
 8.3814937e-001
 8.4772116e-001
 8.5196358e-001
 8.5489380e-001
 8.5823572e-001
 8.6113864e-001
 8.6432058e-001
 8.6670297e-001
 8.6938387e-001
 8.7164533e-001
 8.7319607e-001
 8.7560087e-001
 8.7739670e-001
 8.7884420e-001
 8.8089281e-001
 8.8291341e-001
 8.8481283e-001
 8.8588381e-001
 8.8703853e-001
 8.8849711e-001
 8.8883811e-001
 8.8970572e-001
 8.9086705e-001
 8.9106661e-001
 8.9140588e-001
 8.9272368e-001
 8.9299077e-001
 8.9321095e-001
 8.9295334e-001
 8.9392459e-001
 8.9455664e-001
 8.9411312e-001
 8.9375818e-001
 8.9340538e-001
 8.9327526e-001
 8.9406252e-001
 8.9571655e-001
 8.9599335e-001
 8.9557683e-001
 8.9583474e-001
 8.9590770e-001
 8.9511693e-001
 8.9433855e-001
 8.9354390e-001
 8.9245337e-001
 8.9129066e-001
 8.8876987e-001
 8.8991207e-001
 8.8656020e-001
 8.8093287e-001
 8.7255853e-001
 8.6648232e-001
 8.6467046e-001
 8.6603618e-001
 8.6550486e-001
 8.6577857e-001
 8.6515683e-001
 8.6490786e-001
 8.6606997e-001
 8.6580491e-001
 8.6619818e-001
 8.6735654e-001
 8.6917084e-001
 8.6990285e-001
 8.6956203e-001
 8.6987996e-001
 8.7077320e-001
 8.7113875e-001
 8.6948848e-001
 8.6715955e-001
 8.6481011e-001
 8.6206710e-001
 8.6053848e-001
 8.6108792e-001
 8.5991520e-001
 8.5784453e-001
 8.5672557e-001
 8.5423863e-001
 8.5299557e-001
 8.5040534e-001
 8.4859645e-001
 8.4578288e-001
 8.4038424e-001
 8.2479042e-001
 8.0675441e-001
 8.0933160e-001
 8.1304359e-001
 7.9472262e-001
 7.6298201e-001
 7.3824871e-001
 7.3137408e-001
 7.3055732e-001
 7.4343050e-001
 7.6328510e-001
 7.8071845e-001
 7.8795874e-001
 7.8056943e-001
 7.6440263e-001
 7.5420916e-001
 7.6281446e-001
 7.7717435e-001
 7.8733408e-001
 7.9167998e-001
 7.9462880e-001
 7.9193062e-001
 7.8806061e-001
 7.8468567e-001
 7.8414142e-001
 7.8285867e-001
 7.8875470e-001
-1.2300000e+034
