s07_AV97 Record=4112: Opalized Tuff CU00-15E       ASDFRb AREF
 5.3370935e-001
 5.4495019e-001
 5.5821115e-001
 5.7031339e-001
 5.8117855e-001
 5.9247035e-001
 6.0562730e-001
 6.2073058e-001
 6.3618207e-001
 6.4958715e-001
 6.5978587e-001
 6.6863102e-001
 6.7806447e-001
 6.8918282e-001
 7.0093131e-001
 7.1292317e-001
 7.2613907e-001
 7.4146348e-001
 7.5941169e-001
 7.7980709e-001
 8.0069858e-001
 8.1931204e-001
 8.3376580e-001
 8.4379250e-001
 8.5074049e-001
 8.5582292e-001
 8.6005443e-001
 8.6373311e-001
 8.6698973e-001
 8.6995918e-001
 8.7287039e-001
 8.7583709e-001
 8.7240124e-001
 8.7525582e-001
 8.7825030e-001
 8.8164169e-001
 8.8501561e-001
 8.8797706e-001
 8.9052635e-001
 8.9270830e-001
 8.9462638e-001
 8.9618748e-001
 8.9759225e-001
 8.9855033e-001
 8.9928871e-001
 8.9978182e-001
 9.0010393e-001
 9.0037417e-001
 9.0053511e-001
 9.0058213e-001
 9.0081710e-001
 9.0114957e-001
 9.0152723e-001
 9.0208143e-001
 9.0286392e-001
 9.0396243e-001
 9.0502995e-001
 9.0633440e-001
 9.0785760e-001
 9.0900481e-001
 9.0976989e-001
 9.1020399e-001
 9.1106999e-001
 9.1267258e-001
 9.1485304e-001
 9.1722232e-001
 9.1947132e-001
 9.2108554e-001
 9.2159176e-001
 9.2312175e-001
 9.2452300e-001
 9.2573732e-001
 9.2692477e-001
 9.2780209e-001
 9.2866117e-001
 9.2932242e-001
 9.3037724e-001
 9.3117470e-001
 9.3166566e-001
 9.3211842e-001
 9.3165404e-001
 9.2970490e-001
 9.2800909e-001
 9.2836559e-001
 9.3029797e-001
 9.3251777e-001
 9.3362308e-001
 9.3443125e-001
 9.3535131e-001
 9.3609756e-001
 9.3585509e-001
 9.3496484e-001
 9.3526888e-001
 9.3586391e-001
 9.3618238e-001
 9.3618655e-001
 9.3604255e-001
 9.3622273e-001
 9.3591148e-001
 9.3553829e-001
 9.3477732e-001
 9.3343222e-001
 9.3089032e-001
 9.2642456e-001
 9.1970521e-001
 9.1370875e-001
 9.0860593e-001
 8.9185417e-001
 8.5951626e-001
 8.3679461e-001
 8.2089049e-001
 8.0616748e-001
 8.0569559e-001
 8.1740069e-001
 8.2908660e-001
 8.3537614e-001
 8.3711696e-001
 8.4149945e-001
 8.4956539e-001
 8.5723674e-001
 8.6342520e-001
 8.6851203e-001
 8.7300873e-001
 8.7678671e-001
 8.8019741e-001
 8.8321364e-001
 8.8543326e-001
 8.8732606e-001
 8.8889170e-001
 8.8983166e-001
 8.9058703e-001
 8.9099938e-001
 8.9113218e-001
 8.9123142e-001
 8.9107263e-001
 8.9110547e-001
 8.9074343e-001
 8.9048743e-001
 8.9030236e-001
 8.9019603e-001
 8.9045608e-001
 8.9047182e-001
 8.8988745e-001
 8.8890183e-001
 8.8698560e-001
 8.8439763e-001
 8.8099384e-001
 8.7756753e-001
 8.7465209e-001
 8.7345004e-001
 8.7314409e-001
 8.7282681e-001
 8.7249678e-001
 8.7171209e-001
 8.7071759e-001
 8.6769307e-001
 8.6041117e-001
 8.4151530e-001
 7.9042333e-001
 7.1102566e-001
 7.4107093e-001
 6.7986429e-001
 6.5078419e-001
 6.5144801e-001
 6.7103475e-001
 6.9072598e-001
 7.0677930e-001
 7.1900594e-001
 7.3157912e-001
 7.4545938e-001
 7.6012969e-001
 7.7493262e-001
 7.8849864e-001
 8.0055821e-001
 8.1084865e-001
 8.1924075e-001
 8.2493472e-001
 8.2948494e-001
 8.3178645e-001
 8.3315939e-001
 8.3432186e-001
 8.3486140e-001
 8.3543348e-001
 8.3551514e-001
 8.3508974e-001
 8.3247036e-001
 8.2762599e-001
 8.1958222e-001
 8.0665666e-001
 7.8747940e-001
 7.6229453e-001
 7.4812984e-001
 7.3945218e-001
 7.2988868e-001
 7.2548836e-001
 7.2603565e-001
 7.2704101e-001
 7.2818828e-001
 7.2969836e-001
 7.3295110e-001
 7.3648876e-001
 7.3990738e-001
 7.4330884e-001
 7.4761456e-001
 7.5273448e-001
 7.5662470e-001
 7.5794852e-001
 7.5736684e-001
 7.5541782e-001
 7.5219315e-001
 7.4592215e-001
 7.3752570e-001
 7.2771496e-001
 7.1472889e-001
 7.0083040e-001
 6.8777817e-001
 6.7285317e-001
 6.5876877e-001
 6.4633906e-001
 6.3342863e-001
 6.2246901e-001
 6.1815798e-001
 6.1417937e-001
-1.2300000e+034
