s07_AV97 Record=828: Chrysocolla HS297.2B         ASDFRb AREF
 2.4607520e-001
 3.1516775e-001
 3.9355931e-001
 4.6686050e-001
 5.2803510e-001
 5.7635999e-001
 6.1539018e-001
 6.4975244e-001
 6.8273401e-001
 7.1306336e-001
 7.3820305e-001
 7.5629532e-001
 7.6556164e-001
 7.6608431e-001
 7.5819445e-001
 7.3984551e-001
 7.1052754e-001
 6.7178667e-001
 6.2583190e-001
 5.7528901e-001
 5.2252984e-001
 4.6981278e-001
 4.1960785e-001
 3.7545019e-001
 3.3477902e-001
 2.9985434e-001
 2.6798865e-001
 2.4109749e-001
 2.1914421e-001
 2.0110929e-001
 1.8695508e-001
 1.7584722e-001
 1.8895988e-001
 1.7772242e-001
 1.6900621e-001
 1.6243771e-001
 1.5764572e-001
 1.5453306e-001
 1.5290226e-001
 1.5254231e-001
 1.5316673e-001
 1.5479816e-001
 1.5717107e-001
 1.6014285e-001
 1.6360387e-001
 1.6747916e-001
 1.7164016e-001
 1.7602380e-001
 1.8073753e-001
 1.8559663e-001
 1.9076298e-001
 1.9618990e-001
 2.0191334e-001
 2.0812494e-001
 2.1466763e-001
 2.2176170e-001
 2.2923405e-001
 2.3721929e-001
 2.4568886e-001
 2.5465122e-001
 2.6396701e-001
 2.7361465e-001
 2.8354549e-001
 2.9355729e-001
 3.0394647e-001
 3.1463709e-001
 3.2531533e-001
 3.3582518e-001
 3.4558618e-001
 3.5627735e-001
 3.6734256e-001
 3.7703404e-001
 3.8762131e-001
 3.9747876e-001
 4.0746695e-001
 4.1783342e-001
 4.2683899e-001
 4.3671483e-001
 4.4664121e-001
 4.5550609e-001
 4.6525323e-001
 4.7381327e-001
 4.8235714e-001
 4.9088672e-001
 4.9949944e-001
 5.0910252e-001
 5.1725107e-001
 5.2661133e-001
 5.3569603e-001
 5.4394519e-001
 5.5286753e-001
 5.6185973e-001
 5.6981349e-001
 5.7847536e-001
 5.8619595e-001
 5.9448266e-001
 5.8197266e-001
 5.9041989e-001
 5.9826612e-001
 6.0642064e-001
 6.1448169e-001
 6.2104982e-001
 6.2758875e-001
 6.3340503e-001
 6.3871861e-001
 6.4359325e-001
 6.4846277e-001
 6.5035349e-001
 6.4499247e-001
 6.3424456e-001
 6.0972571e-001
 5.6068438e-001
 5.2769274e-001
 5.5324274e-001
 5.8112717e-001
 5.9772569e-001
 6.0673541e-001
 6.1476570e-001
 6.2626994e-001
 6.4021176e-001
 6.5302652e-001
 6.6419804e-001
 6.7433822e-001
 6.8400139e-001
 6.9264627e-001
 7.0038182e-001
 7.0749176e-001
 7.1422517e-001
 7.2018331e-001
 7.2552991e-001
 7.3047400e-001
 7.3453259e-001
 7.3862290e-001
 7.4209172e-001
 7.4475986e-001
 7.4755359e-001
 7.4999267e-001
 7.5214326e-001
 7.5361145e-001
 7.5488877e-001
 7.5593376e-001
 7.5637937e-001
 7.5655329e-001
 7.5547886e-001
 7.5360179e-001
 7.5125545e-001
 7.4738431e-001
 7.4362177e-001
 7.4033397e-001
 7.3838001e-001
 7.3673058e-001
 7.3645192e-001
 7.3640627e-001
 7.3587954e-001
 7.3430020e-001
 7.2923470e-001
 7.1874559e-001
 6.9536680e-001
 6.4542359e-001
 5.6722111e-001
 6.0011911e-001
 5.1784575e-001
 4.3956506e-001
 4.0330425e-001
 4.1254175e-001
 4.3269125e-001
 4.5078608e-001
 4.6374705e-001
 4.7728363e-001
 4.9141645e-001
 5.0762421e-001
 5.2512950e-001
 5.4262048e-001
 5.5974573e-001
 5.7613814e-001
 5.9059411e-001
 6.0235918e-001
 6.1244041e-001
 6.2163270e-001
 6.2920040e-001
 6.3542587e-001
 6.3977993e-001
 6.4198565e-001
 6.4555109e-001
 6.4972246e-001
 6.5219653e-001
 6.5239084e-001
 6.5057957e-001
 6.4777029e-001
 6.4295262e-001
 6.3381588e-001
 6.2512308e-001
 6.1521792e-001
 6.0274291e-001
 5.8326048e-001
 5.5518967e-001
 5.1658887e-001
 4.8743960e-001
 4.7982711e-001
 4.8558363e-001
 4.9849251e-001
 5.2001500e-001
 5.3811675e-001
 5.4736280e-001
 5.5046439e-001
 5.4890460e-001
 5.4423040e-001
 5.3404981e-001
 5.1893264e-001
 4.9738052e-001
 4.7704381e-001
 4.6186510e-001
 4.5060152e-001
 4.4006827e-001
 4.3437043e-001
 4.3110341e-001
 4.2150980e-001
 4.1219994e-001
 4.0248266e-001
 3.9639646e-001
 3.8913077e-001
 3.8050345e-001
 3.7699172e-001
-1.2300000e+034
