s07_AV97 Record=2034: Microcline HS103.2B Feldspar ASDFRc AREF
 6.2624007e-001
 6.3224572e-001
 6.5870440e-001
 6.7329735e-001
 6.8095410e-001
 6.8675184e-001
 6.9893020e-001
 7.0764446e-001
 7.1710479e-001
 7.2758448e-001
 7.3406208e-001
 7.3839933e-001
 7.4287939e-001
 7.4793166e-001
 7.5365561e-001
 7.5967151e-001
 7.6527882e-001
 7.7012849e-001
 7.7434874e-001
 7.7791339e-001
 7.8106898e-001
 7.8388840e-001
 7.8592652e-001
 7.8741354e-001
 7.8852057e-001
 7.8948933e-001
 7.9024428e-001
 7.9090053e-001
 7.9177696e-001
 7.9282677e-001
 7.9378211e-001
 7.9477435e-001
 7.9362321e-001
 7.9460120e-001
 7.9538709e-001
 7.9675776e-001
 7.9680651e-001
 7.9728895e-001
 7.9754680e-001
 7.9774028e-001
 7.9794461e-001
 7.9807872e-001
 7.9809731e-001
 7.9794520e-001
 7.9765522e-001
 7.9732174e-001
 7.9691565e-001
 7.9643643e-001
 7.9610115e-001
 7.9560828e-001
 7.9507124e-001
 7.9475725e-001
 7.9440880e-001
 7.9403657e-001
 7.9366815e-001
 7.9329020e-001
 7.9289806e-001
 7.9253852e-001
 7.9208010e-001
 7.9144669e-001
 7.9081082e-001
 7.9013360e-001
 7.8940195e-001
 7.8897327e-001
 7.8802341e-001
 7.8702229e-001
 7.8591645e-001
 7.8452861e-001
 7.8339189e-001
 7.8198218e-001
 7.8072399e-001
 7.7938575e-001
 7.7790552e-001
 7.7624130e-001
 7.7462858e-001
 7.7347612e-001
 7.7185559e-001
 7.7029979e-001
 7.6930755e-001
 7.6843685e-001
 7.6778185e-001
 7.6669645e-001
 7.6656067e-001
 7.6645124e-001
 7.6582301e-001
 7.6523775e-001
 7.6508629e-001
 7.6476675e-001
 7.6406455e-001
 7.6357943e-001
 7.6371169e-001
 7.6357234e-001
 7.6370919e-001
 7.6347429e-001
 7.6386696e-001
 7.6385516e-001
 7.6379186e-001
 7.6373446e-001
 7.6384121e-001
 7.6385027e-001
 7.6375663e-001
 7.6367730e-001
 7.6426494e-001
 7.6444864e-001
 7.6447678e-001
 7.6498288e-001
 7.6518381e-001
 7.6509315e-001
 7.6488084e-001
 7.6302069e-001
 7.6147455e-001
 7.6134145e-001
 7.6065844e-001
 7.6529402e-001
 7.6801878e-001
 7.6973075e-001
 7.7133352e-001
 7.7272105e-001
 7.7416199e-001
 7.7605349e-001
 7.7721739e-001
 7.7874225e-001
 7.7993768e-001
 7.8126597e-001
 7.8230977e-001
 7.8387541e-001
 7.8496778e-001
 7.8555661e-001
 7.8692919e-001
 7.8823936e-001
 7.8904122e-001
 7.8988785e-001
 7.9082865e-001
 7.9170412e-001
 7.9239780e-001
 7.9310113e-001
 7.9416150e-001
 7.9537123e-001
 7.9601181e-001
 7.9649025e-001
 7.9737008e-001
 7.9781485e-001
 7.9869795e-001
 7.9936785e-001
 7.9934973e-001
 7.9926819e-001
 7.9913354e-001
 7.9901880e-001
 7.9916865e-001
 7.9973048e-001
 7.9986715e-001
 7.9980266e-001
 7.9987383e-001
 7.9972029e-001
 8.0009288e-001
 7.9937196e-001
 7.9996252e-001
 7.9953218e-001
 7.9767209e-001
 7.9411191e-001
 7.9609388e-001
 7.9063708e-001
 7.8178626e-001
 7.7418047e-001
 7.7319080e-001
 7.7451503e-001
 7.7691966e-001
 7.7861977e-001
 7.7994829e-001
 7.8155088e-001
 7.8304619e-001
 7.8536463e-001
 7.8683680e-001
 7.8891009e-001
 7.9123342e-001
 7.9335511e-001
 7.9535627e-001
 7.9761833e-001
 7.9856658e-001
 7.9970461e-001
 8.0062312e-001
 8.0135709e-001
 8.0135161e-001
 8.0169511e-001
 8.0176204e-001
 8.0095989e-001
 7.9806370e-001
 7.9311144e-001
 7.8828889e-001
 7.8748322e-001
 7.8648472e-001
 7.8333193e-001
 7.7586424e-001
 7.7158606e-001
 7.8111422e-001
 7.8587443e-001
 7.8772581e-001
 7.8847194e-001
 7.8949136e-001
 7.8989583e-001
 7.9014254e-001
 7.8967327e-001
 7.8825325e-001
 7.8802520e-001
 7.8768218e-001
 7.8862894e-001
 7.8821009e-001
 7.8751010e-001
 7.8554100e-001
 7.8355098e-001
 7.8068513e-001
 7.7963120e-001
 7.7910733e-001
 7.7730089e-001
 7.7469379e-001
 7.7206421e-001
 7.6693410e-001
 7.6372927e-001
 7.6080978e-001
 7.5832492e-001
 7.5277090e-001
 7.4776322e-001
 7.5306273e-001
-1.2300000e+034
