s07_AV97 Record=744: Chalcedony CU91-6A           ASDNGa AREF
 3.6142212e-001
 3.8395196e-001
 4.0290231e-001
 4.1731745e-001
 4.2854622e-001
 4.3880492e-001
 4.4942251e-001
 4.6039140e-001
 4.7044849e-001
 4.7866508e-001
 4.8504108e-001
 4.9090683e-001
 4.9745548e-001
 5.0507772e-001
 5.1370388e-001
 5.2229607e-001
 5.3062826e-001
 5.3878778e-001
 5.4692250e-001
 5.5482173e-001
 5.6204724e-001
 5.6756091e-001
 5.7204378e-001
 5.7558137e-001
 5.7839638e-001
 5.8074188e-001
 5.8292484e-001
 5.8519340e-001
 5.8758104e-001
 5.8985019e-001
 5.9179604e-001
 5.9414488e-001
 5.9148622e-001
 5.9361619e-001
 5.9674078e-001
 6.0171998e-001
 6.0682905e-001
 6.1088836e-001
 6.1438352e-001
 6.1758465e-001
 6.2070209e-001
 6.2364298e-001
 6.2655216e-001
 6.2943834e-001
 6.3221675e-001
 6.3480902e-001
 6.3734990e-001
 6.3980281e-001
 6.4216113e-001
 6.4438307e-001
 6.4644337e-001
 6.4847916e-001
 6.5041173e-001
 6.5233457e-001
 6.5425271e-001
 6.5614182e-001
 6.5803558e-001
 6.5990257e-001
 6.6174424e-001
 6.6359156e-001
 6.6540253e-001
 6.6712052e-001
 6.6858208e-001
 6.6981792e-001
 6.7157054e-001
 6.7348897e-001
 6.7544419e-001
 6.7726791e-001
 6.7900991e-001
 6.8082768e-001
 6.8247348e-001
 6.8395734e-001
 6.8558824e-001
 6.8713003e-001
 6.8852353e-001
 6.8976885e-001
 6.9091564e-001
 6.9200134e-001
 6.9283926e-001
 6.9392180e-001
 6.9486350e-001
 6.9551653e-001
 6.9585520e-001
 6.9586331e-001
 6.9649875e-001
 6.9732928e-001
 6.9808900e-001
 6.9884109e-001
 6.9949299e-001
 7.0059818e-001
 7.0141459e-001
 7.0185673e-001
 7.0173275e-001
 7.0128733e-001
 7.0197493e-001
 7.0251477e-001
 7.0156032e-001
 7.0230341e-001
 7.0278454e-001
 7.0328647e-001
 7.0331466e-001
 7.0326382e-001
 7.0274520e-001
 7.0153022e-001
 6.9965339e-001
 6.9752491e-001
 6.9573408e-001
 6.9313091e-001
 6.8714106e-001
 6.7675167e-001
 6.6053927e-001
 6.4215481e-001
 6.2817973e-001
 6.2602669e-001
 6.3135523e-001
 6.3697231e-001
 6.4016443e-001
 6.4228523e-001
 6.4516115e-001
 6.4835262e-001
 6.5108484e-001
 6.5347588e-001
 6.5639955e-001
 6.5921265e-001
 6.6170353e-001
 6.6389078e-001
 6.6571462e-001
 6.6726947e-001
 6.6838580e-001
 6.6934335e-001
 6.7051947e-001
 6.7139566e-001
 6.7193240e-001
 6.7246526e-001
 6.7314851e-001
 6.7342556e-001
 6.7371416e-001
 6.7362010e-001
 6.7342854e-001
 6.7320871e-001
 6.7300522e-001
 6.7257887e-001
 6.7222708e-001
 6.7123175e-001
 6.7039359e-001
 6.6942722e-001
 6.6794097e-001
 6.6676730e-001
 6.6619533e-001
 6.6572499e-001
 6.6537428e-001
 6.6499382e-001
 6.6420758e-001
 6.6369653e-001
 6.6353732e-001
 6.6287327e-001
 6.6047990e-001
 6.5556258e-001
 6.4400452e-001
 6.1984426e-001
 6.2848890e-001
 6.0009676e-001
 5.6785250e-001
 5.4488462e-001
 5.3921849e-001
 5.4189634e-001
 5.4648137e-001
 5.5198658e-001
 5.5890459e-001
 5.6651670e-001
 5.7455128e-001
 5.8228076e-001
 5.8996683e-001
 5.9660089e-001
 6.0240340e-001
 6.0724336e-001
 6.1046189e-001
 6.1295390e-001
 6.1472094e-001
 6.1581844e-001
 6.1666018e-001
 6.1666232e-001
 6.1653215e-001
 6.1633170e-001
 6.1560464e-001
 6.1315560e-001
 6.0832083e-001
 6.0177165e-001
 5.9284610e-001
 5.8053243e-001
 5.6378609e-001
 5.4643792e-001
 5.3379029e-001
 5.2621329e-001
 5.2368015e-001
 5.2287894e-001
 5.2190292e-001
 5.2034581e-001
 5.2029806e-001
 5.2116394e-001
 5.2220100e-001
 5.2256829e-001
 5.2396804e-001
 5.2734858e-001
 5.3234965e-001
 5.3666800e-001
 5.3939259e-001
 5.4071134e-001
 5.4197246e-001
 5.4184204e-001
 5.3942502e-001
 5.3581047e-001
 5.3123617e-001
 5.2590340e-001
 5.1840866e-001
 5.0964171e-001
 5.0053215e-001
 4.9091333e-001
 4.8196167e-001
 4.7343293e-001
 4.6676171e-001
 4.6113858e-001
 4.5690814e-001
-1.2300000e+034
