s07_AV97 Record=2865: Richterite NMNH150800 HCl     BECKb AREF
 3.8029194e-001
 3.9087716e-001
 4.0182891e-001
 4.1228250e-001
 4.2031935e-001
 4.2804176e-001
 4.3294042e-001
 4.3617189e-001
 4.4263160e-001
 4.4834340e-001
 4.5363742e-001
 4.5929408e-001
 4.6413624e-001
 4.6852383e-001
 4.7206011e-001
 4.7626567e-001
 4.7966114e-001
 4.8337486e-001
 4.8664892e-001
 4.8968178e-001
 4.9298036e-001
 4.9676031e-001
 5.0128585e-001
 5.0383258e-001
 5.0629532e-001
 5.0921309e-001
 5.1247585e-001
 5.1587439e-001
 5.1941317e-001
 5.2317494e-001
 5.2705801e-001
 5.3079653e-001
 5.2648938e-001
 5.2999675e-001
 5.3418374e-001
 5.3833801e-001
 5.4222661e-001
 5.4641867e-001
 5.5044937e-001
 5.5439895e-001
 5.5814582e-001
 5.6224054e-001
 5.6609088e-001
 5.7027948e-001
 5.7369536e-001
 5.7553929e-001
 5.7754296e-001
 5.7859337e-001
 5.7867759e-001
 5.7677084e-001
 5.7375199e-001
 5.7752085e-001
 5.8041525e-001
 5.7530981e-001
 5.7458746e-001
 5.7619679e-001
 5.7629889e-001
 5.7502735e-001
 5.7451999e-001
 5.7347929e-001
 5.7471603e-001
 5.7374424e-001
 5.6945908e-001
 5.6953001e-001
 5.7010484e-001
 5.6472409e-001
 5.6008965e-001
 5.5937737e-001
 5.5669421e-001
 5.5471843e-001
 5.5661404e-001
 5.5588865e-001
 5.5992025e-001
 5.6519979e-001
 5.7158357e-001
 5.7767183e-001
 5.8609539e-001
 5.9193325e-001
 5.9952724e-001
 6.0661787e-001
 6.0984284e-001
 6.1348516e-001
 6.1825389e-001
 6.2109166e-001
 6.2212133e-001
 6.2546366e-001
 6.3069350e-001
 6.3289011e-001
 6.3456887e-001
 6.3851702e-001
 6.4236069e-001
 6.4531302e-001
 6.4928651e-001
 6.5442580e-001
 6.5791136e-001
 6.6330308e-001
 6.5599382e-001
 6.6056019e-001
 6.6555852e-001
 6.7021304e-001
 6.7463905e-001
 6.8048114e-001
 6.8623912e-001
 6.8987775e-001
 6.9623214e-001
 7.0034432e-001
 7.0371777e-001
 7.0551276e-001
 6.8679684e-001
 6.7799860e-001
 6.8762749e-001
 7.2152376e-001
 7.3143291e-001
 7.3730087e-001
 7.4100524e-001
 7.4444181e-001
 7.4816096e-001
 7.5140274e-001
 7.5419569e-001
 7.5919110e-001
 7.6193988e-001
 7.6448572e-001
 7.6911122e-001
 7.7009791e-001
 7.7385980e-001
 7.7707911e-001
 7.7806270e-001
 7.8012979e-001
 7.8258467e-001
 7.8485096e-001
 7.8679705e-001
 7.8761119e-001
 7.8994453e-001
 7.9110587e-001
 7.9353952e-001
 7.9361528e-001
 7.9528761e-001
 7.9803169e-001
 7.9727036e-001
 7.9888493e-001
 8.0318505e-001
 8.0506504e-001
 8.0739760e-001
 8.0210990e-001
 8.0742168e-001
 8.0897892e-001
 8.0719423e-001
 8.0548328e-001
 8.0929172e-001
 8.1180459e-001
 8.1238216e-001
 8.0993587e-001
 8.0871445e-001
 8.0943066e-001
 8.0786109e-001
 8.0980760e-001
 8.1162971e-001
 8.0891293e-001
 8.0809993e-001
 8.0701321e-001
 8.0764043e-001
 8.0583990e-001
 8.0476594e-001
 8.0240762e-001
 8.0084515e-001
 8.0186558e-001
 8.0166060e-001
 8.0150580e-001
 8.0406600e-001
 8.0536371e-001
 8.0197054e-001
 8.0106694e-001
 8.0003369e-001
 7.9724061e-001
 7.9961848e-001
 8.0047029e-001
 7.9901665e-001
 7.9702538e-001
 7.9174769e-001
 7.8809988e-001
 7.8744084e-001
 7.8122067e-001
 7.7991974e-001
 7.7776492e-001
 7.7878428e-001
 7.8260893e-001
 7.8523350e-001
 7.8799689e-001
 7.8832191e-001
 7.8509635e-001
 7.8050506e-001
 7.7626449e-001
 7.7766657e-001
 7.7295142e-001
 7.7212948e-001
 7.7386588e-001
 7.7104270e-001
 7.6591146e-001
 7.5680983e-001
 7.4493307e-001
 7.2910595e-001
 7.0772219e-001
 6.5959376e-001
 6.0953283e-001
 6.2464690e-001
 6.9252563e-001
 7.1549416e-001
 7.1741557e-001
 7.0319235e-001
 6.6503745e-001
 6.3440108e-001
 6.5317112e-001
 6.8401426e-001
 7.0388055e-001
 7.0995325e-001
 7.0754910e-001
 7.0221335e-001
 6.9905686e-001
 6.9916177e-001
 7.0199275e-001
 7.0689040e-001
 7.1243644e-001
 7.1709275e-001
 7.1972686e-001
