s07_AV97 Record=3562: Alun_Na+Kaol+Hemat  MV00-11a ASDFRc AREF
 1.5270944e-001
 1.5471689e-001
 1.5707362e-001
 1.5893190e-001
 1.6026387e-001
 1.6155973e-001
 1.6303267e-001
 1.6498782e-001
 1.6708645e-001
 1.6861773e-001
 1.6967051e-001
 1.7063303e-001
 1.7184180e-001
 1.7355332e-001
 1.7547910e-001
 1.7756903e-001
 1.8025644e-001
 1.8430611e-001
 1.9075899e-001
 2.0082137e-001
 2.1521588e-001
 2.3351741e-001
 2.5398329e-001
 2.7443284e-001
 2.9294011e-001
 3.0873099e-001
 3.2190150e-001
 3.3325398e-001
 3.4364378e-001
 3.5361403e-001
 3.6376691e-001
 3.7448350e-001
 3.6210015e-001
 3.7234876e-001
 3.8334766e-001
 3.9498284e-001
 4.0692472e-001
 4.1845477e-001
 4.2852014e-001
 4.3619469e-001
 4.4098061e-001
 4.4268548e-001
 4.4160777e-001
 4.3821684e-001
 4.3340117e-001
 4.2778182e-001
 4.2196479e-001
 4.1634381e-001
 4.1123876e-001
 4.0679035e-001
 4.0312171e-001
 4.0035498e-001
 3.9853141e-001
 3.9760390e-001
 3.9763641e-001
 3.9873520e-001
 4.0062141e-001
 4.0352279e-001
 4.0726036e-001
 4.1218024e-001
 4.1784975e-001
 4.2406231e-001
 4.3078887e-001
 4.3899161e-001
 4.4818661e-001
 4.5988494e-001
 4.7039381e-001
 4.8039114e-001
 4.8902774e-001
 5.0039828e-001
 5.1101685e-001
 5.2059138e-001
 5.3002936e-001
 5.3888440e-001
 5.4770756e-001
 5.5720812e-001
 5.6486213e-001
 5.7373750e-001
 5.8157384e-001
 5.8884126e-001
 5.9656769e-001
 6.0323483e-001
 6.0942018e-001
 6.1571813e-001
 6.2128580e-001
 6.2726957e-001
 6.3220251e-001
 6.3752133e-001
 6.4227581e-001
 6.4613426e-001
 6.4917701e-001
 6.5038300e-001
 6.5191042e-001
 6.5617967e-001
 6.5925187e-001
 6.6086000e-001
 6.5778184e-001
 6.6028392e-001
 6.6129714e-001
 6.6258246e-001
 6.6159129e-001
 6.5985930e-001
 6.5820056e-001
 6.5551496e-001
 6.5260053e-001
 6.4921659e-001
 6.3567746e-001
 6.2915313e-001
 6.1917555e-001
 5.8263165e-001
 5.4720581e-001
 5.4771155e-001
 5.4060137e-001
 5.7219541e-001
 5.7246715e-001
 5.8862835e-001
 6.0208017e-001
 6.0264295e-001
 5.9369534e-001
 5.8266181e-001
 5.8726239e-001
 6.1490524e-001
 6.3567746e-001
 6.4931190e-001
 6.5917754e-001
 6.6574883e-001
 6.6984361e-001
 6.7294967e-001
 6.7524701e-001
 6.7706484e-001
 6.7826241e-001
 6.7912030e-001
 6.7999357e-001
 6.8037534e-001
 6.8071198e-001
 6.8040335e-001
 6.8007553e-001
 6.7850125e-001
 6.7607820e-001
 6.7352432e-001
 6.7062396e-001
 6.6644925e-001
 6.6035992e-001
 6.5022957e-001
 6.3516736e-001
 6.1832684e-001
 6.0249615e-001
 5.9445840e-001
 5.9675115e-001
 6.1081606e-001
 6.2725252e-001
 6.3933909e-001
 6.4503390e-001
 6.4694303e-001
 6.4726180e-001
 6.4542598e-001
 6.4528787e-001
 6.4065093e-001
 6.2720126e-001
 6.0578996e-001
 6.1495668e-001
 5.9001487e-001
 5.5928159e-001
 5.3047460e-001
 5.1449221e-001
 5.0885808e-001
 5.0775480e-001
 5.0932795e-001
 5.1303172e-001
 5.1672429e-001
 5.1986057e-001
 5.2015829e-001
 5.1842511e-001
 5.1856422e-001
 5.2132368e-001
 5.2081305e-001
 5.1732212e-001
 5.1367784e-001
 5.1068074e-001
 5.0781596e-001
 5.0444543e-001
 4.9858508e-001
 4.9184948e-001
 4.7980255e-001
 4.6361482e-001
 4.4162688e-001
 4.1284916e-001
 3.7984312e-001
 3.5610703e-001
 3.5009733e-001
 3.5353810e-001
 3.5813609e-001
 3.6101818e-001
 3.5564712e-001
 3.9340779e-001
 4.2980629e-001
 4.4810712e-001
 4.5652834e-001
 4.5815429e-001
 4.5365298e-001
 4.4613832e-001
 4.3625256e-001
 4.2277384e-001
 3.9878690e-001
 3.7594852e-001
 3.7353697e-001
 3.8197628e-001
 3.8608512e-001
 3.8282090e-001
 3.6986968e-001
 3.5299152e-001
 3.3799598e-001
 3.3038184e-001
 3.2746330e-001
 3.2083011e-001
 3.0709332e-001
 2.8858739e-001
 2.7794519e-001
 2.7501005e-001
 2.7337185e-001
 2.6855999e-001
 2.6745066e-001
 2.6204515e-001
-1.2300000e+034
