s07_AV97 Record=1859: Labradorite HS17.1B          ASDFRc AREF
 4.7615078e-001
 4.8708031e-001
 4.9716425e-001
 5.0695598e-001
 5.1502132e-001
 5.2229100e-001
 5.2881116e-001
 5.3454584e-001
 5.3943145e-001
 5.4368979e-001
 5.4752094e-001
 5.5117637e-001
 5.5464828e-001
 5.5805629e-001
 5.6121379e-001
 5.6415486e-001
 5.6684208e-001
 5.6956571e-001
 5.7224131e-001
 5.7525468e-001
 5.7839793e-001
 5.8173597e-001
 5.8471251e-001
 5.8771402e-001
 5.9055924e-001
 5.9263235e-001
 5.9517366e-001
 5.9764218e-001
 5.9983593e-001
 6.0216349e-001
 6.0452163e-001
 6.0689628e-001
 6.0413390e-001
 6.0643512e-001
 6.0891712e-001
 6.1136085e-001
 6.1385316e-001
 6.1633825e-001
 6.1893559e-001
 6.2165147e-001
 6.2412351e-001
 6.2635744e-001
 6.2860507e-001
 6.3055682e-001
 6.3245738e-001
 6.3410425e-001
 6.3550121e-001
 6.3684446e-001
 6.3804388e-001
 6.3897932e-001
 6.4001030e-001
 6.4100295e-001
 6.4177150e-001
 6.4255404e-001
 6.4342308e-001
 6.4404124e-001
 6.4487094e-001
 6.4550984e-001
 6.4602554e-001
 6.4667517e-001
 6.4701074e-001
 6.4731407e-001
 6.4734966e-001
 6.4765602e-001
 6.4817935e-001
 6.4830405e-001
 6.4827776e-001
 6.4831674e-001
 6.4847028e-001
 6.4801347e-001
 6.4733523e-001
 6.4723992e-001
 6.4624506e-001
 6.4557374e-001
 6.4498007e-001
 6.4468074e-001
 6.4439654e-001
 6.4406228e-001
 6.4360857e-001
 6.4282650e-001
 6.4260626e-001
 6.4219332e-001
 6.4176351e-001
 6.4096218e-001
 6.4050400e-001
 6.4010864e-001
 6.3933611e-001
 6.3891226e-001
 6.3826543e-001
 6.3782197e-001
 6.3727325e-001
 6.3687086e-001
 6.3655353e-001
 6.3653439e-001
 6.3645321e-001
 6.3629967e-001
 6.3645959e-001
 6.3642484e-001
 6.3609660e-001
 6.3561714e-001
 6.3549232e-001
 6.3535476e-001
 6.3491207e-001
 6.3463247e-001
 6.3424623e-001
 6.3386375e-001
 6.3372183e-001
 6.3306940e-001
 6.3282412e-001
 6.3257086e-001
 6.3263774e-001
 6.3227350e-001
 6.3245755e-001
 6.3270670e-001
 6.3271129e-001
 6.3287890e-001
 6.3275552e-001
 6.3333184e-001
 6.3315713e-001
 6.3314366e-001
 6.3360077e-001
 6.3369083e-001
 6.3365144e-001
 6.3421154e-001
 6.3418573e-001
 6.3428730e-001
 6.3392836e-001
 6.3393188e-001
 6.3430929e-001
 6.3515460e-001
 6.3532275e-001
 6.3555986e-001
 6.3577151e-001
 6.3574010e-001
 6.3603026e-001
 6.3625079e-001
 6.3598537e-001
 6.3637972e-001
 6.3704419e-001
 6.3721579e-001
 6.3788474e-001
 6.3853776e-001
 6.3981169e-001
 6.4005858e-001
 6.3992733e-001
 6.3983321e-001
 6.4002329e-001
 6.3996512e-001
 6.4000851e-001
 6.4098519e-001
 6.4164209e-001
 6.4181262e-001
 6.4168137e-001
 6.4158273e-001
 6.4131439e-001
 6.4143920e-001
 6.4181411e-001
 6.4263242e-001
 6.4285845e-001
 6.4460939e-001
 6.4417887e-001
 6.4436847e-001
 6.4342147e-001
 6.4263278e-001
 6.4235944e-001
 6.4264405e-001
 6.4366436e-001
 6.4411324e-001
 6.4329326e-001
 6.4357072e-001
 6.4471668e-001
 6.4577097e-001
 6.4599425e-001
 6.4658779e-001
 6.4800847e-001
 6.4906132e-001
 6.5061378e-001
 6.5204346e-001
 6.5367073e-001
 6.5480322e-001
 6.5672302e-001
 6.5805763e-001
 6.5850717e-001
 6.5864688e-001
 6.5917480e-001
 6.5946633e-001
 6.5971857e-001
 6.5967268e-001
 6.5889025e-001
 6.5845895e-001
 6.5832472e-001
 6.5807390e-001
 6.5737587e-001
 6.5878409e-001
 6.5935254e-001
 6.5901172e-001
 6.5856940e-001
 6.5966398e-001
 6.6054499e-001
 6.6075331e-001
 6.6111398e-001
 6.6128975e-001
 6.6170847e-001
 6.6280168e-001
 6.6454953e-001
 6.6534662e-001
 6.6649818e-001
 6.6595930e-001
 6.6702855e-001
 6.6698444e-001
 6.6806304e-001
 6.6826791e-001
 6.6838801e-001
 6.6705418e-001
 6.6624641e-001
 6.6620672e-001
 6.6652387e-001
 6.6581774e-001
 6.6562247e-001
 6.6322923e-001
 6.6341585e-001
 6.6453516e-001
 6.6675252e-001
-1.2300000e+034
