s07_AV97 Record=3840: Dolomit+Calcite+Talc PC99-1E ASDFRc AREF
 2.3566866e-001
 2.4760965e-001
 2.6193097e-001
 2.7672583e-001
 2.8797436e-001
 2.9642293e-001
 3.0413201e-001
 3.1137800e-001
 3.1783488e-001
 3.2320428e-001
 3.2773384e-001
 3.3191925e-001
 3.3590984e-001
 3.3958951e-001
 3.4290123e-001
 3.4576750e-001
 3.4821680e-001
 3.5038468e-001
 3.5244280e-001
 3.5445815e-001
 3.5627997e-001
 3.5772496e-001
 3.5898495e-001
 3.6024827e-001
 3.6135134e-001
 3.6208734e-001
 3.6277765e-001
 3.6329013e-001
 3.6372584e-001
 3.6409807e-001
 3.6439425e-001
 3.6465305e-001
 3.6435121e-001
 3.6461100e-001
 3.6477917e-001
 3.6489388e-001
 3.6498651e-001
 3.6501008e-001
 3.6500075e-001
 3.6495373e-001
 3.6492559e-001
 3.6489087e-001
 3.6490807e-001
 3.6487728e-001
 3.6474064e-001
 3.6448696e-001
 3.6401165e-001
 3.6349651e-001
 3.6296418e-001
 3.6233389e-001
 3.6163154e-001
 3.6096126e-001
 3.6032829e-001
 3.5977158e-001
 3.5930416e-001
 3.5894960e-001
 3.5863167e-001
 3.5839033e-001
 3.5816821e-001
 3.5796642e-001
 3.5778406e-001
 3.5743588e-001
 3.5594213e-001
 3.5661781e-001
 3.5630015e-001
 3.5603687e-001
 3.5570797e-001
 3.5542026e-001
 3.5477462e-001
 3.5327184e-001
 3.5282442e-001
 3.5255271e-001
 3.5228482e-001
 3.5195792e-001
 3.5162905e-001
 3.5132670e-001
 3.5120130e-001
 3.5099375e-001
 3.5090113e-001
 3.5074574e-001
 3.5064608e-001
 3.5028446e-001
 3.4987718e-001
 3.4942621e-001
 3.4931937e-001
 3.4930852e-001
 3.4926572e-001
 3.4928334e-001
 3.4933993e-001
 3.4942892e-001
 3.4960720e-001
 3.4973651e-001
 3.4986186e-001
 3.4993520e-001
 3.4982410e-001
 3.4935141e-001
 3.4993789e-001
 3.4967509e-001
 3.4907326e-001
 3.4907052e-001
 3.4877434e-001
 3.4846213e-001
 3.4837681e-001
 3.4813085e-001
 3.4793961e-001
 3.4768996e-001
 3.4782562e-001
 3.4735930e-001
 3.4480768e-001
 3.2571873e-001
 3.1134716e-001
 3.2915634e-001
 3.2963866e-001
 3.3054450e-001
 3.3181289e-001
 3.3332181e-001
 3.3444691e-001
 3.3561331e-001
 3.3677095e-001
 3.3777437e-001
 3.3838856e-001
 3.3877203e-001
 3.3910927e-001
 3.3939534e-001
 3.3964157e-001
 3.4011000e-001
 3.4062582e-001
 3.4110737e-001
 3.4166276e-001
 3.4225577e-001
 3.4271866e-001
 3.4303635e-001
 3.4335744e-001
 3.4349468e-001
 3.4351736e-001
 3.4358037e-001
 3.4352139e-001
 3.4348872e-001
 3.4338629e-001
 3.4316349e-001
 3.4282321e-001
 3.4240606e-001
 3.4184796e-001
 3.4120947e-001
 3.4050900e-001
 3.3964226e-001
 3.3881041e-001
 3.3818722e-001
 3.3764327e-001
 3.3719176e-001
 3.3642048e-001
 3.3558145e-001
 3.3446088e-001
 3.3345491e-001
 3.3189255e-001
 3.2977450e-001
 3.2717040e-001
 3.2379714e-001
 3.1936282e-001
 3.1359071e-001
 3.1577057e-001
 3.0932224e-001
 2.9801959e-001
 2.9123342e-001
 2.9174313e-001
 2.9319915e-001
 2.9385039e-001
 2.9342058e-001
 2.9281771e-001
 2.9250121e-001
 2.9224455e-001
 2.9209971e-001
 2.9322836e-001
 2.9713380e-001
 3.0101320e-001
 3.0451050e-001
 3.0701298e-001
 3.0878037e-001
 3.1007412e-001
 3.1016013e-001
 3.0947217e-001
 3.0976069e-001
 3.0902869e-001
 3.0786932e-001
 3.0642605e-001
 3.0488828e-001
 3.0378234e-001
 3.0246928e-001
 3.0181786e-001
 3.0154508e-001
 3.0140629e-001
 3.0092841e-001
 2.9862079e-001
 2.9540184e-001
 2.8936276e-001
 2.7789554e-001
 2.6724678e-001
 2.6131067e-001
 2.5724235e-001
 2.5055656e-001
 2.3721752e-001
 2.1534272e-001
 2.0866029e-001
 1.9499177e-001
 1.9149341e-001
 1.9740598e-001
 2.0339032e-001
 2.1207909e-001
 2.2588700e-001
 2.3755908e-001
 2.3784636e-001
 2.3444118e-001
 2.3791498e-001
 2.4591668e-001
 2.4198148e-001
 2.3395276e-001
 2.2725944e-001
 2.1886440e-001
 2.0864064e-001
 1.9862607e-001
 1.9303243e-001
 1.8618461e-001
 1.8058795e-001
-1.2300000e+034
