s07_AV97 Record=2405: Olivine GDS70.c Fo89  70um  NIC4bbb RREF
-1.2300000e+034
-1.2300000e+034
-1.2300000e+034
-1.2300000e+034
-1.2300000e+034
-1.2300000e+034
-1.2300000e+034
-1.2300000e+034
-1.2300000e+034
-1.2300000e+034
-1.2300000e+034
-1.2300000e+034
-1.2300000e+034
-1.2300000e+034
-1.2300000e+034
-1.2300000e+034
-1.2300000e+034
-1.2300000e+034
-1.2300000e+034
-1.2300000e+034
-1.2300000e+034
-1.2300000e+034
-1.2300000e+034
-1.2300000e+034
-1.2300000e+034
-1.2300000e+034
-1.2300000e+034
-1.2300000e+034
-1.2300000e+034
-1.2300000e+034
-1.2300000e+034
-1.2300000e+034
-1.2300000e+034
-1.2300000e+034
-1.2300000e+034
-1.2300000e+034
-1.2300000e+034
-1.2300000e+034
-1.2300000e+034
-1.2300000e+034
-1.2300000e+034
-1.2300000e+034
-1.2300000e+034
-1.2300000e+034
-1.2300000e+034
-1.2300000e+034
-1.2300000e+034
-1.2300000e+034
-1.2300000e+034
-1.2300000e+034
-1.2300000e+034
-1.2300000e+034
-1.2300000e+034
-1.2300000e+034
-1.2300000e+034
-1.2300000e+034
-1.2300000e+034
-1.2300000e+034
-1.2300000e+034
-1.2300000e+034
-1.2300000e+034
-1.2300000e+034
-1.2300000e+034
-1.2300000e+034
-1.2300000e+034
-1.2300000e+034
-1.2300000e+034
-1.2300000e+034
-1.2300000e+034
-1.2300000e+034
-1.2300000e+034
-1.2300000e+034
-1.2300000e+034
-1.2300000e+034
-1.2300000e+034
-1.2300000e+034
-1.2300000e+034
-1.2300000e+034
-1.2300000e+034
-1.2300000e+034
-1.2300000e+034
-1.2300000e+034
-1.2300000e+034
-1.2300000e+034
-1.2300000e+034
-1.2300000e+034
-1.2300000e+034
-1.2300000e+034
-1.2300000e+034
-1.2300000e+034
-1.2300000e+034
-1.2300000e+034
-1.2300000e+034
-1.2300000e+034
-1.2300000e+034
-1.2300000e+034
-1.2300000e+034
-1.2300000e+034
-1.2300000e+034
 2.8949979e-001
 2.9417425e-001
 2.9956284e-001
 3.0533355e-001
 3.1147534e-001
 3.1787899e-001
 3.2453370e-001
 3.3125317e-001
 3.3856434e-001
 3.4637737e-001
 3.5439414e-001
 3.6270890e-001
 3.7123516e-001
 3.7993586e-001
 3.8879874e-001
 3.9773631e-001
 4.0667894e-001
 4.1560045e-001
 4.2444837e-001
 4.3320802e-001
 4.4178990e-001
 4.5008069e-001
 4.5815820e-001
 4.6594480e-001
 4.7337341e-001
 4.8044062e-001
 4.8711035e-001
 4.9339339e-001
 4.9926394e-001
 5.0466818e-001
 5.0968826e-001
 5.1430488e-001
 5.1849771e-001
 5.2232492e-001
 5.2581155e-001
 5.2894795e-001
 5.3175682e-001
 5.3423524e-001
 5.3642815e-001
 5.3839505e-001
 5.4008257e-001
 5.4152703e-001
 5.4283541e-001
 5.4396093e-001
 5.4493350e-001
 5.4580492e-001
 5.4654306e-001
 5.4716390e-001
 5.4767871e-001
 5.4812330e-001
 5.4848766e-001
 5.4878092e-001
 5.4901624e-001
 5.4921657e-001
 5.4932356e-001
 5.4940712e-001
 5.4944998e-001
 5.4958802e-001
 5.4969972e-001
 5.4960269e-001
 5.4977989e-001
 5.4972017e-001
 5.4977489e-001
 5.4963428e-001
 5.4951292e-001
 5.4946649e-001
 5.4950684e-001
 5.4954314e-001
 5.4960227e-001
 5.4966319e-001
 5.4972947e-001
 5.4979485e-001
 5.4988068e-001
 5.4997373e-001
 5.5012619e-001
 5.5029404e-001
 5.5045050e-001
 5.5060339e-001
 5.5076927e-001
 5.5091584e-001
 5.5107915e-001
 5.5122507e-001
 5.5134541e-001
 5.5151105e-001
 5.5162847e-001
 5.5176377e-001
 5.5189437e-001
 5.5200899e-001
 5.5211145e-001
 5.5223507e-001
 5.5238622e-001
 5.5246377e-001
 5.5250591e-001
 5.5256051e-001
 5.5260569e-001
 5.5268580e-001
 5.5275750e-001
 5.5275667e-001
 5.5282158e-001
 5.5282295e-001
 5.5281621e-001
 5.5280036e-001
 5.5277157e-001
 5.5275619e-001
 5.5279189e-001
 5.5281669e-001
 5.5286950e-001
 5.5283767e-001
 5.5280185e-001
 5.5277473e-001
 5.5274296e-001
 5.5270773e-001
 5.5274343e-001
 5.5268258e-001
 5.5265367e-001
 5.5261105e-001
 5.5258352e-001
 5.5250186e-001
 5.5237246e-001
 5.5223751e-001
 5.5213094e-001
 5.5204970e-001
 5.5196601e-001
 5.5188400e-001
 5.5176049e-001
