s07_AV97 Record=3525: Acid_Mine_Dr Assemb2-Fe3+    ASDFRb AREF
 2.5250196e-002
 2.3894386e-002
 2.3585891e-002
 2.5549136e-002
 2.7707968e-002
 3.0077543e-002
 3.4558836e-002
 4.0030330e-002
 4.5058589e-002
 4.9067914e-002
 5.1747188e-002
 5.4088522e-002
 5.8192950e-002
 6.6273496e-002
 8.0880530e-002
 1.0331394e-001
 1.3243018e-001
 1.6560836e-001
 2.0048746e-001
 2.3337710e-001
 2.6468366e-001
 2.9318488e-001
 3.1759369e-001
 3.3828408e-001
 3.5557652e-001
 3.7097287e-001
 3.8568234e-001
 4.0015543e-001
 4.1476321e-001
 4.3005529e-001
 4.4611254e-001
 4.6272254e-001
 4.4348875e-001
 4.5948654e-001
 4.7577545e-001
 4.9132219e-001
 5.0488913e-001
 5.1523477e-001
 5.2193695e-001
 5.2509505e-001
 5.2519357e-001
 5.2274871e-001
 5.1850128e-001
 5.1281434e-001
 5.0649697e-001
 4.9983290e-001
 4.9337628e-001
 4.8734158e-001
 4.8175940e-001
 4.7689483e-001
 4.7283417e-001
 4.6939382e-001
 4.6679467e-001
 4.6494576e-001
 4.6386483e-001
 4.6313924e-001
 4.6329665e-001
 4.6371058e-001
 4.6476147e-001
 4.6643242e-001
 4.6853131e-001
 4.7108370e-001
 4.7482565e-001
 4.7816023e-001
 4.8264456e-001
 4.8814210e-001
 4.9392322e-001
 5.0010246e-001
 5.0694424e-001
 5.1407468e-001
 5.2204418e-001
 5.3023392e-001
 5.3925097e-001
 5.4787153e-001
 5.5760247e-001
 5.6787264e-001
 5.7689059e-001
 5.8722913e-001
 5.9731668e-001
 6.0664523e-001
 6.1701143e-001
 6.2593770e-001
 6.3508028e-001
 6.4401269e-001
 6.5193856e-001
 6.6044468e-001
 6.6759855e-001
 6.7527407e-001
 6.8250543e-001
 6.8874842e-001
 6.9506758e-001
 7.0067543e-001
 7.0562702e-001
 7.1049464e-001
 7.1442306e-001
 7.1849221e-001
 7.1237487e-001
 7.1664554e-001
 7.2051233e-001
 7.2371376e-001
 7.2627497e-001
 7.2864592e-001
 7.3056930e-001
 7.3187411e-001
 7.3247391e-001
 7.3298466e-001
 7.3408300e-001
 7.3461783e-001
 7.3298162e-001
 7.2901088e-001
 7.1903074e-001
 7.0320898e-001
 6.8830115e-001
 6.8047929e-001
 6.7652875e-001
 6.7370808e-001
 6.7282104e-001
 6.7314571e-001
 6.7434329e-001
 6.7637545e-001
 6.7894417e-001
 6.8231422e-001
 6.8510693e-001
 6.8767351e-001
 6.8981546e-001
 6.9140130e-001
 6.9327420e-001
 6.9479585e-001
 6.9601572e-001
 6.9666344e-001
 6.9714296e-001
 6.9725978e-001
 6.9733173e-001
 6.9694316e-001
 6.9643760e-001
 6.9567049e-001
 6.9500494e-001
 6.9420630e-001
 6.9315392e-001
 6.9222063e-001
 6.9110501e-001
 6.8983001e-001
 6.8822527e-001
 6.8625706e-001
 6.8384409e-001
 6.8140727e-001
 6.7986071e-001
 6.7938113e-001
 6.7858511e-001
 6.7841578e-001
 6.7811424e-001
 6.7768937e-001
 6.7595887e-001
 6.7392242e-001
 6.7152578e-001
 6.6877109e-001
 6.6400582e-001
 6.6086942e-001
 6.5533876e-001
 6.4060169e-001
 6.4929396e-001
 6.2643570e-001
 5.9800923e-001
 5.6711900e-001
 5.4065859e-001
 5.2437383e-001
 5.1492041e-001
 5.1417929e-001
 5.1880819e-001
 5.2581799e-001
 5.3453332e-001
 5.4358137e-001
 5.5429339e-001
 5.6500107e-001
 5.7481992e-001
 5.8550829e-001
 5.9342724e-001
 5.9925944e-001
 6.0259348e-001
 6.0895127e-001
 6.1366862e-001
 6.1611295e-001
 6.1961401e-001
 6.2139982e-001
 6.2554866e-001
 6.2587577e-001
 6.2574238e-001
 6.2465179e-001
 6.2127817e-001
 6.1515623e-001
 6.0784882e-001
 5.9716487e-001
 5.8954775e-001
 5.8570099e-001
 5.8218586e-001
 5.8192796e-001
 5.8121997e-001
 5.8104038e-001
 5.8050746e-001
 5.7992786e-001
 5.7984096e-001
 5.7736337e-001
 5.7101786e-001
 5.6452411e-001
 5.5817634e-001
 5.5128509e-001
 5.4340315e-001
 5.3780693e-001
 5.2790946e-001
 5.2392823e-001
 5.1635683e-001
 5.1181239e-001
 5.0385094e-001
 4.9879903e-001
 4.9174771e-001
 4.8405632e-001
 4.7772169e-001
 4.7363287e-001
 4.6535942e-001
 4.5941266e-001
 4.5673820e-001
 4.5267600e-001
 4.4772393e-001
-1.2300000e+034
