s07_AV97 Record=2717: Pyrite S30                    BECKc AREF
 4.3911494e-002
 4.3963257e-002
 4.4066682e-002
 4.4283453e-002
 4.5052473e-002
 4.5496427e-002
 4.6125926e-002
 4.7253627e-002
 4.7946166e-002
 4.9093775e-002
 5.0748605e-002
 5.2421648e-002
 5.3861283e-002
 5.4881606e-002
 5.6152645e-002
 5.6819603e-002
 5.7323288e-002
 5.7718556e-002
 5.8594923e-002
 5.8952622e-002
 5.9325609e-002
 5.9812441e-002
 6.0069758e-002
 6.0434937e-002
 6.0252424e-002
 6.0369842e-002
 6.0595404e-002
 6.0807001e-002
 6.1033674e-002
 6.1615188e-002
 6.2196460e-002
 6.2467001e-002
 6.2171008e-002
 6.2311556e-002
 6.3156843e-002
 6.3039325e-002
 6.3301623e-002
 6.3774452e-002
 6.3749380e-002
 6.3752912e-002
 6.3565418e-002
 6.3400157e-002
 6.3237309e-002
 6.3021369e-002
 6.2666804e-002
 6.2441237e-002
 6.2366556e-002
 6.2339380e-002
 6.1779011e-002
 6.1330613e-002
 6.1215736e-002
 6.3511930e-002
 6.2053163e-002
 5.9951872e-002
 5.9613366e-002
 6.0668264e-002
 6.3321047e-002
 6.1176103e-002
 6.0483299e-002
 6.2871166e-002
 5.9838664e-002
 5.9607960e-002
 5.9080698e-002
 6.0866229e-002
 6.0828689e-002
 6.0927264e-002
 6.2052879e-002
 6.0478423e-002
 6.1120979e-002
 6.1994147e-002
 6.4266540e-002
 6.3950799e-002
 6.4945348e-002
 6.5223530e-002
 6.5775357e-002
 6.5197550e-002
 6.6412695e-002
 6.8985291e-002
 6.8735488e-002
 6.9739200e-002
 7.0827633e-002
 7.1841702e-002
 7.3614478e-002
 7.4514039e-002
 7.5036891e-002
 7.6157540e-002
 7.8737706e-002
 8.1593759e-002
 8.1462979e-002
 8.3712704e-002
 8.4669910e-002
 8.5977361e-002
 8.8261537e-002
 8.9010946e-002
 9.1583960e-002
 9.2224464e-002
 9.0418838e-002
 9.2060789e-002
 9.2589997e-002
 9.5074818e-002
 9.7050570e-002
 9.9160977e-002
 1.0069150e-001
 1.0187919e-001
 1.0356295e-001
 1.0514640e-001
 1.0600656e-001
 1.0765735e-001
 1.1004365e-001
 1.1235116e-001
 1.1317364e-001
 1.1475652e-001
 1.1704706e-001
 1.1781695e-001
 1.1945534e-001
 1.2183748e-001
 1.2413564e-001
 1.2479992e-001
 1.2694688e-001
 1.2750876e-001
 1.2813948e-001
 1.3025203e-001
 1.2927425e-001
 1.3061659e-001
 1.3141279e-001
 1.3272275e-001
 1.3434756e-001
 1.3549784e-001
 1.3523445e-001
 1.3593589e-001
 1.3610600e-001
 1.3715227e-001
 1.3655226e-001
 1.3690576e-001
 1.3744062e-001
 1.3766506e-001
 1.3891242e-001
 1.3850394e-001
 1.3767779e-001
 1.3752604e-001
 1.3985701e-001
 1.3725023e-001
 1.3744800e-001
 1.4014772e-001
 1.3963868e-001
 1.4078072e-001
 1.4113513e-001
 1.3996004e-001
 1.4118785e-001
 1.4015000e-001
 1.3999379e-001
 1.3916099e-001
 1.4087558e-001
 1.4083600e-001
 1.4264481e-001
 1.4124121e-001
 1.4202966e-001
 1.4163488e-001
 1.4211850e-001
 1.4221810e-001
 1.4256030e-001
 1.4133866e-001
 1.4130445e-001
 1.4218506e-001
 1.4129622e-001
 1.4068577e-001
 1.4122587e-001
 1.3926068e-001
 1.3987471e-001
 1.3952048e-001
 1.3926451e-001
 1.4042002e-001
 1.3984099e-001
 1.4000413e-001
 1.4034040e-001
 1.4163108e-001
 1.4212768e-001
 1.4115247e-001
 1.4045236e-001
 1.3961099e-001
 1.4191674e-001
 1.4175096e-001
 1.4433835e-001
 1.4272960e-001
 1.4163350e-001
 1.4361200e-001
 1.4671235e-001
 1.4682829e-001
 1.4254196e-001
 1.4318836e-001
 1.4431202e-001
 1.4437991e-001
 1.4385885e-001
 1.4067811e-001
 1.4090365e-001
 1.4357370e-001
 1.4440672e-001
 1.4631850e-001
 1.4465684e-001
 1.4293328e-001
 1.4560771e-001
 1.4520079e-001
 1.4114067e-001
 1.4677057e-001
 1.4496705e-001
 1.4577714e-001
 1.4955878e-001
 1.4583044e-001
 1.4308903e-001
 1.4671616e-001
 1.4943846e-001
 1.4835903e-001
 1.4553608e-001
 1.4574517e-001
 1.4754368e-001
 1.4728855e-001
 1.4573222e-001
 1.4465006e-001
 1.4444537e-001
 1.4485826e-001
 1.4566292e-001
 1.4640301e-001
 1.4658920e-001
 1.4597297e-001
