s07_AV97 Record=2582: Phlogopite GDS20 fine fr    NIC4bbb RREF
-1.2300000e+034
-1.2300000e+034
-1.2300000e+034
-1.2300000e+034
-1.2300000e+034
-1.2300000e+034
-1.2300000e+034
-1.2300000e+034
-1.2300000e+034
-1.2300000e+034
-1.2300000e+034
-1.2300000e+034
-1.2300000e+034
-1.2300000e+034
-1.2300000e+034
-1.2300000e+034
-1.2300000e+034
-1.2300000e+034
-1.2300000e+034
-1.2300000e+034
-1.2300000e+034
-1.2300000e+034
-1.2300000e+034
-1.2300000e+034
-1.2300000e+034
-1.2300000e+034
-1.2300000e+034
-1.2300000e+034
-1.2300000e+034
-1.2300000e+034
-1.2300000e+034
-1.2300000e+034
-1.2300000e+034
-1.2300000e+034
-1.2300000e+034
-1.2300000e+034
-1.2300000e+034
-1.2300000e+034
-1.2300000e+034
-1.2300000e+034
-1.2300000e+034
-1.2300000e+034
-1.2300000e+034
-1.2300000e+034
-1.2300000e+034
-1.2300000e+034
-1.2300000e+034
-1.2300000e+034
-1.2300000e+034
-1.2300000e+034
-1.2300000e+034
-1.2300000e+034
-1.2300000e+034
-1.2300000e+034
-1.2300000e+034
-1.2300000e+034
-1.2300000e+034
-1.2300000e+034
-1.2300000e+034
-1.2300000e+034
-1.2300000e+034
-1.2300000e+034
-1.2300000e+034
-1.2300000e+034
-1.2300000e+034
-1.2300000e+034
-1.2300000e+034
-1.2300000e+034
-1.2300000e+034
-1.2300000e+034
-1.2300000e+034
-1.2300000e+034
-1.2300000e+034
-1.2300000e+034
-1.2300000e+034
-1.2300000e+034
-1.2300000e+034
-1.2300000e+034
-1.2300000e+034
-1.2300000e+034
-1.2300000e+034
-1.2300000e+034
-1.2300000e+034
-1.2300000e+034
-1.2300000e+034
-1.2300000e+034
-1.2300000e+034
-1.2300000e+034
-1.2300000e+034
-1.2300000e+034
-1.2300000e+034
-1.2300000e+034
-1.2300000e+034
-1.2300000e+034
-1.2300000e+034
-1.2300000e+034
-1.2300000e+034
-1.2300000e+034
-1.2300000e+034
-1.2300000e+034
-1.2300000e+034
-1.2300000e+034
-1.2300000e+034
-1.2300000e+034
-1.2300000e+034
-1.2300000e+034
-1.2300000e+034
 5.8227360e-001
 5.7198989e-001
 5.7493234e-001
 5.8589029e-001
 5.8915544e-001
 5.9002990e-001
 5.8877444e-001
 5.8754510e-001
 5.8626533e-001
 5.8459026e-001
 5.8277547e-001
 5.8148521e-001
 5.8133501e-001
 5.8193564e-001
 5.8268422e-001
 5.8326125e-001
 5.8375943e-001
 5.8472091e-001
 5.8639395e-001
 5.8836597e-001
 5.9022403e-001
 5.9159851e-001
 5.9264761e-001
 5.9356439e-001
 5.9492093e-001
 5.9666497e-001
 5.9857416e-001
 6.0014755e-001
 6.0139394e-001
 6.0233110e-001
 6.0342127e-001
 6.0495681e-001
 6.0678720e-001
 6.0858828e-001
 6.0983735e-001
 6.1046064e-001
 6.1161184e-001
 6.1301106e-001
 6.1416161e-001
 6.1543941e-001
 6.1701781e-001
 6.1855423e-001
 6.1967301e-001
 6.2040073e-001
 6.2085497e-001
 6.2116623e-001
 6.2145698e-001
 6.2196124e-001
 6.2273538e-001
 6.2397844e-001
 6.2506121e-001
 6.2514520e-001
 6.2605256e-001
 6.2579346e-001
 6.2587255e-001
 6.2478244e-001
 6.2454081e-001
 6.2495869e-001
 6.2602162e-001
 6.2726688e-001
 6.2828737e-001
 6.2891519e-001
 6.2901866e-001
 6.2890470e-001
 6.2859362e-001
 6.2823457e-001
 6.2804902e-001
 6.2800139e-001
 6.2816930e-001
 6.2851447e-001
 6.2892753e-001
 6.2892991e-001
 6.2820745e-001
 6.2613052e-001
 6.2490785e-001
 6.2443125e-001
 6.2428653e-001
 6.2427002e-001
 6.2499255e-001
 6.2606215e-001
 6.2691122e-001
 6.2737626e-001
 6.2787521e-001
 6.2806970e-001
 6.2761182e-001
 6.2666810e-001
 6.2562329e-001
 6.2440974e-001
 6.2045288e-001
 6.0790271e-001
 5.9903467e-001
 6.0505682e-001
 6.0726279e-001
 6.0096157e-001
 5.8847743e-001
 5.7497835e-001
 5.5796367e-001
 5.4123968e-001
 5.3895622e-001
 5.5787092e-001
 5.7076842e-001
 5.7167518e-001
 5.6351715e-001
 5.5205595e-001
 5.5719215e-001
 5.7092494e-001
 5.7741994e-001
 5.8233047e-001
 5.8336890e-001
 5.8095318e-001
 5.8233964e-001
 5.8743554e-001
 5.9205407e-001
 5.9457296e-001
 5.9591168e-001
 5.9553796e-001
 5.9569186e-001
