s07_AV97 Record=343: Andesine HS142.3B           NIC4ccc RREF
-1.2300000e+034
-1.2300000e+034
-1.2300000e+034
-1.2300000e+034
-1.2300000e+034
-1.2300000e+034
-1.2300000e+034
-1.2300000e+034
-1.2300000e+034
-1.2300000e+034
-1.2300000e+034
-1.2300000e+034
-1.2300000e+034
-1.2300000e+034
-1.2300000e+034
-1.2300000e+034
-1.2300000e+034
-1.2300000e+034
-1.2300000e+034
-1.2300000e+034
-1.2300000e+034
-1.2300000e+034
-1.2300000e+034
-1.2300000e+034
-1.2300000e+034
-1.2300000e+034
-1.2300000e+034
-1.2300000e+034
-1.2300000e+034
-1.2300000e+034
-1.2300000e+034
-1.2300000e+034
-1.2300000e+034
-1.2300000e+034
-1.2300000e+034
-1.2300000e+034
-1.2300000e+034
-1.2300000e+034
-1.2300000e+034
-1.2300000e+034
-1.2300000e+034
-1.2300000e+034
-1.2300000e+034
-1.2300000e+034
-1.2300000e+034
-1.2300000e+034
-1.2300000e+034
-1.2300000e+034
-1.2300000e+034
-1.2300000e+034
-1.2300000e+034
-1.2300000e+034
-1.2300000e+034
-1.2300000e+034
-1.2300000e+034
-1.2300000e+034
-1.2300000e+034
-1.2300000e+034
-1.2300000e+034
-1.2300000e+034
-1.2300000e+034
-1.2300000e+034
-1.2300000e+034
-1.2300000e+034
-1.2300000e+034
-1.2300000e+034
-1.2300000e+034
-1.2300000e+034
-1.2300000e+034
-1.2300000e+034
-1.2300000e+034
-1.2300000e+034
-1.2300000e+034
-1.2300000e+034
-1.2300000e+034
-1.2300000e+034
-1.2300000e+034
-1.2300000e+034
-1.2300000e+034
-1.2300000e+034
-1.2300000e+034
-1.2300000e+034
-1.2300000e+034
-1.2300000e+034
-1.2300000e+034
-1.2300000e+034
-1.2300000e+034
-1.2300000e+034
-1.2300000e+034
-1.2300000e+034
-1.2300000e+034
-1.2300000e+034
-1.2300000e+034
-1.2300000e+034
-1.2300000e+034
-1.2300000e+034
-1.2300000e+034
-1.2300000e+034
-1.2300000e+034
-1.2300000e+034
-1.2300000e+034
-1.2300000e+034
-1.2300000e+034
-1.2300000e+034
-1.2300000e+034
-1.2300000e+034
-1.2300000e+034
-1.2300000e+034
-1.2300000e+034
-1.2300000e+034
-1.2300000e+034
-1.2300000e+034
 5.3732455e-001
 5.3863806e-001
 5.3993905e-001
 5.4136693e-001
 5.4337603e-001
 5.4574978e-001
 5.4940093e-001
 5.5408001e-001
 5.5940330e-001
 5.6571048e-001
 5.7280487e-001
 5.7911468e-001
 5.8547026e-001
 5.9163445e-001
 5.9677655e-001
 6.0156721e-001
 6.0587388e-001
 6.0982305e-001
 6.1347032e-001
 6.1685359e-001
 6.2015730e-001
 6.2276244e-001
 6.2509733e-001
 6.2729377e-001
 6.2984455e-001
 6.3214785e-001
 6.3465405e-001
 6.3678777e-001
 6.3848352e-001
 6.3995969e-001
 6.4141476e-001
 6.4296448e-001
 6.4467591e-001
 6.4649355e-001
 6.4841008e-001
 6.4993852e-001
 6.5116417e-001
 6.5217394e-001
 6.5306544e-001
 6.5418434e-001
 6.5552211e-001
 6.5712762e-001
 6.5884227e-001
 6.6019529e-001
 6.6117859e-001
 6.6157585e-001
 6.6157669e-001
 6.6036093e-001
 6.6086090e-001
 6.5890795e-001
 6.5530223e-001
 6.5272319e-001
 6.5392387e-001
 6.5661484e-001
 6.5893501e-001
 6.6070789e-001
 6.6222209e-001
 6.6341978e-001
 6.6450053e-001
 6.6601127e-001
 6.6746330e-001
 6.6930902e-001
 6.7086452e-001
 6.7215854e-001
 6.7313749e-001
 6.7413145e-001
 6.7464298e-001
 6.7490906e-001
 6.7506850e-001
 6.7557460e-001
 6.7624086e-001
 6.7710787e-001
 6.7799163e-001
 6.7892241e-001
 6.7966610e-001
 6.8002337e-001
 6.7986655e-001
 6.7934769e-001
 6.7831439e-001
 6.7709392e-001
 6.7636079e-001
 6.7605901e-001
 6.7662936e-001
 6.7679101e-001
 6.7693794e-001
 6.7764485e-001
 6.7770666e-001
 6.7675334e-001
 6.7421055e-001
 6.7258739e-001
 6.7316049e-001
 6.7544174e-001
 6.7782950e-001
 6.7871416e-001
 6.7853558e-001
 6.7797256e-001
 6.7710209e-001
 6.7588717e-001
 6.7445344e-001
 6.7313123e-001
 6.7254359e-001
 6.7194277e-001
 6.7120582e-001
 6.7043597e-001
 6.6917521e-001
 6.6766286e-001
 6.6627192e-001
 6.6466856e-001
 6.6308421e-001
 6.6143924e-001
 6.6013128e-001
 6.5939111e-001
