s07_AV97 Record=2601: Phlogopite WS496              BECKb AREF
 2.9671299e-001
 3.1421378e-001
 3.2175663e-001
 3.2953995e-001
 3.3600745e-001
 3.4753254e-001
 3.6045447e-001
 3.7145782e-001
 3.7768903e-001
 3.8641429e-001
 3.9869353e-001
 4.1484573e-001
 4.2841506e-001
 4.3606001e-001
 4.4564405e-001
 4.5446250e-001
 4.5793742e-001
 4.6251708e-001
 4.6739173e-001
 4.7251916e-001
 4.7668228e-001
 4.7931850e-001
 4.8004031e-001
 4.8126587e-001
 4.7775337e-001
 4.7595245e-001
 4.7166082e-001
 4.6861884e-001
 4.6335584e-001
 4.5876718e-001
 4.5388913e-001
 4.4894913e-001
 4.5489866e-001
 4.4941214e-001
 4.4714347e-001
 4.4670182e-001
 4.4414523e-001
 4.4355315e-001
 4.4460100e-001
 4.4981080e-001
 4.5198587e-001
 4.5567739e-001
 4.5945147e-001
 4.6658781e-001
 4.7063681e-001
 4.7377902e-001
 4.7519895e-001
 4.7678879e-001
 4.7567594e-001
 4.7338396e-001
 4.6644151e-001
 4.6339846e-001
 4.6438619e-001
 4.6416563e-001
 4.5975333e-001
 4.5530021e-001
 4.5589292e-001
 4.6002889e-001
 4.6181038e-001
 4.6361515e-001
 4.6823353e-001
 4.7274566e-001
 4.7457349e-001
 4.7740582e-001
 4.8010483e-001
 4.8480216e-001
 4.8460439e-001
 4.8439741e-001
 4.8616070e-001
 4.8474824e-001
 4.8614803e-001
 4.8524418e-001
 4.8361483e-001
 4.8437110e-001
 4.8109445e-001
 4.8081875e-001
 4.8022676e-001
 4.8048329e-001
 4.8233536e-001
 4.8206854e-001
 4.8416927e-001
 4.8499480e-001
 4.8592216e-001
 4.8947802e-001
 4.9055654e-001
 4.9360245e-001
 4.9733350e-001
 4.9967423e-001
 5.0241494e-001
 5.0705409e-001
 5.1198614e-001
 5.1613718e-001
 5.2180594e-001
 5.2515996e-001
 5.2988571e-001
 5.3391069e-001
 5.2741706e-001
 5.3172767e-001
 5.3707159e-001
 5.4136503e-001
 5.4579121e-001
 5.5157667e-001
 5.5636925e-001
 5.5924541e-001
 5.6641299e-001
 5.7199907e-001
 5.7382023e-001
 5.6769991e-001
 5.1193255e-001
 5.3233957e-001
 5.7115680e-001
 5.9005964e-001
 6.0403883e-001
 6.1086124e-001
 6.1677194e-001
 6.1848760e-001
 6.2331468e-001
 6.2946099e-001
 6.3377601e-001
 6.3664913e-001
 6.4328474e-001
 6.4671886e-001
 6.4679331e-001
 6.5313911e-001
 6.5749103e-001
 6.6196465e-001
 6.6279083e-001
 6.6606647e-001
 6.7058110e-001
 6.7082870e-001
 6.7676169e-001
 6.8021101e-001
 6.8261224e-001
 6.8565416e-001
 6.8966085e-001
 6.8908471e-001
 6.9151860e-001
 6.9506454e-001
 6.9766361e-001
 6.9778836e-001
 7.0079505e-001
 7.0293838e-001
 7.0323026e-001
 7.0960307e-001
 7.0701545e-001
 7.0998353e-001
 7.1213293e-001
 7.1418393e-001
 7.1883857e-001
 7.1627510e-001
 7.2129422e-001
 7.2132659e-001
 7.2394305e-001
 7.2305125e-001
 7.2396249e-001
 7.2540164e-001
 7.2636384e-001
 7.2743154e-001
 7.2540671e-001
 7.2635603e-001
 7.2542518e-001
 7.2922510e-001
 7.2843266e-001
 7.2388673e-001
 7.2591072e-001
 7.2832400e-001
 7.2989482e-001
 7.2953594e-001
 7.2757900e-001
 7.3111266e-001
 7.3135781e-001
 7.3166645e-001
 7.3486429e-001
 7.3331302e-001
 7.3107529e-001
 7.3156250e-001
 7.3245442e-001
 7.3046148e-001
 7.3007208e-001
 7.2110790e-001
 7.1116692e-001
 7.0784789e-001
 6.9645464e-001
 7.0544797e-001
 7.0608908e-001
 7.0902026e-001
 7.1503514e-001
 7.1604025e-001
 7.1758026e-001
 7.1880472e-001
 7.2169578e-001
 7.1822280e-001
 7.1814972e-001
 7.1018255e-001
 7.0591640e-001
 6.9576639e-001
 6.6668725e-001
 6.5287584e-001
 6.5924716e-001
 6.5125942e-001
 6.3970125e-001
 6.0554004e-001
 5.3211313e-001
 4.8194605e-001
 4.3598184e-001
 4.3476453e-001
 4.6936047e-001
 4.9876818e-001
 5.2112401e-001
 4.8488697e-001
 4.4826832e-001
 4.6556762e-001
 5.0197750e-001
 5.2637386e-001
 5.3346837e-001
 5.3011572e-001
 5.2566725e-001
 5.2887255e-001
 5.3735620e-001
 5.4736978e-001
 5.5371904e-001
 5.5726302e-001
 5.5992264e-001
 5.6289405e-001
