s07_AV97 Record=4033: Microcline+others HS107.3B    BECKa AREF
 4.7432330e-001
 4.9446675e-001
 5.1314145e-001
 5.2856219e-001
 5.4286534e-001
 5.5497926e-001
 5.6808251e-001
 5.7935309e-001
 5.8950567e-001
 5.9810966e-001
 6.0336596e-001
 6.0957301e-001
 6.1670458e-001
 6.2209463e-001
 6.2694514e-001
 6.3307333e-001
 6.3723820e-001
 6.4221829e-001
 6.4607006e-001
 6.4868951e-001
 6.5303874e-001
 6.5877742e-001
 6.6262954e-001
 6.6915584e-001
 6.7314929e-001
 6.7769939e-001
 6.8183923e-001
 6.8727744e-001
 6.9005448e-001
 6.9310302e-001
 6.9592011e-001
 6.9830817e-001
 6.9532764e-001
 6.9793820e-001
 7.0010555e-001
 7.0229799e-001
 7.0365965e-001
 7.0493180e-001
 7.0726717e-001
 7.1094787e-001
 7.1114033e-001
 7.1334380e-001
 7.1506637e-001
 7.1600693e-001
 7.1832758e-001
 7.1983463e-001
 7.1946067e-001
 7.2330439e-001
 7.2296280e-001
 7.2309870e-001
 7.2178692e-001
 7.2015363e-001
 7.2446686e-001
 7.2534877e-001
 7.2321314e-001
 7.2466999e-001
 7.2552222e-001
 7.2624916e-001
 7.2590339e-001
 7.2708333e-001
 7.2551000e-001
 7.2577506e-001
 7.2396600e-001
 7.1931225e-001
 7.2302562e-001
 7.2654778e-001
 7.2621864e-001
 7.2728252e-001
 7.2892010e-001
 7.2861749e-001
 7.3029310e-001
 7.2931421e-001
 7.3287958e-001
 7.3304373e-001
 7.3106515e-001
 7.3148447e-001
 7.3021430e-001
 7.3143679e-001
 7.3197687e-001
 7.3370922e-001
 7.3287946e-001
 7.3419267e-001
 7.3456067e-001
 7.3441839e-001
 7.3524028e-001
 7.3291719e-001
 7.3251748e-001
 7.3584872e-001
 7.3644704e-001
 7.3625946e-001
 7.3500836e-001
 7.3626190e-001
 7.3683530e-001
 7.3698807e-001
 7.3821950e-001
 7.3838645e-001
 7.3687881e-001
 7.3890519e-001
 7.3843187e-001
 7.3768181e-001
 7.3449284e-001
 7.3607123e-001
 7.3542649e-001
 7.3684961e-001
 7.3529494e-001
 7.3625666e-001
 7.3540705e-001
 7.3137289e-001
 7.3143131e-001
 7.2359860e-001
 6.9278419e-001
 6.1701185e-001
 6.2259668e-001
 6.9511431e-001
 7.2414094e-001
 7.2906238e-001
 7.3143971e-001
 7.3279417e-001
 7.3505235e-001
 7.3449057e-001
 7.3447376e-001
 7.3548430e-001
 7.3771906e-001
 7.3549587e-001
 7.3551005e-001
 7.3635548e-001
 7.3660809e-001
 7.3742443e-001
 7.3740911e-001
 7.3737323e-001
 7.3882604e-001
 7.4018347e-001
 7.3916733e-001
 7.3780501e-001
 7.3904037e-001
 7.4023783e-001
 7.3910117e-001
 7.4296260e-001
 7.4253517e-001
 7.3817009e-001
 7.3868233e-001
 7.4432397e-001
 7.3740596e-001
 7.3919261e-001
 7.3835468e-001
 7.3780662e-001
 7.4196464e-001
 7.4313319e-001
 7.4031991e-001
 7.4078947e-001
 7.4077308e-001
 7.3796099e-001
 7.3671108e-001
 7.3740739e-001
 7.3447233e-001
 7.3240370e-001
 7.3572332e-001
 7.3269665e-001
 7.3267972e-001
 7.2749865e-001
 7.3019528e-001
 7.2674221e-001
 7.2121489e-001
 7.0880955e-001
 7.1268117e-001
 7.1179175e-001
 7.1280706e-001
 7.1182102e-001
 7.1055329e-001
 7.1154845e-001
 7.1126223e-001
 7.0464474e-001
 6.9950116e-001
 7.0275170e-001
 7.0506895e-001
 7.0551193e-001
 7.0680255e-001
 7.0697188e-001
 7.0649230e-001
 7.0188326e-001
 6.9973868e-001
 6.9733256e-001
 6.8413383e-001
 6.8128961e-001
 6.8049085e-001
 6.7917448e-001
 6.8028617e-001
 6.7716032e-001
 6.5736425e-001
 6.1436087e-001
 5.6368679e-001
 5.0917745e-001
 4.9885482e-001
 5.2103490e-001
 5.7708901e-001
 6.4399064e-001
 6.4536548e-001
 6.5294844e-001
 6.5656954e-001
 6.5947366e-001
 6.6041017e-001
 6.5367639e-001
 6.4352441e-001
 6.2190598e-001
 6.0580790e-001
 5.8686477e-001
 5.6954229e-001
 5.6370753e-001
 5.5790102e-001
 5.6362271e-001
 5.6676108e-001
 5.6758022e-001
 5.6237245e-001
 5.5532414e-001
 5.4537284e-001
 5.3022826e-001
 5.1624012e-001
 5.1105458e-001
 5.1344830e-001
 5.1963311e-001
 5.2602458e-001
 5.3236872e-001
 5.3908801e-001
 5.4620826e-001
