s07_AV97 Record=2429: Olivine HS285.4B Fo80         BECKb AREF
 1.1898708e-001
 1.3277058e-001
 1.4316584e-001
 1.5492764e-001
 1.7334104e-001
 1.8623027e-001
 1.9350366e-001
 2.0146719e-001
 2.0487551e-001
 2.1211398e-001
 2.2764491e-001
 2.4583440e-001
 2.5625452e-001
 2.7293676e-001
 3.0856329e-001
 3.2805887e-001
 3.4708542e-001
 3.7315634e-001
 4.0182492e-001
 4.2203695e-001
 4.3027180e-001
 4.2876482e-001
 4.2254570e-001
 4.1211611e-001
 3.9862999e-001
 3.8050020e-001
 3.6233908e-001
 3.5307652e-001
 3.5563183e-001
 3.6159289e-001
 3.6435434e-001
 3.6169168e-001
 3.6460155e-001
 3.6258051e-001
 3.5472485e-001
 3.4022871e-001
 3.2577834e-001
 3.0765247e-001
 2.8874567e-001
 2.6980123e-001
 2.5090837e-001
 2.3028100e-001
 2.1259187e-001
 1.9593935e-001
 1.8042482e-001
 1.6693331e-001
 1.5674998e-001
 1.4703244e-001
 1.4006223e-001
 1.3252628e-001
 1.2143395e-001
 1.2014093e-001
 1.1983766e-001
 1.1728437e-001
 1.1457898e-001
 1.1194156e-001
 1.0889788e-001
 1.0238054e-001
 1.0005451e-001
 9.5523849e-002
 8.9344464e-002
 8.4474429e-002
 8.0303907e-002
 7.7366881e-002
 7.3213130e-002
 6.8828665e-002
 6.6909038e-002
 6.2203895e-002
 6.0970768e-002
 5.8644038e-002
 5.8860503e-002
 5.7990275e-002
 5.6125220e-002
 5.4015785e-002
 5.4625340e-002
 5.5802789e-002
 5.5484276e-002
 5.7828538e-002
 5.8617145e-002
 5.9319556e-002
 6.1510790e-002
 6.1988123e-002
 6.4264074e-002
 6.5920755e-002
 6.6360727e-002
 6.7630537e-002
 6.9096901e-002
 7.0377670e-002
 7.0401475e-002
 7.2838619e-002
 7.2944254e-002
 7.4148931e-002
 7.5851150e-002
 7.7606380e-002
 7.9339921e-002
 8.0752641e-002
 7.8028217e-002
 8.0550820e-002
 8.0883972e-002
 8.4598064e-002
 8.6679496e-002
 8.9681484e-002
 9.2359886e-002
 9.4918303e-002
 1.0034781e-001
 1.0468137e-001
 1.0978913e-001
 1.1555269e-001
 1.2196543e-001
 1.2736771e-001
 1.3477723e-001
 1.4330040e-001
 1.5239047e-001
 1.6138214e-001
 1.7059959e-001
 1.8244241e-001
 1.9375271e-001
 2.0484781e-001
 2.1943609e-001
 2.3579937e-001
 2.4937816e-001
 2.6443037e-001
 2.7924925e-001
 2.9564384e-001
 3.1377116e-001
 3.3099696e-001
 3.4995973e-001
 3.6675605e-001
 3.8554469e-001
 4.0511248e-001
 4.2411518e-001
 4.4078723e-001
 4.5804873e-001
 4.7684112e-001
 4.9349692e-001
 5.0972903e-001
 5.2445763e-001
 5.4132897e-001
 5.5487347e-001
 5.6727886e-001
 5.7912642e-001
 5.8895296e-001
 6.0401684e-001
 6.1519527e-001
 6.2772638e-001
 6.3747925e-001
 6.4881277e-001
 6.5439999e-001
 6.5920436e-001
 6.6664910e-001
 6.7516476e-001
 6.8119985e-001
 6.8781382e-001
 6.9227308e-001
 6.9297373e-001
 6.9432092e-001
 6.9986606e-001
 7.0573008e-001
 7.0921302e-001
 7.1174884e-001
 7.1104527e-001
 7.1169376e-001
 7.0776677e-001
 7.0437729e-001
 7.0673180e-001
 7.1023220e-001
 7.1339512e-001
 7.1597558e-001
 7.2028250e-001
 7.2433662e-001
 7.2441524e-001
 7.2995734e-001
 7.3222947e-001
 7.3590869e-001
 7.3906577e-001
 7.3630816e-001
 7.4306673e-001
 7.4566829e-001
 7.4308825e-001
 7.4510652e-001
 7.4686581e-001
 7.4801928e-001
 7.4963170e-001
 7.5424063e-001
 7.6067001e-001
 7.5968128e-001
 7.5597894e-001
 7.5670975e-001
 7.5749201e-001
 7.5763541e-001
 7.5651813e-001
 7.5092763e-001
 7.4521232e-001
 7.4755216e-001
 7.5085789e-001
 7.5446612e-001
 7.5161713e-001
 7.4838465e-001
 7.5007963e-001
 7.4984020e-001
 7.5454825e-001
 7.5026655e-001
 7.3840034e-001
 7.4132538e-001
 7.4218655e-001
 7.4664694e-001
 7.4559671e-001
 7.4193960e-001
 7.4106413e-001
 7.4534059e-001
 7.3919332e-001
 7.3936999e-001
 7.3625737e-001
 7.3601049e-001
 7.3728216e-001
 7.3502684e-001
 7.3054653e-001
 7.2663814e-001
 7.2443706e-001
 7.2354215e-001
 7.2409576e-001
 7.2505653e-001
 7.2521263e-001
 7.2372079e-001
