s07_AV97 Record=1149: Epidote GDS26.a 75-200um     ASDNGb AREF
 3.8811397e-002
 3.9323226e-002
 3.9803807e-002
 3.9783288e-002
 4.0128857e-002
 4.2284030e-002
 4.6807595e-002
 5.3035613e-002
 5.4652702e-002
 5.0775614e-002
 5.1460654e-002
 5.3249784e-002
 6.5913506e-002
 8.7304071e-002
 1.1102282e-001
 1.3079776e-001
 1.4396794e-001
 1.5071195e-001
 1.5177408e-001
 1.4867184e-001
 1.4431514e-001
 1.3993895e-001
 1.3622242e-001
 1.3383377e-001
 1.3329269e-001
 1.3494995e-001
 1.3895637e-001
 1.4533973e-001
 1.5399370e-001
 1.6455518e-001
 1.7644532e-001
 1.8883185e-001
 1.7446637e-001
 1.8645996e-001
 1.9824061e-001
 2.0913999e-001
 2.1877080e-001
 2.2704501e-001
 2.3423679e-001
 2.4076939e-001
 2.4702625e-001
 2.5335288e-001
 2.5988033e-001
 2.6657796e-001
 2.7323493e-001
 2.7961954e-001
 2.8545788e-001
 2.9064327e-001
 2.9500031e-001
 2.9852256e-001
 3.0125526e-001
 3.0323064e-001
 3.0443844e-001
 3.0483389e-001
 3.0441353e-001
 3.0317268e-001
 3.0119663e-001
 2.9857069e-001
 2.9547083e-001
 2.9204801e-001
 2.8843117e-001
 2.8477690e-001
 2.8123212e-001
 2.7787900e-001
 2.7483091e-001
 2.7213228e-001
 2.6987752e-001
 2.6810920e-001
 2.6697040e-001
 2.6653004e-001
 2.6685962e-001
 2.6805013e-001
 2.7020565e-001
 2.7310139e-001
 2.7681950e-001
 2.8148866e-001
 2.8716728e-001
 2.9387969e-001
 3.0163744e-001
 3.1025702e-001
 3.1954795e-001
 3.2943442e-001
 3.3973753e-001
 3.5044923e-001
 3.6158958e-001
 3.7313309e-001
 3.8510945e-001
 3.9736322e-001
 4.0950415e-001
 4.2112738e-001
 4.3175915e-001
 4.4127434e-001
 4.4950134e-001
 4.5653567e-001
 4.6242395e-001
 4.6729344e-001
 4.5938107e-001
 4.6494645e-001
 4.6953285e-001
 4.7324088e-001
 4.7608018e-001
 4.7820187e-001
 4.7969598e-001
 4.8175561e-001
 4.8387158e-001
 4.8594609e-001
 4.8842764e-001
 4.9071383e-001
 4.9322093e-001
 4.9516925e-001
 4.9722177e-001
 4.9915633e-001
 5.0132632e-001
 5.0336295e-001
 5.0542140e-001
 5.0746167e-001
 5.0922006e-001
 5.1007354e-001
 5.0963223e-001
 5.0819987e-001
 5.0571203e-001
 5.0081277e-001
 4.9319166e-001
 4.8522416e-001
 4.7821289e-001
 4.7473899e-001
 4.8580176e-001
 5.0047517e-001
 5.1131690e-001
 5.2167970e-001
 5.3154707e-001
 5.3998756e-001
 5.4701203e-001
 5.5285615e-001
 5.5865479e-001
 5.6495279e-001
 5.7092488e-001
 5.7627928e-001
 5.8111930e-001
 5.8616531e-001
 5.9324646e-001
 6.0046130e-001
 6.0731804e-001
 6.1379296e-001
 6.1990011e-001
 6.2583196e-001
 6.3151819e-001
 6.3737339e-001
 6.4386636e-001
 6.5022987e-001
 6.5561587e-001
 6.5892243e-001
 6.5749162e-001
 6.4291549e-001
 6.3221985e-001
 6.4638209e-001
 6.6726488e-001
 6.7838115e-001
 6.8002117e-001
 6.8096489e-001
 6.7980021e-001
 6.8852764e-001
 7.0117885e-001
 7.0873028e-001
 7.1179914e-001
 7.1051377e-001
 6.9859195e-001
 6.8372709e-001
 6.9930309e-001
 7.2053379e-001
 7.3358673e-001
 7.3749405e-001
 7.3933196e-001
 7.4176842e-001
 7.4245602e-001
 7.4489546e-001
 7.5014412e-001
 7.5382757e-001
 7.5572991e-001
 7.5820971e-001
 7.6057899e-001
 7.6192743e-001
 7.6137054e-001
 7.5937712e-001
 7.5696033e-001
 7.5503802e-001
 7.5360066e-001
 7.5050777e-001
 7.4512798e-001
 7.3548537e-001
 7.2278678e-001
 7.1110427e-001
 6.9851589e-001
 6.8320364e-001
 6.5739155e-001
 6.0895133e-001
 5.1665634e-001
 4.1007197e-001
 4.0432295e-001
 4.4949821e-001
 4.5403066e-001
 4.1650343e-001
 3.6579520e-001
 2.9210705e-001
 2.2513407e-001
 1.7436273e-001
 1.5352285e-001
 1.9230472e-001
 2.9469359e-001
 4.1146246e-001
 4.9790969e-001
 5.5977237e-001
 6.0056978e-001
 6.2600780e-001
 6.4171022e-001
 6.4867979e-001
 6.4714134e-001
 6.3963312e-001
 6.2901348e-001
 6.1859071e-001
 6.0564667e-001
 5.8823258e-001
 5.7406723e-001
-1.2300000e+034
