s07_AV97 Record=48: Actinolite HS22.1B           ASDFRb AREF
 3.8377687e-001
 3.9769685e-001
 4.1076073e-001
 4.2129713e-001
 4.3107054e-001
 4.4408426e-001
 4.5851544e-001
 4.6939695e-001
 4.7593811e-001
 4.8637041e-001
 4.9707252e-001
 5.0853401e-001
 5.1847446e-001
 5.2539462e-001
 5.3267139e-001
 5.3824657e-001
 5.4057205e-001
 5.4162401e-001
 5.4183960e-001
 5.4140121e-001
 5.3974241e-001
 5.3687632e-001
 5.3319800e-001
 5.2967519e-001
 5.2575129e-001
 5.2182525e-001
 5.1829594e-001
 5.1526469e-001
 5.1290208e-001
 5.1086068e-001
 5.0966090e-001
 5.0955093e-001
 5.0974447e-001
 5.0949955e-001
 5.0971037e-001
 5.0937003e-001
 5.1049113e-001
 5.1256555e-001
 5.1499689e-001
 5.1792419e-001
 5.2109879e-001
 5.2466208e-001
 5.2889401e-001
 5.3365308e-001
 5.3817445e-001
 5.4238647e-001
 5.4570806e-001
 5.4792607e-001
 5.4912454e-001
 5.4891354e-001
 5.4795277e-001
 5.4616159e-001
 5.4418218e-001
 5.4156637e-001
 5.3880012e-001
 5.3613168e-001
 5.3350997e-001
 5.3010559e-001
 5.2719438e-001
 5.2371377e-001
 5.2013928e-001
 5.1619953e-001
 5.1130724e-001
 5.0680608e-001
 5.0183022e-001
 4.9661684e-001
 4.9171823e-001
 4.8761326e-001
 4.8468634e-001
 4.8269486e-001
 4.8336127e-001
 4.8620760e-001
 4.9308908e-001
 5.0176644e-001
 5.1324826e-001
 5.2569509e-001
 5.3714794e-001
 5.4852366e-001
 5.5817550e-001
 5.6646407e-001
 5.7467216e-001
 5.8107680e-001
 5.8712745e-001
 5.9253335e-001
 5.9717768e-001
 6.0250419e-001
 6.0704362e-001
 6.1211389e-001
 6.1695194e-001
 6.2114871e-001
 6.2564379e-001
 6.2999469e-001
 6.3435143e-001
 6.3899964e-001
 6.4306301e-001
 6.4713454e-001
 6.4086217e-001
 6.4506352e-001
 6.4925677e-001
 6.5395468e-001
 6.5752053e-001
 6.6091752e-001
 6.6470712e-001
 6.6848797e-001
 6.7236590e-001
 6.7603701e-001
 6.7914981e-001
 6.8238401e-001
 6.8399268e-001
 6.7944402e-001
 6.5130889e-001
 6.7131984e-001
 6.8854129e-001
 6.9537038e-001
 6.9902521e-001
 7.0135194e-001
 7.0398718e-001
 7.0660603e-001
 7.0882350e-001
 7.1109855e-001
 7.1268046e-001
 7.1536791e-001
 7.1662617e-001
 7.1879250e-001
 7.2068942e-001
 7.2252220e-001
 7.2457814e-001
 7.2590178e-001
 7.2712183e-001
 7.2876346e-001
 7.2979927e-001
 7.3086119e-001
 7.3212343e-001
 7.3266703e-001
 7.3407978e-001
 7.3483801e-001
 7.3523158e-001
 7.3662668e-001
 7.3628354e-001
 7.3606694e-001
 7.3707402e-001
 7.3736078e-001
 7.3726773e-001
 7.3833442e-001
 7.3707360e-001
 7.3609227e-001
 7.3537928e-001
 7.3492676e-001
 7.3480994e-001
 7.3355812e-001
 7.3298031e-001
 7.3211533e-001
 7.3117113e-001
 7.2979170e-001
 7.2840011e-001
 7.2803193e-001
 7.2655672e-001
 7.2518277e-001
 7.2443265e-001
 7.2335333e-001
 7.2380763e-001
 7.2214532e-001
 7.1932900e-001
 7.1662360e-001
 7.1477121e-001
 7.1301025e-001
 7.1147168e-001
 7.1024168e-001
 7.0920700e-001
 7.0792788e-001
 7.0575851e-001
 7.0412356e-001
 7.0275140e-001
 7.0178062e-001
 7.0154852e-001
 7.0213199e-001
 7.0166594e-001
 7.0082277e-001
 7.0063722e-001
 7.0019966e-001
 6.9876164e-001
 6.9756579e-001
 6.9616342e-001
 6.9290078e-001
 6.9164157e-001
 6.8965799e-001
 6.8957818e-001
 6.8759966e-001
 6.8736714e-001
 6.8625259e-001
 6.8316782e-001
 6.8118656e-001
 6.7899358e-001
 6.7754579e-001
 6.7482263e-001
 6.7079967e-001
 6.6437638e-001
 6.5830922e-001
 6.5564150e-001
 6.4676780e-001
 6.3071853e-001
 6.1133510e-001
 5.8858418e-001
 5.8136648e-001
 5.7983065e-001
 6.0303372e-001
 6.2799019e-001
 6.3890189e-001
 6.3875246e-001
 6.3156003e-001
 6.1497444e-001
 6.0230076e-001
 6.1356199e-001
 6.2597036e-001
 6.3014698e-001
 6.3327628e-001
 6.3206595e-001
 6.2861520e-001
 6.2661237e-001
 6.2729335e-001
 6.2516695e-001
 6.2727761e-001
 6.2625653e-001
-1.2300000e+034
