s07_AV97 Record=3732: Calcite.80wt+Kaol_CM9 GDS213  BECKa AREF
-1.2300000e+034
-1.2300000e+034
-1.2300000e+034
-1.2300000e+034
-1.2300000e+034
-1.2300000e+034
-1.2300000e+034
-1.2300000e+034
-1.2300000e+034
-1.2300000e+034
-1.2300000e+034
-1.2300000e+034
-1.2300000e+034
-1.2300000e+034
-1.2300000e+034
 8.5590637e-001
 8.6063200e-001
 8.6488402e-001
 8.6855888e-001
 8.7072384e-001
 8.7131602e-001
 8.7371224e-001
 8.7570465e-001
 8.7614071e-001
 8.7672162e-001
 8.7809116e-001
 8.7919617e-001
 8.8064730e-001
 8.8183624e-001
 8.8298929e-001
 8.8439047e-001
 8.8555712e-001
 8.8420385e-001
 8.8539994e-001
 8.8613772e-001
 8.8749486e-001
 8.9105141e-001
 8.9263809e-001
 8.9346075e-001
 8.9453197e-001
 8.9539814e-001
 8.9711422e-001
 8.9884114e-001
 8.9987302e-001
 9.0153164e-001
 9.0269911e-001
 9.0444356e-001
 9.0504336e-001
 9.0595055e-001
 9.0782255e-001
 9.0859824e-001
 9.0867501e-001
 9.0768653e-001
 9.0481311e-001
 9.0623271e-001
 9.0721303e-001
 9.0524381e-001
 9.0491736e-001
 9.0352839e-001
 9.0074700e-001
 9.0190089e-001
 9.0335298e-001
 8.9630717e-001
 8.9507717e-001
 8.9919567e-001
 9.0763754e-001
 9.0814924e-001
 9.0803552e-001
 9.0708208e-001
 9.0769953e-001
 9.0970671e-001
 9.0785235e-001
 9.0703309e-001
 9.0953475e-001
 9.0930510e-001
 9.0936422e-001
 9.0973103e-001
 9.1018987e-001
 9.1068304e-001
 9.1170222e-001
 9.1037732e-001
 9.1135639e-001
 9.1134733e-001
 9.1151029e-001
 9.1069424e-001
 9.1110146e-001
 9.1168612e-001
 9.1231799e-001
 9.1223031e-001
 9.1106820e-001
 9.1063696e-001
 9.0522939e-001
 9.0237552e-001
 9.0553081e-001
 9.0852970e-001
 9.0933251e-001
 9.0714073e-001
 9.0892011e-001
 9.0820020e-001
 9.0251654e-001
 8.9369529e-001
 8.8495189e-001
 8.8038009e-001
 8.7516832e-001
 8.7071383e-001
 8.6667168e-001
 8.4295470e-001
 8.3653754e-001
 8.3209270e-001
 7.9472953e-001
 7.3126662e-001
 7.3035318e-001
 7.3287761e-001
 8.2777911e-001
 8.7934840e-001
 8.9280486e-001
 8.9826018e-001
 9.0234017e-001
 9.0616584e-001
 9.0917790e-001
 9.1069514e-001
 9.1331112e-001
 9.1529036e-001
 9.1701627e-001
 9.1843021e-001
 9.1847378e-001
 9.1914016e-001
 9.2008287e-001
 9.1926563e-001
 9.2104346e-001
 9.2216051e-001
 9.2393690e-001
 9.2220485e-001
 9.2242885e-001
 9.2099106e-001
 9.2123562e-001
 9.2081028e-001
 9.1913623e-001
 9.1778129e-001
 9.1789317e-001
 9.1704392e-001
 9.1839200e-001
 9.1381484e-001
 9.1050041e-001
 9.0725017e-001
 9.1029006e-001
 9.0430868e-001
 9.0363383e-001
 9.0003288e-001
 8.9843380e-001
 8.9273351e-001
 8.8812041e-001
 8.8160187e-001
 8.7830174e-001
 8.8134992e-001
 8.7594873e-001
 8.7887675e-001
 8.7902570e-001
 8.6227477e-001
 8.5336310e-001
 8.5459417e-001
 8.5303831e-001
 8.4632379e-001
 8.3557022e-001
 8.3369023e-001
 8.3347946e-001
 8.3298510e-001
 8.3461303e-001
 8.3465230e-001
 8.3468783e-001
 8.3344227e-001
 8.3109033e-001
 8.3094817e-001
 8.3606046e-001
 8.4046650e-001
 8.4283763e-001
 8.4331596e-001
 8.3963817e-001
 8.3389205e-001
 8.2692313e-001
 8.1493068e-001
 8.0730408e-001
 8.0163783e-001
 7.8953505e-001
 7.7337968e-001
 7.6559353e-001
 7.3794460e-001
 6.8429291e-001
 6.4456475e-001
 6.4457411e-001
 6.5462220e-001
 6.5206051e-001
 6.2026334e-001
 5.9849924e-001
 6.5822554e-001
 7.1482086e-001
 7.0832306e-001
 7.0316100e-001
 6.9392473e-001
 6.8146127e-001
 6.6337854e-001
 6.3885051e-001
 6.2870377e-001
 6.1160153e-001
 5.9153968e-001
 5.7983261e-001
 5.7183278e-001
 5.7409787e-001
 5.9296846e-001
 6.1765796e-001
 6.2375391e-001
 6.2098718e-001
 6.2780756e-001
 6.3121617e-001
 6.2585843e-001
 6.1297202e-001
 5.9547180e-001
 5.7655448e-001
 5.5990434e-001
 5.4299438e-001
 5.2834529e-001
 5.1454103e-001
 4.9975872e-001
 4.8354843e-001
