s07_AV97 Record=1494: Hematite GDS69.f 10-20um      BECKb AREF
 5.7534683e-002
 5.9349004e-002
 6.1086688e-002
 6.2811434e-002
 6.3311279e-002
 6.3705154e-002
 6.4339951e-002
 6.3847095e-002
 6.2920302e-002
 6.0716700e-002
 6.0402248e-002
 5.9245210e-002
 5.9280016e-002
 5.8310106e-002
 5.7458006e-002
 5.8102522e-002
 5.8163449e-002
 5.8196843e-002
 5.8707338e-002
 5.8246791e-002
 5.7410199e-002
 5.7938144e-002
 5.9289411e-002
 6.1828751e-002
 6.6057101e-002
 6.7581192e-002
 6.8212710e-002
 6.8227492e-002
 6.9484353e-002
 7.0735693e-002
 7.2699293e-002
 7.4742027e-002
 7.2644129e-002
 7.4272379e-002
 7.6742604e-002
 7.9945572e-002
 8.4245108e-002
 9.0088248e-002
 9.4859205e-002
 9.9240378e-002
 1.0168385e-001
 1.0221027e-001
 1.0047578e-001
 9.8003216e-002
 9.4948925e-002
 9.0893917e-002
 8.8160120e-002
 8.4479779e-002
 8.4199496e-002
 8.1901625e-002
 8.0266349e-002
 8.2769170e-002
 8.2281724e-002
 8.0725722e-002
 8.2143709e-002
 8.1535511e-002
 8.6643972e-002
 8.4820688e-002
 9.0813003e-002
 9.3765169e-002
 9.4305359e-002
 9.6232548e-002
 1.0315644e-001
 1.0909538e-001
 1.2195890e-001
 1.3469313e-001
 1.4184140e-001
 1.5407966e-001
 1.6727136e-001
 1.7767844e-001
 1.8885295e-001
 2.0064294e-001
 2.0679460e-001
 2.1851958e-001
 2.2586647e-001
 2.3336025e-001
 2.4132715e-001
 2.4755192e-001
 2.5529590e-001
 2.6190248e-001
 2.7036613e-001
 2.7637243e-001
 2.8240123e-001
 2.8684992e-001
 2.9385716e-001
 2.9702586e-001
 3.0072838e-001
 3.0604967e-001
 3.0540818e-001
 3.0827132e-001
 3.0715516e-001
 3.0934864e-001
 3.0935907e-001
 3.1099498e-001
 3.0917075e-001
 3.1119424e-001
 3.1080401e-001
 3.0989352e-001
 3.1086236e-001
 3.1019241e-001
 3.1021056e-001
 3.1045389e-001
 3.1033233e-001
 3.1094760e-001
 3.1047228e-001
 3.1086260e-001
 3.1153068e-001
 3.1229571e-001
 3.1283146e-001
 3.1342989e-001
 3.1229216e-001
 3.1421018e-001
 3.1390813e-001
 3.1418207e-001
 3.1421882e-001
 3.1569955e-001
 3.1594324e-001
 3.1649712e-001
 3.1778988e-001
 3.1847733e-001
 3.1982738e-001
 3.1935921e-001
 3.2063299e-001
 3.2127926e-001
 3.2253334e-001
 3.2358214e-001
 3.2315624e-001
 3.2477498e-001
 3.2890254e-001
 3.2974327e-001
 3.2852295e-001
 3.2932550e-001
 3.3028358e-001
 3.3172378e-001
 3.3321044e-001
 3.3293870e-001
 3.3423227e-001
 3.3410034e-001
 3.3607489e-001
 3.3724019e-001
 3.3865464e-001
 3.4080330e-001
 3.3783025e-001
 3.3986253e-001
 3.4289289e-001
 3.4422553e-001
 3.4676585e-001
 3.4904253e-001
 3.4887391e-001
 3.5092366e-001
 3.5297769e-001
 3.5579768e-001
 3.5994148e-001
 3.5570362e-001
 3.5489807e-001
 3.5460678e-001
 3.5773167e-001
 3.5773772e-001
 3.5831133e-001
 3.6173752e-001
 3.6070853e-001
 3.6266276e-001
 3.6230475e-001
 3.6149186e-001
 3.6347437e-001
 3.6717898e-001
 3.6766827e-001
 3.6866891e-001
 3.6981648e-001
 3.7334049e-001
 3.7539628e-001
 3.7668082e-001
 3.7665662e-001
 3.7651354e-001
 3.8006908e-001
 3.8125366e-001
 3.8416550e-001
 3.8621867e-001
 3.8551909e-001
 3.8698649e-001
 3.9039269e-001
 3.8945603e-001
 3.9285457e-001
 3.9527479e-001
 3.9845690e-001
 4.0017733e-001
 4.0172768e-001
 4.0042931e-001
 4.0358320e-001
 4.0308389e-001
 4.0490305e-001
 4.0407205e-001
 4.0304768e-001
 4.0630579e-001
 4.0920404e-001
 4.1188264e-001
 4.1199186e-001
 4.1159487e-001
 4.1210073e-001
 4.1378051e-001
 4.1310647e-001
 4.1097626e-001
 4.1854137e-001
 4.2362961e-001
 4.2147049e-001
 4.2241195e-001
 4.2405435e-001
 4.2246529e-001
 4.2507920e-001
 4.2706421e-001
 4.2804334e-001
 4.3155092e-001
 4.3023157e-001
 4.3093538e-001
 4.3372133e-001
 4.3501303e-001
 4.3504116e-001
 4.3499523e-001
 4.3537387e-001
 4.3651760e-001
 4.3847212e-001
 4.4060126e-001
 4.4213098e-001
 4.4259009e-001
