s07_AV97 Record=3763: Chlorit.33+Calcite.67 GDS315 ASDFRa AREF
 1.6882800e-001
 1.6872124e-001
 1.6996416e-001
 1.7181951e-001
 1.7312345e-001
 1.7653404e-001
 1.8152615e-001
 1.8614200e-001
 1.8944108e-001
 1.9111207e-001
 1.9530368e-001
 2.0166203e-001
 2.0742263e-001
 2.0975235e-001
 2.1398300e-001
 2.1667661e-001
 2.1707335e-001
 2.1682595e-001
 2.1682389e-001
 2.1609183e-001
 2.1423945e-001
 2.1117574e-001
 2.0757447e-001
 2.0455010e-001
 2.0060275e-001
 1.9715354e-001
 1.9351955e-001
 1.8943234e-001
 1.8592905e-001
 1.8272178e-001
 1.7990211e-001
 1.7746675e-001
 1.8032390e-001
 1.7790690e-001
 1.7573477e-001
 1.7399774e-001
 1.7259859e-001
 1.7191170e-001
 1.7186299e-001
 1.7235249e-001
 1.7296781e-001
 1.7396858e-001
 1.7558494e-001
 1.7742345e-001
 1.7905208e-001
 1.8034180e-001
 1.8133475e-001
 1.8199576e-001
 1.8236043e-001
 1.8167570e-001
 1.8069157e-001
 1.7975327e-001
 1.7875051e-001
 1.7794509e-001
 1.7702501e-001
 1.7610143e-001
 1.7574695e-001
 1.7577048e-001
 1.7608842e-001
 1.7675579e-001
 1.7811526e-001
 1.7962654e-001
 1.8110293e-001
 1.8259801e-001
 1.8414824e-001
 1.8558888e-001
 1.8715042e-001
 1.8862872e-001
 1.8966645e-001
 1.9151592e-001
 1.9195448e-001
 1.9203094e-001
 1.9222423e-001
 1.9243237e-001
 1.9273891e-001
 1.9291557e-001
 1.9326028e-001
 1.9373526e-001
 1.9448768e-001
 1.9526817e-001
 1.9617306e-001
 1.9704589e-001
 1.9832939e-001
 2.0005183e-001
 2.0155883e-001
 2.0343463e-001
 2.0528783e-001
 2.0766447e-001
 2.1012214e-001
 2.1242633e-001
 2.1528940e-001
 2.1839295e-001
 2.2103687e-001
 2.2429650e-001
 2.2718865e-001
 2.3071024e-001
 2.2557205e-001
 2.2893143e-001
 2.3244639e-001
 2.3586772e-001
 2.3932922e-001
 2.4306290e-001
 2.4686140e-001
 2.5064138e-001
 2.5435400e-001
 2.5814727e-001
 2.6231587e-001
 2.6618397e-001
 2.7027488e-001
 2.7273035e-001
 2.7081594e-001
 2.7001998e-001
 2.7617487e-001
 2.8492880e-001
 2.8893760e-001
 2.9184860e-001
 2.9549304e-001
 2.9975975e-001
 3.0454361e-001
 3.0888051e-001
 3.1212327e-001
 3.1568679e-001
 3.1899738e-001
 3.2165343e-001
 3.2503936e-001
 3.2866186e-001
 3.3267710e-001
 3.3693150e-001
 3.4106100e-001
 3.4535903e-001
 3.4989896e-001
 3.5452732e-001
 3.5851020e-001
 3.6292520e-001
 3.6720577e-001
 3.7159818e-001
 3.7584636e-001
 3.8046330e-001
 3.8475147e-001
 3.8839388e-001
 3.9262068e-001
 3.9673755e-001
 4.0069157e-001
 4.0453920e-001
 4.0825149e-001
 4.1207108e-001
 4.1556743e-001
 4.1902778e-001
 4.2094281e-001
 4.2341900e-001
 4.2725176e-001
 4.3021068e-001
 4.3387091e-001
 4.3752721e-001
 4.4091451e-001
 4.4328272e-001
 4.4458348e-001
 4.4574478e-001
 4.4618738e-001
 4.4778031e-001
 4.4672012e-001
 4.5032790e-001
 4.5541397e-001
 4.5934778e-001
 4.6226436e-001
 4.6449956e-001
 4.6590987e-001
 4.6582407e-001
 4.6604648e-001
 4.6651694e-001
 4.6566764e-001
 4.6381158e-001
 4.6405372e-001
 4.6876174e-001
 4.7612473e-001
 4.8510972e-001
 4.9364880e-001
 5.0048858e-001
 5.0592411e-001
 5.1028717e-001
 5.1431072e-001
 5.1799470e-001
 5.2029449e-001
 5.2037644e-001
 5.2106339e-001
 5.2153647e-001
 5.2250427e-001
 5.2158940e-001
 5.2162540e-001
 5.2292430e-001
 5.2377504e-001
 5.2245897e-001
 5.1908356e-001
 5.1445872e-001
 5.0577265e-001
 4.9021599e-001
 4.6020737e-001
 4.2535874e-001
 4.1246095e-001
 4.2081210e-001
 4.2497951e-001
 4.1683358e-001
 4.0430671e-001
 3.9379328e-001
 3.8392827e-001
 3.6903614e-001
 3.5370153e-001
 3.5442111e-001
 3.7487924e-001
 4.0310773e-001
 4.2799196e-001
 4.4357714e-001
 4.5051628e-001
 4.5484030e-001
 4.5726618e-001
 4.5674655e-001
 4.5151022e-001
 4.4403026e-001
 4.3138292e-001
 4.1465089e-001
 3.9539751e-001
 3.8203892e-001
 3.7528631e-001
-1.2300000e+034
