s07_AV97 Record=4142: Pyroxene_Basalt CU01-20A     ASDFRa AREF
 9.6038796e-002
 9.9994078e-002
 1.0460499e-001
 1.0934949e-001
 1.1328102e-001
 1.1688575e-001
 1.2032896e-001
 1.2335249e-001
 1.2597966e-001
 1.2875785e-001
 1.3151351e-001
 1.3396408e-001
 1.3660622e-001
 1.3976495e-001
 1.4323069e-001
 1.4665590e-001
 1.4997756e-001
 1.5322894e-001
 1.5639621e-001
 1.5972245e-001
 1.6282973e-001
 1.6542678e-001
 1.6742064e-001
 1.6890362e-001
 1.6993575e-001
 1.7072792e-001
 1.7140640e-001
 1.7200279e-001
 1.7261976e-001
 1.7320514e-001
 1.7377684e-001
 1.7436796e-001
 1.7368312e-001
 1.7425655e-001
 1.7478614e-001
 1.7522894e-001
 1.7562577e-001
 1.7602006e-001
 1.7638141e-001
 1.7669563e-001
 1.7695010e-001
 1.7721517e-001
 1.7750296e-001
 1.7779994e-001
 1.7819031e-001
 1.7870466e-001
 1.7932656e-001
 1.8007085e-001
 1.8090530e-001
 1.8176305e-001
 1.8255281e-001
 1.8320385e-001
 1.8365589e-001
 1.8380608e-001
 1.8368992e-001
 1.8335222e-001
 1.8267769e-001
 1.8183957e-001
 1.8076794e-001
 1.7961678e-001
 1.7838132e-001
 1.7707849e-001
 1.7579030e-001
 1.7456280e-001
 1.7344140e-001
 1.7244880e-001
 1.7158024e-001
 1.7079452e-001
 1.7035791e-001
 1.6992494e-001
 1.6971943e-001
 1.6995046e-001
 1.7037307e-001
 1.7094508e-001
 1.7196898e-001
 1.7322938e-001
 1.7459606e-001
 1.7627276e-001
 1.7812225e-001
 1.7981245e-001
 1.8174554e-001
 1.8345326e-001
 1.8511856e-001
 1.8679453e-001
 1.8822832e-001
 1.8971440e-001
 1.9087310e-001
 1.9216289e-001
 1.9333985e-001
 1.9438539e-001
 1.9551238e-001
 1.9665177e-001
 1.9777279e-001
 1.9884442e-001
 1.9972967e-001
 2.0077257e-001
 1.9924334e-001
 2.0025678e-001
 2.0128578e-001
 2.0232588e-001
 2.0343779e-001
 2.0451674e-001
 2.0565321e-001
 2.0672832e-001
 2.0772912e-001
 2.0869030e-001
 2.0963211e-001
 2.1054907e-001
 2.1096130e-001
 2.1054235e-001
 2.0979543e-001
 2.0927121e-001
 2.0922565e-001
 2.1107709e-001
 2.1307808e-001
 2.1470477e-001
 2.1589345e-001
 2.1684568e-001
 2.1792394e-001
 2.1902856e-001
 2.2011486e-001
 2.2104383e-001
 2.2188255e-001
 2.2271954e-001
 2.2347026e-001
 2.2415991e-001
 2.2480230e-001
 2.2539820e-001
 2.2599746e-001
 2.2639345e-001
 2.2682241e-001
 2.2719990e-001
 2.2749269e-001
 2.2789209e-001
 2.2812933e-001
 2.2842558e-001
 2.2867857e-001
 2.2889420e-001
 2.2911412e-001
 2.2930603e-001
 2.2926944e-001
 2.2936684e-001
 2.2938751e-001
 2.2926874e-001
 2.2908990e-001
 2.2874206e-001
 2.2843538e-001
 2.2815567e-001
 2.2780858e-001
 2.2755352e-001
 2.2729562e-001
 2.2706251e-001
 2.2782460e-001
 2.2784542e-001
 2.2777003e-001
 2.2757722e-001
 2.2727825e-001
 2.2649488e-001
 2.2507957e-001
 2.2163457e-001
 2.2329205e-001
 2.1805809e-001
 2.0978221e-001
 2.0386702e-001
 2.0413475e-001
 2.0653142e-001
 2.0853721e-001
 2.0956446e-001
 2.1020463e-001
 2.1075650e-001
 2.1128669e-001
 2.1197546e-001
 2.1251512e-001
 2.1303953e-001
 2.1350385e-001
 2.1395126e-001
 2.1429195e-001
 2.1429010e-001
 2.1425040e-001
 2.1399036e-001
 2.1371573e-001
 2.1331020e-001
 2.1287598e-001
 2.1230753e-001
 2.1168043e-001
 2.1106325e-001
 2.1011321e-001
 2.0871130e-001
 2.0679665e-001
 2.0513961e-001
 2.0344596e-001
 2.0163432e-001
 1.9984211e-001
 1.9900024e-001
 1.9948338e-001
 1.9926481e-001
 1.9868666e-001
 1.9836815e-001
 1.9821936e-001
 1.9767880e-001
 1.9647610e-001
 1.9454846e-001
 1.9304366e-001
 1.9195448e-001
 1.9156682e-001
 1.9169384e-001
 1.9158790e-001
 1.9086783e-001
 1.9003172e-001
 1.8933752e-001
 1.8792793e-001
 1.8685976e-001
 1.8601072e-001
 1.8527104e-001
 1.8384191e-001
 1.8291637e-001
 1.8102276e-001
 1.8006185e-001
 1.7931175e-001
 1.7826848e-001
 1.7660066e-001
 1.7751870e-001
 1.7624967e-001
-1.2300000e+034
