s07_AV97 Record=792: Chlorite HS197.3B             BECKb AREF
 1.0116981e-001
 1.0325126e-001
 1.0641465e-001
 1.0882115e-001
 1.1102725e-001
 1.1607768e-001
 1.2256467e-001
 1.2798867e-001
 1.3193965e-001
 1.3455096e-001
 1.3974008e-001
 1.4630587e-001
 1.5238436e-001
 1.5562904e-001
 1.6156031e-001
 1.6511175e-001
 1.6726312e-001
 1.6877028e-001
 1.7118850e-001
 1.7311019e-001
 1.7434785e-001
 1.7427112e-001
 1.7239544e-001
 1.6995007e-001
 1.6677219e-001
 1.6334151e-001
 1.5953593e-001
 1.5615886e-001
 1.5227391e-001
 1.4919974e-001
 1.4600770e-001
 1.4368434e-001
 1.4640556e-001
 1.4419109e-001
 1.4228128e-001
 1.4040962e-001
 1.3971947e-001
 1.3937965e-001
 1.3982734e-001
 1.4128329e-001
 1.4342561e-001
 1.4606245e-001
 1.4912210e-001
 1.5288121e-001
 1.5598860e-001
 1.5854570e-001
 1.6009748e-001
 1.6166636e-001
 1.6137353e-001
 1.6022597e-001
 1.5875134e-001
 1.5817972e-001
 1.5733786e-001
 1.5571027e-001
 1.5178117e-001
 1.4972396e-001
 1.5160277e-001
 1.5285641e-001
 1.5050371e-001
 1.5249851e-001
 1.5467675e-001
 1.5450817e-001
 1.5799552e-001
 1.5948464e-001
 1.6217014e-001
 1.6256303e-001
 1.6473162e-001
 1.6480644e-001
 1.6494536e-001
 1.6525996e-001
 1.6507630e-001
 1.6533844e-001
 1.6608137e-001
 1.6614333e-001
 1.6581151e-001
 1.6579062e-001
 1.6553582e-001
 1.6643833e-001
 1.6773556e-001
 1.6940202e-001
 1.7034869e-001
 1.7198791e-001
 1.7301790e-001
 1.7458142e-001
 1.7738727e-001
 1.8016802e-001
 1.8367426e-001
 1.8684657e-001
 1.9010116e-001
 1.9465236e-001
 1.9779852e-001
 2.0237932e-001
 2.0595758e-001
 2.1066402e-001
 2.1495576e-001
 2.2036073e-001
 2.1273184e-001
 2.1770014e-001
 2.2214113e-001
 2.2632149e-001
 2.3057178e-001
 2.3520191e-001
 2.4069563e-001
 2.4575645e-001
 2.5108895e-001
 2.5569290e-001
 2.6158378e-001
 2.6536834e-001
 2.6962665e-001
 2.5653005e-001
 2.4193382e-001
 2.6198950e-001
 2.7051035e-001
 2.7717561e-001
 2.7953422e-001
 2.8228229e-001
 2.8845152e-001
 2.9708701e-001
 3.0480739e-001
 3.1084904e-001
 3.1697893e-001
 3.1888583e-001
 3.2208127e-001
 3.2701948e-001
 3.3104208e-001
 3.3652264e-001
 3.4168318e-001
 3.4723222e-001
 3.5443839e-001
 3.6009988e-001
 3.6769521e-001
 3.7428078e-001
 3.8017237e-001
 3.8637671e-001
 3.9401788e-001
 4.0046331e-001
 4.0552890e-001
 4.1215196e-001
 4.1721737e-001
 4.2163113e-001
 4.2930230e-001
 4.3503445e-001
 4.4065320e-001
 4.4363672e-001
 4.4744149e-001
 4.5316416e-001
 4.5835367e-001
 4.6046421e-001
 4.6513566e-001
 4.7089127e-001
 4.7261089e-001
 4.7298193e-001
 4.7384736e-001
 4.7378120e-001
 4.7371456e-001
 4.7152749e-001
 4.6746889e-001
 4.6335405e-001
 4.5792031e-001
 4.5226833e-001
 4.5391428e-001
 4.5087120e-001
 4.4794962e-001
 4.4012618e-001
 4.3669119e-001
 4.3846393e-001
 4.3707040e-001
 4.3106264e-001
 4.2845744e-001
 4.2726645e-001
 4.2143038e-001
 4.1819739e-001
 4.1986078e-001
 4.2952153e-001
 4.4690388e-001
 4.6477431e-001
 4.7825512e-001
 4.9212721e-001
 5.0295806e-001
 5.1088482e-001
 5.1815069e-001
 5.1863730e-001
 5.1109779e-001
 5.0971764e-001
 5.0855213e-001
 5.1369679e-001
 5.2002996e-001
 5.1537144e-001
 5.0679421e-001
 5.0368381e-001
 4.9350777e-001
 4.8215285e-001
 4.6640819e-001
 4.4912022e-001
 4.2679065e-001
 3.9001653e-001
 3.3637071e-001
 3.0602664e-001
 3.0878767e-001
 3.1162632e-001
 3.0418438e-001
 2.7571976e-001
 2.5308204e-001
 2.4407241e-001
 2.2820707e-001
 2.2028364e-001
 2.2531024e-001
 2.3684235e-001
 2.5308451e-001
 2.7441898e-001
 2.8891897e-001
 2.8696984e-001
 2.9421452e-001
 3.0539054e-001
 3.1216088e-001
 3.0924889e-001
 2.9949373e-001
 2.8770286e-001
 2.7788201e-001
 2.6985332e-001
 2.6607177e-001
 2.6498184e-001
 2.6446396e-001
 2.6296365e-001
