s07_AV97 Record=1388: Gypsum HS333.4B (Selenite)   ASDFRa AREF
 8.2169271e-001
 8.2663393e-001
 8.2968634e-001
 8.3214235e-001
 8.3452630e-001
 8.3718950e-001
 8.4037209e-001
 8.4381235e-001
 8.4750247e-001
 8.5096079e-001
 8.5404325e-001
 8.5674512e-001
 8.5917395e-001
 8.6135864e-001
 8.6356658e-001
 8.6582714e-001
 8.6795413e-001
 8.6958128e-001
 8.7122118e-001
 8.7278056e-001
 8.7448508e-001
 8.7651914e-001
 8.7774622e-001
 8.7746859e-001
 8.7652314e-001
 8.7805641e-001
 8.7943679e-001
 8.8008994e-001
 8.8020146e-001
 8.8033032e-001
 8.8069457e-001
 8.8112515e-001
 8.8062590e-001
 8.8100415e-001
 8.8157332e-001
 8.8216406e-001
 8.8193804e-001
 8.8175005e-001
 8.8078177e-001
 8.7978327e-001
 8.7834740e-001
 8.7563396e-001
 8.7257707e-001
 8.7164116e-001
 8.7180436e-001
 8.7352788e-001
 8.7588507e-001
 8.7829566e-001
 8.7936068e-001
 8.7916327e-001
 8.7739766e-001
 8.7360907e-001
 8.6989021e-001
 8.6782956e-001
 8.6775053e-001
 8.6756533e-001
 8.6608040e-001
 8.6238480e-001
 8.5840052e-001
 8.5735846e-001
 8.5687625e-001
 8.5349363e-001
 8.4432715e-001
 8.3167803e-001
 8.1598961e-001
 7.9762167e-001
 7.8189826e-001
 7.7445030e-001
 7.8600723e-001
 8.0740231e-001
 8.2726610e-001
 8.4186745e-001
 8.5221547e-001
 8.5813737e-001
 8.6079258e-001
 8.6037892e-001
 8.5673231e-001
 8.5031635e-001
 8.4128773e-001
 8.3375138e-001
 8.2524735e-001
 8.1581599e-001
 7.9560524e-001
 7.5826007e-001
 7.1193266e-001
 6.6439807e-001
 6.4386231e-001
 6.3915253e-001
 6.3536203e-001
 6.4059198e-001
 6.5865862e-001
 6.6602159e-001
 6.8060207e-001
 7.0252514e-001
 7.1203601e-001
 7.1825528e-001
 7.0779574e-001
 7.1535140e-001
 7.2093529e-001
 7.2360212e-001
 7.2168237e-001
 7.1434146e-001
 7.0056379e-001
 6.7952806e-001
 6.5377539e-001
 6.2103289e-001
 5.8835363e-001
 5.6276572e-001
 5.4056627e-001
 5.2541918e-001
 5.0990760e-001
 4.7377148e-001
 4.1769880e-001
 3.5838318e-001
 3.0495179e-001
 2.4876620e-001
 2.5716448e-001
 2.8876683e-001
 3.0081603e-001
 2.9934087e-001
 2.9418567e-001
 3.2032141e-001
 3.4213695e-001
 3.4235236e-001
 3.3236763e-001
 3.3954117e-001
 3.7447563e-001
 4.1160512e-001
 4.4144386e-001
 4.6581185e-001
 4.8882633e-001
 5.1619124e-001
 5.4369307e-001
 5.6576651e-001
 5.8550745e-001
 6.0560000e-001
 6.2172556e-001
 6.3037360e-001
 6.3065875e-001
 6.2311995e-001
 6.0140961e-001
 5.6222194e-001
 5.0552064e-001
 4.4345364e-001
 3.8710240e-001
 3.4673786e-001
 3.3584085e-001
 3.4981248e-001
 3.6011371e-001
 3.7464786e-001
 4.0374514e-001
 4.3112808e-001
 4.4823903e-001
 4.5878440e-001
 4.6127340e-001
 4.5384392e-001
 4.3126705e-001
 3.8713410e-001
 3.2758048e-001
 2.6359123e-001
 2.8878409e-001
 2.2957772e-001
 1.8279932e-001
 1.4666827e-001
 1.1769725e-001
 9.3742162e-002
 7.9769470e-002
 7.7602722e-002
 8.7312460e-002
 9.5309570e-002
 1.0105588e-001
 1.1566918e-001
 1.5313600e-001
 1.9793704e-001
 2.3096685e-001
 2.5365090e-001
 2.6970658e-001
 2.7953097e-001
 2.8103289e-001
 2.7990049e-001
 2.8025645e-001
 2.7490523e-001
 2.6459330e-001
 2.5222144e-001
 2.3968334e-001
 2.2922599e-001
 2.2112283e-001
 2.1257153e-001
 2.0322300e-001
 1.9421653e-001
 1.8829030e-001
 1.8532783e-001
 1.7910865e-001
 1.7010716e-001
 1.6647905e-001
 1.7707577e-001
 1.8614210e-001
 1.8816614e-001
 1.8395233e-001
 1.7993918e-001
 1.8982585e-001
 2.0158958e-001
 2.0729493e-001
 2.0940226e-001
 2.0932648e-001
 2.0586881e-001
 1.9867729e-001
 1.8788941e-001
 1.7566481e-001
 1.6144168e-001
 1.4411959e-001
 1.2564163e-001
 1.0821655e-001
 9.4530210e-002
 8.5358508e-002
 8.0226086e-002
 7.6555647e-002
 7.3886238e-002
 7.1273006e-002
 6.6634133e-002
 6.3260682e-002
 6.2797695e-002
 6.3082792e-002
-1.2300000e+034
