s07_AV97 Record=2747: Pyrophyllite PYS1A <5um      ASDNGa AREF
 5.7542396e-001
 5.8254087e-001
 5.9375626e-001
 6.0678381e-001
 6.1770934e-001
 6.2603736e-001
 6.3493037e-001
 6.4551139e-001
 6.5539014e-001
 6.6257644e-001
 6.6823775e-001
 6.7389649e-001
 6.8034273e-001
 6.8781036e-001
 6.9576716e-001
 7.0370179e-001
 7.1149576e-001
 7.1911931e-001
 7.2617626e-001
 7.3234642e-001
 7.3763698e-001
 7.4202174e-001
 7.4633628e-001
 7.5059533e-001
 7.5490236e-001
 7.5930107e-001
 7.6386619e-001
 7.6857215e-001
 7.7331913e-001
 7.7807093e-001
 7.8295523e-001
 7.8773797e-001
 7.8217173e-001
 7.8684062e-001
 7.9131824e-001
 7.9591858e-001
 8.0033070e-001
 8.0454057e-001
 8.0848575e-001
 8.1183147e-001
 8.1580508e-001
 8.1926864e-001
 8.2255203e-001
 8.2559139e-001
 8.2835758e-001
 8.3084869e-001
 8.3311903e-001
 8.3525753e-001
 8.3720452e-001
 8.3888549e-001
 8.4037495e-001
 8.4171772e-001
 8.4295422e-001
 8.4403801e-001
 8.4508771e-001
 8.4617168e-001
 8.4713358e-001
 8.4801519e-001
 8.4879190e-001
 8.4940809e-001
 8.5037613e-001
 8.4871352e-001
 8.3928752e-001
 8.5160017e-001
 8.5474622e-001
 8.5621506e-001
 8.5744387e-001
 8.5842115e-001
 8.5939837e-001
 8.6037040e-001
 8.6115688e-001
 8.6199844e-001
 8.6275852e-001
 8.6352891e-001
 8.6421233e-001
 8.6479926e-001
 8.6544734e-001
 8.6602777e-001
 8.6640602e-001
 8.6707193e-001
 8.6766064e-001
 8.6801380e-001
 8.6825949e-001
 8.6837119e-001
 8.6834902e-001
 8.6813223e-001
 8.6782098e-001
 8.6782980e-001
 8.6748540e-001
 8.6697072e-001
 8.6677325e-001
 8.6141819e-001
 8.6553097e-001
 8.6732143e-001
 8.6766833e-001
 8.6703742e-001
 8.6754555e-001
 8.6742085e-001
 8.6670071e-001
 8.6576802e-001
 8.6457300e-001
 8.6343729e-001
 8.6070263e-001
 8.5635269e-001
 8.5181952e-001
 8.5492253e-001
 8.5404849e-001
 8.4768784e-001
 8.4647775e-001
 8.0057317e-001
 6.5146065e-001
 7.7781284e-001
 8.3580339e-001
 8.5199052e-001
 8.5494655e-001
 8.6050397e-001
 8.6186773e-001
 8.6301553e-001
 8.6562204e-001
 8.6706609e-001
 8.6798102e-001
 8.6853546e-001
 8.6896574e-001
 8.6931437e-001
 8.6956161e-001
 8.6961532e-001
 8.6955482e-001
 8.7021804e-001
 8.7058747e-001
 8.7080628e-001
 8.7075412e-001
 8.7045550e-001
 8.7054932e-001
 8.7074691e-001
 8.7080288e-001
 8.7092561e-001
 8.7091166e-001
 8.7088639e-001
 8.7048900e-001
 8.6924845e-001
 8.6932868e-001
 8.7035877e-001
 8.7051797e-001
 8.6976361e-001
 8.6914438e-001
 8.6874455e-001
 8.6830151e-001
 8.6857247e-001
 8.6906564e-001
 8.6945122e-001
 8.6911392e-001
 8.6806196e-001
 8.6844999e-001
 8.6876470e-001
 8.6829954e-001
 8.6790872e-001
 8.6737472e-001
 8.6650002e-001
 8.6538529e-001
 8.6331242e-001
 8.6405528e-001
 8.6156309e-001
 8.5854250e-001
 8.5667640e-001
 8.5559481e-001
 8.5446370e-001
 8.5275936e-001
 8.5050398e-001
 8.4964275e-001
 8.4984052e-001
 8.4923816e-001
 8.4843457e-001
 8.4754932e-001
 8.4644490e-001
 8.4588367e-001
 8.4669083e-001
 8.4737253e-001
 8.4192139e-001
 8.2126468e-001
 7.9899788e-001
 7.4492431e-001
 7.2137392e-001
 7.9127502e-001
 8.1914824e-001
 8.1059676e-001
 7.8791493e-001
 7.6461488e-001
 7.1303701e-001
 5.9048331e-001
 5.1184922e-001
 6.4753258e-001
 7.3819762e-001
 7.6063955e-001
 7.6282221e-001
 7.5327635e-001
 7.6731521e-001
 7.7180642e-001
 7.6310033e-001
 7.5004202e-001
 7.3384994e-001
 7.1030492e-001
 6.8385398e-001
 6.6663963e-001
 6.4254779e-001
 6.1377209e-001
 6.3642615e-001
 6.6218436e-001
 6.5160394e-001
 6.5599746e-001
 6.6600335e-001
 6.5848070e-001
 6.2903011e-001
 6.2327188e-001
 6.2431294e-001
 6.2223130e-001
 6.0917091e-001
 6.1212760e-001
 6.1575335e-001
 6.0937583e-001
 6.0557324e-001
 5.8949035e-001
 5.6610644e-001
 5.5369103e-001
-1.2300000e+034
