s07_AV97 Record=1599: Hypersthene PYX02.a 12um    NIC4cbb RREF
-1.2300000e+034
-1.2300000e+034
-1.2300000e+034
-1.2300000e+034
-1.2300000e+034
-1.2300000e+034
-1.2300000e+034
-1.2300000e+034
-1.2300000e+034
-1.2300000e+034
-1.2300000e+034
-1.2300000e+034
-1.2300000e+034
-1.2300000e+034
-1.2300000e+034
-1.2300000e+034
-1.2300000e+034
-1.2300000e+034
-1.2300000e+034
-1.2300000e+034
-1.2300000e+034
-1.2300000e+034
-1.2300000e+034
-1.2300000e+034
-1.2300000e+034
-1.2300000e+034
-1.2300000e+034
-1.2300000e+034
-1.2300000e+034
-1.2300000e+034
-1.2300000e+034
-1.2300000e+034
-1.2300000e+034
-1.2300000e+034
-1.2300000e+034
-1.2300000e+034
-1.2300000e+034
-1.2300000e+034
-1.2300000e+034
-1.2300000e+034
-1.2300000e+034
-1.2300000e+034
-1.2300000e+034
-1.2300000e+034
-1.2300000e+034
-1.2300000e+034
-1.2300000e+034
-1.2300000e+034
-1.2300000e+034
-1.2300000e+034
-1.2300000e+034
-1.2300000e+034
-1.2300000e+034
-1.2300000e+034
-1.2300000e+034
-1.2300000e+034
-1.2300000e+034
-1.2300000e+034
-1.2300000e+034
-1.2300000e+034
-1.2300000e+034
-1.2300000e+034
-1.2300000e+034
-1.2300000e+034
-1.2300000e+034
-1.2300000e+034
-1.2300000e+034
-1.2300000e+034
-1.2300000e+034
-1.2300000e+034
-1.2300000e+034
-1.2300000e+034
-1.2300000e+034
-1.2300000e+034
-1.2300000e+034
-1.2300000e+034
-1.2300000e+034
-1.2300000e+034
-1.2300000e+034
-1.2300000e+034
-1.2300000e+034
-1.2300000e+034
-1.2300000e+034
-1.2300000e+034
-1.2300000e+034
-1.2300000e+034
-1.2300000e+034
-1.2300000e+034
-1.2300000e+034
-1.2300000e+034
-1.2300000e+034
-1.2300000e+034
-1.2300000e+034
-1.2300000e+034
-1.2300000e+034
-1.2300000e+034
-1.2300000e+034
-1.2300000e+034
-1.2300000e+034
-1.2300000e+034
-1.2300000e+034
-1.2300000e+034
-1.2300000e+034
-1.2300000e+034
-1.2300000e+034
-1.2300000e+034
-1.2300000e+034
-1.2300000e+034
-1.2300000e+034
-1.2300000e+034
-1.2300000e+034
-1.2300000e+034
-1.2300000e+034
-1.2300000e+034
-1.2300000e+034
-1.2300000e+034
-1.2300000e+034
-1.2300000e+034
-1.2300000e+034
-1.2300000e+034
-1.2300000e+034
-1.2300000e+034
-1.2300000e+034
-1.2300000e+034
-1.2300000e+034
-1.2300000e+034
-1.2300000e+034
-1.2300000e+034
-1.2300000e+034
-1.2300000e+034
-1.2300000e+034
-1.2300000e+034
-1.2300000e+034
-1.2300000e+034
-1.2300000e+034
-1.2300000e+034
 5.1311558e-001
 5.1252842e-001
 5.1165640e-001
 5.1033407e-001
 5.0891697e-001
 5.0782931e-001
 5.0693536e-001
 5.0618953e-001
 5.0532264e-001
 5.0463969e-001
 5.0359064e-001
 5.0247943e-001
 5.0164169e-001
 5.0093091e-001
 5.0045329e-001
 5.0038964e-001
 5.0035143e-001
 5.0044507e-001
 5.0038195e-001
 5.0036198e-001
 5.0053513e-001
 5.0061947e-001
 5.0115037e-001
 5.0179070e-001
 5.0158024e-001
 5.0230455e-001
 5.0310344e-001
 5.0420642e-001
 5.0567871e-001
 5.0729042e-001
 5.0896543e-001
 5.1059002e-001
 5.1242417e-001
 5.1469344e-001
 5.1728928e-001
 5.2003556e-001
 5.2297992e-001
 5.2586716e-001
 5.2873027e-001
 5.3153217e-001
 5.3446221e-001
 5.3717268e-001
 5.3989822e-001
 5.4264820e-001
 5.4547822e-001
 5.4870218e-001
 5.5203772e-001
 5.5534828e-001
 5.5851412e-001
 5.6152493e-001
 5.6440455e-001
 5.6708586e-001
 5.6941581e-001
 5.7144487e-001
 5.7349002e-001
 5.7533377e-001
 5.7727373e-001
 5.7930017e-001
 5.8124065e-001
 5.8309877e-001
 5.8497059e-001
 5.8653229e-001
 5.8710271e-001
 5.8679134e-001
 5.8506429e-001
 5.7981360e-001
 5.7787347e-001
 5.7181817e-001
 5.7168967e-001
 5.8083057e-001
 5.8739275e-001
 5.9107256e-001
 5.9354508e-001
 5.9465641e-001
 5.9326017e-001
 5.9197080e-001
 5.9432912e-001
 5.9815264e-001
 5.9911931e-001
 5.9828174e-001
 5.9766901e-001
 5.9723079e-001
 5.9676594e-001
 5.9630316e-001
 5.9713823e-001
 5.9759849e-001
 5.9740812e-001
 5.9786689e-001
