s07_AV97 Record=2170: Montmorillonite SCa-2.a       BECKb AREF
 2.6211447e-001
 2.7572867e-001
 2.8963330e-001
 2.9959950e-001
 3.0623719e-001
 3.1115654e-001
 3.1699744e-001
 3.2452363e-001
 3.3475456e-001
 3.4492883e-001
 3.5232279e-001
 3.5727879e-001
 3.6295781e-001
 3.7007412e-001
 3.7711564e-001
 3.8398904e-001
 3.9081386e-001
 3.9946666e-001
 4.0962151e-001
 4.2147779e-001
 4.3564397e-001
 4.4994301e-001
 4.6405223e-001
 4.7384727e-001
 4.8070523e-001
 4.8559830e-001
 4.9057361e-001
 4.9468875e-001
 4.9946743e-001
 5.0377864e-001
 5.0817835e-001
 5.1353407e-001
 5.0721002e-001
 5.1288766e-001
 5.1579714e-001
 5.2088791e-001
 5.2326226e-001
 5.2854347e-001
 5.3119820e-001
 5.3377616e-001
 5.3931773e-001
 5.4012805e-001
 5.4317421e-001
 5.4484034e-001
 5.4622507e-001
 5.4731750e-001
 5.4972851e-001
 5.5041832e-001
 5.5069983e-001
 5.5115318e-001
 5.5027336e-001
 5.5018216e-001
 5.5265135e-001
 5.5679137e-001
 5.5808651e-001
 5.5331707e-001
 5.4967254e-001
 5.5171126e-001
 5.5539095e-001
 5.5244207e-001
 5.5612946e-001
 5.5258423e-001
 5.4874104e-001
 5.4389220e-001
 5.5201733e-001
 5.5558491e-001
 5.5870342e-001
 5.5761689e-001
 5.6227314e-001
 5.6494641e-001
 5.6415111e-001
 5.6585807e-001
 5.6537020e-001
 5.6749266e-001
 5.7014096e-001
 5.6967968e-001
 5.6925714e-001
 5.7101059e-001
 5.7088327e-001
 5.7216853e-001
 5.6968766e-001
 5.6763142e-001
 5.5799747e-001
 5.5546755e-001
 5.5842870e-001
 5.6077820e-001
 5.6445223e-001
 5.6602061e-001
 5.6576478e-001
 5.6924433e-001
 5.6835288e-001
 5.6882608e-001
 5.6976867e-001
 5.6800175e-001
 5.7021832e-001
 5.6999379e-001
 5.6870681e-001
 5.7050842e-001
 5.7019049e-001
 5.6812876e-001
 5.6537765e-001
 5.6197065e-001
 5.6036955e-001
 5.5399513e-001
 5.4647893e-001
 5.3956521e-001
 5.3355938e-001
 5.2332669e-001
 5.0176477e-001
 4.5111912e-001
 3.8063714e-001
 3.2516706e-001
 3.0597630e-001
 3.3250773e-001
 3.6595592e-001
 3.8774917e-001
 3.9246756e-001
 3.9662084e-001
 4.1333288e-001
 4.3217018e-001
 4.4875458e-001
 4.6097183e-001
 4.7171029e-001
 4.8023024e-001
 4.8892045e-001
 4.9662462e-001
 5.0347823e-001
 5.0839257e-001
 5.1299405e-001
 5.1674116e-001
 5.2176249e-001
 5.2495402e-001
 5.2663338e-001
 5.2693534e-001
 5.2944642e-001
 5.3195155e-001
 5.3159416e-001
 5.3630871e-001
 5.3483182e-001
 5.3329563e-001
 5.3273910e-001
 5.3360975e-001
 5.3247595e-001
 5.2501470e-001
 5.2521420e-001
 5.2268875e-001
 5.1589847e-001
 5.1030177e-001
 5.0515473e-001
 4.9962497e-001
 4.9419418e-001
 4.9678811e-001
 4.9345475e-001
 4.8994398e-001
 4.8835006e-001
 4.7971588e-001
 4.6481276e-001
 4.4207993e-001
 3.9379969e-001
 3.1962967e-001
 3.4566069e-001
 2.5653306e-001
 1.7242117e-001
 1.3939172e-001
 1.5441941e-001
 1.8341652e-001
 2.0430581e-001
 2.1768548e-001
 2.2395362e-001
 2.3520853e-001
 2.4872087e-001
 2.6312867e-001
 2.7996796e-001
 2.9472187e-001
 3.0925044e-001
 3.2290033e-001
 3.3886334e-001
 3.5093847e-001
 3.5663345e-001
 3.6508191e-001
 3.7047005e-001
 3.7131199e-001
 3.7536114e-001
 3.8158077e-001
 3.9184862e-001
 3.9515075e-001
 3.9457908e-001
 3.9747497e-001
 3.9843085e-001
 3.9508748e-001
 3.8717034e-001
 3.6706719e-001
 3.2929340e-001
 2.8209510e-001
 2.7228773e-001
 2.9492170e-001
 3.1247634e-001
 3.2734922e-001
 3.3826500e-001
 3.4594283e-001
 3.4121040e-001
 3.2803509e-001
 3.1901228e-001
 3.1027898e-001
 2.9001215e-001
 2.7858174e-001
 2.6637185e-001
 2.5591826e-001
 2.4934278e-001
 2.3909882e-001
 2.2860473e-001
 2.1698746e-001
 2.1157521e-001
 2.0615120e-001
 1.9865246e-001
 1.9017167e-001
 1.8190560e-001
 1.7492166e-001
 1.6962226e-001
 1.6415149e-001
 1.5862714e-001
 1.5324798e-001
 1.4835458e-001
 1.4416845e-001
