s07_AV97 Record=1366: Grossular WS484 Garnet        BECKb AREF
 5.2035844e-001
 5.3944802e-001
 5.5913883e-001
 5.7234246e-001
 5.7766658e-001
 5.8502811e-001
 5.9049451e-001
 6.0025597e-001
 6.0965222e-001
 6.1660063e-001
 6.2293339e-001
 6.2814569e-001
 6.3335478e-001
 6.3919717e-001
 6.4566618e-001
 6.5578520e-001
 6.6187096e-001
 6.6804701e-001
 6.7505592e-001
 6.8351442e-001
 6.9190139e-001
 7.0106649e-001
 7.0987272e-001
 7.1867150e-001
 7.2561854e-001
 7.3304594e-001
 7.3992783e-001
 7.4497527e-001
 7.4911690e-001
 7.5209975e-001
 7.5322193e-001
 7.5493151e-001
 7.5322014e-001
 7.5433069e-001
 7.5654167e-001
 7.5893492e-001
 7.5994116e-001
 7.6299781e-001
 7.6632679e-001
 7.6788414e-001
 7.7059281e-001
 7.7249485e-001
 7.7373374e-001
 7.7435714e-001
 7.7595013e-001
 7.7594757e-001
 7.7688408e-001
 7.7739072e-001
 7.7618861e-001
 7.7530628e-001
 7.7803510e-001
 7.7788508e-001
 7.8080851e-001
 7.8246588e-001
 7.7896595e-001
 7.7869630e-001
 7.8415978e-001
 7.8166294e-001
 7.8227913e-001
 7.7679503e-001
 7.8033537e-001
 7.7988917e-001
 7.7863491e-001
 7.7694243e-001
 7.7552462e-001
 7.7400571e-001
 7.7161390e-001
 7.6729536e-001
 7.6161414e-001
 7.5587845e-001
 7.5255400e-001
 7.4561459e-001
 7.3701596e-001
 7.3051381e-001
 7.2325230e-001
 7.1496743e-001
 7.0681131e-001
 6.9971526e-001
 6.9040859e-001
 6.8334401e-001
 6.7612159e-001
 6.6874444e-001
 6.6190535e-001
 6.5558547e-001
 6.4976692e-001
 6.4357936e-001
 6.4056540e-001
 6.3633502e-001
 6.3309264e-001
 6.3104355e-001
 6.3027942e-001
 6.2928402e-001
 6.3058072e-001
 6.3334411e-001
 6.3459611e-001
 6.3821846e-001
 6.3392234e-001
 6.3628215e-001
 6.4027584e-001
 6.4489406e-001
 6.5153068e-001
 6.5866506e-001
 6.6638583e-001
 6.7515725e-001
 6.8298459e-001
 6.9194251e-001
 7.0050597e-001
 7.0805275e-001
 7.1498293e-001
 7.1899837e-001
 7.2246736e-001
 7.2709346e-001
 7.3524529e-001
 7.4002838e-001
 7.4869806e-001
 7.5252390e-001
 7.5625694e-001
 7.5722152e-001
 7.5894040e-001
 7.5961608e-001
 7.5742120e-001
 7.5729543e-001
 7.5489837e-001
 7.5435662e-001
 7.5266206e-001
 7.5030786e-001
 7.4944556e-001
 7.4681503e-001
 7.4491793e-001
 7.4306715e-001
 7.4079216e-001
 7.3798364e-001
 7.3606694e-001
 7.3429942e-001
 7.3140764e-001
 7.2965115e-001
 7.2779363e-001
 7.2620118e-001
 7.2238135e-001
 7.2256285e-001
 7.2132760e-001
 7.2239953e-001
 7.1844447e-001
 7.1639043e-001
 7.1679056e-001
 7.1603984e-001
 7.1537268e-001
 7.1566135e-001
 7.1515822e-001
 7.1749568e-001
 7.1806431e-001
 7.1889645e-001
 7.1928316e-001
 7.1950269e-001
 7.2149098e-001
 7.2090143e-001
 7.2165680e-001
 7.2407848e-001
 7.2542304e-001
 7.2571754e-001
 7.2579795e-001
 7.2457147e-001
 7.2415257e-001
 7.2533661e-001
 7.2622091e-001
 7.2896814e-001
 7.3187065e-001
 7.3397404e-001
 7.3401326e-001
 7.3705280e-001
 7.3758692e-001
 7.4008650e-001
 7.4228054e-001
 7.4322826e-001
 7.4550456e-001
 7.4745584e-001
 7.5102478e-001
 7.5117427e-001
 7.5103766e-001
 7.4988091e-001
 7.4918205e-001
 7.5268227e-001
 7.5211769e-001
 7.5361019e-001
 7.5197351e-001
 7.5425953e-001
 7.5114340e-001
 7.4447554e-001
 7.3726171e-001
 7.2957247e-001
 7.2361290e-001
 7.1686208e-001
 7.1546507e-001
 7.1388781e-001
 7.1704143e-001
 7.1957463e-001
 7.1324468e-001
 7.1358007e-001
 7.0944870e-001
 7.1268642e-001
 7.1821916e-001
 7.1707147e-001
 7.1732795e-001
 7.1564204e-001
 7.1132249e-001
 6.9987869e-001
 6.9102150e-001
 6.7981136e-001
 6.7048067e-001
 6.6988301e-001
 6.7300051e-001
 6.7445689e-001
 6.7671990e-001
 6.7659366e-001
 6.7418152e-001
 6.7127043e-001
 6.6773504e-001
 6.6306490e-001
 6.5834689e-001
 6.5353030e-001
 6.4997882e-001
 6.4779228e-001
 6.4692092e-001
 6.4715737e-001
