s07_AV97 Record=1986: Malachite HS254.3B            BECKb AREF
 5.9947412e-002
 7.7322192e-002
 9.8422877e-002
 1.2051652e-001
 1.3998368e-001
 1.5542379e-001
 1.6690482e-001
 1.7668231e-001
 1.8630561e-001
 1.9620164e-001
 2.0690753e-001
 2.1789871e-001
 2.2828840e-001
 2.3821880e-001
 2.4664488e-001
 2.5254121e-001
 2.5687221e-001
 2.5750923e-001
 2.5311536e-001
 2.4462034e-001
 2.3335564e-001
 2.2020002e-001
 2.0643598e-001
 1.9351618e-001
 1.8099852e-001
 1.7013645e-001
 1.6015239e-001
 1.5174830e-001
 1.4444391e-001
 1.3825499e-001
 1.3346034e-001
 1.2895496e-001
 1.3420439e-001
 1.2980592e-001
 1.2599103e-001
 1.2281752e-001
 1.2001820e-001
 1.1744702e-001
 1.1502898e-001
 1.1303729e-001
 1.1115346e-001
 1.0977078e-001
 1.0876776e-001
 1.0784886e-001
 1.0693920e-001
 1.0650413e-001
 1.0598862e-001
 1.0580112e-001
 1.0542670e-001
 1.0566375e-001
 1.0562444e-001
 1.0655826e-001
 1.0786810e-001
 1.0913833e-001
 1.1030872e-001
 1.1173943e-001
 1.1413670e-001
 1.1660784e-001
 1.1866311e-001
 1.2242913e-001
 1.2589616e-001
 1.2913756e-001
 1.3072886e-001
 1.3595557e-001
 1.3868231e-001
 1.4111483e-001
 1.4312956e-001
 1.4616610e-001
 1.4781652e-001
 1.4979175e-001
 1.5288498e-001
 1.5274018e-001
 1.5453015e-001
 1.5553695e-001
 1.5575264e-001
 1.5494412e-001
 1.5559840e-001
 1.5606472e-001
 1.5402463e-001
 1.5334737e-001
 1.5378226e-001
 1.5142919e-001
 1.5164047e-001
 1.5094459e-001
 1.5019763e-001
 1.5017161e-001
 1.4959131e-001
 1.4959449e-001
 1.4926550e-001
 1.4993963e-001
 1.4955689e-001
 1.4956023e-001
 1.5073463e-001
 1.5054940e-001
 1.5181126e-001
 1.5151092e-001
 1.5105584e-001
 1.5163347e-001
 1.5160762e-001
 1.5189277e-001
 1.5326250e-001
 1.5400401e-001
 1.5470313e-001
 1.5585636e-001
 1.5670560e-001
 1.5765595e-001
 1.5812729e-001
 1.6017824e-001
 1.6169107e-001
 1.6263831e-001
 1.6461170e-001
 1.6548572e-001
 1.6711418e-001
 1.6869588e-001
 1.7187136e-001
 1.7388615e-001
 1.7467186e-001
 1.7770250e-001
 1.7985661e-001
 1.8232477e-001
 1.8425877e-001
 1.8665677e-001
 1.8843587e-001
 1.9199274e-001
 1.9268100e-001
 1.9492422e-001
 1.9855832e-001
 2.0279090e-001
 2.0507582e-001
 2.0739748e-001
 2.1175082e-001
 2.1534950e-001
 2.1909747e-001
 2.2353467e-001
 2.2769968e-001
 2.3185974e-001
 2.3621641e-001
 2.4167006e-001
 2.4431223e-001
 2.5055802e-001
 2.5493705e-001
 2.6113695e-001
 2.6457506e-001
 2.6933026e-001
 2.7678764e-001
 2.7806476e-001
 2.8862572e-001
 2.9242542e-001
 2.9613441e-001
 3.0385655e-001
 3.0943742e-001
 3.1280509e-001
 3.1730008e-001
 3.2104629e-001
 3.2696703e-001
 3.2879248e-001
 3.3256137e-001
 3.3914971e-001
 3.4452587e-001
 3.5101295e-001
 3.4885845e-001
 3.5263407e-001
 3.5209560e-001
 3.5476258e-001
 3.5612613e-001
 3.5759908e-001
 3.6162031e-001
 3.6270601e-001
 3.6594945e-001
 3.7030950e-001
 3.7259993e-001
 3.7301713e-001
 3.7222767e-001
 3.7151349e-001
 3.6832833e-001
 3.6814851e-001
 3.7184754e-001
 3.7869549e-001
 3.8249388e-001
 3.8327947e-001
 3.8631022e-001
 3.8766322e-001
 3.8604811e-001
 3.8780910e-001
 3.9327604e-001
 3.9886063e-001
 3.9571664e-001
 3.9048389e-001
 3.8148737e-001
 3.7219936e-001
 3.5946640e-001
 3.4325206e-001
 3.1780431e-001
 2.8269032e-001
 2.5991562e-001
 2.6095533e-001
 2.5534886e-001
 2.4141383e-001
 2.1719360e-001
 2.0286001e-001
 2.0990415e-001
 2.2612642e-001
 2.5084937e-001
 2.7416062e-001
 2.8034472e-001
 2.7363718e-001
 2.5212386e-001
 2.2222407e-001
 2.0862930e-001
 2.1401328e-001
 2.2120485e-001
 2.1886426e-001
 2.1387583e-001
 2.1316035e-001
 2.1638305e-001
 2.2073784e-001
 2.2742569e-001
 2.3836830e-001
 2.5105944e-001
 2.6609901e-001
 2.8000146e-001
 2.9126406e-001
 2.9852515e-001
 3.0093846e-001
