s07_AV97 Record=61: Actinolite HS315.1B          ASDFRb AREF
 5.5635041e-001
 5.6701219e-001
 5.7773995e-001
 5.8733642e-001
 5.9571123e-001
 6.0453618e-001
 6.1373532e-001
 6.2249744e-001
 6.2983519e-001
 6.3651842e-001
 6.4284343e-001
 6.4938790e-001
 6.5576810e-001
 6.6194886e-001
 6.6836053e-001
 6.7528766e-001
 6.8171096e-001
 6.8762302e-001
 6.9385606e-001
 7.0090067e-001
 7.0834869e-001
 7.1624339e-001
 7.2392184e-001
 7.2999269e-001
 7.3592705e-001
 7.4037749e-001
 7.4511945e-001
 7.4870330e-001
 7.5079173e-001
 7.5258511e-001
 7.5381291e-001
 7.5525862e-001
 7.5357985e-001
 7.5498140e-001
 7.5650394e-001
 7.5824422e-001
 7.5947809e-001
 7.6086807e-001
 7.6229501e-001
 7.6329112e-001
 7.6493645e-001
 7.6626492e-001
 7.6785064e-001
 7.6956123e-001
 7.7085096e-001
 7.7198601e-001
 7.7297133e-001
 7.7353442e-001
 7.7368128e-001
 7.7355427e-001
 7.7263260e-001
 7.7150470e-001
 7.6979798e-001
 7.6801038e-001
 7.6592004e-001
 7.6348776e-001
 7.6134002e-001
 7.5845742e-001
 7.5521892e-001
 7.5128299e-001
 7.4718624e-001
 7.4263293e-001
 7.3623520e-001
 7.3186475e-001
 7.2636825e-001
 7.2102445e-001
 7.1597123e-001
 7.1219099e-001
 7.1009636e-001
 7.0649689e-001
 7.0499438e-001
 7.0635039e-001
 7.1189612e-001
 7.2018778e-001
 7.3171514e-001
 7.4511808e-001
 7.5756705e-001
 7.7010292e-001
 7.8058761e-001
 7.8921425e-001
 7.9800069e-001
 8.0482900e-001
 8.1019258e-001
 8.1465954e-001
 8.1760859e-001
 8.2082754e-001
 8.2448471e-001
 8.2761717e-001
 8.3003271e-001
 8.3301932e-001
 8.3597404e-001
 8.3882642e-001
 8.4096402e-001
 8.4348422e-001
 8.4609091e-001
 8.4820718e-001
 8.4467220e-001
 8.4724766e-001
 8.4881800e-001
 8.5054868e-001
 8.5209739e-001
 8.5381287e-001
 8.5594779e-001
 8.5803872e-001
 8.5946256e-001
 8.6076313e-001
 8.6158818e-001
 8.6225808e-001
 8.5814071e-001
 8.4070265e-001
 7.9596788e-001
 8.4129608e-001
 8.5547030e-001
 8.5875541e-001
 8.6080277e-001
 8.6257833e-001
 8.6495143e-001
 8.6649585e-001
 8.6707765e-001
 8.6817509e-001
 8.6948991e-001
 8.7106556e-001
 8.7278128e-001
 8.7393099e-001
 8.7504113e-001
 8.7604958e-001
 8.7735832e-001
 8.7751967e-001
 8.7775403e-001
 8.7808788e-001
 8.7882197e-001
 8.7954628e-001
 8.7955338e-001
 8.7920648e-001
 8.7934971e-001
 8.7859142e-001
 8.7930125e-001
 8.7909317e-001
 8.7846828e-001
 8.7793565e-001
 8.7760633e-001
 8.7756699e-001
 8.7764788e-001
 8.7844038e-001
 8.7768251e-001
 8.7587726e-001
 8.7459648e-001
 8.7426990e-001
 8.7325054e-001
 8.7305760e-001
 8.7283045e-001
 8.7225378e-001
 8.7194383e-001
 8.7044430e-001
 8.6730516e-001
 8.6875427e-001
 8.7026924e-001
 8.7049562e-001
 8.6904609e-001
 8.6589879e-001
 8.6695284e-001
 8.6254811e-001
 8.5268390e-001
 8.4173459e-001
 8.3779609e-001
 8.3770835e-001
 8.3966815e-001
 8.4147877e-001
 8.4373116e-001
 8.4537345e-001
 8.4603918e-001
 8.4564722e-001
 8.4701771e-001
 8.4855169e-001
 8.5001218e-001
 8.5283500e-001
 8.5285723e-001
 8.5267150e-001
 8.5338712e-001
 8.5446918e-001
 8.5370606e-001
 8.5266501e-001
 8.5109794e-001
 8.4458822e-001
 8.4446496e-001
 8.4387934e-001
 8.4525251e-001
 8.4336042e-001
 8.4212250e-001
 8.4138143e-001
 8.3871567e-001
 8.3630902e-001
 8.3291727e-001
 8.3018368e-001
 8.2653230e-001
 8.2142627e-001
 8.1407428e-001
 8.0623209e-001
 8.0056441e-001
 7.8261179e-001
 7.5711584e-001
 7.2628707e-001
 6.9331729e-001
 6.8273813e-001
 6.8334252e-001
 7.3613393e-001
 7.7361238e-001
 7.8077221e-001
 7.7621973e-001
 7.5921416e-001
 7.2620726e-001
 7.1293390e-001
 7.4067742e-001
 7.5808781e-001
 7.5729764e-001
 7.5843716e-001
 7.5494063e-001
 7.5136369e-001
 7.4443728e-001
 7.4205595e-001
 7.4104494e-001
 7.4062824e-001
 7.3708779e-001
-1.2300000e+034
