s07_AV97 Record=3821: Covellite-Pyrite HS477.2B     BECKb AREF
 2.1747649e-002
 2.1710044e-002
 2.1868572e-002
 2.1839382e-002
 2.1920284e-002
 2.2264529e-002
 2.2423094e-002
 2.2561789e-002
 2.2717027e-002
 2.3082899e-002
 2.3439663e-002
 2.3859588e-002
 2.4237681e-002
 2.4609096e-002
 2.4928743e-002
 2.5095252e-002
 2.5182305e-002
 2.5300723e-002
 2.5455367e-002
 2.5496367e-002
 2.5742296e-002
 2.5951158e-002
 2.6119698e-002
 2.6415007e-002
 2.6713602e-002
 2.7128497e-002
 2.7477872e-002
 2.8358532e-002
 2.9104572e-002
 3.0232130e-002
 3.1715609e-002
 3.2776345e-002
 3.1502802e-002
 3.2625347e-002
 3.3704411e-002
 3.4846697e-002
 3.6169786e-002
 3.7156805e-002
 3.8087510e-002
 3.8716797e-002
 3.9359249e-002
 3.9913058e-002
 4.0437803e-002
 4.0755495e-002
 4.1144434e-002
 4.1494731e-002
 4.1837811e-002
 4.2163882e-002
 4.2411786e-002
 4.2586122e-002
 4.2954266e-002
 4.4279080e-002
 4.5604821e-002
 4.5470182e-002
 4.5532074e-002
 4.5523021e-002
 4.7973007e-002
 4.7187991e-002
 4.5398019e-002
 4.7316290e-002
 4.8500959e-002
 5.0153881e-002
 4.8290499e-002
 4.9658652e-002
 5.0076928e-002
 4.9689241e-002
 4.9936417e-002
 5.0102498e-002
 5.0327621e-002
 4.9257796e-002
 4.9736023e-002
 5.0077565e-002
 4.9850680e-002
 4.9744047e-002
 5.0730851e-002
 4.9782537e-002
 5.0329428e-002
 5.0448477e-002
 5.0104905e-002
 5.1149968e-002
 5.1478669e-002
 5.0941363e-002
 5.1293138e-002
 5.1256359e-002
 5.1218148e-002
 5.1798843e-002
 5.1496670e-002
 5.1521603e-002
 5.1588308e-002
 5.1842138e-002
 5.2023958e-002
 5.1990364e-002
 5.1951967e-002
 5.1728815e-002
 5.1889334e-002
 5.1915713e-002
 5.1645953e-002
 5.1920615e-002
 5.1900201e-002
 5.1789127e-002
 5.2308276e-002
 5.2139062e-002
 5.2339189e-002
 5.2311543e-002
 5.1714044e-002
 5.1755089e-002
 5.1094227e-002
 5.1271666e-002
 5.2065618e-002
 5.2212629e-002
 5.1801290e-002
 5.1931087e-002
 5.2156266e-002
 5.1340189e-002
 5.1582020e-002
 5.1687717e-002
 5.1302493e-002
 5.1481694e-002
 5.1394295e-002
 5.2209750e-002
 5.1834337e-002
 5.1191468e-002
 5.0904315e-002
 5.1078189e-002
 5.1412910e-002
 5.0810888e-002
 5.0677754e-002
 5.1321745e-002
 5.1154170e-002
 5.1084790e-002
 5.0090596e-002
 5.0765853e-002
 5.0175134e-002
 4.9907137e-002
 4.9764797e-002
 4.9916696e-002
 4.9713474e-002
 5.0124928e-002
 4.9596682e-002
 4.8614807e-002
 4.9699679e-002
 5.0484084e-002
 4.9798097e-002
 4.9624961e-002
 4.9841024e-002
 4.9092263e-002
 4.9056754e-002
 5.0581440e-002
 4.9081136e-002
 4.9423974e-002
 5.0165813e-002
 4.9730774e-002
 4.9200721e-002
 4.8410486e-002
 4.9099118e-002
 4.8685815e-002
 4.8201635e-002
 4.9199376e-002
 4.9992502e-002
 4.8949350e-002
 4.9417313e-002
 4.9042173e-002
 5.0660975e-002
 4.9928978e-002
 4.8432488e-002
 4.8107829e-002
 4.8264693e-002
 4.9098525e-002
 4.8280373e-002
 4.8257340e-002
 4.8892111e-002
 4.9945507e-002
 4.8808731e-002
 4.8905529e-002
 4.9932223e-002
 4.9096540e-002
 4.8808873e-002
 4.9315482e-002
 4.8900656e-002
 4.8491176e-002
 4.8493404e-002
 4.9725231e-002
 4.8733570e-002
 4.9417656e-002
 5.0097644e-002
 4.9989019e-002
 5.0918091e-002
 5.0782304e-002
 5.0419327e-002
 5.0122820e-002
 4.9007066e-002
 4.9054906e-002
 5.0658114e-002
 5.0953407e-002
 5.0376218e-002
 4.9649183e-002
 5.0515991e-002
 5.1573865e-002
 5.0068114e-002
 5.0268833e-002
 5.1141046e-002
 5.0093126e-002
 5.1495630e-002
 5.2879546e-002
 5.2971505e-002
 5.0941713e-002
 5.2562535e-002
 5.2316342e-002
 5.1998142e-002
 5.1718336e-002
 5.1955517e-002
 5.3117901e-002
 5.3058095e-002
 5.3424522e-002
 5.4073367e-002
 5.4010142e-002
 5.3713471e-002
 5.3948734e-002
 5.4512091e-002
 5.5001672e-002
 5.4996729e-002
 5.4785270e-002
 5.4785900e-002
 5.5243105e-002
