s07_AV97 Record=91: Albite HS66.2B Plagioclase   ASDFRc AREF
 7.1969312e-001
 7.2934812e-001
 7.3872042e-001
 7.4727589e-001
 7.5469053e-001
 7.6247698e-001
 7.7068877e-001
 7.7921379e-001
 7.8687036e-001
 7.9281598e-001
 7.9757458e-001
 8.0206215e-001
 8.0665290e-001
 8.1167942e-001
 8.1661677e-001
 8.2136792e-001
 8.2562453e-001
 8.2937682e-001
 8.3230829e-001
 8.3477896e-001
 8.3678430e-001
 8.3834124e-001
 8.3938408e-001
 8.4043819e-001
 8.4147137e-001
 8.4181374e-001
 8.4244287e-001
 8.4305161e-001
 8.4362060e-001
 8.4447795e-001
 8.4549057e-001
 8.4663624e-001
 8.4530544e-001
 8.4641087e-001
 8.4772539e-001
 8.5038650e-001
 8.5110945e-001
 8.5257733e-001
 8.5428840e-001
 8.5595202e-001
 8.5769659e-001
 8.5932839e-001
 8.6110675e-001
 8.6278874e-001
 8.6455226e-001
 8.6611736e-001
 8.6755222e-001
 8.6905253e-001
 8.7041014e-001
 8.7159359e-001
 8.7273318e-001
 8.7368059e-001
 8.7470871e-001
 8.7543356e-001
 8.7630051e-001
 8.7687016e-001
 8.7733287e-001
 8.7768418e-001
 8.7792861e-001
 8.7825632e-001
 8.7842864e-001
 8.7863195e-001
 8.7866163e-001
 8.7838447e-001
 8.7882930e-001
 8.7917179e-001
 8.7924385e-001
 8.7946826e-001
 8.7985462e-001
 8.7946057e-001
 8.7935823e-001
 8.7920481e-001
 8.7864405e-001
 8.7820637e-001
 8.7816596e-001
 8.7846041e-001
 8.7827736e-001
 8.7838888e-001
 8.7844843e-001
 8.7843227e-001
 8.7887967e-001
 8.7897819e-001
 8.7908274e-001
 8.7899035e-001
 8.7931538e-001
 8.7973815e-001
 8.7985933e-001
 8.8025922e-001
 8.8022053e-001
 8.8085812e-001
 8.8091975e-001
 8.8161540e-001
 8.8210988e-001
 8.8265795e-001
 8.8340813e-001
 8.8387287e-001
 8.8293260e-001
 8.8377130e-001
 8.8402140e-001
 8.8430417e-001
 8.8466442e-001
 8.8464719e-001
 8.8454872e-001
 8.8466215e-001
 8.8492978e-001
 8.8488007e-001
 8.8498616e-001
 8.8449019e-001
 8.8362420e-001
 8.8168573e-001
 8.7486416e-001
 8.6566544e-001
 8.6422580e-001
 8.7123340e-001
 8.7438554e-001
 8.7487578e-001
 8.7544107e-001
 8.7649578e-001
 8.7772065e-001
 8.7892461e-001
 8.8070941e-001
 8.8183278e-001
 8.8296241e-001
 8.8431621e-001
 8.8511801e-001
 8.8582945e-001
 8.8612181e-001
 8.8664991e-001
 8.8701409e-001
 8.8759446e-001
 8.8766915e-001
 8.8754684e-001
 8.8770676e-001
 8.8821793e-001
 8.8872975e-001
 8.8837969e-001
 8.8824898e-001
 8.8823664e-001
 8.8858348e-001
 8.8825625e-001
 8.8833767e-001
 8.8846523e-001
 8.8902092e-001
 8.8887006e-001
 8.8816297e-001
 8.8698530e-001
 8.8650763e-001
 8.8627023e-001
 8.8614357e-001
 8.8719809e-001
 8.8721263e-001
 8.8738072e-001
 8.8749236e-001
 8.8776779e-001
 8.8705915e-001
 8.8664651e-001
 8.8657796e-001
 8.8560218e-001
 8.8181061e-001
 8.7510931e-001
 8.7851274e-001
 8.6874503e-001
 8.5660189e-001
 8.4829491e-001
 8.4441721e-001
 8.4436208e-001
 8.4688085e-001
 8.5002869e-001
 8.5214746e-001
 8.5471332e-001
 8.5839993e-001
 8.6183876e-001
 8.6450911e-001
 8.6747801e-001
 8.7001169e-001
 8.7310410e-001
 8.7596434e-001
 8.7835568e-001
 8.8080245e-001
 8.8279009e-001
 8.8288206e-001
 8.8496590e-001
 8.8593745e-001
 8.8595635e-001
 8.8697398e-001
 8.8688082e-001
 8.8629496e-001
 8.8374001e-001
 8.7982768e-001
 8.7437725e-001
 8.6573058e-001
 8.5579753e-001
 8.5425973e-001
 8.6206055e-001
 8.6967921e-001
 8.7344921e-001
 8.7357301e-001
 8.7426877e-001
 8.7478125e-001
 8.7538409e-001
 8.7569159e-001
 8.7467235e-001
 8.7275666e-001
 8.7186170e-001
 8.6973959e-001
 8.6634237e-001
 8.6362857e-001
 8.6244965e-001
 8.6375487e-001
 8.6352646e-001
 8.6118054e-001
 8.5882843e-001
 8.5674959e-001
 8.5246140e-001
 8.4828544e-001
 8.4417146e-001
 8.4073985e-001
 8.3751804e-001
 8.3577901e-001
 8.3174402e-001
 8.3018136e-001
 8.3202696e-001
 8.3174622e-001
-1.2300000e+034
