s07_AV97 Record=2038: Microcline HS103.3B Feldsp   NIC4cc RREF
-1.2300000e+034
-1.2300000e+034
-1.2300000e+034
-1.2300000e+034
-1.2300000e+034
-1.2300000e+034
-1.2300000e+034
-1.2300000e+034
-1.2300000e+034
-1.2300000e+034
-1.2300000e+034
-1.2300000e+034
-1.2300000e+034
-1.2300000e+034
-1.2300000e+034
-1.2300000e+034
-1.2300000e+034
-1.2300000e+034
-1.2300000e+034
-1.2300000e+034
-1.2300000e+034
-1.2300000e+034
-1.2300000e+034
-1.2300000e+034
-1.2300000e+034
-1.2300000e+034
-1.2300000e+034
-1.2300000e+034
-1.2300000e+034
-1.2300000e+034
-1.2300000e+034
-1.2300000e+034
-1.2300000e+034
-1.2300000e+034
-1.2300000e+034
-1.2300000e+034
-1.2300000e+034
-1.2300000e+034
-1.2300000e+034
-1.2300000e+034
-1.2300000e+034
-1.2300000e+034
-1.2300000e+034
-1.2300000e+034
-1.2300000e+034
-1.2300000e+034
-1.2300000e+034
-1.2300000e+034
-1.2300000e+034
-1.2300000e+034
-1.2300000e+034
-1.2300000e+034
-1.2300000e+034
-1.2300000e+034
-1.2300000e+034
-1.2300000e+034
-1.2300000e+034
-1.2300000e+034
-1.2300000e+034
-1.2300000e+034
-1.2300000e+034
-1.2300000e+034
-1.2300000e+034
-1.2300000e+034
-1.2300000e+034
-1.2300000e+034
-1.2300000e+034
-1.2300000e+034
-1.2300000e+034
-1.2300000e+034
-1.2300000e+034
-1.2300000e+034
-1.2300000e+034
-1.2300000e+034
-1.2300000e+034
-1.2300000e+034
-1.2300000e+034
-1.2300000e+034
-1.2300000e+034
-1.2300000e+034
-1.2300000e+034
-1.2300000e+034
-1.2300000e+034
-1.2300000e+034
-1.2300000e+034
-1.2300000e+034
-1.2300000e+034
-1.2300000e+034
-1.2300000e+034
-1.2300000e+034
-1.2300000e+034
-1.2300000e+034
-1.2300000e+034
-1.2300000e+034
-1.2300000e+034
-1.2300000e+034
-1.2300000e+034
-1.2300000e+034
-1.2300000e+034
-1.2300000e+034
-1.2300000e+034
-1.2300000e+034
-1.2300000e+034
-1.2300000e+034
-1.2300000e+034
-1.2300000e+034
-1.2300000e+034
-1.2300000e+034
-1.2300000e+034
-1.2300000e+034
-1.2300000e+034
-1.2300000e+034
-1.2300000e+034
-1.2300000e+034
-1.2300000e+034
-1.2300000e+034
-1.2300000e+034
-1.2300000e+034
-1.2300000e+034
-1.2300000e+034
-1.2300000e+034
-1.2300000e+034
-1.2300000e+034
-1.2300000e+034
-1.2300000e+034
-1.2300000e+034
-1.2300000e+034
-1.2300000e+034
-1.2300000e+034
-1.2300000e+034
-1.2300000e+034
 6.5212297e-001
 6.5794444e-001
 6.6391498e-001
 6.6940659e-001
 6.7429775e-001
 6.7890954e-001
 6.8373656e-001
 6.8863046e-001
 6.9323081e-001
 6.9759560e-001
 7.0113993e-001
 7.0385605e-001
 7.0646012e-001
 7.0932084e-001
 7.1233201e-001
 7.1539891e-001
 7.1853703e-001
 7.2145343e-001
 7.2346514e-001
 7.2457439e-001
 7.2553313e-001
 7.2663975e-001
 7.2799319e-001
 7.3008323e-001
 7.3206890e-001
 7.3418498e-001
 7.3569554e-001
 7.3561341e-001
 7.3546255e-001
 7.3555976e-001
 7.3437792e-001
 7.3165339e-001
 7.2996789e-001
 7.3069978e-001
 7.3261237e-001
 7.3494142e-001
 7.3696578e-001
 7.3848981e-001
 7.3937720e-001
 7.3992866e-001
 7.4021649e-001
 7.4068785e-001
 7.4164784e-001
 7.4292624e-001
 7.4444944e-001
 7.4620712e-001
 7.4767739e-001
 7.4859774e-001
 7.4875480e-001
 7.4859262e-001
 7.4795645e-001
 7.4750936e-001
 7.4718618e-001
 7.4749541e-001
 7.4796003e-001
 7.4828970e-001
 7.4836129e-001
 7.4783486e-001
 7.4799675e-001
 7.4802417e-001
 7.4690771e-001
 7.4374557e-001
 7.4053848e-001
 7.4437314e-001
 7.4644518e-001
 7.4713999e-001
 7.4814242e-001
 7.4899286e-001
 7.4998820e-001
 7.5020969e-001
 7.4994624e-001
 7.4918002e-001
 7.4847960e-001
 7.4840653e-001
 7.4823081e-001
 7.4813408e-001
 7.4713129e-001
 7.4620718e-001
 7.4560440e-001
 7.4463290e-001
 7.4398369e-001
 7.4392933e-001
 7.4380869e-001
 7.4281710e-001
 7.4110121e-001
 7.3924786e-001
 7.3805612e-001
 7.3701394e-001
 7.3612475e-001
 7.3503762e-001
 7.3392135e-001
 7.3280805e-001
 7.3151821e-001
