s07_AV97 Record=1711: Jarosite GDS99 K 200C Syn     BECKa AREF
 2.6863510e-002
 3.5015438e-002
 5.1916849e-002
 8.8346630e-002
 1.3823126e-001
 1.6389179e-001
 1.5074264e-001
 1.4486949e-001
 1.8547538e-001
 2.3192275e-001
 2.6222888e-001
 2.8398865e-001
 3.0429366e-001
 3.2539108e-001
 3.4766710e-001
 3.7231588e-001
 3.9954811e-001
 4.2901608e-001
 4.6072710e-001
 4.9143338e-001
 5.1464397e-001
 5.3088993e-001
 5.4203486e-001
 5.5602562e-001
 5.7227767e-001
 5.8919567e-001
 6.0523337e-001
 6.2013400e-001
 6.3545489e-001
 6.5237337e-001
 6.7198354e-001
 6.9362336e-001
 6.6846633e-001
 6.8981624e-001
 7.0932502e-001
 7.2599286e-001
 7.4163294e-001
 7.4507123e-001
 7.3934889e-001
 7.2572726e-001
 7.0794851e-001
 6.8584377e-001
 6.6235477e-001
 6.3847911e-001
 6.1451560e-001
 5.9067786e-001
 5.6746703e-001
 5.4526901e-001
 5.2498871e-001
 5.0780499e-001
 4.9005145e-001
 4.7621354e-001
 4.6362346e-001
 4.5539480e-001
 4.5041990e-001
 4.4283155e-001
 4.3685538e-001
 4.3573549e-001
 4.3501502e-001
 4.3188453e-001
 4.3233749e-001
 4.3136844e-001
 4.3177611e-001
 4.3485758e-001
 4.3934143e-001
 4.4248939e-001
 4.4763449e-001
 4.5335168e-001
 4.6095237e-001
 4.6865222e-001
 4.7710994e-001
 4.8514071e-001
 4.9365747e-001
 5.0295234e-001
 5.1234114e-001
 5.2074713e-001
 5.2732587e-001
 5.3463894e-001
 5.4104406e-001
 5.4741585e-001
 5.5168676e-001
 5.5720121e-001
 5.6168568e-001
 5.6580579e-001
 5.6972802e-001
 5.7453907e-001
 5.7954574e-001
 5.8471715e-001
 5.9018511e-001
 5.9693974e-001
 6.0242319e-001
 6.0844839e-001
 6.1430037e-001
 6.2187105e-001
 6.2996227e-001
 6.3548970e-001
 6.2546915e-001
 6.3276660e-001
 6.4027971e-001
 6.4901757e-001
 6.5839171e-001
 6.6785359e-001
 6.7464727e-001
 6.8411207e-001
 6.9445676e-001
 7.0387554e-001
 7.1269858e-001
 7.1974838e-001
 7.2813165e-001
 7.3708278e-001
 7.4231416e-001
 7.4571109e-001
 7.4470305e-001
 7.4178737e-001
 7.4035591e-001
 7.3442578e-001
 7.1316236e-001
 6.6757041e-001
 6.5416509e-001
 7.0830613e-001
 7.1558750e-001
 7.1420461e-001
 7.0773190e-001
 7.0720088e-001
 7.1225822e-001
 7.3064440e-001
 7.4791634e-001
 7.5865823e-001
 7.6966357e-001
 7.7890080e-001
 7.8709275e-001
 7.9432470e-001
 7.9958874e-001
 8.0525619e-001
 8.0797291e-001
 8.1086445e-001
 8.1226367e-001
 8.1257313e-001
 8.1342131e-001
 8.1360173e-001
 8.1399393e-001
 8.1394839e-001
 8.0999023e-001
 8.0682719e-001
 8.0558336e-001
 7.9955548e-001
 7.9295480e-001
 7.8677404e-001
 7.8352290e-001
 7.7892751e-001
 7.7593005e-001
 7.6972979e-001
 7.5660223e-001
 7.4618322e-001
 7.2947425e-001
 6.7667460e-001
 6.4016145e-001
 6.3881248e-001
 6.7483586e-001
 7.1175849e-001
 7.0274562e-001
 7.1422839e-001
 6.9090223e-001
 6.5844119e-001
 6.3613212e-001
 6.2670684e-001
 6.2538117e-001
 6.2763351e-001
 6.3162023e-001
 6.3267499e-001
 6.3876724e-001
 6.4506644e-001
 6.4792067e-001
 6.5003693e-001
 6.5484619e-001
 6.5549874e-001
 6.5120375e-001
 6.5013152e-001
 6.4781022e-001
 6.4083451e-001
 6.3613367e-001
 6.3452768e-001
 6.3055915e-001
 6.2570924e-001
 6.2336046e-001
 6.1592519e-001
 6.0707080e-001
 5.9988391e-001
 5.8636123e-001
 5.7457167e-001
 5.4716879e-001
 5.0849593e-001
 4.9910390e-001
 4.8318398e-001
 4.7574338e-001
 4.9049893e-001
 4.9577519e-001
 4.8224831e-001
 4.2408106e-001
 3.7481487e-001
 4.2115387e-001
 4.8687124e-001
 4.8229393e-001
 5.1340365e-001
 5.8692139e-001
 5.9541297e-001
 6.0297233e-001
 6.0601240e-001
 6.0135293e-001
 5.8638608e-001
 5.6281078e-001
 5.3539175e-001
 5.0928903e-001
 4.9568468e-001
 4.9562237e-001
 5.0307977e-001
 5.0518245e-001
 4.8946387e-001
 4.6440592e-001
 4.3744805e-001
 4.2122328e-001
 4.1344255e-001
 4.0932101e-001
 4.0543467e-001
