s07_AV97 Record=616: Brookite HS443.6             ASDFRb AREF
 6.2464174e-002
 6.6931777e-002
 6.9288731e-002
 7.1059890e-002
 7.1344651e-002
 7.1338110e-002
 7.1148150e-002
 7.0885211e-002
 7.0556305e-002
 7.0411302e-002
 7.0317499e-002
 7.0228696e-002
 7.0095167e-002
 6.9708832e-002
 6.9260940e-002
 6.8668567e-002
 6.8053193e-002
 6.7497067e-002
 6.6990517e-002
 6.6446677e-002
 6.6052206e-002
 6.5860942e-002
 6.5731548e-002
 6.5160193e-002
 6.4912327e-002
 6.4609200e-002
 6.4297140e-002
 6.4261086e-002
 6.4036995e-002
 6.3791364e-002
 6.3638814e-002
 6.3442312e-002
 6.3662663e-002
 6.3480571e-002
 6.3334972e-002
 6.3207202e-002
 6.2978938e-002
 6.2743507e-002
 6.2625319e-002
 6.2459722e-002
 6.2357035e-002
 6.2389661e-002
 6.2608078e-002
 6.2758714e-002
 6.2719956e-002
 6.2575489e-002
 6.2587403e-002
 6.2658355e-002
 6.2838621e-002
 6.3078806e-002
 6.3309334e-002
 6.3522287e-002
 6.3661225e-002
 6.3708596e-002
 6.3754171e-002
 6.3755833e-002
 6.3761763e-002
 6.3620947e-002
 6.3456170e-002
 6.3430734e-002
 6.3408464e-002
 6.3524053e-002
 6.3709475e-002
 6.3791767e-002
 6.3823551e-002
 6.3750975e-002
 6.3790947e-002
 6.3701242e-002
 6.3679218e-002
 6.2997133e-002
 6.3603163e-002
 6.3092589e-002
 6.2798262e-002
 6.2914155e-002
 6.2473234e-002
 6.2454492e-002
 6.2244635e-002
 6.2562637e-002
 6.2595621e-002
 6.2339354e-002
 6.2206209e-002
 6.2055897e-002
 6.1694540e-002
 6.1434891e-002
 6.1247379e-002
 6.1102055e-002
 6.0832042e-002
 6.0477816e-002
 6.0267273e-002
 6.0146645e-002
 6.0221646e-002
 6.0694393e-002
 6.0899358e-002
 6.1014574e-002
 6.1160874e-002
 6.1314773e-002
 6.1045844e-002
 6.1260343e-002
 6.1465878e-002
 6.1395042e-002
 6.1423078e-002
 6.1490089e-002
 6.1477229e-002
 6.1414436e-002
 6.1404422e-002
 6.1278276e-002
 6.1020974e-002
 6.0648911e-002
 6.0360473e-002
 6.0147237e-002
 6.0045462e-002
 6.0025249e-002
 6.0046118e-002
 6.0039796e-002
 5.9849378e-002
 5.9744094e-002
 5.9775941e-002
 5.9896987e-002
 5.9971940e-002
 5.9846517e-002
 5.9821311e-002
 5.9958071e-002
 5.9895974e-002
 5.9814911e-002
 5.9706766e-002
 5.9726398e-002
 5.9837326e-002
 5.9861902e-002
 5.9885416e-002
 5.9739780e-002
 5.9500657e-002
 5.9486188e-002
 5.9344985e-002
 5.9406281e-002
 5.9336871e-002
 5.9226252e-002
 5.9013389e-002
 5.8901593e-002
 5.8712523e-002
 5.8443010e-002
 5.7839934e-002
 5.7581943e-002
 5.7430256e-002
 5.7288229e-002
 5.7174925e-002
 5.7102565e-002
 5.7173848e-002
 5.6980271e-002
 5.7056740e-002
 5.7094745e-002
 5.7000857e-002
 5.7002157e-002
 5.7006605e-002
 5.6951176e-002
 5.6790147e-002
 5.6727935e-002
 5.6776837e-002
 5.6872763e-002
 5.6885120e-002
 5.6630004e-002
 5.6727115e-002
 5.6635618e-002
 5.6634065e-002
 5.6592900e-002
 5.6622237e-002
 5.6636836e-002
 5.6530025e-002
 5.6454904e-002
 5.6388244e-002
 5.6368474e-002
 5.6281146e-002
 5.6268811e-002
 5.6146763e-002
 5.6164302e-002
 5.6080461e-002
 5.6138813e-002
 5.6071691e-002
 5.6032889e-002
 5.5980321e-002
 5.5925209e-002
 5.5825707e-002
 5.5846740e-002
 5.5905294e-002
 5.5834450e-002
 5.5753980e-002
 5.5648647e-002
 5.5562105e-002
 5.5274200e-002
 5.5171240e-002
 5.5057548e-002
 5.4824594e-002
 5.4718040e-002
 5.4492809e-002
 5.4462537e-002
 5.4455072e-002
 5.4332711e-002
 5.4202985e-002
 5.4166194e-002
 5.4186001e-002
 5.3962063e-002
 5.3869493e-002
 5.3680498e-002
 5.3566918e-002
 5.3333689e-002
 5.3503409e-002
 5.3553704e-002
 5.3885754e-002
 5.3929128e-002
 5.3904299e-002
 5.3835992e-002
 5.3721622e-002
 5.3827204e-002
 5.3783108e-002
 5.3861864e-002
 5.3541478e-002
 5.3666603e-002
 5.3521976e-002
 5.2828427e-002
 5.3231791e-002
 5.3129688e-002
 5.1631406e-002
 5.2873157e-002
 5.2005950e-002
-1.2300000e+034
