s07_AV97 Record=3286: Topaz HS184.3B               NIC4bc RREF
-1.2300000e+034
-1.2300000e+034
-1.2300000e+034
-1.2300000e+034
-1.2300000e+034
-1.2300000e+034
-1.2300000e+034
-1.2300000e+034
-1.2300000e+034
-1.2300000e+034
-1.2300000e+034
-1.2300000e+034
-1.2300000e+034
-1.2300000e+034
-1.2300000e+034
-1.2300000e+034
-1.2300000e+034
-1.2300000e+034
-1.2300000e+034
-1.2300000e+034
-1.2300000e+034
-1.2300000e+034
-1.2300000e+034
-1.2300000e+034
-1.2300000e+034
-1.2300000e+034
-1.2300000e+034
-1.2300000e+034
-1.2300000e+034
-1.2300000e+034
-1.2300000e+034
-1.2300000e+034
-1.2300000e+034
-1.2300000e+034
-1.2300000e+034
-1.2300000e+034
-1.2300000e+034
-1.2300000e+034
-1.2300000e+034
-1.2300000e+034
-1.2300000e+034
-1.2300000e+034
-1.2300000e+034
-1.2300000e+034
-1.2300000e+034
-1.2300000e+034
-1.2300000e+034
-1.2300000e+034
-1.2300000e+034
-1.2300000e+034
-1.2300000e+034
-1.2300000e+034
-1.2300000e+034
-1.2300000e+034
-1.2300000e+034
-1.2300000e+034
-1.2300000e+034
-1.2300000e+034
-1.2300000e+034
-1.2300000e+034
-1.2300000e+034
-1.2300000e+034
-1.2300000e+034
-1.2300000e+034
-1.2300000e+034
-1.2300000e+034
-1.2300000e+034
-1.2300000e+034
-1.2300000e+034
-1.2300000e+034
-1.2300000e+034
-1.2300000e+034
-1.2300000e+034
-1.2300000e+034
-1.2300000e+034
-1.2300000e+034
-1.2300000e+034
-1.2300000e+034
-1.2300000e+034
-1.2300000e+034
-1.2300000e+034
-1.2300000e+034
-1.2300000e+034
-1.2300000e+034
-1.2300000e+034
-1.2300000e+034
-1.2300000e+034
-1.2300000e+034
-1.2300000e+034
-1.2300000e+034
-1.2300000e+034
-1.2300000e+034
-1.2300000e+034
-1.2300000e+034
-1.2300000e+034
-1.2300000e+034
-1.2300000e+034
-1.2300000e+034
-1.2300000e+034
-1.2300000e+034
-1.2300000e+034
-1.2300000e+034
-1.2300000e+034
-1.2300000e+034
-1.2300000e+034
-1.2300000e+034
-1.2300000e+034
-1.2300000e+034
-1.2300000e+034
 7.0205164e-001
 6.7978948e-001
 5.9880775e-001
 6.3876146e-001
 6.6170269e-001
 6.5737331e-001
 6.5137869e-001
 6.4662552e-001
 6.4237010e-001
 6.3988435e-001
 6.3934451e-001
 6.3959348e-001
 6.4043248e-001
 6.4136386e-001
 6.4256412e-001
 6.4456075e-001
 6.4760840e-001
 6.5079468e-001
 6.5393376e-001
 6.5648818e-001
 6.5856218e-001
 6.6085887e-001
 6.6387582e-001
 6.6769218e-001
 6.7176628e-001
 6.7495084e-001
 6.7766047e-001
 6.8005484e-001
 6.8253386e-001
 6.8345493e-001
 6.7885065e-001
 6.8701637e-001
 6.9262934e-001
 6.9395554e-001
 6.9448274e-001
 6.9640040e-001
 6.9924611e-001
 7.0157027e-001
 7.0358133e-001
 7.0562106e-001
 7.0714527e-001
 7.0750564e-001
 7.0837474e-001
 7.0947307e-001
 7.1064419e-001
 7.1206254e-001
 7.1321863e-001
 7.1434176e-001
 7.1458381e-001
 7.1418357e-001
 7.1288699e-001
 7.1336502e-001
 7.1169215e-001
 7.1012467e-001
 7.0965946e-001
 7.0998174e-001
 7.1015561e-001
 7.1097201e-001
 7.1151078e-001
 7.1130675e-001
 7.1123213e-001
 7.1168715e-001
 7.1165222e-001
 7.1081787e-001
 7.1063864e-001
 7.1214950e-001
 7.1278417e-001
 7.1112937e-001
 7.0544791e-001
 6.8857360e-001
 6.1955553e-001
 4.1949788e-001
 4.2732432e-001
 6.0621285e-001
 6.6573817e-001
 6.8352234e-001
 6.7975450e-001
 6.5421355e-001
 6.3404703e-001
 6.3714355e-001
 6.5463966e-001
 6.6191173e-001
 6.6986406e-001
 6.6563362e-001
 6.6176862e-001
 6.6989124e-001
 6.8753839e-001
 6.9417459e-001
 6.9155061e-001
 6.6817993e-001
 6.6894072e-001
 6.8647635e-001
 6.8448055e-001
 6.6947240e-001
 6.5631509e-001
 6.4500856e-001
 6.3227850e-001
 6.2847918e-001
 6.2746584e-001
 6.2673378e-001
 6.1911023e-001
 6.1313134e-001
 6.1140424e-001
 6.0446471e-001
 5.9403926e-001
 5.7746589e-001
 5.7221460e-001
 5.7552660e-001
 5.6800681e-001
 5.4262412e-001
 5.1458204e-001
 5.0170147e-001
 4.8368958e-001
 4.4847298e-001
 4.2000747e-001
