s07_AV97 Record=372: Andradite NMNH113829 Garnet NIC4bbb AREF
-1.2300000e+034
-1.2300000e+034
-1.2300000e+034
-1.2300000e+034
-1.2300000e+034
-1.2300000e+034
-1.2300000e+034
-1.2300000e+034
-1.2300000e+034
-1.2300000e+034
-1.2300000e+034
-1.2300000e+034
-1.2300000e+034
-1.2300000e+034
-1.2300000e+034
-1.2300000e+034
-1.2300000e+034
-1.2300000e+034
-1.2300000e+034
-1.2300000e+034
-1.2300000e+034
-1.2300000e+034
-1.2300000e+034
-1.2300000e+034
-1.2300000e+034
-1.2300000e+034
-1.2300000e+034
-1.2300000e+034
-1.2300000e+034
-1.2300000e+034
-1.2300000e+034
-1.2300000e+034
-1.2300000e+034
-1.2300000e+034
-1.2300000e+034
-1.2300000e+034
-1.2300000e+034
-1.2300000e+034
-1.2300000e+034
-1.2300000e+034
-1.2300000e+034
-1.2300000e+034
-1.2300000e+034
-1.2300000e+034
-1.2300000e+034
-1.2300000e+034
-1.2300000e+034
-1.2300000e+034
-1.2300000e+034
-1.2300000e+034
-1.2300000e+034
-1.2300000e+034
-1.2300000e+034
-1.2300000e+034
-1.2300000e+034
-1.2300000e+034
-1.2300000e+034
-1.2300000e+034
-1.2300000e+034
-1.2300000e+034
-1.2300000e+034
-1.2300000e+034
-1.2300000e+034
-1.2300000e+034
-1.2300000e+034
-1.2300000e+034
-1.2300000e+034
-1.2300000e+034
-1.2300000e+034
-1.2300000e+034
-1.2300000e+034
-1.2300000e+034
-1.2300000e+034
-1.2300000e+034
-1.2300000e+034
-1.2300000e+034
-1.2300000e+034
-1.2300000e+034
-1.2300000e+034
-1.2300000e+034
-1.2300000e+034
-1.2300000e+034
-1.2300000e+034
-1.2300000e+034
-1.2300000e+034
-1.2300000e+034
-1.2300000e+034
-1.2300000e+034
-1.2300000e+034
-1.2300000e+034
-1.2300000e+034
-1.2300000e+034
-1.2300000e+034
-1.2300000e+034
-1.2300000e+034
-1.2300000e+034
-1.2300000e+034
-1.2300000e+034
-1.2300000e+034
-1.2300000e+034
-1.2300000e+034
-1.2300000e+034
-1.2300000e+034
-1.2300000e+034
-1.2300000e+034
-1.2300000e+034
-1.2300000e+034
-1.2300000e+034
-1.2300000e+034
-1.2300000e+034
 8.3580399e-001
 8.3325541e-001
 8.3059222e-001
 8.2780308e-001
 8.2522517e-001
 8.2306093e-001
 8.2154405e-001
 8.2027090e-001
 8.1934273e-001
 8.1898463e-001
 8.1918675e-001
 8.1959653e-001
 8.1967074e-001
 8.1978899e-001
 8.2026291e-001
 8.2168913e-001
 8.2336545e-001
 8.2497454e-001
 8.2603931e-001
 8.2702589e-001
 8.2798761e-001
 8.2965612e-001
 8.3158213e-001
 8.3358246e-001
 8.3510923e-001
 8.3609974e-001
 8.3670014e-001
 8.3755976e-001
 8.3898747e-001
 8.4041989e-001
 8.4202302e-001
 8.4318650e-001
 8.4367013e-001
 8.4405601e-001
 8.4448284e-001
 8.4531814e-001
 8.4646612e-001
 8.4789073e-001
 8.4933168e-001
 8.5038233e-001
 8.5073268e-001
 8.5059363e-001
 8.5066569e-001
 8.5111684e-001
 8.5175228e-001
 8.5269231e-001
 8.5376376e-001
 8.5442811e-001
 8.5454476e-001
 8.5421515e-001
 8.5436732e-001
 8.5368633e-001
 8.5283625e-001
 8.5227317e-001
 8.5220820e-001
 8.5266310e-001
 8.5345018e-001
 8.5398793e-001
 8.5433644e-001
 8.5424978e-001
 8.5391915e-001
 8.5341078e-001
 8.5303795e-001
 8.5300046e-001
 8.5323805e-001
 8.5385269e-001
 8.5438281e-001
 8.5487199e-001
 8.5510224e-001
 8.5485357e-001
 8.5438359e-001
 8.5368538e-001
 8.5304493e-001
 8.5244817e-001
 8.5219193e-001
 8.5214776e-001
 8.5208476e-001
 8.5227245e-001
 8.5226911e-001
 8.5202926e-001
 8.5192263e-001
 8.5128099e-001
 8.5087103e-001
 8.4964317e-001
 8.4755760e-001
 8.4508717e-001
 8.4301084e-001
 8.4055746e-001
 8.3873701e-001
 8.3774406e-001
 8.3725423e-001
 8.3686060e-001
 8.3763808e-001
 8.3910978e-001
 8.4097290e-001
 8.4234822e-001
 8.4263110e-001
 8.4247911e-001
 8.4155744e-001
 8.3887827e-001
 8.3525229e-001
 8.3029020e-001
 8.2493562e-001
 8.2161671e-001
 8.2141644e-001
 8.2221842e-001
 8.2378793e-001
 8.2535875e-001
 8.2599616e-001
 8.2597119e-001
 8.2510954e-001
 8.2317221e-001
 8.2049316e-001
 8.1801331e-001
