s07_AV97 Record=1847: Knebelite HS419.1B           ASDFRb AREF
 1.4326100e-001
 1.5308852e-001
 1.6297671e-001
 1.7340693e-001
 1.7955945e-001
 1.8954664e-001
 1.9875202e-001
 2.0664349e-001
 2.1421053e-001
 2.2142993e-001
 2.2948001e-001
 2.3731753e-001
 2.4465148e-001
 2.5151369e-001
 2.5905824e-001
 2.6670638e-001
 2.7399015e-001
 2.8107050e-001
 2.8794760e-001
 2.9458249e-001
 3.0135420e-001
 3.0818579e-001
 3.1465179e-001
 3.2050213e-001
 3.2629126e-001
 3.3182541e-001
 3.3786964e-001
 3.4393024e-001
 3.4968540e-001
 3.5503241e-001
 3.5985917e-001
 3.6416221e-001
 3.5913590e-001
 3.6336878e-001
 3.6721009e-001
 3.7063378e-001
 3.7391129e-001
 3.7693056e-001
 3.7970626e-001
 3.8219243e-001
 3.8453704e-001
 3.8654241e-001
 3.8820878e-001
 3.8983652e-001
 3.9101735e-001
 3.9196908e-001
 3.9253104e-001
 3.9263752e-001
 3.9262798e-001
 3.9216182e-001
 3.9158031e-001
 3.9086518e-001
 3.8984853e-001
 3.8892978e-001
 3.8795817e-001
 3.8715938e-001
 3.8628843e-001
 3.8542891e-001
 3.8479730e-001
 3.8440716e-001
 3.8431120e-001
 3.8393417e-001
 3.8406807e-001
 3.8420942e-001
 3.8457808e-001
 3.8500190e-001
 3.8583192e-001
 3.8650483e-001
 3.8726881e-001
 3.8775498e-001
 3.8930291e-001
 3.9036596e-001
 3.9190489e-001
 3.9306837e-001
 3.9386031e-001
 3.9481437e-001
 3.9533889e-001
 3.9663672e-001
 3.9764559e-001
 3.9789805e-001
 3.9814177e-001
 3.9839938e-001
 3.9872596e-001
 3.9945954e-001
 4.0009695e-001
 4.0083796e-001
 4.0133336e-001
 4.0201089e-001
 4.0284753e-001
 4.0378124e-001
 4.0486136e-001
 4.0615588e-001
 4.0676543e-001
 4.0756536e-001
 4.0810445e-001
 4.0899837e-001
 4.0786722e-001
 4.0846455e-001
 4.0948614e-001
 4.1025952e-001
 4.1109532e-001
 4.1181147e-001
 4.1223189e-001
 4.1326910e-001
 4.1395217e-001
 4.1496623e-001
 4.1604590e-001
 4.1726336e-001
 4.1791895e-001
 4.1909292e-001
 4.1969076e-001
 4.2084822e-001
 4.2174023e-001
 4.2311981e-001
 4.2405680e-001
 4.2480072e-001
 4.2532778e-001
 4.2674744e-001
 4.2798677e-001
 4.2854249e-001
 4.2951807e-001
 4.3016347e-001
 4.3062788e-001
 4.3157557e-001
 4.3224534e-001
 4.3301100e-001
 4.3372342e-001
 4.3403077e-001
 4.3503261e-001
 4.3556452e-001
 4.3557635e-001
 4.3586713e-001
 4.3595394e-001
 4.3574908e-001
 4.3618265e-001
 4.3741688e-001
 4.3763125e-001
 4.3833876e-001
 4.3913576e-001
 4.3919653e-001
 4.4020122e-001
 4.4065431e-001
 4.4087806e-001
 4.4087923e-001
 4.4055277e-001
 4.4030359e-001
 4.4030476e-001
 4.4043392e-001
 4.4090840e-001
 4.4141132e-001
 4.4175416e-001
 4.4173911e-001
 4.4212222e-001
 4.4241232e-001
 4.4317436e-001
 4.4325933e-001
 4.4234321e-001
 4.4167250e-001
 4.4224638e-001
 4.4211605e-001
 4.4221854e-001
 4.4182211e-001
 4.4164926e-001
 4.4152153e-001
 4.4128409e-001
 4.4082454e-001
 4.4185409e-001
 4.4122627e-001
 4.4056424e-001
 4.3846652e-001
 4.3795127e-001
 4.3831035e-001
 4.3779501e-001
 4.3813094e-001
 4.3836555e-001
 4.3871984e-001
 4.3886662e-001
 4.3909341e-001
 4.3961579e-001
 4.3948066e-001
 4.3937552e-001
 4.3884891e-001
 4.3849328e-001
 4.3804395e-001
 4.3759370e-001
 4.3674788e-001
 4.3666497e-001
 4.3511876e-001
 4.3320853e-001
 4.3211284e-001
 4.3039083e-001
 4.3004647e-001
 4.3019125e-001
 4.2845857e-001
 4.2685267e-001
 4.2600074e-001
 4.2562950e-001
 4.2559811e-001
 4.2426094e-001
 4.2433959e-001
 4.2297423e-001
 4.2107490e-001
 4.1864088e-001
 4.1778591e-001
 4.1721725e-001
 4.1733357e-001
 4.1591620e-001
 4.1472241e-001
 4.1376626e-001
 4.1339880e-001
 4.1281426e-001
 4.1187367e-001
 4.0941620e-001
 4.0806884e-001
 4.0636814e-001
 4.0670010e-001
 4.0617302e-001
 4.0474278e-001
 4.0383077e-001
 4.0275681e-001
 4.0321752e-001
 4.0252826e-001
 4.0251759e-001
-1.2300000e+034
