s07_AV97 Record=3751: Chlor+Goethite CU93-4B Phyl   BECKa AREF
 1.9405210e-001
 2.0075239e-001
 2.0812282e-001
 2.1438833e-001
 2.1903488e-001
 2.2370350e-001
 2.2957398e-001
 2.3707229e-001
 2.4247141e-001
 2.4385451e-001
 2.4366735e-001
 2.4433467e-001
 2.4690723e-001
 2.5142550e-001
 2.5678229e-001
 2.6253328e-001
 2.6744837e-001
 2.7169359e-001
 2.7587888e-001
 2.7871630e-001
 2.7986550e-001
 2.7881002e-001
 2.7777874e-001
 2.7685061e-001
 2.7566385e-001
 2.7376798e-001
 2.7134612e-001
 2.6848510e-001
 2.6572633e-001
 2.6339209e-001
 2.6138869e-001
 2.5893474e-001
 2.6176688e-001
 2.5935411e-001
 2.5744250e-001
 2.5574368e-001
 2.5411797e-001
 2.5269881e-001
 2.5183910e-001
 2.5131327e-001
 2.5074455e-001
 2.5001779e-001
 2.4964519e-001
 2.4926893e-001
 2.4868630e-001
 2.4792190e-001
 2.4671707e-001
 2.4463472e-001
 2.4296017e-001
 2.4031217e-001
 2.3742487e-001
 2.3516056e-001
 2.3249891e-001
 2.3021172e-001
 2.2812568e-001
 2.2538702e-001
 2.2298969e-001
 2.2259909e-001
 2.2039586e-001
 2.1869412e-001
 2.1781902e-001
 2.1782149e-001
 2.1683592e-001
 2.1567981e-001
 2.1521583e-001
 2.1572515e-001
 2.1468277e-001
 2.1320674e-001
 2.1127659e-001
 2.1177316e-001
 2.1005563e-001
 2.0896854e-001
 2.0795354e-001
 2.0677760e-001
 2.0526694e-001
 2.0440869e-001
 2.0376945e-001
 2.0326951e-001
 2.0281881e-001
 2.0293222e-001
 2.0198852e-001
 2.0129764e-001
 2.0189972e-001
 2.0215158e-001
 2.0236744e-001
 2.0285867e-001
 2.0455901e-001
 2.0532775e-001
 2.0548634e-001
 2.0717689e-001
 2.0854354e-001
 2.0932214e-001
 2.1105492e-001
 2.1196847e-001
 2.1421964e-001
 2.1489777e-001
 2.1264493e-001
 2.1481879e-001
 2.1559441e-001
 2.1732931e-001
 2.1878679e-001
 2.1972319e-001
 2.2183916e-001
 2.2376204e-001
 2.2454049e-001
 2.2573185e-001
 2.2777766e-001
 2.2897047e-001
 2.2930898e-001
 2.2794437e-001
 2.1920356e-001
 2.0816819e-001
 2.0809898e-001
 2.1744601e-001
 2.2252272e-001
 2.2424935e-001
 2.2612818e-001
 2.2828880e-001
 2.3072667e-001
 2.3289573e-001
 2.3457746e-001
 2.3460563e-001
 2.3565872e-001
 2.3703843e-001
 2.3769371e-001
 2.3752153e-001
 2.3817649e-001
 2.3967823e-001
 2.4146411e-001
 2.4228816e-001
 2.4375474e-001
 2.4582435e-001
 2.4797949e-001
 2.4899021e-001
 2.4987935e-001
 2.5150266e-001
 2.5299144e-001
 2.5362447e-001
 2.5442383e-001
 2.5592002e-001
 2.5705436e-001
 2.5802174e-001
 2.5828034e-001
 2.5812122e-001
 2.5956428e-001
 2.5959262e-001
 2.5952241e-001
 2.5839669e-001
 2.5909525e-001
 2.5818792e-001
 2.5867733e-001
 2.5746095e-001
 2.5699031e-001
 2.5567204e-001
 2.5563127e-001
 2.5372985e-001
 2.5073138e-001
 2.4863243e-001
 2.4231207e-001
 2.3309053e-001
 2.3619682e-001
 2.2423072e-001
 2.0430872e-001
 1.8838784e-001
 1.8734908e-001
 1.8991685e-001
 1.9328023e-001
 1.9534576e-001
 1.9599216e-001
 1.9767688e-001
 1.9893992e-001
 1.9917847e-001
 2.0149775e-001
 2.0408894e-001
 2.0775777e-001
 2.1387699e-001
 2.1730593e-001
 2.2029704e-001
 2.2338308e-001
 2.2466400e-001
 2.2565649e-001
 2.2497098e-001
 2.2348346e-001
 2.2220398e-001
 2.1959861e-001
 2.1974052e-001
 2.1973339e-001
 2.1801199e-001
 2.1273094e-001
 2.0690332e-001
 1.9870414e-001
 1.8858810e-001
 1.7842388e-001
 1.7292137e-001
 1.7236315e-001
 1.7403759e-001
 1.6713540e-001
 1.5414672e-001
 1.5262461e-001
 1.5661967e-001
 1.5960255e-001
 1.6056629e-001
 1.5271214e-001
 1.4708798e-001
 1.4166123e-001
 1.3526691e-001
 1.2995768e-001
 1.2735069e-001
 1.2973538e-001
 1.3325748e-001
 1.3555811e-001
 1.3738717e-001
 1.3800058e-001
 1.3693389e-001
 1.3445505e-001
 1.3119082e-001
 1.2790821e-001
 1.2530957e-001
 1.2347046e-001
 1.2151474e-001
 1.1932763e-001
 1.1711293e-001
 1.1518235e-001
 1.1375389e-001
