s07_AV97 Record=2033: Microcline HS103.1B Feldspar ASDFRc AREF
 5.3020573e-001
 5.4113048e-001
 5.5866748e-001
 5.7356894e-001
 5.8632410e-001
 5.9758961e-001
 6.0865945e-001
 6.1759830e-001
 6.2589639e-001
 6.3351864e-001
 6.3984525e-001
 6.4550406e-001
 6.5088773e-001
 6.5637451e-001
 6.6176683e-001
 6.6683912e-001
 6.7148513e-001
 6.7570865e-001
 6.7964584e-001
 6.8345499e-001
 6.8692058e-001
 6.9007444e-001
 6.9288206e-001
 6.9562191e-001
 6.9815302e-001
 7.0026112e-001
 7.0198721e-001
 7.0369101e-001
 7.0516640e-001
 7.0655394e-001
 7.0775914e-001
 7.0892996e-001
 7.0757848e-001
 7.0870447e-001
 7.0975584e-001
 7.1069932e-001
 7.1147794e-001
 7.1227175e-001
 7.1305686e-001
 7.1373183e-001
 7.1427268e-001
 7.1474379e-001
 7.1521437e-001
 7.1570426e-001
 7.1615684e-001
 7.1650946e-001
 7.1691304e-001
 7.1720332e-001
 7.1741766e-001
 7.1771014e-001
 7.1801108e-001
 7.1826541e-001
 7.1861625e-001
 7.1893698e-001
 7.1913034e-001
 7.1948254e-001
 7.1977758e-001
 7.2008747e-001
 7.2043043e-001
 7.2059911e-001
 7.2077775e-001
 7.2100550e-001
 7.2125775e-001
 7.2127867e-001
 7.2146553e-001
 7.2169089e-001
 7.2183269e-001
 7.2178859e-001
 7.2185522e-001
 7.2110748e-001
 7.2206765e-001
 7.2134793e-001
 7.2151917e-001
 7.2123837e-001
 7.2107869e-001
 7.2141451e-001
 7.2168720e-001
 7.2141713e-001
 7.2174639e-001
 7.2128248e-001
 7.2127312e-001
 7.2131699e-001
 7.2133225e-001
 7.2104508e-001
 7.2103184e-001
 7.2087687e-001
 7.2071123e-001
 7.2065145e-001
 7.2052121e-001
 7.2037095e-001
 7.2062844e-001
 7.2145945e-001
 7.2191405e-001
 7.2217536e-001
 7.2232860e-001
 7.2271621e-001
 7.2203994e-001
 7.2253823e-001
 7.2262973e-001
 7.2266817e-001
 7.2299588e-001
 7.2286195e-001
 7.2321284e-001
 7.2344673e-001
 7.2326100e-001
 7.2359771e-001
 7.2380519e-001
 7.2376579e-001
 7.2413963e-001
 7.2380686e-001
 7.2379124e-001
 7.2357911e-001
 7.2369319e-001
 7.2431284e-001
 7.2502983e-001
 7.2593659e-001
 7.2661293e-001
 7.2746408e-001
 7.2785699e-001
 7.2870696e-001
 7.2974730e-001
 7.3040742e-001
 7.3086625e-001
 7.3152918e-001
 7.3192626e-001
 7.3272657e-001
 7.3321086e-001
 7.3354006e-001
 7.3448503e-001
 7.3481542e-001
 7.3507279e-001
 7.3554647e-001
 7.3584175e-001
 7.3604453e-001
 7.3692477e-001
 7.3708075e-001
 7.3730332e-001
 7.3768324e-001
 7.3820823e-001
 7.3846149e-001
 7.3872840e-001
 7.3886663e-001
 7.3904097e-001
 7.3942041e-001
 7.3928696e-001
 7.3918700e-001
 7.3912793e-001
 7.3912293e-001
 7.3953784e-001
 7.3959112e-001
 7.3990989e-001
 7.4035901e-001
 7.4036032e-001
 7.4039787e-001
 7.4052972e-001
 7.4058449e-001
 7.4110693e-001
 7.4112952e-001
 7.4108374e-001
 7.4087322e-001
 7.4138671e-001
 7.3973858e-001
 7.3560953e-001
 7.3112780e-001
 7.2979444e-001
 7.3074681e-001
 7.3309070e-001
 7.3426688e-001
 7.3528975e-001
 7.3628265e-001
 7.3762584e-001
 7.3872757e-001
 7.3975009e-001
 7.4087602e-001
 7.4185270e-001
 7.4395269e-001
 7.4425864e-001
 7.4553096e-001
 7.4641103e-001
 7.4711263e-001
 7.4756813e-001
 7.4910682e-001
 7.4927151e-001
 7.4918729e-001
 7.5058085e-001
 7.4956053e-001
 7.4850196e-001
 7.4769497e-001
 7.4622381e-001
 7.4533480e-001
 7.4560422e-001
 7.4483788e-001
 7.4402398e-001
 7.4263811e-001
 7.4173123e-001
 7.4183929e-001
 7.4044001e-001
 7.4085981e-001
 7.4073035e-001
 7.4099141e-001
 7.4118245e-001
 7.4014217e-001
 7.3982877e-001
 7.4134928e-001
 7.4326259e-001
 7.4458301e-001
 7.4494714e-001
 7.4531543e-001
 7.4547595e-001
 7.4658287e-001
 7.4449968e-001
 7.4349523e-001
 7.4433213e-001
 7.4230993e-001
 7.3959035e-001
 7.3955369e-001
 7.3651749e-001
 7.3392701e-001
 7.3282647e-001
 7.2866899e-001
 7.3378366e-001
 7.2717083e-001
 7.3113990e-001
-1.2300000e+034
