s07_AV97 Record=1664: Ilmenite HS231.3B             BECKb AREF
 6.0003426e-002
 5.9271686e-002
 5.8895938e-002
 5.8155030e-002
 5.7592325e-002
 5.6856547e-002
 5.5911120e-002
 5.5142727e-002
 5.4739852e-002
 5.4186359e-002
 5.3719807e-002
 5.3520158e-002
 5.3334601e-002
 5.3254467e-002
 5.3268373e-002
 5.3281367e-002
 5.3601511e-002
 5.3875465e-002
 5.3954426e-002
 5.3955443e-002
 5.4194991e-002
 5.4418582e-002
 5.4985717e-002
 5.5054676e-002
 5.5164896e-002
 5.5314466e-002
 5.5463690e-002
 5.5535357e-002
 5.5914141e-002
 5.6274187e-002
 5.6694400e-002
 5.6939438e-002
 5.6637283e-002
 5.6941666e-002
 5.7087816e-002
 5.7554267e-002
 5.7954893e-002
 5.8394913e-002
 5.8692981e-002
 5.9082769e-002
 5.9498869e-002
 5.9733570e-002
 6.0196213e-002
 6.0400069e-002
 6.0602769e-002
 6.1072845e-002
 6.1347716e-002
 6.1476659e-002
 6.1658751e-002
 6.1662834e-002
 6.1753444e-002
 6.1643876e-002
 6.4461373e-002
 6.4861566e-002
 6.3100912e-002
 6.2832899e-002
 6.4598821e-002
 6.6888377e-002
 6.3810870e-002
 6.2937312e-002
 6.3303769e-002
 6.2797882e-002
 6.2221348e-002
 6.4867504e-002
 6.3048489e-002
 6.2550165e-002
 6.2407814e-002
 6.1273798e-002
 6.1576139e-002
 6.2553696e-002
 6.3094229e-002
 6.3318029e-002
 6.3494615e-002
 6.1513729e-002
 6.2832944e-002
 6.2501423e-002
 6.2435854e-002
 6.1839558e-002
 6.2918991e-002
 6.2709905e-002
 6.3104197e-002
 6.1854105e-002
 6.1364993e-002
 6.1699267e-002
 6.1567139e-002
 6.1693713e-002
 6.2230062e-002
 6.1334923e-002
 6.1798934e-002
 6.0875721e-002
 6.1502445e-002
 6.1274081e-002
 6.1641194e-002
 6.0493641e-002
 6.1353616e-002
 6.2174976e-002
 6.0989343e-002
 6.1497852e-002
 6.2311951e-002
 6.1708163e-002
 6.1383348e-002
 6.1586894e-002
 6.1279554e-002
 6.1337952e-002
 6.1355293e-002
 6.1326053e-002
 6.0948893e-002
 6.1330769e-002
 6.1317109e-002
 6.1931785e-002
 6.1817449e-002
 6.1877042e-002
 6.1738808e-002
 6.0975634e-002
 6.1753903e-002
 6.0981110e-002
 6.1403271e-002
 6.1733585e-002
 6.0914848e-002
 6.1617456e-002
 6.1628260e-002
 6.2453087e-002
 6.1475564e-002
 6.1872095e-002
 6.0760275e-002
 6.1453003e-002
 6.2395848e-002
 6.2375411e-002
 6.0719628e-002
 6.0618546e-002
 6.1354503e-002
 6.1290607e-002
 6.1214577e-002
 6.1318081e-002
 6.1273336e-002
 6.1805870e-002
 6.1261896e-002
 6.2945902e-002
 6.0308211e-002
 6.1076526e-002
 6.0222231e-002
 6.2687837e-002
 6.2256571e-002
 6.1790343e-002
 6.1913468e-002
 6.0178388e-002
 6.1580047e-002
 6.1510473e-002
 6.0494922e-002
 6.1576527e-002
 6.3118979e-002
 6.1997879e-002
 6.0756925e-002
 6.1465513e-002
 6.1895564e-002
 6.2673703e-002
 6.2534943e-002
 6.2376384e-002
 6.3164845e-002
 6.2565796e-002
 6.2932543e-002
 6.1975323e-002
 6.2313497e-002
 6.2298380e-002
 6.1897282e-002
 6.3946076e-002
 6.3612297e-002
 6.2101804e-002
 6.3709997e-002
 6.3806534e-002
 6.3739911e-002
 6.3690186e-002
 6.5010726e-002
 6.4244293e-002
 6.4173631e-002
 6.2972158e-002
 6.3432828e-002
 6.4170644e-002
 6.4013883e-002
 6.7121066e-002
 6.5171324e-002
 6.5618970e-002
 6.4635910e-002
 6.4259008e-002
 6.7594551e-002
 6.6529661e-002
 6.7400992e-002
 6.8049707e-002
 6.6839144e-002
 6.5052941e-002
 6.3312888e-002
 6.3566990e-002
 6.6621959e-002
 6.8201236e-002
 6.3817814e-002
 6.6315047e-002
 6.7453250e-002
 6.9167361e-002
 6.7758806e-002
 6.4647824e-002
 6.6766307e-002
 6.8009585e-002
 6.8231784e-002
 6.6235043e-002
 6.8393879e-002
 7.0154779e-002
 6.7573465e-002
 6.7684136e-002
 6.7805178e-002
 6.8453088e-002
 6.5800861e-002
 6.9172688e-002
 7.0771903e-002
 7.0080459e-002
 6.8602249e-002
 6.7775175e-002
 6.7597874e-002
 6.7709424e-002
 6.7950286e-002
 6.8363152e-002
 6.8888530e-002
 6.9390729e-002
 6.9715276e-002
 6.9735870e-002
