s07_AV97 Record=3458: Vesuvianite HS446.2B Idocras ASDFRa AREF
 1.9510995e-001
 2.0581901e-001
 2.1947406e-001
 2.3672320e-001
 2.5810292e-001
 2.8415930e-001
 3.1473309e-001
 3.4729406e-001
 3.8035154e-001
 4.1093555e-001
 4.3748465e-001
 4.6049145e-001
 4.7855812e-001
 4.9430686e-001
 5.0776076e-001
 5.1881242e-001
 5.2791798e-001
 5.3691888e-001
 5.4534727e-001
 5.5306274e-001
 5.6057942e-001
 5.7022101e-001
 5.7266110e-001
 5.7269835e-001
-1.2300000e+034
 5.9856427e-001
 5.9864497e-001
 6.0016894e-001
 6.0313147e-001
 6.0761297e-001
 6.1118317e-001
 6.1416107e-001
 6.1070192e-001
 6.1357665e-001
 6.1630851e-001
 6.1991054e-001
 6.2073350e-001
 6.2210256e-001
 6.2359619e-001
 6.2480724e-001
 6.2561119e-001
 6.2728494e-001
 6.2954324e-001
 6.3194555e-001
 6.3428891e-001
 6.3618582e-001
 6.3757074e-001
 6.3965297e-001
 6.4224827e-001
 6.4438820e-001
 6.4590853e-001
 6.4701670e-001
 6.4789742e-001
 6.4805382e-001
 6.4822304e-001
 6.4789665e-001
 6.4710701e-001
 6.4501309e-001
 6.4228874e-001
 6.3959813e-001
 6.3830298e-001
 6.4081353e-001
 6.4776170e-001
 6.5544176e-001
 6.6140026e-001
 6.6590738e-001
 6.6905701e-001
 6.7193562e-001
 6.7352325e-001
 6.7291874e-001
 6.7299283e-001
 6.7302030e-001
 6.7299807e-001
 6.7334038e-001
 6.7364353e-001
 6.7474878e-001
 6.7585599e-001
 6.7708606e-001
 6.7886949e-001
 6.8038231e-001
 6.8206519e-001
 6.8311691e-001
 6.8476188e-001
 6.8628740e-001
 6.8763489e-001
 6.8926841e-001
 6.9075888e-001
 6.9328272e-001
 6.9550031e-001
 6.9724166e-001
 6.9942641e-001
 7.0210046e-001
 7.0395130e-001
 7.0642775e-001
 7.0796770e-001
 7.1029294e-001
 7.0702797e-001
 7.0912009e-001
 7.1159244e-001
 7.1435803e-001
 7.1680522e-001
 7.1879309e-001
 7.2035855e-001
 7.2216278e-001
 7.2351825e-001
 7.2462577e-001
 7.2642130e-001
 7.2693831e-001
 7.2316867e-001
 7.1496642e-001
 6.9791460e-001
 6.8635607e-001
 6.8539757e-001
 6.8189144e-001
 6.6647953e-001
 6.7967433e-001
 7.0019984e-001
 7.0830011e-001
 7.1028215e-001
 7.1177959e-001
 7.1447551e-001
 7.1780556e-001
 7.1965283e-001
 7.2068548e-001
 7.2146273e-001
 7.2287273e-001
 7.2461683e-001
 7.2579896e-001
 7.2724622e-001
 7.2841239e-001
 7.2899860e-001
 7.2949982e-001
 7.2932345e-001
 7.2801584e-001
 7.2623211e-001
 7.2397017e-001
 7.2145271e-001
 7.1889365e-001
 7.1508324e-001
 7.1163303e-001
 7.0770478e-001
 7.0353979e-001
 6.9960928e-001
 6.9535714e-001
 6.9114476e-001
 6.8705195e-001
 6.8353951e-001
 6.8003911e-001
 6.7761916e-001
 6.7556828e-001
 6.7385280e-001
 6.7216367e-001
 6.7040521e-001
 6.6862500e-001
 6.6611105e-001
 6.6513216e-001
 6.6392022e-001
 6.6244006e-001
 6.6044879e-001
 6.5312707e-001
 6.5644163e-001
 6.4676994e-001
 6.3214326e-001
 6.1883962e-001
 6.1428386e-001
 6.1517274e-001
 6.1833143e-001
 6.1914921e-001
 6.1926770e-001
 6.1788249e-001
 6.1744428e-001
 6.1744225e-001
 6.2028813e-001
 6.2392926e-001
 6.2404990e-001
 6.2434816e-001
 6.2479639e-001
 6.2643719e-001
 6.2807494e-001
 6.2926733e-001
 6.2957698e-001
 6.2799454e-001
 6.2586725e-001
 6.2264979e-001
 6.1822349e-001
 6.1288196e-001
 6.0637379e-001
 6.0148489e-001
 5.9864664e-001
 5.9468609e-001
 5.8742982e-001
 5.7612616e-001
 5.5262643e-001
 5.2271491e-001
 5.1397479e-001
 5.2206665e-001
 5.2833384e-001
 5.3219819e-001
 5.3224015e-001
 5.3259057e-001
 5.3129917e-001
 5.2657813e-001
 5.1997787e-001
 5.1499009e-001
 5.1042700e-001
 4.9966529e-001
 4.7789845e-001
 4.5529726e-001
 4.4427612e-001
 4.4939098e-001
 4.5655981e-001
 4.5911381e-001
 4.6114767e-001
 4.6324742e-001
 4.6080455e-001
 4.5661804e-001
 4.5210817e-001
 4.5396075e-001
 4.5375910e-001
 4.5514467e-001
 4.5336154e-001
 4.5319194e-001
 4.5254171e-001
-1.2300000e+034
