s07_AV97 Record=36: Actinolite HS116.1B          ASDFRb AREF
 3.6624968e-001
 3.8238874e-001
 3.9804378e-001
 4.1159567e-001
 4.2485347e-001
 4.3906319e-001
 4.5299000e-001
 4.6450710e-001
 4.7476411e-001
 4.8416716e-001
 4.9258780e-001
 5.0095224e-001
 5.0844967e-001
 5.1512086e-001
 5.2127928e-001
 5.2640241e-001
 5.3011048e-001
 5.3306872e-001
 5.3557515e-001
 5.3834754e-001
 5.4104882e-001
 5.4378718e-001
 5.4617333e-001
 5.4781532e-001
 5.4869431e-001
 5.4840082e-001
 5.4858309e-001
 5.4861629e-001
 5.4800588e-001
 5.4733515e-001
 5.4684043e-001
 5.4722476e-001
 5.4685622e-001
 5.4706407e-001
 5.4795069e-001
 5.4847467e-001
 5.4921424e-001
 5.5075914e-001
 5.5253357e-001
 5.5451101e-001
 5.5691707e-001
 5.5943704e-001
 5.6224036e-001
 5.6549674e-001
 5.6844693e-001
 5.7122439e-001
 5.7333279e-001
 5.7474482e-001
 5.7528651e-001
 5.7495344e-001
 5.7386452e-001
 5.7224500e-001
 5.7030880e-001
 5.6861585e-001
 5.6732458e-001
 5.6595397e-001
 5.6533056e-001
 5.6451499e-001
 5.6482375e-001
 5.6482565e-001
 5.6518698e-001
 5.6523269e-001
 5.6456131e-001
 5.6414366e-001
 5.6353801e-001
 5.6272095e-001
 5.6127095e-001
 5.5977547e-001
 5.5927610e-001
 5.5718625e-001
 5.5612844e-001
 5.5660021e-001
 5.5868304e-001
 5.6305283e-001
 5.6998658e-001
 5.7867515e-001
 5.8666164e-001
 5.9490490e-001
 6.0235298e-001
 6.0864776e-001
 6.1509818e-001
 6.2021905e-001
 6.2539101e-001
 6.3049293e-001
 6.3492572e-001
 6.3989162e-001
 6.4405733e-001
 6.4831573e-001
 6.5297717e-001
 6.5719986e-001
 6.6200686e-001
 6.6697466e-001
 6.7150742e-001
 6.7612779e-001
 6.8024969e-001
 6.8413711e-001
 6.7804825e-001
 6.8218291e-001
 6.8600392e-001
 6.9026631e-001
 6.9456768e-001
 6.9863141e-001
 7.0251036e-001
 7.0620108e-001
 7.0944136e-001
 7.1262902e-001
 7.1512324e-001
 7.1741384e-001
 7.1849537e-001
 7.1261227e-001
 6.7747927e-001
 7.0514679e-001
 7.2461027e-001
 7.2864068e-001
 7.3073494e-001
 7.3281002e-001
 7.3521525e-001
 7.3778814e-001
 7.3954678e-001
 7.4195248e-001
 7.4447703e-001
 7.4591082e-001
 7.4782807e-001
 7.4915463e-001
 7.5151700e-001
 7.5439221e-001
 7.5607425e-001
 7.5777990e-001
 7.5954461e-001
 7.6032978e-001
 7.6205045e-001
 7.6393807e-001
 7.6572198e-001
 7.6675236e-001
 7.6789886e-001
 7.6892769e-001
 7.7017176e-001
 7.7142680e-001
 7.7229220e-001
 7.7315867e-001
 7.7462155e-001
 7.7620834e-001
 7.7745318e-001
 7.7842027e-001
 7.7860790e-001
 7.7857918e-001
 7.7858269e-001
 7.7885461e-001
 7.7915388e-001
 7.7920717e-001
 7.8030652e-001
 7.8003877e-001
 7.8004509e-001
 7.8040022e-001
 7.7983046e-001
 7.8197104e-001
 7.8275502e-001
 7.8429228e-001
 7.8547716e-001
 7.8440297e-001
 7.8498489e-001
 7.8353822e-001
 7.8167880e-001
 7.7766883e-001
 7.7633637e-001
 7.7689278e-001
 7.7762401e-001
 7.7828956e-001
 7.7870816e-001
 7.7944702e-001
 7.7882069e-001
 7.7867007e-001
 7.7844560e-001
 7.7930766e-001
 7.7982366e-001
 7.8198379e-001
 7.8366274e-001
 7.8361541e-001
 7.8245330e-001
 7.8343308e-001
 7.8398764e-001
 7.8274888e-001
 7.8231227e-001
 7.7758318e-001
 7.7543122e-001
 7.7582985e-001
 7.7623898e-001
 7.7569103e-001
 7.7457249e-001
 7.7500349e-001
 7.7373606e-001
 7.7304459e-001
 7.7054119e-001
 7.6921111e-001
 7.6716757e-001
 7.6224220e-001
 7.5555861e-001
 7.5053817e-001
 7.4433398e-001
 7.2855216e-001
 7.0629251e-001
 6.7899686e-001
 6.4590174e-001
 6.3503599e-001
 6.3211107e-001
 6.6930735e-001
 7.0878088e-001
 7.2109127e-001
 7.1774322e-001
 7.0583028e-001
 6.7806536e-001
 6.6158390e-001
 6.8192029e-001
 7.0316166e-001
 7.0797789e-001
 7.1105552e-001
 7.0988113e-001
 7.0317960e-001
 6.9757527e-001
 6.9475406e-001
 6.9456047e-001
 6.9700545e-001
 6.9648206e-001
-1.2300000e+034
