s07_AV97 Record=998: Cuprite HS127.3B            NIC4ccc RREF
-1.2300000e+034
-1.2300000e+034
-1.2300000e+034
-1.2300000e+034
-1.2300000e+034
-1.2300000e+034
-1.2300000e+034
-1.2300000e+034
-1.2300000e+034
-1.2300000e+034
-1.2300000e+034
-1.2300000e+034
-1.2300000e+034
-1.2300000e+034
-1.2300000e+034
-1.2300000e+034
-1.2300000e+034
-1.2300000e+034
-1.2300000e+034
-1.2300000e+034
-1.2300000e+034
-1.2300000e+034
-1.2300000e+034
-1.2300000e+034
-1.2300000e+034
-1.2300000e+034
-1.2300000e+034
-1.2300000e+034
-1.2300000e+034
-1.2300000e+034
-1.2300000e+034
-1.2300000e+034
-1.2300000e+034
-1.2300000e+034
-1.2300000e+034
-1.2300000e+034
-1.2300000e+034
-1.2300000e+034
-1.2300000e+034
-1.2300000e+034
-1.2300000e+034
-1.2300000e+034
-1.2300000e+034
-1.2300000e+034
-1.2300000e+034
-1.2300000e+034
-1.2300000e+034
-1.2300000e+034
-1.2300000e+034
-1.2300000e+034
-1.2300000e+034
-1.2300000e+034
-1.2300000e+034
-1.2300000e+034
-1.2300000e+034
-1.2300000e+034
-1.2300000e+034
-1.2300000e+034
-1.2300000e+034
-1.2300000e+034
-1.2300000e+034
-1.2300000e+034
-1.2300000e+034
-1.2300000e+034
-1.2300000e+034
-1.2300000e+034
-1.2300000e+034
-1.2300000e+034
-1.2300000e+034
-1.2300000e+034
-1.2300000e+034
-1.2300000e+034
-1.2300000e+034
-1.2300000e+034
-1.2300000e+034
-1.2300000e+034
-1.2300000e+034
-1.2300000e+034
-1.2300000e+034
-1.2300000e+034
-1.2300000e+034
-1.2300000e+034
-1.2300000e+034
-1.2300000e+034
-1.2300000e+034
-1.2300000e+034
-1.2300000e+034
-1.2300000e+034
-1.2300000e+034
-1.2300000e+034
-1.2300000e+034
-1.2300000e+034
-1.2300000e+034
-1.2300000e+034
-1.2300000e+034
-1.2300000e+034
-1.2300000e+034
-1.2300000e+034
-1.2300000e+034
-1.2300000e+034
-1.2300000e+034
-1.2300000e+034
-1.2300000e+034
-1.2300000e+034
-1.2300000e+034
-1.2300000e+034
-1.2300000e+034
-1.2300000e+034
-1.2300000e+034
-1.2300000e+034
-1.2300000e+034
-1.2300000e+034
-1.2300000e+034
-1.2300000e+034
-1.2300000e+034
-1.2300000e+034
-1.2300000e+034
-1.2300000e+034
-1.2300000e+034
-1.2300000e+034
-1.2300000e+034
-1.2300000e+034
-1.2300000e+034
-1.2300000e+034
-1.2300000e+034
-1.2300000e+034
-1.2300000e+034
-1.2300000e+034
-1.2300000e+034
-1.2300000e+034
 1.6304512e-001
 1.6520715e-001
 1.6725990e-001
 1.6918191e-001
 1.7095728e-001
 1.7282601e-001
 1.7467259e-001
 1.7625666e-001
 1.7781673e-001
 1.7925867e-001
 1.8057120e-001
 1.8191792e-001
 1.8311487e-001
 1.8426940e-001
 1.8537357e-001
 1.8642725e-001
 1.8759690e-001
 1.8852977e-001
 1.8943104e-001
 1.9024704e-001
 1.9089995e-001
 1.9170785e-001
 1.9253109e-001
 1.9327436e-001
 1.9403806e-001
 1.9449885e-001
 1.9502370e-001
 1.9555254e-001
 1.9577533e-001
 1.9588833e-001
 1.9587404e-001
 1.9581574e-001
 1.9551980e-001
 1.9541745e-001
 1.9572994e-001
 1.9631600e-001
 1.9686836e-001
 1.9739772e-001
 1.9781630e-001
 1.9834495e-001
 1.9881502e-001
 1.9915649e-001
 1.9964547e-001
 2.0009708e-001
 2.0049827e-001
 2.0074464e-001
 2.0109209e-001
 2.0152298e-001
 2.0176433e-001
 2.0207328e-001
 2.0228702e-001
 2.0272519e-001
 2.0293130e-001
 2.0318128e-001
 2.0352086e-001
 2.0381939e-001
 2.0397401e-001
 2.0397565e-001
 2.0366755e-001
 2.0326716e-001
 2.0281132e-001
 2.0212604e-001
 2.0115769e-001
 1.9993497e-001
 1.9911018e-001
 1.9905266e-001
 1.9833021e-001
 1.9714481e-001
 1.9509834e-001
 1.9426316e-001
 1.9489445e-001
 1.9632129e-001
 1.9793028e-001
 1.9893888e-001
 1.9928318e-001
 1.9892244e-001
 1.9752081e-001
 1.9568744e-001
 1.9456311e-001
 1.9471909e-001
 1.9460958e-001
 1.9433239e-001
 1.9400957e-001
 1.9403605e-001
 1.9397213e-001
 1.9407004e-001
 1.9440924e-001
 1.9478352e-001
 1.9552355e-001
 1.9605473e-001
 1.9641583e-001
 1.9657159e-001
 1.9660106e-001
 1.9674805e-001
