s07_AV97 Record=2858: Richterite HS336.4B Amphibol ASDFRc AREF
 5.8263253e-002
 5.9437070e-002
 6.0700200e-002
 6.2152393e-002
 6.3511565e-002
 6.4481847e-002
 6.5170959e-002
 6.6025831e-002
 6.7139015e-002
 6.8793580e-002
 7.0793748e-002
 7.2849929e-002
 7.5147517e-002
 7.7530213e-002
 7.9894453e-002
 8.2221583e-002
 8.4631398e-002
 8.7205231e-002
 8.9954339e-002
 9.2862852e-002
 9.5864810e-002
 9.8771401e-002
 1.0155160e-001
 1.0423728e-001
 1.0710597e-001
 1.0967858e-001
 1.1200074e-001
 1.1459499e-001
 1.1718405e-001
 1.1984868e-001
 1.2241695e-001
 1.2488253e-001
 1.2200898e-001
 1.2442398e-001
 1.2669076e-001
 1.2878023e-001
 1.3058832e-001
 1.3224895e-001
 1.3380076e-001
 1.3523355e-001
 1.3656087e-001
 1.3773213e-001
 1.3879868e-001
 1.3982515e-001
 1.4080283e-001
 1.4175734e-001
 1.4267476e-001
 1.4363995e-001
 1.4472654e-001
 1.4591335e-001
 1.4712924e-001
 1.4831945e-001
 1.4953673e-001
 1.5066057e-001
 1.5178938e-001
 1.5278731e-001
 1.5375297e-001
 1.5455422e-001
 1.5532759e-001
 1.5596218e-001
 1.5625612e-001
 1.5640490e-001
 1.5680014e-001
 1.5745197e-001
 1.5783471e-001
 1.5825872e-001
 1.5868379e-001
 1.5913294e-001
 1.5941113e-001
 1.5919548e-001
 1.6012211e-001
 1.6050182e-001
 1.6120942e-001
 1.6195242e-001
 1.6285755e-001
 1.6390932e-001
 1.6500968e-001
 1.6632891e-001
 1.6774528e-001
 1.6871086e-001
 1.7007832e-001
 1.7107901e-001
 1.7202756e-001
 1.7280601e-001
 1.7365102e-001
 1.7450978e-001
 1.7521560e-001
 1.7589021e-001
 1.7663199e-001
 1.7732279e-001
 1.7802359e-001
 1.7883123e-001
 1.7956112e-001
 1.8017599e-001
 1.8084151e-001
 1.8150049e-001
 1.8040867e-001
 1.8123813e-001
 1.8175770e-001
 1.8239333e-001
 1.8312325e-001
 1.8383589e-001
 1.8469775e-001
 1.8526715e-001
 1.8574975e-001
 1.8600105e-001
 1.8529756e-001
 1.8158725e-001
 1.7078020e-001
 1.6981073e-001
 1.7080900e-001
 1.8229726e-001
 1.8556859e-001
 1.8691510e-001
 1.8808946e-001
 1.8894976e-001
 1.8952620e-001
 1.9007485e-001
 1.9050844e-001
 1.9093804e-001
 1.9143863e-001
 1.9185598e-001
 1.9228791e-001
 1.9257189e-001
 1.9278215e-001
 1.9313830e-001
 1.9348572e-001
 1.9388999e-001
 1.9435500e-001
 1.9476640e-001
 1.9499244e-001
 1.9523674e-001
 1.9557083e-001
 1.9589944e-001
 1.9608468e-001
 1.9644293e-001
 1.9669810e-001
 1.9707236e-001
 1.9745295e-001
 1.9786577e-001
 1.9806811e-001
 1.9838949e-001
 1.9874178e-001
 1.9894345e-001
 1.9920132e-001
 1.9906630e-001
 1.9917573e-001
 1.9917588e-001
 1.9917294e-001
 1.9934051e-001
 1.9944271e-001
 1.9937068e-001
 1.9927575e-001
 1.9906348e-001
 1.9852965e-001
 1.9881970e-001
 1.9875306e-001
 1.9864374e-001
 1.9822894e-001
 1.9761656e-001
 1.9797836e-001
 1.9691706e-001
 1.9511203e-001
 1.9338101e-001
 1.9292347e-001
 1.9299959e-001
 1.9340788e-001
 1.9346210e-001
 1.9338655e-001
 1.9329225e-001
 1.9324559e-001
 1.9331227e-001
 1.9338740e-001
 1.9360846e-001
 1.9394794e-001
 1.9412713e-001
 1.9429325e-001
 1.9417158e-001
 1.9362369e-001
 1.9250874e-001
 1.9135554e-001
 1.9052151e-001
 1.9027162e-001
 1.8971680e-001
 1.8939899e-001
 1.8968822e-001
 1.9053128e-001
 1.9134150e-001
 1.9205956e-001
 1.9241270e-001
 1.9220139e-001
 1.9192392e-001
 1.9178453e-001
 1.9161230e-001
 1.9072068e-001
 1.8929014e-001
 1.8706436e-001
 1.8459374e-001
 1.8073517e-001
 1.7493153e-001
 1.6807744e-001
 1.5998624e-001
 1.4632118e-001
 1.2903553e-001
 1.3193133e-001
 1.4734359e-001
 1.5382928e-001
 1.5610619e-001
 1.5242392e-001
 1.4100003e-001
 1.3520668e-001
 1.4311564e-001
 1.5322301e-001
 1.5823328e-001
 1.5710638e-001
 1.5552047e-001
 1.5416707e-001
 1.5369749e-001
 1.5336242e-001
 1.5180191e-001
 1.5043950e-001
 1.5029730e-001
 1.4812578e-001
-1.2300000e+034
