s07_AV97 Record=889: Clinochlore_Fe GDS157         NIC4a RREF
-1.2300000e+034
-1.2300000e+034
-1.2300000e+034
-1.2300000e+034
-1.2300000e+034
-1.2300000e+034
-1.2300000e+034
-1.2300000e+034
-1.2300000e+034
-1.2300000e+034
-1.2300000e+034
-1.2300000e+034
-1.2300000e+034
-1.2300000e+034
-1.2300000e+034
-1.2300000e+034
-1.2300000e+034
-1.2300000e+034
-1.2300000e+034
-1.2300000e+034
-1.2300000e+034
-1.2300000e+034
-1.2300000e+034
-1.2300000e+034
-1.2300000e+034
-1.2300000e+034
-1.2300000e+034
-1.2300000e+034
-1.2300000e+034
-1.2300000e+034
-1.2300000e+034
-1.2300000e+034
-1.2300000e+034
-1.2300000e+034
-1.2300000e+034
-1.2300000e+034
-1.2300000e+034
-1.2300000e+034
-1.2300000e+034
-1.2300000e+034
-1.2300000e+034
-1.2300000e+034
-1.2300000e+034
-1.2300000e+034
-1.2300000e+034
-1.2300000e+034
-1.2300000e+034
-1.2300000e+034
-1.2300000e+034
-1.2300000e+034
-1.2300000e+034
-1.2300000e+034
-1.2300000e+034
-1.2300000e+034
-1.2300000e+034
-1.2300000e+034
-1.2300000e+034
-1.2300000e+034
-1.2300000e+034
-1.2300000e+034
-1.2300000e+034
-1.2300000e+034
-1.2300000e+034
-1.2300000e+034
-1.2300000e+034
-1.2300000e+034
-1.2300000e+034
-1.2300000e+034
-1.2300000e+034
-1.2300000e+034
-1.2300000e+034
-1.2300000e+034
-1.2300000e+034
-1.2300000e+034
-1.2300000e+034
-1.2300000e+034
-1.2300000e+034
-1.2300000e+034
-1.2300000e+034
-1.2300000e+034
-1.2300000e+034
-1.2300000e+034
-1.2300000e+034
-1.2300000e+034
-1.2300000e+034
-1.2300000e+034
-1.2300000e+034
-1.2300000e+034
-1.2300000e+034
-1.2300000e+034
-1.2300000e+034
-1.2300000e+034
-1.2300000e+034
-1.2300000e+034
-1.2300000e+034
-1.2300000e+034
-1.2300000e+034
-1.2300000e+034
-1.2300000e+034
-1.2300000e+034
-1.2300000e+034
-1.2300000e+034
-1.2300000e+034
-1.2300000e+034
-1.2300000e+034
-1.2300000e+034
-1.2300000e+034
-1.2300000e+034
-1.2300000e+034
-1.2300000e+034
-1.2300000e+034
-1.2300000e+034
-1.2300000e+034
-1.2300000e+034
-1.2300000e+034
-1.2300000e+034
-1.2300000e+034
-1.2300000e+034
-1.2300000e+034
-1.2300000e+034
-1.2300000e+034
-1.2300000e+034
-1.2300000e+034
 1.5750137e-001
 1.6234523e-001
 1.7098288e-001
 1.8148266e-001
 1.9280986e-001
 2.0403937e-001
 2.1530233e-001
 2.2594070e-001
 2.3611639e-001
 2.4570088e-001
 2.5446820e-001
 2.6287353e-001
 2.7096680e-001
 2.7856565e-001
 2.8599763e-001
 2.9316938e-001
 2.9982090e-001
 3.0618584e-001
 3.1208453e-001
 3.1786060e-001
 3.2372427e-001
 3.2960150e-001
 3.3535889e-001
 3.4064808e-001
 3.4580189e-001
 3.5047761e-001
 3.5494289e-001
 3.5941133e-001
 3.6386046e-001
 3.6817169e-001
 3.7232825e-001
 3.7611097e-001
 3.7945822e-001
 3.8249940e-001
 3.8515002e-001
 3.8721222e-001
 3.9039674e-001
 3.8927391e-001
 3.9302766e-001
 3.9731377e-001
 4.0169239e-001
 4.0569347e-001
 4.0898108e-001
 4.1121754e-001
 4.1230914e-001
 4.1336450e-001
 4.1490716e-001
 4.1566527e-001
 4.1620880e-001
 4.1791734e-001
 4.2129257e-001
 4.2608595e-001
 4.3197903e-001
 4.3775359e-001
 4.4249853e-001
 4.4639835e-001
 4.4965902e-001
 4.5262745e-001
 4.5550737e-001
 4.5815790e-001
 4.6021762e-001
 4.6188647e-001
 4.6366748e-001
 4.6569648e-001
 4.6723354e-001
 4.6797547e-001
 4.6818417e-001
 4.6784228e-001
 4.6697539e-001
 4.6555170e-001
 4.6364927e-001
 4.6029952e-001
 4.5245183e-001
 4.3408591e-001
 4.0782982e-001
 4.0017888e-001
 4.0865800e-001
 4.1511774e-001
 4.1268009e-001
 4.0445241e-001
 3.9695024e-001
 3.9112782e-001
 3.8428566e-001
 3.7632746e-001
 3.7309846e-001
 3.7988719e-001
 3.9426875e-001
 4.1053465e-001
 4.2226613e-001
 4.2809564e-001
 4.3155831e-001
 4.3450665e-001
 4.3563625e-001
 4.3445319e-001
 4.3165708e-001
 4.2703155e-001
 4.2097265e-001
 4.1522691e-001
 4.1117793e-001
 4.0916541e-001
 4.0841994e-001
