s07_AV97 Record=3419: Uralite HS345.6              ASDFRb AREF
 2.2563465e-001
 2.3715343e-001
 2.4715081e-001
 2.5557381e-001
 2.6223010e-001
 2.6882330e-001
 2.7555594e-001
 2.8058508e-001
 2.8334022e-001
 2.8946435e-001
 2.9564378e-001
 3.0141810e-001
 3.0631313e-001
 3.1047171e-001
 3.1545269e-001
 3.1883049e-001
 3.2032466e-001
 3.2106045e-001
 3.2109326e-001
 3.2004231e-001
 3.1802332e-001
 3.1518036e-001
 3.1149310e-001
 3.0748934e-001
 3.0343264e-001
 2.9983610e-001
 2.9576010e-001
 2.9193914e-001
 2.8833485e-001
 2.8490546e-001
 2.8179598e-001
 2.7897307e-001
 2.8226107e-001
 2.7950656e-001
 2.7691177e-001
 2.7446702e-001
 2.7224621e-001
 2.7025652e-001
 2.6842383e-001
 2.6684734e-001
 2.6555586e-001
 2.6466358e-001
 2.6416773e-001
 2.6403502e-001
 2.6420912e-001
 2.6471901e-001
 2.6499024e-001
 2.6503128e-001
 2.6485610e-001
 2.6429462e-001
 2.6349050e-001
 2.6220745e-001
 2.6046461e-001
 2.5833085e-001
 2.5590420e-001
 2.5340468e-001
 2.5087896e-001
 2.4836220e-001
 2.4598032e-001
 2.4370895e-001
 2.4164388e-001
 2.3990321e-001
 2.3830453e-001
 2.3719063e-001
 2.3626165e-001
 2.3551123e-001
 2.3505215e-001
 2.3447871e-001
 2.3382477e-001
 2.3203559e-001
 2.3140782e-001
 2.3089185e-001
 2.3016015e-001
 2.3012194e-001
 2.2992206e-001
 2.3078376e-001
 2.3127864e-001
 2.3260941e-001
 2.3384269e-001
 2.3480774e-001
 2.3640826e-001
 2.3780686e-001
 2.3935628e-001
 2.4113055e-001
 2.4287577e-001
 2.4509962e-001
 2.4734348e-001
 2.4990924e-001
 2.5316539e-001
 2.5626594e-001
 2.6014748e-001
 2.6450649e-001
 2.6863822e-001
 2.7342552e-001
 2.7776271e-001
 2.8279468e-001
 2.7521911e-001
 2.8033525e-001
 2.8548613e-001
 2.9066521e-001
 2.9595715e-001
 3.0119410e-001
 3.0663139e-001
 3.1202629e-001
 3.1700739e-001
 3.2207915e-001
 3.2708800e-001
 3.3232695e-001
 3.3622438e-001
 3.3538315e-001
 3.1651109e-001
 3.2514808e-001
 3.3747175e-001
 3.4377682e-001
 3.4996566e-001
 3.5573581e-001
 3.6069360e-001
 3.6563307e-001
 3.7019905e-001
 3.7529865e-001
 3.7996909e-001
 3.8420928e-001
 3.8804844e-001
 3.9221093e-001
 3.9558798e-001
 3.9939734e-001
 4.0303242e-001
 4.0611896e-001
 4.0957648e-001
 4.1267660e-001
 4.1591743e-001
 4.1918248e-001
 4.2231989e-001
 4.2535377e-001
 4.2834973e-001
 4.3112344e-001
 4.3401602e-001
 4.3699864e-001
 4.3944037e-001
 4.4194645e-001
 4.4459203e-001
 4.4679946e-001
 4.4885769e-001
 4.5085132e-001
 4.5216554e-001
 4.5365903e-001
 4.5483917e-001
 4.5628098e-001
 4.5809382e-001
 4.6000114e-001
 4.6146691e-001
 4.6328872e-001
 4.6455443e-001
 4.6558630e-001
 4.6617186e-001
 4.6649143e-001
 4.6648216e-001
 4.6440616e-001
 4.5859990e-001
 4.4503719e-001
 4.5184135e-001
 4.2940679e-001
 3.8805187e-001
 3.5053638e-001
 3.4411708e-001
 3.5954320e-001
 3.7640661e-001
 3.8584334e-001
 3.9164653e-001
 3.9590150e-001
 4.0015057e-001
 4.0465954e-001
 4.1083041e-001
 4.1869023e-001
 4.2669702e-001
 4.3484995e-001
 4.4086266e-001
 4.4409993e-001
 4.4613436e-001
 4.4797331e-001
 4.4844538e-001
 4.4739223e-001
 4.4625109e-001
 4.4035324e-001
 4.3643126e-001
 4.3681481e-001
 4.3826881e-001
 4.3895042e-001
 4.3993542e-001
 4.4123018e-001
 4.4040263e-001
 4.3878278e-001
 4.3511587e-001
 4.3095994e-001
 4.2716160e-001
 4.2000765e-001
 4.0700278e-001
 3.9512640e-001
 3.9126903e-001
 3.7962046e-001
 3.5124815e-001
 3.1619430e-001
 2.8503737e-001
 2.7780268e-001
 2.7757925e-001
 2.9753584e-001
 3.2333761e-001
 3.3875135e-001
 3.4558293e-001
 3.3943853e-001
 3.1626457e-001
 2.9812744e-001
 3.0964327e-001
 3.2482746e-001
 3.2784045e-001
 3.2766673e-001
 3.2151961e-001
 3.1211171e-001
 3.0397150e-001
 2.9600042e-001
 2.8797224e-001
 2.8250256e-001
 2.7870771e-001
-1.2300000e+034
