s07_AV97 Record=3849: Dolomite.5+Na-Mont.5 AMX21    BECKb AREF
 5.1652747e-001
 5.3964329e-001
 5.6124610e-001
 5.7681799e-001
 5.9059763e-001
 6.0459137e-001
 6.1649305e-001
 6.2741065e-001
 6.3873851e-001
 6.4696562e-001
 6.5297383e-001
 6.5813106e-001
 6.6155064e-001
 6.6713262e-001
 6.7245573e-001
 6.7969906e-001
 6.8695104e-001
 6.9247180e-001
 6.9685870e-001
 6.9988024e-001
 7.0143187e-001
 7.0270312e-001
 7.0319998e-001
 7.0359182e-001
 7.0346874e-001
 7.0362300e-001
 7.0408362e-001
 7.0490468e-001
 7.0566148e-001
 7.0716882e-001
 7.0961356e-001
 7.1185666e-001
 7.0918363e-001
 7.1146214e-001
 7.1288276e-001
 7.1518981e-001
 7.1743745e-001
 7.1984375e-001
 7.2105658e-001
 7.2167856e-001
 7.2153223e-001
 7.2442573e-001
 7.2400224e-001
 7.2381848e-001
 7.2515601e-001
 7.2555000e-001
 7.2442895e-001
 7.2606194e-001
 7.2538775e-001
 7.2589809e-001
 7.2412258e-001
 7.2437626e-001
 7.2041225e-001
 7.2145975e-001
 7.2176689e-001
 7.1852535e-001
 7.1559274e-001
 7.1627599e-001
 7.1596742e-001
 7.1483529e-001
 7.1442336e-001
 7.0704001e-001
 7.0785934e-001
 7.0667982e-001
 7.0545286e-001
 7.0679420e-001
 7.0613033e-001
 7.0814514e-001
 7.0643872e-001
 7.0707911e-001
 7.0751876e-001
 7.0659137e-001
 7.0683444e-001
 7.0670241e-001
 7.0752150e-001
 7.0832914e-001
 7.0928073e-001
 7.0737439e-001
 7.0910650e-001
 7.0855254e-001
 7.0859236e-001
 7.0906812e-001
 7.0877111e-001
 7.0745468e-001
 7.0765036e-001
 7.0911109e-001
 7.0848769e-001
 7.0903420e-001
 7.0946932e-001
 7.1038437e-001
 7.1002990e-001
 7.1016657e-001
 7.1153378e-001
 7.1112227e-001
 7.1128529e-001
 7.1230823e-001
 7.1112806e-001
 7.1179569e-001
 7.1318501e-001
 7.1209735e-001
 7.1209073e-001
 7.1191519e-001
 7.1090019e-001
 7.1040958e-001
 7.0929021e-001
 7.0996457e-001
 7.0925146e-001
 7.0641685e-001
 7.0127517e-001
 6.8853986e-001
 6.6784477e-001
 6.4524841e-001
 6.3816130e-001
 6.5459645e-001
 6.7518121e-001
 6.8508589e-001
 6.8820393e-001
 6.9074935e-001
 6.9680679e-001
 7.0257884e-001
 7.0654553e-001
 7.0870620e-001
 7.1075523e-001
 7.1388555e-001
 7.1585542e-001
 7.1742463e-001
 7.1930897e-001
 7.2079998e-001
 7.2119510e-001
 7.2267377e-001
 7.2212684e-001
 7.2354746e-001
 7.2490346e-001
 7.2431958e-001
 7.2434866e-001
 7.2509027e-001
 7.2656167e-001
 7.2663975e-001
 7.2443819e-001
 7.2540492e-001
 7.2562867e-001
 7.2347105e-001
 7.2113556e-001
 7.2071517e-001
 7.2115463e-001
 7.2224170e-001
 7.2112310e-001
 7.1950918e-001
 7.1964669e-001
 7.1576113e-001
 7.1692765e-001
 7.1538526e-001
 7.1281844e-001
 7.0817047e-001
 7.0582789e-001
 7.0233124e-001
 6.9489157e-001
 6.8762058e-001
 6.7890072e-001
 6.5657240e-001
 6.6592062e-001
 6.2379998e-001
 5.7102066e-001
 5.5606979e-001
 5.7795602e-001
 6.0185045e-001
 6.1229461e-001
 6.1618382e-001
 6.1926746e-001
 6.2432903e-001
 6.2649310e-001
 6.3630265e-001
 6.4939934e-001
 6.5814918e-001
 6.7075455e-001
 6.7410898e-001
 6.7424119e-001
 6.7816198e-001
 6.8032396e-001
 6.8051946e-001
 6.7843097e-001
 6.7668480e-001
 6.7801672e-001
 6.7678916e-001
 6.7854589e-001
 6.7647827e-001
 6.6992372e-001
 6.6437709e-001
 6.5935671e-001
 6.4677757e-001
 6.2837851e-001
 6.1008060e-001
 5.8542395e-001
 5.6912917e-001
 5.7802099e-001
 5.8561224e-001
 5.8586419e-001
 5.7838017e-001
 5.7138592e-001
 5.6417990e-001
 5.5691469e-001
 5.4877263e-001
 5.3257829e-001
 5.1616877e-001
 5.0384074e-001
 5.0479573e-001
 5.2457750e-001
 5.5470699e-001
 5.7329130e-001
 5.7539892e-001
 5.6464195e-001
 5.5381441e-001
 5.4634851e-001
 5.3580880e-001
 5.2013659e-001
 5.0037348e-001
 4.7890106e-001
 4.5827520e-001
 4.4134876e-001
 4.2470354e-001
 4.1044641e-001
 3.9792755e-001
 3.8634276e-001
 3.7621322e-001
