s07_AV97 Record=119: Albite HS324.4B Plagioclase  ASDFRc AREF
 5.8516949e-001
 5.9589380e-001
 6.0582030e-001
 6.1417913e-001
 6.2147528e-001
 6.2824976e-001
 6.3500679e-001
 6.4169502e-001
 6.4807642e-001
 6.5389562e-001
 6.5925038e-001
 6.6407382e-001
 6.6791266e-001
 6.7113537e-001
 6.7455584e-001
 6.7801690e-001
 6.7999965e-001
 6.8024933e-001
 6.7958289e-001
 6.7827314e-001
 6.7669618e-001
 6.7506045e-001
 6.7368138e-001
 6.7215985e-001
 6.7159665e-001
 6.7092162e-001
 6.7082620e-001
 6.7089134e-001
 6.7147201e-001
 6.7269027e-001
 6.7428297e-001
 6.7645299e-001
 6.7397994e-001
 6.7600536e-001
 6.7838091e-001
 6.8149060e-001
 6.8472898e-001
 6.8830127e-001
 6.9217300e-001
 6.9625700e-001
 7.0034003e-001
 7.0471936e-001
 7.0903790e-001
 7.1323156e-001
 7.1725780e-001
 7.2127080e-001
 7.2504395e-001
 7.2866291e-001
 7.3185951e-001
 7.3495209e-001
 7.3778224e-001
 7.4033207e-001
 7.4263412e-001
 7.4475604e-001
 7.4671715e-001
 7.4854410e-001
 7.5034332e-001
 7.5183684e-001
 7.5323164e-001
 7.5474828e-001
 7.5608611e-001
 7.5717372e-001
 7.5710428e-001
 7.5502837e-001
 7.5743824e-001
 7.6073903e-001
 7.6201862e-001
 7.6284724e-001
 7.6395321e-001
 7.6466173e-001
 7.6582927e-001
 7.6634878e-001
 7.6694238e-001
 7.6671320e-001
 7.6739907e-001
 7.6784647e-001
 7.6800227e-001
 7.6855040e-001
 7.6916289e-001
 7.6971787e-001
 7.7048188e-001
 7.7099591e-001
 7.7065778e-001
 7.6930541e-001
 7.6874202e-001
 7.6825088e-001
 7.6752836e-001
 7.6713169e-001
 7.6698428e-001
 7.6720971e-001
 7.6723427e-001
 7.6778972e-001
 7.6817387e-001
 7.6883090e-001
 7.6967967e-001
 7.7019197e-001
 7.6925433e-001
 7.6997268e-001
 7.7028173e-001
 7.7022910e-001
 7.6972413e-001
 7.6908368e-001
 7.6798528e-001
 7.6726592e-001
 7.6684386e-001
 7.6606774e-001
 7.6397479e-001
 7.6048571e-001
 7.5557870e-001
 7.4267107e-001
 7.0513040e-001
 6.6349173e-001
 6.6468149e-001
 7.0784581e-001
 7.2694314e-001
 7.3074526e-001
 7.3290670e-001
 7.3472339e-001
 7.3707449e-001
 7.4025422e-001
 7.4321264e-001
 7.4632263e-001
 7.4895859e-001
 7.5151908e-001
 7.5358278e-001
 7.5521350e-001
 7.5646609e-001
 7.5736886e-001
 7.5871849e-001
 7.5940758e-001
 7.5996321e-001
 7.6091361e-001
 7.6194990e-001
 7.6277912e-001
 7.6352721e-001
 7.6491416e-001
 7.6493657e-001
 7.6473349e-001
 7.6440752e-001
 7.6411879e-001
 7.6318091e-001
 7.6222652e-001
 7.6165408e-001
 7.6103836e-001
 7.6042187e-001
 7.5912780e-001
 7.5816786e-001
 7.5729769e-001
 7.5630003e-001
 7.5626737e-001
 7.5621617e-001
 7.5604278e-001
 7.5557506e-001
 7.5456512e-001
 7.5319862e-001
 7.5330544e-001
 7.5335789e-001
 7.5006610e-001
 7.4249578e-001
 7.2736466e-001
 7.3481256e-001
 7.1383804e-001
 6.8807268e-001
 6.6723442e-001
 6.5690202e-001
 6.5323102e-001
 6.5467453e-001
 6.5837604e-001
 6.6384840e-001
 6.7004883e-001
 6.7701435e-001
 6.8508238e-001
 6.9219005e-001
 6.9937462e-001
 7.0531929e-001
 7.1075660e-001
 7.1448535e-001
 7.1788770e-001
 7.2055912e-001
 7.2280020e-001
 7.2342706e-001
 7.2270608e-001
 7.1992612e-001
 7.1735126e-001
 7.1584970e-001
 7.1697003e-001
 7.1534193e-001
 7.0860577e-001
 6.9702923e-001
 6.7700756e-001
 6.4420140e-001
 6.1403835e-001
 6.1071795e-001
 6.3764185e-001
 6.7242151e-001
 6.9033283e-001
 6.9620812e-001
 6.9725704e-001
 6.9736248e-001
 6.9609630e-001
 6.9313139e-001
 6.8906426e-001
 6.8101513e-001
 6.7005116e-001
 6.5725827e-001
 6.4370817e-001
 6.3285697e-001
 6.2757921e-001
 6.3022751e-001
 6.3295066e-001
 6.3105476e-001
 6.2889975e-001
 6.2533969e-001
 6.1631715e-001
 6.0522884e-001
 5.9660673e-001
 5.9030169e-001
 5.8868247e-001
 5.8829963e-001
 5.8892584e-001
 5.8918989e-001
 5.8880657e-001
 5.8962089e-001
-1.2300000e+034
