s07_AV97 Record=783: Chlorite HS179.1B            ASDFRb AREF
 2.1338186e-001
 2.3073953e-001
 2.4638903e-001
 2.5942221e-001
 2.6893434e-001
 2.7795392e-001
 2.9003567e-001
 3.0395842e-001
 3.1648904e-001
 3.2721007e-001
 3.3561262e-001
 3.4264159e-001
 3.5163695e-001
 3.6021951e-001
 3.6745265e-001
 3.7483001e-001
 3.8190043e-001
 3.8747334e-001
 3.9209434e-001
 3.9626554e-001
 4.0019056e-001
 4.0361550e-001
 4.0667927e-001
 4.0957311e-001
 4.1249186e-001
 4.1524714e-001
 4.1785684e-001
 4.2018625e-001
 4.2183390e-001
 4.2324543e-001
 4.2432922e-001
 4.2543271e-001
 4.2416403e-001
 4.2520556e-001
 4.2646909e-001
 4.2791393e-001
 4.2960122e-001
 4.3169647e-001
 4.3433216e-001
 4.3737239e-001
 4.4081256e-001
 4.4461027e-001
 4.4863421e-001
 4.5261353e-001
 4.5610660e-001
 4.5916462e-001
 4.6152863e-001
 4.6330974e-001
 4.6448052e-001
 4.6520859e-001
 4.6595663e-001
 4.6659920e-001
 4.6726012e-001
 4.6813971e-001
 4.6958497e-001
 4.7140497e-001
 4.7357392e-001
 4.7622120e-001
 4.7924820e-001
 4.8254022e-001
 4.8605847e-001
 4.8946095e-001
 4.9314934e-001
 4.9645865e-001
 4.9966347e-001
 5.0251842e-001
 5.0485879e-001
 5.0689471e-001
 5.0862098e-001
 5.0890809e-001
 5.1048595e-001
 5.1009041e-001
 5.1051837e-001
 5.1124936e-001
 5.1112890e-001
 5.1156062e-001
 5.1195204e-001
 5.1304305e-001
 5.1374483e-001
 5.1499456e-001
 5.1549250e-001
 5.1689720e-001
 5.1858187e-001
 5.2022821e-001
 5.2237487e-001
 5.2452022e-001
 5.2671325e-001
 5.2938843e-001
 5.3183746e-001
 5.3453463e-001
 5.3823560e-001
 5.4163569e-001
 5.4487425e-001
 5.4784286e-001
 5.5158746e-001
 5.5501944e-001
 5.4918629e-001
 5.5329436e-001
 5.5695164e-001
 5.6032258e-001
 5.6453770e-001
 5.6867892e-001
 5.7255161e-001
 5.7679760e-001
 5.8061326e-001
 5.8456516e-001
 5.8893186e-001
 5.9236437e-001
 5.8839083e-001
 5.8681387e-001
 5.9292293e-001
 6.0090786e-001
 6.0812205e-001
 6.1430532e-001
 6.1942750e-001
 6.2372339e-001
 6.2752473e-001
 6.3144529e-001
 6.3520771e-001
 6.3890648e-001
 6.4306581e-001
 6.4636678e-001
 6.4986366e-001
 6.5375859e-001
 6.5756506e-001
 6.6063267e-001
 6.6403496e-001
 6.6692913e-001
 6.7041773e-001
 6.7362165e-001
 6.7681563e-001
 6.7968762e-001
 6.8230081e-001
 6.8523061e-001
 6.8817919e-001
 6.9122773e-001
 6.9406116e-001
 6.9634151e-001
 6.9938499e-001
 7.0180607e-001
 7.0453441e-001
 7.0729059e-001
 7.0990789e-001
 7.1224052e-001
 7.1403128e-001
 7.1632123e-001
 7.1805513e-001
 7.2023308e-001
 7.2257733e-001
 7.2476315e-001
 7.2720283e-001
 7.2947156e-001
 7.3126000e-001
 7.3288178e-001
 7.3330104e-001
 7.3515618e-001
 7.3665321e-001
 7.3739636e-001
 7.3728395e-001
 7.3481852e-001
 7.3585773e-001
 7.3306954e-001
 7.2933209e-001
 7.2539455e-001
 7.2539568e-001
 7.2729933e-001
 7.3099798e-001
 7.3394650e-001
 7.3540145e-001
 7.3780507e-001
 7.4057579e-001
 7.4204856e-001
 7.4452096e-001
 7.4641204e-001
 7.4967563e-001
 7.5183040e-001
 7.5420123e-001
 7.5596493e-001
 7.5801229e-001
 7.5899255e-001
 7.5832886e-001
 7.5722134e-001
 7.5704181e-001
 7.5799304e-001
 7.5861520e-001
 7.5940669e-001
 7.6142263e-001
 7.6007152e-001
 7.6020390e-001
 7.6091343e-001
 7.5978583e-001
 7.5791562e-001
 7.5557220e-001
 7.5559199e-001
 7.5146943e-001
 7.3375052e-001
 6.9767511e-001
 6.7504460e-001
 6.8790394e-001
 7.0240742e-001
 6.9891101e-001
 6.8290728e-001
 6.6176444e-001
 6.3970041e-001
 6.1637264e-001
 6.0831517e-001
 6.2128431e-001
 6.3809627e-001
 6.4887363e-001
 6.4422399e-001
 6.3318378e-001
 6.2995023e-001
 6.4296991e-001
 6.5196538e-001
 6.6329867e-001
 6.6639352e-001
 6.6371274e-001
 6.6147465e-001
 6.6991884e-001
 6.7225724e-001
 6.6908962e-001
 6.7067719e-001
 6.7567694e-001
-1.2300000e+034
