s07_AV97 Record=3967: Kaol_wxl+others CU91-200A    ASDFRb AREF
 4.0803978e-001
 4.1682556e-001
 4.2689407e-001
 4.3537775e-001
 4.4297171e-001
 4.5009387e-001
 4.5776403e-001
 4.6644965e-001
 4.7689554e-001
 4.8637736e-001
 4.9426559e-001
 5.0073791e-001
 5.0705826e-001
 5.1380408e-001
 5.2073336e-001
 5.2764392e-001
 5.3513092e-001
 5.4402596e-001
 5.5481160e-001
 5.6811512e-001
 5.8256745e-001
 5.9655803e-001
 6.0853189e-001
 6.1850411e-001
 6.2572849e-001
 6.3213944e-001
 6.3771832e-001
 6.4163911e-001
 6.4560264e-001
 6.4966613e-001
 6.5368700e-001
 6.5794766e-001
 6.5302879e-001
 6.5710998e-001
 6.6136658e-001
 6.6568536e-001
 6.7006141e-001
 6.7434072e-001
 6.7846024e-001
 6.8232763e-001
 6.8593341e-001
 6.8951607e-001
 6.9293189e-001
 6.9595104e-001
 6.9859743e-001
 7.0085013e-001
 7.0267230e-001
 7.0434433e-001
 7.0575559e-001
 7.0693922e-001
 7.0796639e-001
 7.0894915e-001
 7.0991546e-001
 7.1093500e-001
 7.1207708e-001
 7.1343488e-001
 7.1492285e-001
 7.1661609e-001
 7.1831298e-001
 7.2037977e-001
 7.2271425e-001
 7.2472572e-001
 7.2642165e-001
 7.2850150e-001
 7.3057610e-001
 7.3478127e-001
 7.3781866e-001
 7.4052799e-001
 7.4249649e-001
 7.4476099e-001
 7.4616456e-001
 7.4760854e-001
 7.4944639e-001
 7.5045377e-001
 7.5149351e-001
 7.5218821e-001
 7.5283194e-001
 7.5344813e-001
 7.5373363e-001
 7.5406146e-001
 7.5439185e-001
 7.5449681e-001
 7.5441533e-001
 7.5397593e-001
 7.5394517e-001
 7.5402409e-001
 7.5415814e-001
 7.5393564e-001
 7.5389367e-001
 7.5371754e-001
 7.5306392e-001
 7.5156426e-001
 7.5087374e-001
 7.5132281e-001
 7.5143361e-001
 7.5113660e-001
 7.5131261e-001
 7.5142843e-001
 7.5079912e-001
 7.4904615e-001
 7.4609286e-001
 7.4332452e-001
 7.4159604e-001
 7.3937851e-001
 7.3681086e-001
 7.3418164e-001
 7.2676635e-001
 7.2367400e-001
 7.1633226e-001
 6.9146276e-001
 6.5100640e-001
 6.4931357e-001
 6.3693917e-001
 6.8627912e-001
 7.0975178e-001
 7.1676683e-001
 7.1970558e-001
 7.2154212e-001
 7.2387022e-001
 7.2620404e-001
 7.2790849e-001
 7.2896940e-001
 7.3017102e-001
 7.3099387e-001
 7.3144799e-001
 7.3186916e-001
 7.3205948e-001
 7.3222542e-001
 7.3259366e-001
 7.3291051e-001
 7.3340642e-001
 7.3351705e-001
 7.3337257e-001
 7.3326218e-001
 7.3328894e-001
 7.3307419e-001
 7.3303276e-001
 7.3289973e-001
 7.3258430e-001
 7.3255485e-001
 7.3199850e-001
 7.3142803e-001
 7.3078054e-001
 7.2982550e-001
 7.2823477e-001
 7.2694004e-001
 7.2534162e-001
 7.2358167e-001
 7.2220516e-001
 7.2044450e-001
 7.1868318e-001
 7.1749216e-001
 7.1813452e-001
 7.1868539e-001
 7.2000718e-001
 7.1893984e-001
 7.1831417e-001
 7.1523237e-001
 7.0572817e-001
 6.8434346e-001
 6.9358051e-001
 6.6841173e-001
 6.3563657e-001
 6.1213434e-001
 6.1184233e-001
 6.2011874e-001
 6.2862980e-001
 6.3467556e-001
 6.3939643e-001
 6.4403337e-001
 6.4850599e-001
 6.5207851e-001
 6.5494609e-001
 6.5796542e-001
 6.6097766e-001
 6.6353911e-001
 6.6520160e-001
 6.6635084e-001
 6.6593903e-001
 6.6344982e-001
 6.5976518e-001
 6.5481317e-001
 6.5084380e-001
 6.4283764e-001
 6.3704711e-001
 6.3111991e-001
 6.1481375e-001
 5.7724154e-001
 5.4359680e-001
 5.4149175e-001
 5.4749376e-001
 5.3494388e-001
 5.0636643e-001
 4.7602770e-001
 5.4878062e-001
 5.7923079e-001
 5.8019638e-001
 5.8436298e-001
 5.8550286e-001
 5.8191943e-001
 5.7350260e-001
 5.6520319e-001
 5.5811465e-001
 5.4743171e-001
 5.3886700e-001
 5.3721875e-001
 5.3796524e-001
 5.3078669e-001
 5.2439737e-001
 5.2267683e-001
 5.1000732e-001
 5.0518817e-001
 5.1204395e-001
 5.1266015e-001
 5.0476003e-001
 4.9367970e-001
 4.7671846e-001
 4.6272004e-001
 4.5235795e-001
 4.4666016e-001
 4.3976098e-001
 4.2594829e-001
 4.1373205e-001
-1.2300000e+034
