s07_AV97 Record=1270: Gibbsite HS423.4B            ASDFRb AREF
 2.0439716e-001
 2.1195988e-001
 2.1732207e-001
 2.2475618e-001
 2.3193060e-001
 2.4029514e-001
 2.5043502e-001
 2.6227733e-001
 2.7400914e-001
 2.8287536e-001
 2.9013750e-001
 2.9735538e-001
 3.0565453e-001
 3.1550491e-001
 3.2644498e-001
 3.3836895e-001
 3.5115308e-001
 3.6518076e-001
 3.8069001e-001
 3.9741001e-001
 4.1395202e-001
 4.2866462e-001
 4.4024369e-001
 4.4866472e-001
 4.5568618e-001
 4.6059701e-001
 4.6564114e-001
 4.7015271e-001
 4.7481990e-001
 4.7988015e-001
 4.8548514e-001
 4.9113160e-001
 4.8455891e-001
 4.9007806e-001
 4.9528369e-001
 5.0001764e-001
 5.0435644e-001
 5.0846922e-001
 5.1251608e-001
 5.1630896e-001
 5.1970643e-001
 5.2289116e-001
 5.2589536e-001
 5.2861404e-001
 5.3229707e-001
 5.3505051e-001
 5.3731817e-001
 5.3932816e-001
 5.4098028e-001
 5.4236186e-001
 5.4355502e-001
 5.4477781e-001
 5.4574072e-001
 5.4700416e-001
 5.4847378e-001
 5.4976511e-001
 5.5032915e-001
 5.5070317e-001
 5.5141252e-001
 5.5184555e-001
 5.5297810e-001
 5.5256277e-001
 5.4882538e-001
 5.4093874e-001
 5.3419042e-001
 5.3508586e-001
 5.3663862e-001
 5.2793503e-001
 5.4471099e-001
 5.6001723e-001
 5.6781787e-001
 5.7180762e-001
 5.7559657e-001
 5.7873535e-001
 5.8051616e-001
 5.8298576e-001
 5.8461285e-001
 5.8630478e-001
 5.8766490e-001
 5.8853304e-001
 5.8938324e-001
 5.8963710e-001
 5.8881217e-001
 5.8791465e-001
 5.8749461e-001
 5.8750212e-001
 5.8799928e-001
 5.8797729e-001
 5.8769596e-001
 5.8664465e-001
 5.8228308e-001
 5.7346398e-001
 5.6020814e-001
 5.3952026e-001
 5.1398319e-001
 4.8247939e-001
 5.2904677e-001
 4.9748170e-001
 4.7459158e-001
 4.7326756e-001
 4.6488529e-001
 4.4852373e-001
 4.4190475e-001
 4.4389498e-001
 4.4908637e-001
 4.4979727e-001
 4.4750383e-001
 4.2905009e-001
 3.8866517e-001
 3.2984427e-001
 2.4221197e-001
 1.9350481e-001
 1.6098765e-001
 1.4485705e-001
 1.3138902e-001
 1.1708640e-001
 1.1247307e-001
 1.3098752e-001
 1.7565100e-001
 2.0848815e-001
 2.2014375e-001
 2.1236968e-001
 1.9395746e-001
 1.8533680e-001
 1.8619162e-001
 1.8078555e-001
 1.8040101e-001
 1.9666381e-001
 2.1747626e-001
 2.3492388e-001
 2.5113368e-001
 2.6799798e-001
 2.8368250e-001
 2.9672644e-001
 3.0726084e-001
 3.1510213e-001
 3.2101363e-001
 3.2583112e-001
 3.2928717e-001
 3.3129191e-001
 3.3283868e-001
 3.3369887e-001
 3.3365607e-001
 3.3234569e-001
 3.2948238e-001
 3.2545653e-001
 3.2004613e-001
 3.1197724e-001
 2.9979315e-001
 2.8403333e-001
 2.7178550e-001
 2.6375508e-001
 2.5331837e-001
 2.4188951e-001
 2.3661613e-001
 2.3358868e-001
 2.2919723e-001
 2.2597975e-001
 2.2002755e-001
 2.0895243e-001
 2.1397810e-001
 2.0072901e-001
 1.8668447e-001
 1.7439163e-001
 1.6477033e-001
 1.5869869e-001
 1.5490131e-001
 1.5244989e-001
 1.5041496e-001
 1.4933181e-001
 1.4858562e-001
 1.4782467e-001
 1.4708197e-001
 1.4622049e-001
 1.4530630e-001
 1.4455576e-001
 1.4367226e-001
 1.4313768e-001
 1.4200065e-001
 1.4094317e-001
 1.3977782e-001
 1.3913600e-001
 1.3855037e-001
 1.3622960e-001
 1.3061468e-001
 1.2239524e-001
 1.1636768e-001
 1.0811044e-001
 9.6489422e-002
 8.5883439e-002
 7.8276731e-002
 7.3695041e-002
 6.8052106e-002
 6.3109659e-002
 5.9984121e-002
 5.6137998e-002
 5.0809592e-002
 4.5534592e-002
 4.2205349e-002
 4.0526453e-002
 4.3080464e-002
 4.6220724e-002
 4.7708657e-002
 4.7952913e-002
 4.8429821e-002
 4.9893174e-002
 5.0637048e-002
 4.9320143e-002
 4.8238512e-002
 4.8343498e-002
 4.8313711e-002
 4.8056327e-002
 4.7489133e-002
 4.7555208e-002
 4.8154846e-002
 4.8708495e-002
 4.9711831e-002
 4.9098484e-002
 5.0094262e-002
 4.8641294e-002
 4.6735823e-002
 4.7906023e-002
 4.4809721e-002
-1.2300000e+034
