s07_AV97 Record=4028: Mesolite+Hydroxyapop GDS6    NIC4bc RREF
-1.2300000e+034
-1.2300000e+034
-1.2300000e+034
-1.2300000e+034
-1.2300000e+034
-1.2300000e+034
-1.2300000e+034
-1.2300000e+034
-1.2300000e+034
-1.2300000e+034
-1.2300000e+034
-1.2300000e+034
-1.2300000e+034
-1.2300000e+034
-1.2300000e+034
-1.2300000e+034
-1.2300000e+034
-1.2300000e+034
-1.2300000e+034
-1.2300000e+034
-1.2300000e+034
-1.2300000e+034
-1.2300000e+034
-1.2300000e+034
-1.2300000e+034
-1.2300000e+034
-1.2300000e+034
-1.2300000e+034
-1.2300000e+034
-1.2300000e+034
-1.2300000e+034
-1.2300000e+034
-1.2300000e+034
-1.2300000e+034
-1.2300000e+034
-1.2300000e+034
-1.2300000e+034
-1.2300000e+034
-1.2300000e+034
-1.2300000e+034
-1.2300000e+034
-1.2300000e+034
-1.2300000e+034
-1.2300000e+034
-1.2300000e+034
-1.2300000e+034
-1.2300000e+034
-1.2300000e+034
-1.2300000e+034
-1.2300000e+034
-1.2300000e+034
-1.2300000e+034
-1.2300000e+034
-1.2300000e+034
-1.2300000e+034
-1.2300000e+034
-1.2300000e+034
-1.2300000e+034
-1.2300000e+034
-1.2300000e+034
-1.2300000e+034
-1.2300000e+034
-1.2300000e+034
-1.2300000e+034
-1.2300000e+034
-1.2300000e+034
-1.2300000e+034
-1.2300000e+034
-1.2300000e+034
-1.2300000e+034
-1.2300000e+034
-1.2300000e+034
-1.2300000e+034
-1.2300000e+034
-1.2300000e+034
-1.2300000e+034
-1.2300000e+034
-1.2300000e+034
-1.2300000e+034
-1.2300000e+034
-1.2300000e+034
-1.2300000e+034
-1.2300000e+034
-1.2300000e+034
-1.2300000e+034
-1.2300000e+034
-1.2300000e+034
-1.2300000e+034
-1.2300000e+034
-1.2300000e+034
-1.2300000e+034
-1.2300000e+034
-1.2300000e+034
-1.2300000e+034
-1.2300000e+034
-1.2300000e+034
-1.2300000e+034
-1.2300000e+034
-1.2300000e+034
-1.2300000e+034
-1.2300000e+034
-1.2300000e+034
-1.2300000e+034
-1.2300000e+034
-1.2300000e+034
-1.2300000e+034
-1.2300000e+034
-1.2300000e+034
-1.2300000e+034
-1.2300000e+034
-1.2300000e+034
-1.2300000e+034
-1.2300000e+034
 4.7434604e-001
 4.4942600e-001
 4.3160960e-001
 4.4232547e-001
 4.5491374e-001
 4.6409866e-001
 4.6615189e-001
 4.7423699e-001
 4.8332950e-001
 4.8973933e-001
 4.9438071e-001
 4.9789333e-001
 4.9917513e-001
 4.9976119e-001
 4.9987561e-001
 4.9987984e-001
 4.9987999e-001
 4.9968192e-001
 4.9968448e-001
 4.9968773e-001
 4.9966249e-001
 4.9931818e-001
 4.9862781e-001
 4.9745709e-001
 4.9621803e-001
 4.9508318e-001
 4.9262688e-001
 4.8980808e-001
 4.8613852e-001
 4.8245957e-001
 4.7902071e-001
 4.7634101e-001
 4.7302237e-001
 4.7070396e-001
 4.6946165e-001
 4.6880975e-001
 4.6844018e-001
 4.6777076e-001
 4.6811575e-001
 4.6886379e-001
 4.6893281e-001
 4.6799234e-001
 4.6670014e-001
 4.6276021e-001
 4.5563713e-001
 4.4278112e-001
 4.2264399e-001
 4.2992043e-001
 4.0254509e-001
 3.5618111e-001
 2.9763594e-001
 2.6998505e-001
 2.5887015e-001
 2.3685122e-001
 2.5072491e-001
 2.8373420e-001
 3.0642450e-001
 3.1045294e-001
 3.1952813e-001
 3.2948288e-001
 3.3838734e-001
 3.4692580e-001
 3.5465720e-001
 3.5922343e-001
 3.5994858e-001
 3.6168993e-001
 3.6765957e-001
 3.7657616e-001
 3.8427576e-001
 3.8878775e-001
 3.9068633e-001
 3.9012817e-001
 3.8803938e-001
 3.8545123e-001
 3.8247624e-001
 3.7939903e-001
 3.7564221e-001
 3.7469086e-001
 3.7740389e-001
 3.8185528e-001
 3.8628730e-001
 3.9012742e-001
 3.9340252e-001
 3.9568546e-001
 3.9698189e-001
 3.9773235e-001
 3.9737591e-001
 3.9595675e-001
 3.9324260e-001
 3.8895285e-001
 3.8390398e-001
 3.7954473e-001
 3.7566420e-001
 3.7059981e-001
 3.6160231e-001
 3.4628457e-001
 3.2371894e-001
 2.9887661e-001
 2.7771807e-001
 2.5999185e-001
 2.4472556e-001
 2.3532480e-001
 2.3416995e-001
 2.3461680e-001
 2.3046066e-001
 2.2633225e-001
 2.2485863e-001
 2.2634225e-001
 2.3094560e-001
 2.3564875e-001
 2.3606817e-001
