s07_AV97 Record=3052: Sphalerite HS136.3B           BECKb AREF
 1.2000038e-001
 1.3130185e-001
 1.3798624e-001
 1.4797638e-001
 1.5741570e-001
 1.6760707e-001
 1.8015476e-001
 1.9108170e-001
 2.0721561e-001
 2.2528118e-001
 2.4265757e-001
 2.5849435e-001
 2.7216932e-001
 2.8665248e-001
 2.9795119e-001
 3.0942017e-001
 3.2395345e-001
 3.3728382e-001
 3.5002795e-001
 3.6014628e-001
 3.6586103e-001
 3.7235403e-001
 3.8021895e-001
 3.8316923e-001
 3.8367665e-001
 3.8182607e-001
 3.8050997e-001
 3.7992260e-001
 3.7942329e-001
 3.7992176e-001
 3.8193288e-001
 3.8330889e-001
 3.8181779e-001
 3.8289440e-001
 3.8674697e-001
 3.9237967e-001
 3.9808652e-001
 4.0337837e-001
 4.1148499e-001
 4.1762426e-001
 4.2143175e-001
 4.2700696e-001
 4.3262824e-001
 4.3448278e-001
 4.3933752e-001
 4.4244713e-001
 4.4477046e-001
 4.4711265e-001
 4.4875881e-001
 4.5264471e-001
 4.5898154e-001
 4.6115372e-001
 4.5781881e-001
 4.5964265e-001
 4.6013957e-001
 4.5830390e-001
 4.6045035e-001
 4.6404526e-001
 4.6060389e-001
 4.5979726e-001
 4.6500540e-001
 4.5977426e-001
 4.6091393e-001
 4.6185634e-001
 4.6133855e-001
 4.5902243e-001
 4.5928079e-001
 4.5975244e-001
 4.6046069e-001
 4.5998245e-001
 4.5825791e-001
 4.5709771e-001
 4.5935997e-001
 4.5962629e-001
 4.5941991e-001
 4.5664412e-001
 4.5866004e-001
 4.5957854e-001
 4.5838016e-001
 4.5789701e-001
 4.5803699e-001
 4.5988747e-001
 4.5980617e-001
 4.5725736e-001
 4.5834652e-001
 4.5890808e-001
 4.5736864e-001
 4.5946553e-001
 4.6021765e-001
 4.5808193e-001
 4.5848081e-001
 4.5852950e-001
 4.5864418e-001
 4.5799696e-001
 4.5853138e-001
 4.6133706e-001
 4.5857170e-001
 4.5939764e-001
 4.5942459e-001
 4.5867670e-001
 4.5933348e-001
 4.5893946e-001
 4.5822772e-001
 4.5994261e-001
 4.5750731e-001
 4.5900509e-001
 4.5753521e-001
 4.5774594e-001
 4.5955178e-001
 4.6106157e-001
 4.6095416e-001
 4.6185282e-001
 4.6054080e-001
 4.6292028e-001
 4.6199819e-001
 4.6239927e-001
 4.6329248e-001
 4.6290484e-001
 4.6493638e-001
 4.6437070e-001
 4.6525118e-001
 4.6413937e-001
 4.6663901e-001
 4.6462262e-001
 4.6858802e-001
 4.6792081e-001
 4.6622142e-001
 4.6591383e-001
 4.6693280e-001
 4.6660477e-001
 4.6855655e-001
 4.6782467e-001
 4.6952921e-001
 4.7254845e-001
 4.7386914e-001
 4.7399446e-001
 4.7386861e-001
 4.7641683e-001
 4.7875682e-001
 4.7795436e-001
 4.7998640e-001
 4.8319834e-001
 4.8399609e-001
 4.8374143e-001
 4.8699045e-001
 4.8566779e-001
 4.8988485e-001
 4.9105501e-001
 4.8908463e-001
 4.8844406e-001
 4.9150285e-001
 4.9282748e-001
 4.8941880e-001
 4.8616242e-001
 4.8661354e-001
 4.8428604e-001
 4.8069856e-001
 4.8042586e-001
 4.7783059e-001
 4.7422701e-001
 4.7533101e-001
 4.7005042e-001
 4.6479610e-001
 4.6196252e-001
 4.5370683e-001
 4.4747594e-001
 4.4373378e-001
 4.3726864e-001
 4.3087256e-001
 4.2624268e-001
 4.1665888e-001
 4.0708977e-001
 4.0133345e-001
 3.8896590e-001
 3.8012049e-001
 3.7294069e-001
 3.6219975e-001
 3.5253116e-001
 3.3822322e-001
 3.2772490e-001
 3.2001668e-001
 3.0965427e-001
 3.0090114e-001
 2.9178399e-001
 2.8125349e-001
 2.7556261e-001
 2.6283941e-001
 2.5329646e-001
 2.4766143e-001
 2.3751101e-001
 2.2825396e-001
 2.2122641e-001
 2.1574374e-001
 2.0919517e-001
 2.0196211e-001
 1.9530822e-001
 1.8955545e-001
 1.8403907e-001
 1.7520441e-001
 1.7089932e-001
 1.6804366e-001
 1.6049439e-001
 1.5654042e-001
 1.5267546e-001
 1.5164201e-001
 1.4921613e-001
 1.4541253e-001
 1.4171728e-001
 1.4130557e-001
 1.3805789e-001
 1.3417082e-001
 1.3591115e-001
 1.2990274e-001
 1.2564281e-001
 1.2507077e-001
 1.2491082e-001
 1.2372272e-001
 1.2078378e-001
 1.1742444e-001
 1.1454147e-001
 1.1363836e-001
 1.1379252e-001
 1.1367083e-001
 1.1235455e-001
