s07_AV97 Record=38: Actinolite HS116.3B           BECKb AREF
 1.0517190e-001
 1.1253349e-001
 1.2060317e-001
 1.2814035e-001
 1.3725592e-001
 1.4860801e-001
 1.5990195e-001
 1.6778325e-001
 1.7574714e-001
 1.8555295e-001
 1.9494233e-001
 2.0500265e-001
 2.1273130e-001
 2.1895774e-001
 2.2381048e-001
 2.2694790e-001
 2.2687012e-001
 2.2564209e-001
 2.2268353e-001
 2.2015557e-001
 2.1746679e-001
 2.1366768e-001
 2.0977049e-001
 2.0511515e-001
 2.0065327e-001
 1.9609140e-001
 1.9197559e-001
 1.8781757e-001
 1.8429835e-001
 1.8179414e-001
 1.7966588e-001
 1.7837512e-001
 1.7995031e-001
 1.7853457e-001
 1.7810434e-001
 1.7753959e-001
 1.7648204e-001
 1.7743494e-001
 1.7864701e-001
 1.8003935e-001
 1.8202031e-001
 1.8417883e-001
 1.8698047e-001
 1.9031170e-001
 1.9316740e-001
 1.9662112e-001
 1.9874981e-001
 1.9980453e-001
 1.9947712e-001
 1.9817673e-001
 1.9515777e-001
 1.9386658e-001
 1.8940350e-001
 1.8619621e-001
 1.8360467e-001
 1.7985731e-001
 1.7828564e-001
 1.7728285e-001
 1.7409432e-001
 1.7350061e-001
 1.7303808e-001
 1.7110315e-001
 1.6762027e-001
 1.6687924e-001
 1.6584826e-001
 1.6173711e-001
 1.5806893e-001
 1.5562101e-001
 1.5235248e-001
 1.5013956e-001
 1.4961812e-001
 1.4839654e-001
 1.5070283e-001
 1.5449247e-001
 1.5914914e-001
 1.6744582e-001
 1.7598321e-001
 1.8547559e-001
 1.9365375e-001
 2.0218375e-001
 2.0978294e-001
 2.1815473e-001
 2.2531067e-001
 2.3327999e-001
 2.4014756e-001
 2.4706869e-001
 2.5553870e-001
 2.6396430e-001
 2.7218112e-001
 2.8027916e-001
 2.8912604e-001
 2.9815650e-001
 3.0774647e-001
 3.1652164e-001
 3.2691675e-001
 3.3539009e-001
 3.2142064e-001
 3.3143386e-001
 3.3992547e-001
 3.4990951e-001
 3.5898378e-001
 3.6769933e-001
 3.7768948e-001
 3.8607621e-001
 3.9506492e-001
 4.0293196e-001
 4.1076526e-001
 4.1712117e-001
 4.1905126e-001
 4.1136593e-001
 3.2271749e-001
 3.6744508e-001
 4.3079856e-001
 4.4620758e-001
 4.5083594e-001
 4.5511851e-001
 4.6089071e-001
 4.6831873e-001
 4.7562072e-001
 4.8260504e-001
 4.8764497e-001
 4.9319515e-001
 4.9691004e-001
 5.0100148e-001
 5.0617003e-001
 5.1063406e-001
 5.1603329e-001
 5.2056402e-001
 5.2528602e-001
 5.2930129e-001
 5.3450274e-001
 5.3974944e-001
 5.4382181e-001
 5.4868048e-001
 5.5191302e-001
 5.5749083e-001
 5.6077063e-001
 5.6448239e-001
 5.6696314e-001
 5.6930172e-001
 5.7539576e-001
 5.7866335e-001
 5.8158660e-001
 5.8218890e-001
 5.8596689e-001
 5.8911026e-001
 5.9081906e-001
 5.9200150e-001
 5.9215105e-001
 5.9562159e-001
 5.9543902e-001
 5.9443855e-001
 5.9366471e-001
 5.9184992e-001
 5.9079224e-001
 5.8862889e-001
 5.8602458e-001
 5.8065087e-001
 5.7733220e-001
 5.6746566e-001
 5.7171416e-001
 5.5987537e-001
 5.5076486e-001
 5.4141474e-001
 5.4143196e-001
 5.4358357e-001
 5.4386127e-001
 5.4456717e-001
 5.4093724e-001
 5.4116029e-001
 5.3914440e-001
 5.3342783e-001
 5.3018814e-001
 5.3010279e-001
 5.3133494e-001
 5.3791189e-001
 5.4094785e-001
 5.3603202e-001
 5.3397751e-001
 5.3322440e-001
 5.2823579e-001
 5.2155787e-001
 5.1660711e-001
 5.0180721e-001
 4.8426315e-001
 4.9090135e-001
 4.9509484e-001
 4.9562255e-001
 4.9574691e-001
 4.9532524e-001
 4.9020624e-001
 4.8499161e-001
 4.8139167e-001
 4.7359592e-001
 4.6573740e-001
 4.5505935e-001
 4.3734351e-001
 4.1712260e-001
 4.0602198e-001
 3.7691936e-001
 3.3711377e-001
 2.9270974e-001
 2.4151582e-001
 2.1513499e-001
 2.1246980e-001
 2.5522110e-001
 3.2250583e-001
 3.4461054e-001
 3.4258193e-001
 3.2044095e-001
 2.7987602e-001
 2.5114861e-001
 2.7495548e-001
 3.0659759e-001
 3.2567132e-001
 3.3142295e-001
 3.2837281e-001
 3.2212153e-001
 3.1635666e-001
 3.1154531e-001
 3.0970731e-001
 3.1049210e-001
 3.1320947e-001
 3.1709027e-001
