s07_AV97 Record=3596: Alunite0.5+Kaol_KGa-1 AMX3  NIC4bbb AREF
-1.2300000e+034
-1.2300000e+034
-1.2300000e+034
-1.2300000e+034
-1.2300000e+034
-1.2300000e+034
-1.2300000e+034
-1.2300000e+034
-1.2300000e+034
-1.2300000e+034
-1.2300000e+034
-1.2300000e+034
-1.2300000e+034
-1.2300000e+034
-1.2300000e+034
-1.2300000e+034
-1.2300000e+034
-1.2300000e+034
-1.2300000e+034
-1.2300000e+034
-1.2300000e+034
-1.2300000e+034
-1.2300000e+034
-1.2300000e+034
-1.2300000e+034
-1.2300000e+034
-1.2300000e+034
-1.2300000e+034
-1.2300000e+034
-1.2300000e+034
-1.2300000e+034
-1.2300000e+034
-1.2300000e+034
-1.2300000e+034
-1.2300000e+034
-1.2300000e+034
-1.2300000e+034
-1.2300000e+034
-1.2300000e+034
-1.2300000e+034
-1.2300000e+034
-1.2300000e+034
-1.2300000e+034
-1.2300000e+034
-1.2300000e+034
-1.2300000e+034
-1.2300000e+034
-1.2300000e+034
-1.2300000e+034
-1.2300000e+034
-1.2300000e+034
-1.2300000e+034
-1.2300000e+034
-1.2300000e+034
-1.2300000e+034
-1.2300000e+034
-1.2300000e+034
-1.2300000e+034
-1.2300000e+034
-1.2300000e+034
-1.2300000e+034
-1.2300000e+034
-1.2300000e+034
-1.2300000e+034
-1.2300000e+034
-1.2300000e+034
-1.2300000e+034
-1.2300000e+034
-1.2300000e+034
-1.2300000e+034
-1.2300000e+034
-1.2300000e+034
-1.2300000e+034
-1.2300000e+034
-1.2300000e+034
-1.2300000e+034
-1.2300000e+034
-1.2300000e+034
-1.2300000e+034
-1.2300000e+034
-1.2300000e+034
-1.2300000e+034
-1.2300000e+034
-1.2300000e+034
-1.2300000e+034
-1.2300000e+034
-1.2300000e+034
-1.2300000e+034
-1.2300000e+034
-1.2300000e+034
-1.2300000e+034
-1.2300000e+034
-1.2300000e+034
-1.2300000e+034
-1.2300000e+034
-1.2300000e+034
-1.2300000e+034
-1.2300000e+034
-1.2300000e+034
-1.2300000e+034
-1.2300000e+034
-1.2300000e+034
-1.2300000e+034
-1.2300000e+034
-1.2300000e+034
-1.2300000e+034
-1.2300000e+034
-1.2300000e+034
-1.2300000e+034
 5.1236749e-001
 4.7722927e-001
 4.6459734e-001
 4.4222835e-001
 4.5269841e-001
 4.6817562e-001
 4.7844508e-001
 4.6979395e-001
 4.6180332e-001
 4.4157135e-001
 4.5138568e-001
 4.7387189e-001
 4.8164099e-001
 4.8934010e-001
 4.9307021e-001
 4.9526128e-001
 4.9830085e-001
 5.0105512e-001
 5.0365663e-001
 5.0572765e-001
 5.0746840e-001
 5.0924420e-001
 5.1155442e-001
 5.1395696e-001
 5.1637143e-001
 5.1837331e-001
 5.1977330e-001
 5.2069914e-001
 5.2141243e-001
 5.2212733e-001
 5.2267325e-001
 5.2317321e-001
 5.2332258e-001
 5.2259213e-001
 5.2001584e-001
 5.1506764e-001
 5.0928950e-001
 5.0375634e-001
 5.0025523e-001
 5.0143778e-001
 5.0733352e-001
 5.1562411e-001
 5.2049828e-001
 5.2113712e-001
 5.2111053e-001
 5.2244031e-001
 5.2160078e-001
 5.2384061e-001
 5.2451271e-001
 5.2157634e-001
 5.1701498e-001
 5.1864320e-001
 5.1295823e-001
 5.0583023e-001
 4.9858549e-001
 4.9371836e-001
 4.9121889e-001
 4.8974103e-001
 4.8877299e-001
 4.8756996e-001
 4.8707739e-001
 4.8719373e-001
 4.8504275e-001
 4.8070309e-001
 4.7724989e-001
 4.7596532e-001
 4.7429389e-001
 4.7146821e-001
 4.6785480e-001
 4.6369803e-001
 4.5901805e-001
 4.5427090e-001
 4.4794041e-001
 4.4110355e-001
 4.2788234e-001
 4.1172859e-001
 3.9672428e-001
 3.7779301e-001
 3.4619701e-001
 3.1652275e-001
 3.1244040e-001
 3.1755161e-001
 3.1838885e-001
 3.1293222e-001
 2.8751996e-001
 3.5573423e-001
 4.0425706e-001
 4.1401318e-001
 4.1456017e-001
 4.1206032e-001
 4.0700617e-001
 3.9862314e-001
 3.8953120e-001
 3.7888205e-001
 3.5891229e-001
 3.4032097e-001
 3.4104076e-001
 3.5184002e-001
 3.5265064e-001
 3.4713295e-001
 3.4161037e-001
 3.2253203e-001
 3.0554265e-001
 3.0448282e-001
 3.0492964e-001
 2.9711342e-001
 2.8531036e-001
 2.7468711e-001
 2.6985151e-001
 2.6333165e-001
 2.5678518e-001
 2.5576541e-001
 2.4903390e-001
 2.3955867e-001
 2.2989394e-001
