s07_AV97 Record=606: Bronzite HS9.3B              ASDFRc AREF
 1.6397649e-001
 1.7315771e-001
 1.8173549e-001
 1.8867341e-001
 1.9408888e-001
 1.9862111e-001
 2.0466185e-001
 2.1564385e-001
 2.2336717e-001
 2.3098072e-001
 2.3716737e-001
 2.4434483e-001
 2.5535372e-001
 2.6930365e-001
 2.8430066e-001
 3.1265181e-001
 3.3408174e-001
 3.4770894e-001
 3.5271397e-001
 3.6167210e-001
 3.6832747e-001
 3.7169704e-001
 3.7502751e-001
 3.7896055e-001
 3.8364768e-001
 3.8894022e-001
 3.9409474e-001
 3.9843550e-001
 4.0153992e-001
 4.0506443e-001
 4.0931672e-001
 4.1580117e-001
 4.0848699e-001
 4.1420719e-001
 4.2222470e-001
 4.2526838e-001
 4.2881966e-001
 4.3280378e-001
 4.3270835e-001
 4.2666674e-001
 4.1326988e-001
 3.9258415e-001
 3.6589104e-001
 3.3541444e-001
 3.0364096e-001
 2.7265316e-001
 2.4388446e-001
 2.1826304e-001
 1.9582777e-001
 1.7714362e-001
 1.6182029e-001
 1.4935642e-001
 1.3941923e-001
 1.3150753e-001
 1.2536193e-001
 1.2076648e-001
 1.1749361e-001
 1.1539789e-001
 1.1464100e-001
 1.1502060e-001
 1.1670808e-001
 1.1961811e-001
 1.2399597e-001
 1.3016860e-001
 1.3830271e-001
 1.4872128e-001
 1.6146202e-001
 1.7652023e-001
 1.9277695e-001
 2.1325195e-001
 2.3648146e-001
 2.5799251e-001
 2.8237399e-001
 3.0424735e-001
 3.2749638e-001
 3.4917322e-001
 3.6747184e-001
 3.8584876e-001
 4.0253541e-001
 4.1564882e-001
 4.2870656e-001
 4.3885937e-001
 4.4807374e-001
 4.5597628e-001
 4.6203858e-001
 4.6773395e-001
 4.7177836e-001
 4.7571948e-001
 4.7915518e-001
 4.8197275e-001
 4.8437846e-001
 4.8642284e-001
 4.8783371e-001
 4.8871195e-001
 4.8963240e-001
 4.8958260e-001
 4.8911634e-001
 4.8969537e-001
 4.8939699e-001
 4.8874664e-001
 4.8753694e-001
 4.8624307e-001
 4.8436651e-001
 4.8183089e-001
 4.7870818e-001
 4.7476512e-001
 4.6988407e-001
 4.6435058e-001
 4.5706540e-001
 4.4644046e-001
 4.3239918e-001
 4.3131444e-001
 4.2484716e-001
 4.1649166e-001
 4.0744823e-001
 3.9778087e-001
 3.8864836e-001
 3.7839466e-001
 3.6827031e-001
 3.5762301e-001
 3.4695733e-001
 3.3647415e-001
 3.2612780e-001
 3.1599769e-001
 3.0590475e-001
 2.9613400e-001
 2.8660050e-001
 2.7780998e-001
 2.6890793e-001
 2.6028854e-001
 2.5220087e-001
 2.4466006e-001
 2.3732805e-001
 2.3038118e-001
 2.2402786e-001
 2.1797104e-001
 2.1216774e-001
 2.0648591e-001
 2.0119072e-001
 1.9680133e-001
 1.9215904e-001
 1.8789521e-001
 1.8387172e-001
 1.8022792e-001
 1.7713547e-001
 1.7406069e-001
 1.7128135e-001
 1.6869955e-001
 1.6651094e-001
 1.6482948e-001
 1.6310357e-001
 1.6194703e-001
 1.6088851e-001
 1.5981340e-001
 1.5930662e-001
 1.5927728e-001
 1.5936327e-001
 1.5967457e-001
 1.5995468e-001
 1.6047452e-001
 1.6024262e-001
 1.6109619e-001
 1.6224405e-001
 1.6327719e-001
 1.6490902e-001
 1.6652037e-001
 1.6910179e-001
 1.7168403e-001
 1.7448448e-001
 1.7751569e-001
 1.8062788e-001
 1.8447976e-001
 1.8857265e-001
 1.9294612e-001
 1.9751632e-001
 2.0238169e-001
 2.0828936e-001
 2.1402945e-001
 2.1977688e-001
 2.2576500e-001
 2.3203585e-001
 2.3819162e-001
 2.4441923e-001
 2.5055856e-001
 2.5685433e-001
 2.6317549e-001
 2.6944470e-001
 2.7568290e-001
 2.8149539e-001
 2.8758273e-001
 2.9317522e-001
 2.9914895e-001
 3.0498052e-001
 3.1050611e-001
 3.1551018e-001
 3.2003140e-001
 3.2473633e-001
 3.2880041e-001
 3.3281341e-001
 3.3565843e-001
 3.3782542e-001
 3.3769462e-001
 3.3942240e-001
 3.3898953e-001
 3.4439060e-001
 3.5395449e-001
 3.6010554e-001
 3.6396700e-001
 3.6802891e-001
 3.6901420e-001
 3.6831632e-001
 3.6968991e-001
 3.7473270e-001
 3.7920034e-001
 3.8226044e-001
 3.8362241e-001
 3.8515833e-001
 3.8669837e-001
 3.8780928e-001
 3.8798410e-001
 3.8963357e-001
 3.9146683e-001
 3.9235601e-001
-1.2300000e+034
