s07_AV97 Record=473: Antigorite NMNH96917.b 165   NIC4bb RREF
-1.2300000e+034
-1.2300000e+034
-1.2300000e+034
-1.2300000e+034
-1.2300000e+034
-1.2300000e+034
-1.2300000e+034
-1.2300000e+034
-1.2300000e+034
-1.2300000e+034
-1.2300000e+034
-1.2300000e+034
-1.2300000e+034
-1.2300000e+034
-1.2300000e+034
-1.2300000e+034
-1.2300000e+034
-1.2300000e+034
-1.2300000e+034
-1.2300000e+034
-1.2300000e+034
-1.2300000e+034
-1.2300000e+034
-1.2300000e+034
-1.2300000e+034
-1.2300000e+034
-1.2300000e+034
-1.2300000e+034
-1.2300000e+034
-1.2300000e+034
-1.2300000e+034
-1.2300000e+034
-1.2300000e+034
-1.2300000e+034
-1.2300000e+034
-1.2300000e+034
-1.2300000e+034
-1.2300000e+034
-1.2300000e+034
-1.2300000e+034
-1.2300000e+034
-1.2300000e+034
-1.2300000e+034
-1.2300000e+034
-1.2300000e+034
-1.2300000e+034
-1.2300000e+034
-1.2300000e+034
-1.2300000e+034
-1.2300000e+034
-1.2300000e+034
-1.2300000e+034
-1.2300000e+034
-1.2300000e+034
-1.2300000e+034
-1.2300000e+034
-1.2300000e+034
-1.2300000e+034
-1.2300000e+034
-1.2300000e+034
-1.2300000e+034
-1.2300000e+034
-1.2300000e+034
-1.2300000e+034
-1.2300000e+034
-1.2300000e+034
-1.2300000e+034
-1.2300000e+034
-1.2300000e+034
-1.2300000e+034
-1.2300000e+034
-1.2300000e+034
-1.2300000e+034
-1.2300000e+034
-1.2300000e+034
-1.2300000e+034
-1.2300000e+034
-1.2300000e+034
-1.2300000e+034
-1.2300000e+034
-1.2300000e+034
-1.2300000e+034
-1.2300000e+034
-1.2300000e+034
-1.2300000e+034
-1.2300000e+034
-1.2300000e+034
-1.2300000e+034
-1.2300000e+034
-1.2300000e+034
-1.2300000e+034
-1.2300000e+034
-1.2300000e+034
-1.2300000e+034
-1.2300000e+034
-1.2300000e+034
-1.2300000e+034
-1.2300000e+034
-1.2300000e+034
-1.2300000e+034
-1.2300000e+034
-1.2300000e+034
-1.2300000e+034
-1.2300000e+034
-1.2300000e+034
 3.6160901e-001
 3.6500391e-001
 3.6159065e-001
 3.5630664e-001
 3.1469536e-001
 2.9136720e-001
 2.9738969e-001
 3.2864517e-001
 3.4950283e-001
 3.5807818e-001
 3.6432010e-001
 3.6990842e-001
 3.7532240e-001
 3.8017914e-001
 3.8476673e-001
 3.8969117e-001
 3.9475468e-001
 3.9955541e-001
 4.0440965e-001
 4.0960497e-001
 4.1504577e-001
 4.2068645e-001
 4.2615074e-001
 4.3155220e-001
 4.3672794e-001
 4.4173950e-001
 4.4683737e-001
 4.5197392e-001
 4.5701799e-001
 4.6183312e-001
 4.6623296e-001
 4.7042379e-001
 4.7448289e-001
 4.7852233e-001
 4.8253998e-001
 4.8626402e-001
 4.8968562e-001
 4.9286363e-001
 4.9547082e-001
 4.9791741e-001
 5.0047708e-001
 5.0296372e-001
 5.0543237e-001
 5.0808132e-001
 5.1019591e-001
 5.1203853e-001
 5.1318336e-001
 5.1421583e-001
 5.1583987e-001
 5.1715243e-001
 5.1778793e-001
 5.1898098e-001
 5.2039033e-001
 5.2099955e-001
 5.1945090e-001
 5.2025652e-001
 5.1645613e-001
 5.0933796e-001
 5.0105458e-001
 4.9470320e-001
 4.8961726e-001
 4.8319277e-001
 4.7551179e-001
 4.6790150e-001
 4.6166497e-001
 4.5954403e-001
 4.6224633e-001
 4.6738228e-001
 4.7321907e-001
 4.8102179e-001
 4.9055278e-001
 4.9999210e-001
 5.0777245e-001
 5.1324308e-001
 5.1494390e-001
 5.0853479e-001
 4.9446553e-001
 4.8530298e-001
 4.8278460e-001
 4.8419252e-001
 4.8487189e-001
 4.8391825e-001
 4.8913771e-001
 4.9694449e-001
 5.0373030e-001
 5.0723523e-001
 5.0632352e-001
 5.0241154e-001
 4.9803415e-001
 4.8541966e-001
 4.5038939e-001
 4.0468037e-001
 3.7878245e-001
 3.6556184e-001
 3.4539136e-001
 3.1725177e-001
 2.9107270e-001
 2.6447001e-001
 2.3524456e-001
 2.0829552e-001
 2.0346232e-001
 2.3410478e-001
 2.7735558e-001
 3.0875647e-001
 3.1904814e-001
 3.0600792e-001
 2.9586414e-001
 2.9777297e-001
 2.8964144e-001
 2.7473637e-001
 2.6672223e-001
 2.6713800e-001
 2.6073739e-001
 2.5474149e-001
 2.6053116e-001
 2.6412365e-001
 2.5474674e-001
 2.4118383e-001
 2.3412512e-001
