s07_AV97 Record=4013: Magnesite+Hydromag HS47.3B    BECKa AREF
 7.3172909e-001
 7.4955672e-001
 7.6467204e-001
 7.7806091e-001
 7.9022670e-001
 8.0227262e-001
 8.1403977e-001
 8.2775939e-001
 8.4069121e-001
 8.5250127e-001
 8.6230719e-001
 8.6976957e-001
 8.7740040e-001
 8.8651049e-001
 8.9505559e-001
 9.0257907e-001
 9.0783507e-001
 9.1575903e-001
 9.2208523e-001
 9.2587847e-001
 9.3118429e-001
 9.3647432e-001
 9.4237977e-001
 9.4419485e-001
 9.4220537e-001
 9.4153607e-001
 9.4304061e-001
 9.4424361e-001
 9.4611710e-001
 9.4755721e-001
 9.4779921e-001
 9.4844478e-001
 9.4762254e-001
 9.4819987e-001
 9.4999820e-001
 9.5193326e-001
 9.5321167e-001
 9.5138478e-001
 9.5194834e-001
 9.5270252e-001
 9.5275795e-001
 9.5285201e-001
 9.5360750e-001
 9.5643020e-001
 9.5710033e-001
 9.5766020e-001
 9.6012038e-001
 9.6275645e-001
 9.6317023e-001
 9.6772367e-001
 9.7291106e-001
 9.7784883e-001
 9.8287958e-001
 9.8371023e-001
 9.8308855e-001
 9.8504454e-001
 9.8631281e-001
 9.8546219e-001
 9.8289466e-001
 9.8532712e-001
 9.8385400e-001
 9.8142827e-001
 9.8094910e-001
 9.8228151e-001
 9.8114985e-001
 9.8050642e-001
 9.7982240e-001
 9.8133248e-001
 9.8173648e-001
 9.8223513e-001
 9.8224270e-001
 9.8200065e-001
 9.8129624e-001
 9.8078865e-001
 9.7885859e-001
 9.8105526e-001
 9.7968262e-001
 9.8014081e-001
 9.7956526e-001
 9.7912657e-001
 9.7871298e-001
 9.7627002e-001
 9.7349840e-001
 9.7040951e-001
 9.6897441e-001
 9.7006536e-001
 9.6995145e-001
 9.7107548e-001
 9.6974546e-001
 9.6917909e-001
 9.6997249e-001
 9.7002918e-001
 9.6835399e-001
 9.6981382e-001
 9.6987426e-001
 9.6762240e-001
 9.6995872e-001
 9.6902651e-001
 9.6821707e-001
 9.6774167e-001
 9.6792132e-001
 9.6670097e-001
 9.6443015e-001
 9.6201843e-001
 9.5969385e-001
 9.5635819e-001
 9.5354164e-001
 9.4988251e-001
 9.3880159e-001
 9.0467554e-001
 8.9098412e-001
 8.8580817e-001
 8.7315238e-001
 8.7160033e-001
 8.7328184e-001
 8.7604558e-001
 8.7449557e-001
 8.7374657e-001
 8.7572640e-001
 8.7669522e-001
 8.7725836e-001
 8.7649262e-001
 8.7562799e-001
 8.7562633e-001
 8.7700355e-001
 8.7865710e-001
 8.8009590e-001
 8.8207257e-001
 8.8309681e-001
 8.8526255e-001
 8.8731390e-001
 8.8675129e-001
 8.8564444e-001
 8.8652718e-001
 8.8547164e-001
 8.8569951e-001
 8.8489318e-001
 8.8420212e-001
 8.8325882e-001
 8.8249761e-001
 8.8395941e-001
 8.8253903e-001
 8.8292420e-001
 8.7596458e-001
 8.7667567e-001
 8.7991750e-001
 8.8025129e-001
 8.7803692e-001
 8.7237114e-001
 8.7596852e-001
 8.7519866e-001
 8.6976910e-001
 8.6785847e-001
 8.6113155e-001
 8.6027551e-001
 8.5575438e-001
 8.5256094e-001
 8.4840149e-001
 8.3256233e-001
 8.0050868e-001
 8.1262475e-001
 7.6801932e-001
 7.1457559e-001
 6.8281597e-001
 6.8317074e-001
 6.9475573e-001
 7.0485479e-001
 7.0615172e-001
 7.0595717e-001
 7.0107406e-001
 6.9982159e-001
 7.0303160e-001
 7.0469457e-001
 7.0737785e-001
 7.1156448e-001
 7.1019566e-001
 7.1658927e-001
 7.1970165e-001
 7.1809250e-001
 7.2479177e-001
 7.3106158e-001
 7.3365891e-001
 7.3902792e-001
 7.4836320e-001
 7.5347257e-001
 7.6156491e-001
 7.6922280e-001
 7.6922154e-001
 7.7757001e-001
 7.8221178e-001
 7.7884388e-001
 7.7435309e-001
 7.7119833e-001
 7.6172608e-001
 7.5861126e-001
 7.4733156e-001
 7.3487008e-001
 7.1670187e-001
 7.0390689e-001
 6.9043314e-001
 6.7542183e-001
 6.6550905e-001
 6.5822470e-001
 6.4150113e-001
 6.6103351e-001
 6.9870967e-001
 7.1154428e-001
 7.1361101e-001
 7.0300317e-001
 6.8907416e-001
 6.7383718e-001
 6.5804738e-001
 6.4684355e-001
 6.3604754e-001
 6.2279111e-001
 6.0619837e-001
 5.8810574e-001
 5.7089710e-001
 5.5693638e-001
 5.4330724e-001
 5.3211534e-001
 5.2466434e-001
 5.2242404e-001
 5.2620769e-001
