s07_AV97 Record=4065: Muscov+Jaros CU93-314 coatng ASDNGb AREF
 1.7740947e-001
 1.8329608e-001
 1.9321081e-001
 2.0785180e-001
 2.2469014e-001
 2.3356922e-001
 2.3084886e-001
 2.3294015e-001
 2.5041589e-001
 2.6921976e-001
 2.8287998e-001
 2.9450905e-001
 3.0643475e-001
 3.1986088e-001
 3.3478495e-001
 3.5101226e-001
 3.6868989e-001
 3.8780126e-001
 4.0803033e-001
 4.2619798e-001
 4.4094753e-001
 4.5086190e-001
 4.6038979e-001
 4.6822923e-001
 4.7592372e-001
 4.8404983e-001
 4.9240384e-001
 5.0060689e-001
 5.0882530e-001
 5.1756346e-001
 5.2707958e-001
 5.3678858e-001
 5.2552289e-001
 5.3495079e-001
 5.4404074e-001
 5.5200517e-001
 5.5802894e-001
 5.6170839e-001
 5.6277925e-001
 5.6127095e-001
 5.5730730e-001
 5.5140042e-001
 5.4381484e-001
 5.3507167e-001
 5.2555954e-001
 5.1535118e-001
 5.0509185e-001
 4.9495578e-001
 4.8516729e-001
 4.7581065e-001
 4.6726751e-001
 4.5942813e-001
 4.5233443e-001
 4.4616675e-001
 4.4082043e-001
 4.3652117e-001
 4.3309107e-001
 4.3047747e-001
 4.2893377e-001
 4.2826107e-001
 4.2840737e-001
 4.2927596e-001
 4.3070871e-001
 4.3263081e-001
 4.3578750e-001
 4.4000441e-001
 4.4441634e-001
 4.4941705e-001
 4.5470336e-001
 4.6036470e-001
 4.6616036e-001
 4.7236228e-001
 4.7865444e-001
 4.8485762e-001
 4.9043658e-001
 4.9553108e-001
 5.0010055e-001
 5.0457889e-001
 5.0870931e-001
 5.1237011e-001
 5.1602465e-001
 5.1988608e-001
 5.2362055e-001
 5.2730036e-001
 5.3132963e-001
 5.3555280e-001
 5.4005110e-001
 5.4432386e-001
 5.4882526e-001
 5.5366802e-001
 5.5875516e-001
 5.6367552e-001
 5.6866050e-001
 5.7402980e-001
 5.7932919e-001
 5.8462930e-001
 5.7652539e-001
 5.8195883e-001
 5.8755744e-001
 5.9283423e-001
 5.9702688e-001
 6.0161531e-001
 6.0607451e-001
 6.1075836e-001
 6.1556429e-001
 6.1986512e-001
 6.2274295e-001
 6.2437594e-001
 6.2337190e-001
 6.1544514e-001
 5.9112638e-001
 5.5769867e-001
 5.3683102e-001
 5.6183308e-001
 5.9502226e-001
 6.0820806e-001
 6.0234785e-001
 5.8446318e-001
 5.8786792e-001
 6.0541266e-001
 6.1096859e-001
 6.1326569e-001
 6.1483157e-001
 6.1771232e-001
 6.2256646e-001
 6.2955374e-001
 6.3539153e-001
 6.3974643e-001
 6.4342397e-001
 6.4696103e-001
 6.5012997e-001
 6.5232641e-001
 6.5367520e-001
 6.5494740e-001
 6.5563607e-001
 6.5647107e-001
 6.5701216e-001
 6.5705466e-001
 6.5718204e-001
 6.5716958e-001
 6.5708905e-001
 6.5693289e-001
 6.5585393e-001
 6.5394861e-001
 6.5108234e-001
 6.4726204e-001
 6.4317042e-001
 6.4023048e-001
 6.3889760e-001
 6.3896435e-001
 6.3853419e-001
 6.3740849e-001
 6.3477135e-001
 6.3058811e-001
 6.2011361e-001
 5.9647149e-001
 5.8338600e-001
 5.8608907e-001
 5.9603906e-001
 5.9101677e-001
 5.9552646e-001
 5.7006776e-001
 5.2994466e-001
 5.1273799e-001
 5.1822215e-001
 5.2403980e-001
 5.2754682e-001
 5.3109449e-001
 5.3338248e-001
 5.3560346e-001
 5.3918546e-001
 5.4213500e-001
 5.4444194e-001
 5.4778105e-001
 5.5085284e-001
 5.5226958e-001
 5.5240685e-001
 5.5201918e-001
 5.5051798e-001
 5.4758662e-001
 5.4436737e-001
 5.3969377e-001
 5.3346193e-001
 5.2555335e-001
 5.1830393e-001
 5.1094556e-001
 5.0197822e-001
 4.8876211e-001
 4.7300443e-001
 4.5809215e-001
 4.4135624e-001
 4.1683003e-001
 3.8888323e-001
 3.6483148e-001
 3.6469224e-001
 3.8060206e-001
 3.9830986e-001
 3.9427593e-001
 3.7723467e-001
 3.8222796e-001
 4.0443009e-001
 4.3041006e-001
 4.3210262e-001
 4.3815589e-001
 4.3510434e-001
 4.2372236e-001
 4.1148126e-001
 4.0307271e-001
 4.0148780e-001
 4.0045729e-001
 3.9281043e-001
 3.8242653e-001
 3.7229612e-001
 3.6447951e-001
 3.5931322e-001
 3.5199505e-001
 3.4071910e-001
 3.2795137e-001
 3.1835532e-001
 3.1775454e-001
 3.1942579e-001
 3.1426916e-001
 3.0391005e-001
-1.2300000e+034
