s07_AV97 Record=1245: Galena S26-39                 BECKb AREF
 8.0873564e-002
 8.0225170e-002
 7.8821160e-002
 7.7278182e-002
 7.6315053e-002
 7.4964516e-002
 7.3586836e-002
 7.2488979e-002
 7.1305260e-002
 7.0158176e-002
 6.9592252e-002
 6.8929628e-002
 6.8073317e-002
 6.7153484e-002
 6.6395648e-002
 6.5838218e-002
 6.5243915e-002
 6.4830467e-002
 6.4071015e-002
 6.3655272e-002
 6.3385725e-002
 6.3672036e-002
 6.3500106e-002
 6.3360237e-002
 6.3390404e-002
 6.3655540e-002
 6.3854977e-002
 6.4221166e-002
 6.4665899e-002
 6.5143108e-002
 6.5267734e-002
 6.5376580e-002
 6.5178260e-002
 6.5464213e-002
 6.5324634e-002
 6.5632984e-002
 6.5166503e-002
 6.5448076e-002
 6.5460503e-002
 6.5252349e-002
 6.5209553e-002
 6.5011546e-002
 6.4750887e-002
 6.4767882e-002
 6.4744659e-002
 6.4975373e-002
 6.4492688e-002
 6.4382792e-002
 6.4391859e-002
 6.4053923e-002
 6.3827641e-002
 6.4054735e-002
 6.4882576e-002
 6.4638689e-002
 6.1355826e-002
 6.1847072e-002
 6.4703062e-002
 6.4500235e-002
 6.3204467e-002
 6.2130772e-002
 6.1574347e-002
 6.3762464e-002
 6.1184872e-002
 6.1520860e-002
 6.0198944e-002
 6.0793586e-002
 6.0487147e-002
 6.0264248e-002
 5.9849270e-002
 5.9426058e-002
 6.0091667e-002
 5.8872517e-002
 5.8821272e-002
 5.9024036e-002
 5.8601558e-002
 5.8167454e-002
 5.7846531e-002
 5.8465466e-002
 5.8267891e-002
 5.8037557e-002
 5.8036864e-002
 5.7430629e-002
 5.8338266e-002
 5.6926027e-002
 5.7204299e-002
 5.6419805e-002
 5.5994596e-002
 5.7604346e-002
 5.6849472e-002
 5.6843225e-002
 5.6427591e-002
 5.6351941e-002
 5.6458902e-002
 5.6908190e-002
 5.6837272e-002
 5.6273852e-002
 5.6879967e-002
 5.6654122e-002
 5.5628102e-002
 5.6164291e-002
 5.5550180e-002
 5.5346686e-002
 5.5358142e-002
 5.5547442e-002
 5.5605862e-002
 5.4831453e-002
 5.4460336e-002
 5.5224095e-002
 5.5270646e-002
 5.5701256e-002
 5.6625769e-002
 5.5412672e-002
 5.6070950e-002
 5.4387379e-002
 5.4222982e-002
 5.5521317e-002
 5.5517539e-002
 5.5746753e-002
 5.4642301e-002
 5.5242982e-002
 5.5164561e-002
 5.4269332e-002
 5.4222487e-002
 5.5356335e-002
 5.4304238e-002
 5.4870535e-002
 5.4896422e-002
 5.5832129e-002
 5.5700101e-002
 5.5425450e-002
 5.4525331e-002
 5.4869223e-002
 5.5520393e-002
 5.5070255e-002
 5.3580649e-002
 5.4552741e-002
 5.5356063e-002
 5.5550467e-002
 5.4223258e-002
 5.3384908e-002
 5.5065755e-002
 5.4588813e-002
 5.4459978e-002
 5.5304434e-002
 5.5445407e-002
 5.5784520e-002
 5.4996308e-002
 5.4489709e-002
 5.5049151e-002
 5.4385640e-002
 5.5253286e-002
 5.4513823e-002
 5.3206369e-002
 5.3591918e-002
 5.3930998e-002
 5.2800961e-002
 5.4657027e-002
 5.5385698e-002
 5.4750107e-002
 5.5396792e-002
 5.5164244e-002
 5.4456726e-002
 5.3253461e-002
 5.4512672e-002
 5.4629143e-002
 5.5501990e-002
 5.4721426e-002
 5.3214457e-002
 5.3745631e-002
 5.4217204e-002
 5.5096332e-002
 5.5700522e-002
 5.5592783e-002
 5.5348061e-002
 5.4646842e-002
 5.4354712e-002
 5.4656297e-002
 5.4535035e-002
 5.5881925e-002
 5.6062009e-002
 5.4645244e-002
 5.4530438e-002
 5.2687794e-002
 5.2804362e-002
 5.4074433e-002
 5.6104794e-002
 5.5031117e-002
 5.6387667e-002
 5.5222239e-002
 5.5832230e-002
 5.5483811e-002
 5.4012150e-002
 5.6150224e-002
 5.7136636e-002
 5.5287655e-002
 5.2699868e-002
 5.4426279e-002
 5.5809606e-002
 5.5601500e-002
 5.4777399e-002
 5.5930149e-002
 5.5655666e-002
 5.5780474e-002
 5.5730205e-002
 5.6056704e-002
 5.6739103e-002
 5.5778749e-002
 5.4595895e-002
 5.5520322e-002
 5.6463201e-002
 5.6401849e-002
 5.6510165e-002
 5.7126660e-002
 5.7129666e-002
 5.6608453e-002
 5.6226172e-002
 5.6116655e-002
 5.6265444e-002
 5.6581128e-002
 5.7075240e-002
 5.7629634e-002
 5.8059756e-002
 5.8162902e-002
 5.7825092e-002
