s07_AV97 Record=645: Butlerite GDS25             NIC4aaa RREF
-1.2300000e+034
-1.2300000e+034
-1.2300000e+034
-1.2300000e+034
-1.2300000e+034
-1.2300000e+034
-1.2300000e+034
-1.2300000e+034
-1.2300000e+034
-1.2300000e+034
-1.2300000e+034
-1.2300000e+034
-1.2300000e+034
-1.2300000e+034
-1.2300000e+034
-1.2300000e+034
-1.2300000e+034
-1.2300000e+034
-1.2300000e+034
-1.2300000e+034
-1.2300000e+034
-1.2300000e+034
-1.2300000e+034
-1.2300000e+034
-1.2300000e+034
-1.2300000e+034
-1.2300000e+034
-1.2300000e+034
-1.2300000e+034
-1.2300000e+034
-1.2300000e+034
-1.2300000e+034
-1.2300000e+034
-1.2300000e+034
-1.2300000e+034
-1.2300000e+034
-1.2300000e+034
-1.2300000e+034
-1.2300000e+034
-1.2300000e+034
-1.2300000e+034
-1.2300000e+034
-1.2300000e+034
-1.2300000e+034
-1.2300000e+034
-1.2300000e+034
-1.2300000e+034
-1.2300000e+034
-1.2300000e+034
-1.2300000e+034
-1.2300000e+034
-1.2300000e+034
-1.2300000e+034
-1.2300000e+034
-1.2300000e+034
-1.2300000e+034
-1.2300000e+034
-1.2300000e+034
-1.2300000e+034
-1.2300000e+034
-1.2300000e+034
-1.2300000e+034
-1.2300000e+034
-1.2300000e+034
-1.2300000e+034
-1.2300000e+034
-1.2300000e+034
-1.2300000e+034
-1.2300000e+034
-1.2300000e+034
-1.2300000e+034
-1.2300000e+034
-1.2300000e+034
-1.2300000e+034
-1.2300000e+034
-1.2300000e+034
-1.2300000e+034
-1.2300000e+034
-1.2300000e+034
-1.2300000e+034
-1.2300000e+034
-1.2300000e+034
-1.2300000e+034
-1.2300000e+034
-1.2300000e+034
-1.2300000e+034
-1.2300000e+034
-1.2300000e+034
-1.2300000e+034
-1.2300000e+034
-1.2300000e+034
-1.2300000e+034
-1.2300000e+034
-1.2300000e+034
-1.2300000e+034
-1.2300000e+034
-1.2300000e+034
-1.2300000e+034
-1.2300000e+034
-1.2300000e+034
-1.2300000e+034
-1.2300000e+034
-1.2300000e+034
-1.2300000e+034
-1.2300000e+034
-1.2300000e+034
-1.2300000e+034
-1.2300000e+034
-1.2300000e+034
-1.2300000e+034
-1.2300000e+034
-1.2300000e+034
-1.2300000e+034
-1.2300000e+034
 5.2603692e-001
 5.0883591e-001
 4.9352136e-001
 4.8281097e-001
 4.7878298e-001
 4.8064795e-001
 4.8355758e-001
 4.8649234e-001
 4.8985165e-001
 4.9290845e-001
 4.9631748e-001
 5.0027615e-001
 5.0407100e-001
 5.0757784e-001
 5.1067924e-001
 5.1339382e-001
 5.1582271e-001
 5.1889503e-001
 5.2154559e-001
 5.2340740e-001
 5.2434582e-001
 5.2449679e-001
 5.2436233e-001
 5.2435237e-001
 5.2523887e-001
 5.2620023e-001
 5.2714378e-001
 5.2745265e-001
 5.2733320e-001
 5.2708566e-001
 5.2758068e-001
 5.2902240e-001
 5.3130537e-001
 5.3385973e-001
 5.3613478e-001
 5.3771532e-001
 5.3854775e-001
 5.3930461e-001
 5.4039890e-001
 5.4209149e-001
 5.4385382e-001
 5.4524326e-001
 5.4666346e-001
 5.4847592e-001
 5.5038708e-001
 5.4815811e-001
 5.4910660e-001
 5.4574549e-001
 5.4016763e-001
 5.3063667e-001
 5.1548386e-001
 4.9317148e-001
 4.6549648e-001
 4.4100970e-001
 4.3121392e-001
 4.3658584e-001
 4.4852388e-001
 4.5768169e-001
 4.6169102e-001
 4.6273845e-001
 4.6308497e-001
 4.6434453e-001
 4.6712807e-001
 4.7108600e-001
 4.7533989e-001
 4.7895214e-001
 4.8127562e-001
 4.8265260e-001
 4.8348668e-001
 4.8473766e-001
 4.8673084e-001
 4.8903713e-001
 4.9168414e-001
 4.9414670e-001
 4.9610409e-001
 4.9706534e-001
 4.9739254e-001
 4.9729982e-001
 4.9619943e-001
 4.9397281e-001
 4.9028045e-001
 4.8404402e-001
 4.7577524e-001
 4.6814030e-001
 4.6434370e-001
 4.6078533e-001
 4.5527038e-001
 4.4907039e-001
 4.4615230e-001
 4.4586390e-001
 4.4506806e-001
 4.4118443e-001
 4.3318889e-001
 4.2167631e-001
 4.0697297e-001
 3.9078808e-001
 3.7411338e-001
 3.5879934e-001
 3.4654933e-001
 3.3762723e-001
 3.3213556e-001
 3.2877889e-001
 3.2686380e-001
 3.2541212e-001
 3.2398725e-001
 3.2207334e-001
 3.1940117e-001
 3.1625438e-001
 3.1339964e-001
 3.1055704e-001
