s07_AV97 Record=3827: Covellite-Pyrite HS477.6     ASDFRb AREF
 6.4322747e-002
 7.0283510e-002
 7.3334731e-002
 7.6307230e-002
 7.8258939e-002
 7.9937138e-002
 8.1254758e-002
 8.2017511e-002
 8.2391061e-002
 8.2342632e-002
 8.1861585e-002
 8.0992848e-002
 7.9790510e-002
 7.8326575e-002
 7.6680519e-002
 7.4798040e-002
 7.2844006e-002
 7.0842862e-002
 6.8919778e-002
 6.7024305e-002
 6.5136924e-002
 6.3368633e-002
 6.2038820e-002
 6.1568402e-002
 6.1068259e-002
 6.0917288e-002
 6.0463008e-002
 6.0875781e-002
 6.2614575e-002
 6.5750338e-002
 7.0364237e-002
 7.6678947e-002
 6.9481783e-002
 7.5307578e-002
 8.2694396e-002
 9.1353126e-002
 1.0088796e-001
 1.1085287e-001
 1.2091842e-001
 1.3078848e-001
 1.4025427e-001
 1.4927019e-001
 1.5784648e-001
 1.6580839e-001
 1.7316346e-001
 1.8009628e-001
 1.8652494e-001
 1.9251548e-001
 1.9807982e-001
 2.0331545e-001
 2.0827447e-001
 2.1285945e-001
 2.1711354e-001
 2.2118029e-001
 2.2519492e-001
 2.2897883e-001
 2.3253465e-001
 2.3608071e-001
 2.3963417e-001
 2.4304827e-001
 2.4631450e-001
 2.4960785e-001
 2.5284708e-001
 2.5610432e-001
 2.5941229e-001
 2.6259547e-001
 2.6584676e-001
 2.6879257e-001
 2.7135354e-001
 2.7388978e-001
 2.7707461e-001
 2.7913100e-001
 2.8158641e-001
 2.8368488e-001
 2.8570026e-001
 2.8810439e-001
 2.9000553e-001
 2.9236385e-001
 2.9460549e-001
 2.9629156e-001
 2.9810542e-001
 2.9954821e-001
 3.0094564e-001
 3.0245641e-001
 3.0359191e-001
 3.0471072e-001
 3.0563062e-001
 3.0657440e-001
 3.0747345e-001
 3.0815580e-001
 3.0897272e-001
 3.0972320e-001
 3.1025931e-001
 3.1073889e-001
 3.1093821e-001
 3.1117484e-001
 3.1069529e-001
 3.1107917e-001
 3.1155300e-001
 3.1211126e-001
 3.1271151e-001
 3.1302610e-001
 3.1366283e-001
 3.1402645e-001
 3.1420714e-001
 3.1408498e-001
 3.1413516e-001
 3.1423724e-001
 3.1359601e-001
 3.1353384e-001
 3.1354669e-001
 3.1353077e-001
 3.1336281e-001
 3.1325406e-001
 3.1312677e-001
 3.1306538e-001
 3.1296018e-001
 3.1306797e-001
 3.1334051e-001
 3.1344894e-001
 3.1340703e-001
 3.1363499e-001
 3.1364906e-001
 3.1398204e-001
 3.1408140e-001
 3.1448576e-001
 3.1505886e-001
 3.1563103e-001
 3.1620646e-001
 3.1654748e-001
 3.1703374e-001
 3.1781876e-001
 3.1856292e-001
 3.1924111e-001
 3.1987756e-001
 3.2044148e-001
 3.2111624e-001
 3.2207179e-001
 3.2292739e-001
 3.2379597e-001
 3.2487112e-001
 3.2597947e-001
 3.2694963e-001
 3.2790032e-001
 3.2856420e-001
 3.2898650e-001
 3.2957408e-001
 3.3014223e-001
 3.3069998e-001
 3.3122256e-001
 3.3153799e-001
 3.3223942e-001
 3.3295882e-001
 3.3353251e-001
 3.3389640e-001
 3.3504966e-001
 3.3620614e-001
 3.3727133e-001
 3.3867657e-001
 3.3899197e-001
 3.3883709e-001
 3.3949324e-001
 3.4067294e-001
 3.4184766e-001
 3.4267557e-001
 3.4324643e-001
 3.4453717e-001
 3.4565601e-001
 3.4679985e-001
 3.4821013e-001
 3.4924567e-001
 3.5038897e-001
 3.5183349e-001
 3.5317355e-001
 3.5437879e-001
 3.5641134e-001
 3.5810649e-001
 3.5944828e-001
 3.6103511e-001
 3.6290279e-001
 3.6485609e-001
 3.6648062e-001
 3.6812440e-001
 3.6974937e-001
 3.7139913e-001
 3.7261435e-001
 3.7356219e-001
 3.7429881e-001
 3.7492743e-001
 3.7573463e-001
 3.7647679e-001
 3.7799415e-001
 3.7887561e-001
 3.7973234e-001
 3.8049737e-001
 3.8085487e-001
 3.8190985e-001
 3.8323066e-001
 3.8438642e-001
 3.8565293e-001
 3.8699293e-001
 3.8810727e-001
 3.8939592e-001
 3.9094001e-001
 3.9277256e-001
 3.9447924e-001
 3.9603165e-001
 3.9677688e-001
 3.9782426e-001
 3.9890468e-001
 3.9949256e-001
 3.9996964e-001
 4.0117282e-001
 4.0200791e-001
 4.0267804e-001
 4.0352860e-001
 4.0403610e-001
 4.0489709e-001
 4.0642715e-001
 4.0519515e-001
 4.0659240e-001
 4.0732205e-001
 4.0846014e-001
-1.2300000e+034
