s07_AV97 Record=3216: Thuringite SMR-15.d <30um     BECKa AREF
 8.5213698e-002
 8.9613326e-002
 9.4123401e-002
 9.9831544e-002
 1.0432211e-001
 1.0989352e-001
 1.1709693e-001
 1.2646453e-001
 1.3494752e-001
 1.3834710e-001
 1.4201361e-001
 1.4800625e-001
 1.5336163e-001
 1.5731698e-001
 1.6355358e-001
 1.6659117e-001
 1.7199410e-001
 1.7524526e-001
 1.7805652e-001
 1.8106869e-001
 1.8256339e-001
 1.8349765e-001
 1.8119891e-001
 1.7980613e-001
 1.7779441e-001
 1.7628798e-001
 1.7439997e-001
 1.7247567e-001
 1.6962242e-001
 1.6779454e-001
 1.6702037e-001
 1.6553544e-001
 1.6691653e-001
 1.6597125e-001
 1.6383985e-001
 1.6351914e-001
 1.6282639e-001
 1.6405387e-001
 1.6804382e-001
 1.6886026e-001
 1.7008102e-001
 1.7520919e-001
 1.7692661e-001
 1.8174386e-001
 1.8632919e-001
 1.8983215e-001
 1.8885849e-001
 1.9362257e-001
 1.8995710e-001
 1.9312027e-001
 1.9399278e-001
 1.8966050e-001
 1.8668999e-001
 1.9126086e-001
 1.8251476e-001
 1.7963965e-001
 1.7683578e-001
 1.8465225e-001
 1.7917791e-001
 1.8628365e-001
 1.8395844e-001
 1.8613815e-001
 1.8393330e-001
 1.8798423e-001
 1.9384286e-001
 1.9105220e-001
 1.9607893e-001
 1.9664916e-001
 1.9709744e-001
 1.9563566e-001
 1.9503516e-001
 1.9639115e-001
 1.9387487e-001
 1.9518544e-001
 1.9637936e-001
 1.9991246e-001
 1.9541824e-001
 2.0078042e-001
 1.9937721e-001
 2.0008907e-001
 1.9888754e-001
 2.0164889e-001
 2.0915721e-001
 2.0532535e-001
 2.0819084e-001
 2.0886169e-001
 2.1043132e-001
 2.1254021e-001
 2.1518263e-001
 2.2001374e-001
 2.1854849e-001
 2.2375250e-001
 2.2596285e-001
 2.2913954e-001
 2.3159103e-001
 2.3180309e-001
 2.3102632e-001
 2.3145078e-001
 2.3301430e-001
 2.3707731e-001
 2.3910496e-001
 2.4026343e-001
 2.4294913e-001
 2.4649981e-001
 2.4769087e-001
 2.4947777e-001
 2.5277591e-001
 2.5361940e-001
 2.5402424e-001
 2.5591123e-001
 2.5395653e-001
 2.5471067e-001
 2.5859433e-001
 2.6218995e-001
 2.6756269e-001
 2.6514384e-001
 2.6900986e-001
 2.6740104e-001
 2.6887742e-001
 2.7049398e-001
 2.7325714e-001
 2.7904442e-001
 2.8100744e-001
 2.7678508e-001
 2.8134316e-001
 2.8126445e-001
 2.8165907e-001
 2.8249824e-001
 2.8615335e-001
 2.8662992e-001
 2.8968281e-001
 2.8760609e-001
 2.8823683e-001
 2.9166585e-001
 2.9389244e-001
 2.9374370e-001
 2.9864380e-001
 2.9737881e-001
 2.9464003e-001
 2.9658306e-001
 2.9568169e-001
 2.9913601e-001
 3.0032116e-001
 3.0169374e-001
 3.0158919e-001
 3.0569926e-001
 3.0276734e-001
 3.0640388e-001
 3.0641901e-001
 3.0736798e-001
 3.0524895e-001
 3.0618861e-001
 3.0131760e-001
 3.0377996e-001
 3.0185869e-001
 2.9871875e-001
 3.0664128e-001
 3.1099072e-001
 3.0839467e-001
 3.0330157e-001
 3.0518618e-001
 2.9882157e-001
 2.9880464e-001
 3.0482361e-001
 3.0293089e-001
 2.9851213e-001
 3.0438775e-001
 3.0955932e-001
 3.0019626e-001
 3.0131367e-001
 3.0367050e-001
 3.0269349e-001
 3.0369833e-001
 3.0545712e-001
 3.0215812e-001
 3.0733714e-001
 3.0908582e-001
 3.0266809e-001
 3.0860570e-001
 3.0306637e-001
 3.0796307e-001
 3.1158337e-001
 3.0633092e-001
 3.0306041e-001
 3.0747592e-001
 3.0412409e-001
 3.0193287e-001
 3.0461389e-001
 3.0761281e-001
 3.0824897e-001
 3.0593571e-001
 3.0375674e-001
 3.0724525e-001
 3.0488953e-001
 3.0377296e-001
 3.0364934e-001
 2.9233375e-001
 2.8517976e-001
 2.9533306e-001
 2.8607318e-001
 2.8656995e-001
 3.0180418e-001
 2.8839532e-001
 2.7205345e-001
 2.7271357e-001
 2.7687415e-001
 2.7298626e-001
 2.7324915e-001
 2.7871287e-001
 2.7575245e-001
 2.8751832e-001
 2.8425980e-001
 2.8490639e-001
 2.8779531e-001
 2.8903452e-001
 2.8681579e-001
 2.8406775e-001
 2.8438488e-001
 2.8628537e-001
 2.8684491e-001
 2.8355753e-001
 2.7830800e-001
 2.7381819e-001
 2.7193564e-001
