s07_AV97 Record=3589: Alunite0.35K+.65Na CU91-217H  NIC4b RREF
-1.2300000e+034
-1.2300000e+034
-1.2300000e+034
-1.2300000e+034
-1.2300000e+034
-1.2300000e+034
-1.2300000e+034
-1.2300000e+034
-1.2300000e+034
-1.2300000e+034
-1.2300000e+034
-1.2300000e+034
-1.2300000e+034
-1.2300000e+034
-1.2300000e+034
-1.2300000e+034
-1.2300000e+034
-1.2300000e+034
-1.2300000e+034
-1.2300000e+034
-1.2300000e+034
-1.2300000e+034
-1.2300000e+034
-1.2300000e+034
-1.2300000e+034
-1.2300000e+034
-1.2300000e+034
-1.2300000e+034
-1.2300000e+034
-1.2300000e+034
-1.2300000e+034
-1.2300000e+034
-1.2300000e+034
-1.2300000e+034
-1.2300000e+034
-1.2300000e+034
-1.2300000e+034
-1.2300000e+034
-1.2300000e+034
-1.2300000e+034
-1.2300000e+034
-1.2300000e+034
-1.2300000e+034
-1.2300000e+034
-1.2300000e+034
-1.2300000e+034
-1.2300000e+034
-1.2300000e+034
-1.2300000e+034
-1.2300000e+034
-1.2300000e+034
-1.2300000e+034
-1.2300000e+034
-1.2300000e+034
-1.2300000e+034
-1.2300000e+034
-1.2300000e+034
-1.2300000e+034
-1.2300000e+034
-1.2300000e+034
-1.2300000e+034
-1.2300000e+034
-1.2300000e+034
-1.2300000e+034
-1.2300000e+034
-1.2300000e+034
-1.2300000e+034
-1.2300000e+034
-1.2300000e+034
-1.2300000e+034
-1.2300000e+034
-1.2300000e+034
-1.2300000e+034
-1.2300000e+034
-1.2300000e+034
-1.2300000e+034
-1.2300000e+034
-1.2300000e+034
-1.2300000e+034
-1.2300000e+034
-1.2300000e+034
-1.2300000e+034
-1.2300000e+034
-1.2300000e+034
-1.2300000e+034
-1.2300000e+034
-1.2300000e+034
-1.2300000e+034
-1.2300000e+034
-1.2300000e+034
-1.2300000e+034
-1.2300000e+034
-1.2300000e+034
-1.2300000e+034
-1.2300000e+034
-1.2300000e+034
-1.2300000e+034
-1.2300000e+034
-1.2300000e+034
-1.2300000e+034
-1.2300000e+034
 3.5272056e-001
 3.6167920e-001
 3.6284807e-001
 3.6559936e-001
 3.6403129e-001
 3.6375609e-001
 3.6033857e-001
 3.5648116e-001
 3.5627845e-001
 3.5694611e-001
 3.4871340e-001
 3.2794085e-001
 2.7908519e-001
 2.3797479e-001
 2.4916273e-001
 2.6494604e-001
 2.6329958e-001
 2.4605907e-001
 2.3466362e-001
 2.3408142e-001
 2.6552954e-001
 2.9013130e-001
 3.1552806e-001
 3.3397293e-001
 3.4621784e-001
 3.5173619e-001
 3.5651132e-001
 3.5972768e-001
 3.6212924e-001
 3.6495036e-001
 3.6614245e-001
 3.6678663e-001
 3.6784843e-001
 3.6906788e-001
 3.6855507e-001
 3.6793694e-001
 3.6652938e-001
 3.6519572e-001
 3.6113140e-001
 3.5570374e-001
 3.5040471e-001
 3.4054685e-001
 3.2398120e-001
 3.0152896e-001
 2.7895850e-001
 2.6010314e-001
 2.5098097e-001
 2.5456965e-001
 2.7310336e-001
 2.9640761e-001
 3.1504124e-001
 3.3041123e-001
 3.3722818e-001
 3.3685797e-001
 3.3326653e-001
 3.2878914e-001
 3.2265639e-001
 3.1457201e-001
 3.0542758e-001
 3.0851778e-001
 2.9867169e-001
 2.8885224e-001
 2.8053707e-001
 2.7397686e-001
 2.6968235e-001
 2.6565951e-001
 2.6009816e-001
 2.5313193e-001
 2.4655306e-001
 2.3916501e-001
 2.3153321e-001
 2.2401837e-001
 2.2050242e-001
 2.2068599e-001
 2.1834929e-001
 2.1235304e-001
 2.0648634e-001
 2.0175101e-001
 1.9889198e-001
 1.9643635e-001
 1.9183762e-001
 1.8518986e-001
 1.7668070e-001
 1.6450259e-001
 1.4756969e-001
 1.2997958e-001
 1.1627338e-001
 1.0773602e-001
 1.0466044e-001
 1.0660233e-001
 1.1232489e-001
 1.2171144e-001
 1.2584947e-001
 1.2930873e-001
 1.4904077e-001
 1.6592947e-001
 1.8132943e-001
 1.9135045e-001
 1.9444627e-001
 1.9218828e-001
 1.8481238e-001
 1.6841117e-001
 1.4111306e-001
 1.1908579e-001
 1.1736955e-001
 1.2577927e-001
 1.3570209e-001
 1.3550866e-001
 1.2124947e-001
 1.1378916e-001
 1.0985558e-001
 1.0548095e-001
 1.0519392e-001
 1.0293914e-001
 9.5046289e-002
 8.6119182e-002
 8.2301967e-002
 8.1793487e-002
 8.1490472e-002
 8.1545904e-002
 8.0778122e-002
 7.7734239e-002
 7.3856480e-002
