s07_AV97 Record=3844: Dolomite.5+Ca-Mont.5 AMX10    BECKb AREF
 5.9755564e-001
 6.0590434e-001
 6.1556846e-001
 6.2236619e-001
 6.2732911e-001
 6.3127840e-001
 6.3366902e-001
 6.3773638e-001
 6.4404929e-001
 6.4931315e-001
 6.5400714e-001
 6.5900230e-001
 6.6326696e-001
 6.6867167e-001
 6.7395240e-001
 6.7846453e-001
 6.8299973e-001
 6.8749779e-001
 6.9352722e-001
 6.9816357e-001
 7.0256901e-001
 7.0847857e-001
 7.1083969e-001
 7.1363723e-001
 7.1648991e-001
 7.1864974e-001
 7.2095281e-001
 7.2416902e-001
 7.2632819e-001
 7.2923732e-001
 7.3055500e-001
 7.3297286e-001
 7.3087037e-001
 7.3193246e-001
 7.3467177e-001
 7.3300523e-001
 7.3688400e-001
 7.3796636e-001
 7.3993164e-001
 7.4140650e-001
 7.4194741e-001
 7.4473941e-001
 7.4516064e-001
 7.4529773e-001
 7.4862570e-001
 7.4815208e-001
 7.4939156e-001
 7.5016659e-001
 7.4911118e-001
 7.5098181e-001
 7.5088507e-001
 7.4861366e-001
 7.4726629e-001
 7.4964637e-001
 7.4900764e-001
 7.4405563e-001
 7.4460423e-001
 7.4637341e-001
 7.4443865e-001
 7.4309403e-001
 7.3902243e-001
 7.3707467e-001
 7.3395950e-001
 7.3125565e-001
 7.3015994e-001
 7.3237467e-001
 7.3315775e-001
 7.3462152e-001
 7.3494041e-001
 7.3671412e-001
 7.3606467e-001
 7.3497170e-001
 7.3594993e-001
 7.3702693e-001
 7.3729074e-001
 7.3791713e-001
 7.3841590e-001
 7.3816758e-001
 7.3894459e-001
 7.3752630e-001
 7.3802024e-001
 7.3696399e-001
 7.3356283e-001
 7.2596633e-001
 7.2679681e-001
 7.2990614e-001
 7.3082530e-001
 7.3052096e-001
 7.3299664e-001
 7.3366529e-001
 7.3320788e-001
 7.3364365e-001
 7.3492444e-001
 7.3466486e-001
 7.3330599e-001
 7.3426539e-001
 7.3419696e-001
 7.3358095e-001
 7.3521274e-001
 7.3299104e-001
 7.3047870e-001
 7.2875416e-001
 7.2551239e-001
 7.2251636e-001
 7.1861959e-001
 7.1458745e-001
 7.1081728e-001
 7.0457000e-001
 6.9463533e-001
 6.7194551e-001
 6.3625246e-001
 6.0159451e-001
 5.8089489e-001
 5.8666688e-001
 6.0624254e-001
 6.1902821e-001
 6.2500089e-001
 6.2721300e-001
 6.3579094e-001
 6.4766210e-001
 6.5714926e-001
 6.6519690e-001
 6.7067611e-001
 6.7786616e-001
 6.8375355e-001
 6.8664783e-001
 6.9333130e-001
 6.9605023e-001
 6.9877386e-001
 7.0110786e-001
 7.0407224e-001
 7.0473015e-001
 7.0686501e-001
 7.0778549e-001
 7.0836979e-001
 7.1013272e-001
 7.1326739e-001
 7.1226561e-001
 7.1091831e-001
 7.1078193e-001
 7.1099174e-001
 7.0723504e-001
 7.0576072e-001
 7.0268971e-001
 7.0108998e-001
 6.9827098e-001
 6.9457191e-001
 6.9151479e-001
 6.9101536e-001
 6.8414313e-001
 6.8213272e-001
 6.8033272e-001
 6.7683870e-001
 6.7380136e-001
 6.7073995e-001
 6.6488713e-001
 6.5211248e-001
 6.3979751e-001
 6.1964834e-001
 5.8514082e-001
 5.9771085e-001
 5.4917258e-001
 4.8967665e-001
 4.5718002e-001
 4.6391889e-001
 4.8344496e-001
 4.9521384e-001
 5.0292188e-001
 5.0935978e-001
 5.1552749e-001
 5.1997447e-001
 5.3302431e-001
 5.4686689e-001
 5.5829930e-001
 5.7255864e-001
 5.8392918e-001
 5.8843338e-001
 5.9428203e-001
 5.9945488e-001
 6.0211563e-001
 6.0434419e-001
 6.0624558e-001
 6.0742742e-001
 6.0840648e-001
 6.1104476e-001
 6.1124730e-001
 6.0956824e-001
 6.1214364e-001
 6.1260217e-001
 6.1167556e-001
 6.0613638e-001
 5.9378284e-001
 5.6733042e-001
 5.3267246e-001
 5.2195019e-001
 5.3004789e-001
 5.3193539e-001
 5.2656835e-001
 5.1519877e-001
 5.0528568e-001
 4.9690521e-001
 4.8618260e-001
 4.7129837e-001
 4.5441657e-001
 4.3899909e-001
 4.4173053e-001
 4.6276146e-001
 4.9007434e-001
 5.0881243e-001
 5.0650674e-001
 4.9568886e-001
 4.8236200e-001
 4.7239083e-001
 4.6048510e-001
 4.4403329e-001
 4.2316085e-001
 4.0051168e-001
 3.7913620e-001
 3.6174372e-001
 3.4432146e-001
 3.2872805e-001
 3.1474924e-001
 3.0216318e-001
 2.9186848e-001
