s07_AV97 Record=4026: Mesolite+Hydroxyapop GDS6     BECKb AREF
 7.8276956e-001
 7.9644436e-001
 8.0586195e-001
 8.1136984e-001
 8.1722593e-001
 8.2247990e-001
 8.2485569e-001
 8.2658571e-001
 8.3027536e-001
 8.3278066e-001
 8.3459836e-001
 8.3893019e-001
 8.4169829e-001
 8.4597439e-001
 8.4965634e-001
 8.5272098e-001
 8.5666788e-001
 8.5831767e-001
 8.6171138e-001
 8.6407489e-001
 8.6660510e-001
 8.6809748e-001
 8.7203050e-001
 8.7275565e-001
 8.7277108e-001
 8.7347406e-001
 8.7381995e-001
 8.7431282e-001
 8.7521344e-001
 8.7548757e-001
 8.7860805e-001
 8.8114607e-001
 8.7809598e-001
 8.8101184e-001
 8.8139951e-001
 8.8113976e-001
 8.8467318e-001
 8.8722831e-001
 8.8680542e-001
 8.8577086e-001
 8.8692600e-001
 8.8451248e-001
 8.8667947e-001
 8.8533521e-001
 8.8732034e-001
 8.8610423e-001
 8.8812238e-001
 8.8617438e-001
 8.8698345e-001
 8.8793498e-001
 8.8281435e-001
 8.7991345e-001
 8.8472521e-001
 8.8763380e-001
 8.8456678e-001
 8.7758535e-001
 8.7882137e-001
 8.8115388e-001
 8.8416088e-001
 8.7760037e-001
 8.7875038e-001
 8.7629759e-001
 8.7291658e-001
 8.6564583e-001
 8.5109824e-001
 8.4234780e-001
 8.5101295e-001
 8.6119777e-001
 8.7228632e-001
 8.7872398e-001
 8.7830293e-001
 8.8249427e-001
 8.8609862e-001
 8.8474357e-001
 8.8511926e-001
 8.8504922e-001
 8.8511771e-001
 8.8443536e-001
 8.8366044e-001
 8.8172901e-001
 8.7866986e-001
 8.7558407e-001
 8.5968554e-001
 8.3388066e-001
 8.1019211e-001
 8.1502914e-001
 8.2520169e-001
 8.3034497e-001
 8.3104807e-001
 8.3531439e-001
 8.3595943e-001
 8.3889276e-001
 8.4024638e-001
 8.3857399e-001
 8.4212279e-001
 8.3956504e-001
 8.3939564e-001
 8.4206837e-001
 8.3708894e-001
 8.3397740e-001
 8.2920957e-001
 8.2476074e-001
 8.0924469e-001
 7.9342276e-001
 7.8142160e-001
 7.7068824e-001
 7.6452768e-001
 7.5571054e-001
 7.4678320e-001
 7.3466164e-001
 7.0630270e-001
 6.6362083e-001
 6.1941975e-001
 5.7306278e-001
 5.2163422e-001
 5.1390368e-001
 5.3976393e-001
 5.6343126e-001
 5.7472026e-001
 5.7890564e-001
 5.9831393e-001
 6.0915351e-001
 6.2033951e-001
 6.2654591e-001
 6.3217252e-001
 6.3576084e-001
 6.4275283e-001
 6.4290512e-001
 6.4105964e-001
 6.4064944e-001
 6.3962680e-001
 6.3883454e-001
 6.3483071e-001
 6.3247627e-001
 6.3107246e-001
 6.2897003e-001
 6.1840785e-001
 6.2018961e-001
 6.1652279e-001
 6.1221677e-001
 6.0603237e-001
 5.9815329e-001
 5.9197336e-001
 5.8168113e-001
 5.7796824e-001
 5.7345855e-001
 5.6870502e-001
 5.7156396e-001
 5.7380259e-001
 5.6997108e-001
 5.7130301e-001
 5.7282859e-001
 5.7341272e-001
 5.7646453e-001
 5.7571805e-001
 5.7185191e-001
 5.6797904e-001
 5.5388886e-001
 5.2601743e-001
 4.8811701e-001
 5.0151765e-001
 4.5126280e-001
 3.6861074e-001
 2.8590548e-001
 2.6499203e-001
 2.5275669e-001
 2.2787237e-001
 2.5089964e-001
 2.9577628e-001
 3.2520688e-001
 3.2545251e-001
 3.3969632e-001
 3.5519126e-001
 3.6646745e-001
 3.7819919e-001
 3.9138848e-001
 4.0079266e-001
 4.0352073e-001
 4.0761274e-001
 4.1719908e-001
 4.3179110e-001
 4.4678062e-001
 4.5242834e-001
 4.4922668e-001
 4.5474929e-001
 4.5199490e-001
 4.4356304e-001
 4.4392997e-001
 4.3357629e-001
 4.2899984e-001
 4.3451777e-001
 4.4520313e-001
 4.4974682e-001
 4.5845443e-001
 4.6953201e-001
 4.7362763e-001
 4.7828144e-001
 4.7954088e-001
 4.8116323e-001
 4.8304033e-001
 4.8487473e-001
 4.8137921e-001
 4.6235457e-001
 4.6606529e-001
 4.5735765e-001
 4.5035920e-001
 4.3763915e-001
 4.2095670e-001
 3.8601688e-001
 3.4592733e-001
 3.0710763e-001
 2.8146297e-001
 2.5842994e-001
 2.4299049e-001
 2.3576604e-001
 2.3360409e-001
 2.3262176e-001
 2.2936688e-001
 2.2568685e-001
 2.2435662e-001
 2.2817141e-001
 2.3454739e-001
 2.3991749e-001
 2.4176683e-001
