s07_AV97 Record=3126: Stilbite HS482.4B Zeolite    ASDFRb AREF
 2.3104769e-001
 2.3851497e-001
 2.5154990e-001
 2.6639038e-001
 2.8072169e-001
 2.9622316e-001
 3.1595570e-001
 3.3944067e-001
 3.6089602e-001
 3.7565553e-001
 3.8634279e-001
 3.9657801e-001
 4.0906751e-001
 4.2532009e-001
 4.4455135e-001
 4.6561965e-001
 4.8793724e-001
 5.1230103e-001
 5.4018277e-001
 5.7236046e-001
 6.0672837e-001
 6.4539981e-001
 6.5743577e-001
 6.5785527e-001
-1.2300000e+034
 7.1753973e-001
 7.1758676e-001
 7.1940404e-001
 7.2551888e-001
 7.3088562e-001
 7.3570746e-001
 7.4077839e-001
 7.3491025e-001
 7.3979908e-001
 7.4467748e-001
 7.4941599e-001
 7.5392634e-001
 7.5771266e-001
 7.6058978e-001
 7.6226550e-001
 7.6230353e-001
 7.6415926e-001
 7.6708269e-001
 7.6980323e-001
 7.7160162e-001
 7.7282542e-001
 7.7364135e-001
 7.7393293e-001
 7.7335632e-001
 7.7211654e-001
 7.6863652e-001
 7.6731890e-001
 7.6902163e-001
 7.7091938e-001
 7.7250350e-001
 7.7374679e-001
 7.7443659e-001
 7.7481866e-001
 7.7432841e-001
 7.7189279e-001
 7.6622194e-001
 7.5559199e-001
 7.3870140e-001
 7.0876068e-001
 6.8778747e-001
 6.9246900e-001
 7.0860142e-001
 7.2981989e-001
 7.4727303e-001
 7.6246738e-001
 7.7528375e-001
 7.8399807e-001
 7.9105550e-001
 7.9562724e-001
 7.9868656e-001
 7.9941106e-001
 7.9769117e-001
 7.9348868e-001
 7.8790325e-001
 7.8053778e-001
 7.6816100e-001
 7.4486965e-001
 6.9100869e-001
 6.2207383e-001
 5.9720069e-001
 6.1584604e-001
 6.3893598e-001
 6.5280586e-001
 6.6202670e-001
 6.7247593e-001
 6.8173838e-001
 6.8863004e-001
 6.9272298e-001
 6.9596064e-001
 6.9715643e-001
 6.9655401e-001
 6.9646567e-001
 6.9724512e-001
 6.9517142e-001
 6.8900502e-001
 6.7759633e-001
 6.5911126e-001
 6.3275868e-001
 6.0031009e-001
 5.6627339e-001
 5.3433198e-001
 5.0202084e-001
 4.6776772e-001
 4.3127939e-001
 3.8091925e-001
 3.0992875e-001
 2.3114519e-001
 1.7544426e-001
 1.5766202e-001
 1.6597642e-001
 1.8718098e-001
 2.0707384e-001
 2.1713449e-001
 2.2738361e-001
 2.5624985e-001
 2.8693682e-001
 3.1323105e-001
 3.3421558e-001
 3.5048839e-001
 3.6261097e-001
 3.7171540e-001
 3.7812614e-001
 3.8242841e-001
 3.8583916e-001
 3.8873455e-001
 3.9109731e-001
 3.9372182e-001
 3.9631018e-001
 3.9972049e-001
 4.0350768e-001
 4.0738410e-001
 4.1125429e-001
 4.1511968e-001
 4.1793564e-001
 4.1929278e-001
 4.1843930e-001
 4.1358283e-001
 4.0443918e-001
 3.9099512e-001
 3.7604862e-001
 3.6383834e-001
 3.5592645e-001
 3.5077870e-001
 3.4778336e-001
 3.4499875e-001
 3.4204134e-001
 3.3888906e-001
 3.3588737e-001
 3.3242932e-001
 3.2742175e-001
 3.1480455e-001
 2.9402500e-001
 2.6229501e-001
 2.1752021e-001
 1.6346076e-001
 1.8615584e-001
 1.3034733e-001
 8.5759223e-002
 6.5856777e-002
 6.2741496e-002
 6.7210287e-002
 7.5192586e-002
 8.2146585e-002
 8.8203713e-002
 9.3790174e-002
 9.9822320e-002
 1.0730451e-001
 1.1672084e-001
 1.2840138e-001
 1.4117162e-001
 1.5413897e-001
 1.6518360e-001
 1.7432067e-001
 1.8175033e-001
 1.8708844e-001
 1.9104803e-001
 1.9525790e-001
 1.9998397e-001
 2.0502834e-001
 2.0960136e-001
 2.1404496e-001
 2.1756330e-001
 2.1999504e-001
 2.2214101e-001
 2.2457340e-001
 2.2636917e-001
 2.2759067e-001
 2.2807655e-001
 2.2827224e-001
 2.2754985e-001
 2.2616273e-001
 2.2395359e-001
 2.2107227e-001
 2.1597460e-001
 2.0954047e-001
 2.0151295e-001
 1.9190562e-001
 1.8233207e-001
 1.7182408e-001
 1.6091336e-001
 1.4728418e-001
 1.3357006e-001
 1.2207375e-001
 1.1452439e-001
 1.0582198e-001
 9.6310124e-002
 8.6583667e-002
 7.8619622e-002
 7.1935572e-002
 6.7789860e-002
 6.3955985e-002
 6.0742680e-002
 5.8568269e-002
 5.6942496e-002
 5.3460289e-002
 5.0554182e-002
 4.6846211e-002
 4.4265818e-002
-1.2300000e+034
