s07_AV97 Record=1484: Hematite GDS69.b 104-150u   NIC4bbb RREF
-1.2300000e+034
-1.2300000e+034
-1.2300000e+034
-1.2300000e+034
-1.2300000e+034
-1.2300000e+034
-1.2300000e+034
-1.2300000e+034
-1.2300000e+034
-1.2300000e+034
-1.2300000e+034
-1.2300000e+034
-1.2300000e+034
-1.2300000e+034
-1.2300000e+034
-1.2300000e+034
-1.2300000e+034
-1.2300000e+034
-1.2300000e+034
-1.2300000e+034
-1.2300000e+034
-1.2300000e+034
-1.2300000e+034
-1.2300000e+034
-1.2300000e+034
-1.2300000e+034
-1.2300000e+034
-1.2300000e+034
-1.2300000e+034
-1.2300000e+034
-1.2300000e+034
-1.2300000e+034
-1.2300000e+034
-1.2300000e+034
-1.2300000e+034
-1.2300000e+034
-1.2300000e+034
-1.2300000e+034
-1.2300000e+034
-1.2300000e+034
-1.2300000e+034
-1.2300000e+034
-1.2300000e+034
-1.2300000e+034
-1.2300000e+034
-1.2300000e+034
-1.2300000e+034
-1.2300000e+034
-1.2300000e+034
-1.2300000e+034
-1.2300000e+034
-1.2300000e+034
-1.2300000e+034
-1.2300000e+034
-1.2300000e+034
-1.2300000e+034
-1.2300000e+034
-1.2300000e+034
-1.2300000e+034
-1.2300000e+034
-1.2300000e+034
-1.2300000e+034
-1.2300000e+034
-1.2300000e+034
-1.2300000e+034
-1.2300000e+034
-1.2300000e+034
-1.2300000e+034
-1.2300000e+034
-1.2300000e+034
-1.2300000e+034
-1.2300000e+034
-1.2300000e+034
-1.2300000e+034
-1.2300000e+034
-1.2300000e+034
-1.2300000e+034
-1.2300000e+034
-1.2300000e+034
-1.2300000e+034
-1.2300000e+034
-1.2300000e+034
-1.2300000e+034
-1.2300000e+034
-1.2300000e+034
-1.2300000e+034
-1.2300000e+034
-1.2300000e+034
-1.2300000e+034
-1.2300000e+034
-1.2300000e+034
-1.2300000e+034
-1.2300000e+034
-1.2300000e+034
-1.2300000e+034
-1.2300000e+034
-1.2300000e+034
-1.2300000e+034
-1.2300000e+034
-1.2300000e+034
-1.2300000e+034
-1.2300000e+034
-1.2300000e+034
-1.2300000e+034
-1.2300000e+034
-1.2300000e+034
-1.2300000e+034
-1.2300000e+034
-1.2300000e+034
-1.2300000e+034
-1.2300000e+034
-1.2300000e+034
-1.2300000e+034
-1.2300000e+034
-1.2300000e+034
-1.2300000e+034
-1.2300000e+034
-1.2300000e+034
-1.2300000e+034
-1.2300000e+034
-1.2300000e+034
-1.2300000e+034
-1.2300000e+034
-1.2300000e+034
-1.2300000e+034
-1.2300000e+034
-1.2300000e+034
 1.2193664e-001
 1.2231467e-001
 1.2302776e-001
 1.2371479e-001
 1.2450448e-001
 1.2542088e-001
 1.2624332e-001
 1.2693648e-001
 1.2750080e-001
 1.2802573e-001
 1.2874217e-001
 1.2957641e-001
 1.3031520e-001
 1.3100654e-001
 1.3161951e-001
 1.3203451e-001
 1.3252681e-001
 1.3299270e-001
 1.3369493e-001
 1.3440415e-001
 1.3499200e-001
 1.3555209e-001
 1.3582799e-001
 1.3612284e-001
 1.3648902e-001
 1.3687448e-001
 1.3750470e-001
 1.3804716e-001
 1.3864888e-001
 1.3911824e-001
 1.3940302e-001
 1.3948871e-001
 1.3962685e-001
 1.3958386e-001
 1.3965626e-001
 1.3967426e-001
 1.4000213e-001
 1.4054327e-001
 1.4114104e-001
 1.4172199e-001
 1.4226463e-001
 1.4250520e-001
 1.4272170e-001
 1.4283578e-001
 1.4311086e-001
 1.4354002e-001
 1.4413005e-001
 1.4484280e-001
 1.4541972e-001
 1.4604872e-001
 1.4635181e-001
 1.4652567e-001
 1.4655474e-001
 1.4669594e-001
 1.4694732e-001
 1.4729314e-001
 1.4764613e-001
 1.4835520e-001
 1.4899936e-001
 1.4959997e-001
 1.5011734e-001
 1.5055393e-001
 1.5081915e-001
 1.5091044e-001
 1.5086111e-001
 1.5084668e-001
 1.5096162e-001
 1.5120606e-001
 1.5161528e-001
 1.5223470e-001
 1.5282908e-001
 1.5348558e-001
 1.5396124e-001
 1.5452951e-001
 1.5484832e-001
 1.5489839e-001
 1.5503757e-001
 1.5497257e-001
 1.5520172e-001
 1.5529238e-001
 1.5535797e-001
 1.5546413e-001
 1.5564732e-001
 1.5581100e-001
 1.5605944e-001
 1.5636109e-001
 1.5649407e-001
 1.5660891e-001
 1.5683278e-001
 1.5688320e-001
 1.5677375e-001
 1.5669951e-001
 1.5668367e-001
 1.5647365e-001
 1.5640958e-001
 1.5650764e-001
 1.5643710e-001
