s07_AV97 Record=1323: Goethite WS219 (limonite)     BECKc AREF
 1.7110346e-002
 1.7963072e-002
 1.8722551e-002
 2.1138659e-002
 2.3019992e-002
 2.5651077e-002
 2.8699121e-002
 3.3547271e-002
 3.6460001e-002
 3.7145235e-002
 3.8001735e-002
 3.9577726e-002
 4.3393154e-002
 4.8492324e-002
 5.6030344e-002
 6.5513887e-002
 7.8273527e-002
 9.3849577e-002
 1.1351354e-001
 1.3526930e-001
 1.5814754e-001
 1.7754567e-001
 1.9221865e-001
 2.0112023e-001
 2.0553271e-001
 2.0709448e-001
 2.0853300e-001
 2.0877618e-001
 2.1006812e-001
 2.1089771e-001
 2.1404667e-001
 2.1846050e-001
 2.1326931e-001
 2.1800545e-001
 2.2113998e-001
 2.2846121e-001
 2.3595628e-001
 2.4385615e-001
 2.5202319e-001
 2.6104075e-001
 2.6808813e-001
 2.7295774e-001
 2.7684858e-001
 2.7710453e-001
 2.7423349e-001
 2.7155218e-001
 2.6630801e-001
 2.5878680e-001
 2.5449127e-001
 2.4645376e-001
 2.3991616e-001
 2.2908744e-001
 2.1794443e-001
 2.1734627e-001
 2.1408507e-001
 2.0836972e-001
 2.0523921e-001
 2.0586531e-001
 2.0689818e-001
 2.0480584e-001
 2.0824616e-001
 2.1003404e-001
 2.0910734e-001
 2.1172240e-001
 2.1568163e-001
 2.1746874e-001
 2.2356217e-001
 2.2665356e-001
 2.3041785e-001
 2.3712867e-001
 2.4023691e-001
 2.4979235e-001
 2.5451422e-001
 2.6247025e-001
 2.7306005e-001
 2.8284061e-001
 2.9316077e-001
 3.0565527e-001
 3.1735435e-001
 3.3213812e-001
 3.4496728e-001
 3.5924736e-001
 3.7475127e-001
 3.9334273e-001
 4.0906546e-001
 4.2610514e-001
 4.4350728e-001
 4.6006697e-001
 4.7820917e-001
 4.9503165e-001
 5.0803864e-001
 5.2514321e-001
 5.4094881e-001
 5.5331880e-001
 5.6748849e-001
 5.7900679e-001
 5.5995172e-001
 5.7380980e-001
 5.8453876e-001
 5.9422833e-001
 6.0153019e-001
 6.1106950e-001
 6.1985099e-001
 6.2346387e-001
 6.2991911e-001
 6.3159144e-001
 6.3403916e-001
 6.3681483e-001
 6.3021785e-001
 6.2097794e-001
 6.1209267e-001
 6.0157305e-001
 6.0353166e-001
 6.0894948e-001
 6.0849494e-001
 6.0880953e-001
 6.0989666e-001
 6.1179084e-001
 6.1513454e-001
 6.1784768e-001
 6.2000668e-001
 6.2368512e-001
 6.2677920e-001
 6.2655091e-001
 6.2532556e-001
 6.2523341e-001
 6.2484545e-001
 6.2412328e-001
 6.2195575e-001
 6.1818057e-001
 6.1427802e-001
 6.0920453e-001
 6.0191709e-001
 5.9859985e-001
 5.9364527e-001
 5.8715528e-001
 5.8336931e-001
 5.8071750e-001
 5.7692647e-001
 5.7177353e-001
 5.6503916e-001
 5.6029713e-001
 5.6058061e-001
 5.5647546e-001
 5.5593735e-001
 5.4865056e-001
 5.4427129e-001
 5.3893590e-001
 5.3618926e-001
 5.3163570e-001
 5.2876961e-001
 5.2737308e-001
 5.2497649e-001
 5.1874983e-001
 5.2181053e-001
 5.1854020e-001
 5.1785451e-001
 5.2058405e-001
 5.1128024e-001
 5.0352991e-001
 5.0538123e-001
 4.9571282e-001
 4.8006499e-001
 4.6864051e-001
 4.6002814e-001
 4.6110216e-001
 4.6372333e-001
 4.6458191e-001
 4.6741286e-001
 4.6909261e-001
 4.7340474e-001
 4.7638527e-001
 4.7535244e-001
 4.7966710e-001
 4.8239487e-001
 4.8326695e-001
 4.8460269e-001
 4.8910943e-001
 4.9204454e-001
 4.9036142e-001
 4.9155435e-001
 4.9181056e-001
 4.9406853e-001
 4.9031666e-001
 4.9297681e-001
 4.9291894e-001
 4.8394659e-001
 4.7861886e-001
 4.7065786e-001
 4.6898180e-001
 4.6954727e-001
 4.6573925e-001
 4.5423892e-001
 4.4308749e-001
 4.5173907e-001
 4.5495126e-001
 4.5048025e-001
 4.4414705e-001
 4.3996975e-001
 4.3696323e-001
 4.3542933e-001
 4.3297908e-001
 4.2113602e-001
 4.1657782e-001
 4.1152880e-001
 4.0263799e-001
 3.9995801e-001
 3.9158562e-001
 3.8532588e-001
 3.8260627e-001
 3.7507451e-001
 3.6826107e-001
 3.6492655e-001
 3.6117259e-001
 3.5705417e-001
 3.5435128e-001
 3.5194609e-001
 3.4819812e-001
 3.4403720e-001
 3.3990145e-001
 3.3726904e-001
 3.3574554e-001
 3.3465138e-001
 3.3344734e-001
