s07_AV97 Record=3012: Smaragdite HS290.4B Amphibol ASDFRb AREF
 9.5005907e-002
 9.5365599e-002
 9.7241491e-002
 9.7941056e-002
 9.8716363e-002
 1.0112396e-001
 1.0453440e-001
 1.0700171e-001
 1.0730828e-001
 1.1042275e-001
 1.1425601e-001
 1.1853743e-001
 1.2162565e-001
 1.2278184e-001
 1.2552281e-001
 1.2726907e-001
 1.2725346e-001
 1.2709132e-001
 1.2669237e-001
 1.2555565e-001
 1.2386670e-001
 1.2182651e-001
 1.1952767e-001
 1.1740662e-001
 1.1536884e-001
 1.1343794e-001
 1.1181150e-001
 1.1058670e-001
 1.0968165e-001
 1.0903095e-001
 1.0875873e-001
 1.0891221e-001
 1.0875513e-001
 1.0885732e-001
 1.0912364e-001
 1.0916829e-001
 1.0998373e-001
 1.1103141e-001
 1.1225275e-001
 1.1366744e-001
 1.1524551e-001
 1.1699416e-001
 1.1886930e-001
 1.2062664e-001
 1.2212129e-001
 1.2314338e-001
 1.2349361e-001
 1.2346091e-001
 1.2295992e-001
 1.2208022e-001
 1.2103269e-001
 1.2002315e-001
 1.1903465e-001
 1.1825567e-001
 1.1772724e-001
 1.1741757e-001
 1.1726491e-001
 1.1734845e-001
 1.1758770e-001
 1.1790033e-001
 1.1820289e-001
 1.1845326e-001
 1.1842359e-001
 1.1849760e-001
 1.1841907e-001
 1.1819521e-001
 1.1799981e-001
 1.1782575e-001
 1.1796232e-001
 1.1833213e-001
 1.2038942e-001
 1.2210217e-001
 1.2511057e-001
 1.2865041e-001
 1.3268092e-001
 1.3707724e-001
 1.4088899e-001
 1.4524594e-001
 1.4957345e-001
 1.5333466e-001
 1.5738130e-001
 1.6106084e-001
 1.6519955e-001
 1.6972141e-001
 1.7384355e-001
 1.7864849e-001
 1.8336149e-001
 1.8900870e-001
 1.9484620e-001
 2.0045349e-001
 2.0733979e-001
 2.1471810e-001
 2.2162987e-001
 2.2952442e-001
 2.3706441e-001
 2.4546669e-001
 2.3282610e-001
 2.4132676e-001
 2.4983092e-001
 2.5892410e-001
 2.6878732e-001
 2.7863693e-001
 2.8918537e-001
 2.9932195e-001
 3.0966905e-001
 3.1988430e-001
 3.2957757e-001
 3.3691519e-001
 3.2730615e-001
 3.0881226e-001
 2.6862869e-001
 2.7598131e-001
 3.1943545e-001
 3.7316751e-001
 4.0052190e-001
 4.1289830e-001
 4.2250028e-001
 4.3254954e-001
 4.4207564e-001
 4.5185640e-001
 4.6133682e-001
 4.7039032e-001
 4.7910360e-001
 4.8743722e-001
 4.9509609e-001
 5.0239909e-001
 5.0976151e-001
 5.1689851e-001
 5.2386409e-001
 5.3041321e-001
 5.3651524e-001
 5.4226118e-001
 5.4750466e-001
 5.5198395e-001
 5.5647558e-001
 5.6063330e-001
 5.6429005e-001
 5.6806755e-001
 5.7214653e-001
 5.7520092e-001
 5.7842237e-001
 5.8132845e-001
 5.8408260e-001
 5.8606309e-001
 5.8715975e-001
 5.8771461e-001
 5.8820468e-001
 5.8865780e-001
 5.8909523e-001
 5.8965230e-001
 5.8945817e-001
 5.8888823e-001
 5.8753473e-001
 5.8566672e-001
 5.8327460e-001
 5.7855022e-001
 5.7335305e-001
 5.6823003e-001
 5.6166422e-001
 5.4991049e-001
 5.5541337e-001
 5.3951573e-001
 5.1385605e-001
 4.8602545e-001
 4.7101995e-001
 4.6879908e-001
 4.7200733e-001
 4.7421804e-001
 4.7483233e-001
 4.7379074e-001
 4.7185034e-001
 4.6981651e-001
 4.6795633e-001
 4.6754408e-001
 4.6767592e-001
 4.6784595e-001
 4.6534878e-001
 4.6010366e-001
 4.5505437e-001
 4.5026830e-001
 4.4469732e-001
 4.3633190e-001
 4.2750859e-001
 4.1567045e-001
 4.0605566e-001
 4.0209380e-001
 4.0233687e-001
 4.0144274e-001
 3.9948651e-001
 3.9709768e-001
 3.9277571e-001
 3.8818339e-001
 3.8370240e-001
 3.8135150e-001
 3.7905940e-001
 3.6731377e-001
 3.2646239e-001
 2.8050137e-001
 2.8641188e-001
 2.9305464e-001
 2.5799829e-001
 2.0908424e-001
 1.7531611e-001
 1.6556644e-001
 1.6242835e-001
 1.7743918e-001
 2.0324698e-001
 2.2836089e-001
 2.3894665e-001
 2.2719124e-001
 2.0170660e-001
 1.8721564e-001
 1.9967920e-001
 2.2182621e-001
 2.3774514e-001
 2.4734946e-001
 2.5171313e-001
 2.4916106e-001
 2.4511574e-001
 2.4099109e-001
 2.3977786e-001
 2.4082744e-001
 2.4415554e-001
-1.2300000e+034
