s07_AV97 Record=4231: Zincite+Franklin HS147.3B    ASDFRb AREF
 6.0804546e-002
 5.9103508e-002
 5.7877287e-002
 5.7302792e-002
 5.6806579e-002
 5.6679785e-002
 5.6789517e-002
 5.6949783e-002
 5.7056848e-002
 5.7286035e-002
 5.7625562e-002
 5.8062043e-002
 5.8685470e-002
 5.9388142e-002
 6.0293023e-002
 6.1317928e-002
 6.2428340e-002
 6.3587755e-002
 6.4934857e-002
 6.6511333e-002
 6.8770818e-002
 7.2107628e-002
 7.6910131e-002
 8.2807630e-002
 9.0093307e-002
 9.7904570e-002
 1.0638544e-001
 1.1429129e-001
 1.2084569e-001
 1.2623526e-001
 1.3064046e-001
 1.3438635e-001
 1.2999186e-001
 1.3372126e-001
 1.3688804e-001
 1.3938044e-001
 1.4133914e-001
 1.4297158e-001
 1.4448357e-001
 1.4592846e-001
 1.4731808e-001
 1.4871825e-001
 1.5015058e-001
 1.5156803e-001
 1.5287539e-001
 1.5420766e-001
 1.5546796e-001
 1.5680388e-001
 1.5824208e-001
 1.5962307e-001
 1.6104031e-001
 1.6248648e-001
 1.6398449e-001
 1.6551682e-001
 1.6718569e-001
 1.6891144e-001
 1.7065945e-001
 1.7227933e-001
 1.7382814e-001
 1.7512827e-001
 1.7618941e-001
 1.7706017e-001
 1.7773485e-001
 1.7827517e-001
 1.7859372e-001
 1.7885715e-001
 1.7901871e-001
 1.7914850e-001
 1.7937066e-001
 1.7898571e-001
 1.7879437e-001
 1.7811859e-001
 1.7782846e-001
 1.7764202e-001
 1.7725392e-001
 1.7709976e-001
 1.7691620e-001
 1.7692809e-001
 1.7701277e-001
 1.7677957e-001
 1.7677023e-001
 1.7663999e-001
 1.7671633e-001
 1.7684157e-001
 1.7694788e-001
 1.7716119e-001
 1.7727457e-001
 1.7724437e-001
 1.7734692e-001
 1.7757726e-001
 1.7797869e-001
 1.7856596e-001
 1.7893043e-001
 1.7939007e-001
 1.7996036e-001
 1.8072857e-001
 1.7958266e-001
 1.8036172e-001
 1.8113060e-001
 1.8201061e-001
 1.8294328e-001
 1.8394394e-001
 1.8527406e-001
 1.8647592e-001
 1.8807344e-001
 1.8984397e-001
 1.9176468e-001
 1.9405639e-001
 1.9664654e-001
 1.9953831e-001
 2.0272198e-001
 2.0644951e-001
 2.1076919e-001
 2.1553268e-001
 2.2060297e-001
 2.2579341e-001
 2.3081602e-001
 2.3643722e-001
 2.4208492e-001
 2.4790753e-001
 2.5350320e-001
 2.5917953e-001
 2.6436737e-001
 2.6961035e-001
 2.7435789e-001
 2.7893218e-001
 2.8314421e-001
 2.8726327e-001
 2.9117322e-001
 2.9456621e-001
 2.9754049e-001
 3.0037162e-001
 3.0307168e-001
 3.0574691e-001
 3.0809000e-001
 3.1027269e-001
 3.1244096e-001
 3.1453243e-001
 3.1653893e-001
 3.1841022e-001
 3.1997621e-001
 3.2141301e-001
 3.2297036e-001
 3.2432133e-001
 3.2566726e-001
 3.2635328e-001
 3.2750103e-001
 3.2845533e-001
 3.2952350e-001
 3.3063519e-001
 3.3137569e-001
 3.3217868e-001
 3.3278891e-001
 3.3360967e-001
 3.3368716e-001
 3.3462867e-001
 3.3542648e-001
 3.3585614e-001
 3.3635190e-001
 3.3652657e-001
 3.3635259e-001
 3.3678138e-001
 3.3640113e-001
 3.3608773e-001
 3.3584821e-001
 3.3584270e-001
 3.3635768e-001
 3.3679506e-001
 3.3703333e-001
 3.3738688e-001
 3.3831313e-001
 3.3911890e-001
 3.3980083e-001
 3.4039924e-001
 3.4138677e-001
 3.4221601e-001
 3.4278750e-001
 3.4359187e-001
 3.4475797e-001
 3.4593830e-001
 3.4650961e-001
 3.4710136e-001
 3.4779742e-001
 3.4865469e-001
 3.4947079e-001
 3.4992856e-001
 3.5027885e-001
 3.5039982e-001
 3.5105580e-001
 3.5133031e-001
 3.5116825e-001
 3.5107893e-001
 3.5151803e-001
 3.5148251e-001
 3.5087517e-001
 3.5050091e-001
 3.5024187e-001
 3.5002568e-001
 3.4969124e-001
 3.4921238e-001
 3.4876078e-001
 3.4871140e-001
 3.4854764e-001
 3.4827089e-001
 3.4812599e-001
 3.4828249e-001
 3.4897998e-001
 3.4994060e-001
 3.5025007e-001
 3.5048702e-001
 3.5091889e-001
 3.5120398e-001
 3.5116097e-001
 3.5127595e-001
 3.5071558e-001
 3.4952059e-001
 3.4847730e-001
 3.4796923e-001
 3.4706417e-001
 3.4585616e-001
 3.4430280e-001
 3.4416005e-001
 3.4460643e-001
-1.2300000e+034
