s07_AV97 Record=1963: Magnetite HS195.3B            BECKb AREF
 6.1163083e-002
 6.1384510e-002
 6.1284930e-002
 6.0999427e-002
 6.0442977e-002
 6.0192179e-002
 5.9392110e-002
 5.9171446e-002
 5.8637239e-002
 5.8048874e-002
 5.7825815e-002
 5.7902507e-002
 5.7996418e-002
 5.7742640e-002
 5.7665713e-002
 5.7726372e-002
 5.7486400e-002
 5.7434995e-002
 5.7599362e-002
 5.7520986e-002
 5.8030367e-002
 5.8019523e-002
 5.8490165e-002
 5.8650520e-002
 5.8286864e-002
 5.8115959e-002
 5.8097016e-002
 5.8045726e-002
 5.7959303e-002
 5.8248959e-002
 5.8195271e-002
 5.7930522e-002
 5.8263935e-002
 5.7982158e-002
 5.8047183e-002
 5.7886183e-002
 5.7634383e-002
 5.7261202e-002
 5.7057735e-002
 5.6632888e-002
 5.6255661e-002
 5.5827145e-002
 5.5213694e-002
 5.5047490e-002
 5.4579165e-002
 5.4440666e-002
 5.3785808e-002
 5.3715594e-002
 5.2928086e-002
 5.1906139e-002
 5.1882945e-002
 5.1268868e-002
 5.3012740e-002
 5.1385324e-002
 4.9824879e-002
 5.1221073e-002
 5.0468862e-002
 4.9606532e-002
 4.7204662e-002
 4.8556101e-002
 4.8015658e-002
 4.6979532e-002
 4.6562809e-002
 4.5541644e-002
 4.6778962e-002
 4.5692451e-002
 4.5303445e-002
 4.4928223e-002
 4.5562208e-002
 4.3784134e-002
 4.3960050e-002
 4.4987474e-002
 4.3608189e-002
 4.3944050e-002
 4.4049721e-002
 4.3867704e-002
 4.4550534e-002
 4.4191282e-002
 4.4184707e-002
 4.4559438e-002
 4.5403093e-002
 4.5227580e-002
 4.5062106e-002
 4.5304514e-002
 4.5350190e-002
 4.6698697e-002
 4.6617873e-002
 4.6891928e-002
 4.7708757e-002
 4.7295783e-002
 4.7407854e-002
 4.7923502e-002
 4.8503447e-002
 4.8115686e-002
 4.8623074e-002
 4.8633512e-002
 4.8006415e-002
 4.9338020e-002
 4.8561059e-002
 5.0589420e-002
 5.0595261e-002
 5.0695010e-002
 5.1175822e-002
 5.1890813e-002
 5.2727200e-002
 5.3164363e-002
 5.3105932e-002
 5.3992499e-002
 5.4292988e-002
 5.5253766e-002
 5.4974675e-002
 5.4991141e-002
 5.5839822e-002
 5.6938212e-002
 5.7769619e-002
 5.7535399e-002
 5.6639701e-002
 5.7475645e-002
 5.8998525e-002
 6.0242921e-002
 6.0656168e-002
 5.9637476e-002
 6.0604293e-002
 6.0510878e-002
 6.0799371e-002
 6.2362608e-002
 6.2393386e-002
 6.3245729e-002
 6.3454159e-002
 6.3046701e-002
 6.4122602e-002
 6.4748541e-002
 6.4116120e-002
 6.4614534e-002
 6.5863423e-002
 6.6469744e-002
 6.6923223e-002
 6.7644142e-002
 6.7805409e-002
 6.8169810e-002
 6.8078950e-002
 6.9582433e-002
 6.8957932e-002
 6.9465317e-002
 6.9525458e-002
 7.2036795e-002
 7.2710358e-002
 6.9542654e-002
 7.1587652e-002
 7.2075881e-002
 7.2364733e-002
 7.2364688e-002
 7.2947092e-002
 7.2244152e-002
 7.3331647e-002
 7.3665284e-002
 7.4663453e-002
 7.3037751e-002
 7.6575682e-002
 7.5839482e-002
 7.7157736e-002
 7.3655799e-002
 7.4951299e-002
 7.4365482e-002
 7.2685525e-002
 7.4405074e-002
 7.4841753e-002
 7.4990362e-002
 7.5515993e-002
 7.7830680e-002
 7.6964654e-002
 7.7601917e-002
 7.9505958e-002
 7.8508183e-002
 7.7430516e-002
 7.7850297e-002
 7.8238122e-002
 7.9615973e-002
 8.1351250e-002
 8.1211329e-002
 7.8765348e-002
 7.8727640e-002
 8.0970526e-002
 8.1278883e-002
 8.3172008e-002
 7.9743721e-002
 8.2225800e-002
 8.0595717e-002
 8.0487981e-002
 8.1916384e-002
 8.2306273e-002
 8.1843816e-002
 8.3222829e-002
 8.2918443e-002
 8.2030118e-002
 8.2852073e-002
 8.4710069e-002
 8.4666818e-002
 8.1212290e-002
 8.1741065e-002
 8.1722893e-002
 8.3770655e-002
 8.3268978e-002
 8.2821719e-002
 8.7112777e-002
 8.5014701e-002
 8.7095119e-002
 8.3593830e-002
 8.2550511e-002
 8.5546650e-002
 8.6276047e-002
 8.7492980e-002
 8.4941611e-002
 8.4195822e-002
 8.5657649e-002
 8.6795717e-002
 8.6922713e-002
 8.5958555e-002
 8.4765777e-002
 8.4132493e-002
 8.4896974e-002
 8.6359747e-002
 8.7542109e-002
 8.7763630e-002
