s07_AV97 Record=3684: Calcite.5+.Ca-Mont.5 AMX6     BECKb AREF
 6.6524965e-001
 6.7484331e-001
 6.8948907e-001
 7.0109123e-001
 7.1412897e-001
 7.2547609e-001
 7.3462617e-001
 7.4397808e-001
 7.5609577e-001
 7.6302606e-001
 7.7008969e-001
 7.7555072e-001
 7.8169334e-001
 7.8720647e-001
 7.9190254e-001
 7.9549849e-001
 8.0035090e-001
 8.0509537e-001
 8.0988419e-001
 8.1575906e-001
 8.2068700e-001
 8.2620043e-001
 8.2924110e-001
 8.3240044e-001
 8.3511126e-001
 8.3640468e-001
 8.3918285e-001
 8.4263635e-001
 8.4393549e-001
 8.4707141e-001
 8.4919429e-001
 8.5209566e-001
 8.4948629e-001
 8.5108662e-001
 8.5345811e-001
 8.5145849e-001
 8.5398775e-001
 8.5460025e-001
 8.5747403e-001
 8.5916305e-001
 8.6060542e-001
 8.6165506e-001
 8.6452788e-001
 8.6419249e-001
 8.6795324e-001
 8.6752987e-001
 8.6980063e-001
 8.7038481e-001
 8.6952686e-001
 8.7357336e-001
 8.7549382e-001
 8.7227869e-001
 8.7269992e-001
 8.7554795e-001
 8.7269431e-001
 8.6960208e-001
 8.7342948e-001
 8.7246418e-001
 8.7140673e-001
 8.6973411e-001
 8.6824495e-001
 8.7040079e-001
 8.6918950e-001
 8.6821717e-001
 8.6801505e-001
 8.7149435e-001
 8.7294823e-001
 8.7366807e-001
 8.7912583e-001
 8.7988752e-001
 8.7917602e-001
 8.8057774e-001
 8.7958235e-001
 8.8219875e-001
 8.8194323e-001
 8.8218707e-001
 8.8218534e-001
 8.8306415e-001
 8.8310564e-001
 8.8193291e-001
 8.8334543e-001
 8.8151860e-001
 8.7649095e-001
 8.7026054e-001
 8.7216967e-001
 8.7485641e-001
 8.7297505e-001
 8.7564439e-001
 8.7698531e-001
 8.7700421e-001
 8.7879384e-001
 8.7791240e-001
 8.7888473e-001
 8.7976724e-001
 8.7813157e-001
 8.7841529e-001
 8.7937075e-001
 8.7783980e-001
 8.7917370e-001
 8.7745208e-001
 8.7508297e-001
 8.7257183e-001
 8.6988485e-001
 8.6697638e-001
 8.6220187e-001
 8.5809058e-001
 8.5293329e-001
 8.4598094e-001
 8.3604455e-001
 8.1325811e-001
 7.7863246e-001
 7.4286050e-001
 7.2232479e-001
 7.2791493e-001
 7.4693364e-001
 7.6012766e-001
 7.6589698e-001
 7.6685381e-001
 7.7564037e-001
 7.8690082e-001
 7.9727691e-001
 8.0376631e-001
 8.0918336e-001
 8.1497484e-001
 8.2085890e-001
 8.2524675e-001
 8.3133590e-001
 8.3038330e-001
 8.3307993e-001
 8.3679873e-001
 8.4117955e-001
 8.4207648e-001
 8.4204978e-001
 8.4462214e-001
 8.4410733e-001
 8.4618390e-001
 8.4614885e-001
 8.4624350e-001
 8.4641910e-001
 8.4496439e-001
 8.4163153e-001
 8.4188581e-001
 8.3773720e-001
 8.3246404e-001
 8.3186466e-001
 8.2718992e-001
 8.2293552e-001
 8.1997561e-001
 8.2371080e-001
 8.1979096e-001
 8.1595457e-001
 8.1327236e-001
 8.1045914e-001
 8.0672050e-001
 8.0086631e-001
 7.9098356e-001
 7.8052974e-001
 7.6375878e-001
 7.2332180e-001
 6.8825293e-001
 6.9768876e-001
 6.6599220e-001
 6.2220395e-001
 5.9397125e-001
 6.0124177e-001
 6.1907727e-001
 6.3175488e-001
 6.3827050e-001
 6.3903719e-001
 6.4092308e-001
 6.4734799e-001
 6.4777029e-001
 6.5200049e-001
 6.7412221e-001
 6.9593245e-001
 7.1311158e-001
 7.2327179e-001
 7.3001552e-001
 7.3452199e-001
 7.3846292e-001
 7.4025184e-001
 7.4260932e-001
 7.4008352e-001
 7.4010319e-001
 7.4082285e-001
 7.4037051e-001
 7.3562962e-001
 7.2562462e-001
 7.2145391e-001
 7.2266382e-001
 7.2645968e-001
 7.1906227e-001
 6.9560337e-001
 6.6310328e-001
 6.5150613e-001
 6.5821153e-001
 6.5725839e-001
 6.5603805e-001
 6.5025514e-001
 6.3590842e-001
 6.1763906e-001
 5.9070617e-001
 5.7188743e-001
 5.6113249e-001
 5.4193205e-001
 5.2311885e-001
 5.0294995e-001
 5.0709176e-001
 5.3973812e-001
 5.7671160e-001
 6.0187227e-001
 6.0239846e-001
 5.9176534e-001
 5.8330470e-001
 5.7510465e-001
 5.5998415e-001
 5.3908962e-001
 5.1567996e-001
 4.9417537e-001
 4.7115499e-001
 4.4998083e-001
 4.3004557e-001
 4.1042608e-001
 3.9127401e-001
