s07_AV97 Record=313: Amphibole NMNH78662         NIC4bbb RREF
-1.2300000e+034
-1.2300000e+034
-1.2300000e+034
-1.2300000e+034
-1.2300000e+034
-1.2300000e+034
-1.2300000e+034
-1.2300000e+034
-1.2300000e+034
-1.2300000e+034
-1.2300000e+034
-1.2300000e+034
-1.2300000e+034
-1.2300000e+034
-1.2300000e+034
-1.2300000e+034
-1.2300000e+034
-1.2300000e+034
-1.2300000e+034
-1.2300000e+034
-1.2300000e+034
-1.2300000e+034
-1.2300000e+034
-1.2300000e+034
-1.2300000e+034
-1.2300000e+034
-1.2300000e+034
-1.2300000e+034
-1.2300000e+034
-1.2300000e+034
-1.2300000e+034
-1.2300000e+034
-1.2300000e+034
-1.2300000e+034
-1.2300000e+034
-1.2300000e+034
-1.2300000e+034
-1.2300000e+034
-1.2300000e+034
-1.2300000e+034
-1.2300000e+034
-1.2300000e+034
-1.2300000e+034
-1.2300000e+034
-1.2300000e+034
-1.2300000e+034
-1.2300000e+034
-1.2300000e+034
-1.2300000e+034
-1.2300000e+034
-1.2300000e+034
-1.2300000e+034
-1.2300000e+034
-1.2300000e+034
-1.2300000e+034
-1.2300000e+034
-1.2300000e+034
-1.2300000e+034
-1.2300000e+034
-1.2300000e+034
-1.2300000e+034
-1.2300000e+034
-1.2300000e+034
-1.2300000e+034
-1.2300000e+034
-1.2300000e+034
-1.2300000e+034
-1.2300000e+034
-1.2300000e+034
-1.2300000e+034
-1.2300000e+034
-1.2300000e+034
-1.2300000e+034
-1.2300000e+034
-1.2300000e+034
-1.2300000e+034
-1.2300000e+034
-1.2300000e+034
-1.2300000e+034
-1.2300000e+034
-1.2300000e+034
-1.2300000e+034
-1.2300000e+034
-1.2300000e+034
-1.2300000e+034
-1.2300000e+034
-1.2300000e+034
-1.2300000e+034
-1.2300000e+034
-1.2300000e+034
-1.2300000e+034
-1.2300000e+034
-1.2300000e+034
-1.2300000e+034
-1.2300000e+034
-1.2300000e+034
-1.2300000e+034
-1.2300000e+034
-1.2300000e+034
-1.2300000e+034
-1.2300000e+034
-1.2300000e+034
-1.2300000e+034
-1.2300000e+034
-1.2300000e+034
-1.2300000e+034
-1.2300000e+034
-1.2300000e+034
-1.2300000e+034
-1.2300000e+034
 5.8819687e-001
 6.0232127e-001
 6.1743164e-001
 6.1820364e-001
 6.1694944e-001
 6.1601520e-001
 6.1575401e-001
 6.1617315e-001
 6.1762363e-001
 6.2089407e-001
 6.2487465e-001
 6.2899226e-001
 6.3320673e-001
 6.3712811e-001
 6.4180261e-001
 6.4734358e-001
 6.5321511e-001
 6.5884924e-001
 6.6371346e-001
 6.6828835e-001
 6.7299247e-001
 6.7828089e-001
 6.8366385e-001
 6.8874329e-001
 6.9323164e-001
 6.9704914e-001
 7.0050645e-001
 7.0415539e-001
 7.0824522e-001
 7.1238196e-001
 7.1624970e-001
 7.1941656e-001
 7.2200263e-001
 7.2433007e-001
 7.2677046e-001
 7.2970808e-001
 7.3286170e-001
 7.3600847e-001
 7.3859179e-001
 7.4037510e-001
 7.4157417e-001
 7.4263954e-001
 7.4343795e-001
 7.4441046e-001
 7.4570704e-001
 7.4692571e-001
 7.4874532e-001
 7.5003266e-001
 7.4917400e-001
 7.5109255e-001
 7.5051701e-001
 7.5078315e-001
 7.4901372e-001
 7.4899232e-001
 7.5090069e-001
 7.5338054e-001
 7.5553346e-001
 7.5686961e-001
 7.5718427e-001
 7.5675577e-001
 7.5597799e-001
 7.5528145e-001
 7.5513321e-001
 7.5577134e-001
 7.5710046e-001
 7.5880122e-001
 7.5943553e-001
 7.5844938e-001
 7.5684088e-001
 7.5562060e-001
 7.5390422e-001
 7.5184149e-001
 7.5062549e-001
 7.4480909e-001
 7.4188560e-001
 7.4342835e-001
 7.4650991e-001
 7.4846208e-001
 7.4952459e-001
 7.5044250e-001
 7.5010705e-001
 7.4971181e-001
 7.4912751e-001
 7.4853307e-001
 7.4786454e-001
 7.4650437e-001
 7.4079001e-001
 7.3193127e-001
 7.2861886e-001
 7.1464580e-001
 6.8660551e-001
 6.5291697e-001
 6.1100113e-001
 6.0107899e-001
 5.9401011e-001
 6.3184977e-001
 6.8422705e-001
 7.0448834e-001
 7.0385671e-001
 6.8955511e-001
 6.5468627e-001
 6.2667018e-001
 6.4870566e-001
 6.7826807e-001
 6.8614489e-001
 6.9295764e-001
 6.9166392e-001
 6.8503195e-001
 6.7965978e-001
 6.7859912e-001
 6.8005067e-001
 6.8219483e-001
 6.8327945e-001
 6.8523335e-001
