s07_AV97 Record=3184: Talc WS659                    BECKb AREF
 8.2853532e-001
 8.3993429e-001
 8.4960026e-001
 8.6064571e-001
 8.6935884e-001
 8.7255341e-001
 8.7824255e-001
 8.8177693e-001
 8.8466233e-001
 8.8884264e-001
 8.9462280e-001
 8.9868963e-001
 9.0351766e-001
 9.0858322e-001
 9.0974838e-001
 9.1587949e-001
 9.1904563e-001
 9.2192054e-001
 9.2575794e-001
 9.2827147e-001
 9.3028867e-001
 9.3163013e-001
 9.3223834e-001
 9.3681753e-001
 9.3788218e-001
 9.3939167e-001
 9.3904948e-001
 9.3964726e-001
 9.4052833e-001
 9.4138068e-001
 9.4160384e-001
 9.4457763e-001
 9.4140971e-001
 9.4416469e-001
 9.4297594e-001
 9.4453454e-001
 9.4311202e-001
 9.4391853e-001
 9.4410825e-001
 9.4517833e-001
 9.4543141e-001
 9.4572204e-001
 9.4460779e-001
 9.4457799e-001
 9.4452584e-001
 9.4332308e-001
 9.4101602e-001
 9.3882304e-001
 9.3553704e-001
 9.3090653e-001
 9.3280697e-001
 9.2813730e-001
 9.2342550e-001
 9.1769052e-001
 9.0962005e-001
 9.0443432e-001
 8.9916325e-001
 8.9205682e-001
 8.8971263e-001
 8.8703203e-001
 8.8451952e-001
 8.7622201e-001
 8.7046266e-001
 8.8855994e-001
 8.9449954e-001
 9.0171140e-001
 9.0382802e-001
 9.0948606e-001
 9.1732311e-001
 9.2198420e-001
 9.2809451e-001
 9.3057770e-001
 9.3287653e-001
 9.3549770e-001
 9.3654650e-001
 9.3818319e-001
 9.3667656e-001
 9.4122535e-001
 9.4159371e-001
 9.4131082e-001
 9.4294071e-001
 9.4293189e-001
 9.4203502e-001
 9.4313449e-001
 9.4134182e-001
 9.4244915e-001
 9.4188619e-001
 9.4227964e-001
 9.4291967e-001
 9.4219136e-001
 9.4365507e-001
 9.4130778e-001
 9.4367856e-001
 9.4351447e-001
 9.4069320e-001
 9.3496454e-001
 9.4116664e-001
 9.3843037e-001
 9.2954117e-001
 9.3264794e-001
 9.3242264e-001
 9.3492842e-001
 9.3583918e-001
 9.3470860e-001
 9.3459398e-001
 9.3260324e-001
 9.2801875e-001
 9.2390597e-001
 9.1198164e-001
 8.3031136e-001
 7.1611267e-001
 8.6684293e-001
 8.8609141e-001
 8.9197654e-001
 8.9732122e-001
 9.0412617e-001
 9.0869170e-001
 9.0974230e-001
 9.1253281e-001
 9.1645610e-001
 9.2051840e-001
 9.2140192e-001
 9.2215234e-001
 9.2418712e-001
 9.2415118e-001
 9.2734045e-001
 9.2819351e-001
 9.3107367e-001
 9.2968214e-001
 9.2805880e-001
 9.2953616e-001
 9.3015629e-001
 9.2957264e-001
 9.2822433e-001
 9.2877465e-001
 9.3059057e-001
 9.2832661e-001
 9.2794174e-001
 9.2888260e-001
 9.3059003e-001
 9.2341143e-001
 9.2782867e-001
 9.2398602e-001
 9.2645067e-001
 9.2049360e-001
 9.2245108e-001
 9.2072505e-001
 9.2273378e-001
 9.1750121e-001
 9.1990876e-001
 9.1952318e-001
 9.1604018e-001
 9.1294253e-001
 9.0669870e-001
 9.0753782e-001
 9.0563244e-001
 9.0322435e-001
 8.9595699e-001
 8.8255107e-001
 8.6235517e-001
 8.6973703e-001
 8.4577566e-001
 8.1794512e-001
 8.0354410e-001
 8.1161219e-001
 8.1749988e-001
 8.2734281e-001
 8.3145839e-001
 8.3321744e-001
 8.3869249e-001
 8.4117174e-001
 8.4115285e-001
 8.4220910e-001
 8.4145379e-001
 8.4698176e-001
 8.5575199e-001
 8.5312498e-001
 8.5068452e-001
 8.4899420e-001
 8.3315998e-001
 8.1459558e-001
 8.2515389e-001
 8.2985455e-001
 8.2551795e-001
 8.1832570e-001
 8.1229192e-001
 8.1079733e-001
 8.2037538e-001
 8.2431674e-001
 8.1252474e-001
 8.0772656e-001
 8.1067991e-001
 8.1342840e-001
 8.1070691e-001
 7.9409796e-001
 7.6844770e-001
 7.6775914e-001
 7.7894485e-001
 7.3590106e-001
 6.7798257e-001
 5.8696216e-001
 4.9030194e-001
 4.5266026e-001
 3.8968518e-001
 4.4502941e-001
 6.1837924e-001
 7.1047419e-001
 7.0430201e-001
 6.7223805e-001
 6.3534331e-001
 5.5728102e-001
 5.3251225e-001
 5.7973349e-001
 6.3398200e-001
 6.6239023e-001
 6.5839195e-001
 6.3754594e-001
 6.1967450e-001
 6.1161387e-001
 6.1155057e-001
 6.1960876e-001
 6.3081139e-001
 6.3944131e-001
 6.4166057e-001
