s07_AV97 Record=3530: Actinolite-Hornfels BR93-5a   BECKc AREF
 4.6602748e-002
 5.0533172e-002
 5.4620184e-002
 5.8184363e-002
 6.1160699e-002
 6.5125465e-002
 7.0380710e-002
 7.6656416e-002
 8.0759235e-002
 8.6539060e-002
 9.0451024e-002
 9.4755359e-002
 9.9401340e-002
 1.0313677e-001
 1.0839638e-001
 1.1306275e-001
 1.1512364e-001
 1.1692476e-001
 1.1793894e-001
 1.1821777e-001
 1.1767838e-001
 1.1547116e-001
 1.1406864e-001
 1.1334001e-001
 1.1292898e-001
 1.1224063e-001
 1.1072922e-001
 1.0898831e-001
 1.0760792e-001
 1.0651033e-001
 1.0539339e-001
 1.0512418e-001
 1.0557559e-001
 1.0509456e-001
 1.0480776e-001
 1.0488337e-001
 1.0467149e-001
 1.0489356e-001
 1.0534619e-001
 1.0623892e-001
 1.0763221e-001
 1.0899597e-001
 1.1120158e-001
 1.1343163e-001
 1.1580956e-001
 1.1810961e-001
 1.1977264e-001
 1.2113594e-001
 1.2231635e-001
 1.2249123e-001
 1.2252644e-001
 1.2209357e-001
 1.2292557e-001
 1.2211289e-001
 1.2126263e-001
 1.2136234e-001
 1.2090070e-001
 1.2067798e-001
 1.1891852e-001
 1.1926509e-001
 1.2183228e-001
 1.2301250e-001
 1.2279575e-001
 1.2380044e-001
 1.2568797e-001
 1.2676589e-001
 1.2709476e-001
 1.2738168e-001
 1.2774770e-001
 1.2850176e-001
 1.3004424e-001
 1.3142447e-001
 1.3231295e-001
 1.3356341e-001
 1.3550845e-001
 1.3645342e-001
 1.3857256e-001
 1.4099792e-001
 1.4313126e-001
 1.4564973e-001
 1.4753443e-001
 1.4992711e-001
 1.5203153e-001
 1.5513037e-001
 1.5726423e-001
 1.5990198e-001
 1.6341090e-001
 1.6722795e-001
 1.6988616e-001
 1.7319590e-001
 1.7684031e-001
 1.8065816e-001
 1.8497995e-001
 1.8867229e-001
 1.9223240e-001
 1.9608100e-001
 1.9015393e-001
 1.9420870e-001
 1.9836448e-001
 2.0313966e-001
 2.0742938e-001
 2.1174537e-001
 2.1624810e-001
 2.2056194e-001
 2.2493114e-001
 2.2848509e-001
 2.3301251e-001
 2.3675050e-001
 2.3886813e-001
 2.3893037e-001
 2.2478022e-001
 2.3173411e-001
 2.4530880e-001
 2.5342029e-001
 2.5835964e-001
 2.6394573e-001
 2.6904666e-001
 2.7261314e-001
 2.7633521e-001
 2.8077447e-001
 2.8506607e-001
 2.8905183e-001
 2.9270604e-001
 2.9626131e-001
 2.9983026e-001
 3.0216780e-001
 3.0674747e-001
 3.0934346e-001
 3.1271660e-001
 3.1584159e-001
 3.1878644e-001
 3.2200015e-001
 3.2482079e-001
 3.2784721e-001
 3.3091983e-001
 3.3316562e-001
 3.3757043e-001
 3.3925611e-001
 3.4124047e-001
 3.4254348e-001
 3.4669584e-001
 3.5091859e-001
 3.5215858e-001
 3.5402960e-001
 3.5690168e-001
 3.5962209e-001
 3.6052808e-001
 3.6220822e-001
 3.6344153e-001
 3.6744189e-001
 3.6873394e-001
 3.6929563e-001
 3.7055802e-001
 3.7033153e-001
 3.7213296e-001
 3.7343147e-001
 3.7324312e-001
 3.7342319e-001
 3.7284598e-001
 3.6806723e-001
 3.7023482e-001
 3.5977322e-001
 3.3947662e-001
 3.2159224e-001
 3.2286969e-001
 3.3289284e-001
 3.3950973e-001
 3.4508839e-001
 3.4820887e-001
 3.5097426e-001
 3.5428804e-001
 3.5731596e-001
 3.5936406e-001
 3.6251703e-001
 3.6565614e-001
 3.6880136e-001
 3.7182584e-001
 3.7360129e-001
 3.7291220e-001
 3.7333453e-001
 3.7318614e-001
 3.7157720e-001
 3.7040594e-001
 3.6566308e-001
 3.6165914e-001
 3.6314821e-001
 3.6528301e-001
 3.6541012e-001
 3.6603007e-001
 3.6761355e-001
 3.6829573e-001
 3.6622375e-001
 3.6368293e-001
 3.6275312e-001
 3.5837218e-001
 3.5404724e-001
 3.4739387e-001
 3.3444002e-001
 3.2793239e-001
 3.2247803e-001
 2.9960620e-001
 2.6681387e-001
 2.4451540e-001
 2.3308659e-001
 2.3028669e-001
 2.4241826e-001
 2.6978710e-001
 2.8320619e-001
 2.8889006e-001
 2.8178078e-001
 2.6189664e-001
 2.4556905e-001
 2.5068504e-001
 2.6168925e-001
 2.6993397e-001
 2.7333182e-001
 2.7263778e-001
 2.6936427e-001
 2.6546451e-001
 2.6146373e-001
 2.5890568e-001
 2.5774983e-001
 2.5772029e-001
 2.5847945e-001
