s07_AV97 Record=2603: Phlogopite WS496             NIC4cc RREF
-1.2300000e+034
-1.2300000e+034
-1.2300000e+034
-1.2300000e+034
-1.2300000e+034
-1.2300000e+034
-1.2300000e+034
-1.2300000e+034
-1.2300000e+034
-1.2300000e+034
-1.2300000e+034
-1.2300000e+034
-1.2300000e+034
-1.2300000e+034
-1.2300000e+034
-1.2300000e+034
-1.2300000e+034
-1.2300000e+034
-1.2300000e+034
-1.2300000e+034
-1.2300000e+034
-1.2300000e+034
-1.2300000e+034
-1.2300000e+034
-1.2300000e+034
-1.2300000e+034
-1.2300000e+034
-1.2300000e+034
-1.2300000e+034
-1.2300000e+034
-1.2300000e+034
-1.2300000e+034
-1.2300000e+034
-1.2300000e+034
-1.2300000e+034
-1.2300000e+034
-1.2300000e+034
-1.2300000e+034
-1.2300000e+034
-1.2300000e+034
-1.2300000e+034
-1.2300000e+034
-1.2300000e+034
-1.2300000e+034
-1.2300000e+034
-1.2300000e+034
-1.2300000e+034
-1.2300000e+034
-1.2300000e+034
-1.2300000e+034
-1.2300000e+034
-1.2300000e+034
-1.2300000e+034
-1.2300000e+034
-1.2300000e+034
-1.2300000e+034
-1.2300000e+034
-1.2300000e+034
-1.2300000e+034
-1.2300000e+034
-1.2300000e+034
-1.2300000e+034
-1.2300000e+034
-1.2300000e+034
-1.2300000e+034
-1.2300000e+034
-1.2300000e+034
-1.2300000e+034
-1.2300000e+034
-1.2300000e+034
-1.2300000e+034
-1.2300000e+034
-1.2300000e+034
-1.2300000e+034
-1.2300000e+034
-1.2300000e+034
-1.2300000e+034
-1.2300000e+034
-1.2300000e+034
-1.2300000e+034
-1.2300000e+034
-1.2300000e+034
-1.2300000e+034
-1.2300000e+034
-1.2300000e+034
-1.2300000e+034
-1.2300000e+034
-1.2300000e+034
-1.2300000e+034
-1.2300000e+034
-1.2300000e+034
-1.2300000e+034
-1.2300000e+034
-1.2300000e+034
-1.2300000e+034
-1.2300000e+034
-1.2300000e+034
-1.2300000e+034
-1.2300000e+034
-1.2300000e+034
-1.2300000e+034
-1.2300000e+034
-1.2300000e+034
-1.2300000e+034
-1.2300000e+034
-1.2300000e+034
-1.2300000e+034
-1.2300000e+034
-1.2300000e+034
-1.2300000e+034
-1.2300000e+034
-1.2300000e+034
-1.2300000e+034
-1.2300000e+034
-1.2300000e+034
-1.2300000e+034
-1.2300000e+034
-1.2300000e+034
-1.2300000e+034
-1.2300000e+034
-1.2300000e+034
-1.2300000e+034
-1.2300000e+034
-1.2300000e+034
-1.2300000e+034
-1.2300000e+034
-1.2300000e+034
-1.2300000e+034
-1.2300000e+034
-1.2300000e+034
-1.2300000e+034
-1.2300000e+034
 5.2479059e-001
 5.2955645e-001
 5.3499192e-001
 5.4016387e-001
 5.4511225e-001
 5.4995245e-001
 5.5472684e-001
 5.5923045e-001
 5.6319851e-001
 5.6677330e-001
 5.7007194e-001
 5.7339948e-001
 5.7671463e-001
 5.8021510e-001
 5.8381766e-001
 5.8715206e-001
 5.9012395e-001
 5.9271759e-001
 5.9494436e-001
 5.9741139e-001
 5.9996545e-001
 6.0253239e-001
 6.0516894e-001
 6.0759318e-001
 6.0919446e-001
 6.1047214e-001
 6.1222905e-001
 6.1318088e-001
 6.1285126e-001
 6.1433059e-001
 6.1594772e-001
 6.1743152e-001
 6.1912799e-001
 6.2096071e-001
 6.2263602e-001
 6.2398362e-001
 6.2503612e-001
 6.2566519e-001
 6.2658620e-001
 6.2797892e-001
 6.2949377e-001
 6.3065803e-001
 6.3182855e-001
 6.3250756e-001
 6.3306886e-001
 6.3356364e-001
 6.3349366e-001
 6.3124144e-001
 6.2428248e-001
 6.2076300e-001
 6.2182283e-001
 6.2365144e-001
 6.2556136e-001
 6.2844205e-001
 6.3124311e-001
 6.3329285e-001
 6.3475662e-001
 6.3667321e-001
 6.3815767e-001
 6.3815457e-001
 6.3706625e-001
 6.3522214e-001
 6.3516605e-001
 6.3111228e-001
 6.1643404e-001
 6.0680753e-001
 6.1239922e-001
 6.1183411e-001
 5.9674948e-001
 5.6888252e-001
 5.4263943e-001
 5.0921047e-001
 4.7545072e-001
 4.6619523e-001
 4.9543259e-001
 5.2353686e-001
 5.2533376e-001
 5.0540495e-001
 4.7998342e-001
 4.8995367e-001
 5.2022821e-001
 5.3282952e-001
 5.3849661e-001
 5.3567773e-001
 5.2757239e-001
 5.2965426e-001
 5.4119807e-001
 5.5010813e-001
 5.5334824e-001
 5.5419379e-001
 5.5064332e-001
 5.5009246e-001
