s07_AV97 Record=4064: Muscov+Jaros CU93-314 coatng  BECKb AREF
 1.9496618e-001
 2.0515347e-001
 2.1800132e-001
 2.3510306e-001
 2.5313750e-001
 2.6296344e-001
 2.6116529e-001
 2.6243103e-001
 2.7858818e-001
 2.9709217e-001
 3.1059462e-001
 3.2130024e-001
 3.3164129e-001
 3.4295881e-001
 3.5547706e-001
 3.6958885e-001
 3.8464254e-001
 4.0117922e-001
 4.1642976e-001
 4.2868912e-001
 4.4117391e-001
 4.5362598e-001
 4.6229094e-001
 4.6557277e-001
 4.6707600e-001
 4.7044313e-001
 4.7734979e-001
 4.8539308e-001
 4.9336565e-001
 5.0128883e-001
 5.0920141e-001
 5.1698971e-001
 5.0790578e-001
 5.1556498e-001
 5.2276146e-001
 5.2924967e-001
 5.3402644e-001
 5.3665859e-001
 5.3802919e-001
 5.3747660e-001
 5.3446573e-001
 5.3048217e-001
 5.2553111e-001
 5.1881403e-001
 5.1214731e-001
 5.0560170e-001
 4.9870491e-001
 4.9131349e-001
 4.8485544e-001
 4.7943684e-001
 4.7230992e-001
 4.6661931e-001
 4.6329525e-001
 4.5796853e-001
 4.5205516e-001
 4.4750005e-001
 4.4349712e-001
 4.4140461e-001
 4.3893525e-001
 4.3574795e-001
 4.3575659e-001
 4.3623984e-001
 4.3592170e-001
 4.3685350e-001
 4.3925810e-001
 4.4316658e-001
 4.4663936e-001
 4.5064321e-001
 4.5512146e-001
 4.6039307e-001
 4.6498963e-001
 4.7049868e-001
 4.7566840e-001
 4.8056257e-001
 4.8610198e-001
 4.8994127e-001
 4.9429074e-001
 4.9757627e-001
 5.0120610e-001
 5.0442022e-001
 5.0752246e-001
 5.1024920e-001
 5.1265532e-001
 5.1602674e-001
 5.1959187e-001
 5.2230614e-001
 5.2655083e-001
 5.3215802e-001
 5.3504801e-001
 5.3887808e-001
 5.4318672e-001
 5.4709572e-001
 5.5111897e-001
 5.5469638e-001
 5.5949539e-001
 5.6356436e-001
 5.5680901e-001
 5.6168801e-001
 5.6557423e-001
 5.6989104e-001
 5.7256979e-001
 5.7654357e-001
 5.7956475e-001
 5.8326054e-001
 5.8585310e-001
 5.8887529e-001
 5.9131175e-001
 5.9153247e-001
 5.8967298e-001
 5.8133727e-001
 5.5533940e-001
 5.2121955e-001
 4.9960813e-001
 5.2520967e-001
 5.5812299e-001
 5.7057607e-001
 5.6679440e-001
 5.5401802e-001
 5.5681980e-001
 5.7210290e-001
 5.7622224e-001
 5.7833850e-001
 5.8042860e-001
 5.8204669e-001
 5.8575988e-001
 5.9068477e-001
 5.9554577e-001
 5.9958494e-001
 6.0287303e-001
 6.0530680e-001
 6.0796130e-001
 6.0919875e-001
 6.0931456e-001
 6.1051875e-001
 6.1152923e-001
 6.1186558e-001
 6.1232877e-001
 6.1297244e-001
 6.1162293e-001
 6.1201906e-001
 6.1193085e-001
 6.1245018e-001
 6.1254388e-001
 6.1054945e-001
 6.0882688e-001
 6.0671377e-001
 6.0472262e-001
 6.0347015e-001
 6.0041672e-001
 6.0055715e-001
 5.9904683e-001
 5.9643680e-001
 5.9197593e-001
 5.8870327e-001
 5.8146137e-001
 5.6256676e-001
 5.5247968e-001
 5.5062366e-001
 5.5426359e-001
 5.4244137e-001
 5.4910320e-001
 5.1890188e-001
 4.7710419e-001
 4.5492414e-001
 4.6100637e-001
 4.6555862e-001
 4.6534494e-001
 4.7003374e-001
 4.7670943e-001
 4.8380107e-001
 4.8960504e-001
 4.9505752e-001
 5.0068980e-001
 5.0717783e-001
 5.1387352e-001
 5.1773703e-001
 5.1902074e-001
 5.1880544e-001
 5.1879394e-001
 5.1683563e-001
 5.1316774e-001
 5.0838274e-001
 5.0478590e-001
 4.9863657e-001
 4.9321616e-001
 4.9002627e-001
 4.8458445e-001
 4.7371480e-001
 4.5999634e-001
 4.4767976e-001
 4.3210459e-001
 4.0901536e-001
 3.7997645e-001
 3.5684580e-001
 3.5413620e-001
 3.6942905e-001
 3.8565740e-001
 3.8317001e-001
 3.6813596e-001
 3.7064558e-001
 3.8689348e-001
 4.1027361e-001
 4.1947803e-001
 4.2005938e-001
 4.1927952e-001
 4.0845519e-001
 3.9642945e-001
 3.8814515e-001
 3.8695061e-001
 3.8690525e-001
 3.8103026e-001
 3.7337562e-001
 3.6457893e-001
 3.5862693e-001
 3.5319796e-001
 3.4408855e-001
 3.3368105e-001
 3.2569662e-001
 3.2075623e-001
 3.1632930e-001
 3.1196290e-001
 3.0801824e-001
 3.0514809e-001
 3.0371502e-001
