s07_AV97 Record=2845: Rhodonite NMNHC6148 >250um    BECKb AREF
 1.7338984e-001
 2.0401825e-001
 2.2790556e-001
 2.3297182e-001
 1.8919130e-001
 1.9068503e-001
 2.2319628e-001
 2.3794036e-001
 2.5714469e-001
 2.8026319e-001
 3.0295354e-001
 3.2071272e-001
 3.2960263e-001
 3.2702059e-001
 3.1267947e-001
 2.8946251e-001
 2.6628819e-001
 2.5209889e-001
 2.5229785e-001
 2.6916027e-001
 3.0339378e-001
 3.5269010e-001
 4.1285256e-001
 4.7507957e-001
 5.3171885e-001
 5.7813710e-001
 6.1190414e-001
 6.3372028e-001
 6.4837646e-001
 6.5930116e-001
 6.6695899e-001
 6.7294300e-001
 6.6588187e-001
 6.7185968e-001
 6.7717779e-001
 6.8118954e-001
 6.8546134e-001
 6.8801427e-001
 6.8906915e-001
 6.9075775e-001
 6.9153166e-001
 6.9214523e-001
 6.9055170e-001
 6.8964773e-001
 6.8676239e-001
 6.8349743e-001
 6.7772579e-001
 6.7025322e-001
 6.6128832e-001
 6.4871985e-001
 6.3613564e-001
 6.2141460e-001
 6.0648578e-001
 5.8999240e-001
 5.7005066e-001
 5.5203408e-001
 5.3208470e-001
 5.0950688e-001
 4.8931226e-001
 4.6919715e-001
 4.5097810e-001
 4.3071491e-001
 4.1491857e-001
 4.0236667e-001
 3.8903031e-001
 3.7806353e-001
 3.6834216e-001
 3.5892826e-001
 3.5286406e-001
 3.4769356e-001
 3.4457141e-001
 3.4207201e-001
 3.4239131e-001
 3.4300929e-001
 3.4563804e-001
 3.5032737e-001
 3.5446882e-001
 3.6281294e-001
 3.7039581e-001
 3.7937289e-001
 3.8985690e-001
 4.0097713e-001
 4.1195792e-001
 4.2483106e-001
 4.3723541e-001
 4.5118219e-001
 4.6604493e-001
 4.8027313e-001
 4.9513626e-001
 5.0924313e-001
 5.2346712e-001
 5.3622395e-001
 5.4884470e-001
 5.6121743e-001
 5.7398146e-001
 5.8359653e-001
 5.6706840e-001
 5.7889587e-001
 5.8859921e-001
 5.9774357e-001
 6.0658687e-001
 6.1304146e-001
 6.1983055e-001
 6.2394339e-001
 6.2817848e-001
 6.3151670e-001
 6.3373297e-001
 6.3622457e-001
 6.3865268e-001
 6.3756663e-001
 6.3624644e-001
 6.3279313e-001
 6.2804234e-001
 6.2803161e-001
 6.2851375e-001
 6.2698013e-001
 6.2667471e-001
 6.2666410e-001
 6.2850910e-001
 6.3038039e-001
 6.3306206e-001
 6.3304085e-001
 6.3468546e-001
 6.3694572e-001
 6.3887143e-001
 6.3997728e-001
 6.4171880e-001
 6.4306182e-001
 6.4519095e-001
 6.4693540e-001
 6.4898711e-001
 6.5015274e-001
 6.5365058e-001
 6.5563095e-001
 6.5721017e-001
 6.5961629e-001
 6.6131324e-001
 6.6452676e-001
 6.6474181e-001
 6.6554087e-001
 6.7073852e-001
 6.7429912e-001
 6.7562443e-001
 6.7336661e-001
 6.7680705e-001
 6.7680341e-001
 6.8002635e-001
 6.7972755e-001
 6.8132484e-001
 6.8169940e-001
 6.8471396e-001
 6.8363082e-001
 6.8256778e-001
 6.8075603e-001
 6.8221551e-001
 6.8336964e-001
 6.8418336e-001
 6.8139172e-001
 6.7532396e-001
 6.6594791e-001
 6.6959137e-001
 6.5463346e-001
 6.3672954e-001
 6.2384266e-001
 6.1243510e-001
 6.0693324e-001
 6.0584861e-001
 6.0389483e-001
 6.0766000e-001
 6.1254752e-001
 6.1631685e-001
 6.2098598e-001
 6.2196505e-001
 6.2512535e-001
 6.2781858e-001
 6.2804776e-001
 6.2856543e-001
 6.2919647e-001
 6.2785488e-001
 6.2695765e-001
 6.2770951e-001
 6.2537825e-001
 6.2337059e-001
 6.2187600e-001
 6.1965001e-001
 6.1795682e-001
 6.1910594e-001
 6.1700279e-001
 6.0966754e-001
 6.0650277e-001
 6.0033119e-001
 5.9853363e-001
 5.9616870e-001
 5.8910435e-001
 5.8763826e-001
 5.8131218e-001
 5.7887554e-001
 5.7688808e-001
 5.7272071e-001
 5.6928605e-001
 5.6583935e-001
 5.6082600e-001
 5.5788755e-001
 5.6099343e-001
 5.5797499e-001
 5.5589533e-001
 5.5579776e-001
 5.5252075e-001
 5.4698533e-001
 5.4363549e-001
 5.4112440e-001
 5.3888762e-001
 5.3931642e-001
 5.3847241e-001
 5.3523463e-001
 5.3052741e-001
 5.2596366e-001
 5.2310419e-001
 5.2174950e-001
 5.2047640e-001
 5.1856488e-001
 5.1605982e-001
 5.1319808e-001
 5.1022756e-001
