s07_AV97 Record=1946: Lizardite NMNHR4687.c  70um  NIC4aa RREF
-1.2300000e+034
-1.2300000e+034
-1.2300000e+034
-1.2300000e+034
-1.2300000e+034
-1.2300000e+034
-1.2300000e+034
-1.2300000e+034
-1.2300000e+034
-1.2300000e+034
-1.2300000e+034
-1.2300000e+034
-1.2300000e+034
-1.2300000e+034
-1.2300000e+034
-1.2300000e+034
-1.2300000e+034
-1.2300000e+034
-1.2300000e+034
-1.2300000e+034
-1.2300000e+034
-1.2300000e+034
-1.2300000e+034
-1.2300000e+034
-1.2300000e+034
-1.2300000e+034
-1.2300000e+034
-1.2300000e+034
-1.2300000e+034
-1.2300000e+034
-1.2300000e+034
-1.2300000e+034
-1.2300000e+034
-1.2300000e+034
-1.2300000e+034
-1.2300000e+034
-1.2300000e+034
-1.2300000e+034
-1.2300000e+034
-1.2300000e+034
-1.2300000e+034
-1.2300000e+034
-1.2300000e+034
-1.2300000e+034
-1.2300000e+034
-1.2300000e+034
-1.2300000e+034
-1.2300000e+034
-1.2300000e+034
-1.2300000e+034
-1.2300000e+034
-1.2300000e+034
-1.2300000e+034
-1.2300000e+034
-1.2300000e+034
-1.2300000e+034
-1.2300000e+034
-1.2300000e+034
-1.2300000e+034
-1.2300000e+034
-1.2300000e+034
-1.2300000e+034
-1.2300000e+034
-1.2300000e+034
-1.2300000e+034
-1.2300000e+034
-1.2300000e+034
-1.2300000e+034
-1.2300000e+034
-1.2300000e+034
-1.2300000e+034
-1.2300000e+034
-1.2300000e+034
-1.2300000e+034
-1.2300000e+034
-1.2300000e+034
-1.2300000e+034
-1.2300000e+034
-1.2300000e+034
-1.2300000e+034
-1.2300000e+034
-1.2300000e+034
-1.2300000e+034
-1.2300000e+034
-1.2300000e+034
-1.2300000e+034
-1.2300000e+034
-1.2300000e+034
-1.2300000e+034
-1.2300000e+034
-1.2300000e+034
-1.2300000e+034
-1.2300000e+034
-1.2300000e+034
-1.2300000e+034
-1.2300000e+034
-1.2300000e+034
-1.2300000e+034
-1.2300000e+034
-1.2300000e+034
-1.2300000e+034
-1.2300000e+034
-1.2300000e+034
-1.2300000e+034
-1.2300000e+034
-1.2300000e+034
 5.3772861e-001
 5.4335099e-001
 5.4204297e-001
 4.9707595e-001
 4.8438871e-001
 5.1169580e-001
 5.4670393e-001
 5.4721624e-001
 5.4769778e-001
 5.4925662e-001
 5.4864717e-001
 5.4767311e-001
 5.4664594e-001
 5.4566157e-001
 5.4468906e-001
 5.4324812e-001
 5.4163080e-001
 5.4040533e-001
 5.3948051e-001
 5.3923196e-001
 5.3913301e-001
 5.3877997e-001
 5.3822994e-001
 5.3763771e-001
 5.3716791e-001
 5.3697652e-001
 5.3708744e-001
 5.3709054e-001
 5.3665048e-001
 5.3599834e-001
 5.3524047e-001
 5.3458494e-001
 5.3412759e-001
 5.3385377e-001
 5.3342450e-001
 5.3278625e-001
 5.3170186e-001
 5.3020006e-001
 5.2901888e-001
 5.2833688e-001
 5.2776653e-001
 5.2717662e-001
 5.2664900e-001
 5.2583438e-001
 5.2461070e-001
 5.2286887e-001
 5.2105075e-001
 5.2050155e-001
 5.2025771e-001
 5.1962870e-001
 5.1827884e-001
 5.1710087e-001
 5.1588207e-001
 5.1177740e-001
 5.1326346e-001
 5.0867677e-001
 5.0334942e-001
 4.9731070e-001
 4.9385279e-001
 4.9195695e-001
 4.9018678e-001
 4.8763767e-001
 4.8399225e-001
 4.8016834e-001
 4.7736543e-001
 4.7637227e-001
 4.7653425e-001
 4.7813442e-001
 4.7870946e-001
 4.7883746e-001
 4.8057562e-001
 4.8434392e-001
 4.8724473e-001
 4.8705447e-001
 4.8377755e-001
 4.7805217e-001
 4.7346148e-001
 4.7022766e-001
 4.6895632e-001
 4.6736720e-001
 4.6670938e-001
 4.7237453e-001
 4.7751820e-001
 4.7932464e-001
 4.7945049e-001
 4.7892201e-001
 4.7832006e-001
 4.7688645e-001
 4.7286516e-001
 4.6364897e-001
 4.4448808e-001
 4.3074548e-001
 4.2393520e-001
 4.0009472e-001
 3.8797006e-001
 3.7771028e-001
 3.6106426e-001
 3.4071755e-001
 3.0871415e-001
 2.9529119e-001
 3.1318110e-001
 3.6188006e-001
 3.8939485e-001
 3.8067833e-001
 3.6579135e-001
 3.6791238e-001
 3.6258182e-001
 3.6140892e-001
 3.6075631e-001
 3.6018962e-001
 3.5022339e-001
 3.5589662e-001
 3.7326705e-001
 3.7074339e-001
 3.5025725e-001
 3.3560833e-001
 3.2907996e-001
 3.1368089e-001
