s07_AV97 Record=2098: Monazite HS255.2B            ASDFRb AREF
 1.0155372e-001
 1.1148460e-001
 1.2391447e-001
 1.3573265e-001
 1.4926866e-001
 1.6285793e-001
 1.7738870e-001
 1.9220547e-001
 2.0505182e-001
 2.1716250e-001
 2.2508425e-001
 2.3386483e-001
 2.4608853e-001
 2.5892806e-001
 2.6680619e-001
 2.7375948e-001
 2.8224924e-001
 3.1153199e-001
 3.3193129e-001
 3.5250822e-001
 3.6385879e-001
 3.2380962e-001
 3.5057849e-001
 4.2183796e-001
 4.6787727e-001
 4.9122879e-001
 5.0149429e-001
 5.1347840e-001
 5.2021414e-001
 5.2722716e-001
 5.3551292e-001
 5.3580457e-001
 5.3490734e-001
 5.3576958e-001
 5.4508448e-001
 5.6774306e-001
 5.8693546e-001
 5.9616095e-001
 5.9133786e-001
 5.0028908e-001
 3.9879441e-001
 4.1652128e-001
 5.2186704e-001
 5.8497298e-001
 5.7829553e-001
 4.7573054e-001
 3.7875798e-001
 4.1118583e-001
 5.0225759e-001
 5.6542194e-001
 5.9056038e-001
 5.9260607e-001
 5.6144607e-001
 5.0258011e-001
 4.9939412e-001
 5.4048085e-001
 5.5790108e-001
 5.7008511e-001
 5.8046710e-001
 5.9612566e-001
 6.0517228e-001
 6.0670537e-001
 6.1629730e-001
 6.2319589e-001
 6.2957728e-001
 6.3008243e-001
 6.3543648e-001
 6.3618922e-001
 6.3521141e-001
 6.3443059e-001
 6.3440388e-001
 6.3233930e-001
 6.2507349e-001
 6.1016971e-001
 5.7544410e-001
 5.4810059e-001
 5.6205082e-001
 5.7893354e-001
 5.8864027e-001
 6.0592115e-001
 6.2971079e-001
 6.4424747e-001
 6.5659660e-001
 6.6747999e-001
 6.7738438e-001
 6.8502814e-001
 6.8571335e-001
 6.7777896e-001
 6.5728992e-001
 6.2141252e-001
 5.6459820e-001
 5.3515911e-001
 5.6792831e-001
 5.9852028e-001
 5.9524363e-001
 6.0835016e-001
 5.9692639e-001
 5.9985888e-001
 6.1700577e-001
 6.3167596e-001
 6.4832866e-001
 6.5946990e-001
 6.6613960e-001
 6.6841012e-001
 6.6614968e-001
 6.5510643e-001
 6.3126761e-001
 5.9382200e-001
 5.6515568e-001
 5.8614612e-001
 6.0966611e-001
 5.9471190e-001
 5.7570899e-001
 5.7607424e-001
 5.7217777e-001
 5.5940247e-001
 5.4945415e-001
 5.3989804e-001
 5.3231162e-001
 5.3714997e-001
 5.5313700e-001
 5.6007898e-001
 5.5437553e-001
 5.4292303e-001
 5.2981079e-001
 5.1842993e-001
 5.1894099e-001
 5.2706897e-001
 5.3531188e-001
 5.4318839e-001
 5.5667019e-001
 5.7597339e-001
 5.9541917e-001
 6.1101288e-001
 6.2598294e-001
 6.4006281e-001
 6.5030378e-001
 6.5500796e-001
 6.5740389e-001
 6.5830338e-001
 6.5819305e-001
 6.6222227e-001
 6.6279966e-001
 6.6933972e-001
 6.7914116e-001
 6.8606514e-001
 6.9309431e-001
 6.9746220e-001
 7.0043826e-001
 7.0239556e-001
 7.0280117e-001
 7.0270979e-001
 7.0136827e-001
 6.9956666e-001
 6.9737697e-001
 6.9284564e-001
 6.8740648e-001
 6.8093431e-001
 6.7177075e-001
 6.5906131e-001
 6.6418594e-001
 6.5075290e-001
 6.3570708e-001
 6.2035763e-001
 6.0801089e-001
 5.9812933e-001
 5.8909416e-001
 5.8349580e-001
 5.8109921e-001
 5.8361238e-001
 5.9100306e-001
 5.9904528e-001
 6.0446590e-001
 6.0797733e-001
 6.1416227e-001
 6.2402141e-001
 6.3302881e-001
 6.4106220e-001
 6.4828598e-001
 6.5374845e-001
 6.5851563e-001
 6.6143537e-001
 6.6377771e-001
 6.6658098e-001
 6.6758847e-001
 6.6890514e-001
 6.6935611e-001
 6.6786402e-001
 6.6648006e-001
 6.6421872e-001
 6.6129184e-001
 6.5837938e-001
 6.5480125e-001
 6.5218055e-001
 6.4983869e-001
 6.4669663e-001
 6.4460194e-001
 6.4345819e-001
 6.4135683e-001
 6.3905370e-001
 6.3529658e-001
 6.3023597e-001
 6.2459290e-001
 6.1904168e-001
 6.1182421e-001
 6.0477883e-001
 5.9440970e-001
 5.8290404e-001
 5.7182676e-001
 5.6565964e-001
 5.5926323e-001
 5.5211335e-001
 5.4421312e-001
 5.3533953e-001
 5.2967262e-001
 5.2573711e-001
 5.2360278e-001
 5.2101123e-001
 5.1995021e-001
 5.1407129e-001
 5.0580525e-001
 5.0220668e-001
 4.9862435e-001
-1.2300000e+034
