s07_AV97 Record=1536: Hornblende HS16.6            ASDFRb AREF
 7.6977447e-002
 7.9520889e-002
 8.2113154e-002
 8.4985495e-002
 8.7740757e-002
 9.1124862e-002
 9.4435960e-002
 9.6633397e-002
 9.8525502e-002
 1.0083120e-001
 1.0254775e-001
 1.0379210e-001
 1.0424175e-001
 1.0409199e-001
 1.0382812e-001
 1.0303930e-001
 1.0188733e-001
 1.0073058e-001
 9.9512540e-002
 9.8284818e-002
 9.7143032e-002
 9.5963880e-002
 9.4969161e-002
 9.4350941e-002
 9.3578525e-002
 9.3163446e-002
 9.2576921e-002
 9.2294194e-002
 9.2094310e-002
 9.1942817e-002
 9.1909640e-002
 9.1981545e-002
 9.1902249e-002
 9.1962188e-002
 9.2091016e-002
 9.2397861e-002
 9.2849724e-002
 9.3377694e-002
 9.4012387e-002
 9.4735891e-002
 9.5682576e-002
 9.6711844e-002
 9.7778052e-002
 9.8884597e-002
 1.0008243e-001
 1.0114595e-001
 1.0197237e-001
 1.0271727e-001
 1.0323167e-001
 1.0354400e-001
 1.0362974e-001
 1.0365040e-001
 1.0370043e-001
 1.0366933e-001
 1.0370364e-001
 1.0401450e-001
 1.0443310e-001
 1.0482930e-001
 1.0548458e-001
 1.0633076e-001
 1.0748048e-001
 1.0863823e-001
 1.0983750e-001
 1.1093681e-001
 1.1232443e-001
 1.1355641e-001
 1.1476224e-001
 1.1588963e-001
 1.1691074e-001
 1.1748125e-001
 1.1864591e-001
 1.1948517e-001
 1.2044074e-001
 1.2130640e-001
 1.2199081e-001
 1.2303602e-001
 1.2387457e-001
 1.2497941e-001
 1.2617058e-001
 1.2686342e-001
 1.2789679e-001
 1.2869351e-001
 1.2943783e-001
 1.3054994e-001
 1.3182540e-001
 1.3321085e-001
 1.3450728e-001
 1.3573109e-001
 1.3711005e-001
 1.3829592e-001
 1.3985823e-001
 1.4164492e-001
 1.4338847e-001
 1.4534687e-001
 1.4706448e-001
 1.4888711e-001
 1.4605662e-001
 1.4802364e-001
 1.4981864e-001
 1.5173338e-001
 1.5397671e-001
 1.5580332e-001
 1.5760158e-001
 1.5944852e-001
 1.6136621e-001
 1.6311377e-001
 1.6484281e-001
 1.6642961e-001
 1.6769008e-001
 1.6834481e-001
 1.6843599e-001
 1.7054801e-001
 1.7387648e-001
 1.7627563e-001
 1.7815152e-001
 1.7915723e-001
 1.8074170e-001
 1.8254574e-001
 1.8409839e-001
 1.8557997e-001
 1.8709296e-001
 1.8840218e-001
 1.8975614e-001
 1.9156790e-001
 1.9338147e-001
 1.9499670e-001
 1.9605125e-001
 1.9708359e-001
 1.9833626e-001
 1.9960095e-001
 2.0121911e-001
 2.0233576e-001
 2.0375712e-001
 2.0519955e-001
 2.0612988e-001
 2.0652546e-001
 2.0744431e-001
 2.0848475e-001
 2.0944510e-001
 2.1026164e-001
 2.1128355e-001
 2.1225186e-001
 2.1345285e-001
 2.1459258e-001
 2.1583600e-001
 2.1716365e-001
 2.1776025e-001
 2.1833311e-001
 2.1972370e-001
 2.2027369e-001
 2.2065522e-001
 2.2128385e-001
 2.2212613e-001
 2.2294576e-001
 2.2335607e-001
 2.2439107e-001
 2.2461002e-001
 2.2531553e-001
 2.2605161e-001
 2.2597112e-001
 2.2599424e-001
 2.2598058e-001
 2.2527057e-001
 2.2467324e-001
 2.2460493e-001
 2.2494036e-001
 2.2554161e-001
 2.2630335e-001
 2.2658931e-001
 2.2695246e-001
 2.2727078e-001
 2.2747512e-001
 2.2732720e-001
 2.2781093e-001
 2.2790848e-001
 2.2793098e-001
 2.2812241e-001
 2.2816652e-001
 2.2790936e-001
 2.2777747e-001
 2.2801618e-001
 2.2756800e-001
 2.2645843e-001
 2.2559161e-001
 2.2563908e-001
 2.2557391e-001
 2.2561951e-001
 2.2527708e-001
 2.2486266e-001
 2.2486952e-001
 2.2534014e-001
 2.2525835e-001
 2.2482072e-001
 2.2489446e-001
 2.2427621e-001
 2.2290161e-001
 2.2143105e-001
 2.1988246e-001
 2.1767218e-001
 2.1572013e-001
 2.1259618e-001
 2.0782448e-001
 2.0084205e-001
 1.9216551e-001
 1.8569784e-001
 1.8378246e-001
 1.8624739e-001
 1.9121729e-001
 1.9559221e-001
 1.9538797e-001
 1.9126467e-001
 1.8763317e-001
 1.8744095e-001
 1.9068901e-001
 1.9485947e-001
 1.9706514e-001
 1.9828777e-001
 1.9803308e-001
 1.9740812e-001
 1.9571406e-001
 1.9466014e-001
 1.9373095e-001
 1.9476548e-001
-1.2300000e+034
