s07_AV97 Record=3471: Witherite HS273.3B            BECKa AREF
 6.3280350e-001
 6.4882243e-001
 6.6369164e-001
 6.8036592e-001
 6.9494855e-001
 7.0727468e-001
 7.1879774e-001
 7.2860491e-001
 7.3769605e-001
 7.4788135e-001
 7.5725126e-001
 7.6460546e-001
 7.7246678e-001
 7.7871245e-001
 7.8549713e-001
 7.9349703e-001
 8.0022222e-001
 8.0575120e-001
 8.1059700e-001
 8.1378388e-001
 8.1643283e-001
 8.1919938e-001
 8.2309306e-001
 8.2444090e-001
 8.2554781e-001
 8.2778490e-001
 8.2920676e-001
 8.3089989e-001
 8.3364010e-001
 8.3572006e-001
 8.3695799e-001
 8.3937508e-001
 8.3675539e-001
 8.3864135e-001
 8.4116632e-001
 8.4292418e-001
 8.4358752e-001
 8.4518194e-001
 8.4648126e-001
 8.4792966e-001
 8.4876919e-001
 8.4931624e-001
 8.5059613e-001
 8.5154319e-001
 8.5141057e-001
 8.5161686e-001
 8.5290468e-001
 8.5307842e-001
 8.5368288e-001
 8.5448110e-001
 8.5457051e-001
 8.5873359e-001
 8.6039335e-001
 8.6014205e-001
 8.6039048e-001
 8.5836005e-001
 8.6020696e-001
 8.6377770e-001
 8.5982060e-001
 8.6185980e-001
 8.6210138e-001
 8.6264533e-001
 8.6281520e-001
 8.6271697e-001
 8.6486554e-001
 8.6559731e-001
 8.6479574e-001
 8.6470622e-001
 8.6398190e-001
 8.6415857e-001
 8.6409593e-001
 8.6546403e-001
 8.6823142e-001
 8.6745983e-001
 8.6703092e-001
 8.6752194e-001
 8.6840045e-001
 8.6851555e-001
 8.6829096e-001
 8.6888856e-001
 8.6814350e-001
 8.6924911e-001
 8.6850202e-001
 8.6888772e-001
 8.6822569e-001
 8.6950505e-001
 8.6950624e-001
 8.7076193e-001
 8.6938262e-001
 8.6979282e-001
 8.6947572e-001
 8.6940062e-001
 8.6918515e-001
 8.7075102e-001
 8.7125504e-001
 8.7030923e-001
 8.7125331e-001
 8.7032181e-001
 8.7040168e-001
 8.6905724e-001
 8.7028283e-001
 8.6915892e-001
 8.7013090e-001
 8.6978507e-001
 8.6920226e-001
 8.6998332e-001
 8.7027580e-001
 8.7014091e-001
 8.6876255e-001
 8.6882192e-001
 8.6608207e-001
 8.6544853e-001
 8.6568469e-001
 8.6532730e-001
 8.6473197e-001
 8.6462468e-001
 8.6518013e-001
 8.6654842e-001
 8.6599827e-001
 8.6632329e-001
 8.6526918e-001
 8.6597377e-001
 8.6680329e-001
 8.6786693e-001
 8.6772263e-001
 8.6962950e-001
 8.7046677e-001
 8.7047780e-001
 8.6966449e-001
 8.6918533e-001
 8.7010741e-001
 8.6848503e-001
 8.6767542e-001
 8.6878717e-001
 8.6938316e-001
 8.6914647e-001
 8.6843574e-001
 8.6929989e-001
 8.6663508e-001
 8.6497438e-001
 8.6575681e-001
 8.6789095e-001
 8.6757064e-001
 8.6289972e-001
 8.6307716e-001
 8.5918158e-001
 8.5945868e-001
 8.5830790e-001
 8.6042070e-001
 8.6235529e-001
 8.6170208e-001
 8.5688651e-001
 8.6201841e-001
 8.6205518e-001
 8.6249548e-001
 8.6126566e-001
 8.5719496e-001
 8.5339236e-001
 8.4659129e-001
 8.3582145e-001
 8.3936971e-001
 8.3202010e-001
 8.2506794e-001
 7.9839534e-001
 7.7969003e-001
 8.0292493e-001
 8.2670629e-001
 8.2940573e-001
 8.3494562e-001
 8.3856386e-001
 8.4064043e-001
 8.3882171e-001
 8.2871592e-001
 8.2689410e-001
 8.2855260e-001
 8.1788123e-001
 7.8682423e-001
 7.8105205e-001
 8.2543164e-001
 8.4859461e-001
 8.5454333e-001
 8.5712093e-001
 8.6092675e-001
 8.6067384e-001
 8.6202848e-001
 8.6373615e-001
 8.6053044e-001
 8.5036713e-001
 8.4098840e-001
 8.4213364e-001
 8.3480668e-001
 8.2241303e-001
 7.9191554e-001
 7.6263690e-001
 7.8809500e-001
 8.1983215e-001
 8.1964999e-001
 8.0965084e-001
 7.9396313e-001
 7.7938247e-001
 7.6550609e-001
 7.4975163e-001
 7.2338247e-001
 6.9167984e-001
 6.6387290e-001
 6.3405675e-001
 6.1615419e-001
 6.0270619e-001
 5.9051794e-001
 5.6144810e-001
 4.9475166e-001
 4.3950558e-001
 4.8245627e-001
 5.7703358e-001
 6.6676980e-001
 7.1238118e-001
 7.2532076e-001
 7.2873133e-001
 7.2977507e-001
 7.2819144e-001
 7.2223747e-001
 7.0750427e-001
 6.7900670e-001
 6.3534188e-001
