s07_AV97 Record=1609: Hypersthene PYX02.e 34um      BECKc AREF
 2.6914108e-001
 2.9174814e-001
 3.1276044e-001
 3.3249411e-001
 3.5215735e-001
 3.6711210e-001
 3.7656045e-001
 3.9259568e-001
 4.0131107e-001
 4.1033864e-001
 4.1904876e-001
 4.2797640e-001
 4.3858659e-001
 4.4748420e-001
 4.4918713e-001
 4.6780053e-001
 4.7480100e-001
 4.7676277e-001
 4.7474605e-001
 4.8158970e-001
 4.8923299e-001
 4.9352807e-001
 4.9701700e-001
 5.0006497e-001
 5.0271720e-001
 5.0468463e-001
 5.0754678e-001
 5.1001471e-001
 5.1247573e-001
 5.1488334e-001
 5.1700342e-001
 5.1908982e-001
 5.1663077e-001
 5.1879680e-001
 5.2010596e-001
 5.2048594e-001
 5.2014923e-001
 5.1767397e-001
 5.1207691e-001
 5.0378162e-001
 4.9145225e-001
 4.7381994e-001
 4.5146546e-001
 4.2557120e-001
 3.9561784e-001
 3.6342138e-001
 3.3127126e-001
 2.9880819e-001
 2.6894140e-001
 2.4154541e-001
 2.1833336e-001
 1.9879316e-001
 1.8040662e-001
 1.6518806e-001
 1.5481146e-001
 1.4725013e-001
 1.4170069e-001
 1.3842793e-001
 1.3710414e-001
 1.3730384e-001
 1.4178444e-001
 1.4778006e-001
 1.5769449e-001
 1.6988266e-001
 1.8809177e-001
 2.0773129e-001
 2.3157874e-001
 2.5840819e-001
 2.9068717e-001
 3.2300130e-001
 3.5447633e-001
 3.8551822e-001
 4.1578469e-001
 4.4429427e-001
 4.6672869e-001
 4.8664218e-001
 5.0341362e-001
 5.1620382e-001
 5.2586234e-001
 5.3416520e-001
 5.4024839e-001
 5.4544204e-001
 5.4868329e-001
 5.5167627e-001
 5.5349559e-001
 5.5673259e-001
 5.5806303e-001
 5.5951637e-001
 5.6039965e-001
 5.6169742e-001
 5.6295800e-001
 5.6338751e-001
 5.6405741e-001
 5.6513917e-001
 5.6535679e-001
 5.6508905e-001
 5.6532425e-001
 5.6548166e-001
 5.6520051e-001
 5.6438613e-001
 5.6347239e-001
 5.6165487e-001
 5.6027520e-001
 5.5832446e-001
 5.5599958e-001
 5.5214155e-001
 5.4848129e-001
 5.4446071e-001
 5.3878397e-001
 5.2570152e-001
 5.1035744e-001
 5.1469874e-001
 5.1164389e-001
 5.0673419e-001
 5.0018758e-001
 4.9300450e-001
 4.8490930e-001
 4.7665346e-001
 4.6824419e-001
 4.5841455e-001
 4.4938064e-001
 4.3964976e-001
 4.2949909e-001
 4.2005676e-001
 4.1034144e-001
 4.0087676e-001
 3.9056385e-001
 3.8196546e-001
 3.7229136e-001
 3.6191821e-001
 3.5389963e-001
 3.4510094e-001
 3.3560765e-001
 3.2759973e-001
 3.1968978e-001
 3.1197995e-001
 3.0470026e-001
 2.9623944e-001
 2.8975156e-001
 2.8429136e-001
 2.7743456e-001
 2.7372247e-001
 2.6647648e-001
 2.5947893e-001
 2.5702205e-001
 2.4946372e-001
 2.4691294e-001
 2.4327844e-001
 2.4134916e-001
 2.3872679e-001
 2.3668142e-001
 2.3436049e-001
 2.3076037e-001
 2.2953179e-001
 2.2842887e-001
 2.2772853e-001
 2.2855563e-001
 2.2764969e-001
 2.2793056e-001
 2.2884323e-001
 2.2868377e-001
 2.2924505e-001
 2.3075832e-001
 2.3253076e-001
 2.3508051e-001
 2.3648499e-001
 2.3845220e-001
 2.4331270e-001
 2.4638012e-001
 2.5232124e-001
 2.5760150e-001
 2.6244968e-001
 2.6595569e-001
 2.7331093e-001
 2.7809018e-001
 2.8489992e-001
 2.9343274e-001
 2.9972523e-001
 3.0878049e-001
 3.1619427e-001
 3.2386050e-001
 3.3360144e-001
 3.4273854e-001
 3.5143706e-001
 3.6113167e-001
 3.7022164e-001
 3.7964684e-001
 3.8904503e-001
 3.9744771e-001
 4.0641591e-001
 4.1377655e-001
 4.2121917e-001
 4.2856783e-001
 4.3646923e-001
 4.4237974e-001
 4.4942835e-001
 4.5566922e-001
 4.6343431e-001
 4.6738657e-001
 4.7234192e-001
 4.7242153e-001
 4.7060090e-001
 4.6640047e-001
 4.6243432e-001
 4.6972716e-001
 4.8875019e-001
 4.9674597e-001
 5.0182086e-001
 5.0622916e-001
 5.1101154e-001
 5.0832605e-001
 5.0911850e-001
 5.1109868e-001
 5.1610214e-001
 5.2127182e-001
 5.2235365e-001
 5.2099079e-001
 5.2014738e-001
 5.2048671e-001
 5.2180451e-001
 5.2374345e-001
 5.2570921e-001
 5.2706486e-001
 5.2738923e-001
