s07_AV97 Record=3717: Calcite.7+Kaolin-wxl.3 AMX9   BECKa AREF
 7.2406185e-001
 7.4674284e-001
 7.6899379e-001
 7.8894120e-001
 8.1001067e-001
 8.2831997e-001
 8.4436578e-001
 8.5867369e-001
 8.7209797e-001
 8.7846982e-001
 8.8596934e-001
 8.9126903e-001
 8.9757788e-001
 9.0218437e-001
 9.0502775e-001
 9.0804482e-001
 9.1125846e-001
 9.1516149e-001
 9.1589695e-001
 9.1919184e-001
 9.2126000e-001
 9.2339534e-001
 9.2615330e-001
 9.2860407e-001
 9.2979091e-001
 9.2997622e-001
 9.3184227e-001
 9.3389332e-001
 9.3395615e-001
 9.3543726e-001
 9.3863982e-001
 9.4164276e-001
 9.3814886e-001
 9.4138098e-001
 9.4137061e-001
 9.4234318e-001
 9.4202256e-001
 9.4368631e-001
 9.4627637e-001
 9.4722658e-001
 9.4754922e-001
 9.4848871e-001
 9.5104033e-001
 9.5022029e-001
 9.5239490e-001
 9.5282561e-001
 9.5276803e-001
 9.5418638e-001
 9.5541710e-001
 9.5800912e-001
 9.6069050e-001
 9.5894665e-001
 9.5699698e-001
 9.6101266e-001
 9.5833743e-001
 9.5615470e-001
 9.5968163e-001
 9.5380926e-001
 9.5665044e-001
 9.5601857e-001
 9.5540917e-001
 9.5543444e-001
 9.5442927e-001
 9.5502609e-001
 9.5532310e-001
 9.6177250e-001
 9.6012884e-001
 9.6044844e-001
 9.6513498e-001
 9.6552104e-001
 9.6420807e-001
 9.6639371e-001
 9.6355796e-001
 9.6556348e-001
 9.6551287e-001
 9.6522015e-001
 9.6572679e-001
 9.6592247e-001
 9.6590698e-001
 9.6518087e-001
 9.6672487e-001
 9.6697050e-001
 9.6519023e-001
 9.6503544e-001
 9.6622390e-001
 9.6637040e-001
 9.6170861e-001
 9.6480286e-001
 9.6372521e-001
 9.6315551e-001
 9.6248138e-001
 9.5897412e-001
 9.5864242e-001
 9.5889348e-001
 9.6004987e-001
 9.6022874e-001
 9.5966476e-001
 9.5991081e-001
 9.6003759e-001
 9.5634490e-001
 9.5217258e-001
 9.4817859e-001
 9.4552082e-001
 9.4350052e-001
 9.4090420e-001
 9.3964666e-001
 9.2949039e-001
 9.2497587e-001
 9.2328280e-001
 9.0523148e-001
 8.8349718e-001
 8.8451165e-001
 8.8271928e-001
 9.2412966e-001
 9.4381869e-001
 9.4910038e-001
 9.5194846e-001
 9.5350438e-001
 9.5636189e-001
 9.5877111e-001
 9.5915663e-001
 9.5832777e-001
 9.5929122e-001
 9.5916069e-001
 9.6034861e-001
 9.6201515e-001
 9.6210057e-001
 9.5798755e-001
 9.5765853e-001
 9.5920593e-001
 9.6133816e-001
 9.6213162e-001
 9.6055770e-001
 9.6038008e-001
 9.5790082e-001
 9.5880961e-001
 9.5661384e-001
 9.5692915e-001
 9.5531934e-001
 9.5393056e-001
 9.4999379e-001
 9.5094568e-001
 9.4630778e-001
 9.4182706e-001
 9.4259655e-001
 9.3951535e-001
 9.3847185e-001
 9.3910718e-001
 9.4484061e-001
 9.4299060e-001
 9.3840206e-001
 9.3519419e-001
 9.3216258e-001
 9.2534751e-001
 9.2147392e-001
 9.1238189e-001
 9.1163361e-001
 9.0546077e-001
 8.8148385e-001
 8.8527799e-001
 8.7989283e-001
 9.0122956e-001
 9.1393244e-001
 9.1255015e-001
 9.0908885e-001
 9.0709955e-001
 9.0473771e-001
 9.0140784e-001
 8.9453673e-001
 8.8713974e-001
 8.8408041e-001
 8.7136942e-001
 8.6552620e-001
 8.8434911e-001
 9.0008456e-001
 9.0641713e-001
 9.0919030e-001
 9.0972430e-001
 9.0720493e-001
 9.0418768e-001
 8.9702791e-001
 8.9289832e-001
 8.8521808e-001
 8.7538141e-001
 8.6611301e-001
 8.5980636e-001
 8.3618766e-001
 7.9457641e-001
 7.7287918e-001
 7.7554560e-001
 7.9030138e-001
 7.9169351e-001
 7.7287143e-001
 7.5711519e-001
 7.8227699e-001
 7.9715937e-001
 7.8048009e-001
 7.6372546e-001
 7.4505293e-001
 7.1979779e-001
 6.9427228e-001
 6.6005778e-001
 6.3609135e-001
 6.2702781e-001
 6.0512972e-001
 5.8689570e-001
 5.6797749e-001
 5.7898825e-001
 6.2808836e-001
 6.9131082e-001
 7.2871602e-001
 7.3647547e-001
 7.3510408e-001
 7.3332721e-001
 7.2672641e-001
 7.0803231e-001
 6.8059480e-001
 6.5025765e-001
 6.2279683e-001
 5.9328622e-001
 5.6565243e-001
 5.3947568e-001
 5.1407921e-001
 4.9003077e-001
