s07_AV97 Record=4228: Zincite+Franklin HS147.2B    ASDFRb AREF
 6.2915370e-002
 6.1221775e-002
 5.9858285e-002
 5.9089042e-002
 5.8664791e-002
 5.8519617e-002
 5.8682978e-002
 5.9027884e-002
 5.9371948e-002
 5.9808921e-002
 6.0515560e-002
 6.1379787e-002
 6.2647685e-002
 6.4301684e-002
 6.6502132e-002
 6.9403797e-002
 7.3108070e-002
 7.7719003e-002
 8.3588123e-002
 9.0487465e-002
 9.8551184e-002
 1.0774692e-001
 1.1735895e-001
 1.2629105e-001
 1.3490137e-001
 1.4277889e-001
 1.5014802e-001
 1.5652587e-001
 1.6171770e-001
 1.6595639e-001
 1.6943137e-001
 1.7241035e-001
 1.6890879e-001
 1.7189512e-001
 1.7437492e-001
 1.7645365e-001
 1.7803256e-001
 1.7942463e-001
 1.8095025e-001
 1.8249018e-001
 1.8424754e-001
 1.8588246e-001
 1.8748793e-001
 1.8912214e-001
 1.9095798e-001
 1.9304007e-001
 1.9523443e-001
 1.9756457e-001
 2.0019433e-001
 2.0287310e-001
 2.0568627e-001
 2.0884469e-001
 2.1236204e-001
 2.1659660e-001
 2.2148074e-001
 2.2681352e-001
 2.3226731e-001
 2.3751801e-001
 2.4208018e-001
 2.4595742e-001
 2.4896662e-001
 2.5133559e-001
 2.5260952e-001
 2.5342503e-001
 2.5364846e-001
 2.5326595e-001
 2.5235173e-001
 2.5116459e-001
 2.4994740e-001
 2.4766062e-001
 2.4610446e-001
 2.4388562e-001
 2.4167399e-001
 2.4013601e-001
 2.3842523e-001
 2.3703700e-001
 2.3584493e-001
 2.3455060e-001
 2.3381458e-001
 2.3317869e-001
 2.3293200e-001
 2.3255089e-001
 2.3251772e-001
 2.3244625e-001
 2.3285258e-001
 2.3329541e-001
 2.3382024e-001
 2.3457214e-001
 2.3592791e-001
 2.3740672e-001
 2.3911436e-001
 2.4140716e-001
 2.4373607e-001
 2.4632882e-001
 2.4933940e-001
 2.5297716e-001
 2.4749269e-001
 2.5123718e-001
 2.5489461e-001
 2.5896078e-001
 2.6342461e-001
 2.6887381e-001
 2.7490741e-001
 2.8120989e-001
 2.8839740e-001
 2.9588127e-001
 3.0367509e-001
 3.1285068e-001
 3.2227287e-001
 3.3199611e-001
 3.4206587e-001
 3.5298532e-001
 3.6410484e-001
 3.7508434e-001
 3.8616347e-001
 3.9659801e-001
 4.0620017e-001
 4.1603860e-001
 4.2538595e-001
 4.3488967e-001
 4.4296050e-001
 4.5035276e-001
 4.5786420e-001
 4.6462467e-001
 4.7079423e-001
 4.7657204e-001
 4.8182270e-001
 4.8678115e-001
 4.9156162e-001
 4.9559706e-001
 4.9898517e-001
 5.0277668e-001
 5.0640589e-001
 5.0951678e-001
 5.1220393e-001
 5.1541311e-001
 5.1741052e-001
 5.1980692e-001
 5.2272844e-001
 5.2505481e-001
 5.2692586e-001
 5.2899873e-001
 5.3102368e-001
 5.3254396e-001
 5.3462648e-001
 5.3546691e-001
 5.3659308e-001
 5.3822798e-001
 5.3951836e-001
 5.4064023e-001
 5.4173440e-001
 5.4320633e-001
 5.4396749e-001
 5.4480636e-001
 5.4455340e-001
 5.4707235e-001
 5.4789263e-001
 5.4922718e-001
 5.5018932e-001
 5.5091447e-001
 5.5041701e-001
 5.5172110e-001
 5.5245918e-001
 5.5120057e-001
 5.5102152e-001
 5.5138630e-001
 5.5301291e-001
 5.5220497e-001
 5.5203676e-001
 5.5345672e-001
 5.5397266e-001
 5.5558097e-001
 5.5648291e-001
 5.5687439e-001
 5.5837041e-001
 5.5947101e-001
 5.6088519e-001
 5.6125718e-001
 5.6260937e-001
 5.6489617e-001
 5.6540602e-001
 5.6643844e-001
 5.6766039e-001
 5.6879234e-001
 5.6955802e-001
 5.6983894e-001
 5.7061297e-001
 5.7084918e-001
 5.7173699e-001
 5.7172817e-001
 5.7134938e-001
 5.7100219e-001
 5.7168591e-001
 5.7195324e-001
 5.7178867e-001
 5.7151079e-001
 5.7137614e-001
 5.7091939e-001
 5.7021672e-001
 5.6974190e-001
 5.7041216e-001
 5.7041532e-001
 5.7065779e-001
 5.7110077e-001
 5.7005000e-001
 5.6981230e-001
 5.7117659e-001
 5.7320172e-001
 5.7306778e-001
 5.7368553e-001
 5.7312822e-001
 5.7265800e-001
 5.7347530e-001
 5.7345831e-001
 5.7297760e-001
 5.7236916e-001
 5.7130551e-001
 5.7263988e-001
 5.7148904e-001
 5.6798691e-001
 5.6623966e-001
 5.6652832e-001
 5.6693113e-001
-1.2300000e+034
