s07_AV97 Record=2763: Pyroxene HS119.3B            ASDFRc AREF
 8.9958191e-002
 9.1420680e-002
 9.4654672e-002
 9.7082667e-002
 9.9634938e-002
 1.0315653e-001
 1.0706709e-001
 1.0980989e-001
 1.1225909e-001
 1.1527722e-001
 1.1865602e-001
 1.2268490e-001
 1.2631892e-001
 1.3004915e-001
 1.3389175e-001
 1.3660152e-001
 1.3839829e-001
 1.3936758e-001
 1.3929506e-001
 1.3814409e-001
 1.3620625e-001
 1.3367194e-001
 1.3068679e-001
 1.2758735e-001
 1.2440614e-001
 1.2128023e-001
 1.1798235e-001
 1.1496030e-001
 1.1203582e-001
 1.0912062e-001
 1.0643076e-001
 1.0387374e-001
 1.0685016e-001
 1.0435596e-001
 1.0197311e-001
 9.9679321e-002
 9.7547993e-002
 9.5539413e-002
 9.3627833e-002
 9.1887884e-002
 9.0283200e-002
 8.8845566e-002
 8.7588958e-002
 8.6542219e-002
 8.5726544e-002
 8.5164525e-002
 8.4848367e-002
 8.4821083e-002
 8.5099198e-002
 8.5694112e-002
 8.6497866e-002
 8.7438487e-002
 8.8391826e-002
 8.9201085e-002
 8.9780688e-002
 9.0052269e-002
 8.9983642e-002
 8.9643098e-002
 8.9202285e-002
 8.8542908e-002
 8.7830670e-002
 8.7184452e-002
 8.6540274e-002
 8.6000822e-002
 8.5710086e-002
 8.5513979e-002
 8.5372649e-002
 8.5349523e-002
 8.5466489e-002
 8.4430844e-002
 8.5601747e-002
 8.4799379e-002
 8.4798716e-002
 8.4840387e-002
 8.4432408e-002
 8.4886447e-002
 8.4772058e-002
 8.5129693e-002
 8.5514881e-002
 8.5020289e-002
 8.4822007e-002
 8.4718384e-002
 8.4813669e-002
 8.5008428e-002
 8.5064203e-002
 8.5374206e-002
 8.5656509e-002
 8.5871182e-002
 8.6247124e-002
 8.6849466e-002
 8.7790802e-002
 8.8766918e-002
 8.9717217e-002
 9.0804935e-002
 9.1803528e-002
 9.3067870e-002
 9.0992823e-002
 9.2539929e-002
 9.3902439e-002
 9.5334537e-002
 9.6812710e-002
 9.8277882e-002
 1.0030704e-001
 1.0197531e-001
 1.0367853e-001
 1.0536562e-001
 1.0717092e-001
 1.0924787e-001
 1.1123736e-001
 1.1277204e-001
 1.1363189e-001
 1.1617222e-001
 1.1861706e-001
 1.2084572e-001
 1.2286754e-001
 1.2491173e-001
 1.2685280e-001
 1.2914944e-001
 1.3139859e-001
 1.3346650e-001
 1.3561645e-001
 1.3802435e-001
 1.4021960e-001
 1.4241660e-001
 1.4474258e-001
 1.4713310e-001
 1.4955468e-001
 1.5186705e-001
 1.5419215e-001
 1.5664993e-001
 1.5896124e-001
 1.6140851e-001
 1.6370048e-001
 1.6630884e-001
 1.6885079e-001
 1.7121227e-001
 1.7375858e-001
 1.7627779e-001
 1.7898329e-001
 1.8124121e-001
 1.8386365e-001
 1.8668644e-001
 1.8956369e-001
 1.9207940e-001
 1.9447564e-001
 1.9715235e-001
 1.9994073e-001
 2.0195515e-001
 2.0514677e-001
 2.0790753e-001
 2.1071836e-001
 2.1329588e-001
 2.1609536e-001
 2.1885006e-001
 2.2120035e-001
 2.2406346e-001
 2.2686510e-001
 2.2964036e-001
 2.3212250e-001
 2.3412299e-001
 2.3347953e-001
 2.3500767e-001
 2.3552975e-001
 2.3637252e-001
 2.3942405e-001
 2.4315512e-001
 2.4681672e-001
 2.5001505e-001
 2.5317755e-001
 2.5614330e-001
 2.5939178e-001
 2.6295394e-001
 2.6604894e-001
 2.6957110e-001
 2.7296352e-001
 2.7656841e-001
 2.7988762e-001
 2.8318402e-001
 2.8648487e-001
 2.8931317e-001
 2.9199964e-001
 2.9492196e-001
 2.9801917e-001
 3.0111551e-001
 3.0384511e-001
 3.0609649e-001
 3.0870047e-001
 3.1145859e-001
 3.1352708e-001
 3.1616965e-001
 3.1846914e-001
 3.2069251e-001
 3.2244393e-001
 3.2440123e-001
 3.2566550e-001
 3.2724762e-001
 3.2924563e-001
 3.3147666e-001
 3.3441287e-001
 3.3489263e-001
 3.3303097e-001
 3.2583916e-001
 3.2143268e-001
 3.1397319e-001
 3.1590638e-001
 3.3087158e-001
 3.4269452e-001
 3.4947696e-001
 3.5369653e-001
 3.5579458e-001
 3.5436463e-001
 3.5300472e-001
 3.5656101e-001
 3.6426693e-001
 3.6840773e-001
 3.7113017e-001
 3.7290439e-001
 3.7261248e-001
 3.7485862e-001
 3.7817869e-001
 3.8023990e-001
 3.7947688e-001
 3.8285363e-001
-1.2300000e+034
