s07_AV97 Record=277: Alunite RES10 NA56% Syn 450C  NIC4a RREF
-1.2300000e+034
-1.2300000e+034
-1.2300000e+034
-1.2300000e+034
-1.2300000e+034
-1.2300000e+034
-1.2300000e+034
-1.2300000e+034
-1.2300000e+034
-1.2300000e+034
-1.2300000e+034
-1.2300000e+034
-1.2300000e+034
-1.2300000e+034
-1.2300000e+034
-1.2300000e+034
-1.2300000e+034
-1.2300000e+034
-1.2300000e+034
-1.2300000e+034
-1.2300000e+034
-1.2300000e+034
-1.2300000e+034
-1.2300000e+034
-1.2300000e+034
-1.2300000e+034
-1.2300000e+034
-1.2300000e+034
-1.2300000e+034
-1.2300000e+034
-1.2300000e+034
-1.2300000e+034
-1.2300000e+034
-1.2300000e+034
-1.2300000e+034
-1.2300000e+034
-1.2300000e+034
-1.2300000e+034
-1.2300000e+034
-1.2300000e+034
-1.2300000e+034
-1.2300000e+034
-1.2300000e+034
-1.2300000e+034
-1.2300000e+034
-1.2300000e+034
-1.2300000e+034
-1.2300000e+034
-1.2300000e+034
-1.2300000e+034
-1.2300000e+034
-1.2300000e+034
-1.2300000e+034
-1.2300000e+034
-1.2300000e+034
-1.2300000e+034
-1.2300000e+034
-1.2300000e+034
-1.2300000e+034
-1.2300000e+034
-1.2300000e+034
-1.2300000e+034
-1.2300000e+034
-1.2300000e+034
-1.2300000e+034
-1.2300000e+034
-1.2300000e+034
-1.2300000e+034
-1.2300000e+034
-1.2300000e+034
-1.2300000e+034
-1.2300000e+034
-1.2300000e+034
-1.2300000e+034
-1.2300000e+034
-1.2300000e+034
-1.2300000e+034
-1.2300000e+034
-1.2300000e+034
-1.2300000e+034
-1.2300000e+034
-1.2300000e+034
-1.2300000e+034
-1.2300000e+034
-1.2300000e+034
-1.2300000e+034
-1.2300000e+034
-1.2300000e+034
-1.2300000e+034
-1.2300000e+034
-1.2300000e+034
-1.2300000e+034
-1.2300000e+034
-1.2300000e+034
-1.2300000e+034
-1.2300000e+034
-1.2300000e+034
-1.2300000e+034
-1.2300000e+034
-1.2300000e+034
-1.2300000e+034
-1.2300000e+034
-1.2300000e+034
-1.2300000e+034
-1.2300000e+034
-1.2300000e+034
-1.2300000e+034
 5.3291047e-001
 5.2805907e-001
 5.2094525e-001
 5.1257205e-001
 5.0283664e-001
 4.8959360e-001
 4.6138799e-001
 4.2381507e-001
 4.3976006e-001
 4.5257428e-001
 4.4331437e-001
 4.2939708e-001
 4.0398613e-001
 4.0976346e-001
 4.4633934e-001
 4.6055910e-001
 4.6791098e-001
 4.7386044e-001
 4.7765052e-001
 4.8115432e-001
 4.8487353e-001
 4.8780549e-001
 4.9020284e-001
 4.9257720e-001
 4.9572292e-001
 4.9916959e-001
 5.0248069e-001
 5.0526625e-001
 5.0742388e-001
 5.0886708e-001
 5.1011968e-001
 5.1167506e-001
 5.1305372e-001
 5.1420236e-001
 5.1453549e-001
 5.1311135e-001
 5.0816613e-001
 4.9882200e-001
 4.8781067e-001
 4.7740281e-001
 4.7290432e-001
 4.7788012e-001
 4.9424687e-001
 5.1314259e-001
 5.2474350e-001
 5.2842957e-001
 5.2987254e-001
 5.3049278e-001
 5.3068709e-001
 5.3073174e-001
 5.2978700e-001
 5.2789307e-001
 5.2513218e-001
 5.2612132e-001
 5.2277613e-001
 5.1937819e-001
 5.1723742e-001
 5.1683182e-001
 5.1791018e-001
 5.1909089e-001
 5.1795679e-001
 5.1513451e-001
 5.1387554e-001
 5.1294297e-001
 5.0754684e-001
 4.9845374e-001
 4.9246806e-001
 4.9162534e-001
 4.8921952e-001
 4.8308215e-001
 4.7790328e-001
 4.7424874e-001
 4.7145042e-001
 4.6909535e-001
 4.6472111e-001
 4.5827824e-001
 4.5040303e-001
 4.3699640e-001
 4.1314295e-001
 3.8647482e-001
 3.6154723e-001
 3.4365517e-001
 3.4028423e-001
 3.4698382e-001
 3.6445922e-001
 3.9471799e-001
 3.9761797e-001
 4.0432560e-001
 4.4995505e-001
 4.8529029e-001
 4.9875319e-001
 5.0060761e-001
 4.9917108e-001
 4.9615172e-001
 4.9141914e-001
 4.8088926e-001
 4.5237574e-001
 4.1273850e-001
 4.0784693e-001
 4.3177816e-001
 4.5540011e-001
 4.6490273e-001
 4.5758873e-001
 4.3167335e-001
 3.9322141e-001
 3.6926076e-001
 3.6815852e-001
 3.6269677e-001
 3.3667478e-001
 3.0855891e-001
 3.0491430e-001
 3.1737489e-001
 3.1643438e-001
 3.1317505e-001
 3.1665158e-001
 3.0426383e-001
 2.8576332e-001
