s07_AV97 Record=1281: Glauconite HS313.1B          ASDFRc AREF
 1.1392993e-001
 1.2294326e-001
 1.3524385e-001
 1.4633839e-001
 1.5539892e-001
 1.6410819e-001
 1.7307849e-001
 1.8100019e-001
 1.8745311e-001
 1.9635296e-001
 2.0878656e-001
 2.2260618e-001
 2.3419203e-001
 2.4335392e-001
 2.5225446e-001
 2.6035395e-001
 2.6787537e-001
 2.7424890e-001
 2.7892348e-001
 2.8142098e-001
 2.8108704e-001
 2.7803338e-001
 2.7307171e-001
 2.6686242e-001
 2.6019067e-001
 2.5363010e-001
 2.4656095e-001
 2.3956928e-001
 2.3290168e-001
 2.2643416e-001
 2.2024827e-001
 2.1426989e-001
 2.2122596e-001
 2.1539061e-001
 2.0986015e-001
 2.0468150e-001
 1.9976074e-001
 1.9523883e-001
 1.9140719e-001
 1.8815033e-001
 1.8569323e-001
 1.8413422e-001
 1.8335354e-001
 1.8345681e-001
 1.8427806e-001
 1.8561357e-001
 1.8732856e-001
 1.8921246e-001
 1.9128779e-001
 1.9286846e-001
 1.9403981e-001
 1.9474098e-001
 1.9481878e-001
 1.9442184e-001
 1.9380225e-001
 1.9279476e-001
 1.9154967e-001
 1.9025896e-001
 1.8904564e-001
 1.8797138e-001
 1.8726496e-001
 1.8654366e-001
 1.8601042e-001
 1.8558219e-001
 1.8521586e-001
 1.8514225e-001
 1.8525065e-001
 1.8508096e-001
 1.8488437e-001
 1.8423884e-001
 1.8444966e-001
 1.8405588e-001
 1.8415038e-001
 1.8435970e-001
 1.8379475e-001
 1.8408845e-001
 1.8433741e-001
 1.8422426e-001
 1.8505166e-001
 1.8551704e-001
 1.8670073e-001
 1.8737021e-001
 1.8863072e-001
 1.9036739e-001
 1.9208892e-001
 1.9398887e-001
 1.9561106e-001
 1.9779547e-001
 2.0021006e-001
 2.0223083e-001
 2.0478013e-001
 2.0756477e-001
 2.1040872e-001
 2.1367463e-001
 2.1647963e-001
 2.1956381e-001
 2.1489204e-001
 2.1816663e-001
 2.2103989e-001
 2.2368677e-001
 2.2695228e-001
 2.3026840e-001
 2.3332332e-001
 2.3646665e-001
 2.3993680e-001
 2.4338470e-001
 2.4706763e-001
 2.5079966e-001
 2.5404298e-001
 2.5738490e-001
 2.6081735e-001
 2.6428992e-001
 2.6730764e-001
 2.7040324e-001
 2.7342111e-001
 2.7689832e-001
 2.8089625e-001
 2.8513467e-001
 2.8873852e-001
 2.9238668e-001
 2.9569796e-001
 2.9960674e-001
 3.0305794e-001
 3.0679289e-001
 3.1043962e-001
 3.1374791e-001
 3.1726214e-001
 3.2047740e-001
 3.2400098e-001
 3.2752553e-001
 3.3126646e-001
 3.3430389e-001
 3.3788669e-001
 3.4169954e-001
 3.4477043e-001
 3.4841436e-001
 3.5190469e-001
 3.5509139e-001
 3.5839251e-001
 3.6116204e-001
 3.6464217e-001
 3.6804634e-001
 3.7200326e-001
 3.7475094e-001
 3.7710130e-001
 3.8025239e-001
 3.8269445e-001
 3.8516027e-001
 3.8764590e-001
 3.9133820e-001
 3.9443582e-001
 3.9754438e-001
 4.0005651e-001
 4.0290961e-001
 4.0538377e-001
 4.0811875e-001
 4.1061836e-001
 4.1280362e-001
 4.1467717e-001
 4.1534472e-001
 4.1485205e-001
 4.1604939e-001
 4.1549939e-001
 4.1502163e-001
 4.1709915e-001
 4.1942355e-001
 4.2214072e-001
 4.2463940e-001
 4.2683318e-001
 4.2816892e-001
 4.3089789e-001
 4.3269393e-001
 4.3439996e-001
 4.3700081e-001
 4.3989560e-001
 4.4214189e-001
 4.4391358e-001
 4.4696116e-001
 4.4965866e-001
 4.5099348e-001
 4.5166400e-001
 4.5286715e-001
 4.5521632e-001
 4.5619029e-001
 4.5825371e-001
 4.5865059e-001
 4.5919624e-001
 4.5945996e-001
 4.5894858e-001
 4.5913592e-001
 4.5950982e-001
 4.5983115e-001
 4.5945603e-001
 4.5883873e-001
 4.5749021e-001
 4.5583242e-001
 4.5390335e-001
 4.5186722e-001
 4.5117357e-001
 4.5090809e-001
 4.5020700e-001
 4.4391608e-001
 4.3518269e-001
 4.2957979e-001
 4.3238789e-001
 4.4244733e-001
 4.4558382e-001
 4.4279239e-001
 4.3942615e-001
 4.3865100e-001
 4.4153950e-001
 4.4797429e-001
 4.5327792e-001
 4.5483559e-001
 4.5335546e-001
 4.5237327e-001
 4.5024422e-001
 4.4773754e-001
 4.4671965e-001
 4.4532582e-001
 4.4528142e-001
 4.4319770e-001
 4.4408479e-001
-1.2300000e+034
