s07_AV97 Record=1668: Ilmenite HS231.4B            ASDFRb AREF
 6.0791075e-002
 6.0178734e-002
 6.0246345e-002
 5.9406806e-002
 5.8823548e-002
 5.8271874e-002
 5.7613049e-002
 5.6989465e-002
 5.6520902e-002
 5.5956755e-002
 5.5377617e-002
 5.5116698e-002
 5.4923158e-002
 5.4915141e-002
 5.4902565e-002
 5.5037878e-002
 5.5197075e-002
 5.5386081e-002
 5.5626467e-002
 5.5841751e-002
 5.6012616e-002
 5.6160875e-002
 5.6347262e-002
 5.6514353e-002
 5.6684542e-002
 5.6834970e-002
 5.7036508e-002
 5.7241268e-002
 5.7477713e-002
 5.7724506e-002
 5.7982933e-002
 5.8249258e-002
 5.7941478e-002
 5.8193613e-002
 5.8475323e-002
 5.8758050e-002
 5.9052471e-002
 5.9286300e-002
 5.9561513e-002
 5.9820190e-002
 6.0061038e-002
 6.0298089e-002
 6.0514115e-002
 6.0716860e-002
 6.0906176e-002
 6.1092723e-002
 6.1271187e-002
 6.1457399e-002
 6.1633062e-002
 6.1814535e-002
 6.1981659e-002
 6.2154442e-002
 6.2321719e-002
 6.2514439e-002
 6.2692679e-002
 6.2893979e-002
 6.3025557e-002
 6.3167013e-002
 6.3265234e-002
 6.3364550e-002
 6.3381314e-002
 6.3393041e-002
 6.3384138e-002
 6.3385829e-002
 6.3291699e-002
 6.3277870e-002
 6.3164473e-002
 6.3143380e-002
 6.2705502e-002
 6.3066013e-002
 6.3088924e-002
 6.3116960e-002
 6.3250385e-002
 6.3200317e-002
 6.3313991e-002
 6.3448273e-002
 6.3546531e-002
 6.3586161e-002
 6.3493967e-002
 6.3648880e-002
 6.3599542e-002
 6.3666925e-002
 6.3657500e-002
 6.3746870e-002
 6.3671410e-002
 6.3716225e-002
 6.3647665e-002
 6.3646480e-002
 6.3689172e-002
 6.3643195e-002
 6.3709490e-002
 6.3663624e-002
 6.3656375e-002
 6.3616991e-002
 6.3681789e-002
 6.3711233e-002
 6.3657463e-002
 6.3700221e-002
 6.3678227e-002
 6.3658208e-002
 6.3707165e-002
 6.3722521e-002
 6.3684158e-002
 6.3714102e-002
 6.3714691e-002
 6.3696288e-002
 6.3742884e-002
 6.3748538e-002
 6.3780591e-002
 6.3782848e-002
 6.3775375e-002
 6.3771956e-002
 6.3849084e-002
 6.3887604e-002
 6.3955657e-002
 6.3927755e-002
 6.3993402e-002
 6.4003244e-002
 6.4022452e-002
 6.4059786e-002
 6.4070806e-002
 6.4055845e-002
 6.4068332e-002
 6.4100839e-002
 6.4100668e-002
 6.4143881e-002
 6.4166926e-002
 6.4245105e-002
 6.4265147e-002
 6.4274460e-002
 6.4307548e-002
 6.4346239e-002
 6.4376675e-002
 6.4367548e-002
 6.4453445e-002
 6.4536728e-002
 6.4583942e-002
 6.4656205e-002
 6.4713314e-002
 6.4788431e-002
 6.4847782e-002
 6.4945579e-002
 6.5061539e-002
 6.5152049e-002
 6.5163262e-002
 6.5163143e-002
 6.5240458e-002
 6.5293469e-002
 6.5325983e-002
 6.5432489e-002
 6.5528095e-002
 6.5574266e-002
 6.5707535e-002
 6.5679610e-002
 6.5683715e-002
 6.5765359e-002
 6.5860093e-002
 6.5965556e-002
 6.6123195e-002
 6.6162735e-002
 6.6171490e-002
 6.6197857e-002
 6.6252373e-002
 6.6306651e-002
 6.6394135e-002
 6.6444077e-002
 6.6582829e-002
 6.6654727e-002
 6.6692889e-002
 6.6757508e-002
 6.6779673e-002
 6.6888340e-002
 6.6976175e-002
 6.7090765e-002
 6.7214966e-002
 6.7402884e-002
 6.7613348e-002
 6.7777969e-002
 6.7957982e-002
 6.8108439e-002
 6.8303891e-002
 6.8497181e-002
 6.8604663e-002
 6.8680495e-002
 6.8754397e-002
 6.8905398e-002
 6.8989433e-002
 6.9120824e-002
 6.9237038e-002
 6.9375716e-002
 6.9475316e-002
 6.9629170e-002
 6.9667786e-002
 6.9841973e-002
 6.9851890e-002
 6.9867074e-002
 7.0016347e-002
 7.0154212e-002
 7.0393547e-002
 7.0525661e-002
 7.0548534e-002
 7.0639998e-002
 7.0667572e-002
 7.0734248e-002
 7.0943795e-002
 7.1128763e-002
 7.1169399e-002
 7.1340322e-002
 7.1369261e-002
 7.1450695e-002
 7.1473561e-002
 7.1592376e-002
 7.1439877e-002
 7.1375862e-002
 7.1334481e-002
 7.1411788e-002
 7.1340337e-002
 7.1389414e-002
 7.1136281e-002
 7.1199164e-002
 7.0749678e-002
 6.9919467e-002
 7.0985168e-002
-1.2300000e+034
