s07_AV97 Record=2244: Muscovite GDS114 Marshall   NIC4aaa RREF
-1.2300000e+034
-1.2300000e+034
-1.2300000e+034
-1.2300000e+034
-1.2300000e+034
-1.2300000e+034
-1.2300000e+034
-1.2300000e+034
-1.2300000e+034
-1.2300000e+034
-1.2300000e+034
-1.2300000e+034
-1.2300000e+034
-1.2300000e+034
-1.2300000e+034
-1.2300000e+034
-1.2300000e+034
-1.2300000e+034
-1.2300000e+034
-1.2300000e+034
-1.2300000e+034
-1.2300000e+034
-1.2300000e+034
-1.2300000e+034
-1.2300000e+034
-1.2300000e+034
-1.2300000e+034
-1.2300000e+034
-1.2300000e+034
-1.2300000e+034
-1.2300000e+034
-1.2300000e+034
-1.2300000e+034
-1.2300000e+034
-1.2300000e+034
-1.2300000e+034
-1.2300000e+034
-1.2300000e+034
-1.2300000e+034
-1.2300000e+034
-1.2300000e+034
-1.2300000e+034
-1.2300000e+034
-1.2300000e+034
-1.2300000e+034
-1.2300000e+034
-1.2300000e+034
-1.2300000e+034
-1.2300000e+034
-1.2300000e+034
-1.2300000e+034
-1.2300000e+034
-1.2300000e+034
-1.2300000e+034
-1.2300000e+034
-1.2300000e+034
-1.2300000e+034
-1.2300000e+034
-1.2300000e+034
-1.2300000e+034
-1.2300000e+034
-1.2300000e+034
-1.2300000e+034
-1.2300000e+034
-1.2300000e+034
-1.2300000e+034
-1.2300000e+034
-1.2300000e+034
-1.2300000e+034
-1.2300000e+034
-1.2300000e+034
-1.2300000e+034
-1.2300000e+034
-1.2300000e+034
-1.2300000e+034
-1.2300000e+034
-1.2300000e+034
-1.2300000e+034
-1.2300000e+034
-1.2300000e+034
-1.2300000e+034
-1.2300000e+034
-1.2300000e+034
-1.2300000e+034
-1.2300000e+034
-1.2300000e+034
-1.2300000e+034
-1.2300000e+034
-1.2300000e+034
-1.2300000e+034
-1.2300000e+034
-1.2300000e+034
-1.2300000e+034
-1.2300000e+034
-1.2300000e+034
-1.2300000e+034
-1.2300000e+034
-1.2300000e+034
-1.2300000e+034
-1.2300000e+034
-1.2300000e+034
-1.2300000e+034
-1.2300000e+034
-1.2300000e+034
-1.2300000e+034
-1.2300000e+034
-1.2300000e+034
-1.2300000e+034
 6.0554433e-001
 6.0523593e-001
 5.9189850e-001
 5.5846101e-001
 5.4048538e-001
 5.6138104e-001
 5.8769482e-001
 6.0023093e-001
 6.0314882e-001
 6.0314214e-001
 6.0310471e-001
 6.0380232e-001
 6.0482925e-001
 6.0584748e-001
 6.0669619e-001
 6.0746276e-001
 6.0870004e-001
 6.1036181e-001
 6.1222589e-001
 6.1370724e-001
 6.1480212e-001
 6.1554188e-001
 6.1649448e-001
 6.1786652e-001
 6.1940885e-001
 6.2072802e-001
 6.2155658e-001
 6.2194890e-001
 6.2221420e-001
 6.2270522e-001
 6.2376785e-001
 6.2494791e-001
 6.2603563e-001
 6.2675476e-001
 6.2697935e-001
 6.2707436e-001
 6.2731218e-001
 6.2808144e-001
 6.2922221e-001
 6.3037091e-001
 6.3146234e-001
 6.3195604e-001
 6.3212955e-001
 6.3206863e-001
 6.3204312e-001
 6.3258779e-001
 6.3309324e-001
 6.3359481e-001
 6.3429523e-001
 6.3486457e-001
 6.3380343e-001
 6.3008952e-001
 6.3120729e-001
 6.2878633e-001
 6.2605435e-001
 6.2307662e-001
 6.2228203e-001
 6.2298763e-001
 6.2442964e-001
 6.2564421e-001
 6.2619990e-001
 6.2625855e-001
 6.2603486e-001
 6.2583524e-001
 6.2574714e-001
 6.2612480e-001
 6.2668419e-001
 6.2728775e-001
 6.2791109e-001
 6.2831980e-001
 6.2830102e-001
 6.2765878e-001
 6.2637401e-001
 6.2401760e-001
 6.2045527e-001
 6.1672717e-001
 6.1397469e-001
 6.1306870e-001
 6.1234397e-001
 6.0997587e-001
 6.0466987e-001
 5.9436440e-001
 5.7477140e-001
 5.4166287e-001
 5.0925010e-001
 5.0378197e-001
 5.2261305e-001
 5.3924698e-001
 5.4619616e-001
 5.5970252e-001
 5.7643044e-001
 5.8560342e-001
 5.8867425e-001
 5.8907092e-001
 5.8621293e-001
 5.7848036e-001
 5.6688362e-001
 5.5230582e-001
 5.3733051e-001
 5.2767664e-001
 5.2682751e-001
 5.2720279e-001
 5.2526689e-001
 5.2560550e-001
 5.2820009e-001
 5.2726859e-001
 5.2151442e-001
 5.1366991e-001
 5.0696361e-001
 5.0548095e-001
 5.0830233e-001
 5.1305312e-001
 5.1732528e-001
 5.2010995e-001
 5.2224368e-001
 5.2534014e-001
