s07_AV97 Record=3718: Calcite.7+Kaolin-wxl.3 AMX9  ASDNGa AREF
 7.6780957e-001
 7.8306395e-001
 7.9717845e-001
 8.1008899e-001
 8.2173592e-001
 8.3255869e-001
 8.4285778e-001
 8.5238910e-001
 8.6054420e-001
 8.6710018e-001
 8.7243152e-001
 8.7689227e-001
 8.8069832e-001
 8.8416654e-001
 8.8753831e-001
 8.9073169e-001
 8.9371264e-001
 8.9667511e-001
 8.9947945e-001
 9.0211046e-001
 9.0458900e-001
 9.0661275e-001
 9.0879846e-001
 9.1080749e-001
 9.1269588e-001
 9.1443259e-001
 9.1606295e-001
 9.1761369e-001
 9.1913331e-001
 9.2060989e-001
 9.2196935e-001
 9.2328101e-001
 9.2176795e-001
 9.2304939e-001
 9.2419434e-001
 9.2543703e-001
 9.2657769e-001
 9.2767888e-001
 9.2864811e-001
 9.2942208e-001
 9.3003118e-001
 9.3083864e-001
 9.3152618e-001
 9.3207908e-001
 9.3237031e-001
 9.3265814e-001
 9.3276107e-001
 9.3309253e-001
 9.3334061e-001
 9.3365258e-001
 9.3390119e-001
 9.3417412e-001
 9.3436944e-001
 9.3467158e-001
 9.3489164e-001
 9.3508756e-001
 9.3521643e-001
 9.3525958e-001
 9.3508464e-001
 9.3520296e-001
 9.3500978e-001
 9.3428171e-001
 9.3305719e-001
 9.3253422e-001
 9.3364149e-001
 9.3642503e-001
 9.3703777e-001
 9.3741876e-001
 9.3765503e-001
 9.3787795e-001
 9.3791556e-001
 9.3792087e-001
 9.3790096e-001
 9.3803114e-001
 9.3826008e-001
 9.3838614e-001
 9.3849891e-001
 9.3860090e-001
 9.3876332e-001
 9.3891925e-001
 9.3911594e-001
 9.3915254e-001
 9.3919176e-001
 9.3904608e-001
 9.3894762e-001
 9.3858033e-001
 9.3849677e-001
 9.3835437e-001
 9.3781561e-001
 9.3747127e-001
 9.3670988e-001
 9.3483430e-001
 9.3353772e-001
 9.3467689e-001
 9.3551803e-001
 9.3558061e-001
 9.3507075e-001
 9.3569022e-001
 9.3503428e-001
 9.3249148e-001
 9.2884159e-001
 9.2599988e-001
 9.2426580e-001
 9.2228079e-001
 9.2063814e-001
 9.1910696e-001
 9.1227692e-001
 9.0945375e-001
 9.0614730e-001
 8.9251810e-001
 8.7434781e-001
 8.7459987e-001
 8.7167585e-001
 9.0392554e-001
 9.2140311e-001
 9.2621970e-001
 9.2808217e-001
 9.2972505e-001
 9.3078178e-001
 9.3162727e-001
 9.3218899e-001
 9.3330002e-001
 9.3461531e-001
 9.3528539e-001
 9.3530804e-001
 9.3525398e-001
 9.3513066e-001
 9.3444681e-001
 9.3516302e-001
 9.3626022e-001
 9.3703997e-001
 9.3720347e-001
 9.3692166e-001
 9.3659884e-001
 9.3615764e-001
 9.3546677e-001
 9.3479723e-001
 9.3509531e-001
 9.3510658e-001
 9.3482381e-001
 9.3381965e-001
 9.3221271e-001
 9.3039626e-001
 9.2867613e-001
 9.2682856e-001
 9.2525589e-001
 9.2379904e-001
 9.2336941e-001
 9.2505425e-001
 9.2454493e-001
 9.2233759e-001
 9.2050582e-001
 9.1785640e-001
 9.1483432e-001
 9.1210681e-001
 9.0731102e-001
 9.0680432e-001
 9.0353042e-001
 8.9271605e-001
 8.9167041e-001
 8.8992721e-001
 8.9920121e-001
 9.0391028e-001
 9.0204412e-001
 9.0022320e-001
 8.9910716e-001
 8.9701432e-001
 8.9435506e-001
 8.9018065e-001
 8.8655144e-001
 8.8377339e-001
 8.7712479e-001
 8.7244576e-001
 8.8265634e-001
 8.9115739e-001
 8.9559346e-001
 8.9833474e-001
 8.9966649e-001
 8.9946878e-001
 8.9694816e-001
 8.9401388e-001
 8.8982826e-001
 8.8610125e-001
 8.7802082e-001
 8.7131846e-001
 8.6444598e-001
 8.4778857e-001
 8.1922680e-001
 8.0035388e-001
 8.0222094e-001
 8.0994946e-001
 8.0816251e-001
 7.9700506e-001
 7.7926338e-001
 8.1127548e-001
 8.2264555e-001
 8.1620079e-001
 8.0698198e-001
 7.9538417e-001
 7.8055334e-001
 7.6062858e-001
 7.4101871e-001
 7.2749966e-001
 7.1691209e-001
 7.0554751e-001
 6.8938732e-001
 6.7803657e-001
 6.8362111e-001
 7.1391958e-001
 7.5293100e-001
 7.6869792e-001
 7.7395701e-001
 7.7724844e-001
 7.7731270e-001
 7.7171630e-001
 7.5694281e-001
 7.3775816e-001
 7.1835268e-001
 6.9945210e-001
 6.7638403e-001
 6.5019751e-001
 6.2914819e-001
 6.2057674e-001
-1.2300000e+034
