s07_AV97 Record=3491: Xenotime GDS966 Iveland REE  ASDFRa AREF
 8.3080471e-002
 8.5793324e-002
 8.9465149e-002
 9.2484668e-002
 9.5537744e-002
 9.8757960e-002
 1.0216427e-001
 1.0530804e-001
 1.0794969e-001
 1.1068624e-001
 1.1324094e-001
 1.1553272e-001
 1.1758828e-001
 1.2191283e-001
 1.2645262e-001
 1.2914354e-001
 1.3364796e-001
 1.4040518e-001
 1.4604087e-001
 1.5326910e-001
 1.6115871e-001
 1.6642168e-001
 1.7048995e-001
 1.7782933e-001
 1.8216206e-001
 1.8561018e-001
 1.8757313e-001
 1.8478218e-001
 1.7671353e-001
 1.7491558e-001
 1.7806263e-001
 1.8967222e-001
 1.7810073e-001
 1.8752620e-001
 1.9739439e-001
 2.0191273e-001
 2.1042386e-001
 2.1592660e-001
 2.1886238e-001
 2.1924616e-001
 2.1186468e-001
 2.0800622e-001
 2.1253796e-001
 2.2058029e-001
 2.2095108e-001
 2.1685910e-001
 2.0137569e-001
 1.8867548e-001
 2.0322721e-001
 2.1241280e-001
 2.1561125e-001
 2.1577196e-001
 2.1377777e-001
 2.0926555e-001
 2.0455672e-001
 2.0604762e-001
 2.0274730e-001
 1.9565929e-001
 1.8195771e-001
 1.9003519e-001
 1.9138725e-001
 1.8699877e-001
 1.8237020e-001
 1.8495505e-001
 1.7319115e-001
 1.6880673e-001
 1.9058280e-001
 1.9806285e-001
 2.0336290e-001
 2.0841728e-001
 2.0946543e-001
 2.0900333e-001
 2.0795850e-001
 2.0610482e-001
 2.0221116e-001
 1.9575244e-001
 1.8795083e-001
 1.7634539e-001
 1.7538947e-001
 1.7439438e-001
 1.7558320e-001
 1.7318761e-001
 1.7169422e-001
 1.8152177e-001
 1.8562093e-001
 1.8815573e-001
 1.9189323e-001
 1.9678482e-001
 2.0396630e-001
 2.0856284e-001
 2.1244246e-001
 2.1462481e-001
 2.1313401e-001
 2.0360745e-001
 1.9479510e-001
 1.9595174e-001
 1.9837193e-001
 1.9567731e-001
 1.9264267e-001
 1.9161092e-001
 1.9528663e-001
 1.9279872e-001
 1.9644764e-001
 2.0222104e-001
 2.0982322e-001
 2.1340816e-001
 2.1394068e-001
 2.1483260e-001
 2.1608122e-001
 2.1586694e-001
 2.1141718e-001
 2.0014544e-001
 1.9369489e-001
 1.9962488e-001
 1.9993335e-001
 1.9866340e-001
 1.9800627e-001
 1.9680256e-001
 1.9427882e-001
 1.8967840e-001
 1.7966902e-001
 1.6386406e-001
 1.6938747e-001
 1.7241813e-001
 1.7115927e-001
 1.7480308e-001
 1.8251383e-001
 1.8704076e-001
 1.9430698e-001
 1.9592838e-001
 1.9912073e-001
 2.0445858e-001
 2.0656531e-001
 2.0796996e-001
 2.0949355e-001
 2.0992209e-001
 2.0911889e-001
 2.0789990e-001
 2.0601797e-001
 2.0273915e-001
 1.9819990e-001
 1.9182412e-001
 1.9239086e-001
 1.9253556e-001
 1.9457148e-001
 1.9740686e-001
 1.9855297e-001
 1.9892138e-001
 2.0183325e-001
 2.0476712e-001
 2.0672901e-001
 2.0694712e-001
 2.0744559e-001
 2.0855208e-001
 2.0969193e-001
 2.1001557e-001
 2.0935814e-001
 2.0815849e-001
 2.0576678e-001
 2.0199840e-001
 2.0366187e-001
 1.9896701e-001
 1.9146627e-001
 1.8286560e-001
 1.7721200e-001
 1.7408702e-001
 1.7255588e-001
 1.7396624e-001
 1.7402093e-001
 1.7474921e-001
 1.7635803e-001
 1.7761363e-001
 1.7699090e-001
 1.7682920e-001
 1.7996216e-001
 1.8117501e-001
 1.8318081e-001
 1.8456240e-001
 1.8673691e-001
 1.8914765e-001
 1.9032234e-001
 1.9083209e-001
 1.9135089e-001
 1.9124348e-001
 1.9072975e-001
 1.9028571e-001
 1.8984364e-001
 1.8891166e-001
 1.8727852e-001
 1.8571514e-001
 1.8373662e-001
 1.8117984e-001
 1.7816445e-001
 1.7504734e-001
 1.7250881e-001
 1.7139082e-001
 1.7149897e-001
 1.7139801e-001
 1.7063440e-001
 1.6981311e-001
 1.6893524e-001
 1.6742101e-001
 1.6601102e-001
 1.6573986e-001
 1.6617295e-001
 1.6651875e-001
 1.6628550e-001
 1.6516486e-001
 1.6434160e-001
 1.6308972e-001
 1.6100189e-001
 1.5886441e-001
 1.5637212e-001
 1.5450239e-001
 1.5304476e-001
 1.5164229e-001
 1.5026248e-001
 1.4833544e-001
 1.4639720e-001
 1.4525935e-001
 1.4451063e-001
 1.4467806e-001
 1.4447683e-001
-1.2300000e+034
