s07_AV97 Record=2569: Perthite HS415.3B             BECKc AREF
 3.8826975e-001
 3.9218369e-001
 3.9890814e-001
 4.0469107e-001
 4.1130438e-001
 4.1770047e-001
 4.2465755e-001
 4.3453017e-001
 4.4396180e-001
 4.5328069e-001
 4.6066916e-001
 4.6744817e-001
 4.7433704e-001
 4.8192260e-001
 4.8887125e-001
 4.9691620e-001
 5.0550765e-001
 5.1838911e-001
 5.3677756e-001
 5.6440461e-001
 6.0237223e-001
 6.4327365e-001
 6.8006974e-001
 7.0787472e-001
 7.2442180e-001
 7.3599601e-001
 7.4292612e-001
 7.4960500e-001
 7.5311303e-001
 7.5921428e-001
 7.6767969e-001
 7.7605718e-001
 7.6597762e-001
 7.7509511e-001
 7.7885765e-001
 7.8701878e-001
 7.9270834e-001
 7.9792678e-001
 8.0310506e-001
 8.1041443e-001
 8.1391424e-001
 8.1761891e-001
 8.1841189e-001
 8.2019901e-001
 8.2076705e-001
 8.2327139e-001
 8.2273072e-001
 8.2189208e-001
 8.2142419e-001
 8.1845015e-001
 8.1551057e-001
 8.1726968e-001
 8.2210827e-001
 8.2384580e-001
 8.2436514e-001
 8.2474959e-001
 8.2280248e-001
 8.2042426e-001
 8.2306278e-001
 8.2856721e-001
 8.2509124e-001
 8.2746494e-001
 8.3055460e-001
 8.3539987e-001
 8.3551490e-001
 8.3821636e-001
 8.3842683e-001
 8.4193367e-001
 8.4039307e-001
 8.4037501e-001
 8.4231925e-001
 8.4225672e-001
 8.4232658e-001
 8.4417707e-001
 8.4041643e-001
 8.4165806e-001
 8.4102178e-001
 8.4461135e-001
 8.4354329e-001
 8.4380418e-001
 8.4084696e-001
 8.4369063e-001
 8.4417671e-001
 8.4430432e-001
 8.4492153e-001
 8.4319383e-001
 8.4367317e-001
 8.4330606e-001
 8.4557474e-001
 8.4644288e-001
 8.4595954e-001
 8.5029382e-001
 8.4873551e-001
 8.5023445e-001
 8.4715897e-001
 8.5056871e-001
 8.4839767e-001
 8.4842479e-001
 8.5114062e-001
 8.4963357e-001
 8.5027027e-001
 8.5159552e-001
 8.5166258e-001
 8.5218668e-001
 8.5168725e-001
 8.5398310e-001
 8.5308933e-001
 8.4998387e-001
 8.5181183e-001
 8.4683478e-001
 8.4364861e-001
 8.3761805e-001
 8.3444256e-001
 8.3805901e-001
 8.4172285e-001
 8.4225428e-001
 8.4492737e-001
 8.4605122e-001
 8.4767431e-001
 8.4844017e-001
 8.5106122e-001
 8.5088640e-001
 8.5273057e-001
 8.5539001e-001
 8.5383731e-001
 8.5537928e-001
 8.5304880e-001
 8.5607660e-001
 8.5810155e-001
 8.5823888e-001
 8.5984731e-001
 8.6053491e-001
 8.6040848e-001
 8.6043048e-001
 8.6072123e-001
 8.6302131e-001
 8.5757512e-001
 8.6267447e-001
 8.6220378e-001
 8.5887516e-001
 8.5856587e-001
 8.6202312e-001
 8.5789090e-001
 8.6473083e-001
 8.6178058e-001
 8.6027998e-001
 8.6406225e-001
 8.6287087e-001
 8.6634916e-001
 8.6316919e-001
 8.6161870e-001
 8.6479640e-001
 8.6217713e-001
 8.6129254e-001
 8.6478961e-001
 8.6165929e-001
 8.6407369e-001
 8.6346644e-001
 8.5891527e-001
 8.5193926e-001
 8.5451168e-001
 8.5011256e-001
 8.3404934e-001
 8.0884802e-001
 8.0699086e-001
 8.0295444e-001
 8.0728418e-001
 8.0913359e-001
 8.1035054e-001
 8.1611824e-001
 8.2123059e-001
 8.2393616e-001
 8.2621354e-001
 8.2978749e-001
 8.2694447e-001
 8.2956922e-001
 8.3708316e-001
 8.3961356e-001
 8.3753836e-001
 8.4577084e-001
 8.3841610e-001
 8.4052616e-001
 8.4098727e-001
 8.3721918e-001
 8.3958709e-001
 8.3888966e-001
 8.3878636e-001
 8.3907831e-001
 8.3824271e-001
 8.3727312e-001
 8.3434904e-001
 8.2369107e-001
 8.1952047e-001
 8.2060051e-001
 8.2141399e-001
 8.2743305e-001
 8.3467656e-001
 8.3244914e-001
 8.3884805e-001
 8.4068817e-001
 8.3969933e-001
 8.3998966e-001
 8.3812875e-001
 8.3472419e-001
 8.4233034e-001
 8.4115356e-001
 8.3631986e-001
 8.3193862e-001
 8.2874477e-001
 8.3239651e-001
 8.3052456e-001
 8.2380116e-001
 8.2193136e-001
 8.2014263e-001
 8.1578416e-001
 8.0891997e-001
 8.0180860e-001
 7.9700422e-001
 7.9485422e-001
 7.9403418e-001
 7.9393077e-001
 7.9346335e-001
 7.9152882e-001
 7.8755105e-001
