s07_AV97 Record=3930: Illite CU00-5B Hi-Al+Quartz  ASDFRa AREF
 3.3364174e-001
 3.4662730e-001
 3.6087164e-001
 3.7415597e-001
 3.8487461e-001
 3.9309856e-001
 3.9946336e-001
 4.0528706e-001
 4.1047862e-001
 4.1650006e-001
 4.2068800e-001
 4.2381886e-001
 4.2645210e-001
 4.2889270e-001
 4.3125328e-001
 4.3351686e-001
 4.3568647e-001
 4.3777326e-001
 4.3990335e-001
 4.4109276e-001
 4.4231579e-001
 4.4326341e-001
 4.4379285e-001
 4.4397768e-001
 4.4399026e-001
 4.4392982e-001
 4.4405848e-001
 4.4438928e-001
 4.4472292e-001
 4.4505581e-001
 4.4554880e-001
 4.4617429e-001
 4.4545630e-001
 4.4604126e-001
 4.4675392e-001
 4.4753414e-001
 4.4833627e-001
 4.4912839e-001
 4.4986418e-001
 4.5030150e-001
 4.5069674e-001
 4.5169315e-001
 4.5247334e-001
 4.5297623e-001
 4.5338348e-001
 4.5364431e-001
 4.5377341e-001
 4.5394510e-001
 4.5407504e-001
 4.5410031e-001
 4.5404226e-001
 4.5399162e-001
 4.5396343e-001
 4.5390239e-001
 4.5399863e-001
 4.5419949e-001
 4.5443100e-001
 4.5460343e-001
 4.5459637e-001
 4.5503762e-001
 4.5566437e-001
 4.5525980e-001
 4.5035619e-001
 4.4264659e-001
 4.4755012e-001
 4.5636162e-001
 4.5893428e-001
 4.5980018e-001
 4.5994443e-001
 4.6025828e-001
 4.6040663e-001
 4.6050426e-001
 4.6077713e-001
 4.6085328e-001
 4.6102989e-001
 4.6088332e-001
 4.6091953e-001
 4.6095911e-001
 4.6087569e-001
 4.6107802e-001
 4.6109655e-001
 4.6073604e-001
 4.5921025e-001
 4.5774001e-001
 4.5793456e-001
 4.5854142e-001
 4.5872152e-001
 4.5890921e-001
 4.5917064e-001
 4.5898727e-001
 4.5851639e-001
 4.5733702e-001
 4.5567405e-001
 4.5517144e-001
 4.5677772e-001
 4.5735270e-001
 4.5582360e-001
 4.5735580e-001
 4.5678160e-001
 4.5376229e-001
 4.4854385e-001
 4.4436735e-001
 4.4047374e-001
 4.3712521e-001
 4.3580824e-001
 4.3636498e-001
 4.3353614e-001
 4.2309955e-001
 4.0739289e-001
 3.6859033e-001
 2.8085738e-001
 2.2089197e-001
 2.2614489e-001
 2.9739055e-001
 3.5285118e-001
 3.7204954e-001
 3.7820065e-001
 3.8133177e-001
 3.8721290e-001
 3.9408532e-001
 3.9889070e-001
 4.0235740e-001
 4.0648443e-001
 4.1038954e-001
 4.1322681e-001
 4.1537809e-001
 4.1744339e-001
 4.1963595e-001
 4.2168415e-001
 4.2328623e-001
 4.2437729e-001
 4.2506877e-001
 4.2544851e-001
 4.2554981e-001
 4.2565319e-001
 4.2560813e-001
 4.2562330e-001
 4.2546892e-001
 4.2516947e-001
 4.2477551e-001
 4.2391771e-001
 4.2272645e-001
 4.2133278e-001
 4.1944280e-001
 4.1710061e-001
 4.1425279e-001
 4.1115242e-001
 4.0829888e-001
 4.0571630e-001
 4.0387923e-001
 4.0216291e-001
 4.0146676e-001
 4.0023226e-001
 3.9643753e-001
 3.9154726e-001
 3.8765287e-001
 3.8452393e-001
 3.7643728e-001
 3.5480350e-001
 3.1532279e-001
 3.3306223e-001
 2.8461865e-001
 2.3204198e-001
 2.0976382e-001
 2.1931325e-001
 2.3345463e-001
 2.4397340e-001
 2.4987124e-001
 2.5486600e-001
 2.5977561e-001
 2.6528752e-001
 2.7119178e-001
 2.7777708e-001
 2.8466561e-001
 2.9111773e-001
 2.9623598e-001
 2.9968730e-001
 3.0184299e-001
 3.0205253e-001
 2.9992050e-001
 2.9395956e-001
 2.8460294e-001
 2.7496114e-001
 2.6883528e-001
 2.6742685e-001
 2.6741976e-001
 2.6259702e-001
 2.4820672e-001
 2.2173175e-001
 1.8761399e-001
 1.5304241e-001
 1.2690040e-001
 1.1957122e-001
 1.3591550e-001
 1.7163704e-001
 2.0533651e-001
 2.2203884e-001
 2.2728792e-001
 2.3010364e-001
 2.3011325e-001
 2.2530802e-001
 2.1583542e-001
 2.0274462e-001
 1.8681456e-001
 1.7002903e-001
 1.5425433e-001
 1.4233309e-001
 1.3752526e-001
 1.4041251e-001
 1.4421365e-001
 1.4358556e-001
 1.4121133e-001
 1.3714288e-001
 1.2949334e-001
 1.2065368e-001
 1.1394257e-001
 1.0936853e-001
 1.1004575e-001
 1.1229128e-001
 1.1465664e-001
 1.1420028e-001
 1.1580956e-001
 1.1861549e-001
-1.2300000e+034
