s07_AV97 Record=137: Allanite HS293.3B            ASDFRb AREF
 4.2982999e-002
 4.4569474e-002
 4.5774247e-002
 4.6836853e-002
 4.7217771e-002
 4.8041273e-002
 4.8698522e-002
 4.9426489e-002
 5.0081059e-002
 5.0490029e-002
 5.0648693e-002
 5.0798923e-002
 5.0982881e-002
 5.1227216e-002
 5.1471386e-002
 5.1711235e-002
 5.1864091e-002
 5.1967554e-002
 5.1945422e-002
 5.1852204e-002
 5.1809650e-002
 5.1801480e-002
 5.1819149e-002
 5.1964160e-002
 5.1951848e-002
 5.2020725e-002
 5.1914338e-002
 5.1941812e-002
 5.1921554e-002
 5.1864401e-002
 5.1837653e-002
 5.1785514e-002
 5.1842332e-002
 5.1796082e-002
 5.1772110e-002
 5.1785827e-002
 5.1805258e-002
 5.1841751e-002
 5.1859315e-002
 5.1824991e-002
 5.1774465e-002
 5.1753957e-002
 5.1826954e-002
 5.1835533e-002
 5.1820267e-002
 5.1787328e-002
 5.1642932e-002
 5.1564399e-002
 5.1604304e-002
 5.1631451e-002
 5.1593870e-002
 5.1518060e-002
 5.1473368e-002
 5.1411707e-002
 5.1327862e-002
 5.1350523e-002
 5.1359959e-002
 5.1359795e-002
 5.1370699e-002
 5.1372852e-002
 5.1390290e-002
 5.1413845e-002
 5.1454976e-002
 5.1534794e-002
 5.1634867e-002
 5.1670533e-002
 5.1717933e-002
 5.1774841e-002
 5.1939745e-002
 5.1698025e-002
 5.2106429e-002
 5.2034739e-002
 5.2019332e-002
 5.2238073e-002
 5.2261602e-002
 5.2455679e-002
 5.2625541e-002
 5.2844640e-002
 5.3248685e-002
 5.3346373e-002
 5.3628270e-002
 5.3806022e-002
 5.4122150e-002
 5.4372467e-002
 5.4664768e-002
 5.4975614e-002
 5.5210955e-002
 5.5447206e-002
 5.5768285e-002
 5.6153908e-002
 5.6519661e-002
 5.7066452e-002
 5.7412345e-002
 5.7852864e-002
 5.8274072e-002
 5.8786042e-002
 5.7986882e-002
 5.8530942e-002
 5.9017751e-002
 5.9516270e-002
 6.0061682e-002
 6.0548719e-002
 6.1109126e-002
 6.1576694e-002
 6.2038716e-002
 6.2513188e-002
 6.3022479e-002
 6.3502349e-002
 6.3953280e-002
 6.4308859e-002
 6.4623229e-002
 6.4962558e-002
 6.5306000e-002
 6.5684393e-002
 6.6000804e-002
 6.6365488e-002
 6.6523090e-002
 6.6692919e-002
 6.6960990e-002
 6.7207746e-002
 6.7395441e-002
 6.7495055e-002
 6.7630395e-002
 6.7788497e-002
 6.7995206e-002
 6.8224691e-002
 6.8303265e-002
 6.8381064e-002
 6.8440065e-002
 6.8508446e-002
 6.8400435e-002
 6.8478070e-002
 6.8475842e-002
 6.8617731e-002
 6.8634585e-002
 6.8600588e-002
 6.8615302e-002
 6.8775497e-002
 6.8927877e-002
 6.8866223e-002
 6.8813600e-002
 6.8856947e-002
 6.8938449e-002
 6.8873331e-002
 6.8929970e-002
 6.8923205e-002
 6.9033347e-002
 6.8897113e-002
 6.9026247e-002
 6.9064371e-002
 6.9205821e-002
 6.9285102e-002
 6.9414765e-002
 6.9470368e-002
 6.9472522e-002
 6.9403134e-002
 6.9594614e-002
 6.9745809e-002
 6.9709048e-002
 6.9917068e-002
 6.9848500e-002
 6.9941826e-002
 7.0050932e-002
 7.0091419e-002
 7.0180185e-002
 7.0375226e-002
 7.0715979e-002
 7.1042232e-002
 7.1390875e-002
 7.1818560e-002
 7.2135739e-002
 7.2503231e-002
 7.2864987e-002
 7.3314257e-002
 7.3782846e-002
 7.4258544e-002
 7.4857019e-002
 7.5485781e-002
 7.5860448e-002
 7.6383069e-002
 7.6860242e-002
 7.7343211e-002
 7.7926591e-002
 7.8384154e-002
 7.8869604e-002
 7.9295069e-002
 7.9703636e-002
 7.9999313e-002
 8.0226175e-002
 8.0576658e-002
 8.0890507e-002
 8.1034400e-002
 8.1151560e-002
 8.1095859e-002
 8.0767706e-002
 8.0532432e-002
 8.0237865e-002
 8.0160260e-002
 7.9967439e-002
 8.0047064e-002
 8.0360599e-002
 8.0453433e-002
 8.0537625e-002
 8.0347955e-002
 8.0083758e-002
 7.9963915e-002
 7.9847470e-002
 7.9726860e-002
 7.9770990e-002
 8.0223374e-002
 8.0317199e-002
 8.0725521e-002
 8.1469543e-002
 8.1994332e-002
 8.2256302e-002
 8.2716428e-002
 8.2695991e-002
 8.2701601e-002
 8.2965530e-002
 8.2458399e-002
 8.3086230e-002
 8.3505727e-002
 8.4110074e-002
-1.2300000e+034
