s07_AV97 Record=1556: Hornblende_Fe HS115.3B       NIC4cb RREF
-1.2300000e+034
-1.2300000e+034
-1.2300000e+034
-1.2300000e+034
-1.2300000e+034
-1.2300000e+034
-1.2300000e+034
-1.2300000e+034
-1.2300000e+034
-1.2300000e+034
-1.2300000e+034
-1.2300000e+034
-1.2300000e+034
-1.2300000e+034
-1.2300000e+034
-1.2300000e+034
-1.2300000e+034
-1.2300000e+034
-1.2300000e+034
-1.2300000e+034
-1.2300000e+034
-1.2300000e+034
-1.2300000e+034
-1.2300000e+034
-1.2300000e+034
-1.2300000e+034
-1.2300000e+034
-1.2300000e+034
-1.2300000e+034
-1.2300000e+034
-1.2300000e+034
-1.2300000e+034
-1.2300000e+034
-1.2300000e+034
-1.2300000e+034
-1.2300000e+034
-1.2300000e+034
-1.2300000e+034
-1.2300000e+034
-1.2300000e+034
-1.2300000e+034
-1.2300000e+034
-1.2300000e+034
-1.2300000e+034
-1.2300000e+034
-1.2300000e+034
-1.2300000e+034
-1.2300000e+034
-1.2300000e+034
-1.2300000e+034
-1.2300000e+034
-1.2300000e+034
-1.2300000e+034
-1.2300000e+034
-1.2300000e+034
-1.2300000e+034
-1.2300000e+034
-1.2300000e+034
-1.2300000e+034
-1.2300000e+034
-1.2300000e+034
-1.2300000e+034
-1.2300000e+034
-1.2300000e+034
-1.2300000e+034
-1.2300000e+034
-1.2300000e+034
-1.2300000e+034
-1.2300000e+034
-1.2300000e+034
-1.2300000e+034
-1.2300000e+034
-1.2300000e+034
-1.2300000e+034
-1.2300000e+034
-1.2300000e+034
-1.2300000e+034
-1.2300000e+034
-1.2300000e+034
-1.2300000e+034
-1.2300000e+034
-1.2300000e+034
-1.2300000e+034
-1.2300000e+034
-1.2300000e+034
-1.2300000e+034
-1.2300000e+034
-1.2300000e+034
-1.2300000e+034
-1.2300000e+034
-1.2300000e+034
-1.2300000e+034
-1.2300000e+034
-1.2300000e+034
-1.2300000e+034
-1.2300000e+034
-1.2300000e+034
-1.2300000e+034
-1.2300000e+034
-1.2300000e+034
-1.2300000e+034
-1.2300000e+034
-1.2300000e+034
-1.2300000e+034
-1.2300000e+034
-1.2300000e+034
-1.2300000e+034
-1.2300000e+034
-1.2300000e+034
-1.2300000e+034
-1.2300000e+034
-1.2300000e+034
-1.2300000e+034
-1.2300000e+034
-1.2300000e+034
-1.2300000e+034
-1.2300000e+034
-1.2300000e+034
-1.2300000e+034
-1.2300000e+034
-1.2300000e+034
-1.2300000e+034
-1.2300000e+034
-1.2300000e+034
-1.2300000e+034
-1.2300000e+034
-1.2300000e+034
-1.2300000e+034
-1.2300000e+034
-1.2300000e+034
-1.2300000e+034
 3.8471183e-001
 3.9150295e-001
 3.9916545e-001
 4.0624210e-001
 4.1271463e-001
 4.1898111e-001
 4.2505535e-001
 4.3096772e-001
 4.3664554e-001
 4.4185129e-001
 4.4648719e-001
 4.5069075e-001
 4.5469478e-001
 4.5863563e-001
 4.6264878e-001
 4.6658978e-001
 4.7039768e-001
 4.7378129e-001
 4.7657800e-001
 4.7894803e-001
 4.8102942e-001
 4.8303509e-001
 4.8500493e-001
 4.8704493e-001
 4.8893338e-001
 4.9074864e-001
 4.9216846e-001
 4.9279451e-001
 4.9389583e-001
 4.9357048e-001
 4.9410698e-001
 4.9368882e-001
 4.9374267e-001
 4.9471751e-001
 4.9609560e-001
 4.9738464e-001
 4.9815205e-001
 4.9799952e-001
 4.9727571e-001
 4.9603873e-001
 4.9474278e-001
 4.9362105e-001
 4.9326473e-001
 4.9342063e-001
 4.9378812e-001
 4.9419075e-001
 4.9380669e-001
 4.9241671e-001
 4.9024200e-001
 4.8743671e-001
 4.8424274e-001
 4.8090354e-001
 4.7702327e-001
 4.7443274e-001
 4.7421110e-001
 4.7588986e-001
 4.7734535e-001
 4.7832355e-001
 4.7839275e-001
 4.7734690e-001
 4.7637519e-001
 4.7467777e-001
 4.7289446e-001
 4.7050121e-001
 4.6481261e-001
 4.4855306e-001
 4.2094415e-001
 4.2435506e-001
 4.3043661e-001
 4.1661531e-001
 3.9031491e-001
 3.6235273e-001
 3.4315807e-001
 3.2941556e-001
 3.4138992e-001
 3.6505002e-001
 3.8412952e-001
 3.8880897e-001
 3.7483820e-001
 3.5134944e-001
 3.4387660e-001
 3.5895294e-001
 3.7988690e-001
 3.9326763e-001
 3.9955059e-001
 4.0052938e-001
 3.9960700e-001
 3.9815345e-001
 3.9718315e-001
 3.9769024e-001
 3.9876199e-001
 4.0051383e-001
 4.0366805e-001
