s07_AV97 Record=746: Chalcedony CU91-6A XRD       NIC4aa RREF
-1.2300000e+034
-1.2300000e+034
-1.2300000e+034
-1.2300000e+034
-1.2300000e+034
-1.2300000e+034
-1.2300000e+034
-1.2300000e+034
-1.2300000e+034
-1.2300000e+034
-1.2300000e+034
-1.2300000e+034
-1.2300000e+034
-1.2300000e+034
-1.2300000e+034
-1.2300000e+034
-1.2300000e+034
-1.2300000e+034
-1.2300000e+034
-1.2300000e+034
-1.2300000e+034
-1.2300000e+034
-1.2300000e+034
-1.2300000e+034
-1.2300000e+034
-1.2300000e+034
-1.2300000e+034
-1.2300000e+034
-1.2300000e+034
-1.2300000e+034
-1.2300000e+034
-1.2300000e+034
-1.2300000e+034
-1.2300000e+034
-1.2300000e+034
-1.2300000e+034
-1.2300000e+034
-1.2300000e+034
-1.2300000e+034
-1.2300000e+034
-1.2300000e+034
-1.2300000e+034
-1.2300000e+034
-1.2300000e+034
-1.2300000e+034
-1.2300000e+034
-1.2300000e+034
-1.2300000e+034
-1.2300000e+034
-1.2300000e+034
-1.2300000e+034
-1.2300000e+034
-1.2300000e+034
-1.2300000e+034
-1.2300000e+034
-1.2300000e+034
-1.2300000e+034
-1.2300000e+034
-1.2300000e+034
-1.2300000e+034
-1.2300000e+034
-1.2300000e+034
-1.2300000e+034
-1.2300000e+034
-1.2300000e+034
-1.2300000e+034
-1.2300000e+034
-1.2300000e+034
-1.2300000e+034
-1.2300000e+034
-1.2300000e+034
-1.2300000e+034
-1.2300000e+034
-1.2300000e+034
-1.2300000e+034
-1.2300000e+034
-1.2300000e+034
-1.2300000e+034
-1.2300000e+034
-1.2300000e+034
-1.2300000e+034
-1.2300000e+034
-1.2300000e+034
-1.2300000e+034
-1.2300000e+034
-1.2300000e+034
-1.2300000e+034
-1.2300000e+034
-1.2300000e+034
-1.2300000e+034
-1.2300000e+034
-1.2300000e+034
-1.2300000e+034
-1.2300000e+034
-1.2300000e+034
-1.2300000e+034
-1.2300000e+034
-1.2300000e+034
-1.2300000e+034
-1.2300000e+034
-1.2300000e+034
-1.2300000e+034
-1.2300000e+034
-1.2300000e+034
-1.2300000e+034
-1.2300000e+034
-1.2300000e+034
-1.2300000e+034
-1.2300000e+034
-1.2300000e+034
-1.2300000e+034
-1.2300000e+034
-1.2300000e+034
-1.2300000e+034
-1.2300000e+034
-1.2300000e+034
-1.2300000e+034
-1.2300000e+034
-1.2300000e+034
-1.2300000e+034
-1.2300000e+034
-1.2300000e+034
-1.2300000e+034
-1.2300000e+034
-1.2300000e+034
-1.2300000e+034
-1.2300000e+034
-1.2300000e+034
-1.2300000e+034
-1.2300000e+034
-1.2300000e+034
-1.2300000e+034
 4.4045085e-001
 4.4259882e-001
 4.4511285e-001
 4.4773310e-001
 4.5023543e-001
 4.5222870e-001
 4.5376742e-001
 4.5517591e-001
 4.5685151e-001
 4.5873228e-001
 4.6080226e-001
 4.6283993e-001
 4.6445268e-001
 4.6563217e-001
 4.6655056e-001
 4.6753466e-001
 4.6868694e-001
 4.7014871e-001
 4.7160909e-001
 4.7298628e-001
 4.7408226e-001
 4.7479454e-001
 4.7518456e-001
 4.7551191e-001
 4.7616029e-001
 4.7686487e-001
 4.7725910e-001
 4.7717389e-001
 4.7729808e-001
 4.7614893e-001
 4.7358418e-001
 4.7160193e-001
 4.7140598e-001
 4.7213486e-001
 4.7328028e-001
 4.7468120e-001
 4.7623441e-001
 4.7790715e-001
 4.7941616e-001
 4.8063156e-001
 4.8154023e-001
 4.8203170e-001
 4.8223484e-001
 4.8226187e-001
 4.8244309e-001
 4.8277128e-001
 4.8315784e-001
 4.8360953e-001
 4.8409995e-001
 4.8433238e-001
 4.8441795e-001
 4.8420757e-001
 4.8370701e-001
 4.8302564e-001
 4.8203215e-001
 4.8091456e-001
 4.7948542e-001
 4.7765642e-001
 4.7478807e-001
 4.7105455e-001
 4.6868840e-001
 4.6861872e-001
 4.6944726e-001
 4.6983704e-001
 4.6964711e-001
 4.6911448e-001
 4.6893248e-001
 4.6890914e-001
 4.6896619e-001
 4.6907449e-001
 4.6939579e-001
 4.7008601e-001
 4.7084916e-001
 4.7144106e-001
 4.7174174e-001
 4.7166646e-001
 4.7164217e-001
 4.7128138e-001
 4.7042784e-001
 4.6946168e-001
 4.6826553e-001
 4.6692067e-001
 4.6533886e-001
 4.6346343e-001
 4.6158329e-001
 4.5981202e-001
 4.5799664e-001
 4.5631549e-001
 4.5479724e-001
 4.5345914e-001
 4.5214170e-001
 4.5070344e-001
