s07_AV97 Record=742: Chalcedony CU91-6A            BECKa AREF
 3.6069521e-001
 3.9202312e-001
 4.1572264e-001
 4.3265218e-001
 4.4501388e-001
 4.5591393e-001
 4.6605945e-001
 4.7612345e-001
 4.8550493e-001
 4.9255532e-001
 4.9693799e-001
 5.0146478e-001
 5.0625968e-001
 5.1290202e-001
 5.2023202e-001
 5.2714777e-001
 5.3445977e-001
 5.4173297e-001
 5.4874855e-001
 5.5501622e-001
 5.5976266e-001
 5.6495672e-001
 5.6898993e-001
 5.7205069e-001
 5.7467347e-001
 5.7693470e-001
 5.7903415e-001
 5.8106565e-001
 5.8396840e-001
 5.8648109e-001
 5.8916497e-001
 5.9132057e-001
 5.8885306e-001
 5.9072775e-001
 5.9438694e-001
 6.0015988e-001
 6.0495007e-001
 6.1004919e-001
 6.1451256e-001
 6.1788863e-001
 6.2147844e-001
 6.2571192e-001
 6.3001966e-001
 6.3340312e-001
 6.3699806e-001
 6.4096498e-001
 6.4394987e-001
 6.4650041e-001
 6.5090328e-001
 6.5261406e-001
 6.5628529e-001
 6.6070902e-001
 6.6538250e-001
 6.6775054e-001
 6.6924655e-001
 6.6805953e-001
 6.7023695e-001
 6.7091173e-001
 6.7208141e-001
 6.7347813e-001
 6.7481446e-001
 6.7655075e-001
 6.7655647e-001
 6.7881322e-001
 6.7952436e-001
 6.8097651e-001
 6.8276250e-001
 6.8512499e-001
 6.8515915e-001
 6.8789589e-001
 6.8997574e-001
 6.9060993e-001
 6.9158787e-001
 6.9272715e-001
 6.9351393e-001
 6.9490969e-001
 6.9636583e-001
 6.9593287e-001
 6.9673055e-001
 6.9740927e-001
 6.9983375e-001
 6.9961029e-001
 6.9925088e-001
 6.9902623e-001
 6.9973165e-001
 6.9927305e-001
 7.0099634e-001
 7.0245278e-001
 7.0213974e-001
 7.0273966e-001
 7.0290810e-001
 7.0305723e-001
 7.0310277e-001
 7.0135057e-001
 7.0232040e-001
 7.0180565e-001
 7.0157009e-001
 7.0219284e-001
 7.0144671e-001
 7.0206398e-001
 7.0168287e-001
 7.0184386e-001
 7.0076078e-001
 6.9965380e-001
 6.9708741e-001
 6.9558513e-001
 6.9164282e-001
 6.8814409e-001
 6.8161803e-001
 6.6946024e-001
 6.5026271e-001
 6.2720305e-001
 6.0797036e-001
 6.0304165e-001
 6.0869104e-001
 6.1672002e-001
 6.2057191e-001
 6.2367791e-001
 6.2724304e-001
 6.3124156e-001
 6.3507158e-001
 6.3780177e-001
 6.4162064e-001
 6.4560497e-001
 6.4777237e-001
 6.5078974e-001
 6.5385807e-001
 6.5599185e-001
 6.5552866e-001
 6.5697628e-001
 6.5856266e-001
 6.5910524e-001
 6.6050637e-001
 6.6069639e-001
 6.6016048e-001
 6.6155821e-001
 6.6153425e-001
 6.6184890e-001
 6.6159308e-001
 6.6002160e-001
 6.6134983e-001
 6.6220695e-001
 6.5992379e-001
 6.5943605e-001
 6.5802979e-001
 6.5871346e-001
 6.5611088e-001
 6.5417141e-001
 6.5309447e-001
 6.5354973e-001
 6.5274227e-001
 6.5116054e-001
 6.4936715e-001
 6.4871275e-001
 6.4870727e-001
 6.4582723e-001
 6.4512205e-001
 6.4023066e-001
 6.2492055e-001
 5.9529972e-001
 6.0621750e-001
 5.7086998e-001
 5.3283423e-001
 5.0242150e-001
 4.9359831e-001
 4.9509519e-001
 5.0094038e-001
 5.0859475e-001
 5.1850051e-001
 5.2882755e-001
 5.3931636e-001
 5.5049890e-001
 5.6064701e-001
 5.6945699e-001
 5.7602113e-001
 5.8126158e-001
 5.8556408e-001
 5.8890206e-001
 5.9067219e-001
 5.9192264e-001
 5.9075743e-001
 5.9136814e-001
 5.9226400e-001
 5.9155571e-001
 5.9071094e-001
 5.8894968e-001
 5.8513772e-001
 5.7804656e-001
 5.6602031e-001
 5.4988068e-001
 5.2746427e-001
 5.0312525e-001
 4.8560694e-001
 4.7573435e-001
 4.7155339e-001
 4.7127599e-001
 4.7065067e-001
 4.6893209e-001
 4.6943325e-001
 4.7109649e-001
 4.7342688e-001
 4.7773364e-001
 4.7843486e-001
 4.8060891e-001
 4.8904398e-001
 4.9548095e-001
 4.9878368e-001
 5.0073749e-001
 5.0124764e-001
 5.0296277e-001
 5.0237775e-001
 4.9709207e-001
 4.9292958e-001
 4.8531112e-001
 4.7530675e-001
 4.6654564e-001
 4.5799875e-001
 4.4768524e-001
 4.3728179e-001
 4.2604557e-001
 4.1636536e-001
 4.0810370e-001
 4.0084234e-001
 3.9426020e-001
