s07_AV97 Record=589: Biotite WS660                 BECKb AREF
 6.9226317e-002
 7.3366448e-002
 7.6719597e-002
 7.8880623e-002
 8.0191620e-002
 8.1631847e-002
 8.4579214e-002
 8.6913280e-002
 9.0324827e-002
 9.3038261e-002
 9.5428064e-002
 1.0006101e-001
 1.0476242e-001
 1.0924712e-001
 1.1164051e-001
 1.1575314e-001
 1.1921446e-001
 1.2264084e-001
 1.2591128e-001
 1.2880878e-001
 1.3126822e-001
 1.3283531e-001
 1.3485447e-001
 1.3493128e-001
 1.3607563e-001
 1.3572688e-001
 1.3552460e-001
 1.3472793e-001
 1.3317470e-001
 1.3218935e-001
 1.3081132e-001
 1.2953144e-001
 1.3091777e-001
 1.2983365e-001
 1.2808259e-001
 1.2700278e-001
 1.2606172e-001
 1.2543224e-001
 1.2515362e-001
 1.2600410e-001
 1.2635638e-001
 1.2709001e-001
 1.2923115e-001
 1.3022172e-001
 1.3299493e-001
 1.3478841e-001
 1.3801031e-001
 1.3859580e-001
 1.3970566e-001
 1.4083968e-001
 1.3887161e-001
 1.3923135e-001
 1.4124526e-001
 1.3965549e-001
 1.3963479e-001
 1.4237286e-001
 1.3977455e-001
 1.3944329e-001
 1.3859493e-001
 1.3805309e-001
 1.3890494e-001
 1.3846959e-001
 1.4111944e-001
 1.4184207e-001
 1.4247847e-001
 1.4265385e-001
 1.4378789e-001
 1.4406446e-001
 1.4402984e-001
 1.4471257e-001
 1.4668994e-001
 1.4688724e-001
 1.4637084e-001
 1.4521728e-001
 1.4471960e-001
 1.4728309e-001
 1.4641961e-001
 1.4447746e-001
 1.4540906e-001
 1.4583591e-001
 1.4359729e-001
 1.4503470e-001
 1.4481874e-001
 1.4583729e-001
 1.4463122e-001
 1.4672203e-001
 1.4720917e-001
 1.4799160e-001
 1.4816539e-001
 1.5020911e-001
 1.5211523e-001
 1.5361567e-001
 1.5560611e-001
 1.5742186e-001
 1.6085461e-001
 1.6285737e-001
 1.5889134e-001
 1.6233726e-001
 1.6370477e-001
 1.6671945e-001
 1.6918407e-001
 1.7084526e-001
 1.7431945e-001
 1.7503050e-001
 1.8064331e-001
 1.8474872e-001
 1.8612334e-001
 1.8930286e-001
 1.9331844e-001
 1.9466378e-001
 1.9669849e-001
 2.0191069e-001
 2.0716402e-001
 2.1013600e-001
 2.1367165e-001
 2.1750562e-001
 2.2136535e-001
 2.2525498e-001
 2.2876649e-001
 2.3165759e-001
 2.3672320e-001
 2.3975603e-001
 2.4363022e-001
 2.4819946e-001
 2.5233489e-001
 2.5599718e-001
 2.5997341e-001
 2.6436269e-001
 2.6894695e-001
 2.7120191e-001
 2.7543160e-001
 2.7957508e-001
 2.8366885e-001
 2.8822485e-001
 2.9231545e-001
 2.9518172e-001
 2.9895204e-001
 3.0494812e-001
 3.0745631e-001
 3.1200460e-001
 3.1578681e-001
 3.2013959e-001
 3.2457796e-001
 3.2846758e-001
 3.3306700e-001
 3.3719254e-001
 3.3806771e-001
 3.4434360e-001
 3.4354180e-001
 3.5204825e-001
 3.5576874e-001
 3.6037064e-001
 3.6366829e-001
 3.6817732e-001
 3.6882785e-001
 3.7281388e-001
 3.8072118e-001
 3.8227990e-001
 3.8294736e-001
 3.8621196e-001
 3.8506430e-001
 3.8917947e-001
 3.9287633e-001
 3.9455682e-001
 3.9911982e-001
 4.0492091e-001
 4.0616494e-001
 4.1007298e-001
 4.1285637e-001
 4.1724232e-001
 4.2623082e-001
 4.2685452e-001
 4.3233970e-001
 4.3597943e-001
 4.4114098e-001
 4.4470528e-001
 4.4720200e-001
 4.5476252e-001
 4.5778811e-001
 4.6113697e-001
 4.6443397e-001
 4.6595275e-001
 4.6838567e-001
 4.7278771e-001
 4.7705489e-001
 4.8075002e-001
 4.8467800e-001
 4.8553973e-001
 4.9145371e-001
 4.9165225e-001
 4.9563214e-001
 5.0029969e-001
 4.9645042e-001
 4.9992761e-001
 5.0603348e-001
 5.0704771e-001
 5.0798279e-001
 5.1127797e-001
 5.1104730e-001
 5.1475334e-001
 5.2082449e-001
 5.1956099e-001
 5.0973797e-001
 5.0510031e-001
 4.9343354e-001
 4.8290977e-001
 4.8486465e-001
 4.9020523e-001
 4.9499941e-001
 4.9963546e-001
 4.9667591e-001
 4.9419570e-001
 4.9391225e-001
 4.9976683e-001
 5.0801474e-001
 5.1255149e-001
 5.1445580e-001
 5.1647812e-001
 5.1888180e-001
 5.2173358e-001
 5.2434790e-001
 5.2650416e-001
 5.2802694e-001
 5.2887803e-001
