s07_AV97 Record=364: Andradite HS111.6  Garnet    ASDFRb AREF
 7.1484774e-002
 7.4232288e-002
 8.0354191e-002
 8.7154113e-002
 9.1142558e-002
 9.4121300e-002
 9.4714619e-002
 9.4311215e-002
 1.0146455e-001
 1.0731978e-001
 1.1131854e-001
 1.1572833e-001
 1.2192453e-001
 1.2859192e-001
 1.3526367e-001
 1.4233091e-001
 1.4932203e-001
 1.5545572e-001
 1.6038156e-001
 1.6413926e-001
 1.6725370e-001
 1.7026004e-001
 1.7297316e-001
 1.7514297e-001
 1.7712434e-001
 1.8011487e-001
 1.8376033e-001
 1.8792614e-001
 1.9227529e-001
 1.9716501e-001
 2.0201777e-001
 2.0672759e-001
 2.0124851e-001
 2.0585400e-001
 2.1013115e-001
 2.1407236e-001
 2.1764751e-001
 2.2077578e-001
 2.2344896e-001
 2.2533278e-001
 2.2634196e-001
 2.2607975e-001
 2.2441198e-001
 2.2153836e-001
 2.1740271e-001
 2.1236402e-001
 2.0673673e-001
 2.0102265e-001
 1.9591363e-001
 1.9138314e-001
 1.8800434e-001
 1.8533576e-001
 1.8385923e-001
 1.8342258e-001
 1.8381803e-001
 1.8483831e-001
 1.8643872e-001
 1.8862125e-001
 1.9131131e-001
 1.9433470e-001
 1.9779292e-001
 2.0177412e-001
 2.0563810e-001
 2.0928527e-001
 2.1291403e-001
 2.1704002e-001
 2.2091706e-001
 2.2501437e-001
 2.2875412e-001
 2.3258442e-001
 2.3638085e-001
 2.3947674e-001
 2.4291615e-001
 2.4625394e-001
 2.4967939e-001
 2.5366950e-001
 2.5734004e-001
 2.6183960e-001
 2.6623756e-001
 2.7012971e-001
 2.7483287e-001
 2.7895749e-001
 2.8335479e-001
 2.8731325e-001
 2.9081321e-001
 2.9484051e-001
 2.9814377e-001
 3.0155855e-001
 3.0476686e-001
 3.0741876e-001
 3.0998510e-001
 3.1257480e-001
 3.1466916e-001
 3.1718653e-001
 3.1921691e-001
 3.2091409e-001
 3.1815121e-001
 3.2012331e-001
 3.2178146e-001
 3.2319126e-001
 3.2445514e-001
 3.2548258e-001
 3.2633540e-001
 3.2718697e-001
 3.2818845e-001
 3.2906047e-001
 3.3019558e-001
 3.3016208e-001
 3.2803541e-001
 3.2489830e-001
 3.1378973e-001
 2.8732839e-001
 2.6179257e-001
 2.6877722e-001
 2.8942281e-001
 3.0966887e-001
 3.2425058e-001
 3.3422536e-001
 3.4001020e-001
 3.4392840e-001
 3.4648278e-001
 3.4871569e-001
 3.5065883e-001
 3.5288364e-001
 3.5514101e-001
 3.5708404e-001
 3.5815778e-001
 3.5903513e-001
 3.6008546e-001
 3.6112118e-001
 3.6165303e-001
 3.6203587e-001
 3.6211139e-001
 3.6254582e-001
 3.6263514e-001
 3.6298683e-001
 3.6327946e-001
 3.6337477e-001
 3.6307582e-001
 3.6282215e-001
 3.6224440e-001
 3.6187902e-001
 3.6181092e-001
 3.6167082e-001
 3.6133707e-001
 3.6098722e-001
 3.6046931e-001
 3.6035639e-001
 3.6095849e-001
 3.6100495e-001
 3.6113986e-001
 3.6125535e-001
 3.6127546e-001
 3.6086690e-001
 3.6049470e-001
 3.6099100e-001
 3.6057103e-001
 3.6016920e-001
 3.5859632e-001
 3.5446540e-001
 3.5650185e-001
 3.5062909e-001
 3.4152120e-001
 3.3189622e-001
 3.2496622e-001
 3.2120579e-001
 3.1976342e-001
 3.2017690e-001
 3.2142887e-001
 3.2330626e-001
 3.2531947e-001
 3.2749000e-001
 3.3010623e-001
 3.3241192e-001
 3.3469722e-001
 3.3679503e-001
 3.3836940e-001
 3.3957961e-001
 3.4047160e-001
 3.4068558e-001
 3.4034780e-001
 3.3964708e-001
 3.3828881e-001
 3.3682683e-001
 3.3482125e-001
 3.3185947e-001
 3.2809985e-001
 3.2159811e-001
 3.1101713e-001
 2.9703823e-001
 2.8196841e-001
 2.6599276e-001
 2.5179702e-001
 2.3573743e-001
 2.1917304e-001
 2.0824540e-001
 2.0297924e-001
 2.0387664e-001
 2.0491147e-001
 2.0731357e-001
 2.0883848e-001
 2.0943108e-001
 2.1379717e-001
 2.0968571e-001
 2.0411871e-001
 2.0651729e-001
 2.0862739e-001
 2.0323142e-001
 1.9081008e-001
 1.7540762e-001
 1.6001669e-001
 1.4826590e-001
 1.4341910e-001
 1.4555332e-001
 1.4824718e-001
 1.4956340e-001
 1.5045388e-001
 1.4866488e-001
 1.4552277e-001
 1.4149654e-001
 1.3830552e-001
 1.3642357e-001
 1.3575724e-001
-1.2300000e+034
