s07_AV97 Record=1914: Lepidolite NMNH105541         BECKb AREF
 2.5905538e-001
 2.8390253e-001
 3.0034566e-001
 3.0684367e-001
 3.0353776e-001
 2.9493561e-001
 2.8311533e-001
 2.7288902e-001
 2.6671264e-001
 2.6377803e-001
 2.6435697e-001
 2.6575515e-001
 2.6745513e-001
 2.6786527e-001
 2.6428735e-001
 2.5823885e-001
 2.5117683e-001
 2.4748799e-001
 2.4584849e-001
 2.4604151e-001
 2.4813518e-001
 2.5294226e-001
 2.6280972e-001
 2.7711716e-001
 2.9582810e-001
 3.1880453e-001
 3.4315163e-001
 3.6624420e-001
 3.8604227e-001
 3.9999464e-001
 4.0770778e-001
 4.1005397e-001
 4.0700406e-001
 4.1009694e-001
 4.0907282e-001
 4.0562463e-001
 4.0100378e-001
 3.9503002e-001
 3.8923305e-001
 3.8324177e-001
 3.7762925e-001
 3.7330332e-001
 3.6931834e-001
 3.6540616e-001
 3.6236337e-001
 3.5953557e-001
 3.5749349e-001
 3.5610679e-001
 3.5475931e-001
 3.5306945e-001
 3.5315722e-001
 3.5328192e-001
 3.5298130e-001
 3.5344601e-001
 3.5677379e-001
 3.5765079e-001
 3.5765222e-001
 3.6232030e-001
 3.6384785e-001
 3.6450180e-001
 3.7087062e-001
 3.7148032e-001
 3.7262154e-001
 3.7727159e-001
 3.8344279e-001
 3.8935381e-001
 3.9406088e-001
 4.0119874e-001
 4.0723705e-001
 4.1187456e-001
 4.1935411e-001
 4.2524961e-001
 4.3183321e-001
 4.3794382e-001
 4.4677043e-001
 4.5337391e-001
 4.5953211e-001
 4.6751723e-001
 4.7381398e-001
 4.8068979e-001
 4.8885614e-001
 4.9582881e-001
 5.0405121e-001
 5.1063442e-001
 5.1904041e-001
 5.2495831e-001
 5.3120714e-001
 5.4008216e-001
 5.4699945e-001
 5.5372679e-001
 5.6047511e-001
 5.6697595e-001
 5.7125431e-001
 5.7502061e-001
 5.8365506e-001
 5.9007728e-001
 5.7907045e-001
 5.8707368e-001
 5.9309775e-001
 5.9664452e-001
 5.9841311e-001
 5.9965450e-001
 6.0375470e-001
 6.0785669e-001
 6.1347413e-001
 6.1988258e-001
 6.2381971e-001
 6.1969846e-001
 5.8851492e-001
 4.5816377e-001
 3.8021240e-001
 3.5614505e-001
 3.4700316e-001
 4.3207318e-001
 5.1386487e-001
 6.0449004e-001
 6.4629143e-001
 6.5791410e-001
 6.6617167e-001
 6.7641062e-001
 6.8193537e-001
 6.8836176e-001
 6.9461322e-001
 6.9911510e-001
 7.0217866e-001
 7.0504808e-001
 7.0827860e-001
 7.1192974e-001
 7.1288180e-001
 7.1614432e-001
 7.1891457e-001
 7.2183889e-001
 7.2368389e-001
 7.2452509e-001
 7.2614127e-001
 7.2872567e-001
 7.2960162e-001
 7.3385978e-001
 7.3231566e-001
 7.3247331e-001
 7.3511434e-001
 7.3850596e-001
 7.3578113e-001
 7.3584974e-001
 7.3456568e-001
 7.4288285e-001
 7.4075353e-001
 7.3794454e-001
 7.3622161e-001
 7.3506337e-001
 7.3736197e-001
 7.3505211e-001
 7.3160243e-001
 7.2454840e-001
 7.1714777e-001
 7.1195441e-001
 7.0980215e-001
 7.0437646e-001
 7.0370233e-001
 7.0163971e-001
 7.0347130e-001
 6.8950462e-001
 6.5388960e-001
 6.2268996e-001
 6.2428224e-001
 6.3995063e-001
 6.5025336e-001
 6.5480840e-001
 6.5728682e-001
 6.5754807e-001
 6.5713799e-001
 6.5787232e-001
 6.5831780e-001
 6.5529114e-001
 6.5537202e-001
 6.5530741e-001
 6.5412539e-001
 6.5299577e-001
 6.4698160e-001
 6.3240784e-001
 6.0802788e-001
 5.8410203e-001
 5.6403637e-001
 5.4772305e-001
 5.3692162e-001
 5.3103250e-001
 5.2695775e-001
 5.0797975e-001
 4.7617832e-001
 4.1291028e-001
 3.2503575e-001
 2.3191169e-001
 1.6424945e-001
 1.5433191e-001
 1.9872379e-001
 2.6450792e-001
 3.2974213e-001
 3.8359672e-001
 4.1088301e-001
 4.1856220e-001
 4.1593128e-001
 4.0404439e-001
 3.8182244e-001
 3.4509060e-001
 2.9103133e-001
 2.4561538e-001
 2.1215864e-001
 1.9513880e-001
 1.9256736e-001
 2.0761746e-001
 2.1141821e-001
 2.1089011e-001
 2.0744418e-001
 1.9954439e-001
 1.8784554e-001
 1.7467612e-001
 1.6433236e-001
 1.6104428e-001
 1.6373406e-001
 1.7039855e-001
 1.7846078e-001
 1.8624850e-001
 1.9226792e-001
 1.9557899e-001
