s07_AV97 Record=727: Cassiterite HS279.4B         ASDFRc AREF
 5.1477578e-002
 5.3210668e-002
 5.4223131e-002
 5.5735372e-002
 5.6678869e-002
 5.7727728e-002
 5.9306379e-002
 6.1109167e-002
 6.2575348e-002
 6.3262790e-002
 6.3687615e-002
 6.4231396e-002
 6.5102182e-002
 6.6321164e-002
 6.7640580e-002
 6.8990253e-002
 7.0436925e-002
 7.2061367e-002
 7.3868245e-002
 7.5848334e-002
 7.7896968e-002
 7.9697475e-002
 8.1162065e-002
 8.2265824e-002
 8.3086208e-002
 8.3675206e-002
 8.4208556e-002
 8.4671922e-002
 8.5179202e-002
 8.5726544e-002
 8.6323939e-002
 8.6968757e-002
 8.6224921e-002
 8.6836986e-002
 8.7499760e-002
 8.8165194e-002
 8.8840686e-002
 8.9492485e-002
 9.0126134e-002
 9.0743974e-002
 9.1270834e-002
 9.1676623e-002
 9.2000768e-002
 9.2180170e-002
 9.2280284e-002
 9.2242174e-002
 9.2168421e-002
 9.2005268e-002
 9.1733463e-002
 9.1374747e-002
 9.1031976e-002
 9.0659730e-002
 9.0293184e-002
 8.9980006e-002
 8.9589812e-002
 8.9280002e-002
 8.8894531e-002
 8.8500932e-002
 8.8133991e-002
 8.7755226e-002
 8.7437309e-002
 8.7057486e-002
 8.6701930e-002
 8.6377166e-002
 8.5983753e-002
 8.5609831e-002
 8.5237943e-002
 8.4888168e-002
 8.4491387e-002
 8.3796926e-002
 8.4125154e-002
 8.3410017e-002
 8.3016947e-002
 8.2952470e-002
 8.2351729e-002
 8.2401432e-002
 8.2153425e-002
 8.2077153e-002
 8.2024112e-002
 8.1599891e-002
 8.1377640e-002
 8.1089452e-002
 8.0922455e-002
 8.0816396e-002
 8.0795161e-002
 8.0743574e-002
 8.0539793e-002
 8.0370717e-002
 8.0193534e-002
 8.0037452e-002
 7.9806961e-002
 7.9828702e-002
 7.9663917e-002
 7.9385780e-002
 7.9171069e-002
 7.8887574e-002
 7.9180583e-002
 7.9099558e-002
 7.8892507e-002
 7.8579359e-002
 7.8154452e-002
 7.7768683e-002
 7.7690423e-002
 7.7462770e-002
 7.7165917e-002
 7.6728694e-002
 7.6484159e-002
 7.6219268e-002
 7.5914033e-002
 7.5227126e-002
 7.4591540e-002
 7.4525490e-002
 7.4164242e-002
 7.4432082e-002
 7.4429929e-002
 7.4235059e-002
 7.4065812e-002
 7.3974453e-002
 7.3875874e-002
 7.3644802e-002
 7.3478311e-002
 7.3403180e-002
 7.3206432e-002
 7.2995074e-002
 7.2876237e-002
 7.2677165e-002
 7.2538108e-002
 7.2406873e-002
 7.2276540e-002
 7.2152980e-002
 7.1970947e-002
 7.1830571e-002
 7.1502529e-002
 7.1423672e-002
 7.1238540e-002
 7.1032926e-002
 7.0797168e-002
 7.0672125e-002
 7.0537083e-002
 7.0370235e-002
 7.0068218e-002
 6.9956146e-002
 6.9830649e-002
 6.9633856e-002
 6.9367036e-002
 6.9331668e-002
 6.9284320e-002
 6.8906330e-002
 6.8858415e-002
 6.8744883e-002
 6.8539105e-002
 6.8470977e-002
 6.8470657e-002
 6.8360806e-002
 6.8251111e-002
 6.7936935e-002
 6.7755409e-002
 6.7682676e-002
 6.7474939e-002
 6.7307003e-002
 6.7392170e-002
 6.7248657e-002
 6.6945143e-002
 6.6617854e-002
 6.6417776e-002
 6.6371538e-002
 6.6246785e-002
 6.6276975e-002
 6.6058174e-002
 6.5816969e-002
 6.5757401e-002
 6.5725319e-002
 6.5707721e-002
 6.5745384e-002
 6.5858446e-002
 6.5908030e-002
 6.5888196e-002
 6.5827116e-002
 6.5818503e-002
 6.5787993e-002
 6.5699957e-002
 6.5496504e-002
 6.5498076e-002
 6.5374129e-002
 6.5313309e-002
 6.4941816e-002
 6.4716883e-002
 6.4268157e-002
 6.3809045e-002
 6.3548386e-002
 6.3493930e-002
 6.3327722e-002
 6.3032188e-002
 6.2708125e-002
 6.2946178e-002
 6.3199148e-002
 6.3204922e-002
 6.2990703e-002
 6.2772378e-002
 6.2602222e-002
 6.2513359e-002
 6.2384415e-002
 6.2155720e-002
 6.1939877e-002
 6.1950207e-002
 6.1942484e-002
 6.2062915e-002
 6.1702646e-002
 6.1407935e-002
 6.1517671e-002
 6.1419174e-002
 6.1476529e-002
 6.1175495e-002
 6.1195631e-002
 6.1030127e-002
 6.1051819e-002
 6.0481146e-002
 5.9899133e-002
 6.0028933e-002
 6.0090855e-002
 5.8913089e-002
 5.9485752e-002
 5.8385111e-002
-1.2300000e+034
