s07_AV97 Record=1648: Illite IMt-1.a                BECKb AREF
 1.8934162e-001
 2.0311627e-001
 2.2018920e-001
 2.3454304e-001
 2.4664421e-001
 2.5829539e-001
 2.7143860e-001
 2.8189114e-001
 2.9126751e-001
 3.0178377e-001
 3.1289518e-001
 3.2325569e-001
 3.3423173e-001
 3.4290114e-001
 3.5253307e-001
 3.6292493e-001
 3.7017879e-001
 3.7553319e-001
 3.8147837e-001
 3.8357458e-001
 3.8268229e-001
 3.8008314e-001
 3.7670144e-001
 3.7270078e-001
 3.6637351e-001
 3.6180952e-001
 3.5518160e-001
 3.4917286e-001
 3.4394544e-001
 3.3908758e-001
 3.3322817e-001
 3.2799831e-001
 3.3408418e-001
 3.2893798e-001
 3.2305357e-001
 3.1849530e-001
 3.1361920e-001
 3.1042331e-001
 3.0662790e-001
 3.0564895e-001
 3.0364376e-001
 3.0297005e-001
 3.0309901e-001
 3.0568978e-001
 3.0694836e-001
 3.1013545e-001
 3.1466347e-001
 3.1924152e-001
 3.2112381e-001
 3.2192957e-001
 3.2817066e-001
 3.3130524e-001
 3.2943189e-001
 3.2734099e-001
 3.2387874e-001
 3.2055378e-001
 3.1992787e-001
 3.1793419e-001
 3.1831905e-001
 3.1148019e-001
 3.1032956e-001
 3.1005946e-001
 3.0882415e-001
 3.0827957e-001
 3.0780876e-001
 3.0922100e-001
 3.0606309e-001
 3.0714867e-001
 3.0558077e-001
 3.0525768e-001
 3.0320215e-001
 3.0309039e-001
 3.0399394e-001
 3.0183086e-001
 2.9895708e-001
 2.9865924e-001
 2.9982066e-001
 3.0222026e-001
 2.9889011e-001
 3.0101001e-001
 3.0103445e-001
 3.0245528e-001
 3.0343845e-001
 3.0479154e-001
 3.0781630e-001
 3.0828351e-001
 3.1083125e-001
 3.1387806e-001
 3.1581387e-001
 3.2064563e-001
 3.2243171e-001
 3.2760540e-001
 3.2988068e-001
 3.3274898e-001
 3.3656874e-001
 3.3943185e-001
 3.3518991e-001
 3.3911580e-001
 3.4088683e-001
 3.4631431e-001
 3.4968197e-001
 3.5130081e-001
 3.5665020e-001
 3.5929450e-001
 3.6394167e-001
 3.6797720e-001
 3.7105083e-001
 3.7562886e-001
 3.7901604e-001
 3.8116011e-001
 3.8273880e-001
 3.7931681e-001
 3.7914976e-001
 3.8696593e-001
 3.9396566e-001
 4.0240756e-001
 4.0831506e-001
 4.1352919e-001
 4.1885465e-001
 4.1984254e-001
 4.2545918e-001
 4.2969844e-001
 4.3598598e-001
 4.3929538e-001
 4.4298774e-001
 4.4720837e-001
 4.5166278e-001
 4.5590052e-001
 4.5960233e-001
 4.6468547e-001
 4.6834829e-001
 4.6944970e-001
 4.7229168e-001
 4.7809657e-001
 4.8203436e-001
 4.8257795e-001
 4.8910880e-001
 4.9099016e-001
 4.9505168e-001
 5.0011700e-001
 5.0007677e-001
 5.0535798e-001
 5.1067311e-001
 5.1216859e-001
 5.1594877e-001
 5.1456475e-001
 5.1772577e-001
 5.2428186e-001
 5.2626806e-001
 5.2780372e-001
 5.3498936e-001
 5.3343064e-001
 5.3597945e-001
 5.3837991e-001
 5.4240805e-001
 5.4397476e-001
 5.4477757e-001
 5.4439551e-001
 5.4335403e-001
 5.3649384e-001
 5.3976595e-001
 5.2508098e-001
 5.0371903e-001
 4.9095681e-001
 4.9900156e-001
 5.1541847e-001
 5.1846927e-001
 5.1902670e-001
 5.3000915e-001
 5.3382611e-001
 5.3739661e-001
 5.4314393e-001
 5.4428834e-001
 5.4979253e-001
 5.5271029e-001
 5.6199276e-001
 5.6383735e-001
 5.6759393e-001
 5.7187158e-001
 5.6780595e-001
 5.7289535e-001
 5.7335019e-001
 5.7325101e-001
 5.7452148e-001
 5.7468021e-001
 5.7246047e-001
 5.7528275e-001
 5.7472861e-001
 5.6816715e-001
 5.5750144e-001
 5.4143035e-001
 5.2611601e-001
 5.1113045e-001
 4.9978364e-001
 4.9782795e-001
 5.0262398e-001
 5.0766140e-001
 5.1166022e-001
 5.1389408e-001
 5.2712828e-001
 5.4133171e-001
 5.3634256e-001
 5.2066225e-001
 5.1746482e-001
 5.0982934e-001
 4.9745363e-001
 4.9187696e-001
 4.8580909e-001
 4.8719072e-001
 4.8778105e-001
 4.8533678e-001
 4.8788878e-001
 4.8982495e-001
 4.8708147e-001
 4.8100555e-001
 4.7486424e-001
 4.6983230e-001
 4.6643367e-001
 4.6466851e-001
 4.6373022e-001
 4.6349895e-001
 4.6380743e-001
 4.6453166e-001
 4.6546063e-001
