s07_AV97 Record=1657: Illite IMt-1.b <2um          NIC4aa RREF
-1.2300000e+034
-1.2300000e+034
-1.2300000e+034
-1.2300000e+034
-1.2300000e+034
-1.2300000e+034
-1.2300000e+034
-1.2300000e+034
-1.2300000e+034
-1.2300000e+034
-1.2300000e+034
-1.2300000e+034
-1.2300000e+034
-1.2300000e+034
-1.2300000e+034
-1.2300000e+034
-1.2300000e+034
-1.2300000e+034
-1.2300000e+034
-1.2300000e+034
-1.2300000e+034
-1.2300000e+034
-1.2300000e+034
-1.2300000e+034
-1.2300000e+034
-1.2300000e+034
-1.2300000e+034
-1.2300000e+034
-1.2300000e+034
-1.2300000e+034
-1.2300000e+034
-1.2300000e+034
-1.2300000e+034
-1.2300000e+034
-1.2300000e+034
-1.2300000e+034
-1.2300000e+034
-1.2300000e+034
-1.2300000e+034
-1.2300000e+034
-1.2300000e+034
-1.2300000e+034
-1.2300000e+034
-1.2300000e+034
-1.2300000e+034
-1.2300000e+034
-1.2300000e+034
-1.2300000e+034
-1.2300000e+034
-1.2300000e+034
-1.2300000e+034
-1.2300000e+034
-1.2300000e+034
-1.2300000e+034
-1.2300000e+034
-1.2300000e+034
-1.2300000e+034
-1.2300000e+034
-1.2300000e+034
-1.2300000e+034
-1.2300000e+034
-1.2300000e+034
-1.2300000e+034
-1.2300000e+034
-1.2300000e+034
-1.2300000e+034
-1.2300000e+034
-1.2300000e+034
-1.2300000e+034
-1.2300000e+034
-1.2300000e+034
-1.2300000e+034
-1.2300000e+034
-1.2300000e+034
-1.2300000e+034
-1.2300000e+034
-1.2300000e+034
-1.2300000e+034
-1.2300000e+034
-1.2300000e+034
-1.2300000e+034
-1.2300000e+034
-1.2300000e+034
-1.2300000e+034
-1.2300000e+034
-1.2300000e+034
-1.2300000e+034
-1.2300000e+034
-1.2300000e+034
-1.2300000e+034
-1.2300000e+034
-1.2300000e+034
-1.2300000e+034
-1.2300000e+034
-1.2300000e+034
-1.2300000e+034
-1.2300000e+034
-1.2300000e+034
-1.2300000e+034
-1.2300000e+034
-1.2300000e+034
-1.2300000e+034
-1.2300000e+034
-1.2300000e+034
-1.2300000e+034
-1.2300000e+034
-1.2300000e+034
-1.2300000e+034
-1.2300000e+034
-1.2300000e+034
 3.3196366e-001
 3.2461089e-001
 3.1870571e-001
 3.1871301e-001
 3.2083002e-001
 3.2213956e-001
 3.2328758e-001
 3.2438856e-001
 3.2557520e-001
 3.2745716e-001
 3.2981852e-001
 3.3259687e-001
 3.3554262e-001
 3.3835962e-001
 3.4147108e-001
 3.4491646e-001
 3.4873769e-001
 3.5254055e-001
 3.5617590e-001
 3.5976440e-001
 3.6324632e-001
 3.6700481e-001
 3.7079793e-001
 3.7473145e-001
 3.7841052e-001
 3.8191998e-001
 3.8508400e-001
 3.8814482e-001
 3.9138651e-001
 3.9474335e-001
 3.9805511e-001
 4.0111437e-001
 4.0397424e-001
 4.0655091e-001
 4.0907398e-001
 4.1169426e-001
 4.1435426e-001
 4.1702956e-001
 4.1946813e-001
 4.2174855e-001
 4.2374066e-001
 4.2562205e-001
 4.2746192e-001
 4.2926291e-001
 4.3110564e-001
 4.3294695e-001
 4.3450403e-001
 4.3571702e-001
 4.3577582e-001
 4.3425164e-001
 4.3490189e-001
 4.3242103e-001
 4.2954987e-001
 4.2890635e-001
 4.3175110e-001
 4.3550751e-001
 4.3848121e-001
 4.4075316e-001
 4.4233546e-001
 4.4370276e-001
 4.4487086e-001
 4.4577554e-001
 4.4681722e-001
 4.4798675e-001
 4.4933286e-001
 4.5067051e-001
 4.5160213e-001
 4.5233178e-001
 4.5246714e-001
 4.5229036e-001
 4.5169219e-001
 4.5071414e-001
 4.4963315e-001
 4.4871905e-001
 4.4811445e-001
 4.4787648e-001
 4.4740281e-001
 4.4537953e-001
 4.4145468e-001
 4.3482241e-001
 4.2535540e-001
 4.1333121e-001
 4.0166005e-001
 3.9335477e-001
 3.9287350e-001
 3.9684227e-001
 4.0233290e-001
 4.0439650e-001
 4.0656358e-001
 4.1285110e-001
 4.1919798e-001
 4.1955721e-001
 4.1473284e-001
 4.0834033e-001
 4.0232408e-001
 3.9649969e-001
 3.8907784e-001
 3.8421959e-001
 3.8429287e-001
 3.8566852e-001
 3.8639370e-001
 3.8772145e-001
 3.8836071e-001
 3.8676038e-001
 3.8278970e-001
 3.7735736e-001
 3.7275386e-001
 3.7072036e-001
 3.7108052e-001
 3.7202373e-001
 3.7285808e-001
 3.7327820e-001
 3.7367517e-001
 3.7392417e-001
