s07_AV97 Record=860: Clinochlore GDS158 Flagstaff  BECKb AREF
 1.6134261e-001
 1.6947174e-001
 1.7720370e-001
 1.8460792e-001
 1.8959948e-001
 1.9801223e-001
 2.0909832e-001
 2.1927480e-001
 2.2633350e-001
 2.3056163e-001
 2.3829083e-001
 2.4812768e-001
 2.5766078e-001
 2.6279733e-001
 2.7065703e-001
 2.7593470e-001
 2.7779126e-001
 2.7853379e-001
 2.7897730e-001
 2.7872735e-001
 2.7685815e-001
 2.7392980e-001
 2.6960105e-001
 2.6523566e-001
 2.6070541e-001
 2.5569579e-001
 2.5065333e-001
 2.4576938e-001
 2.4070793e-001
 2.3631994e-001
 2.3188812e-001
 2.2782120e-001
 2.3258595e-001
 2.2851279e-001
 2.2528356e-001
 2.2303674e-001
 2.2119986e-001
 2.2051911e-001
 2.2099060e-001
 2.2258790e-001
 2.2500661e-001
 2.2757781e-001
 2.3141611e-001
 2.3503140e-001
 2.3820518e-001
 2.4094854e-001
 2.4245006e-001
 2.4247152e-001
 2.4129458e-001
 2.3994011e-001
 2.3810181e-001
 2.3495385e-001
 2.3114111e-001
 2.2863235e-001
 2.2802863e-001
 2.2781514e-001
 2.2614625e-001
 2.2696555e-001
 2.2584784e-001
 2.2899537e-001
 2.3058516e-001
 2.3337618e-001
 2.3517029e-001
 2.3815194e-001
 2.4073985e-001
 2.4346729e-001
 2.4490549e-001
 2.4672259e-001
 2.4714458e-001
 2.4750952e-001
 2.4848686e-001
 2.4839579e-001
 2.4847561e-001
 2.4784406e-001
 2.4861591e-001
 2.4866933e-001
 2.5019735e-001
 2.5023803e-001
 2.5127974e-001
 2.5291991e-001
 2.5521922e-001
 2.5659135e-001
 2.5990179e-001
 2.6237005e-001
 2.6610318e-001
 2.6935419e-001
 2.7333549e-001
 2.7826026e-001
 2.8246453e-001
 2.8793922e-001
 2.9296288e-001
 2.9810238e-001
 3.0298403e-001
 3.0916092e-001
 3.1425902e-001
 3.2014468e-001
 3.1141546e-001
 3.1721747e-001
 3.2303691e-001
 3.2889757e-001
 3.3471099e-001
 3.4026760e-001
 3.4578034e-001
 3.5205516e-001
 3.5819095e-001
 3.6374715e-001
 3.6946881e-001
 3.7596333e-001
 3.8098317e-001
 3.7859499e-001
 3.5730985e-001
 3.6085355e-001
 3.7817153e-001
 3.9225632e-001
 3.9527491e-001
 3.9559844e-001
 4.0137026e-001
 4.0787962e-001
 4.1506043e-001
 4.2175436e-001
 4.2637366e-001
 4.3030733e-001
 4.3250310e-001
 4.3444267e-001
 4.3687811e-001
 4.4100049e-001
 4.4482064e-001
 4.5086271e-001
 4.5669872e-001
 4.6268964e-001
 4.6979174e-001
 4.7632545e-001
 4.8336452e-001
 4.8970214e-001
 4.9629977e-001
 5.0244510e-001
 5.0900495e-001
 5.1447356e-001
 5.1863378e-001
 5.2341753e-001
 5.2994937e-001
 5.3520870e-001
 5.3894329e-001
 5.4294246e-001
 5.4869062e-001
 5.5178398e-001
 5.5561227e-001
 5.5950040e-001
 5.6140906e-001
 5.6561279e-001
 5.6890714e-001
 5.6780225e-001
 5.6898242e-001
 5.6784856e-001
 5.7018977e-001
 5.6827539e-001
 5.6370294e-001
 5.6035346e-001
 5.5352217e-001
 5.5032027e-001
 5.5063617e-001
 5.5004495e-001
 5.4830950e-001
 5.4493308e-001
 5.4347020e-001
 5.4733509e-001
 5.4589313e-001
 5.3852010e-001
 5.3489316e-001
 5.3360254e-001
 5.2835572e-001
 5.2187687e-001
 5.2178520e-001
 5.2861565e-001
 5.4235500e-001
 5.5933356e-001
 5.7600445e-001
 5.8978570e-001
 5.9662467e-001
 6.0369712e-001
 6.0810518e-001
 6.0876518e-001
 6.0780370e-001
 6.0521317e-001
 6.0464978e-001
 6.0631174e-001
 6.0826784e-001
 6.0818213e-001
 6.0453361e-001
 5.9695548e-001
 5.8962381e-001
 5.7957482e-001
 5.6813115e-001
 5.5567372e-001
 5.3666401e-001
 5.0244361e-001
 4.4458184e-001
 3.8897595e-001
 3.8813040e-001
 4.0732592e-001
 4.1112769e-001
 3.9564139e-001
 3.7217629e-001
 3.6158410e-001
 3.5225624e-001
 3.3848646e-001
 3.3105054e-001
 3.3575135e-001
 3.5049716e-001
 3.7575758e-001
 3.9961037e-001
 4.0725985e-001
 4.1301262e-001
 4.2107323e-001
 4.2779744e-001
 4.2810342e-001
 4.2271110e-001
 4.1388458e-001
 4.0469670e-001
 3.9488593e-001
 3.8692644e-001
 3.8091442e-001
 3.7666708e-001
 3.7388411e-001
