s07_AV97 Record=1934: Limonite HS41.3             NIC4bbu RREF
-1.2300000e+034
-1.2300000e+034
-1.2300000e+034
-1.2300000e+034
-1.2300000e+034
-1.2300000e+034
-1.2300000e+034
-1.2300000e+034
-1.2300000e+034
-1.2300000e+034
-1.2300000e+034
-1.2300000e+034
-1.2300000e+034
-1.2300000e+034
-1.2300000e+034
-1.2300000e+034
-1.2300000e+034
-1.2300000e+034
-1.2300000e+034
-1.2300000e+034
-1.2300000e+034
-1.2300000e+034
-1.2300000e+034
-1.2300000e+034
-1.2300000e+034
-1.2300000e+034
-1.2300000e+034
-1.2300000e+034
-1.2300000e+034
-1.2300000e+034
-1.2300000e+034
-1.2300000e+034
-1.2300000e+034
-1.2300000e+034
-1.2300000e+034
-1.2300000e+034
-1.2300000e+034
-1.2300000e+034
-1.2300000e+034
-1.2300000e+034
-1.2300000e+034
-1.2300000e+034
-1.2300000e+034
-1.2300000e+034
-1.2300000e+034
-1.2300000e+034
-1.2300000e+034
-1.2300000e+034
-1.2300000e+034
-1.2300000e+034
-1.2300000e+034
-1.2300000e+034
-1.2300000e+034
-1.2300000e+034
-1.2300000e+034
-1.2300000e+034
-1.2300000e+034
-1.2300000e+034
-1.2300000e+034
-1.2300000e+034
-1.2300000e+034
-1.2300000e+034
-1.2300000e+034
-1.2300000e+034
-1.2300000e+034
-1.2300000e+034
-1.2300000e+034
-1.2300000e+034
-1.2300000e+034
-1.2300000e+034
-1.2300000e+034
-1.2300000e+034
-1.2300000e+034
-1.2300000e+034
-1.2300000e+034
-1.2300000e+034
-1.2300000e+034
-1.2300000e+034
-1.2300000e+034
-1.2300000e+034
-1.2300000e+034
-1.2300000e+034
-1.2300000e+034
-1.2300000e+034
-1.2300000e+034
-1.2300000e+034
-1.2300000e+034
-1.2300000e+034
-1.2300000e+034
-1.2300000e+034
-1.2300000e+034
-1.2300000e+034
-1.2300000e+034
-1.2300000e+034
-1.2300000e+034
-1.2300000e+034
-1.2300000e+034
-1.2300000e+034
-1.2300000e+034
-1.2300000e+034
-1.2300000e+034
-1.2300000e+034
-1.2300000e+034
-1.2300000e+034
-1.2300000e+034
-1.2300000e+034
-1.2300000e+034
-1.2300000e+034
-1.2300000e+034
-1.2300000e+034
-1.2300000e+034
-1.2300000e+034
-1.2300000e+034
-1.2300000e+034
-1.2300000e+034
-1.2300000e+034
-1.2300000e+034
-1.2300000e+034
-1.2300000e+034
-1.2300000e+034
-1.2300000e+034
 1.6816853e-001
 1.7518738e-001
 1.8305059e-001
 1.9044760e-001
 1.9733213e-001
 2.0346913e-001
 2.0871083e-001
 2.1282205e-001
 2.1600135e-001
 2.1848695e-001
 2.2039820e-001
 2.2196627e-001
 2.2303128e-001
 2.2399661e-001
 2.2464275e-001
 2.2525729e-001
 2.2601667e-001
 2.2703472e-001
 2.2824199e-001
 2.2931343e-001
 2.3022842e-001
 2.3089105e-001
 2.3137520e-001
 2.3180407e-001
 2.3210758e-001
 2.3239700e-001
 2.3279972e-001
 2.3324557e-001
 2.3379551e-001
 2.3427635e-001
 2.3484889e-001
 2.3551892e-001
 2.3608072e-001
 2.3672259e-001
 2.3744416e-001
 2.3806033e-001
 2.3827365e-001
 2.3727538e-001
 2.3498987e-001
 2.3589866e-001
 2.3240125e-001
 2.2774534e-001
 2.2274855e-001
 2.1905951e-001
 2.1712540e-001
 2.1649764e-001
 2.1666387e-001
 2.1717574e-001
 2.1767569e-001
 2.1790481e-001
 2.1796131e-001
 2.1828590e-001
 2.1910669e-001
 2.2062434e-001
 2.2299023e-001
 2.2569054e-001
 2.2863974e-001
 2.3134467e-001
 2.3350966e-001
 2.3495595e-001
 2.3584463e-001
 2.3632732e-001
 2.3649493e-001
 2.3633714e-001
 2.3575258e-001
 2.3490398e-001
 2.3396266e-001
 2.3293450e-001
 2.3127876e-001
 2.2891358e-001
 2.2598779e-001
 2.2260286e-001
 2.1872887e-001
 2.1489932e-001
 2.1040748e-001
 2.0534031e-001
 2.0012011e-001
 1.9502033e-001
 1.9012669e-001
 1.8550821e-001
 1.8102843e-001
 1.7650357e-001
 1.7204086e-001
 1.6736230e-001
 1.6260295e-001
 1.5789869e-001
 1.5346804e-001
 1.4916278e-001
 1.4512835e-001
 1.4141248e-001
 1.3829422e-001
 1.3635583e-001
 1.3477878e-001
 1.3365988e-001
 1.3222013e-001
 1.3106832e-001
 1.3026817e-001
 1.2980755e-001
 1.2948476e-001
 1.2944004e-001
 1.2936503e-001
 1.2934576e-001
 1.2942384e-001
