s07_AV97 Record=2740: Pyrophyllite PYS1A <850um    ASDNGa AREF
 4.6894294e-001
 4.7727975e-001
 4.8837888e-001
 5.0113362e-001
 5.1155216e-001
 5.1919550e-001
 5.2682644e-001
 5.3740543e-001
 5.4853469e-001
 5.5673444e-001
 5.6320286e-001
 5.6943887e-001
 5.7605332e-001
 5.8333236e-001
 5.9083539e-001
 5.9818059e-001
 6.0529202e-001
 6.1208355e-001
 6.1827463e-001
 6.2361288e-001
 6.2822068e-001
 6.3203335e-001
 6.3616508e-001
 6.4042377e-001
 6.4533836e-001
 6.5077227e-001
 6.5682328e-001
 6.6339821e-001
 6.7014611e-001
 6.7705768e-001
 6.8446875e-001
 6.9179809e-001
 6.8326300e-001
 6.9044572e-001
 6.9715226e-001
 7.0417666e-001
 7.1088648e-001
 7.1730286e-001
 7.2328305e-001
 7.2805387e-001
 7.3477882e-001
 7.4041688e-001
 7.4588430e-001
 7.5119925e-001
 7.5630426e-001
 7.6112032e-001
 7.6576990e-001
 7.7032775e-001
 7.7466059e-001
 7.7868044e-001
 7.8243017e-001
 7.8595853e-001
 7.8925329e-001
 7.9234672e-001
 7.9530495e-001
 7.9835731e-001
 8.0112231e-001
 8.0364621e-001
 8.0561304e-001
 8.0698496e-001
 8.0962688e-001
 8.0449677e-001
 7.7816230e-001
 8.1260526e-001
 8.2123661e-001
 8.2515264e-001
 8.2840002e-001
 8.3118159e-001
 8.3379668e-001
 8.3631551e-001
 8.3868873e-001
 8.4086865e-001
 8.4299737e-001
 8.4506607e-001
 8.4686673e-001
 8.4856999e-001
 8.5022938e-001
 8.5168934e-001
 8.5254270e-001
 8.5444891e-001
 8.5591233e-001
 8.5674256e-001
 8.5731769e-001
 8.5759521e-001
 8.5760242e-001
 8.5695571e-001
 8.5590160e-001
 8.5622805e-001
 8.5492921e-001
 8.5327876e-001
 8.5224634e-001
 8.3341432e-001
 8.4750682e-001
 8.5378987e-001
 8.5528356e-001
 8.5326529e-001
 8.5468346e-001
 8.5452455e-001
 8.5225415e-001
 8.4933412e-001
 8.4562033e-001
 8.4181768e-001
 8.3245683e-001
 8.1793565e-001
 8.0372179e-001
 8.1465232e-001
 8.1260371e-001
 7.9325479e-001
 7.9302436e-001
 7.0292932e-001
 4.7463918e-001
 6.6686344e-001
 7.8310126e-001
 8.1383717e-001
 8.1999868e-001
 8.3764637e-001
 8.4192377e-001
 8.4590042e-001
 8.5564798e-001
 8.6120093e-001
 8.6507022e-001
 8.6740458e-001
 8.6919940e-001
 8.7080634e-001
 8.7193483e-001
 8.7211829e-001
 8.7192011e-001
 8.7495464e-001
 8.7680113e-001
 8.7801522e-001
 8.7824100e-001
 8.7732536e-001
 8.7808210e-001
 8.7928718e-001
 8.7987542e-001
 8.8031310e-001
 8.8040799e-001
 8.8026041e-001
 8.7903732e-001
 8.7570786e-001
 8.7544870e-001
 8.7730032e-001
 8.7727123e-001
 8.7439662e-001
 8.7306011e-001
 8.7318069e-001
 8.7291175e-001
 8.7492502e-001
 8.7689006e-001
 8.7777597e-001
 8.7579209e-001
 8.7102169e-001
 8.7283731e-001
 8.7505543e-001
 8.7353259e-001
 8.7263530e-001
 8.7080240e-001
 8.6701936e-001
 8.6287218e-001
 8.5682493e-001
 8.5894561e-001
 8.5190433e-001
 8.4439009e-001
 8.3965898e-001
 8.3700264e-001
 8.3380902e-001
 8.2859892e-001
 8.2152152e-001
 8.1992829e-001
 8.2202607e-001
 8.2095671e-001
 8.1856108e-001
 8.1597126e-001
 8.1197059e-001
 8.0828828e-001
 8.0893415e-001
 8.0969918e-001
 7.9233402e-001
 7.3879129e-001
 7.0043731e-001
 6.4354604e-001
 6.3399571e-001
 7.1841741e-001
 7.4647844e-001
 7.1681434e-001
 6.6696507e-001
 6.2479067e-001
 5.4377657e-001
 3.8828003e-001
 3.0656871e-001
 4.5761108e-001
 5.8292812e-001
 6.1860579e-001
 6.2239778e-001
 6.0528481e-001
 6.3026464e-001
 6.3632810e-001
 6.1902463e-001
 5.9589320e-001
 5.6918317e-001
 5.2996844e-001
 4.8946047e-001
 4.6525353e-001
 4.3305567e-001
 3.9710513e-001
 4.2621621e-001
 4.6110046e-001
 4.4682312e-001
 4.5275921e-001
 4.6711922e-001
 4.5761958e-001
 4.1903469e-001
 4.1196841e-001
 4.1321099e-001
 4.1001031e-001
 3.9412761e-001
 3.9790264e-001
 4.0294632e-001
 3.9556673e-001
 3.9337403e-001
 3.7594604e-001
 3.5033742e-001
 3.3816817e-001
-1.2300000e+034
