s07_AV97 Record=2854: Richterite HS336.3B Amphibol  BECKc AREF
 8.2339272e-002
 8.5295402e-002
 8.8198565e-002
 9.1418251e-002
 9.6175186e-002
 9.8634131e-002
 1.0060819e-001
 1.0131498e-001
 1.0419413e-001
 1.0792429e-001
 1.1381972e-001
 1.1973345e-001
 1.2660170e-001
 1.3294221e-001
 1.3921344e-001
 1.4471915e-001
 1.5088478e-001
 1.5519226e-001
 1.6124098e-001
 1.6821712e-001
 1.7545578e-001
 1.8038000e-001
 1.8636735e-001
 1.9193849e-001
 1.9713202e-001
 2.0153917e-001
 2.0526719e-001
 2.0969641e-001
 2.1361753e-001
 2.1747443e-001
 2.2136801e-001
 2.2611204e-001
 2.2071692e-001
 2.2505218e-001
 2.2869112e-001
 2.3177163e-001
 2.3485038e-001
 2.3718965e-001
 2.4005461e-001
 2.4271616e-001
 2.4505581e-001
 2.4660599e-001
 2.4851796e-001
 2.5112274e-001
 2.5253868e-001
 2.5388011e-001
 2.5473791e-001
 2.5778061e-001
 2.5783375e-001
 2.6032090e-001
 2.6083174e-001
 2.6239908e-001
 2.6558593e-001
 2.6805910e-001
 2.6634678e-001
 2.6232323e-001
 2.6315403e-001
 2.6538801e-001
 2.6568949e-001
 2.6760718e-001
 2.6533842e-001
 2.6315039e-001
 2.6161262e-001
 2.6449919e-001
 2.6393411e-001
 2.6346859e-001
 2.6150826e-001
 2.6302028e-001
 2.6256412e-001
 2.6091027e-001
 2.6078278e-001
 2.6017499e-001
 2.6176348e-001
 2.6249352e-001
 2.6374972e-001
 2.6170745e-001
 2.6111105e-001
 2.6243713e-001
 2.6206106e-001
 2.6319763e-001
 2.6388797e-001
 2.6343092e-001
 2.6304385e-001
 2.6291126e-001
 2.6542810e-001
 2.6403674e-001
 2.6491523e-001
 2.6335126e-001
 2.6517996e-001
 2.6450458e-001
 2.6421261e-001
 2.6399693e-001
 2.6547575e-001
 2.6504794e-001
 2.6617035e-001
 2.6498541e-001
 2.6556775e-001
 2.6587337e-001
 2.6520115e-001
 2.6536471e-001
 2.6500651e-001
 2.6640397e-001
 2.6524040e-001
 2.6495087e-001
 2.6510599e-001
 2.6557609e-001
 2.6452735e-001
 2.6166803e-001
 2.5134811e-001
 2.4995787e-001
 2.5119799e-001
 2.6202610e-001
 2.6324618e-001
 2.6454061e-001
 2.6428443e-001
 2.6410639e-001
 2.6426989e-001
 2.6367459e-001
 2.6478618e-001
 2.6442081e-001
 2.6436624e-001
 2.6415354e-001
 2.6342013e-001
 2.6568660e-001
 2.6460078e-001
 2.6633295e-001
 2.6507449e-001
 2.6513276e-001
 2.6478565e-001
 2.6376495e-001
 2.6495433e-001
 2.6424068e-001
 2.6338768e-001
 2.6353821e-001
 2.6308152e-001
 2.6388612e-001
 2.6283312e-001
 2.6433074e-001
 2.6312238e-001
 2.5931868e-001
 2.6173246e-001
 2.5964540e-001
 2.6179931e-001
 2.6089242e-001
 2.6114818e-001
 2.6047304e-001
 2.6427791e-001
 2.6149279e-001
 2.6353908e-001
 2.5976726e-001
 2.6371235e-001
 2.6241502e-001
 2.6276192e-001
 2.6116437e-001
 2.6100951e-001
 2.5996923e-001
 2.6260781e-001
 2.6304692e-001
 2.5959244e-001
 2.6058596e-001
 2.5981519e-001
 2.6096082e-001
 2.5883555e-001
 2.5777331e-001
 2.5807726e-001
 2.5667101e-001
 2.5681287e-001
 2.5839052e-001
 2.5684786e-001
 2.5970769e-001
 2.5705785e-001
 2.5500154e-001
 2.5543377e-001
 2.5531521e-001
 2.5834358e-001
 2.5818238e-001
 2.5668773e-001
 2.5728014e-001
 2.5821006e-001
 2.5713456e-001
 2.5508627e-001
 2.5711882e-001
 2.6070613e-001
 2.5663450e-001
 2.5716695e-001
 2.5529328e-001
 2.5643784e-001
 2.5799236e-001
 2.5876942e-001
 2.5684777e-001
 2.5307706e-001
 2.5692037e-001
 2.5337577e-001
 2.5304160e-001
 2.5601536e-001
 2.5190428e-001
 2.5222445e-001
 2.5184801e-001
 2.4888349e-001
 2.4328706e-001
 2.4258624e-001
 2.3981398e-001
 2.2019568e-001
 2.0008607e-001
 2.1115117e-001
 2.3177472e-001
 2.3239942e-001
 2.3311271e-001
 2.3089965e-001
 2.1656734e-001
 2.0664702e-001
 2.1721470e-001
 2.3045532e-001
 2.3584171e-001
 2.3507164e-001
 2.3383678e-001
 2.3291087e-001
 2.3184516e-001
 2.3113778e-001
 2.3146014e-001
 2.3331000e-001
 2.3544130e-001
 2.3628318e-001
 2.3490837e-001
