s07_AV97 Record=3556: Alun366+.50PyroPYS1A GDS222   BECKb AREF
 5.1815242e-001
 5.3028834e-001
 5.4407483e-001
 5.5754012e-001
 5.6839395e-001
 5.7715851e-001
 5.8622605e-001
 5.9775811e-001
 6.0829389e-001
 6.1587161e-001
 6.2091070e-001
 6.2581283e-001
 6.3254821e-001
 6.4193892e-001
 6.5230501e-001
 6.6310900e-001
 6.7517030e-001
 6.8735683e-001
 6.9920772e-001
 7.0949072e-001
 7.1907806e-001
 7.2800618e-001
 7.3576838e-001
 7.4317485e-001
 7.4970865e-001
 7.5553250e-001
 7.6177746e-001
 7.6678246e-001
 7.7228212e-001
 7.7906150e-001
 7.8580278e-001
 7.9284781e-001
 7.8461194e-001
 7.9175514e-001
 7.9823458e-001
 8.0458617e-001
 8.1059605e-001
 8.1603575e-001
 8.2135099e-001
 8.2651240e-001
 8.3118510e-001
 8.3574241e-001
 8.4102160e-001
 8.4178841e-001
 8.4500110e-001
 8.4797370e-001
 8.4977090e-001
 8.5248941e-001
 8.5742325e-001
 8.5682142e-001
 8.5578519e-001
 8.6262089e-001
 8.6477882e-001
 8.6600202e-001
 8.6824721e-001
 8.6669600e-001
 8.6893737e-001
 8.6833519e-001
 8.6808604e-001
 8.7295806e-001
 8.7094820e-001
 8.6793506e-001
 8.5357523e-001
 8.7166005e-001
 8.7549472e-001
 8.7621188e-001
 8.7454230e-001
 8.7392944e-001
 8.7686014e-001
 8.8452351e-001
 8.9079231e-001
 8.9314264e-001
 8.9504784e-001
 8.9501506e-001
 9.0001887e-001
 8.9882451e-001
 9.0198433e-001
 9.0256679e-001
 9.0317827e-001
 9.0508437e-001
 9.0867162e-001
 9.1001648e-001
 9.0941644e-001
 9.1028887e-001
 9.1051900e-001
 9.1133940e-001
 9.1015959e-001
 9.1024983e-001
 9.0686315e-001
 9.0500045e-001
 9.0144509e-001
 8.8656777e-001
 8.9108652e-001
 8.8929307e-001
 8.7723941e-001
 8.6867887e-001
 8.8497895e-001
 8.7091613e-001
 8.7330616e-001
 8.8802093e-001
 8.9632779e-001
 8.9447719e-001
 8.8642973e-001
 8.7360036e-001
 8.5873532e-001
 8.6247694e-001
 8.6245972e-001
 8.5531294e-001
 8.5761875e-001
 7.9211736e-001
 6.3114685e-001
 7.6790178e-001
 7.9830480e-001
 7.0094323e-001
 7.1263570e-001
 7.6474196e-001
 7.3807013e-001
 7.1645451e-001
 6.3567179e-001
 6.7183959e-001
 7.7524102e-001
 8.0586588e-001
 8.3740830e-001
 8.5518169e-001
 8.5798091e-001
 8.6260867e-001
 8.6392760e-001
 8.6556703e-001
 8.6185938e-001
 8.6125797e-001
 8.6175847e-001
 8.6142075e-001
 8.6173910e-001
 8.6314619e-001
 8.6335719e-001
 8.6026406e-001
 8.5775906e-001
 8.5326183e-001
 8.4989870e-001
 8.4270412e-001
 8.3397436e-001
 8.2711554e-001
 8.1912112e-001
 8.0025285e-001
 7.7090091e-001
 7.3995078e-001
 7.0908457e-001
 6.9634360e-001
 7.0306212e-001
 7.3706990e-001
 7.8960675e-001
 8.1783360e-001
 8.2429999e-001
 8.2573700e-001
 8.2511258e-001
 8.1673628e-001
 8.1213695e-001
 8.0431575e-001
 7.9236323e-001
 7.8218013e-001
 7.8560716e-001
 7.7252311e-001
 7.5686294e-001
 7.4246466e-001
 7.3098993e-001
 7.2410119e-001
 7.1823275e-001
 7.1291828e-001
 7.0329964e-001
 7.0762116e-001
 7.0980096e-001
 6.9631910e-001
 6.7568451e-001
 6.6078931e-001
 6.5782869e-001
 6.5546274e-001
 6.4945596e-001
 6.3435036e-001
 6.1664850e-001
 6.0443783e-001
 5.9255964e-001
 5.8472782e-001
 5.8284432e-001
 5.5698228e-001
 5.1172715e-001
 4.6199256e-001
 4.3007791e-001
 3.9754066e-001
 3.4170523e-001
 3.2751009e-001
 3.7271962e-001
 4.2213684e-001
 4.5596600e-001
 4.5188341e-001
 5.0933385e-001
 6.0107011e-001
 6.2497497e-001
 6.2760681e-001
 6.1691105e-001
 6.0570735e-001
 5.8661944e-001
 5.5609578e-001
 5.3343022e-001
 4.7204092e-001
 4.2493722e-001
 4.5940378e-001
 5.0400883e-001
 5.1933604e-001
 5.2028716e-001
 5.1798189e-001
 4.7326469e-001
 4.1844985e-001
 3.9408657e-001
 3.7840578e-001
 3.6327454e-001
 3.5165435e-001
 3.4536162e-001
 3.4525508e-001
 3.4706432e-001
 3.4513730e-001
 3.3506939e-001
 3.2026187e-001
 3.0562744e-001
 2.9534519e-001
