s07_AV97 Record=2562: Pectolite NMNH94865.b       NIC4bbb RREF
-1.2300000e+034
-1.2300000e+034
-1.2300000e+034
-1.2300000e+034
-1.2300000e+034
-1.2300000e+034
-1.2300000e+034
-1.2300000e+034
-1.2300000e+034
-1.2300000e+034
-1.2300000e+034
-1.2300000e+034
-1.2300000e+034
-1.2300000e+034
-1.2300000e+034
-1.2300000e+034
-1.2300000e+034
-1.2300000e+034
-1.2300000e+034
-1.2300000e+034
-1.2300000e+034
-1.2300000e+034
-1.2300000e+034
-1.2300000e+034
-1.2300000e+034
-1.2300000e+034
-1.2300000e+034
-1.2300000e+034
-1.2300000e+034
-1.2300000e+034
-1.2300000e+034
-1.2300000e+034
-1.2300000e+034
-1.2300000e+034
-1.2300000e+034
-1.2300000e+034
-1.2300000e+034
-1.2300000e+034
-1.2300000e+034
-1.2300000e+034
-1.2300000e+034
-1.2300000e+034
-1.2300000e+034
-1.2300000e+034
-1.2300000e+034
-1.2300000e+034
-1.2300000e+034
-1.2300000e+034
-1.2300000e+034
-1.2300000e+034
-1.2300000e+034
-1.2300000e+034
-1.2300000e+034
-1.2300000e+034
-1.2300000e+034
-1.2300000e+034
-1.2300000e+034
-1.2300000e+034
-1.2300000e+034
-1.2300000e+034
-1.2300000e+034
-1.2300000e+034
-1.2300000e+034
-1.2300000e+034
-1.2300000e+034
-1.2300000e+034
-1.2300000e+034
-1.2300000e+034
-1.2300000e+034
-1.2300000e+034
-1.2300000e+034
-1.2300000e+034
-1.2300000e+034
-1.2300000e+034
-1.2300000e+034
-1.2300000e+034
-1.2300000e+034
-1.2300000e+034
-1.2300000e+034
-1.2300000e+034
-1.2300000e+034
-1.2300000e+034
-1.2300000e+034
-1.2300000e+034
-1.2300000e+034
-1.2300000e+034
-1.2300000e+034
-1.2300000e+034
-1.2300000e+034
-1.2300000e+034
-1.2300000e+034
-1.2300000e+034
-1.2300000e+034
-1.2300000e+034
-1.2300000e+034
-1.2300000e+034
-1.2300000e+034
-1.2300000e+034
-1.2300000e+034
-1.2300000e+034
-1.2300000e+034
-1.2300000e+034
-1.2300000e+034
-1.2300000e+034
-1.2300000e+034
-1.2300000e+034
-1.2300000e+034
-1.2300000e+034
-1.2300000e+034
-1.2300000e+034
-1.2300000e+034
-1.2300000e+034
-1.2300000e+034
-1.2300000e+034
-1.2300000e+034
-1.2300000e+034
-1.2300000e+034
-1.2300000e+034
-1.2300000e+034
-1.2300000e+034
-1.2300000e+034
-1.2300000e+034
-1.2300000e+034
-1.2300000e+034
-1.2300000e+034
-1.2300000e+034
-1.2300000e+034
-1.2300000e+034
-1.2300000e+034
-1.2300000e+034
-1.2300000e+034
-1.2300000e+034
-1.2300000e+034
-1.2300000e+034
-1.2300000e+034
 6.6176420e-001
 6.6241199e-001
 6.6279960e-001
 6.6346347e-001
 6.6409755e-001
 6.6454673e-001
 6.6455156e-001
 6.6417748e-001
 6.6348416e-001
 6.6265923e-001
 6.6194004e-001
 6.6126090e-001
 6.6064978e-001
 6.6012889e-001
 6.5940619e-001
 6.5856403e-001
 6.5757614e-001
 6.5617394e-001
 6.5457374e-001
 6.5294987e-001
 6.5100753e-001
 6.4955425e-001
 6.4768618e-001
 6.4415872e-001
 6.4250547e-001
 6.4304417e-001
 6.4044768e-001
 6.3659620e-001
 6.3375056e-001
 6.3119978e-001
 6.2888139e-001
 6.2625653e-001
 6.2345368e-001
 6.2031257e-001
 6.1695975e-001
 6.1368334e-001
 6.1034983e-001
 6.0716379e-001
 6.0425043e-001
 6.0148269e-001
 5.9851527e-001
 5.9517950e-001
 5.9178436e-001
 5.8797717e-001
 5.8377910e-001
 5.7929140e-001
 5.7499665e-001
 5.7075459e-001
 5.6661803e-001
 5.6267816e-001
 5.5894160e-001
 5.5505836e-001
 5.5116802e-001
 5.4651624e-001
 5.4015577e-001
 5.3307515e-001
 5.2590662e-001
 5.1887959e-001
 5.1206893e-001
 5.0510722e-001
 4.9866027e-001
 4.9198231e-001
 4.8499340e-001
 4.7829100e-001
 4.7154942e-001
 4.6480504e-001
 4.5814553e-001
 4.5166060e-001
 4.4576848e-001
 4.3984875e-001
 4.3468809e-001
 4.2914066e-001
 4.2400143e-001
 4.1893178e-001
 4.1385660e-001
 4.0906346e-001
 4.0450707e-001
 3.9990234e-001
 3.9548820e-001
 3.9067411e-001
 3.8604897e-001
 3.8173953e-001
 3.7731424e-001
 3.7310168e-001
 3.6912912e-001
 3.6502004e-001
 3.6103433e-001
 3.5709551e-001
 3.5292894e-001
