s07_AV97 Record=2001: Marialite NMNH126018-2        BECKb AREF
 7.1727532e-001
 7.4911028e-001
 7.7656579e-001
 7.9969096e-001
 8.1758201e-001
 8.3034712e-001
 8.4157747e-001
 8.5045165e-001
 8.5608989e-001
 8.6028719e-001
 8.6166745e-001
 8.6126053e-001
 8.6094344e-001
 8.6095744e-001
 8.6047298e-001
 8.5862577e-001
 8.5702503e-001
 8.5620767e-001
 8.5548568e-001
 8.5396188e-001
 8.5459900e-001
 8.5697860e-001
 8.6040878e-001
 8.6469990e-001
 8.6809766e-001
 8.7157106e-001
 8.7639362e-001
 8.8151467e-001
 8.8663310e-001
 8.9089411e-001
 8.9644247e-001
 8.9948452e-001
 8.9560193e-001
 8.9905179e-001
 9.0247440e-001
 9.0518838e-001
 9.0967894e-001
 9.1240728e-001
 9.1556895e-001
 9.1811723e-001
 9.2062080e-001
 9.2230821e-001
 9.2506552e-001
 9.2762029e-001
 9.2795902e-001
 9.3006629e-001
 9.3008232e-001
 9.3055278e-001
 9.2956054e-001
 9.2858058e-001
 9.2857647e-001
 9.2735720e-001
 9.2886519e-001
 9.2850131e-001
 9.2590255e-001
 9.2744583e-001
 9.3077618e-001
 9.2835075e-001
 9.2667300e-001
 9.2474568e-001
 9.2558092e-001
 9.2451513e-001
 9.2158699e-001
 9.1950744e-001
 9.2475170e-001
 9.2358202e-001
 9.2494714e-001
 9.2416233e-001
 9.2566824e-001
 9.2756248e-001
 9.2548358e-001
 9.2328036e-001
 9.2409855e-001
 9.2442459e-001
 9.2262501e-001
 9.2311257e-001
 9.2343062e-001
 9.2456436e-001
 9.2537880e-001
 9.2538524e-001
 9.2605472e-001
 9.2566711e-001
 9.2439860e-001
 9.2250293e-001
 9.2190480e-001
 9.2303556e-001
 9.2443705e-001
 9.2647976e-001
 9.2533886e-001
 9.2549849e-001
 9.2663586e-001
 9.2745781e-001
 9.2611700e-001
 9.2821431e-001
 9.2732018e-001
 9.2820644e-001
 9.2776817e-001
 9.2786562e-001
 9.2793959e-001
 9.2677510e-001
 9.2532581e-001
 9.2535710e-001
 9.2507362e-001
 9.2410910e-001
 9.2349494e-001
 9.2230600e-001
 9.1981453e-001
 9.1545689e-001
 9.0723252e-001
 8.7232023e-001
 8.4182179e-001
 8.3640599e-001
 8.2764578e-001
 8.3910006e-001
 8.5598934e-001
 8.6692727e-001
 8.7390918e-001
 8.7640524e-001
 8.8204509e-001
 8.8642263e-001
 8.9523864e-001
 8.9690554e-001
 9.0224570e-001
 9.0171021e-001
 9.0689147e-001
 9.1047001e-001
 9.1245466e-001
 9.1403240e-001
 9.1472137e-001
 9.1523045e-001
 9.1829807e-001
 9.1931546e-001
 9.1924095e-001
 9.1868562e-001
 9.2104369e-001
 9.1918081e-001
 9.2072922e-001
 9.2161953e-001
 9.2066896e-001
 9.2127085e-001
 9.2234653e-001
 9.2414111e-001
 9.2321867e-001
 9.1985410e-001
 9.1977996e-001
 9.1702157e-001
 9.1632390e-001
 9.1696101e-001
 9.1480827e-001
 9.1762030e-001
 9.1677409e-001
 9.1046125e-001
 9.0944326e-001
 9.0765029e-001
 9.0752661e-001
 9.0613061e-001
 8.9953464e-001
 8.9114714e-001
 8.7874418e-001
 8.5236478e-001
 8.6283278e-001
 8.1977415e-001
 7.5871766e-001
 7.1913004e-001
 7.2270185e-001
 7.3902166e-001
 7.5252903e-001
 7.6377523e-001
 7.6977128e-001
 7.7856994e-001
 7.8872776e-001
 7.9902738e-001
 8.0874825e-001
 8.1637812e-001
 8.2717586e-001
 8.3359504e-001
 8.3859259e-001
 8.4654832e-001
 8.5097158e-001
 8.5453731e-001
 8.5414541e-001
 8.5674179e-001
 8.5700399e-001
 8.5727859e-001
 8.6359161e-001
 8.6548829e-001
 8.6811143e-001
 8.6397099e-001
 8.5966212e-001
 8.5067070e-001
 8.4283745e-001
 8.3101898e-001
 8.1379920e-001
 7.9601645e-001
 7.8913897e-001
 7.9021966e-001
 7.9040122e-001
 7.9530287e-001
 8.0403006e-001
 8.0719054e-001
 7.9792666e-001
 7.7945501e-001
 7.6196373e-001
 7.4948633e-001
 7.3783588e-001
 7.4135286e-001
 7.4898487e-001
 7.4930918e-001
 7.4788648e-001
 7.4686545e-001
 7.4240494e-001
 7.3271775e-001
 7.2807115e-001
 7.2500461e-001
 7.2043043e-001
 7.1319133e-001
 7.0474356e-001
 6.9708622e-001
 6.9147360e-001
 6.8674070e-001
 6.8346125e-001
 6.8083596e-001
 6.7793208e-001
 6.7419910e-001
