s07_AV97 Record=2083: Mizzonite BM1931-12 Scapolte  BECKc AREF
 5.8804762e-001
 5.9576362e-001
 6.0085148e-001
 6.0818410e-001
 6.1932796e-001
 6.3727480e-001
 6.6312063e-001
 6.9249821e-001
 7.2256345e-001
 7.5083762e-001
 7.7348578e-001
 7.9072928e-001
 8.0348188e-001
 8.1215745e-001
 8.1986678e-001
 8.2593238e-001
 8.3140850e-001
 8.3542693e-001
 8.3840185e-001
 8.4127438e-001
 8.4567809e-001
 8.5024142e-001
 8.5443318e-001
 8.5840952e-001
 8.6115271e-001
 8.6464399e-001
 8.6718100e-001
 8.7082797e-001
 8.7489009e-001
 8.7717187e-001
 8.8031119e-001
 8.8293052e-001
 8.7969095e-001
 8.8238573e-001
 8.8542694e-001
 8.8689780e-001
 8.8884664e-001
 8.9144570e-001
 8.9276189e-001
 8.9419776e-001
 8.9606982e-001
 8.9824253e-001
 8.9958805e-001
 9.0237218e-001
 9.0276754e-001
 9.0406221e-001
 9.0505272e-001
 9.0546870e-001
 9.0709567e-001
 9.0547669e-001
 9.0856367e-001
 9.0681857e-001
 9.0870255e-001
 9.1151458e-001
 9.0971184e-001
 9.0737492e-001
 9.1199666e-001
 9.1387057e-001
 9.1218370e-001
 9.1031617e-001
 9.1021758e-001
 9.1366565e-001
 9.1202360e-001
 9.0949512e-001
 9.1241515e-001
 9.1194880e-001
 9.1517770e-001
 9.1356027e-001
 9.1557497e-001
 9.1700917e-001
 9.1741502e-001
 9.1959316e-001
 9.1895682e-001
 9.1880012e-001
 9.2090237e-001
 9.2004174e-001
 9.2108363e-001
 9.2110580e-001
 9.2271215e-001
 9.2285258e-001
 9.2295384e-001
 9.2512882e-001
 9.2468613e-001
 9.2423761e-001
 9.2333567e-001
 9.2443419e-001
 9.2523134e-001
 9.2648524e-001
 9.2581356e-001
 9.2465979e-001
 9.2741740e-001
 9.2671347e-001
 9.2323267e-001
 9.2713404e-001
 9.2646480e-001
 9.2606515e-001
 9.2686760e-001
 9.2645562e-001
 9.2569757e-001
 9.2230755e-001
 9.2006397e-001
 9.1951364e-001
 9.2165667e-001
 9.2293417e-001
 9.2307526e-001
 9.2291367e-001
 9.2346269e-001
 9.2112160e-001
 9.1408569e-001
 9.0269208e-001
 8.5849458e-001
 7.9846096e-001
 7.7974975e-001
 8.3437467e-001
 8.8109529e-001
 8.9458674e-001
 8.9233577e-001
 8.7638980e-001
 8.3186549e-001
 8.4070063e-001
 8.8952845e-001
 9.0726376e-001
 9.1365278e-001
 9.1688097e-001
 9.1999727e-001
 9.2172122e-001
 9.2150736e-001
 9.2324674e-001
 9.2417395e-001
 9.2379093e-001
 9.2504847e-001
 9.2512548e-001
 9.2248869e-001
 9.2396522e-001
 9.2509043e-001
 9.2375022e-001
 9.2350030e-001
 9.2283559e-001
 9.2212206e-001
 9.2015636e-001
 9.2419022e-001
 9.2250824e-001
 9.2196035e-001
 9.1929525e-001
 9.1546047e-001
 9.1794777e-001
 9.1851223e-001
 9.1867477e-001
 9.1596383e-001
 9.2000967e-001
 9.1875166e-001
 9.1454834e-001
 9.1171575e-001
 9.0632039e-001
 9.0602142e-001
 9.0226102e-001
 8.9764649e-001
 8.9421606e-001
 8.8650972e-001
 8.7750524e-001
 8.8034856e-001
 8.7120241e-001
 8.5368955e-001
 8.3649105e-001
 8.3603317e-001
 8.3882439e-001
 8.4397924e-001
 8.4757000e-001
 8.5204053e-001
 8.5672879e-001
 8.5707527e-001
 8.5622531e-001
 8.5918474e-001
 8.6428595e-001
 8.6765581e-001
 8.6985481e-001
 8.7115300e-001
 8.7256819e-001
 8.7423140e-001
 8.7349218e-001
 8.6985105e-001
 8.6099905e-001
 8.5104519e-001
 8.4433293e-001
 8.4332120e-001
 8.4298635e-001
 8.4185725e-001
 8.3367044e-001
 8.2323271e-001
 7.9845387e-001
 7.6229531e-001
 7.1982718e-001
 6.8100321e-001
 6.6308475e-001
 6.6656411e-001
 6.7772526e-001
 7.0337677e-001
 7.3408908e-001
 7.5665593e-001
 7.5279874e-001
 7.3801911e-001
 7.2593415e-001
 7.2405326e-001
 7.2986573e-001
 6.7866200e-001
 6.0222054e-001
 5.6812400e-001
 5.5159354e-001
 5.3766048e-001
 5.6217498e-001
 5.9281504e-001
 5.9443951e-001
 6.0729975e-001
 6.2148535e-001
 6.2999779e-001
 6.3238502e-001
 6.3067043e-001
 6.2744778e-001
 6.2483561e-001
 6.2368834e-001
 6.2509716e-001
 6.2727642e-001
 6.2793553e-001
 6.2556535e-001
