s07_AV97 Record=474: Antigorite NMNH96917.a >250   BECKb AREF
 1.6381535e-001
 1.6006117e-001
 1.5948108e-001
 1.6153109e-001
 1.6285641e-001
 1.6879271e-001
 1.7475450e-001
 1.7969248e-001
 1.7981702e-001
 1.8431085e-001
 1.8965852e-001
 1.9915691e-001
 2.0526098e-001
 2.0813462e-001
 2.1348633e-001
 2.1362714e-001
 2.1055797e-001
 2.0763525e-001
 2.0559129e-001
 2.0178764e-001
 1.9750729e-001
 1.9413956e-001
 1.8981344e-001
 1.8487895e-001
 1.7990105e-001
 1.7455205e-001
 1.7058761e-001
 1.6641307e-001
 1.6270079e-001
 1.5950786e-001
 1.5605399e-001
 1.5367217e-001
 1.5653469e-001
 1.5395887e-001
 1.5248135e-001
 1.5094367e-001
 1.4985651e-001
 1.4886186e-001
 1.5031426e-001
 1.4979115e-001
 1.5208045e-001
 1.5457308e-001
 1.5667176e-001
 1.6013248e-001
 1.6429111e-001
 1.6787075e-001
 1.7162102e-001
 1.7300899e-001
 1.7337714e-001
 1.7040814e-001
 1.7332043e-001
 1.6850927e-001
 1.6258554e-001
 1.6188636e-001
 1.5805049e-001
 1.5618970e-001
 1.5441571e-001
 1.5441036e-001
 1.5449226e-001
 1.5556049e-001
 1.5522054e-001
 1.5463361e-001
 1.5524709e-001
 1.5692949e-001
 1.5767446e-001
 1.5722430e-001
 1.5834397e-001
 1.5774240e-001
 1.5631048e-001
 1.5725027e-001
 1.5549684e-001
 1.5471844e-001
 1.5382130e-001
 1.5284266e-001
 1.5347569e-001
 1.5367952e-001
 1.5305866e-001
 1.5384352e-001
 1.5416355e-001
 1.5478215e-001
 1.5598369e-001
 1.5758617e-001
 1.5853350e-001
 1.6044106e-001
 1.6248849e-001
 1.6387641e-001
 1.6559905e-001
 1.6925126e-001
 1.7166063e-001
 1.7504625e-001
 1.7782144e-001
 1.8097600e-001
 1.8456520e-001
 1.8875864e-001
 1.9114441e-001
 1.9461936e-001
 1.9007176e-001
 1.9281679e-001
 1.9653593e-001
 2.0004508e-001
 2.0512217e-001
 2.1006478e-001
 2.1468285e-001
 2.1963172e-001
 2.2444071e-001
 2.2855026e-001
 2.3054704e-001
 2.2957513e-001
 2.2492386e-001
 1.8971410e-001
 1.7980403e-001
 1.9625863e-001
 2.2794110e-001
 2.4880610e-001
 2.5925884e-001
 2.6867455e-001
 2.7714506e-001
 2.8508538e-001
 2.9294696e-001
 2.9900736e-001
 3.0523437e-001
 3.1167313e-001
 3.1571174e-001
 3.2151544e-001
 3.2732502e-001
 3.3315980e-001
 3.3899233e-001
 3.4454080e-001
 3.5010880e-001
 3.5555929e-001
 3.6122307e-001
 3.6469609e-001
 3.6973664e-001
 3.7545455e-001
 3.8008729e-001
 3.8404125e-001
 3.8967398e-001
 3.9307490e-001
 3.9730114e-001
 4.0115079e-001
 4.0684482e-001
 4.0991744e-001
 4.1221800e-001
 4.1442055e-001
 4.1714171e-001
 4.2090559e-001
 4.2163339e-001
 4.2505994e-001
 4.2612091e-001
 4.2755055e-001
 4.3230972e-001
 4.3059969e-001
 4.2973161e-001
 4.3326649e-001
 4.3385863e-001
 4.3243346e-001
 4.3216535e-001
 4.3470585e-001
 4.3498975e-001
 4.2755923e-001
 4.3068147e-001
 4.1890401e-001
 4.0142766e-001
 3.8313609e-001
 3.7140730e-001
 3.6112240e-001
 3.4917524e-001
 3.3666039e-001
 3.2662776e-001
 3.1812093e-001
 3.1453118e-001
 3.2000688e-001
 3.2850957e-001
 3.3696318e-001
 3.4950992e-001
 3.6393729e-001
 3.7820879e-001
 3.9545393e-001
 4.0407279e-001
 4.0701443e-001
 3.9299387e-001
 3.6889508e-001
 3.5524219e-001
 3.5056815e-001
 3.5332248e-001
 3.5630092e-001
 3.5635287e-001
 3.6414906e-001
 3.7686375e-001
 3.8603199e-001
 3.9188170e-001
 3.8762689e-001
 3.8130417e-001
 3.7684506e-001
 3.5432398e-001
 3.0450803e-001
 2.5242639e-001
 2.2734407e-001
 2.1687993e-001
 2.0033653e-001
 1.7638382e-001
 1.5237781e-001
 1.3066286e-001
 1.2266175e-001
 1.0704683e-001
 1.0417665e-001
 1.2429221e-001
 1.4886877e-001
 1.7042632e-001
 1.7557812e-001
 1.6661093e-001
 1.5837099e-001
 1.6051765e-001
 1.5825672e-001
 1.5127799e-001
 1.4659283e-001
 1.4437647e-001
 1.4305353e-001
 1.4204316e-001
 1.4087532e-001
 1.3942845e-001
 1.3753888e-001
 1.3505825e-001
 1.3204722e-001
