s07_AV97 Record=1423: Halloysite NMNH106236         BECKa AREF
 6.5067941e-001
 6.6276187e-001
 6.7360789e-001
 6.8405944e-001
 6.9336134e-001
 7.0313424e-001
 7.1323031e-001
 7.2297823e-001
 7.3290730e-001
 7.4337143e-001
 7.5386870e-001
 7.6399016e-001
 7.7529639e-001
 7.8759301e-001
 7.9949123e-001
 8.1087333e-001
 8.2159698e-001
 8.3132237e-001
 8.4013557e-001
 8.4729928e-001
 8.5398906e-001
 8.5957265e-001
 8.6612558e-001
 8.7127298e-001
 8.7572604e-001
 8.7988150e-001
 8.8395196e-001
 8.8857752e-001
 8.9156634e-001
 8.9556444e-001
 8.9841264e-001
 9.0170974e-001
 8.9786899e-001
 9.0101218e-001
 9.0433216e-001
 9.0734524e-001
 9.0836346e-001
 9.0884811e-001
 9.0920931e-001
 9.0983456e-001
 9.0998280e-001
 9.1357899e-001
 9.1617596e-001
 9.1861302e-001
 9.1883284e-001
 9.1959369e-001
 9.1972375e-001
 9.1964746e-001
 9.1741431e-001
 9.1650480e-001
 9.1741067e-001
 9.1700935e-001
 9.2177665e-001
 9.2051131e-001
 9.1714180e-001
 9.1777933e-001
 9.1547137e-001
 9.0284866e-001
 8.9774811e-001
 8.9299160e-001
 8.8679755e-001
 8.5207790e-001
 8.4012210e-001
 8.2730228e-001
 8.4577465e-001
 8.8291997e-001
 8.9369196e-001
 9.0133131e-001
 9.0224558e-001
 9.0434963e-001
 9.0656304e-001
 9.0876967e-001
 9.0923285e-001
 9.0700477e-001
 9.0525043e-001
 9.0580702e-001
 9.0551156e-001
 9.0281552e-001
 8.9942729e-001
 8.9856875e-001
 8.9455199e-001
 8.8774890e-001
 8.7833399e-001
 8.6558157e-001
 8.5917431e-001
 8.6411601e-001
 8.6616564e-001
 8.6375326e-001
 8.6204290e-001
 8.5919160e-001
 8.4918708e-001
 8.3320451e-001
 8.2207435e-001
 8.2398582e-001
 8.2878149e-001
 8.2732016e-001
 8.2588613e-001
 8.2919168e-001
 8.2060766e-001
 7.9435652e-001
 7.6370376e-001
 7.3868304e-001
 7.2543210e-001
 7.1490973e-001
 7.0558369e-001
 6.8506199e-001
 6.4308107e-001
 5.9503436e-001
 5.1734155e-001
 4.1237479e-001
 3.9573139e-001
 3.9914033e-001
 3.7639636e-001
 4.9442935e-001
 5.5948061e-001
 5.9643149e-001
 6.1954695e-001
 6.3184685e-001
 6.4830613e-001
 6.6689509e-001
 6.8247968e-001
 6.9567734e-001
 7.0713329e-001
 7.1640825e-001
 7.2070330e-001
 7.2686929e-001
 7.3327357e-001
 7.3820662e-001
 7.4210978e-001
 7.4502194e-001
 7.4887520e-001
 7.5040978e-001
 7.5175267e-001
 7.5382942e-001
 7.5352675e-001
 7.5349575e-001
 7.5297123e-001
 7.5026554e-001
 7.4980301e-001
 7.4794239e-001
 7.4240404e-001
 7.4344772e-001
 7.3743230e-001
 7.3021650e-001
 7.2186160e-001
 7.1656996e-001
 7.0971227e-001
 6.9760042e-001
 6.8723643e-001
 6.7409629e-001
 6.6607970e-001
 6.5707052e-001
 6.5327269e-001
 6.4725548e-001
 6.4467740e-001
 6.3335675e-001
 6.3226044e-001
 6.2556905e-001
 5.8957881e-001
 5.3511280e-001
 5.5377448e-001
 4.9411964e-001
 4.2612073e-001
 3.7081385e-001
 3.6824688e-001
 3.9434201e-001
 4.1249540e-001
 4.2356110e-001
 4.3655223e-001
 4.4687250e-001
 4.5721278e-001
 4.6842456e-001
 4.7826380e-001
 4.8861563e-001
 4.9816561e-001
 5.0383836e-001
 5.0682169e-001
 5.0611299e-001
 5.0048399e-001
 4.9537963e-001
 4.8812008e-001
 4.8149064e-001
 4.7188389e-001
 4.5410320e-001
 4.4204685e-001
 4.2925423e-001
 3.9810231e-001
 3.4748435e-001
 3.0264196e-001
 2.8240860e-001
 2.7251670e-001
 2.5156987e-001
 2.0613556e-001
 1.9232357e-001
 2.6049677e-001
 3.2051677e-001
 3.3958402e-001
 3.5195875e-001
 3.5113105e-001
 3.4869927e-001
 3.4491688e-001
 3.2812992e-001
 3.1064945e-001
 2.9121462e-001
 2.8566760e-001
 2.7846479e-001
 2.7116188e-001
 2.5893885e-001
 2.5203836e-001
 2.4914764e-001
 2.3314072e-001
 2.2585748e-001
 2.2884078e-001
 2.2646640e-001
 2.1753541e-001
 2.0804666e-001
 1.9992159e-001
 1.9379809e-001
 1.8942314e-001
 1.8456823e-001
 1.7883560e-001
 1.7270564e-001
 1.6693814e-001
 1.6202542e-001
