s07_AV97 Record=1706: Jarosite GDS98 K 90C Syn      NIC4a RREF
-1.2300000e+034
-1.2300000e+034
-1.2300000e+034
-1.2300000e+034
-1.2300000e+034
-1.2300000e+034
-1.2300000e+034
-1.2300000e+034
-1.2300000e+034
-1.2300000e+034
-1.2300000e+034
-1.2300000e+034
-1.2300000e+034
-1.2300000e+034
-1.2300000e+034
-1.2300000e+034
-1.2300000e+034
-1.2300000e+034
-1.2300000e+034
-1.2300000e+034
-1.2300000e+034
-1.2300000e+034
-1.2300000e+034
-1.2300000e+034
-1.2300000e+034
-1.2300000e+034
-1.2300000e+034
-1.2300000e+034
-1.2300000e+034
-1.2300000e+034
-1.2300000e+034
-1.2300000e+034
-1.2300000e+034
-1.2300000e+034
-1.2300000e+034
-1.2300000e+034
-1.2300000e+034
-1.2300000e+034
-1.2300000e+034
-1.2300000e+034
-1.2300000e+034
-1.2300000e+034
-1.2300000e+034
-1.2300000e+034
-1.2300000e+034
-1.2300000e+034
-1.2300000e+034
-1.2300000e+034
-1.2300000e+034
-1.2300000e+034
-1.2300000e+034
-1.2300000e+034
-1.2300000e+034
-1.2300000e+034
-1.2300000e+034
-1.2300000e+034
-1.2300000e+034
-1.2300000e+034
-1.2300000e+034
-1.2300000e+034
-1.2300000e+034
-1.2300000e+034
-1.2300000e+034
-1.2300000e+034
-1.2300000e+034
-1.2300000e+034
-1.2300000e+034
-1.2300000e+034
-1.2300000e+034
-1.2300000e+034
-1.2300000e+034
-1.2300000e+034
-1.2300000e+034
-1.2300000e+034
-1.2300000e+034
-1.2300000e+034
-1.2300000e+034
-1.2300000e+034
-1.2300000e+034
-1.2300000e+034
-1.2300000e+034
-1.2300000e+034
-1.2300000e+034
-1.2300000e+034
-1.2300000e+034
-1.2300000e+034
-1.2300000e+034
-1.2300000e+034
-1.2300000e+034
-1.2300000e+034
-1.2300000e+034
-1.2300000e+034
-1.2300000e+034
-1.2300000e+034
-1.2300000e+034
-1.2300000e+034
-1.2300000e+034
-1.2300000e+034
-1.2300000e+034
-1.2300000e+034
-1.2300000e+034
 6.1717850e-001
 6.2788385e-001
 6.3966781e-001
 6.5059197e-001
 6.5884429e-001
 6.6524965e-001
 6.6892475e-001
 6.6941673e-001
 6.6860729e-001
 6.6943812e-001
 6.6592920e-001
 6.6122580e-001
 6.5991765e-001
 6.5858924e-001
 6.5350968e-001
 6.4502954e-001
 6.3543504e-001
 6.3353878e-001
 6.3848281e-001
 6.4338070e-001
 6.4780933e-001
 6.5291792e-001
 6.5808332e-001
 6.6473311e-001
 6.6972864e-001
 6.7394495e-001
 6.7669505e-001
 6.7957747e-001
 6.8160760e-001
 6.8453521e-001
 6.8635166e-001
 6.8769586e-001
 6.8835717e-001
 6.8894500e-001
 6.8958569e-001
 6.9026583e-001
 6.9101745e-001
 6.9125885e-001
 6.9064927e-001
 6.9067729e-001
 6.9115770e-001
 6.9069403e-001
 6.9040984e-001
 6.9018632e-001
 6.9035763e-001
 6.8947238e-001
 6.8724680e-001
 6.8619257e-001
 6.8460745e-001
 6.8336809e-001
 6.8205178e-001
 6.7985147e-001
 6.7600906e-001
 6.6854233e-001
 6.5379870e-001
 6.4211380e-001
 6.4540279e-001
 6.5472305e-001
 6.5061605e-001
 6.5383178e-001
 6.3843560e-001
 6.1802590e-001
 6.0095817e-001
 5.8773464e-001
 5.7841688e-001
 5.7217860e-001
 5.6712139e-001
 5.6286371e-001
 5.6133002e-001
 5.6250590e-001
 5.6491071e-001
 5.6715941e-001
 5.6931359e-001
 5.7138383e-001
 5.7265377e-001
 5.7372087e-001
 5.7546353e-001
 5.7792062e-001
 5.8054829e-001
 5.8347285e-001
 5.8691567e-001
 5.9025460e-001
 5.9292984e-001
 5.9456378e-001
 5.9451658e-001
 5.9290206e-001
 5.9025270e-001
 5.8679783e-001
 5.8275318e-001
 5.7826746e-001
 5.7323951e-001
 5.6851810e-001
 5.6420106e-001
 5.5861253e-001
 5.5352521e-001
 5.4610378e-001
 5.2982277e-001
 5.1195461e-001
 5.0738531e-001
 5.1711583e-001
 5.3353417e-001
 5.4868829e-001
 5.6058306e-001
 5.6772864e-001
 5.7051516e-001
 5.6961954e-001
 5.6603336e-001
 5.6049371e-001
 5.5255061e-001
 5.4251117e-001
 5.3109103e-001
 5.1904178e-001
 5.0759017e-001
 4.9672648e-001
 4.8482612e-001
 4.7170502e-001
 4.5783818e-001
 4.4482189e-001
 4.3422660e-001
 4.2510962e-001
 4.1673049e-001
 4.1040206e-001
 4.0669328e-001
