s07_AV97 Record=1919: Lepidolite NMNH105543         BECKc AREF
 2.4403578e-001
 2.6288092e-001
 2.7371085e-001
 2.7438414e-001
 2.6583576e-001
 2.5358284e-001
 2.4165268e-001
 2.3252505e-001
 2.2807558e-001
 2.2740677e-001
 2.2998309e-001
 2.3191848e-001
 2.3342080e-001
 2.3325743e-001
 2.2942483e-001
 2.2355287e-001
 2.1876939e-001
 2.1655740e-001
 2.1590021e-001
 2.1647689e-001
 2.1969129e-001
 2.2610867e-001
 2.3642884e-001
 2.5056863e-001
 2.6706639e-001
 2.8529453e-001
 3.0296931e-001
 3.1818736e-001
 3.2929790e-001
 3.3581907e-001
 3.3817437e-001
 3.3706763e-001
 3.3815908e-001
 3.3748272e-001
 3.3428702e-001
 3.3001602e-001
 3.2530034e-001
 3.2072735e-001
 3.1642330e-001
 3.1220600e-001
 3.0869725e-001
 3.0575389e-001
 3.0352032e-001
 3.0197209e-001
 3.0082810e-001
 3.0038273e-001
 2.9977375e-001
 3.0034930e-001
 3.0062515e-001
 3.0130124e-001
 3.0413589e-001
 3.0512169e-001
 3.0465409e-001
 3.0715099e-001
 3.0928093e-001
 3.1000048e-001
 3.1501254e-001
 3.1641170e-001
 3.1889686e-001
 3.2261080e-001
 3.2795388e-001
 3.3031496e-001
 3.3394331e-001
 3.4148413e-001
 3.4487155e-001
 3.5047936e-001
 3.5814759e-001
 3.6439252e-001
 3.6954647e-001
 3.7330088e-001
 3.8146034e-001
 3.8812163e-001
 3.9403722e-001
 4.0121967e-001
 4.0694207e-001
 4.1393706e-001
 4.2019239e-001
 4.2734903e-001
 4.3344253e-001
 4.4025412e-001
 4.4751754e-001
 4.5445615e-001
 4.6042618e-001
 4.6712342e-001
 4.7312194e-001
 4.7914210e-001
 4.8627520e-001
 4.9288934e-001
 4.9901369e-001
 5.0506920e-001
 5.1237953e-001
 5.1783127e-001
 5.2211809e-001
 5.2664596e-001
 5.3345281e-001
 5.4021025e-001
 5.2991247e-001
 5.3692389e-001
 5.4252905e-001
 5.4667234e-001
 5.4844785e-001
 5.4972076e-001
 5.5420387e-001
 5.5819535e-001
 5.6273389e-001
 5.6712240e-001
 5.6993550e-001
 5.6574863e-001
 5.3934383e-001
 4.2542511e-001
 3.7285316e-001
 3.7969258e-001
 3.7190652e-001
 4.0844908e-001
 4.6691552e-001
 5.3790516e-001
 5.6875837e-001
 5.7632333e-001
 5.8632207e-001
 5.9848487e-001
 6.0811001e-001
 6.1438787e-001
 6.2112778e-001
 6.2762290e-001
 6.3166398e-001
 6.3496858e-001
 6.3923633e-001
 6.4341480e-001
 6.4672154e-001
 6.5003747e-001
 6.5306050e-001
 6.5588695e-001
 6.5928948e-001
 6.6212261e-001
 6.6269165e-001
 6.6395575e-001
 6.6730863e-001
 6.6951680e-001
 6.6978240e-001
 6.7088920e-001
 6.7346805e-001
 6.7451292e-001
 6.7485762e-001
 6.7178649e-001
 6.7402887e-001
 6.7228419e-001
 6.7063951e-001
 6.7130220e-001
 6.7148030e-001
 6.7115664e-001
 6.7086440e-001
 6.6705382e-001
 6.6433835e-001
 6.6045356e-001
 6.5447277e-001
 6.4920086e-001
 6.4112049e-001
 6.3223648e-001
 6.2254065e-001
 6.0066891e-001
 6.0974675e-001
 5.6837553e-001
 4.9332467e-001
 4.3653819e-001
 4.4385877e-001
 4.7128531e-001
 4.9270675e-001
 5.0534260e-001
 5.1700264e-001
 5.2358866e-001
 5.2674854e-001
 5.3605366e-001
 5.4247546e-001
 5.4613471e-001
 5.5212337e-001
 5.5812460e-001
 5.6036371e-001
 5.6246811e-001
 5.6206506e-001
 5.5113667e-001
 5.3182173e-001
 5.1698494e-001
 5.0538641e-001
 4.9799883e-001
 4.9518684e-001
 4.9318519e-001
 4.8951006e-001
 4.7902849e-001
 4.5831099e-001
 4.1885042e-001
 3.5888720e-001
 2.7998605e-001
 2.0558992e-001
 1.6989492e-001
 2.0215498e-001
 2.5825456e-001
 3.1473029e-001
 3.5907376e-001
 3.8274598e-001
 3.9324269e-001
 3.9284658e-001
 3.8802543e-001
 3.6901781e-001
 3.4138146e-001
 3.0106175e-001
 2.6421532e-001
 2.3599191e-001
 2.1691540e-001
 2.1515952e-001
 2.2498885e-001
 2.2920592e-001
 2.2422299e-001
 2.2162411e-001
 2.1590793e-001
 2.0648032e-001
 1.9651504e-001
 1.8887526e-001
 1.8599494e-001
 1.8727659e-001
 1.9155081e-001
 1.9725557e-001
 2.0267086e-001
 2.0605814e-001
 2.0635021e-001
