s07_AV97 Record=2682: Pyrite GDS483.c 30-60um      ASDFRc AREF
 3.0312208e-002
 3.2579180e-002
 3.3882078e-002
 3.4947991e-002
 3.5629783e-002
 3.6309175e-002
 3.6971211e-002
 3.7765831e-002
 3.8659774e-002
 3.9718147e-002
 4.0917642e-002
 4.2098124e-002
 4.3257579e-002
 4.4268761e-002
 4.5037095e-002
 4.5654204e-002
 4.6120018e-002
 4.6541180e-002
 4.6929806e-002
 4.7301557e-002
 4.7638167e-002
 4.7876436e-002
 4.8050083e-002
 4.8118625e-002
 4.8090633e-002
 4.8055664e-002
 4.8088521e-002
 4.8163906e-002
 4.8294257e-002
 4.8506171e-002
 4.8732344e-002
 4.8946347e-002
 4.8695657e-002
 4.8910480e-002
 4.9077604e-002
 4.9186379e-002
 4.9225345e-002
 4.9168993e-002
 4.9015176e-002
 4.8748426e-002
 4.8366349e-002
 4.7940608e-002
 4.7518827e-002
 4.7109667e-002
 4.6695430e-002
 4.6275049e-002
 4.5844302e-002
 4.5407496e-002
 4.4967439e-002
 4.4552322e-002
 4.4149667e-002
 4.3765526e-002
 4.3425132e-002
 4.3111168e-002
 4.2815261e-002
 4.2588506e-002
 4.2334732e-002
 4.2134937e-002
 4.1955978e-002
 4.1795962e-002
 4.1681748e-002
 4.1607495e-002
 4.1521352e-002
 4.1466698e-002
 4.1442335e-002
 4.1419514e-002
 4.1497350e-002
 4.1563194e-002
 4.1659463e-002
 4.1822474e-002
 4.1898638e-002
 4.2056188e-002
 4.2324293e-002
 4.2525452e-002
 4.2761579e-002
 4.3106817e-002
 4.3439828e-002
 4.3829758e-002
 4.4357367e-002
 4.4807594e-002
 4.5346934e-002
 4.5848489e-002
 4.6476867e-002
 4.7088623e-002
 4.7684267e-002
 4.8371144e-002
 4.9056865e-002
 4.9804144e-002
 5.0622281e-002
 5.1297329e-002
 5.2152678e-002
 5.2948799e-002
 5.3708378e-002
 5.4525863e-002
 5.5288795e-002
 5.6136154e-002
 5.4855965e-002
 5.5725124e-002
 5.6544442e-002
 5.7388376e-002
 5.8269277e-002
 5.9149519e-002
 6.0061507e-002
 6.0950674e-002
 6.1889216e-002
 6.2844507e-002
 6.3811108e-002
 6.4801328e-002
 6.5766074e-002
 6.6744335e-002
 6.7713328e-002
 6.8752296e-002
 6.9762103e-002
 7.0776172e-002
 7.1802065e-002
 7.2817594e-002
 7.3665418e-002
 7.4563801e-002
 7.5441562e-002
 7.6264881e-002
 7.7046245e-002
 7.7838436e-002
 7.8564912e-002
 7.9296589e-002
 8.0003880e-002
 8.0727048e-002
 8.1372008e-002
 8.2012579e-002
 8.2597852e-002
 8.3159827e-002
 8.3692387e-002
 8.4153727e-002
 8.4621064e-002
 8.5006334e-002
 8.5386097e-002
 8.5700087e-002
 8.6006239e-002
 8.6245328e-002
 8.6375117e-002
 8.6520545e-002
 8.6619124e-002
 8.6636946e-002
 8.6624280e-002
 8.6517565e-002
 8.6258210e-002
 8.5943483e-002
 8.5635997e-002
 8.5284859e-002
 8.4847294e-002
 8.4418297e-002
 8.3847888e-002
 8.3267085e-002
 8.2675420e-002
 8.2015850e-002
 8.1287406e-002
 8.0571912e-002
 7.9829305e-002
 7.9114914e-002
 7.8417905e-002
 7.7694654e-002
 7.7989832e-002
 7.7209525e-002
 7.6470330e-002
 7.5683057e-002
 7.4938990e-002
 7.4235827e-002
 7.3511682e-002
 7.2867908e-002
 7.2262041e-002
 7.1633011e-002
 7.1180426e-002
 7.0739813e-002
 7.0433579e-002
 7.0206471e-002
 7.0052139e-002
 6.9946319e-002
 6.9817729e-002
 6.9893792e-002
 6.9832072e-002
 6.9894016e-002
 7.0027679e-002
 7.0119932e-002
 7.0289314e-002
 7.0621908e-002
 7.0965663e-002
 7.1302466e-002
 7.1679913e-002
 7.2022028e-002
 7.2258018e-002
 7.2599694e-002
 7.2973892e-002
 7.3235303e-002
 7.3646665e-002
 7.4050762e-002
 7.4386448e-002
 7.4768692e-002
 7.5077325e-002
 7.5433210e-002
 7.5734667e-002
 7.6126814e-002
 7.6466270e-002
 7.6827407e-002
 7.7036045e-002
 7.7244140e-002
 7.7569567e-002
 7.7848285e-002
 7.8249134e-002
 7.8478649e-002
 7.8677408e-002
 7.8954637e-002
 7.9049066e-002
 7.9040959e-002
 7.9087391e-002
 7.9299413e-002
 7.9631709e-002
 7.9948999e-002
 8.0094688e-002
 8.0233499e-002
 8.0442816e-002
 8.0169201e-002
 8.0677882e-002
 8.2218096e-002
 8.1581302e-002
-1.2300000e+034
