s07_AV97 Record=3911: Halloysite+Kaolinite CM29   NIC4aaa RREF
-1.2300000e+034
-1.2300000e+034
-1.2300000e+034
-1.2300000e+034
-1.2300000e+034
-1.2300000e+034
-1.2300000e+034
-1.2300000e+034
-1.2300000e+034
-1.2300000e+034
-1.2300000e+034
-1.2300000e+034
-1.2300000e+034
-1.2300000e+034
-1.2300000e+034
-1.2300000e+034
-1.2300000e+034
-1.2300000e+034
-1.2300000e+034
-1.2300000e+034
-1.2300000e+034
-1.2300000e+034
-1.2300000e+034
-1.2300000e+034
-1.2300000e+034
-1.2300000e+034
-1.2300000e+034
-1.2300000e+034
-1.2300000e+034
-1.2300000e+034
-1.2300000e+034
-1.2300000e+034
-1.2300000e+034
-1.2300000e+034
-1.2300000e+034
-1.2300000e+034
-1.2300000e+034
-1.2300000e+034
-1.2300000e+034
-1.2300000e+034
-1.2300000e+034
-1.2300000e+034
-1.2300000e+034
-1.2300000e+034
-1.2300000e+034
-1.2300000e+034
-1.2300000e+034
-1.2300000e+034
-1.2300000e+034
-1.2300000e+034
-1.2300000e+034
-1.2300000e+034
-1.2300000e+034
-1.2300000e+034
-1.2300000e+034
-1.2300000e+034
-1.2300000e+034
-1.2300000e+034
-1.2300000e+034
-1.2300000e+034
-1.2300000e+034
-1.2300000e+034
-1.2300000e+034
-1.2300000e+034
-1.2300000e+034
-1.2300000e+034
-1.2300000e+034
-1.2300000e+034
-1.2300000e+034
-1.2300000e+034
-1.2300000e+034
-1.2300000e+034
-1.2300000e+034
-1.2300000e+034
-1.2300000e+034
-1.2300000e+034
-1.2300000e+034
-1.2300000e+034
-1.2300000e+034
-1.2300000e+034
-1.2300000e+034
-1.2300000e+034
-1.2300000e+034
-1.2300000e+034
-1.2300000e+034
-1.2300000e+034
-1.2300000e+034
-1.2300000e+034
-1.2300000e+034
-1.2300000e+034
-1.2300000e+034
-1.2300000e+034
-1.2300000e+034
-1.2300000e+034
-1.2300000e+034
-1.2300000e+034
-1.2300000e+034
-1.2300000e+034
-1.2300000e+034
-1.2300000e+034
-1.2300000e+034
-1.2300000e+034
-1.2300000e+034
-1.2300000e+034
-1.2300000e+034
-1.2300000e+034
-1.2300000e+034
-1.2300000e+034
 6.5679926e-001
 5.9087986e-001
 5.4200441e-001
 5.3416950e-001
 5.1232505e-001
 5.8231074e-001
 6.0867912e-001
 6.1430627e-001
 6.1525381e-001
 6.1339211e-001
 6.1160630e-001
 6.1148930e-001
 6.1173218e-001
 6.1278373e-001
 6.1387020e-001
 6.1420578e-001
 6.1479807e-001
 6.1624533e-001
 6.1800218e-001
 6.1979496e-001
 6.2135482e-001
 6.2251580e-001
 6.2334102e-001
 6.2462878e-001
 6.2604219e-001
 6.2740403e-001
 6.2864041e-001
 6.2923992e-001
 6.2919968e-001
 6.2918419e-001
 6.2935126e-001
 6.2936437e-001
 6.2942028e-001
 6.2917668e-001
 6.2814355e-001
 6.2673813e-001
 6.2488127e-001
 6.2316942e-001
 6.2164426e-001
 6.1958969e-001
 6.1701280e-001
 6.1320245e-001
 6.0906416e-001
 6.0593361e-001
 6.0261512e-001
 6.0023260e-001
 5.9960967e-001
 5.9688103e-001
 5.9784842e-001
 5.9662485e-001
 5.8848298e-001
 5.7494432e-001
 5.7961577e-001
 5.6510365e-001
 5.4779166e-001
 5.3074080e-001
 5.3125870e-001
 5.3999472e-001
 5.4468530e-001
 5.4736227e-001
 5.4859239e-001
 5.4871398e-001
 5.4857731e-001
 5.4764819e-001
 5.4616749e-001
 5.4492098e-001
 5.4327369e-001
 5.4085410e-001
 5.3791815e-001
 5.3397834e-001
 5.2836710e-001
 5.2023661e-001
 5.1176709e-001
 5.0322944e-001
 4.9567920e-001
 4.8291767e-001
 4.7140858e-001
 4.5911783e-001
 4.3440908e-001
 3.9021006e-001
 3.5052854e-001
 3.4144983e-001
 3.4154305e-001
 3.2258135e-001
 2.8874424e-001
 2.6331767e-001
 3.3567029e-001
 3.8255066e-001
 3.9342928e-001
 3.9503258e-001
 3.9293927e-001
 3.8709304e-001
 3.7685898e-001
 3.6606979e-001
 3.5528553e-001
 3.4223568e-001
 3.3340406e-001
 3.2901269e-001
 3.2554343e-001
 3.1534064e-001
 3.0738702e-001
 3.0272368e-001
 2.8977492e-001
 2.8354576e-001
 2.8692326e-001
 2.8721330e-001
 2.8080204e-001
 2.7080509e-001
 2.5887871e-001
 2.5033900e-001
 2.4484533e-001
 2.3937979e-001
 2.3234934e-001
 2.2445959e-001
 2.1972843e-001
 2.1498561e-001
