s07_AV97 Record=1109: Dumortierite HS190.3B       NIC4cdd RREF
-1.2300000e+034
-1.2300000e+034
-1.2300000e+034
-1.2300000e+034
-1.2300000e+034
-1.2300000e+034
-1.2300000e+034
-1.2300000e+034
-1.2300000e+034
-1.2300000e+034
-1.2300000e+034
-1.2300000e+034
-1.2300000e+034
-1.2300000e+034
-1.2300000e+034
-1.2300000e+034
-1.2300000e+034
-1.2300000e+034
-1.2300000e+034
-1.2300000e+034
-1.2300000e+034
-1.2300000e+034
-1.2300000e+034
-1.2300000e+034
-1.2300000e+034
-1.2300000e+034
-1.2300000e+034
-1.2300000e+034
-1.2300000e+034
-1.2300000e+034
-1.2300000e+034
-1.2300000e+034
-1.2300000e+034
-1.2300000e+034
-1.2300000e+034
-1.2300000e+034
-1.2300000e+034
-1.2300000e+034
-1.2300000e+034
-1.2300000e+034
-1.2300000e+034
-1.2300000e+034
-1.2300000e+034
-1.2300000e+034
-1.2300000e+034
-1.2300000e+034
-1.2300000e+034
-1.2300000e+034
-1.2300000e+034
-1.2300000e+034
-1.2300000e+034
-1.2300000e+034
-1.2300000e+034
-1.2300000e+034
-1.2300000e+034
-1.2300000e+034
-1.2300000e+034
-1.2300000e+034
-1.2300000e+034
-1.2300000e+034
-1.2300000e+034
-1.2300000e+034
-1.2300000e+034
-1.2300000e+034
-1.2300000e+034
-1.2300000e+034
-1.2300000e+034
-1.2300000e+034
-1.2300000e+034
-1.2300000e+034
-1.2300000e+034
-1.2300000e+034
-1.2300000e+034
-1.2300000e+034
-1.2300000e+034
-1.2300000e+034
-1.2300000e+034
-1.2300000e+034
-1.2300000e+034
-1.2300000e+034
-1.2300000e+034
-1.2300000e+034
-1.2300000e+034
-1.2300000e+034
-1.2300000e+034
-1.2300000e+034
-1.2300000e+034
-1.2300000e+034
-1.2300000e+034
-1.2300000e+034
-1.2300000e+034
-1.2300000e+034
-1.2300000e+034
-1.2300000e+034
-1.2300000e+034
-1.2300000e+034
-1.2300000e+034
-1.2300000e+034
-1.2300000e+034
-1.2300000e+034
-1.2300000e+034
-1.2300000e+034
-1.2300000e+034
-1.2300000e+034
-1.2300000e+034
-1.2300000e+034
-1.2300000e+034
-1.2300000e+034
-1.2300000e+034
-1.2300000e+034
-1.2300000e+034
-1.2300000e+034
-1.2300000e+034
-1.2300000e+034
-1.2300000e+034
-1.2300000e+034
-1.2300000e+034
-1.2300000e+034
-1.2300000e+034
-1.2300000e+034
-1.2300000e+034
-1.2300000e+034
-1.2300000e+034
-1.2300000e+034
-1.2300000e+034
-1.2300000e+034
-1.2300000e+034
-1.2300000e+034
-1.2300000e+034
-1.2300000e+034
 3.9862072e-001
 4.0434131e-001
 4.1088137e-001
 4.1680878e-001
 4.2204636e-001
 4.2653728e-001
 4.3080574e-001
 4.3481144e-001
 4.3836051e-001
 4.4146925e-001
 4.4430268e-001
 4.4686469e-001
 4.4872585e-001
 4.5064619e-001
 4.5254415e-001
 4.5458159e-001
 4.5678601e-001
 4.5893461e-001
 4.6086279e-001
 4.6254727e-001
 4.6404973e-001
 4.6548554e-001
 4.6682838e-001
 4.6817905e-001
 4.6954203e-001
 4.7080943e-001
 4.7153208e-001
 4.7158709e-001
 4.7189373e-001
 4.7078887e-001
 4.7117677e-001
 4.7043252e-001
 4.6995887e-001
 4.6972379e-001
 4.6986386e-001
 4.7010481e-001
 4.7031885e-001
 4.7044876e-001
 4.7046307e-001
 4.7048235e-001
 4.7054908e-001
 4.7072592e-001
 4.7097304e-001
 4.7132614e-001
 4.7149524e-001
 4.7153923e-001
 4.7170734e-001
 4.7126502e-001
 4.7013596e-001
 4.6908349e-001
 4.6782660e-001
 4.6684447e-001
 4.6618626e-001
 4.6449038e-001
 4.6303272e-001
 4.6159887e-001
 4.5844668e-001
 4.5105377e-001
 4.3651727e-001
 4.2305583e-001
 4.2486778e-001
 4.1958198e-001
 4.1588089e-001
 4.1630057e-001
 4.3634433e-001
 4.3982473e-001
 4.3233138e-001
 4.2476687e-001
 4.2147872e-001
 4.2291868e-001
 4.2655748e-001
 4.2864606e-001
 4.2818800e-001
 4.2519876e-001
 4.2076802e-001
 4.1890186e-001
 4.1772535e-001
 4.1391796e-001
 4.1302761e-001
 4.1318023e-001
 4.0953121e-001
 4.0532616e-001
 4.0649170e-001
 4.0608782e-001
 4.0250900e-001
 3.9738438e-001
 3.9360085e-001
 3.9268002e-001
 3.9161563e-001
 3.9096367e-001
 3.8857105e-001
 3.8469884e-001
 3.8273036e-001
 3.8111687e-001
