s07_AV97 Record=414: Anorthite GDS28 Syn <74um     BECKa AREF
 6.6801703e-001
 6.7625684e-001
 6.8241280e-001
 6.8802714e-001
 6.9256562e-001
 6.9702816e-001
 7.0128804e-001
 7.0551628e-001
 7.0879680e-001
 7.1312124e-001
 7.1639407e-001
 7.1953374e-001
 7.2221977e-001
 7.2487557e-001
 7.2682095e-001
 7.2898650e-001
 7.3095584e-001
 7.3308593e-001
 7.3422521e-001
 7.3520410e-001
 7.3602301e-001
 7.3850417e-001
 7.4157774e-001
 7.4265289e-001
 7.4313736e-001
 7.4482214e-001
 7.4659908e-001
 7.4822009e-001
 7.4996525e-001
 7.5178951e-001
 7.5361854e-001
 7.5506341e-001
 7.5344795e-001
 7.5458962e-001
 7.5714350e-001
 7.5862724e-001
 7.6133746e-001
 7.6324672e-001
 7.6439047e-001
 7.6668954e-001
 7.6688313e-001
 7.6933640e-001
 7.7064413e-001
 7.7115703e-001
 7.7203131e-001
 7.7270865e-001
 7.7456123e-001
 7.7534878e-001
 7.7712554e-001
 7.7575552e-001
 7.7326149e-001
 7.7837837e-001
 7.8262717e-001
 7.8175366e-001
 7.8074884e-001
 7.8026420e-001
 7.8749609e-001
 7.8853178e-001
 7.8411025e-001
 7.8566337e-001
 7.8880662e-001
 7.8638244e-001
 7.8810138e-001
 7.8822953e-001
 7.9180783e-001
 7.9166520e-001
 7.9265702e-001
 7.9235142e-001
 7.9538751e-001
 7.9395235e-001
 7.9554379e-001
 7.9508376e-001
 7.9825097e-001
 7.9722047e-001
 7.9693168e-001
 7.9881424e-001
 7.9807585e-001
 7.9989064e-001
 7.9867506e-001
 7.9880613e-001
 7.9956502e-001
 7.9985088e-001
 8.0089706e-001
 8.0100000e-001
 8.0305612e-001
 8.0009681e-001
 8.0167329e-001
 8.0534583e-001
 8.0440807e-001
 8.0383033e-001
 8.0475283e-001
 8.0423009e-001
 8.0524969e-001
 8.0428571e-001
 8.0499470e-001
 8.0468774e-001
 8.0489826e-001
 8.0502564e-001
 8.0524284e-001
 8.0592722e-001
 8.0585504e-001
 8.0721867e-001
 8.0689263e-001
 8.0678481e-001
 8.0707490e-001
 8.0646998e-001
 8.0694401e-001
 8.0734748e-001
 8.0803591e-001
 8.0829710e-001
 8.0611813e-001
 8.0813092e-001
 8.0931664e-001
 8.0765480e-001
 8.0815756e-001
 8.0946463e-001
 8.1047785e-001
 8.1095690e-001
 8.0990833e-001
 8.1153071e-001
 8.1095529e-001
 8.1121612e-001
 8.1152922e-001
 8.1542569e-001
 8.1378555e-001
 8.1339514e-001
 8.1468606e-001
 8.1622982e-001
 8.1682247e-001
 8.1457013e-001
 8.1455338e-001
 8.1456530e-001
 8.1540483e-001
 8.1600708e-001
 8.1633192e-001
 8.1657422e-001
 8.1745762e-001
 8.1862533e-001
 8.1710589e-001
 8.1834126e-001
 8.1840074e-001
 8.2226944e-001
 8.1947726e-001
 8.1719780e-001
 8.2089251e-001
 8.2231301e-001
 8.2391369e-001
 8.2441372e-001
 8.1845862e-001
 8.2187742e-001
 8.2037574e-001
 8.2094234e-001
 8.2014078e-001
 8.2025123e-001
 8.2027864e-001
 8.1879526e-001
 8.2112575e-001
 8.1963217e-001
 8.1994456e-001
 8.1815559e-001
 8.1940675e-001
 8.1656504e-001
 8.1503505e-001
 8.1311214e-001
 8.1377953e-001
 8.1521922e-001
 8.1510377e-001
 8.1134218e-001
 8.1432325e-001
 8.1738871e-001
 8.1916940e-001
 8.1929570e-001
 8.2098454e-001
 8.2053548e-001
 8.2146424e-001
 8.2103115e-001
 8.2118475e-001
 8.2455182e-001
 8.2332826e-001
 8.1868893e-001
 8.2531232e-001
 8.2737309e-001
 8.2622790e-001
 8.2858622e-001
 8.3424288e-001
 8.3385354e-001
 8.3256853e-001
 8.3267361e-001
 8.2630038e-001
 8.2009554e-001
 8.2356560e-001
 8.2183188e-001
 8.2142872e-001
 8.2045549e-001
 8.2539231e-001
 8.2419086e-001
 8.2399970e-001
 8.2504588e-001
 8.2483965e-001
 8.2470924e-001
 8.2821339e-001
 8.3044124e-001
 8.2726014e-001
 8.2158482e-001
 8.3113074e-001
 8.3224040e-001
 8.2721287e-001
 8.2852316e-001
 8.2730544e-001
 8.3078343e-001
 8.3119524e-001
 8.2461423e-001
 8.2454914e-001
 8.2519174e-001
 8.2391983e-001
 8.2147115e-001
 8.1933028e-001
 8.1893808e-001
 8.1970930e-001
 8.2052797e-001
 8.2036704e-001
 8.1958336e-001
 8.1880033e-001
 8.1843257e-001
