s07_AV97 Record=2534: Palygorskite CM46a Attapulg   BECKb AREF
 2.5243792e-001
 2.8103188e-001
 3.0891722e-001
 3.3021772e-001
 3.4846863e-001
 3.6650097e-001
 3.8082254e-001
 3.9347517e-001
 4.0616050e-001
 4.2126954e-001
 4.3367457e-001
 4.4278151e-001
 4.4959733e-001
 4.5641991e-001
 4.6393928e-001
 4.7292516e-001
 4.8371211e-001
 4.9474791e-001
 5.0197774e-001
 5.0841254e-001
 5.1355374e-001
 5.1585215e-001
 5.1754731e-001
 5.1780444e-001
 5.1745206e-001
 5.1702923e-001
 5.1685947e-001
 5.1691645e-001
 5.1701933e-001
 5.1748395e-001
 5.1865256e-001
 5.1964706e-001
 5.1849902e-001
 5.1942205e-001
 5.2132946e-001
 5.2275240e-001
 5.2472574e-001
 5.2550560e-001
 5.2653646e-001
 5.2762276e-001
 5.2967829e-001
 5.3223801e-001
 5.3505027e-001
 5.3596652e-001
 5.3915799e-001
 5.4304117e-001
 5.4254931e-001
 5.4440433e-001
 5.4708642e-001
 5.4656786e-001
 5.4491776e-001
 5.4840910e-001
 5.4817390e-001
 5.4509532e-001
 5.4146969e-001
 5.4005331e-001
 5.3658652e-001
 5.3586376e-001
 5.3333396e-001
 5.3411973e-001
 5.3512019e-001
 5.3072560e-001
 5.2908605e-001
 5.2694750e-001
 5.2792662e-001
 5.2628618e-001
 5.2659184e-001
 5.2548140e-001
 5.2633154e-001
 5.2503055e-001
 5.2543235e-001
 5.2469701e-001
 5.2546763e-001
 5.2220547e-001
 5.2230412e-001
 5.2110374e-001
 5.1951635e-001
 5.1783472e-001
 5.1915026e-001
 5.1692379e-001
 5.1596284e-001
 5.1649255e-001
 5.1622391e-001
 5.1324093e-001
 5.1255029e-001
 5.1450270e-001
 5.1873940e-001
 5.1684117e-001
 5.1782012e-001
 5.1915884e-001
 5.1902318e-001
 5.2272666e-001
 5.2329850e-001
 5.2347147e-001
 5.2583557e-001
 5.2710861e-001
 5.2440405e-001
 5.2695805e-001
 5.2707672e-001
 5.2726787e-001
 5.2820188e-001
 5.2855694e-001
 5.2784133e-001
 5.2829224e-001
 5.2778870e-001
 5.2603936e-001
 5.2378005e-001
 5.1899642e-001
 5.1056534e-001
 4.9893665e-001
 4.8426446e-001
 4.5612600e-001
 4.1883841e-001
 4.2892316e-001
 4.4640514e-001
 4.5718163e-001
 4.6809095e-001
 4.7436368e-001
 4.8098853e-001
 4.9228191e-001
 5.0322318e-001
 5.0903410e-001
 5.1376283e-001
 5.1910824e-001
 5.2283859e-001
 5.2617580e-001
 5.2775162e-001
 5.2883852e-001
 5.3037435e-001
 5.3221101e-001
 5.3311425e-001
 5.3344464e-001
 5.3524506e-001
 5.3524095e-001
 5.3731054e-001
 5.3821790e-001
 5.3902453e-001
 5.3701204e-001
 5.3686452e-001
 5.3826898e-001
 5.3786939e-001
 5.3831071e-001
 5.3606576e-001
 5.3156656e-001
 5.3357500e-001
 5.3271240e-001
 5.3011560e-001
 5.2646631e-001
 5.2405763e-001
 5.1691145e-001
 5.1604187e-001
 5.1652920e-001
 5.1443815e-001
 5.1205868e-001
 5.1121193e-001
 5.1002860e-001
 5.0264269e-001
 4.9167177e-001
 4.6946138e-001
 4.2606279e-001
 4.4224846e-001
 3.8358846e-001
 3.1095505e-001
 2.5545758e-001
 2.3920965e-001
 2.6014152e-001
 3.0617812e-001
 3.3759937e-001
 3.5607064e-001
 3.6824223e-001
 3.7507850e-001
 3.8904449e-001
 4.0507522e-001
 4.2246479e-001
 4.3108323e-001
 4.3839800e-001
 4.4679922e-001
 4.5023608e-001
 4.5722505e-001
 4.5857170e-001
 4.5992759e-001
 4.6230784e-001
 4.5958313e-001
 4.6114761e-001
 4.6447402e-001
 4.6266207e-001
 4.6074039e-001
 4.5716828e-001
 4.5220101e-001
 4.4701162e-001
 4.3462071e-001
 4.2466244e-001
 4.1334301e-001
 3.9150468e-001
 3.7173986e-001
 3.8454479e-001
 4.0946856e-001
 4.0333053e-001
 4.0599340e-001
 4.1406098e-001
 4.1033465e-001
 3.9655766e-001
 3.8413951e-001
 3.7643632e-001
 3.6156669e-001
 3.4842312e-001
 3.3917642e-001
 3.3465543e-001
 3.2951671e-001
 3.2187206e-001
 3.0514231e-001
 2.9479456e-001
 2.8662232e-001
 2.7910948e-001
 2.7215677e-001
 2.6599541e-001
 2.6115358e-001
 2.5804719e-001
 2.5582847e-001
 2.5229630e-001
 2.4651618e-001
 2.3946089e-001
 2.3253138e-001
 2.2671928e-001
