s07_AV97 Record=450: Antigorite NMNH17958          BECKb AREF
 2.9452404e-001
 3.0096203e-001
 3.0879593e-001
 3.1854665e-001
 3.2510108e-001
 3.3527854e-001
 3.4603941e-001
 3.5610548e-001
 3.6244267e-001
 3.7207577e-001
 3.8541031e-001
 4.0204275e-001
 4.1400996e-001
 4.2152229e-001
 4.3178555e-001
 4.3678766e-001
 4.3767521e-001
 4.3805778e-001
 4.3844208e-001
 4.3778867e-001
 4.3589285e-001
 4.3207535e-001
 4.2645991e-001
 4.2099410e-001
 4.1524288e-001
 4.0862969e-001
 4.0175757e-001
 3.9558741e-001
 3.8967901e-001
 3.8373190e-001
 3.7895122e-001
 3.7422910e-001
 3.7967902e-001
 3.7514305e-001
 3.7107915e-001
 3.6860895e-001
 3.6644083e-001
 3.6552376e-001
 3.6574084e-001
 3.6750451e-001
 3.7023032e-001
 3.7370798e-001
 3.7873396e-001
 3.8578880e-001
 3.9310741e-001
 3.9882475e-001
 4.0372381e-001
 4.0681422e-001
 4.0825498e-001
 4.0647787e-001
 4.0503258e-001
 4.0228927e-001
 3.9923051e-001
 3.9477202e-001
 3.9160967e-001
 3.9193931e-001
 3.9000726e-001
 3.8903877e-001
 3.8769045e-001
 3.9034873e-001
 3.9257839e-001
 3.9292562e-001
 3.9547023e-001
 3.9783606e-001
 4.0150592e-001
 4.0281942e-001
 4.0331200e-001
 4.0539634e-001
 4.0445241e-001
 4.0613440e-001
 4.0556651e-001
 4.0406314e-001
 4.0467599e-001
 4.0323400e-001
 4.0263984e-001
 4.0184471e-001
 4.0129763e-001
 4.0255234e-001
 4.0344611e-001
 4.0511447e-001
 4.0698943e-001
 4.0760049e-001
 4.0942836e-001
 4.1329032e-001
 4.1672230e-001
 4.1829178e-001
 4.2213473e-001
 4.2750654e-001
 4.3062365e-001
 4.3388608e-001
 4.3882242e-001
 4.4383585e-001
 4.4726813e-001
 4.5249060e-001
 4.5651031e-001
 4.6045145e-001
 4.5439011e-001
 4.5871770e-001
 4.6176824e-001
 4.6483585e-001
 4.7081524e-001
 4.7644100e-001
 4.8121375e-001
 4.8641866e-001
 4.9129227e-001
 4.9520895e-001
 4.9443182e-001
 4.9353921e-001
 4.9041614e-001
 4.4181329e-001
 4.2289817e-001
 4.4632664e-001
 4.9010563e-001
 5.0817841e-001
 5.1789314e-001
 5.2606279e-001
 5.3163451e-001
 5.3932995e-001
 5.4545718e-001
 5.4804742e-001
 5.5230582e-001
 5.5537003e-001
 5.5983764e-001
 5.6482232e-001
 5.6824470e-001
 5.7206059e-001
 5.7497257e-001
 5.7851428e-001
 5.8242500e-001
 5.8489382e-001
 5.8817494e-001
 5.9119838e-001
 5.9322357e-001
 5.9565955e-001
 5.9820431e-001
 6.0050136e-001
 6.0213798e-001
 6.0359299e-001
 6.0801107e-001
 6.0840940e-001
 6.1418277e-001
 6.1439276e-001
 6.1328328e-001
 6.1441708e-001
 6.1560619e-001
 6.1457360e-001
 6.1519235e-001
 6.1811656e-001
 6.1870569e-001
 6.2160313e-001
 6.1909515e-001
 6.1781573e-001
 6.1808807e-001
 6.1856771e-001
 6.1862475e-001
 6.1522150e-001
 6.1889112e-001
 6.1892873e-001
 6.1184388e-001
 6.0563385e-001
 6.0781264e-001
 5.9539872e-001
 5.7198775e-001
 5.5598700e-001
 5.5257308e-001
 5.5272919e-001
 5.5088556e-001
 5.4674405e-001
 5.4125363e-001
 5.3802550e-001
 5.3955382e-001
 5.4314208e-001
 5.4889494e-001
 5.5283779e-001
 5.6028676e-001
 5.6813550e-001
 5.7701600e-001
 5.8363944e-001
 5.9330690e-001
 5.9443200e-001
 5.8766896e-001
 5.7539988e-001
 5.6556225e-001
 5.6597787e-001
 5.6650829e-001
 5.6580281e-001
 5.7118911e-001
 5.7677805e-001
 5.8283073e-001
 5.9080261e-001
 5.9140801e-001
 5.8959180e-001
 5.8697712e-001
 5.7997102e-001
 5.6960058e-001
 5.4653573e-001
 5.1044339e-001
 4.8717114e-001
 4.7409871e-001
 4.4830748e-001
 4.2807475e-001
 4.0887880e-001
 3.8272581e-001
 3.5599247e-001
 3.2506883e-001
 3.1478354e-001
 3.4939697e-001
 3.9724943e-001
 4.3100345e-001
 4.3236709e-001
 4.1074243e-001
 4.0278602e-001
 4.0129083e-001
 3.9490417e-001
 3.8508034e-001
 3.7806484e-001
 3.7422329e-001
 3.7228644e-001
 3.7088069e-001
 3.6812395e-001
 3.6308649e-001
 3.5669500e-001
 3.5027432e-001
 3.4498653e-001
