s07_AV97 Record=4104: Natrolite+Zeolite HS168.2B   ASDFRb AREF
 6.7560184e-001
 6.8782866e-001
 6.9923395e-001
 7.0780671e-001
 7.1414751e-001
 7.1988595e-001
 7.2687691e-001
 7.3584265e-001
 7.4511993e-001
 7.5280243e-001
 7.5827527e-001
 7.6247734e-001
 7.6675594e-001
 7.7270246e-001
 7.8062636e-001
 7.8937036e-001
 7.9780364e-001
 8.0499870e-001
 8.1081682e-001
 8.1564164e-001
 8.1964016e-001
 8.2275510e-001
 8.2611483e-001
 8.2893193e-001
 8.3184439e-001
 8.3444697e-001
 8.3750862e-001
 8.4028763e-001
 8.4350395e-001
 8.4649664e-001
 8.4947008e-001
 8.5230279e-001
 8.4899217e-001
 8.5178989e-001
 8.5434884e-001
 8.5693771e-001
 8.5899436e-001
 8.6109024e-001
 8.6289620e-001
 8.6466551e-001
 8.6639184e-001
 8.6803323e-001
 8.6986119e-001
 8.7167406e-001
 8.7323457e-001
 8.7425041e-001
 8.7545055e-001
 8.7651229e-001
 8.7734628e-001
 8.7790620e-001
 8.7832421e-001
 8.7851363e-001
 8.7893331e-001
 8.7941587e-001
 8.7954724e-001
 8.7976563e-001
 8.7999296e-001
 8.8011503e-001
 8.8023412e-001
 8.7998921e-001
 8.7967712e-001
 8.7912077e-001
 8.7824512e-001
 8.7622285e-001
 8.7316394e-001
 8.7315899e-001
 8.7455654e-001
 8.7631416e-001
 8.7772763e-001
 8.7911052e-001
 8.8035417e-001
 8.8112009e-001
 8.8240731e-001
 8.8341969e-001
 8.8389456e-001
 8.8433230e-001
 8.8532972e-001
 8.8586247e-001
 8.8606244e-001
 8.8643414e-001
 8.8691247e-001
 8.8656980e-001
 8.8404220e-001
 8.7596977e-001
 8.7198079e-001
 8.7483442e-001
 8.7693697e-001
 8.7850565e-001
 8.8043994e-001
 8.8142991e-001
 8.8253993e-001
 8.8349581e-001
 8.8395381e-001
 8.8439804e-001
 8.8506049e-001
 8.8539821e-001
 8.8459873e-001
 8.8523269e-001
 8.8579476e-001
 8.8610685e-001
 8.8547325e-001
 8.8449395e-001
 8.8228935e-001
 8.7601644e-001
 8.6742306e-001
 8.6062545e-001
 8.5601598e-001
 8.5302854e-001
 8.4891522e-001
 8.3958834e-001
 8.2119566e-001
 7.8932595e-001
 7.4081284e-001
 7.0657802e-001
 7.1668357e-001
 7.2864169e-001
 7.2568578e-001
 7.2989613e-001
 7.4567628e-001
 7.5477356e-001
 7.6405025e-001
 7.7943540e-001
 7.8790677e-001
 7.9299527e-001
 7.9550594e-001
 7.9592162e-001
 7.9550159e-001
 7.9548436e-001
 7.9575229e-001
 7.9642761e-001
 7.9621994e-001
 7.9572153e-001
 7.9602051e-001
 7.9675782e-001
 7.9839313e-001
 8.0050939e-001
 8.0300146e-001
 8.0507153e-001
 8.0784881e-001
 8.1006807e-001
 8.1077379e-001
 8.1201315e-001
 8.1260818e-001
 8.1218994e-001
 8.1059563e-001
 8.0804455e-001
 8.0418229e-001
 7.9699814e-001
 7.9410088e-001
 7.9520631e-001
 7.9552865e-001
 7.9407007e-001
 7.9381055e-001
 7.9600281e-001
 7.9958886e-001
 7.9919684e-001
 7.9280460e-001
 7.7986920e-001
 7.5362819e-001
 7.0330793e-001
 7.2722715e-001
 6.5763754e-001
 5.6277841e-001
 4.7205052e-001
 4.4373259e-001
 4.2041129e-001
 3.8450557e-001
 4.2433432e-001
 4.8289347e-001
 5.0606644e-001
 5.1613092e-001
 5.2187991e-001
 5.2750015e-001
 5.3711116e-001
 5.5298918e-001
 5.7324272e-001
 5.9343451e-001
 6.0852498e-001
 6.1838418e-001
 6.2233108e-001
 6.2659872e-001
 6.3558328e-001
 6.5034878e-001
 6.6531849e-001
 6.7728847e-001
 6.8499774e-001
 6.9005185e-001
 6.9297826e-001
 6.9248766e-001
 6.9273412e-001
 6.9084805e-001
 6.8605626e-001
 6.8853819e-001
 6.9919771e-001
 7.0977390e-001
 7.2077674e-001
 7.2762471e-001
 7.3125130e-001
 7.3283267e-001
 7.3057753e-001
 7.2779709e-001
 7.2520614e-001
 7.2208345e-001
 7.1606404e-001
 7.0706111e-001
 6.9703072e-001
 6.8559003e-001
 6.7192531e-001
 6.5826142e-001
 6.4062113e-001
 6.2200564e-001
 6.0003197e-001
 5.7517600e-001
 5.4534227e-001
 5.1203090e-001
 4.8632348e-001
 4.7475249e-001
 4.7228369e-001
 4.6589583e-001
 4.5957959e-001
 4.5708400e-001
 4.5544624e-001
 4.5629671e-001
-1.2300000e+034
