s07_AV97 Record=3703: Calcite.33+Ca-Mont.67 AMX19  ASDNGb AREF
 6.3252056e-001
 6.3906574e-001
 6.4841056e-001
 6.5655851e-001
 6.6327679e-001
 6.6941136e-001
 6.7536396e-001
 6.8196422e-001
 6.9047439e-001
 6.9868302e-001
 7.0535779e-001
 7.1121389e-001
 7.1674103e-001
 7.2240394e-001
 7.2815514e-001
 7.3391092e-001
 7.3979974e-001
 7.4597609e-001
 7.5238705e-001
 7.5870097e-001
 7.6457465e-001
 7.6941496e-001
 7.7368861e-001
 7.7725422e-001
 7.8035009e-001
 7.8300607e-001
 7.8540397e-001
 7.8769267e-001
 7.8995383e-001
 7.9220611e-001
 7.9436135e-001
 7.9635948e-001
 7.9403532e-001
 7.9599243e-001
 7.9778123e-001
 7.9939783e-001
 8.0079216e-001
 8.0206251e-001
 8.0336738e-001
 8.0473435e-001
 8.0586094e-001
 8.0713910e-001
 8.0849284e-001
 8.0961460e-001
 8.1048572e-001
 8.1125098e-001
 8.1175077e-001
 8.1223083e-001
 8.1282705e-001
 8.1321013e-001
 8.1337416e-001
 8.1366891e-001
 8.1396592e-001
 8.1425738e-001
 8.1454444e-001
 8.1487286e-001
 8.1519294e-001
 8.1554121e-001
 8.1591076e-001
 8.1626970e-001
 8.1628597e-001
 8.1587315e-001
 8.1423753e-001
 8.1227285e-001
 8.1303489e-001
 8.1595957e-001
 8.1833708e-001
 8.2012451e-001
 8.2152677e-001
 8.2274729e-001
 8.2369065e-001
 8.2450676e-001
 8.2525527e-001
 8.2593316e-001
 8.2655030e-001
 8.2705945e-001
 8.2748836e-001
 8.2781756e-001
 8.2803637e-001
 8.2817894e-001
 8.2798028e-001
 8.2668841e-001
 8.2256335e-001
 8.1666994e-001
 8.1717861e-001
 8.2055086e-001
 8.2237959e-001
 8.2299906e-001
 8.2373780e-001
 8.2478291e-001
 8.2553566e-001
 8.2611543e-001
 8.2647127e-001
 8.2620430e-001
 8.2597774e-001
 8.2644397e-001
 8.2600605e-001
 8.2625353e-001
 8.2617170e-001
 8.2474726e-001
 8.2245535e-001
 8.2035410e-001
 8.1797868e-001
 8.1457740e-001
 8.0999112e-001
 8.0513853e-001
 8.0048752e-001
 7.9454815e-001
 7.8311032e-001
 7.6029348e-001
 7.1977729e-001
 6.7753386e-001
 6.5305102e-001
 6.5982187e-001
 6.8660510e-001
 7.0631516e-001
 7.1500343e-001
 7.1770722e-001
 7.2651184e-001
 7.3933822e-001
 7.4998546e-001
 7.5839365e-001
 7.6531607e-001
 7.7114391e-001
 7.7599144e-001
 7.8020102e-001
 7.8380132e-001
 7.8659075e-001
 7.8962082e-001
 7.9248798e-001
 7.9484874e-001
 7.9669160e-001
 7.9819101e-001
 7.9949486e-001
 8.0060524e-001
 8.0135363e-001
 8.0195516e-001
 8.0278140e-001
 8.0307150e-001
 8.0286491e-001
 8.0186218e-001
 8.0003136e-001
 7.9745293e-001
 7.9435945e-001
 7.9074430e-001
 7.8680110e-001
 7.8271508e-001
 7.7951795e-001
 7.7763873e-001
 7.7507412e-001
 7.7226949e-001
 7.7012688e-001
 7.6849067e-001
 7.6639342e-001
 7.6262575e-001
 7.5649518e-001
 7.4803430e-001
 7.3258263e-001
 7.0131534e-001
 6.5521926e-001
 6.7120230e-001
 6.1450380e-001
 5.4416633e-001
 5.0496531e-001
 5.1787031e-001
 5.4653001e-001
 5.6800497e-001
 5.8092833e-001
 5.8881277e-001
 5.9588188e-001
 6.0434836e-001
 6.1276907e-001
 6.2314427e-001
 6.4057702e-001
 6.5638280e-001
 6.6895419e-001
 6.7891783e-001
 6.8679816e-001
 6.9268692e-001
 6.9670177e-001
 6.9952124e-001
 7.0088929e-001
 7.0137829e-001
 7.0159066e-001
 7.0246625e-001
 7.0318204e-001
 7.0137864e-001
 6.9764847e-001
 6.9615966e-001
 6.9490600e-001
 6.9007707e-001
 6.7739296e-001
 6.4965779e-001
 6.1281943e-001
 6.0302949e-001
 6.1775285e-001
 6.2972933e-001
 6.3749659e-001
 6.4213735e-001
 6.4046890e-001
 6.3031739e-001
 6.1581147e-001
 6.0243124e-001
 5.9170407e-001
 5.8026665e-001
 5.6587201e-001
 5.5167371e-001
 5.4686612e-001
 5.5372453e-001
 5.6361419e-001
 5.6567478e-001
 5.6020927e-001
 5.5095577e-001
 5.4240048e-001
 5.3388160e-001
 5.2242285e-001
 5.1001436e-001
 4.9662372e-001
 4.8397741e-001
 4.6999305e-001
 4.5500404e-001
 4.4279891e-001
 4.3520340e-001
-1.2300000e+034
