s07_AV97 Record=2350: Nephrite HS296.3B             BECKc AREF
 2.8590384e-001
 2.9084119e-001
 2.9448891e-001
 3.0081922e-001
 3.0388734e-001
 3.0909723e-001
 3.1588000e-001
 3.2195047e-001
 3.2506531e-001
 3.3289886e-001
 3.4330404e-001
 3.5504195e-001
 3.6398470e-001
 3.7033042e-001
 3.7664467e-001
 3.7995556e-001
 3.7744242e-001
 3.7680709e-001
 3.7534019e-001
 3.7346882e-001
 3.7030619e-001
 3.6692390e-001
 3.6161909e-001
 3.5861740e-001
 3.5480046e-001
 3.5020390e-001
 3.4492475e-001
 3.4156820e-001
 3.3683643e-001
 3.3199298e-001
 3.2890415e-001
 3.2605630e-001
 3.2930619e-001
 3.2652810e-001
 3.2369959e-001
 3.2025105e-001
 3.1966022e-001
 3.1877652e-001
 3.1900254e-001
 3.2001984e-001
 3.2065138e-001
 3.2128620e-001
 3.2382071e-001
 3.2748225e-001
 3.3215034e-001
 3.3600217e-001
 3.3665645e-001
 3.3805940e-001
 3.3875966e-001
 3.3329424e-001
 3.3128932e-001
 3.3053663e-001
 3.2696095e-001
 3.2522979e-001
 3.2234088e-001
 3.1610239e-001
 3.1460753e-001
 3.1473354e-001
 3.1150648e-001
 3.1197357e-001
 3.1279907e-001
 3.1158611e-001
 3.1192619e-001
 3.1432939e-001
 3.1591809e-001
 3.1712854e-001
 3.1647435e-001
 3.1709626e-001
 3.1554314e-001
 3.1515196e-001
 3.1637526e-001
 3.1521338e-001
 3.1582066e-001
 3.1301141e-001
 3.1148463e-001
 3.1246498e-001
 3.1184047e-001
 3.1121835e-001
 3.0884609e-001
 3.1219143e-001
 3.1357932e-001
 3.1467977e-001
 3.1506616e-001
 3.1395009e-001
 3.1706631e-001
 3.1889215e-001
 3.2049358e-001
 3.2383904e-001
 3.2621869e-001
 3.2717112e-001
 3.3103919e-001
 3.3410028e-001
 3.3746925e-001
 3.4064746e-001
 3.4109339e-001
 3.4246135e-001
 3.4035268e-001
 3.4194985e-001
 3.4373385e-001
 3.4601012e-001
 3.4860450e-001
 3.5214576e-001
 3.5383892e-001
 3.5565877e-001
 3.6068854e-001
 3.6349228e-001
 3.6204544e-001
 3.5681415e-001
 3.5685486e-001
 3.1416079e-001
 2.9147032e-001
 3.1385148e-001
 3.5025656e-001
 3.6394149e-001
 3.6975053e-001
 3.7295473e-001
 3.7780586e-001
 3.8337523e-001
 3.8551226e-001
 3.8661981e-001
 3.8814259e-001
 3.9005461e-001
 3.9016005e-001
 3.9132571e-001
 3.9349756e-001
 3.9432287e-001
 3.9546892e-001
 3.9654952e-001
 3.9703852e-001
 3.9757758e-001
 3.9910069e-001
 4.0032351e-001
 4.0317583e-001
 4.0179583e-001
 4.0228069e-001
 4.0295106e-001
 4.0340170e-001
 4.0546918e-001
 4.0591609e-001
 4.0409863e-001
 4.0225542e-001
 4.0466464e-001
 4.0449741e-001
 4.0496174e-001
 4.0319553e-001
 4.0297750e-001
 4.0503201e-001
 4.0321031e-001
 4.0392816e-001
 4.0427148e-001
 4.0502346e-001
 4.0310571e-001
 4.0050593e-001
 3.9983451e-001
 3.9928249e-001
 3.9752060e-001
 4.0071934e-001
 3.9913097e-001
 3.9751571e-001
 3.9140034e-001
 3.9420456e-001
 3.8861796e-001
 3.8177511e-001
 3.6935493e-001
 3.6918238e-001
 3.6728066e-001
 3.6403555e-001
 3.6068544e-001
 3.5747284e-001
 3.5532749e-001
 3.5280296e-001
 3.5382059e-001
 3.5384926e-001
 3.5688394e-001
 3.6223564e-001
 3.6369854e-001
 3.7134472e-001
 3.7699953e-001
 3.7788767e-001
 3.8138074e-001
 3.7952125e-001
 3.7489706e-001
 3.6584854e-001
 3.5951012e-001
 3.5965404e-001
 3.5920545e-001
 3.6050192e-001
 3.6475205e-001
 3.6761099e-001
 3.6971945e-001
 3.7155196e-001
 3.6954620e-001
 3.6875203e-001
 3.6902216e-001
 3.6566100e-001
 3.4894404e-001
 3.1890365e-001
 3.0611545e-001
 2.9686272e-001
 2.7760568e-001
 2.6131144e-001
 2.4644783e-001
 2.3468381e-001
 2.0788598e-001
 1.8434162e-001
 1.9593821e-001
 2.1950664e-001
 2.5158837e-001
 2.7028003e-001
 2.7276134e-001
 2.5487962e-001
 2.4592273e-001
 2.4692224e-001
 2.4451275e-001
 2.3809808e-001
 2.3305199e-001
 2.3008139e-001
 2.2856496e-001
 2.2756340e-001
 2.2567113e-001
 2.2219539e-001
 2.1787073e-001
 2.1373719e-001
 2.1065709e-001
