s07_AV97 Record=2402: Olivine GDS70.b Fo89 115um  NIC4bbb RREF
-1.2300000e+034
-1.2300000e+034
-1.2300000e+034
-1.2300000e+034
-1.2300000e+034
-1.2300000e+034
-1.2300000e+034
-1.2300000e+034
-1.2300000e+034
-1.2300000e+034
-1.2300000e+034
-1.2300000e+034
-1.2300000e+034
-1.2300000e+034
-1.2300000e+034
-1.2300000e+034
-1.2300000e+034
-1.2300000e+034
-1.2300000e+034
-1.2300000e+034
-1.2300000e+034
-1.2300000e+034
-1.2300000e+034
-1.2300000e+034
-1.2300000e+034
-1.2300000e+034
-1.2300000e+034
-1.2300000e+034
-1.2300000e+034
-1.2300000e+034
-1.2300000e+034
-1.2300000e+034
-1.2300000e+034
-1.2300000e+034
-1.2300000e+034
-1.2300000e+034
-1.2300000e+034
-1.2300000e+034
-1.2300000e+034
-1.2300000e+034
-1.2300000e+034
-1.2300000e+034
-1.2300000e+034
-1.2300000e+034
-1.2300000e+034
-1.2300000e+034
-1.2300000e+034
-1.2300000e+034
-1.2300000e+034
-1.2300000e+034
-1.2300000e+034
-1.2300000e+034
-1.2300000e+034
-1.2300000e+034
-1.2300000e+034
-1.2300000e+034
-1.2300000e+034
-1.2300000e+034
-1.2300000e+034
-1.2300000e+034
-1.2300000e+034
-1.2300000e+034
-1.2300000e+034
-1.2300000e+034
-1.2300000e+034
-1.2300000e+034
-1.2300000e+034
-1.2300000e+034
-1.2300000e+034
-1.2300000e+034
-1.2300000e+034
-1.2300000e+034
-1.2300000e+034
-1.2300000e+034
-1.2300000e+034
-1.2300000e+034
-1.2300000e+034
-1.2300000e+034
-1.2300000e+034
-1.2300000e+034
-1.2300000e+034
-1.2300000e+034
-1.2300000e+034
-1.2300000e+034
-1.2300000e+034
-1.2300000e+034
-1.2300000e+034
-1.2300000e+034
-1.2300000e+034
-1.2300000e+034
-1.2300000e+034
-1.2300000e+034
-1.2300000e+034
-1.2300000e+034
-1.2300000e+034
-1.2300000e+034
-1.2300000e+034
-1.2300000e+034
-1.2300000e+034
 2.7862769e-001
 2.8322548e-001
 2.8843936e-001
 2.9399315e-001
 2.9988772e-001
 3.0611783e-001
 3.1265500e-001
 3.1937441e-001
 3.2653323e-001
 3.3412555e-001
 3.4192768e-001
 3.4993929e-001
 3.5809979e-001
 3.6641222e-001
 3.7477192e-001
 3.8314542e-001
 3.9146680e-001
 3.9970741e-001
 4.0781316e-001
 4.1574997e-001
 4.2347500e-001
 4.3094963e-001
 4.3816820e-001
 4.4513324e-001
 4.5179960e-001
 4.5813549e-001
 4.6412736e-001
 4.6979243e-001
 4.7511625e-001
 4.8006004e-001
 4.8467374e-001
 4.8899084e-001
 4.9296713e-001
 4.9665520e-001
 5.0006056e-001
 5.0314039e-001
 5.0593638e-001
 5.0842863e-001
 5.1065934e-001
 5.1269382e-001
 5.1449442e-001
 5.1607555e-001
 5.1753294e-001
 5.1881629e-001
 5.1993614e-001
 5.2088958e-001
 5.2178121e-001
 5.2258110e-001
 5.2324742e-001
 5.2382302e-001
 5.2429461e-001
 5.2470183e-001
 5.2505577e-001
 5.2536047e-001
 5.2558136e-001
 5.2578616e-001
 5.2592963e-001
 5.2618790e-001
 5.2637762e-001
 5.2642268e-001
 5.2666473e-001
 5.2658325e-001
 5.2673686e-001
 5.2671343e-001
 5.2668661e-001
 5.2671552e-001
 5.2675450e-001
 5.2683336e-001
 5.2695858e-001
 5.2705413e-001
 5.2711475e-001
 5.2719432e-001
 5.2734005e-001
 5.2748710e-001
 5.2762926e-001
 5.2774209e-001
 5.2781558e-001
 5.2789086e-001
 5.2795440e-001
 5.2805293e-001
 5.2825093e-001
 5.2846730e-001
 5.2862048e-001
 5.2870709e-001
 5.2875239e-001
 5.2877730e-001
 5.2877617e-001
 5.2873582e-001
 5.2871466e-001
 5.2861404e-001
 5.2855217e-001
 5.2854604e-001
 5.2856284e-001
 5.2858245e-001
 5.2859235e-001
 5.2860606e-001
 5.2862614e-001
 5.2858979e-001
 5.2853787e-001
 5.2838600e-001
 5.2818936e-001
 5.2799964e-001
 5.2780205e-001
 5.2772379e-001
 5.2771401e-001
 5.2773768e-001
 5.2773601e-001
 5.2761555e-001
 5.2747589e-001
 5.2741075e-001
 5.2734494e-001
 5.2723944e-001
 5.2722460e-001
 5.2717322e-001
 5.2712500e-001
 5.2705121e-001
 5.2694327e-001
 5.2682936e-001
 5.2667069e-001
 5.2648306e-001
 5.2634519e-001
 5.2622783e-001
 5.2616686e-001
 5.2608663e-001
 5.2594441e-001
