s07_AV97 Record=445: Anthophyllite HS286.4B       ASDFRc AREF
 2.7043587e-001
 2.7936456e-001
 2.9101557e-001
 3.0247444e-001
 3.1329021e-001
 3.2567978e-001
 3.4062392e-001
 3.5807034e-001
 3.7105659e-001
 3.7756211e-001
 3.8127881e-001
 3.8876534e-001
 4.0155086e-001
 4.1748840e-001
 4.3435839e-001
 4.5477891e-001
 4.7454333e-001
 4.9412903e-001
 5.1267320e-001
 5.3496981e-001
 5.5468154e-001
 5.6979358e-001
 5.7943314e-001
 5.8488584e-001
 5.8818978e-001
 5.8901137e-001
 5.8831930e-001
 5.8698237e-001
 5.8710492e-001
 5.8872730e-001
 5.9054357e-001
 5.9287196e-001
 5.9020638e-001
 5.9238106e-001
 5.9473604e-001
 5.9647679e-001
 5.9834379e-001
 6.0085797e-001
 6.0340631e-001
 6.0482478e-001
 6.0544938e-001
 6.0348189e-001
 5.9784323e-001
 5.8773398e-001
 5.7390112e-001
 5.5674946e-001
 5.3754193e-001
 5.1733124e-001
 4.9648756e-001
 4.7610703e-001
 4.5767966e-001
 4.4025409e-001
 4.2440778e-001
 4.1005856e-001
 3.9737874e-001
 3.8617247e-001
 3.7653708e-001
 3.6881807e-001
 3.6310720e-001
 3.5811958e-001
 3.5478857e-001
 3.5370570e-001
 3.5224167e-001
 3.5780478e-001
 3.6321697e-001
 3.7162077e-001
 3.8308305e-001
 3.9671537e-001
 4.1088212e-001
 4.2793518e-001
 4.4704753e-001
 4.6407649e-001
 4.8325041e-001
 5.0054711e-001
 5.1821047e-001
 5.3424311e-001
 5.4711455e-001
 5.6154835e-001
 5.7418114e-001
 5.8500677e-001
 5.9637022e-001
 6.0657316e-001
 6.1705422e-001
 6.2625283e-001
 6.3400722e-001
 6.4227420e-001
 6.4945149e-001
 6.5729743e-001
 6.6472667e-001
 6.7054611e-001
 6.7840421e-001
 6.8569410e-001
 6.9234091e-001
 6.9871432e-001
 7.0282501e-001
 7.0294434e-001
 7.0055884e-001
 7.0396984e-001
 7.0129049e-001
 7.1030563e-001
 7.1677375e-001
 7.2029227e-001
 7.2653276e-001
 7.2847110e-001
 7.3265159e-001
 7.3687243e-001
 7.3653704e-001
 7.3334533e-001
 7.2564340e-001
 6.5144616e-001
 4.9670547e-001
 6.4096427e-001
 6.9988823e-001
 7.2104782e-001
 7.3335624e-001
 7.3973709e-001
 7.4308145e-001
 7.4642015e-001
 7.4893802e-001
 7.4992782e-001
 7.5088805e-001
 7.5211960e-001
 7.5385964e-001
 7.5344568e-001
 7.5050592e-001
 7.5178081e-001
 7.5421888e-001
 7.5477570e-001
 7.5392979e-001
 7.5323337e-001
 7.5160366e-001
 7.5082278e-001
 7.4931479e-001
 7.4829137e-001
 7.4700296e-001
 7.4418360e-001
 7.4355143e-001
 7.4012738e-001
 7.3706466e-001
 7.3291653e-001
 7.2883737e-001
 7.2438115e-001
 7.1866423e-001
 7.1349943e-001
 7.0751572e-001
 7.0233130e-001
 6.9652474e-001
 6.9064724e-001
 6.8369859e-001
 6.7549580e-001
 6.6620183e-001
 6.5845728e-001
 6.5006632e-001
 6.4095026e-001
 6.3309681e-001
 6.2611228e-001
 6.1907226e-001
 6.1146820e-001
 6.0383940e-001
 5.9545076e-001
 5.9908831e-001
 5.9024125e-001
 5.8085936e-001
 5.7022625e-001
 5.6287158e-001
 5.5714858e-001
 5.5070150e-001
 5.4394633e-001
 5.3735018e-001
 5.2968305e-001
 5.2266556e-001
 5.1551139e-001
 5.0973117e-001
 5.0124812e-001
 4.9707392e-001
 4.9457511e-001
 4.8827094e-001
 4.8093686e-001
 4.7222733e-001
 4.5965320e-001
 4.4787979e-001
 4.4683051e-001
 4.4456267e-001
 4.3926990e-001
 4.3214241e-001
 4.2388147e-001
 4.1894311e-001
 4.1706467e-001
 4.1260061e-001
 4.0540993e-001
 4.0334421e-001
 4.0220585e-001
 3.9857787e-001
 3.9588091e-001
 3.9277932e-001
 3.7976027e-001
 3.8076976e-001
 3.7903708e-001
 3.6391741e-001
 3.3883187e-001
 2.9893225e-001
 2.4793108e-001
 2.4324122e-001
 2.0638521e-001
 2.2444172e-001
 2.8993249e-001
 3.3469158e-001
 3.3740720e-001
 3.2773942e-001
 3.0991015e-001
 2.8031674e-001
 2.6481289e-001
 2.8598124e-001
 3.2266104e-001
 3.2431757e-001
 3.1471524e-001
 3.1471822e-001
 3.1489462e-001
 3.0760744e-001
 3.0226800e-001
 3.2034320e-001
 3.3057535e-001
 3.2444307e-001
-1.2300000e+034
