s07_AV97 Record=901: Clinochlore_Fe SC-CCa-1.b    NIC4aa RREF
-1.2300000e+034
-1.2300000e+034
-1.2300000e+034
-1.2300000e+034
-1.2300000e+034
-1.2300000e+034
-1.2300000e+034
-1.2300000e+034
-1.2300000e+034
-1.2300000e+034
-1.2300000e+034
-1.2300000e+034
-1.2300000e+034
-1.2300000e+034
-1.2300000e+034
-1.2300000e+034
-1.2300000e+034
-1.2300000e+034
-1.2300000e+034
-1.2300000e+034
-1.2300000e+034
-1.2300000e+034
-1.2300000e+034
-1.2300000e+034
-1.2300000e+034
-1.2300000e+034
-1.2300000e+034
-1.2300000e+034
-1.2300000e+034
-1.2300000e+034
-1.2300000e+034
-1.2300000e+034
-1.2300000e+034
-1.2300000e+034
-1.2300000e+034
-1.2300000e+034
-1.2300000e+034
-1.2300000e+034
-1.2300000e+034
-1.2300000e+034
-1.2300000e+034
-1.2300000e+034
-1.2300000e+034
-1.2300000e+034
-1.2300000e+034
-1.2300000e+034
-1.2300000e+034
-1.2300000e+034
-1.2300000e+034
-1.2300000e+034
-1.2300000e+034
-1.2300000e+034
-1.2300000e+034
-1.2300000e+034
-1.2300000e+034
-1.2300000e+034
-1.2300000e+034
-1.2300000e+034
-1.2300000e+034
-1.2300000e+034
-1.2300000e+034
-1.2300000e+034
-1.2300000e+034
-1.2300000e+034
-1.2300000e+034
-1.2300000e+034
-1.2300000e+034
-1.2300000e+034
-1.2300000e+034
-1.2300000e+034
-1.2300000e+034
-1.2300000e+034
-1.2300000e+034
-1.2300000e+034
-1.2300000e+034
-1.2300000e+034
-1.2300000e+034
-1.2300000e+034
-1.2300000e+034
-1.2300000e+034
-1.2300000e+034
-1.2300000e+034
-1.2300000e+034
-1.2300000e+034
-1.2300000e+034
-1.2300000e+034
-1.2300000e+034
-1.2300000e+034
-1.2300000e+034
-1.2300000e+034
-1.2300000e+034
-1.2300000e+034
-1.2300000e+034
-1.2300000e+034
-1.2300000e+034
-1.2300000e+034
-1.2300000e+034
-1.2300000e+034
-1.2300000e+034
-1.2300000e+034
-1.2300000e+034
-1.2300000e+034
-1.2300000e+034
-1.2300000e+034
-1.2300000e+034
-1.2300000e+034
 1.9323896e-001
 1.9523285e-001
 1.9706297e-001
 1.9791289e-001
 1.9552547e-001
 1.9253664e-001
 1.9481702e-001
 2.0025480e-001
 2.0297447e-001
 2.0455715e-001
 2.0692734e-001
 2.1018136e-001
 2.1355106e-001
 2.1727644e-001
 2.2115511e-001
 2.2489265e-001
 2.2870497e-001
 2.3229964e-001
 2.3626450e-001
 2.4056250e-001
 2.4525812e-001
 2.5017571e-001
 2.5512135e-001
 2.5999370e-001
 2.6511386e-001
 2.7041942e-001
 2.7585226e-001
 2.8127930e-001
 2.8663895e-001
 2.9175392e-001
 2.9688126e-001
 3.0187240e-001
 3.0692822e-001
 3.1208047e-001
 3.1720364e-001
 3.2213956e-001
 3.2699764e-001
 3.3166161e-001
 3.3623993e-001
 3.4082210e-001
 3.4552416e-001
 3.5023215e-001
 3.5485241e-001
 3.5907039e-001
 3.6314768e-001
 3.6693880e-001
 3.7064096e-001
 3.7446329e-001
 3.7825447e-001
 3.8199046e-001
 3.8525766e-001
 3.8813105e-001
 3.9066321e-001
 3.9316323e-001
 3.9230755e-001
 3.9537698e-001
 3.9956075e-001
 4.0393662e-001
 4.0809348e-001
 4.1188800e-001
 4.1479123e-001
 4.1651922e-001
 4.1806048e-001
 4.1997504e-001
 4.2071497e-001
 4.2096975e-001
 4.2229760e-001
 4.2547423e-001
 4.3079048e-001
 4.3781421e-001
 4.4511041e-001
 4.5156595e-001
 4.5673656e-001
 4.6098140e-001
 4.6454960e-001
 4.6775123e-001
 4.7053266e-001
 4.7243902e-001
 4.7409871e-001
 4.7634277e-001
 4.7923055e-001
 4.8190883e-001
 4.8384556e-001
 4.8467934e-001
 4.8466003e-001
 4.8376304e-001
 4.8109019e-001
 4.7798082e-001
 4.7239050e-001
 4.6099105e-001
 4.3628982e-001
 4.0062723e-001
 3.8871416e-001
 4.0049827e-001
 4.1126800e-001
 4.1029090e-001
 4.0094689e-001
 3.9176032e-001
 3.8438129e-001
 3.7603405e-001
 3.6472607e-001
 3.5853282e-001
 3.6513463e-001
 3.8172114e-001
 4.0211657e-001
 4.1780645e-001
 4.2569169e-001
 4.3010178e-001
 4.3379721e-001
 4.3606281e-001
 4.3567142e-001
 4.3340221e-001
 4.2850384e-001
 4.2127025e-001
 4.1400796e-001
 4.0800807e-001
 4.0424070e-001
 4.0205279e-001
