s07_AV97 Record=2485: Olivine KI3377 Fo18 <60um     BECKb AREF
 1.3433959e-001
 1.4665428e-001
 1.6382717e-001
 1.7853558e-001
 1.9329363e-001
 2.0932458e-001
 2.1734017e-001
 2.2581303e-001
 2.2845881e-001
 2.3208944e-001
 2.4219547e-001
 2.5697833e-001
 2.6789343e-001
 2.7291521e-001
 2.9085785e-001
 3.0730900e-001
 3.1824312e-001
 3.3146068e-001
 3.4602079e-001
 3.5773659e-001
 3.6480349e-001
 3.6888734e-001
 3.7185705e-001
 3.7547091e-001
 3.7724930e-001
 3.7910533e-001
 3.8293388e-001
 3.9006308e-001
 3.9812645e-001
 4.0525794e-001
 4.0889236e-001
 4.0789717e-001
 4.0889922e-001
 4.0811118e-001
 4.0746772e-001
 4.0470892e-001
 4.0144333e-001
 3.9630800e-001
 3.9169449e-001
 3.8488108e-001
 3.7879038e-001
 3.7219065e-001
 3.6383918e-001
 3.5314235e-001
 3.4439251e-001
 3.3465376e-001
 3.2379317e-001
 3.1364486e-001
 3.0339441e-001
 2.9469159e-001
 2.8734317e-001
 2.7950925e-001
 2.7086368e-001
 2.6368135e-001
 2.6154664e-001
 2.5461650e-001
 2.4917147e-001
 2.4975714e-001
 2.4787889e-001
 2.4068424e-001
 2.3856620e-001
 2.3450574e-001
 2.3399793e-001
 2.2980629e-001
 2.2600298e-001
 2.2348070e-001
 2.2122389e-001
 2.1527006e-001
 2.1315585e-001
 2.1119027e-001
 2.0772797e-001
 2.0790774e-001
 2.0702536e-001
 2.0511672e-001
 2.0309404e-001
 2.0208010e-001
 2.0601937e-001
 2.0618878e-001
 2.0607227e-001
 2.0915158e-001
 2.0835680e-001
 2.1296160e-001
 2.1316108e-001
 2.1664521e-001
 2.1737179e-001
 2.1959977e-001
 2.2101544e-001
 2.1940613e-001
 2.2519332e-001
 2.2291562e-001
 2.2345814e-001
 2.2455198e-001
 2.2594149e-001
 2.2710693e-001
 2.2825204e-001
 2.2994025e-001
 2.2708534e-001
 2.2924343e-001
 2.3023899e-001
 2.2899555e-001
 2.3088787e-001
 2.3184177e-001
 2.3355374e-001
 2.3552234e-001
 2.3632924e-001
 2.3974578e-001
 2.4187803e-001
 2.4484445e-001
 2.4490851e-001
 2.4958663e-001
 2.5386873e-001
 2.5939140e-001
 2.6546827e-001
 2.7222407e-001
 2.7724195e-001
 2.8165117e-001
 2.8703365e-001
 2.9381028e-001
 3.0077675e-001
 3.0955943e-001
 3.1536880e-001
 3.2461649e-001
 3.3250147e-001
 3.4066385e-001
 3.4923410e-001
 3.5844877e-001
 3.6841553e-001
 3.7604165e-001
 3.8816908e-001
 3.9769492e-001
 4.0863457e-001
 4.1834429e-001
 4.2680272e-001
 4.3836588e-001
 4.4672072e-001
 4.5765144e-001
 4.6715865e-001
 4.7614542e-001
 4.8429438e-001
 4.9153620e-001
 5.0030529e-001
 5.1186299e-001
 5.2029383e-001
 5.2777064e-001
 5.3601223e-001
 5.4258949e-001
 5.4950351e-001
 5.5931067e-001
 5.6411326e-001
 5.6753147e-001
 5.7842720e-001
 5.8314705e-001
 5.8826196e-001
 5.9393185e-001
 5.9573299e-001
 5.9982991e-001
 6.0187495e-001
 6.0448301e-001
 6.0984200e-001
 6.0848606e-001
 6.0943818e-001
 6.1205101e-001
 6.1733520e-001
 6.1233270e-001
 6.1645788e-001
 6.2121814e-001
 6.2029356e-001
 6.1987704e-001
 6.2301946e-001
 6.2687951e-001
 6.3158453e-001
 6.3198137e-001
 6.2975997e-001
 6.3469672e-001
 6.3493913e-001
 6.3686317e-001
 6.4001566e-001
 6.3974476e-001
 6.4064723e-001
 6.4267164e-001
 6.4306861e-001
 6.4427370e-001
 6.4605421e-001
 6.4775252e-001
 6.4816433e-001
 6.4877766e-001
 6.5253544e-001
 6.5139109e-001
 6.4943236e-001
 6.4933938e-001
 6.4847922e-001
 6.4499623e-001
 6.4654332e-001
 6.4538372e-001
 6.4374912e-001
 6.4384252e-001
 6.3846189e-001
 6.4032096e-001
 6.3686156e-001
 6.3612521e-001
 6.3766551e-001
 6.4200974e-001
 6.3729882e-001
 6.3358122e-001
 6.3920105e-001
 6.4830601e-001
 6.4466262e-001
 6.4673221e-001
 6.4546978e-001
 6.4562297e-001
 6.4520442e-001
 6.4767295e-001
 6.4878565e-001
 6.4832008e-001
 6.4678812e-001
 6.4475489e-001
 6.4310735e-001
 6.4267963e-001
 6.4311361e-001
 6.4374542e-001
 6.4399362e-001
 6.4412868e-001
 6.4458698e-001
 6.4557117e-001
