s07_AV97 Record=736: Celestite HS251.3B Barite    ASDFRb AREF
 6.1086881e-001
 6.2479252e-001
 6.3600117e-001
 6.4645529e-001
 6.5510011e-001
 6.6268390e-001
 6.6911376e-001
 6.7498922e-001
 6.8043357e-001
 6.8482709e-001
 6.8873972e-001
 6.9119614e-001
 6.9274706e-001
 6.9314641e-001
 6.9237882e-001
 6.9072330e-001
 6.8796325e-001
 6.8468839e-001
 6.8092799e-001
 6.7725229e-001
 6.7351693e-001
 6.7003942e-001
 6.6729683e-001
 6.6544342e-001
 6.6443682e-001
 6.6486633e-001
 6.6672349e-001
 6.7045313e-001
 6.7583597e-001
 6.8235642e-001
 6.8943030e-001
 6.9651985e-001
 6.8828416e-001
 6.9517004e-001
 7.0182246e-001
 7.0803469e-001
 7.1384490e-001
 7.1947587e-001
 7.2503012e-001
 7.3067099e-001
 7.3637927e-001
 7.4207217e-001
 7.4815738e-001
 7.5440377e-001
 7.6093125e-001
 7.6741952e-001
 7.7376193e-001
 7.7973229e-001
 7.8517264e-001
 7.8993535e-001
 7.9408878e-001
 7.9764682e-001
 8.0064744e-001
 8.0308098e-001
 8.0516165e-001
 8.0701381e-001
 8.0855030e-001
 8.0978340e-001
 8.1087071e-001
 8.1168431e-001
 8.1254542e-001
 8.1300962e-001
 8.1351566e-001
 8.1390941e-001
 8.1437737e-001
 8.1476003e-001
 8.1505871e-001
 8.1533909e-001
 8.1592858e-001
 8.1594253e-001
 8.1615961e-001
 8.1678778e-001
 8.1695527e-001
 8.1783319e-001
 8.1738019e-001
 8.1749135e-001
 8.1789052e-001
 8.1791192e-001
 8.1820571e-001
 8.1778824e-001
 8.1823534e-001
 8.1811106e-001
 8.1828332e-001
 8.1803864e-001
 8.1812364e-001
 8.1814092e-001
 8.1816202e-001
 8.1810832e-001
 8.1825602e-001
 8.1882203e-001
 8.1886148e-001
 8.1955665e-001
 8.1959325e-001
 8.2030153e-001
 8.2045233e-001
 8.2051802e-001
 8.2037878e-001
 8.2077503e-001
 8.2060522e-001
 8.2010424e-001
 8.2019299e-001
 8.1996739e-001
 8.2000190e-001
 8.2003039e-001
 8.1970960e-001
 8.1975317e-001
 8.1923538e-001
 8.1893820e-001
 8.1890833e-001
 8.1890064e-001
 8.1878459e-001
 8.1890571e-001
 8.1896591e-001
 8.1863046e-001
 8.1851310e-001
 8.1868607e-001
 8.1947494e-001
 8.2000262e-001
 8.2045180e-001
 8.2100427e-001
 8.2163614e-001
 8.2222885e-001
 8.2269967e-001
 8.2292521e-001
 8.2335860e-001
 8.2408220e-001
 8.2484150e-001
 8.2467180e-001
 8.2535070e-001
 8.2540548e-001
 8.2580000e-001
 8.2614720e-001
 8.2607603e-001
 8.2624137e-001
 8.2641292e-001
 8.2637590e-001
 8.2675898e-001
 8.2660913e-001
 8.2687473e-001
 8.2697165e-001
 8.2713902e-001
 8.2738274e-001
 8.2734537e-001
 8.2713485e-001
 8.2708943e-001
 8.2626146e-001
 8.2569987e-001
 8.2526344e-001
 8.2523543e-001
 8.2588649e-001
 8.2599849e-001
 8.2602578e-001
 8.2546753e-001
 8.2465076e-001
 8.2421887e-001
 8.2386822e-001
 8.2469553e-001
 8.2478827e-001
 8.2312101e-001
 8.2213175e-001
 8.2265526e-001
 8.2052839e-001
 8.1746382e-001
 8.1418866e-001
 8.1106848e-001
 8.0968118e-001
 8.0872840e-001
 8.0967063e-001
 8.1064934e-001
 8.1194746e-001
 8.1310898e-001
 8.1400567e-001
 8.1514162e-001
 8.1645042e-001
 8.1778538e-001
 8.1947058e-001
 8.2035583e-001
 8.2131696e-001
 8.2300705e-001
 8.2376701e-001
 8.2460874e-001
 8.2467163e-001
 8.2466996e-001
 8.2514387e-001
 8.2431787e-001
 8.2346374e-001
 8.2295924e-001
 8.2157379e-001
 8.2110691e-001
 8.2022667e-001
 8.1899607e-001
 8.1861544e-001
 8.1761396e-001
 8.1750506e-001
 8.1647259e-001
 8.1474251e-001
 8.1461841e-001
 8.1432867e-001
 8.1380928e-001
 8.1289142e-001
 8.1150091e-001
 8.0935901e-001
 8.0718720e-001
 8.0665076e-001
 8.0537015e-001
 8.0363208e-001
 7.9950172e-001
 7.9859310e-001
 7.9894394e-001
 8.0095476e-001
 8.0213082e-001
 8.0188715e-001
 8.0192018e-001
 7.9831952e-001
 7.9909104e-001
 7.9760426e-001
 7.9590368e-001
 7.9364121e-001
 7.9350352e-001
 7.8638178e-001
 7.8052187e-001
 7.8033096e-001
 7.7861696e-001
-1.2300000e+034
