s07_AV97 Record=2037: Microcline HS103.3B Feldspar ASDFRc AREF
 5.1755625e-001
 5.2075911e-001
 5.6848109e-001
 5.8999407e-001
 5.9452063e-001
 5.9821934e-001
 6.1652422e-001
 6.2687337e-001
 6.4160264e-001
 6.6100818e-001
 6.7210191e-001
 6.7833686e-001
 6.8451399e-001
 6.9152564e-001
 6.9953358e-001
 7.0803922e-001
 7.1586287e-001
 7.2264528e-001
 7.2834200e-001
 7.3281044e-001
 7.3674977e-001
 7.4008715e-001
 7.4213451e-001
 7.4346632e-001
 7.4433672e-001
 7.4517399e-001
 7.4575847e-001
 7.4653310e-001
 7.4771351e-001
 7.4923718e-001
 7.5065297e-001
 7.5183105e-001
 7.5044137e-001
 7.5163490e-001
 7.5253469e-001
 7.5330406e-001
 7.5367993e-001
 7.5396788e-001
 7.5404269e-001
 7.5398225e-001
 7.5384051e-001
 7.5358886e-001
 7.5327110e-001
 7.5265938e-001
 7.5179523e-001
 7.5087345e-001
 7.4984574e-001
 7.4863422e-001
 7.4748635e-001
 7.4629587e-001
 7.4507558e-001
 7.4406523e-001
 7.4300957e-001
 7.4198556e-001
 7.4102551e-001
 7.3994607e-001
 7.3879546e-001
 7.3750246e-001
 7.3590142e-001
 7.3420155e-001
 7.3228937e-001
 7.3030722e-001
 7.2801554e-001
 7.2587585e-001
 7.2333133e-001
 7.2069901e-001
 7.1794724e-001
 7.1484661e-001
 7.1188134e-001
 7.0763379e-001
 7.0450145e-001
 7.0119274e-001
 6.9749933e-001
 6.9415611e-001
 6.9039208e-001
 6.8700045e-001
 6.8419886e-001
 6.8116933e-001
 6.7866725e-001
 6.7646635e-001
 6.7445016e-001
 6.7198020e-001
 6.7038959e-001
 6.6917557e-001
 6.6762459e-001
 6.6620255e-001
 6.6516435e-001
 6.6415721e-001
 6.6311395e-001
 6.6257340e-001
 6.6231287e-001
 6.6182375e-001
 6.6145766e-001
 6.6122395e-001
 6.6129804e-001
 6.6126400e-001
 6.6131049e-001
 6.6128993e-001
 6.6130525e-001
 6.6146260e-001
 6.6153228e-001
 6.6141582e-001
 6.6218829e-001
 6.6264409e-001
 6.6304821e-001
 6.6377354e-001
 6.6432124e-001
 6.6486776e-001
 6.6531515e-001
 6.6427076e-001
 6.6362500e-001
 6.6449046e-001
 6.6447425e-001
 6.6956383e-001
 6.7261326e-001
 6.7510432e-001
 6.7727184e-001
 6.7954195e-001
 6.8195498e-001
 6.8461001e-001
 6.8711615e-001
 6.8955857e-001
 6.9199288e-001
 6.9443446e-001
 6.9654363e-001
 6.9921577e-001
 7.0157909e-001
 7.0370752e-001
 7.0617777e-001
 7.0838755e-001
 7.1032602e-001
 7.1222436e-001
 7.1422178e-001
 7.1625453e-001
 7.1811241e-001
 7.1999961e-001
 7.2191346e-001
 7.2399318e-001
 7.2565049e-001
 7.2697330e-001
 7.2863376e-001
 7.3013026e-001
 7.3160768e-001
 7.3252386e-001
 7.3291063e-001
 7.3380238e-001
 7.3411161e-001
 7.3435587e-001
 7.3483539e-001
 7.3549223e-001
 7.3554784e-001
 7.3590642e-001
 7.3643947e-001
 7.3652607e-001
 7.3657954e-001
 7.3628283e-001
 7.3656762e-001
 7.3623037e-001
 7.3447728e-001
 7.3132670e-001
 7.3323148e-001
 7.2747874e-001
 7.1734351e-001
 7.0930433e-001
 7.0747691e-001
 7.0826012e-001
 7.1075976e-001
 7.1321166e-001
 7.1520460e-001
 7.1714538e-001
 7.1967864e-001
 7.2270364e-001
 7.2451830e-001
 7.2696912e-001
 7.2951889e-001
 7.3195648e-001
 7.3441499e-001
 7.3652744e-001
 7.3850572e-001
 7.4002087e-001
 7.4118835e-001
 7.4216849e-001
 7.4298674e-001
 7.4333191e-001
 7.4440581e-001
 7.4399382e-001
 7.4188197e-001
 7.3714763e-001
 7.3245335e-001
 7.3174769e-001
 7.3137265e-001
 7.2856218e-001
 7.2119045e-001
 7.1689743e-001
 7.2905910e-001
 7.3583233e-001
 7.3771763e-001
 7.3895490e-001
 7.3967499e-001
 7.4006522e-001
 7.4004531e-001
 7.3935199e-001
 7.3784065e-001
 7.3686391e-001
 7.3602164e-001
 7.3673123e-001
 7.3661971e-001
 7.3495215e-001
 7.3340970e-001
 7.3125863e-001
 7.2822279e-001
 7.2665149e-001
 7.2576559e-001
 7.2490925e-001
 7.2160065e-001
 7.1736538e-001
 7.1250761e-001
 7.0957655e-001
 7.0459044e-001
 7.0167100e-001
 6.9534361e-001
 6.8653071e-001
 6.9367725e-001
-1.2300000e+034
