s07_AV97 Record=41: Actinolite HS116.4B          ASDFRb AREF
 6.7879058e-002
 7.2456241e-002
 7.7872992e-002
 8.2632527e-002
 8.8698968e-002
 9.6007906e-002
 1.0334114e-001
 1.0819616e-001
 1.1344841e-001
 1.1992966e-001
 1.2634656e-001
 1.3300785e-001
 1.3823199e-001
 1.4226651e-001
 1.4522387e-001
 1.4682853e-001
 1.4638887e-001
 1.4487526e-001
 1.4247470e-001
 1.4025745e-001
 1.3751222e-001
 1.3423786e-001
 1.3086848e-001
 1.2725259e-001
 1.2414067e-001
 1.2058774e-001
 1.1723144e-001
 1.1430158e-001
 1.1182278e-001
 1.0960929e-001
 1.0781271e-001
 1.0678575e-001
 1.0803790e-001
 1.0691494e-001
 1.0633105e-001
 1.0551036e-001
 1.0504077e-001
 1.0518025e-001
 1.0553775e-001
 1.0611300e-001
 1.0702808e-001
 1.0813428e-001
 1.0949085e-001
 1.1106762e-001
 1.1268757e-001
 1.1408183e-001
 1.1506571e-001
 1.1540903e-001
 1.1498480e-001
 1.1400618e-001
 1.1236612e-001
 1.1048893e-001
 1.0855953e-001
 1.0665957e-001
 1.0492374e-001
 1.0335094e-001
 1.0201564e-001
 1.0088679e-001
 9.9960826e-002
 9.9012122e-002
 9.8042309e-002
 9.6964449e-002
 9.5192641e-002
 9.4113335e-002
 9.2667893e-002
 9.0813719e-002
 8.8936694e-002
 8.7192692e-002
 8.5683793e-002
 8.3909184e-002
 8.3647355e-002
 8.3833620e-002
 8.5238121e-002
 8.7764166e-002
 9.1768809e-002
 9.7380832e-002
 1.0307776e-001
 1.0972299e-001
 1.1670222e-001
 1.2260522e-001
 1.2927142e-001
 1.3498959e-001
 1.4116634e-001
 1.4716764e-001
 1.5258186e-001
 1.5874423e-001
 1.6447321e-001
 1.7091595e-001
 1.7753938e-001
 1.8390766e-001
 1.9130313e-001
 1.9899128e-001
 2.0592904e-001
 2.1388984e-001
 2.2130343e-001
 2.2907260e-001
 2.1710782e-001
 2.2529347e-001
 2.3283231e-001
 2.4119192e-001
 2.4973048e-001
 2.5807792e-001
 2.6676103e-001
 2.7495483e-001
 2.8304970e-001
 2.9109263e-001
 2.9820564e-001
 3.0269134e-001
 3.0492204e-001
 2.9243845e-001
 2.2007306e-001
 2.7253130e-001
 3.2403257e-001
 3.3685958e-001
 3.4242451e-001
 3.4772220e-001
 3.5360941e-001
 3.6038780e-001
 3.6678696e-001
 3.7313485e-001
 3.7900439e-001
 3.8393432e-001
 3.8868102e-001
 3.9301872e-001
 3.9717141e-001
 4.0167010e-001
 4.0678614e-001
 4.1156834e-001
 4.1639268e-001
 4.2136824e-001
 4.2616281e-001
 4.3086460e-001
 4.3516931e-001
 4.3931767e-001
 4.4363201e-001
 4.4797957e-001
 4.5208633e-001
 4.5639727e-001
 4.6025240e-001
 4.6338847e-001
 4.6711993e-001
 4.7056115e-001
 4.7367808e-001
 4.7650418e-001
 4.7833031e-001
 4.8002708e-001
 4.8141134e-001
 4.8315135e-001
 4.8507226e-001
 4.8621628e-001
 4.8732531e-001
 4.8763299e-001
 4.8710141e-001
 4.8550788e-001
 4.8286650e-001
 4.8143542e-001
 4.7843558e-001
 4.7538394e-001
 4.7190347e-001
 4.6522784e-001
 4.6815822e-001
 4.6122169e-001
 4.5624560e-001
 4.5064867e-001
 4.5265821e-001
 4.5634487e-001
 4.5727873e-001
 4.5508862e-001
 4.5196781e-001
 4.4816861e-001
 4.4189376e-001
 4.3470111e-001
 4.2958218e-001
 4.2732605e-001
 4.2832902e-001
 4.3221223e-001
 4.3159235e-001
 4.2561787e-001
 4.2055181e-001
 4.1708130e-001
 4.1033515e-001
 4.0336445e-001
 3.9581823e-001
 3.7144729e-001
 3.6152005e-001
 3.6241162e-001
 3.6804903e-001
 3.6854944e-001
 3.6913502e-001
 3.6862794e-001
 3.6431354e-001
 3.5990548e-001
 3.5453096e-001
 3.4890771e-001
 3.4153184e-001
 3.3053991e-001
 3.1357384e-001
 2.9963759e-001
 2.8323281e-001
 2.4904689e-001
 2.0673285e-001
 1.6703679e-001
 1.2866215e-001
 1.1757036e-001
 1.1505737e-001
 1.5838848e-001
 2.1475653e-001
 2.3227504e-001
 2.2402041e-001
 1.9957240e-001
 1.5981634e-001
 1.4062260e-001
 1.6927667e-001
 2.0093681e-001
 2.0792532e-001
 2.1429849e-001
 2.1030849e-001
 2.0232822e-001
 1.9572043e-001
 1.9315469e-001
 1.9369920e-001
 1.9660014e-001
 1.9612738e-001
-1.2300000e+034
