s07_AV97 Record=3102: Staurolite HS188.1B          ASDFRb AREF
 2.2374211e-001
 2.3419291e-001
 2.4497630e-001
 2.5485414e-001
 2.6478356e-001
 2.7463281e-001
 2.8486529e-001
 2.9490617e-001
 3.0480468e-001
 3.1409481e-001
 3.2324761e-001
 3.3252946e-001
 3.4179762e-001
 3.5051715e-001
 3.5870481e-001
 3.6646724e-001
 3.7378407e-001
 3.8060015e-001
 3.8661492e-001
 3.9340433e-001
 4.0091875e-001
 4.0739757e-001
 4.1293815e-001
 4.1777712e-001
 4.2205739e-001
 4.2546737e-001
 4.2853722e-001
 4.3112823e-001
 4.3348050e-001
 4.3581665e-001
 4.3797857e-001
 4.4008616e-001
 4.3763852e-001
 4.3968454e-001
 4.4165054e-001
 4.4354066e-001
 4.4521174e-001
 4.4689545e-001
 4.4853297e-001
 4.5014656e-001
 4.5179692e-001
 4.5334807e-001
 4.5489910e-001
 4.5653301e-001
 4.5811409e-001
 4.5960748e-001
 4.6102795e-001
 4.6250528e-001
 4.6393046e-001
 4.6532822e-001
 4.6669012e-001
 4.6817112e-001
 4.6951091e-001
 4.7084588e-001
 4.7225571e-001
 4.7362503e-001
 4.7481674e-001
 4.7607774e-001
 4.7733381e-001
 4.7843164e-001
 4.7937447e-001
 4.8036608e-001
 4.8114046e-001
 4.8174724e-001
 4.8229378e-001
 4.8280016e-001
 4.8330003e-001
 4.8360837e-001
 4.8370367e-001
 4.8255715e-001
 4.8327273e-001
 4.8313653e-001
 4.8203322e-001
 4.8186395e-001
 4.8136693e-001
 4.8091900e-001
 4.8038507e-001
 4.7991300e-001
 4.7906935e-001
 4.7790194e-001
 4.7724748e-001
 4.7601190e-001
 4.7512817e-001
 4.7354144e-001
 4.7243798e-001
 4.7117624e-001
 4.6930856e-001
 4.6755704e-001
 4.6564105e-001
 4.6392608e-001
 4.6157917e-001
 4.5968607e-001
 4.5730546e-001
 4.5494649e-001
 4.5235789e-001
 4.4968483e-001
 4.5368960e-001
 4.5113951e-001
 4.4846234e-001
 4.4512203e-001
 4.4166544e-001
 4.3817547e-001
 4.3476838e-001
 4.3103826e-001
 4.2751473e-001
 4.2348176e-001
 4.1924542e-001
 4.1550800e-001
 4.1158426e-001
 4.0672034e-001
 4.0193635e-001
 3.9739621e-001
 3.9319322e-001
 3.8942492e-001
 3.8508269e-001
 3.8101125e-001
 3.7704346e-001
 3.7251085e-001
 3.6772299e-001
 3.6315802e-001
 3.5857853e-001
 3.5429838e-001
 3.5029486e-001
 3.4628364e-001
 3.4204823e-001
 3.3816299e-001
 3.3398837e-001
 3.3015037e-001
 3.2642737e-001
 3.2279840e-001
 3.1929138e-001
 3.1612137e-001
 3.1269315e-001
 3.0988559e-001
 3.0685681e-001
 3.0429727e-001
 3.0183509e-001
 2.9952556e-001
 2.9701796e-001
 2.9516825e-001
 2.9300484e-001
 2.9119512e-001
 2.8971869e-001
 2.8827775e-001
 2.8669208e-001
 2.8523844e-001
 2.8394526e-001
 2.8272188e-001
 2.8196439e-001
 2.8077230e-001
 2.8002277e-001
 2.7942830e-001
 2.7890828e-001
 2.7804950e-001
 2.7731982e-001
 2.7692080e-001
 2.7707016e-001
 2.7681053e-001
 2.7671751e-001
 2.7683493e-001
 2.7702487e-001
 2.7685124e-001
 2.7658078e-001
 2.7624860e-001
 2.7656993e-001
 2.7696231e-001
 2.7718061e-001
 2.7761588e-001
 2.7773044e-001
 2.7766505e-001
 2.7865526e-001
 2.7947664e-001
 2.8034845e-001
 2.8075835e-001
 2.8111628e-001
 2.8213999e-001
 2.8312269e-001
 2.8424615e-001
 2.8547215e-001
 2.8633404e-001
 2.8739560e-001
 2.8813949e-001
 2.8877735e-001
 2.8887057e-001
 2.8921011e-001
 2.8963077e-001
 2.8989401e-001
 2.8978854e-001
 2.9004377e-001
 2.9080436e-001
 2.9099420e-001
 2.9091361e-001
 2.9155093e-001
 2.9219902e-001
 2.9170743e-001
 2.9214132e-001
 2.9169545e-001
 2.9159597e-001
 2.9135397e-001
 2.9093194e-001
 2.9178357e-001
 2.9190168e-001
 2.9188293e-001
 2.9153633e-001
 2.9093313e-001
 2.9128391e-001
 2.8991953e-001
 2.8748420e-001
 2.8544256e-001
 2.8562167e-001
 2.8706965e-001
 2.8814024e-001
 2.8800732e-001
 2.8791413e-001
 2.8654483e-001
 2.8489241e-001
 2.8438288e-001
 2.8329059e-001
 2.8165722e-001
 2.8234005e-001
 2.7860162e-001
 2.8158709e-001
 2.7961466e-001
-1.2300000e+034
