s07_AV97 Record=3108: Staurolite HS188.4B          ASDFRc AREF
 4.7240794e-002
 4.7933493e-002
 4.9394090e-002
 5.0419416e-002
 5.1750362e-002
 5.2834775e-002
 5.4603856e-002
 5.6294486e-002
 5.8137801e-002
 5.9682023e-002
 6.1348069e-002
 6.3217074e-002
 6.5537035e-002
 6.7932442e-002
 7.0482813e-002
 7.3155046e-002
 7.5933501e-002
 7.8833774e-002
 8.1599258e-002
 8.5161194e-002
 8.9717038e-002
 9.4021074e-002
 9.8035745e-002
 1.0156944e-001
 1.0463667e-001
 1.0690144e-001
 1.0911413e-001
 1.1091136e-001
 1.1262857e-001
 1.1417306e-001
 1.1571052e-001
 1.1705920e-001
 1.1548013e-001
 1.1679424e-001
 1.1821657e-001
 1.1936471e-001
 1.2035052e-001
 1.2135801e-001
 1.2209270e-001
 1.2292524e-001
 1.2355139e-001
 1.2404606e-001
 1.2461960e-001
 1.2482041e-001
 1.2496703e-001
 1.2518615e-001
 1.2504786e-001
 1.2494391e-001
 1.2496619e-001
 1.2484802e-001
 1.2459985e-001
 1.2454260e-001
 1.2457943e-001
 1.2433019e-001
 1.2417888e-001
 1.2423529e-001
 1.2415879e-001
 1.2394438e-001
 1.2383476e-001
 1.2390918e-001
 1.2387493e-001
 1.2370826e-001
 1.2343178e-001
 1.2333243e-001
 1.2333596e-001
 1.2319651e-001
 1.2275274e-001
 1.2240036e-001
 1.2230482e-001
 1.2051652e-001
 1.2087414e-001
 1.1956824e-001
 1.1841951e-001
 1.1816634e-001
 1.1677152e-001
 1.1621166e-001
 1.1543285e-001
 1.1434113e-001
 1.1364193e-001
 1.1210537e-001
 1.1108513e-001
 1.0937887e-001
 1.0797933e-001
 1.0618306e-001
 1.0466098e-001
 1.0305382e-001
 1.0155704e-001
 9.9644758e-002
 9.7408146e-002
 9.5362239e-002
 9.3034051e-002
 9.1208950e-002
 8.9444533e-002
 8.7730266e-002
 8.5895501e-002
 8.3757795e-002
 8.6672105e-002
 8.4911816e-002
 8.2843222e-002
 8.0646120e-002
 7.8533746e-002
 7.6669954e-002
 7.5255916e-002
 7.3733747e-002
 7.2115712e-002
 7.0382878e-002
 6.8765283e-002
 6.7364007e-002
 6.5991163e-002
 6.4395294e-002
 6.2773556e-002
 6.1456811e-002
 6.0594242e-002
 6.0119152e-002
 5.9304569e-002
 5.8459941e-002
 5.7747833e-002
 5.7003055e-002
 5.6251992e-002
 5.5427860e-002
 5.4703411e-002
 5.4311600e-002
 5.3732794e-002
 5.3240210e-002
 5.2815631e-002
 5.2517828e-002
 5.1992532e-002
 5.1534727e-002
 5.1114056e-002
 5.0808150e-002
 5.0306734e-002
 4.9999595e-002
 4.9524162e-002
 4.9295649e-002
 4.9175538e-002
 4.9015995e-002
 4.8786409e-002
 4.8710268e-002
 4.8601836e-002
 4.8326373e-002
 4.8027676e-002
 4.7820989e-002
 4.7636647e-002
 4.7370043e-002
 4.7224063e-002
 4.7093607e-002
 4.7198977e-002
 4.6803329e-002
 4.7044124e-002
 4.7027003e-002
 4.6860527e-002
 4.6780415e-002
 4.6838213e-002
 4.6590012e-002
 4.6453297e-002
 4.6362612e-002
 4.6116084e-002
 4.5822877e-002
 4.5785069e-002
 4.5749754e-002
 4.5755688e-002
 4.5739315e-002
 4.5471523e-002
 4.5735717e-002
 4.5935258e-002
 4.6124801e-002
 4.6241984e-002
 4.6242137e-002
 4.6155848e-002
 4.6048019e-002
 4.5816902e-002
 4.5729976e-002
 4.5516610e-002
 4.5283124e-002
 4.5185398e-002
 4.5221169e-002
 4.5362052e-002
 4.5460727e-002
 4.5631763e-002
 4.5662779e-002
 4.5828167e-002
 4.5866054e-002
 4.5728598e-002
 4.5660254e-002
 4.5717642e-002
 4.5695920e-002
 4.5599237e-002
 4.5263335e-002
 4.5271639e-002
 4.4785853e-002
 4.4289432e-002
 4.3950304e-002
 4.3748461e-002
 4.4131115e-002
 4.4440232e-002
 4.4522516e-002
 4.4310965e-002
 4.3869887e-002
 4.3702550e-002
 4.3702304e-002
 4.4194516e-002
 4.4060364e-002
 4.4005483e-002
 4.3564763e-002
 4.3352008e-002
 4.2928223e-002
 4.2932030e-002
 4.2591207e-002
 4.2350415e-002
 4.2114906e-002
 4.2244785e-002
 4.2038985e-002
 4.2278424e-002
 4.1933261e-002
 4.1798748e-002
 4.1632630e-002
 4.1625269e-002
 4.0393747e-002
 4.0616252e-002
 3.9866719e-002
 3.8902141e-002
 3.9184067e-002
 4.0287491e-002
-1.2300000e+034
