s07_AV97 Record=1021: Diaspore HS416.2B            ASDFRb AREF
 2.1545222e-001
 2.4158742e-001
 2.6844624e-001
 2.9572576e-001
 3.1728062e-001
 3.3466962e-001
 3.5007751e-001
 3.6435896e-001
 3.7716576e-001
 3.8866526e-001
 4.0062523e-001
 4.1280252e-001
 4.2405030e-001
 4.3481770e-001
 4.4548321e-001
 4.5621175e-001
 4.6662441e-001
 4.7623971e-001
 4.8542935e-001
 4.9432829e-001
 5.0299799e-001
 5.1152438e-001
 5.2010226e-001
 5.2826071e-001
 5.3679395e-001
 5.4530960e-001
 5.5428094e-001
 5.6307656e-001
 5.7139462e-001
 5.7942009e-001
 5.8723146e-001
 5.9480268e-001
 5.8598202e-001
 5.9337515e-001
 6.0059249e-001
 6.0774040e-001
 6.1517638e-001
 6.2258106e-001
 6.2988806e-001
 6.3710940e-001
 6.4401174e-001
 6.5060657e-001
 6.5728539e-001
 6.6371459e-001
 6.6993481e-001
 6.7580163e-001
 6.8134350e-001
 6.8686855e-001
 6.9225800e-001
 6.9729155e-001
 7.0228481e-001
 7.0685422e-001
 7.1127081e-001
 7.1565723e-001
 7.2002119e-001
 7.2399604e-001
 7.2809625e-001
 7.3192322e-001
 7.3527658e-001
 7.3861736e-001
 7.4184346e-001
 7.4469703e-001
 7.4751586e-001
 7.4986166e-001
 7.5299329e-001
 7.5615394e-001
 7.5884920e-001
 7.6119822e-001
 7.6369226e-001
 7.6612532e-001
 7.6884395e-001
 7.7135539e-001
 7.7372986e-001
 7.7596104e-001
 7.7802479e-001
 7.7982974e-001
 7.8156406e-001
 7.8378880e-001
 7.8615397e-001
 7.8742385e-001
 7.8921896e-001
 7.9086196e-001
 7.9255456e-001
 7.9414630e-001
 7.9578483e-001
 7.9734761e-001
 7.9830426e-001
 8.0004096e-001
 8.0121756e-001
 8.0288851e-001
 8.0422437e-001
 8.0608320e-001
 8.0741143e-001
 8.0858678e-001
 8.1005949e-001
 8.1133991e-001
 8.0930001e-001
 8.1070799e-001
 8.1190491e-001
 8.1277996e-001
 8.1338918e-001
 8.1398582e-001
 8.1449914e-001
 8.1528997e-001
 8.1587625e-001
 8.1605607e-001
 8.1639814e-001
 8.1567645e-001
 8.1355304e-001
 8.0636156e-001
 7.9179347e-001
 7.7683049e-001
 7.7629668e-001
 7.8888679e-001
 7.9782629e-001
 7.9951227e-001
 7.9878122e-001
 7.9852617e-001
 7.9786307e-001
 7.9637295e-001
 7.9440093e-001
 7.9174960e-001
 7.8864670e-001
 7.8517711e-001
 7.7899164e-001
 7.7247077e-001
 7.6462203e-001
 7.5599092e-001
 7.4484450e-001
 7.3316234e-001
 7.2088784e-001
 7.0988780e-001
 6.9878620e-001
 6.8741792e-001
 6.7659384e-001
 6.6563284e-001
 6.5547681e-001
 6.4433068e-001
 6.3291216e-001
 6.2238169e-001
 6.1190718e-001
 6.0100687e-001
 5.8961576e-001
 5.7774132e-001
 5.6590259e-001
 5.5372733e-001
 5.4210311e-001
 5.3134388e-001
 5.2239436e-001
 5.1530474e-001
 5.1032257e-001
 5.0714624e-001
 5.0534403e-001
 5.0496674e-001
 5.0592983e-001
 5.0786901e-001
 5.1110101e-001
 5.1588988e-001
 5.2044064e-001
 5.2336127e-001
 5.2248484e-001
 5.2422792e-001
 5.2378225e-001
 5.2338791e-001
 5.2501804e-001
 5.2594596e-001
 5.2490127e-001
 5.2155989e-001
 5.1569641e-001
 5.0770169e-001
 4.9928960e-001
 4.9149519e-001
 4.8463306e-001
 4.8015699e-001
 4.7685659e-001
 4.7508806e-001
 4.7385892e-001
 4.7351333e-001
 4.7418684e-001
 4.7446772e-001
 4.7590309e-001
 4.7616079e-001
 4.7577286e-001
 4.7515053e-001
 4.7507799e-001
 4.7448400e-001
 4.7399965e-001
 4.7177082e-001
 4.6880412e-001
 4.6483529e-001
 4.6045634e-001
 4.5821905e-001
 4.5739356e-001
 4.5717570e-001
 4.5813370e-001
 4.6058780e-001
 4.6099257e-001
 4.6105292e-001
 4.5963258e-001
 4.5949736e-001
 4.5806417e-001
 4.5547754e-001
 4.5343384e-001
 4.5006937e-001
 4.4733733e-001
 4.4465533e-001
 4.3926454e-001
 4.3363908e-001
 4.2845389e-001
 4.2397454e-001
 4.2019823e-001
 4.1545945e-001
 4.0906227e-001
 4.0324533e-001
 3.9811274e-001
 3.9340132e-001
 3.8626742e-001
 3.8187122e-001
 3.7959793e-001
 3.7780958e-001
 3.7275520e-001
 3.7052408e-001
 3.7037224e-001
-1.2300000e+034
