s07_AV97 Record=4105: Natrolite+Zeolite HS168.3B   ASDFRb AREF
 6.1867982e-001
 6.3146228e-001
 6.4308250e-001
 6.5170968e-001
 6.5782553e-001
 6.6335905e-001
 6.6967565e-001
 6.7712367e-001
 6.8446571e-001
 6.9060421e-001
 6.9515711e-001
 6.9872260e-001
 7.0234436e-001
 7.0702910e-001
 7.1280247e-001
 7.1909070e-001
 7.2523761e-001
 7.3084277e-001
 7.3557734e-001
 7.3961878e-001
 7.4298394e-001
 7.4575913e-001
 7.4857008e-001
 7.5072372e-001
 7.5325137e-001
 7.5581247e-001
 7.5755012e-001
 7.5997299e-001
 7.6268750e-001
 7.6511031e-001
 7.6750666e-001
 7.6982480e-001
 7.6713824e-001
 7.6937515e-001
 7.7162927e-001
 7.7388525e-001
 7.7587616e-001
 7.7784973e-001
 7.7967262e-001
 7.8135395e-001
 7.8268921e-001
 7.8435850e-001
 7.8693116e-001
 7.8931010e-001
 7.9128569e-001
 7.9289192e-001
 7.9426777e-001
 7.9531074e-001
 7.9615539e-001
 7.9667324e-001
 7.9630792e-001
 7.9614389e-001
 7.9693770e-001
 7.9764587e-001
 7.9801768e-001
 7.9797709e-001
 7.9800212e-001
 7.9793197e-001
 7.9788303e-001
 7.9725659e-001
 7.9517502e-001
 7.9238486e-001
 7.8994930e-001
 7.8297526e-001
 7.7038604e-001
 7.7136445e-001
 7.7676105e-001
 7.8350759e-001
 7.8723323e-001
 7.8978080e-001
 7.9215926e-001
 7.9389662e-001
 7.9524636e-001
 7.9650795e-001
 7.9717958e-001
 7.9767674e-001
 7.9812807e-001
 7.9813826e-001
 7.9718214e-001
 7.9648352e-001
 7.9577672e-001
 7.9312038e-001
 7.8283501e-001
 7.5409132e-001
 7.3992556e-001
 7.5586390e-001
 7.6401222e-001
 7.6884294e-001
 7.7223903e-001
 7.7517796e-001
 7.7768862e-001
 7.7926368e-001
 7.8002411e-001
 7.8078008e-001
 7.8197896e-001
 7.8295070e-001
 7.8116262e-001
 7.8252542e-001
 7.8324533e-001
 7.8283232e-001
 7.8032666e-001
 7.7702039e-001
 7.7046764e-001
 7.5495613e-001
 7.3173064e-001
 7.1354419e-001
 7.0149577e-001
 6.9376570e-001
 6.8589920e-001
 6.6503996e-001
 6.2561238e-001
 5.6099099e-001
 4.7210664e-001
 4.1720521e-001
 4.4427416e-001
 4.8059371e-001
 4.8887721e-001
 4.9164635e-001
 5.1344377e-001
 5.3667009e-001
 5.5575520e-001
 5.7967579e-001
 5.9492409e-001
 6.0425711e-001
 6.0938942e-001
 6.1107087e-001
 6.1071634e-001
 6.1037612e-001
 6.1086589e-001
 6.1125392e-001
 6.1074579e-001
 6.1003077e-001
 6.1027980e-001
 6.1136633e-001
 6.1311835e-001
 6.1541808e-001
 6.1812598e-001
 6.2075639e-001
 6.2340981e-001
 6.2538379e-001
 6.2721717e-001
 6.2832832e-001
 6.2810284e-001
 6.2547457e-001
 6.2046784e-001
 6.1355591e-001
 6.0365015e-001
 5.8830655e-001
 5.7864189e-001
 5.7642335e-001
 5.7492483e-001
 5.7201439e-001
 5.7477617e-001
 5.8283585e-001
 5.8925486e-001
 5.8836323e-001
 5.7823193e-001
 5.5512315e-001
 5.1110041e-001
 4.3464157e-001
 4.6984282e-001
 3.7243494e-001
 2.6222107e-001
 1.8037607e-001
 1.6988124e-001
 1.7748939e-001
 1.7286688e-001
 2.0354518e-001
 2.4683468e-001
 2.6939726e-001
 2.8167978e-001
 2.8966957e-001
 2.9593554e-001
 3.0443844e-001
 3.1766361e-001
 3.3529013e-001
 3.5293585e-001
 3.6642468e-001
 3.7537774e-001
 3.8010457e-001
 3.8424402e-001
 3.9233139e-001
 4.0551335e-001
 4.1954491e-001
 4.3036556e-001
 4.3805182e-001
 4.4372866e-001
 4.4741511e-001
 4.4902492e-001
 4.5114106e-001
 4.5068622e-001
 4.4718996e-001
 4.4889098e-001
 4.6070626e-001
 4.7432199e-001
 4.8574191e-001
 4.9294561e-001
 4.9648660e-001
 4.9589312e-001
 4.9196875e-001
 4.8778617e-001
 4.8354363e-001
 4.7782025e-001
 4.6860659e-001
 4.5741004e-001
 4.4336200e-001
 4.2738277e-001
 4.1197318e-001
 3.9551854e-001
 3.7615758e-001
 3.5499546e-001
 3.3169407e-001
 3.0604127e-001
 2.7718231e-001
 2.4575275e-001
 2.2163485e-001
 2.0436905e-001
 1.9506967e-001
 1.8337287e-001
 1.7414415e-001
 1.6916579e-001
 1.6485333e-001
 1.6293448e-001
-1.2300000e+034
