s07_AV97 Record=3512: Zunyite GDS241B <150um        BECKu AREF
 4.5094955e-001
 4.5475489e-001
 4.6417314e-001
 4.8178461e-001
 5.0045389e-001
 5.1200378e-001
 5.1827973e-001
 5.2283669e-001
 5.2741063e-001
 5.3102654e-001
 5.3365427e-001
 5.3585511e-001
 5.3808123e-001
 5.4002798e-001
 5.4202420e-001
 5.4398358e-001
 5.4602379e-001
 5.4818034e-001
 5.5072254e-001
 5.5454665e-001
 5.5871350e-001
 5.6161022e-001
 5.6452048e-001
 5.6850737e-001
 5.7312644e-001
 5.7769662e-001
 5.8288658e-001
 5.8753461e-001
 5.9304309e-001
 5.9787035e-001
 6.0243881e-001
 6.0650039e-001
 6.0185736e-001
 6.0564095e-001
 6.0956597e-001
 6.1325258e-001
 6.1532992e-001
 6.1766183e-001
 6.2085342e-001
 6.2371039e-001
 6.2712979e-001
 6.3090068e-001
 6.3434559e-001
 6.3856161e-001
 6.4263207e-001
 6.4678478e-001
 6.5108323e-001
 6.5494305e-001
 6.5928286e-001
 6.6258073e-001
 6.6768521e-001
 6.6311449e-001
 6.5776604e-001
 6.6484654e-001
 6.6957933e-001
 6.7581356e-001
 6.8082452e-001
 6.8591672e-001
 6.8812490e-001
 6.9249177e-001
 6.9779569e-001
 7.0196420e-001
 6.9834810e-001
 6.9092226e-001
 7.1005088e-001
 7.1862364e-001
 7.2322130e-001
 7.3009700e-001
 7.3231941e-001
 7.3616445e-001
 7.4105871e-001
 7.4489379e-001
 7.4728209e-001
 7.4993175e-001
 7.5211906e-001
 7.5461376e-001
 7.5576878e-001
 7.5920290e-001
 7.6109916e-001
 7.6340485e-001
 7.6649249e-001
 7.6879865e-001
 7.6867574e-001
 7.6964277e-001
 7.7273136e-001
 7.7237803e-001
 7.7637690e-001
 7.7949756e-001
 7.7879471e-001
 7.7836412e-001
 7.7474737e-001
 7.6389188e-001
 7.7203500e-001
 7.7711940e-001
 7.7929670e-001
 7.7916437e-001
 7.7818793e-001
 7.7910155e-001
 7.7856547e-001
 7.7589262e-001
 7.7176535e-001
 7.6587546e-001
 7.5822335e-001
 7.5203437e-001
 7.4702179e-001
 7.4426603e-001
 7.3921764e-001
 7.3143840e-001
 7.1257287e-001
 6.8012112e-001
 6.0631442e-001
 4.5883447e-001
 4.4413400e-001
 5.7872307e-001
 6.4495093e-001
 6.6662705e-001
 6.7948347e-001
 6.5560120e-001
 5.7828599e-001
 5.7038254e-001
 6.5493023e-001
 6.9920683e-001
 7.1523482e-001
 7.0830709e-001
 6.8965375e-001
 6.6447675e-001
 6.4371860e-001
 6.4999855e-001
 6.7321205e-001
 6.9249094e-001
 7.0526433e-001
 7.1688610e-001
 7.3032844e-001
 7.4148732e-001
 7.4924964e-001
 7.5335103e-001
 7.5915128e-001
 7.6179761e-001
 7.6214021e-001
 7.6214206e-001
 7.6322299e-001
 7.5910753e-001
 7.4810123e-001
 7.3210281e-001
 7.1806502e-001
 7.0554835e-001
 6.9238275e-001
 6.7418760e-001
 6.4684266e-001
 6.4111805e-001
 6.7663658e-001
 7.1655655e-001
 7.3542172e-001
 7.4418825e-001
 7.4859458e-001
 7.4932617e-001
 7.4445641e-001
 7.3745012e-001
 7.2690988e-001
 7.1461117e-001
 7.1853751e-001
 7.0666146e-001
 6.9798034e-001
 6.9665867e-001
 6.7526245e-001
 6.5202469e-001
 6.7503232e-001
 6.8697345e-001
 6.8420792e-001
 6.8244618e-001
 6.8218076e-001
 6.8043327e-001
 6.7649758e-001
 6.7205179e-001
 6.7133892e-001
 6.7661238e-001
 6.7874134e-001
 6.7285162e-001
 6.5948439e-001
 6.3105237e-001
 5.7678807e-001
 5.1995552e-001
 4.6561101e-001
 3.9967915e-001
 3.2719094e-001
 2.6317218e-001
 2.4674614e-001
 3.0178970e-001
 3.6289376e-001
 3.9191550e-001
 4.2769176e-001
 4.5165765e-001
 4.3824536e-001
 4.3148595e-001
 4.4600207e-001
 4.5143169e-001
 4.6176127e-001
 4.8224759e-001
 5.0064784e-001
 5.0814396e-001
 5.0694060e-001
 5.0234854e-001
 4.9638483e-001
 4.9092117e-001
 4.8006827e-001
 4.7424823e-001
 4.7172567e-001
 4.6066985e-001
 4.4456738e-001
 4.3135917e-001
 4.2542872e-001
 4.1578606e-001
 3.9774358e-001
 3.7654245e-001
 3.5723251e-001
 3.4266630e-001
 3.2961830e-001
 3.1390798e-001
 2.9848501e-001
 2.8351939e-001
 2.7345812e-001
 2.6728112e-001
 2.6321882e-001
 2.5990623e-001
