s07_AV97 Record=2690: Pyrite HS35.3                NIC4cc RREF
-1.2300000e+034
-1.2300000e+034
-1.2300000e+034
-1.2300000e+034
-1.2300000e+034
-1.2300000e+034
-1.2300000e+034
-1.2300000e+034
-1.2300000e+034
-1.2300000e+034
-1.2300000e+034
-1.2300000e+034
-1.2300000e+034
-1.2300000e+034
-1.2300000e+034
-1.2300000e+034
-1.2300000e+034
-1.2300000e+034
-1.2300000e+034
-1.2300000e+034
-1.2300000e+034
-1.2300000e+034
-1.2300000e+034
-1.2300000e+034
-1.2300000e+034
-1.2300000e+034
-1.2300000e+034
-1.2300000e+034
-1.2300000e+034
-1.2300000e+034
-1.2300000e+034
-1.2300000e+034
-1.2300000e+034
-1.2300000e+034
-1.2300000e+034
-1.2300000e+034
-1.2300000e+034
-1.2300000e+034
-1.2300000e+034
-1.2300000e+034
-1.2300000e+034
-1.2300000e+034
-1.2300000e+034
-1.2300000e+034
-1.2300000e+034
-1.2300000e+034
-1.2300000e+034
-1.2300000e+034
-1.2300000e+034
-1.2300000e+034
-1.2300000e+034
-1.2300000e+034
-1.2300000e+034
-1.2300000e+034
-1.2300000e+034
-1.2300000e+034
-1.2300000e+034
-1.2300000e+034
-1.2300000e+034
-1.2300000e+034
-1.2300000e+034
-1.2300000e+034
-1.2300000e+034
-1.2300000e+034
-1.2300000e+034
-1.2300000e+034
-1.2300000e+034
-1.2300000e+034
-1.2300000e+034
-1.2300000e+034
-1.2300000e+034
-1.2300000e+034
-1.2300000e+034
-1.2300000e+034
-1.2300000e+034
-1.2300000e+034
-1.2300000e+034
-1.2300000e+034
-1.2300000e+034
-1.2300000e+034
-1.2300000e+034
-1.2300000e+034
-1.2300000e+034
-1.2300000e+034
-1.2300000e+034
-1.2300000e+034
-1.2300000e+034
-1.2300000e+034
-1.2300000e+034
-1.2300000e+034
-1.2300000e+034
-1.2300000e+034
-1.2300000e+034
-1.2300000e+034
-1.2300000e+034
-1.2300000e+034
-1.2300000e+034
-1.2300000e+034
-1.2300000e+034
-1.2300000e+034
-1.2300000e+034
-1.2300000e+034
-1.2300000e+034
-1.2300000e+034
-1.2300000e+034
-1.2300000e+034
-1.2300000e+034
-1.2300000e+034
-1.2300000e+034
-1.2300000e+034
-1.2300000e+034
-1.2300000e+034
-1.2300000e+034
-1.2300000e+034
-1.2300000e+034
-1.2300000e+034
-1.2300000e+034
-1.2300000e+034
-1.2300000e+034
-1.2300000e+034
-1.2300000e+034
-1.2300000e+034
-1.2300000e+034
-1.2300000e+034
-1.2300000e+034
-1.2300000e+034
-1.2300000e+034
-1.2300000e+034
-1.2300000e+034
-1.2300000e+034
-1.2300000e+034
-1.2300000e+034
 5.7927079e-002
 5.9240527e-002
 6.0263298e-002
 6.1235052e-002
 6.1995082e-002
 6.2895812e-002
 6.3493326e-002
 6.3997597e-002
 6.4626165e-002
 6.5274045e-002
 6.5728739e-002
 6.6282623e-002
 6.6755295e-002
 6.7040943e-002
 6.7408979e-002
 6.7724310e-002
 6.8107381e-002
 6.8414494e-002
 6.8733208e-002
 6.9081277e-002
 6.9373317e-002
 6.9481067e-002
 6.9764137e-002
 6.9927551e-002
 7.0164815e-002
 7.0301928e-002
 7.0423193e-002
 7.0719361e-002
 7.0632711e-002
 7.0764810e-002
 7.0887834e-002
 7.1053833e-002
 7.1009517e-002
 7.0910476e-002
 7.0787624e-002
 7.0619255e-002
 7.0541672e-002
 7.0559897e-002
 7.0495516e-002
 7.0536375e-002
 7.0634320e-002
 7.0826352e-002
 7.0852093e-002
 7.0990361e-002
 7.0866451e-002
 7.0845477e-002
 7.0713744e-002
 7.0776552e-002
 7.0826806e-002
 7.1007311e-002
 7.1235530e-002
 7.1533263e-002
 7.1899228e-002
 7.2182827e-002
 7.2372921e-002
 7.2619967e-002
 7.2778441e-002
 7.3054940e-002
 7.3313110e-002
 7.3513135e-002
 7.3729634e-002
 7.3858745e-002
 7.4155830e-002
 7.4216232e-002
 7.4312799e-002
 7.4471578e-002
 7.4380860e-002
 7.4434347e-002
 7.4397497e-002
 7.4435763e-002
 7.4560136e-002
 7.4717417e-002
 7.4891768e-002
 7.4920736e-002
 7.5080737e-002
 7.5259008e-002
 7.5408459e-002
 7.5553931e-002
 7.5818561e-002
 7.6037057e-002
 7.6216996e-002
 7.6698087e-002
 7.6866508e-002
 7.7365205e-002
 7.7692300e-002
 7.8005813e-002
 7.8462556e-002
 7.9046965e-002
 7.9212077e-002
 7.9161867e-002
 7.9338439e-002
 7.9530634e-002
