s07_AV97 Record=4016: Magnesite+Hydromag HS47.3B   NIC4aa RREF
-1.2300000e+034
-1.2300000e+034
-1.2300000e+034
-1.2300000e+034
-1.2300000e+034
-1.2300000e+034
-1.2300000e+034
-1.2300000e+034
-1.2300000e+034
-1.2300000e+034
-1.2300000e+034
-1.2300000e+034
-1.2300000e+034
-1.2300000e+034
-1.2300000e+034
-1.2300000e+034
-1.2300000e+034
-1.2300000e+034
-1.2300000e+034
-1.2300000e+034
-1.2300000e+034
-1.2300000e+034
-1.2300000e+034
-1.2300000e+034
-1.2300000e+034
-1.2300000e+034
-1.2300000e+034
-1.2300000e+034
-1.2300000e+034
-1.2300000e+034
-1.2300000e+034
-1.2300000e+034
-1.2300000e+034
-1.2300000e+034
-1.2300000e+034
-1.2300000e+034
-1.2300000e+034
-1.2300000e+034
-1.2300000e+034
-1.2300000e+034
-1.2300000e+034
-1.2300000e+034
-1.2300000e+034
-1.2300000e+034
-1.2300000e+034
-1.2300000e+034
-1.2300000e+034
-1.2300000e+034
-1.2300000e+034
-1.2300000e+034
-1.2300000e+034
-1.2300000e+034
-1.2300000e+034
-1.2300000e+034
-1.2300000e+034
-1.2300000e+034
-1.2300000e+034
-1.2300000e+034
-1.2300000e+034
-1.2300000e+034
-1.2300000e+034
-1.2300000e+034
-1.2300000e+034
-1.2300000e+034
-1.2300000e+034
-1.2300000e+034
-1.2300000e+034
-1.2300000e+034
-1.2300000e+034
-1.2300000e+034
-1.2300000e+034
-1.2300000e+034
-1.2300000e+034
-1.2300000e+034
-1.2300000e+034
-1.2300000e+034
-1.2300000e+034
-1.2300000e+034
-1.2300000e+034
-1.2300000e+034
-1.2300000e+034
-1.2300000e+034
-1.2300000e+034
-1.2300000e+034
-1.2300000e+034
-1.2300000e+034
-1.2300000e+034
-1.2300000e+034
-1.2300000e+034
-1.2300000e+034
-1.2300000e+034
-1.2300000e+034
-1.2300000e+034
-1.2300000e+034
-1.2300000e+034
-1.2300000e+034
-1.2300000e+034
-1.2300000e+034
-1.2300000e+034
-1.2300000e+034
-1.2300000e+034
-1.2300000e+034
-1.2300000e+034
-1.2300000e+034
-1.2300000e+034
-1.2300000e+034
-1.2300000e+034
-1.2300000e+034
-1.2300000e+034
-1.2300000e+034
-1.2300000e+034
-1.2300000e+034
-1.2300000e+034
-1.2300000e+034
-1.2300000e+034
-1.2300000e+034
-1.2300000e+034
-1.2300000e+034
-1.2300000e+034
-1.2300000e+034
-1.2300000e+034
-1.2300000e+034
-1.2300000e+034
-1.2300000e+034
-1.2300000e+034
-1.2300000e+034
-1.2300000e+034
-1.2300000e+034
-1.2300000e+034
-1.2300000e+034
-1.2300000e+034
 6.2032926e-001
 6.2661660e-001
 6.3310391e-001
 6.3898236e-001
 6.4449441e-001
 6.4943534e-001
 6.5426034e-001
 6.5880758e-001
 6.6279888e-001
 6.6626686e-001
 6.6932768e-001
 6.7188901e-001
 6.7427236e-001
 6.7695051e-001
 6.8003887e-001
 6.8306005e-001
 6.8553537e-001
 6.8783158e-001
 6.8952578e-001
 6.9046718e-001
 6.9113445e-001
 6.9157797e-001
 6.9193333e-001
 6.9224489e-001
 6.9237500e-001
 6.9311744e-001
 6.9466859e-001
 6.9223231e-001
 6.8370587e-001
 6.8726265e-001
 6.7190105e-001
 6.5147620e-001
 6.3757449e-001
 6.3093388e-001
 6.3449425e-001
 6.4105058e-001
 6.4625323e-001
 6.4810556e-001
 6.4777899e-001
 6.4684206e-001
 6.4650917e-001
 6.4649796e-001
 6.4664900e-001
 6.4751005e-001
 6.4856285e-001
 6.4996165e-001
 6.5168411e-001
 6.5364826e-001
 6.5580565e-001
 6.5808094e-001
 6.6057420e-001
 6.6297525e-001
 6.6541308e-001
 6.6778940e-001
 6.7032552e-001
 6.7386287e-001
 6.7766112e-001
 6.8069017e-001
 6.8187547e-001
 6.8039018e-001
 6.7691493e-001
 6.7785734e-001
 6.7610699e-001
 6.7259902e-001
 6.6697395e-001
 6.5879452e-001
 6.4932847e-001
 6.4110088e-001
 6.3444465e-001
 6.2688988e-001
 6.1653864e-001
 6.0963076e-001
 6.0146666e-001
 6.1190182e-001
 6.3384193e-001
 6.4651668e-001
 6.4764571e-001
 6.4240539e-001
 6.3469607e-001
 6.2541145e-001
 6.1392552e-001
 6.0751414e-001
 6.0203594e-001
 5.9231293e-001
 5.8008534e-001
 5.6720376e-001
 5.5537832e-001
 5.4604924e-001
 5.3988343e-001
 5.3437364e-001
 5.2858800e-001
 5.2317017e-001
 5.2341390e-001
