s07_AV97 Record=238: Alunite GDS97 K  Syn (150C)   NIC4a RREF
-1.2300000e+034
-1.2300000e+034
-1.2300000e+034
-1.2300000e+034
-1.2300000e+034
-1.2300000e+034
-1.2300000e+034
-1.2300000e+034
-1.2300000e+034
-1.2300000e+034
-1.2300000e+034
-1.2300000e+034
-1.2300000e+034
-1.2300000e+034
-1.2300000e+034
-1.2300000e+034
-1.2300000e+034
-1.2300000e+034
-1.2300000e+034
-1.2300000e+034
-1.2300000e+034
-1.2300000e+034
-1.2300000e+034
-1.2300000e+034
-1.2300000e+034
-1.2300000e+034
-1.2300000e+034
-1.2300000e+034
-1.2300000e+034
-1.2300000e+034
-1.2300000e+034
-1.2300000e+034
-1.2300000e+034
-1.2300000e+034
-1.2300000e+034
-1.2300000e+034
-1.2300000e+034
-1.2300000e+034
-1.2300000e+034
-1.2300000e+034
-1.2300000e+034
-1.2300000e+034
-1.2300000e+034
-1.2300000e+034
-1.2300000e+034
-1.2300000e+034
-1.2300000e+034
-1.2300000e+034
-1.2300000e+034
-1.2300000e+034
-1.2300000e+034
-1.2300000e+034
-1.2300000e+034
-1.2300000e+034
-1.2300000e+034
-1.2300000e+034
-1.2300000e+034
-1.2300000e+034
-1.2300000e+034
-1.2300000e+034
-1.2300000e+034
-1.2300000e+034
-1.2300000e+034
-1.2300000e+034
-1.2300000e+034
-1.2300000e+034
-1.2300000e+034
-1.2300000e+034
-1.2300000e+034
-1.2300000e+034
-1.2300000e+034
-1.2300000e+034
-1.2300000e+034
-1.2300000e+034
-1.2300000e+034
-1.2300000e+034
-1.2300000e+034
-1.2300000e+034
-1.2300000e+034
-1.2300000e+034
-1.2300000e+034
-1.2300000e+034
-1.2300000e+034
-1.2300000e+034
-1.2300000e+034
-1.2300000e+034
-1.2300000e+034
-1.2300000e+034
-1.2300000e+034
-1.2300000e+034
-1.2300000e+034
-1.2300000e+034
-1.2300000e+034
-1.2300000e+034
-1.2300000e+034
-1.2300000e+034
-1.2300000e+034
-1.2300000e+034
-1.2300000e+034
-1.2300000e+034
-1.2300000e+034
 5.9639674e-001
 5.9947109e-001
 6.0350716e-001
 6.0664225e-001
 6.1173368e-001
 6.1716115e-001
 6.2333202e-001
 6.3037145e-001
 6.3138354e-001
 6.2354755e-001
 6.1230588e-001
 5.9391218e-001
 5.6651562e-001
 5.5893362e-001
 5.6059206e-001
 5.5552387e-001
 5.4913259e-001
 5.4118478e-001
 5.5110234e-001
 5.7029474e-001
 5.8181113e-001
 5.9001541e-001
 5.9586984e-001
 6.0071456e-001
 6.0476512e-001
 6.0716408e-001
 6.0871303e-001
 6.0962987e-001
 6.1040598e-001
 6.1119968e-001
 6.1198169e-001
 6.1241341e-001
 6.1323833e-001
 6.1331105e-001
 6.1230063e-001
 6.1218309e-001
 6.1119831e-001
 6.1056513e-001
 6.1054754e-001
 6.0831010e-001
 6.0693729e-001
 6.0467952e-001
 6.0039490e-001
 5.9405702e-001
 5.8541816e-001
 5.7698017e-001
 5.7116914e-001
 5.7326621e-001
 5.8218002e-001
 5.9201503e-001
 5.9714174e-001
 5.9867859e-001
 5.9927440e-001
 5.9808421e-001
 5.9651595e-001
 5.9346992e-001
 5.8806193e-001
 5.7987636e-001
 5.6584269e-001
 5.7112068e-001
 5.5092466e-001
 5.2213520e-001
 4.9411052e-001
 4.7433692e-001
 4.6329042e-001
 4.5772666e-001
 4.5491108e-001
 4.5354044e-001
 4.5394614e-001
 4.5564380e-001
 4.5761523e-001
 4.5858622e-001
 4.5924807e-001
 4.6089363e-001
 4.6320462e-001
 4.6552366e-001
 4.6861562e-001
 4.7138330e-001
 4.7434786e-001
 4.7765997e-001
 4.7993964e-001
 4.7912642e-001
 4.7345138e-001
 4.6250686e-001
 4.4919226e-001
 4.3719411e-001
 4.2346060e-001
 4.0951648e-001
 4.0158343e-001
 4.0441903e-001
 4.2059961e-001
 4.4076222e-001
 4.5237845e-001
 4.7788566e-001
 5.0022560e-001
 5.1056761e-001
 5.1457810e-001
 5.1525277e-001
 5.1349115e-001
 5.0948173e-001
 5.0330532e-001
 4.9372101e-001
 4.7820672e-001
 4.6042138e-001
 4.5362312e-001
 4.5254099e-001
 4.4942263e-001
 4.4312415e-001
 4.3309069e-001
 4.1878560e-001
 4.0094343e-001
 3.8607201e-001
 3.7611568e-001
 3.6454996e-001
 3.5147268e-001
 3.4315595e-001
 3.3929080e-001
 3.3373818e-001
 3.2766512e-001
 3.2523441e-001
 3.1913647e-001
 3.0683962e-001
 2.9362315e-001
