s07_AV97 Record=2264: Muscovite GDS117 Isingles   NIC4aaa RREF
-1.2300000e+034
-1.2300000e+034
-1.2300000e+034
-1.2300000e+034
-1.2300000e+034
-1.2300000e+034
-1.2300000e+034
-1.2300000e+034
-1.2300000e+034
-1.2300000e+034
-1.2300000e+034
-1.2300000e+034
-1.2300000e+034
-1.2300000e+034
-1.2300000e+034
-1.2300000e+034
-1.2300000e+034
-1.2300000e+034
-1.2300000e+034
-1.2300000e+034
-1.2300000e+034
-1.2300000e+034
-1.2300000e+034
-1.2300000e+034
-1.2300000e+034
-1.2300000e+034
-1.2300000e+034
-1.2300000e+034
-1.2300000e+034
-1.2300000e+034
-1.2300000e+034
-1.2300000e+034
-1.2300000e+034
-1.2300000e+034
-1.2300000e+034
-1.2300000e+034
-1.2300000e+034
-1.2300000e+034
-1.2300000e+034
-1.2300000e+034
-1.2300000e+034
-1.2300000e+034
-1.2300000e+034
-1.2300000e+034
-1.2300000e+034
-1.2300000e+034
-1.2300000e+034
-1.2300000e+034
-1.2300000e+034
-1.2300000e+034
-1.2300000e+034
-1.2300000e+034
-1.2300000e+034
-1.2300000e+034
-1.2300000e+034
-1.2300000e+034
-1.2300000e+034
-1.2300000e+034
-1.2300000e+034
-1.2300000e+034
-1.2300000e+034
-1.2300000e+034
-1.2300000e+034
-1.2300000e+034
-1.2300000e+034
-1.2300000e+034
-1.2300000e+034
-1.2300000e+034
-1.2300000e+034
-1.2300000e+034
-1.2300000e+034
-1.2300000e+034
-1.2300000e+034
-1.2300000e+034
-1.2300000e+034
-1.2300000e+034
-1.2300000e+034
-1.2300000e+034
-1.2300000e+034
-1.2300000e+034
-1.2300000e+034
-1.2300000e+034
-1.2300000e+034
-1.2300000e+034
-1.2300000e+034
-1.2300000e+034
-1.2300000e+034
-1.2300000e+034
-1.2300000e+034
-1.2300000e+034
-1.2300000e+034
-1.2300000e+034
-1.2300000e+034
-1.2300000e+034
-1.2300000e+034
-1.2300000e+034
-1.2300000e+034
-1.2300000e+034
-1.2300000e+034
-1.2300000e+034
-1.2300000e+034
-1.2300000e+034
-1.2300000e+034
-1.2300000e+034
-1.2300000e+034
-1.2300000e+034
-1.2300000e+034
-1.2300000e+034
 6.1611551e-001
 6.1693436e-001
 5.9435916e-001
 5.4919088e-001
 5.3836876e-001
 5.7987535e-001
 6.1119014e-001
 6.2096548e-001
 6.2281209e-001
 6.2305367e-001
 6.2290066e-001
 6.2297195e-001
 6.2332666e-001
 6.2365782e-001
 6.2374628e-001
 6.2382972e-001
 6.2426668e-001
 6.2512636e-001
 6.2604374e-001
 6.2668926e-001
 6.2708735e-001
 6.2733442e-001
 6.2774330e-001
 6.2870598e-001
 6.2981349e-001
 6.3079137e-001
 6.3145012e-001
 6.3169140e-001
 6.3181114e-001
 6.3223797e-001
 6.3309789e-001
 6.3409734e-001
 6.3495624e-001
 6.3533634e-001
 6.3534707e-001
 6.3525200e-001
 6.3520348e-001
 6.3551253e-001
 6.3599038e-001
 6.3655978e-001
 6.3705176e-001
 6.3721544e-001
 6.3712674e-001
 6.3674718e-001
 6.3642615e-001
 6.3641870e-001
 6.3630092e-001
 6.3655001e-001
 6.3707882e-001
 6.3713092e-001
 6.3537961e-001
 6.3000685e-001
 6.3167650e-001
 6.2751573e-001
 6.2245667e-001
 6.1791253e-001
 6.1730289e-001
 6.1859798e-001
 6.2052834e-001
 6.2203890e-001
 6.2308413e-001
 6.2365830e-001
 6.2400967e-001
 6.2442470e-001
 6.2489253e-001
 6.2553555e-001
 6.2628907e-001
 6.2692791e-001
 6.2736779e-001
 6.2763792e-001
 6.2754750e-001
 6.2690026e-001
 6.2537915e-001
 6.2206078e-001
 6.1628950e-001
 6.1041504e-001
 6.0589701e-001
 6.0462683e-001
 6.0364890e-001
 5.9923524e-001
 5.9028691e-001
 5.7382679e-001
 5.4251510e-001
 4.9708554e-001
 4.6991310e-001
 4.8442721e-001
 5.1601779e-001
 5.3814405e-001
 5.4983848e-001
 5.6034726e-001
 5.6908935e-001
 5.7470930e-001
 5.7677031e-001
 5.7525933e-001
 5.6948417e-001
 5.5836040e-001
 5.4372078e-001
 5.2703285e-001
 5.1144367e-001
 5.0342900e-001
 5.0589126e-001
 5.0967008e-001
 5.0929809e-001
 5.0902426e-001
 5.0930172e-001
 5.0385255e-001
 4.9296799e-001
 4.8262662e-001
 4.7660038e-001
 4.7775397e-001
 4.8255965e-001
 4.8822069e-001
 4.9281496e-001
 4.9557677e-001
 4.9794260e-001
 5.0215036e-001
