s07_AV97 Record=4000: Kaolwxl.75+Alun_HS295 AMX14   BECKb AREF
 4.6815559e-001
 5.1538444e-001
 5.4908890e-001
 5.7470995e-001
 5.9328544e-001
 6.0687441e-001
 6.1807787e-001
 6.2893826e-001
 6.4197659e-001
 6.4916915e-001
 6.5547633e-001
 6.6079652e-001
 6.6847605e-001
 6.7596942e-001
 6.8445516e-001
 6.9434041e-001
 7.0264745e-001
 7.1136105e-001
 7.1945328e-001
 7.2723532e-001
 7.3313332e-001
 7.4128491e-001
 7.4961627e-001
 7.5489581e-001
 7.5964212e-001
 7.6358372e-001
 7.6817960e-001
 7.7275336e-001
 7.7486944e-001
 7.7884233e-001
 7.8251600e-001
 7.8391010e-001
 7.8215402e-001
 7.8347063e-001
 7.8675252e-001
 7.8718567e-001
 7.9106259e-001
 7.9272711e-001
 7.9737520e-001
 7.9888064e-001
 8.0086941e-001
 8.0331421e-001
 8.0663794e-001
 8.0510503e-001
 8.0826873e-001
 8.0822432e-001
 8.1191456e-001
 8.1347692e-001
 8.1337780e-001
 8.1425333e-001
 8.1778353e-001
 8.2147568e-001
 8.1734747e-001
 8.1365782e-001
 8.1118846e-001
 8.0877346e-001
 8.1263435e-001
 8.1299299e-001
 8.0621558e-001
 8.0801874e-001
 8.0405593e-001
 8.0396438e-001
 7.9649729e-001
 7.8986967e-001
 7.9451728e-001
 7.9962063e-001
 7.9624033e-001
 7.9248184e-001
 7.9467964e-001
 8.0057591e-001
 8.0740768e-001
 8.0801874e-001
 8.1115496e-001
 8.1002790e-001
 8.1035745e-001
 8.0976474e-001
 8.0863881e-001
 8.0926770e-001
 8.0822408e-001
 8.0846357e-001
 8.0957305e-001
 8.1037194e-001
 8.1156522e-001
 8.1008869e-001
 8.0884522e-001
 8.0611211e-001
 8.0623519e-001
 8.0498534e-001
 8.0218595e-001
 7.9867774e-001
 7.9235804e-001
 7.7898169e-001
 7.6970249e-001
 7.7329677e-001
 7.6447594e-001
 7.5839168e-001
 7.7015972e-001
 7.6059884e-001
 7.6182014e-001
 7.6660383e-001
 7.5953424e-001
 7.4982059e-001
 7.3917526e-001
 7.2572726e-001
 7.1294510e-001
 7.0353824e-001
 6.7259943e-001
 6.6759390e-001
 6.6062045e-001
 6.1281383e-001
 5.4167104e-001
 5.3316170e-001
 5.1723760e-001
 5.8241904e-001
 6.3474315e-001
 6.7012942e-001
 6.6706121e-001
 6.6400033e-001
 6.4706612e-001
 6.6018844e-001
 6.9892633e-001
 7.1379519e-001
 7.2686344e-001
 7.3510993e-001
 7.3984653e-001
 7.4004358e-001
 7.4186891e-001
 7.4199802e-001
 7.4218541e-001
 7.4209708e-001
 7.4430180e-001
 7.4165970e-001
 7.4233729e-001
 7.4221385e-001
 7.4095005e-001
 7.3802054e-001
 7.3832017e-001
 7.3219168e-001
 7.2984952e-001
 7.2441578e-001
 7.2067916e-001
 7.1770793e-001
 7.1010149e-001
 7.0228487e-001
 6.8901426e-001
 6.7380762e-001
 6.6385120e-001
 6.5074033e-001
 6.4532065e-001
 6.4680058e-001
 6.5589947e-001
 6.5761065e-001
 6.5201002e-001
 6.5148604e-001
 6.5627068e-001
 6.5067190e-001
 6.5934014e-001
 6.6416383e-001
 6.5080470e-001
 6.2899518e-001
 6.3660419e-001
 6.1298251e-001
 5.9022236e-001
 5.6643701e-001
 5.5271149e-001
 5.5226398e-001
 5.4912937e-001
 5.4848671e-001
 5.5130661e-001
 5.5392319e-001
 5.5613631e-001
 5.5610770e-001
 5.4838920e-001
 5.4177773e-001
 5.3946227e-001
 5.3800315e-001
 5.2885497e-001
 5.2261698e-001
 5.1591945e-001
 5.0160646e-001
 4.8799565e-001
 4.7780141e-001
 4.6817863e-001
 4.4991279e-001
 4.2400503e-001
 4.0516010e-001
 3.7286896e-001
 3.1894046e-001
 2.7967611e-001
 2.8034803e-001
 2.9087663e-001
 2.9059222e-001
 2.6572081e-001
 2.5467947e-001
 3.2844061e-001
 3.9389777e-001
 3.9919090e-001
 4.0282086e-001
 4.0011045e-001
 3.8803959e-001
 3.7293652e-001
 3.5949320e-001
 3.4315187e-001
 3.2565194e-001
 3.0243900e-001
 3.0793840e-001
 3.2058972e-001
 3.1700003e-001
 3.0973914e-001
 3.0221567e-001
 2.8026655e-001
 2.6880369e-001
 2.6968136e-001
 2.7072391e-001
 2.6630017e-001
 2.5579685e-001
 2.4301562e-001
 2.3245268e-001
 2.2536042e-001
 2.1894571e-001
 2.1305758e-001
 2.0752007e-001
 2.0233251e-001
 1.9753276e-001
