s07_AV97 Record=2182: Montmorillonite STx-1        NIC4bb RREF
-1.2300000e+034
-1.2300000e+034
-1.2300000e+034
-1.2300000e+034
-1.2300000e+034
-1.2300000e+034
-1.2300000e+034
-1.2300000e+034
-1.2300000e+034
-1.2300000e+034
-1.2300000e+034
-1.2300000e+034
-1.2300000e+034
-1.2300000e+034
-1.2300000e+034
-1.2300000e+034
-1.2300000e+034
-1.2300000e+034
-1.2300000e+034
-1.2300000e+034
-1.2300000e+034
-1.2300000e+034
-1.2300000e+034
-1.2300000e+034
-1.2300000e+034
-1.2300000e+034
-1.2300000e+034
-1.2300000e+034
-1.2300000e+034
-1.2300000e+034
-1.2300000e+034
-1.2300000e+034
-1.2300000e+034
-1.2300000e+034
-1.2300000e+034
-1.2300000e+034
-1.2300000e+034
-1.2300000e+034
-1.2300000e+034
-1.2300000e+034
-1.2300000e+034
-1.2300000e+034
-1.2300000e+034
-1.2300000e+034
-1.2300000e+034
-1.2300000e+034
-1.2300000e+034
-1.2300000e+034
-1.2300000e+034
-1.2300000e+034
-1.2300000e+034
-1.2300000e+034
-1.2300000e+034
-1.2300000e+034
-1.2300000e+034
-1.2300000e+034
-1.2300000e+034
-1.2300000e+034
-1.2300000e+034
-1.2300000e+034
-1.2300000e+034
-1.2300000e+034
-1.2300000e+034
-1.2300000e+034
-1.2300000e+034
-1.2300000e+034
-1.2300000e+034
-1.2300000e+034
-1.2300000e+034
-1.2300000e+034
-1.2300000e+034
-1.2300000e+034
-1.2300000e+034
-1.2300000e+034
-1.2300000e+034
-1.2300000e+034
-1.2300000e+034
-1.2300000e+034
-1.2300000e+034
-1.2300000e+034
-1.2300000e+034
-1.2300000e+034
-1.2300000e+034
-1.2300000e+034
-1.2300000e+034
-1.2300000e+034
-1.2300000e+034
-1.2300000e+034
-1.2300000e+034
-1.2300000e+034
-1.2300000e+034
-1.2300000e+034
-1.2300000e+034
-1.2300000e+034
-1.2300000e+034
-1.2300000e+034
-1.2300000e+034
-1.2300000e+034
-1.2300000e+034
-1.2300000e+034
-1.2300000e+034
-1.2300000e+034
-1.2300000e+034
-1.2300000e+034
-1.2300000e+034
-1.2300000e+034
-1.2300000e+034
-1.2300000e+034
-1.2300000e+034
-1.2300000e+034
 7.8051639e-001
 6.5903056e-001
 5.8989245e-001
 6.1071652e-001
 6.7700022e-001
 7.2268623e-001
 7.3870134e-001
 7.3887706e-001
 7.5405031e-001
 7.7949929e-001
 8.0044430e-001
 8.1730771e-001
 8.3163577e-001
 8.4325761e-001
 8.5358226e-001
 8.6409491e-001
 8.7409520e-001
 8.8299131e-001
 8.9064831e-001
 8.9693743e-001
 9.0301287e-001
 9.0933037e-001
 9.1575897e-001
 9.2167556e-001
 9.2681557e-001
 9.3077695e-001
 9.3389100e-001
 9.3637007e-001
 9.3882346e-001
 9.4051111e-001
 9.4173044e-001
 9.4113022e-001
 9.3874878e-001
 9.3522120e-001
 9.3192136e-001
 9.2933279e-001
 9.2652887e-001
 9.2293137e-001
 9.1821396e-001
 9.1252446e-001
 9.0696084e-001
 9.0238136e-001
 8.9913535e-001
 8.9599359e-001
 8.9055675e-001
 8.8096386e-001
 8.6658037e-001
 8.3929890e-001
 7.8016245e-001
 6.7478567e-001
 7.1402413e-001
 5.7283300e-001
 4.2291448e-001
 3.5821682e-001
 3.9147067e-001
 4.5443529e-001
 5.0352722e-001
 5.3737730e-001
 5.6320775e-001
 5.8639401e-001
 6.1002004e-001
 6.3493711e-001
 6.6024244e-001
 6.8466198e-001
 7.0698494e-001
 7.2531283e-001
 7.3972529e-001
 7.5006521e-001
 7.5612664e-001
 7.5909144e-001
 7.5896072e-001
 7.5737619e-001
 7.5617683e-001
 7.5581795e-001
 7.5711930e-001
 7.5836605e-001
 7.5693089e-001
 7.5522137e-001
 7.4987853e-001
 7.3766261e-001
 7.1298242e-001
 6.6700894e-001
 5.9179693e-001
 5.1074964e-001
 4.9290147e-001
 5.2357084e-001
 5.5589879e-001
 5.8669078e-001
 6.1527836e-001
 6.3237053e-001
 6.2995464e-001
 6.1258209e-001
 5.8798009e-001
 5.6178355e-001
 5.3629005e-001
 5.1564324e-001
 4.9847600e-001
 4.8232922e-001
 4.6535608e-001
 4.4872174e-001
 4.3288898e-001
 4.1736412e-001
 4.0364778e-001
 3.9366558e-001
 3.8445604e-001
 3.7498111e-001
 3.6444888e-001
 3.5459805e-001
 3.4735778e-001
 3.4271219e-001
 3.3744350e-001
 3.3078232e-001
 3.2192129e-001
 3.1166992e-001
