s07_AV97 Record=831: Chrysocolla HS297.4B         ASDFRb AREF
 9.4797269e-002
 1.1577456e-001
 1.4528213e-001
 1.7723055e-001
 2.0944217e-001
 2.3959053e-001
 2.6786989e-001
 2.9722640e-001
 3.3090496e-001
 3.6771396e-001
 4.0378866e-001
 4.3363926e-001
 4.5003894e-001
 4.4875941e-001
 4.2996293e-001
 3.9519289e-001
 3.4920886e-001
 2.9884785e-001
 2.4982464e-001
 2.0585124e-001
 1.6866070e-001
 1.3848215e-001
 1.1479324e-001
 9.7398639e-002
 8.3547615e-002
 7.3235869e-002
 6.4721391e-002
 5.8040593e-002
 5.2996896e-002
 4.9027402e-002
 4.5983344e-002
 4.3630630e-002
 4.6409674e-002
 4.4031858e-002
 4.2147160e-002
 4.0653195e-002
 3.9504852e-002
 3.8658492e-002
 3.8051859e-002
 3.7650730e-002
 3.7470136e-002
 3.7384085e-002
 3.7426092e-002
 3.7598014e-002
 3.7818123e-002
 3.8080808e-002
 3.8390581e-002
 3.8738493e-002
 3.9124604e-002
 3.9494578e-002
 3.9935358e-002
 4.0414684e-002
 4.0964097e-002
 4.1529849e-002
 4.2185206e-002
 4.2945698e-002
 4.3767713e-002
 4.4672955e-002
 4.5719810e-002
 4.6847958e-002
 4.8054434e-002
 4.9352016e-002
 5.0779812e-002
 5.2283812e-002
 5.3861015e-002
 5.5617571e-002
 5.7440680e-002
 5.9324194e-002
 6.1103467e-002
 6.2830269e-002
 6.5810978e-002
 6.7928910e-002
 7.0618421e-002
 7.3292330e-002
 7.6014332e-002
 7.9179361e-002
 8.1993215e-002
 8.5060805e-002
 8.8581562e-002
 9.1435276e-002
 9.5044591e-002
 9.8147586e-002
 1.0174554e-001
 1.0552010e-001
 1.0946772e-001
 1.1405246e-001
 1.1812444e-001
 1.2288798e-001
 1.2791193e-001
 1.3261576e-001
 1.3796040e-001
 1.4374620e-001
 1.4905623e-001
 1.5480179e-001
 1.6016378e-001
 1.6618793e-001
 1.5711285e-001
 1.6318905e-001
 1.6925010e-001
 1.7564121e-001
 1.8195020e-001
 1.8742317e-001
 1.9256432e-001
 1.9755374e-001
 2.0198844e-001
 2.0599991e-001
 2.0973465e-001
 2.1106584e-001
 2.0434496e-001
 1.9123834e-001
 1.6745353e-001
 1.3041693e-001
 1.0972285e-001
 1.2273499e-001
 1.3900943e-001
 1.4988519e-001
 1.5591598e-001
 1.6162786e-001
 1.7121007e-001
 1.8347776e-001
 1.9553970e-001
 2.0734453e-001
 2.1870713e-001
 2.2984275e-001
 2.4047533e-001
 2.5075969e-001
 2.6056072e-001
 2.6966381e-001
 2.7797413e-001
 2.8571153e-001
 2.9279453e-001
 2.9911709e-001
 3.0485925e-001
 3.0983701e-001
 3.1421232e-001
 3.1804976e-001
 3.2129651e-001
 3.2409075e-001
 3.2595852e-001
 3.2713294e-001
 3.2765770e-001
 3.2731107e-001
 3.2604975e-001
 3.2333258e-001
 3.1940177e-001
 3.1421214e-001
 3.0781272e-001
 3.0076551e-001
 2.9479572e-001
 2.9031289e-001
 2.8764686e-001
 2.8665152e-001
 2.8646457e-001
 2.8528127e-001
 2.8255850e-001
 2.7475724e-001
 2.5907370e-001
 2.2868931e-001
 1.7557356e-001
 1.1611283e-001
 1.3831733e-001
 8.9609221e-002
 6.0261205e-002
 4.9937561e-002
 5.1674694e-002
 5.6198191e-002
 6.0626827e-002
 6.4634927e-002
 6.9016106e-002
 7.4252680e-002
 8.0706790e-002
 8.8301420e-002
 9.6891195e-002
 1.0576674e-001
 1.1482159e-001
 1.2358011e-001
 1.3139461e-001
 1.3867141e-001
 1.4533037e-001
 1.5105382e-001
 1.5617383e-001
 1.6016740e-001
 1.6276896e-001
 1.6566779e-001
 1.6941218e-001
 1.7211781e-001
 1.7285325e-001
 1.7186141e-001
 1.6949289e-001
 1.6555703e-001
 1.5928225e-001
 1.5200779e-001
 1.4431213e-001
 1.3469276e-001
 1.2160079e-001
 1.0510042e-001
 8.6294085e-002
 7.3373109e-002
 7.0016004e-002
 7.1732230e-002
 7.6895647e-002
 8.6041950e-002
 9.4088376e-002
 9.8192893e-002
 9.9380270e-002
 9.8393843e-002
 9.5835783e-002
 9.0823971e-002
 8.3925903e-002
 7.5748682e-002
 6.8070553e-002
 6.3094206e-002
 5.8991667e-002
 5.5447385e-002
 5.3698380e-002
 5.2719288e-002
 4.9488738e-002
 4.6493609e-002
 4.5105979e-002
 4.3098494e-002
 4.0043827e-002
 3.7862197e-002
 3.6385756e-002
-1.2300000e+034
