s07_AV97 Record=521: Axinite HS342.1B             ASDFRb AREF
 6.8037528e-001
 7.0737529e-001
 7.3854613e-001
 7.7018344e-001
 7.8778863e-001
 7.9533714e-001
 8.1067646e-001
 8.2106483e-001
 8.3472770e-001
 8.4702724e-001
 8.5665548e-001
 8.6673427e-001
 8.7350321e-001
 8.7860894e-001
 8.8334060e-001
 8.8739580e-001
 8.9213765e-001
 8.9639872e-001
 9.0087074e-001
 9.0615821e-001
 9.1150117e-001
 9.1552490e-001
 9.1649646e-001
 9.1654414e-001
-1.2300000e+034
 9.4159991e-001
 9.4167197e-001
 9.4451052e-001
 9.5192748e-001
 9.5546407e-001
 9.5921612e-001
 9.6335715e-001
 9.5858729e-001
 9.6255773e-001
 9.6633327e-001
 9.6972275e-001
 9.7329378e-001
 9.7629553e-001
 9.7875160e-001
 9.8086172e-001
 9.8253441e-001
 9.8390549e-001
 9.8474926e-001
 9.8502821e-001
 9.8512751e-001
 9.8400992e-001
 9.8231208e-001
 9.7977740e-001
 9.7568154e-001
 9.7045308e-001
 9.6370560e-001
 9.5487577e-001
 9.4458252e-001
 9.3198419e-001
 9.1774315e-001
 9.0172398e-001
 8.8361359e-001
 8.6370701e-001
 8.4298384e-001
 8.2089007e-001
 7.9777461e-001
 7.7374631e-001
 7.4945164e-001
 7.2459042e-001
 7.0034754e-001
 6.7611557e-001
 6.5240973e-001
 6.2997639e-001
 6.0836428e-001
 5.8612144e-001
 5.6576842e-001
 5.4795521e-001
 5.2967799e-001
 5.1490277e-001
 4.9960014e-001
 4.8529792e-001
 4.7338691e-001
 4.6233001e-001
 4.5325866e-001
 4.4538423e-001
 4.3779290e-001
 4.3292657e-001
 4.2862704e-001
 4.2566663e-001
 4.2533267e-001
 4.2667133e-001
 4.2831352e-001
 4.3125081e-001
 4.3607488e-001
 4.4175756e-001
 4.4980368e-001
 4.5911026e-001
 4.6799666e-001
 4.7998005e-001
 4.9266621e-001
 5.0832212e-001
 4.8529482e-001
 5.0044572e-001
 5.1613897e-001
 5.3344220e-001
 5.5263162e-001
 5.7282019e-001
 5.9460753e-001
 6.1777383e-001
 6.4159769e-001
 6.6480130e-001
 6.8791974e-001
 7.1190900e-001
 7.3565930e-001
 7.5907195e-001
 7.8018147e-001
 7.9979795e-001
 8.1867003e-001
 8.3492291e-001
 8.5014284e-001
 8.6190736e-001
 8.7124079e-001
 8.8022459e-001
 8.8776881e-001
 8.9239293e-001
 8.9588338e-001
 8.9863133e-001
 8.9966065e-001
 8.9605564e-001
 8.9372998e-001
 8.9199346e-001
 8.8967061e-001
 8.8727003e-001
 8.8554335e-001
 8.8027275e-001
 8.7435788e-001
 8.6876434e-001
 8.6388683e-001
 8.5850281e-001
 8.5428554e-001
 8.5078192e-001
 8.4490591e-001
 8.3935040e-001
 8.3445787e-001
 8.2908946e-001
 8.2520306e-001
 8.2097679e-001
 8.1659079e-001
 8.1113195e-001
 8.0529475e-001
 7.9788125e-001
 7.9095459e-001
 7.8270763e-001
 7.7579349e-001
 7.6723015e-001
 7.5871110e-001
 7.5009656e-001
 7.4046135e-001
 7.3241371e-001
 7.2748065e-001
 7.2212207e-001
 7.1544772e-001
 7.1012002e-001
 7.0482808e-001
 6.9669586e-001
 6.9990635e-001
 6.9375736e-001
 6.9022030e-001
 6.8519700e-001
 6.7857307e-001
 6.7390394e-001
 6.6976535e-001
 6.6768539e-001
 6.6454554e-001
 6.6001546e-001
 6.5598589e-001
 6.5421444e-001
 6.5133387e-001
 6.5026683e-001
 6.5038884e-001
 6.4941353e-001
 6.4712620e-001
 6.4799732e-001
 6.4761323e-001
 6.4668435e-001
 6.4833093e-001
 6.4937043e-001
 6.4963043e-001
 6.5006334e-001
 6.5187669e-001
 6.5022212e-001
 6.5220588e-001
 6.5427035e-001
 6.5665138e-001
 6.5653974e-001
 6.5857255e-001
 6.6105384e-001
 6.6422677e-001
 6.6794753e-001
 6.7285037e-001
 6.7690861e-001
 6.8050271e-001
 6.8208563e-001
 6.7960304e-001
 6.7492849e-001
 6.7413014e-001
 6.7149025e-001
 6.6595215e-001
 6.5997612e-001
 6.5114284e-001
 6.5701389e-001
 6.9760513e-001
 7.2642565e-001
 7.3258650e-001
 7.3044384e-001
 7.5010782e-001
 7.7824086e-001
 7.9533350e-001
 8.1015342e-001
 8.2133126e-001
 8.2844853e-001
 8.3533978e-001
 8.4293872e-001
 8.4753871e-001
 8.4825796e-001
 8.5020119e-001
 8.5727423e-001
 8.6166394e-001
-1.2300000e+034
