s07_AV97 Record=3810: Cordierite-QtzMus HS346.1B   ASDFRc AREF
 2.3609449e-001
 2.4092317e-001
 2.4537748e-001
 2.4976577e-001
 2.5399208e-001
 2.5773835e-001
 2.6153535e-001
 2.6536232e-001
 2.6896012e-001
 2.7222669e-001
 2.7473554e-001
 2.7688709e-001
 2.7909693e-001
 2.8118569e-001
 2.8334731e-001
 2.8550380e-001
 2.8766441e-001
 2.9005608e-001
 2.9309285e-001
 2.9656643e-001
 3.0069026e-001
 3.0504209e-001
 3.0898273e-001
 3.1232217e-001
 3.1547767e-001
 3.1789356e-001
 3.2036525e-001
 3.2267103e-001
 3.2475817e-001
 3.2689145e-001
 3.2896414e-001
 3.3108264e-001
 3.2865033e-001
 3.3062753e-001
 3.3298796e-001
 3.3540791e-001
 3.3793598e-001
 3.4073451e-001
 3.4344569e-001
 3.4612855e-001
 3.4858757e-001
 3.5084152e-001
 3.5265008e-001
 3.5417730e-001
 3.5524890e-001
 3.5584706e-001
 3.5626858e-001
 3.5653207e-001
 3.5648587e-001
 3.5601187e-001
 3.5596168e-001
 3.5543212e-001
 3.5518053e-001
 3.5464001e-001
 3.5430637e-001
 3.5387889e-001
 3.5349560e-001
 3.5348794e-001
 3.5324928e-001
 3.5324994e-001
 3.5344228e-001
 3.5396358e-001
 3.5438046e-001
 3.5467494e-001
 3.5524347e-001
 3.5611737e-001
 3.5677090e-001
 3.5712740e-001
 3.5748327e-001
 3.5683063e-001
 3.5729676e-001
 3.5623866e-001
 3.5527718e-001
 3.5419118e-001
 3.5283464e-001
 3.5195521e-001
 3.5098809e-001
 3.5004932e-001
 3.4900060e-001
 3.4784108e-001
 3.4656507e-001
 3.4549707e-001
 3.4462765e-001
 3.4362841e-001
 3.4223416e-001
 3.4092709e-001
 3.4008545e-001
 3.3872870e-001
 3.3774376e-001
 3.3715656e-001
 3.3641082e-001
 3.3511281e-001
 3.3458084e-001
 3.3357513e-001
 3.3249852e-001
 3.3175141e-001
 3.3304727e-001
 3.3206698e-001
 3.3155715e-001
 3.3055007e-001
 3.3006155e-001
 3.2901737e-001
 3.2853466e-001
 3.2796842e-001
 3.2759473e-001
 3.2690603e-001
 3.2616091e-001
 3.2552725e-001
 3.2470569e-001
 3.2383651e-001
 3.2294065e-001
 3.2130837e-001
 3.2086247e-001
 3.2157558e-001
 3.2218710e-001
 3.2172793e-001
 3.2160217e-001
 3.2132933e-001
 3.2134250e-001
 3.2073411e-001
 3.2018158e-001
 3.1985420e-001
 3.1977037e-001
 3.1946722e-001
 3.1870127e-001
 3.1869093e-001
 3.1833875e-001
 3.1860179e-001
 3.1852132e-001
 3.1856194e-001
 3.1870383e-001
 3.1829321e-001
 3.1809556e-001
 3.1845945e-001
 3.1782058e-001
 3.1789458e-001
 3.1793204e-001
 3.1761864e-001
 3.1808376e-001
 3.1797469e-001
 3.1751391e-001
 3.1712928e-001
 3.1705073e-001
 3.1620374e-001
 3.1619626e-001
 3.1616542e-001
 3.1575471e-001
 3.1498620e-001
 3.1530899e-001
 3.1549472e-001
 3.1520349e-001
 3.1545272e-001
 3.1586343e-001
 3.1557667e-001
 3.1539652e-001
 3.1574216e-001
 3.1668076e-001
 3.1621701e-001
 3.1666014e-001
 3.1542039e-001
 3.1601101e-001
 3.1475648e-001
 3.1336933e-001
 3.1449419e-001
 3.1469008e-001
 3.1498423e-001
 3.1455705e-001
 3.1496125e-001
 3.1432804e-001
 3.1465092e-001
 3.1507570e-001
 3.1488606e-001
 3.1528518e-001
 3.1551218e-001
 3.1587374e-001
 3.1602401e-001
 3.1622729e-001
 3.1696123e-001
 3.1803527e-001
 3.1884655e-001
 3.1929207e-001
 3.1924662e-001
 3.1956205e-001
 3.2052919e-001
 3.2022676e-001
 3.2000238e-001
 3.1924698e-001
 3.1894159e-001
 3.1840542e-001
 3.1839716e-001
 3.1859362e-001
 3.1728613e-001
 3.1619871e-001
 3.1659368e-001
 3.1635675e-001
 3.1634039e-001
 3.1756529e-001
 3.1825930e-001
 3.1826431e-001
 3.1905663e-001
 3.1988469e-001
 3.1939900e-001
 3.1863403e-001
 3.1847799e-001
 3.1948563e-001
 3.2069397e-001
 3.2107165e-001
 3.2096088e-001
 3.2181612e-001
 3.2209629e-001
 3.2243183e-001
 3.2241625e-001
 3.2224891e-001
 3.2153288e-001
 3.2059258e-001
 3.2091126e-001
 3.1980091e-001
 3.1968972e-001
 3.1920373e-001
 3.1797099e-001
 3.1980795e-001
 3.1987765e-001
 3.2025319e-001
-1.2300000e+034
