s07_AV97 Record=3546: Alun.33+Kaol.33+Musc.33 AMX2  BECKa AREF
 3.4754628e-001
 3.8194329e-001
 4.1312942e-001
 4.4222739e-001
 4.6571413e-001
 4.8320085e-001
 4.9836716e-001
 5.1358688e-001
 5.2601629e-001
 5.3668165e-001
 5.4711539e-001
 5.5703789e-001
 5.6774557e-001
 5.7881379e-001
 5.8996445e-001
 6.0149932e-001
 6.1224860e-001
 6.2324834e-001
 6.3370627e-001
 6.4377880e-001
 6.5322512e-001
 6.6385740e-001
 6.7322797e-001
 6.8212050e-001
 6.8984705e-001
 6.9713545e-001
 7.0437771e-001
 7.1046942e-001
 7.1633798e-001
 7.2210461e-001
 7.2832227e-001
 7.3387653e-001
 7.2730237e-001
 7.3278600e-001
 7.3797166e-001
 7.4289030e-001
 7.4693060e-001
 7.5168711e-001
 7.5540102e-001
 7.5853199e-001
 7.6025045e-001
 7.6268446e-001
 7.6473689e-001
 7.6506013e-001
 7.6603168e-001
 7.6739168e-001
 7.6793647e-001
 7.6945394e-001
 7.7174437e-001
 7.7243710e-001
 7.7354914e-001
 7.7382970e-001
 7.7394313e-001
 7.7477664e-001
 7.7341783e-001
 7.7217996e-001
 7.7285212e-001
 7.7275360e-001
 7.7277803e-001
 7.7506632e-001
 7.7493155e-001
 7.7313268e-001
 7.6959503e-001
 7.6791662e-001
 7.6745528e-001
 7.6876301e-001
 7.6417059e-001
 7.6146793e-001
 7.6179945e-001
 7.6886719e-001
 7.7672851e-001
 7.8066665e-001
 7.8092539e-001
 7.8122419e-001
 7.8137165e-001
 7.8163922e-001
 7.8133899e-001
 7.8139150e-001
 7.8095305e-001
 7.8025496e-001
 7.8227752e-001
 7.8354651e-001
 7.8375030e-001
 7.8298223e-001
 7.8233391e-001
 7.8188550e-001
 7.8366464e-001
 7.8215867e-001
 7.7946448e-001
 7.7693361e-001
 7.7153957e-001
 7.6282549e-001
 7.5729644e-001
 7.5423735e-001
 7.4518663e-001
 7.3636132e-001
 7.5095147e-001
 7.3921514e-001
 7.4108613e-001
 7.5429350e-001
 7.6049531e-001
 7.5759715e-001
 7.5098068e-001
 7.4131221e-001
 7.3093724e-001
 7.2493947e-001
 7.1560562e-001
 7.1423650e-001
 7.1014577e-001
 6.8362719e-001
 6.3464755e-001
 5.9289795e-001
 5.5466658e-001
 5.6049097e-001
 5.9986454e-001
 6.4320540e-001
 6.3627195e-001
 6.2848651e-001
 6.0194862e-001
 6.1021096e-001
 6.5879506e-001
 6.7592299e-001
 6.9545621e-001
 7.0642990e-001
 7.0983279e-001
 7.1294177e-001
 7.1358359e-001
 7.1566665e-001
 7.1456510e-001
 7.1382219e-001
 7.1482533e-001
 7.1461958e-001
 7.1487075e-001
 7.1399832e-001
 7.1216452e-001
 7.1129978e-001
 7.0960891e-001
 7.0642209e-001
 7.0139509e-001
 6.9794357e-001
 6.9569796e-001
 6.9324517e-001
 6.8779820e-001
 6.7716944e-001
 6.6268200e-001
 6.4739817e-001
 6.3561064e-001
 6.2561810e-001
 6.2465084e-001
 6.3425750e-001
 6.5374404e-001
 6.6371071e-001
 6.6388637e-001
 6.6179627e-001
 6.6124392e-001
 6.5718848e-001
 6.5644521e-001
 6.5511250e-001
 6.4438987e-001
 6.2617093e-001
 6.3264978e-001
 6.0999846e-001
 5.8256167e-001
 5.5926180e-001
 5.4945290e-001
 5.4857820e-001
 5.4777539e-001
 5.4716152e-001
 5.4667640e-001
 5.4872495e-001
 5.5209816e-001
 5.4936343e-001
 5.4509920e-001
 5.4217154e-001
 5.4205853e-001
 5.4058218e-001
 5.3813392e-001
 5.3476894e-001
 5.2927876e-001
 5.2401596e-001
 5.1799822e-001
 5.0829422e-001
 4.9765655e-001
 4.8101813e-001
 4.5840725e-001
 4.4253072e-001
 4.2332581e-001
 3.9099240e-001
 3.6123174e-001
 3.4857449e-001
 3.3634618e-001
 3.2299343e-001
 3.0321836e-001
 2.9051903e-001
 3.4887129e-001
 4.1863498e-001
 4.4107819e-001
 4.4895357e-001
 4.5269004e-001
 4.5236203e-001
 4.4810140e-001
 4.3815154e-001
 4.2137381e-001
 3.9079216e-001
 3.5990426e-001
 3.5719299e-001
 3.6095074e-001
 3.5873821e-001
 3.5675299e-001
 3.5317692e-001
 3.3476168e-001
 3.1719586e-001
 3.1408831e-001
 3.0946732e-001
 2.9958493e-001
 2.8856146e-001
 2.7919272e-001
 2.7350762e-001
 2.7064082e-001
 2.6751202e-001
 2.6278341e-001
 2.5764561e-001
 2.5387195e-001
 2.5260767e-001
