s07_AV97 Record=2993: Siderite HS271.4B            ASDFRa AREF
 3.2940213e-002
 3.3765972e-002
 3.4350291e-002
 3.5124965e-002
 3.6012396e-002
 3.6573488e-002
 3.7346423e-002
 3.7998974e-002
 3.8780116e-002
 3.9630543e-002
 4.0442728e-002
 4.1322917e-002
 4.2373888e-002
 4.3809708e-002
 4.5217834e-002
 4.6835933e-002
 4.8906509e-002
 5.1439755e-002
 5.4410923e-002
 5.7865612e-002
 6.1641060e-002
 6.5634847e-002
 6.9418594e-002
 7.2604112e-002
 7.5640641e-002
 7.8194365e-002
 8.0999725e-002
 8.3690673e-002
 8.6249761e-002
 8.8910908e-002
 9.1583781e-002
 9.4271369e-002
 9.1152832e-002
 9.3756154e-002
 9.6352018e-002
 9.8911583e-002
 1.0140137e-001
 1.0380857e-001
 1.0610596e-001
 1.0828047e-001
 1.1030974e-001
 1.1207698e-001
 1.1349837e-001
 1.1447167e-001
 1.1497366e-001
 1.1494239e-001
 1.1440187e-001
 1.1338457e-001
 1.1195578e-001
 1.1019798e-001
 1.0815378e-001
 1.0593393e-001
 1.0368031e-001
 1.0141278e-001
 9.9173047e-002
 9.7094148e-002
 9.5099919e-002
 9.3294732e-002
 9.1655366e-002
 9.0233102e-002
 8.8930085e-002
 8.7785475e-002
 8.6820953e-002
 8.5983999e-002
 8.5279733e-002
 8.4714353e-002
 8.4300168e-002
 8.3970599e-002
 8.3858818e-002
 8.3081372e-002
 8.3516940e-002
 8.3222397e-002
 8.3484419e-002
 8.3504818e-002
 8.3700769e-002
 8.4387347e-002
 8.4622577e-002
 8.5065193e-002
 8.5539155e-002
 8.5606575e-002
 8.5949443e-002
 8.6051621e-002
 8.6314447e-002
 8.6594954e-002
 8.6809158e-002
 8.6994201e-002
 8.6969189e-002
 8.7025121e-002
 8.6998440e-002
 8.6933732e-002
 8.6964034e-002
 8.7269746e-002
 8.7354742e-002
 8.7476365e-002
 8.7702565e-002
 8.7962665e-002
 8.7502465e-002
 8.7882400e-002
 8.8199042e-002
 8.8456579e-002
 8.8915274e-002
 8.9506753e-002
 9.0379000e-002
 9.1274850e-002
 9.2334695e-002
 9.3552254e-002
 9.5056064e-002
 9.6757114e-002
 9.8565541e-002
 1.0066387e-001
 1.0309146e-001
 1.0563349e-001
 1.0860246e-001
 1.1179586e-001
 1.1545570e-001
 1.1947998e-001
 1.2361164e-001
 1.2862507e-001
 1.3403848e-001
 1.3993903e-001
 1.4627458e-001
 1.5319617e-001
 1.6046879e-001
 1.6817433e-001
 1.7638154e-001
 1.8508387e-001
 1.9397086e-001
 2.0304567e-001
 2.1224393e-001
 2.2174102e-001
 2.3115037e-001
 2.4046010e-001
 2.4951760e-001
 2.5840911e-001
 2.6696098e-001
 2.7499896e-001
 2.8289881e-001
 2.9054677e-001
 2.9745334e-001
 3.0342728e-001
 3.0974525e-001
 3.1551382e-001
 3.2100457e-001
 3.2571465e-001
 3.3009782e-001
 3.3424881e-001
 3.3789629e-001
 3.4127775e-001
 3.4484667e-001
 3.4829733e-001
 3.5110047e-001
 3.5366884e-001
 3.5593435e-001
 3.5747847e-001
 3.5842431e-001
 3.5923761e-001
 3.5980365e-001
 3.5945937e-001
 3.5734302e-001
 3.5243702e-001
 3.5465163e-001
 3.4820732e-001
 3.3938429e-001
 3.3136460e-001
 3.2615757e-001
 3.2381701e-001
 3.2378641e-001
 3.2499874e-001
 3.2764322e-001
 3.3041963e-001
 3.3335844e-001
 3.3679184e-001
 3.4038448e-001
 3.4507787e-001
 3.5134968e-001
 3.5760111e-001
 3.6264661e-001
 3.6666146e-001
 3.7060276e-001
 3.7382585e-001
 3.7632522e-001
 3.7792680e-001
 3.7926874e-001
 3.8014668e-001
 3.8012460e-001
 3.7943229e-001
 3.7781206e-001
 3.7586179e-001
 3.7464195e-001
 3.7470558e-001
 3.7444451e-001
 3.7353817e-001
 3.7131676e-001
 3.6695620e-001
 3.6012053e-001
 3.5201272e-001
 3.4297884e-001
 3.3365697e-001
 3.2278055e-001
 3.1123427e-001
 3.0004925e-001
 2.8917217e-001
 2.7938116e-001
 2.7030262e-001
 2.6334959e-001
 2.5844121e-001
 2.5652936e-001
 2.5826657e-001
 2.6537299e-001
 2.7535120e-001
 2.8429124e-001
 2.8981999e-001
 2.9159403e-001
 2.8987852e-001
 2.8539950e-001
 2.7759823e-001
 2.6865357e-001
 2.5608173e-001
 2.4246317e-001
 2.2782394e-001
 2.1413814e-001
 2.0127289e-001
 1.9447181e-001
-1.2300000e+034
