s07_AV97 Record=615: Brookite HS443.2B            NIC4bc RREF
-1.2300000e+034
-1.2300000e+034
-1.2300000e+034
-1.2300000e+034
-1.2300000e+034
-1.2300000e+034
-1.2300000e+034
-1.2300000e+034
-1.2300000e+034
-1.2300000e+034
-1.2300000e+034
-1.2300000e+034
-1.2300000e+034
-1.2300000e+034
-1.2300000e+034
-1.2300000e+034
-1.2300000e+034
-1.2300000e+034
-1.2300000e+034
-1.2300000e+034
-1.2300000e+034
-1.2300000e+034
-1.2300000e+034
-1.2300000e+034
-1.2300000e+034
-1.2300000e+034
-1.2300000e+034
-1.2300000e+034
-1.2300000e+034
-1.2300000e+034
-1.2300000e+034
-1.2300000e+034
-1.2300000e+034
-1.2300000e+034
-1.2300000e+034
-1.2300000e+034
-1.2300000e+034
-1.2300000e+034
-1.2300000e+034
-1.2300000e+034
-1.2300000e+034
-1.2300000e+034
-1.2300000e+034
-1.2300000e+034
-1.2300000e+034
-1.2300000e+034
-1.2300000e+034
-1.2300000e+034
-1.2300000e+034
-1.2300000e+034
-1.2300000e+034
-1.2300000e+034
-1.2300000e+034
-1.2300000e+034
-1.2300000e+034
-1.2300000e+034
-1.2300000e+034
-1.2300000e+034
-1.2300000e+034
-1.2300000e+034
-1.2300000e+034
-1.2300000e+034
-1.2300000e+034
-1.2300000e+034
-1.2300000e+034
-1.2300000e+034
-1.2300000e+034
-1.2300000e+034
-1.2300000e+034
-1.2300000e+034
-1.2300000e+034
-1.2300000e+034
-1.2300000e+034
-1.2300000e+034
-1.2300000e+034
-1.2300000e+034
-1.2300000e+034
-1.2300000e+034
-1.2300000e+034
-1.2300000e+034
-1.2300000e+034
-1.2300000e+034
-1.2300000e+034
-1.2300000e+034
-1.2300000e+034
-1.2300000e+034
-1.2300000e+034
-1.2300000e+034
-1.2300000e+034
-1.2300000e+034
-1.2300000e+034
-1.2300000e+034
-1.2300000e+034
-1.2300000e+034
-1.2300000e+034
-1.2300000e+034
-1.2300000e+034
-1.2300000e+034
-1.2300000e+034
-1.2300000e+034
-1.2300000e+034
-1.2300000e+034
-1.2300000e+034
-1.2300000e+034
-1.2300000e+034
-1.2300000e+034
-1.2300000e+034
-1.2300000e+034
-1.2300000e+034
-1.2300000e+034
-1.2300000e+034
-1.2300000e+034
-1.2300000e+034
-1.2300000e+034
-1.2300000e+034
-1.2300000e+034
-1.2300000e+034
-1.2300000e+034
-1.2300000e+034
-1.2300000e+034
-1.2300000e+034
-1.2300000e+034
-1.2300000e+034
-1.2300000e+034
-1.2300000e+034
-1.2300000e+034
-1.2300000e+034
-1.2300000e+034
-1.2300000e+034
-1.2300000e+034
-1.2300000e+034
-1.2300000e+034
 8.6431444e-002
 8.6902767e-002
 8.7469310e-002
 8.8024341e-002
 8.8617921e-002
 8.9110203e-002
 8.9579873e-002
 8.9941785e-002
 9.0123072e-002
 9.0689875e-002
 9.1092989e-002
 9.1470309e-002
 9.1792695e-002
 9.2186272e-002
 9.2444070e-002
 9.2793889e-002
 9.3028836e-002
 9.3294449e-002
 9.3480632e-002
 9.3907274e-002
 9.4187364e-002
 9.4472706e-002
 9.4658211e-002
 9.4995424e-002
 9.5192477e-002
 9.5425010e-002
 9.5550202e-002
 9.5832676e-002
 9.5749110e-002
 9.6026391e-002
 9.6315980e-002
 9.6677162e-002
 9.6884266e-002
 9.7196616e-002
 9.7419940e-002
 9.7426109e-002
 9.7597219e-002
 9.7685121e-002
 9.7851470e-002
 9.8126441e-002
 9.8331079e-002
 9.8692551e-002
 9.8934248e-002
 9.9078573e-002
 9.9226974e-002
 9.9299833e-002
 9.9274471e-002
 9.9302627e-002
 9.9439807e-002
 9.9634968e-002
 9.9776387e-002
 1.0000168e-001
 1.0015810e-001
 1.0031343e-001
 1.0044122e-001
 1.0047481e-001
 1.0038661e-001
 1.0033175e-001
 1.0035729e-001
 1.0030261e-001
 1.0038045e-001
 1.0047677e-001
 1.0069636e-001
 1.0074098e-001
 1.0070020e-001
 1.0079888e-001
 1.0089809e-001
 1.0099570e-001
 1.0103416e-001
 1.0099534e-001
 1.0090214e-001
 1.0087354e-001
 1.0067277e-001
 1.0068890e-001
 1.0074584e-001
 1.0065335e-001
 1.0067148e-001
 1.0085943e-001
 1.0087348e-001
 1.0080301e-001
 1.0089767e-001
 1.0079517e-001
 1.0093547e-001
 1.0086059e-001
 1.0068614e-001
 1.0053450e-001
 1.0050645e-001
 1.0046351e-001
 1.0036837e-001
 1.0021459e-001
 1.0026006e-001
 1.0012016e-001
