s07_AV97 Record=2130: Monticellite HS339.4B        ASDFRc AREF
 1.4467806e-001
 1.4760219e-001
 1.4892706e-001
 1.5256119e-001
 1.5625890e-001
 1.5981764e-001
 1.6187720e-001
 1.6266961e-001
 1.6215923e-001
 1.6077922e-001
 1.6048892e-001
 1.6141427e-001
 1.6306716e-001
 1.6400211e-001
 1.6406630e-001
 1.6362517e-001
 1.6292137e-001
 1.6216415e-001
 1.6152510e-001
 1.6084117e-001
 1.6038136e-001
 1.5995818e-001
 1.5927492e-001
 1.5891495e-001
 1.5868323e-001
 1.5805514e-001
 1.5718040e-001
 1.5656620e-001
 1.5603229e-001
 1.5571436e-001
 1.5547660e-001
 1.5544291e-001
 1.5549688e-001
 1.5543997e-001
 1.5540624e-001
 1.5541258e-001
 1.5553036e-001
 1.5569575e-001
 1.5580280e-001
 1.5579933e-001
 1.5574260e-001
 1.5566862e-001
 1.5547353e-001
 1.5525922e-001
 1.5491757e-001
 1.5437810e-001
 1.5377316e-001
 1.5308985e-001
 1.5225735e-001
 1.5125996e-001
 1.5020408e-001
 1.4900476e-001
 1.4770062e-001
 1.4630140e-001
 1.4506836e-001
 1.4381474e-001
 1.4266330e-001
 1.4154769e-001
 1.4051928e-001
 1.3965337e-001
 1.3902661e-001
 1.3857555e-001
 1.3811432e-001
 1.3795324e-001
 1.3807885e-001
 1.3837077e-001
 1.3879444e-001
 1.3939175e-001
 1.3966680e-001
 1.3967997e-001
 1.4095990e-001
 1.4134419e-001
 1.4167751e-001
 1.4220767e-001
 1.4215437e-001
 1.4262962e-001
 1.4273550e-001
 1.4292803e-001
 1.4304700e-001
 1.4293997e-001
 1.4273268e-001
 1.4273934e-001
 1.4258973e-001
 1.4247131e-001
 1.4248116e-001
 1.4233343e-001
 1.4229681e-001
 1.4227751e-001
 1.4240900e-001
 1.4236918e-001
 1.4246555e-001
 1.4286634e-001
 1.4301682e-001
 1.4305973e-001
 1.4312436e-001
 1.4328982e-001
 1.4298138e-001
 1.4324419e-001
 1.4349584e-001
 1.4354044e-001
 1.4378792e-001
 1.4382002e-001
 1.4412577e-001
 1.4448206e-001
 1.4459962e-001
 1.4478314e-001
 1.4478646e-001
 1.4447106e-001
 1.4398867e-001
 1.4225124e-001
 1.4058980e-001
 1.4088018e-001
 1.4215721e-001
 1.4323728e-001
 1.4372948e-001
 1.4421844e-001
 1.4453700e-001
 1.4461266e-001
 1.4480495e-001
 1.4479306e-001
 1.4473794e-001
 1.4464988e-001
 1.4455624e-001
 1.4423546e-001
 1.4404353e-001
 1.4393279e-001
 1.4369352e-001
 1.4341155e-001
 1.4294711e-001
 1.4245914e-001
 1.4188422e-001
 1.4152342e-001
 1.4082511e-001
 1.4017078e-001
 1.3937476e-001
 1.3867766e-001
 1.3786522e-001
 1.3713968e-001
 1.3648851e-001
 1.3579576e-001
 1.3503654e-001
 1.3448338e-001
 1.3382062e-001
 1.3293739e-001
 1.3192260e-001
 1.3091770e-001
 1.2998030e-001
 1.2919977e-001
 1.2870932e-001
 1.2798890e-001
 1.2728575e-001
 1.2663786e-001
 1.2611674e-001
 1.2561573e-001
 1.2515326e-001
 1.2461697e-001
 1.2425754e-001
 1.2390901e-001
 1.2346386e-001
 1.2306935e-001
 1.2333181e-001
 1.2274725e-001
 1.2173199e-001
 1.2043624e-001
 1.1968888e-001
 1.1917982e-001
 1.1860587e-001
 1.1833660e-001
 1.1814220e-001
 1.1798455e-001
 1.1833319e-001
 1.1886764e-001
 1.1931285e-001
 1.2012048e-001
 1.2058960e-001
 1.2108526e-001
 1.2170324e-001
 1.2215711e-001
 1.2249388e-001
 1.2290516e-001
 1.2321214e-001
 1.2354220e-001
 1.2385773e-001
 1.2390683e-001
 1.2425212e-001
 1.2447526e-001
 1.2472455e-001
 1.2482133e-001
 1.2457734e-001
 1.2424790e-001
 1.2379204e-001
 1.2336800e-001
 1.2277067e-001
 1.2261708e-001
 1.2204150e-001
 1.2161621e-001
 1.2103049e-001
 1.2079044e-001
 1.2154537e-001
 1.2191047e-001
 1.2220886e-001
 1.2217295e-001
 1.2173083e-001
 1.2162513e-001
 1.2065480e-001
 1.2035718e-001
 1.2101704e-001
 1.2180769e-001
 1.2187544e-001
 1.2156934e-001
 1.2158038e-001
 1.2152512e-001
 1.2115491e-001
 1.2069604e-001
 1.1964980e-001
 1.1884966e-001
 1.1790850e-001
 1.1611750e-001
 1.1563799e-001
 1.1530116e-001
 1.1396493e-001
 1.1242185e-001
 1.1414021e-001
-1.2300000e+034
