s07_AV97 Record=1943: Lizardite NMNHR4687.b 165um  NIC4aa RREF
-1.2300000e+034
-1.2300000e+034
-1.2300000e+034
-1.2300000e+034
-1.2300000e+034
-1.2300000e+034
-1.2300000e+034
-1.2300000e+034
-1.2300000e+034
-1.2300000e+034
-1.2300000e+034
-1.2300000e+034
-1.2300000e+034
-1.2300000e+034
-1.2300000e+034
-1.2300000e+034
-1.2300000e+034
-1.2300000e+034
-1.2300000e+034
-1.2300000e+034
-1.2300000e+034
-1.2300000e+034
-1.2300000e+034
-1.2300000e+034
-1.2300000e+034
-1.2300000e+034
-1.2300000e+034
-1.2300000e+034
-1.2300000e+034
-1.2300000e+034
-1.2300000e+034
-1.2300000e+034
-1.2300000e+034
-1.2300000e+034
-1.2300000e+034
-1.2300000e+034
-1.2300000e+034
-1.2300000e+034
-1.2300000e+034
-1.2300000e+034
-1.2300000e+034
-1.2300000e+034
-1.2300000e+034
-1.2300000e+034
-1.2300000e+034
-1.2300000e+034
-1.2300000e+034
-1.2300000e+034
-1.2300000e+034
-1.2300000e+034
-1.2300000e+034
-1.2300000e+034
-1.2300000e+034
-1.2300000e+034
-1.2300000e+034
-1.2300000e+034
-1.2300000e+034
-1.2300000e+034
-1.2300000e+034
-1.2300000e+034
-1.2300000e+034
-1.2300000e+034
-1.2300000e+034
-1.2300000e+034
-1.2300000e+034
-1.2300000e+034
-1.2300000e+034
-1.2300000e+034
-1.2300000e+034
-1.2300000e+034
-1.2300000e+034
-1.2300000e+034
-1.2300000e+034
-1.2300000e+034
-1.2300000e+034
-1.2300000e+034
-1.2300000e+034
-1.2300000e+034
-1.2300000e+034
-1.2300000e+034
-1.2300000e+034
-1.2300000e+034
-1.2300000e+034
-1.2300000e+034
-1.2300000e+034
-1.2300000e+034
-1.2300000e+034
-1.2300000e+034
-1.2300000e+034
-1.2300000e+034
-1.2300000e+034
-1.2300000e+034
-1.2300000e+034
-1.2300000e+034
-1.2300000e+034
-1.2300000e+034
-1.2300000e+034
-1.2300000e+034
-1.2300000e+034
-1.2300000e+034
-1.2300000e+034
-1.2300000e+034
-1.2300000e+034
-1.2300000e+034
-1.2300000e+034
-1.2300000e+034
 5.4464746e-001
 5.4882950e-001
 5.4590476e-001
 4.9034902e-001
 4.7429308e-001
 5.0522965e-001
 5.4633814e-001
 5.4610711e-001
 5.4612845e-001
 5.4749256e-001
 5.4648364e-001
 5.4484361e-001
 5.4317343e-001
 5.4128355e-001
 5.3957456e-001
 5.3730243e-001
 5.3492343e-001
 5.3273511e-001
 5.3080839e-001
 5.2964425e-001
 5.2881759e-001
 5.2774155e-001
 5.2653444e-001
 5.2536094e-001
 5.2406603e-001
 5.2297461e-001
 5.2221483e-001
 5.2142936e-001
 5.2033240e-001
 5.1889879e-001
 5.1737225e-001
 5.1588172e-001
 5.1448452e-001
 5.1329732e-001
 5.1205552e-001
 5.1066726e-001
 5.0886321e-001
 5.0677884e-001
 5.0472456e-001
 5.0300157e-001
 5.0157315e-001
 5.0010633e-001
 4.9885777e-001
 4.9743366e-001
 4.9543375e-001
 4.9305794e-001
 4.9021515e-001
 4.8880118e-001
 4.8773506e-001
 4.8619968e-001
 4.8387787e-001
 4.8204103e-001
 4.8010173e-001
 4.7498882e-001
 4.7683060e-001
 4.7091612e-001
 4.6376568e-001
 4.5573071e-001
 4.5075783e-001
 4.4796318e-001
 4.4538903e-001
 4.4184124e-001
 4.3736637e-001
 4.3282419e-001
 4.2938498e-001
 4.2795914e-001
 4.2788517e-001
 4.2907938e-001
 4.2926827e-001
 4.2877218e-001
 4.3027726e-001
 4.3408313e-001
 4.3685955e-001
 4.3607581e-001
 4.3142843e-001
 4.2419478e-001
 4.1807929e-001
 4.1355515e-001
 4.1120794e-001
 4.0904617e-001
 4.0783578e-001
 4.1244647e-001
 4.1630828e-001
 4.1717908e-001
 4.1638312e-001
 4.1493881e-001
 4.1302928e-001
 4.1004583e-001
 4.0467167e-001
 3.9358750e-001
 3.7251070e-001
 3.5744151e-001
 3.5000631e-001
 3.2573137e-001
 3.1294629e-001
 3.0240580e-001
 2.8581089e-001
 2.6665252e-001
 2.3694354e-001
 2.2451043e-001
 2.4028474e-001
 2.8398746e-001
 3.0879807e-001
 2.9986596e-001
 2.8549647e-001
 2.8689262e-001
 2.8153047e-001
 2.7999297e-001
 2.7882379e-001
 2.7776995e-001
 2.6830420e-001
 2.7266157e-001
 2.8794366e-001
 2.8544980e-001
 2.6681152e-001
 2.5336644e-001
 2.4735247e-001
 2.3384318e-001
