s07_AV97 Record=2968: Serpentine HS318.6           ASDFRc AREF
 1.2056164e-001
 1.2277250e-001
 1.2703958e-001
 1.3612063e-001
 1.3012597e-001
 1.2297259e-001
 1.1717600e-001
 1.1334196e-001
 1.1390837e-001
 1.1561479e-001
 1.2764761e-001
 1.5306588e-001
 1.6647920e-001
 1.7169638e-001
 1.7871885e-001
 1.8829615e-001
 1.9767794e-001
 2.0411825e-001
 2.0662247e-001
 2.0650557e-001
 2.0540787e-001
 2.0524903e-001
 2.0432030e-001
 2.0165244e-001
 1.9797820e-001
 1.9368567e-001
 1.8874863e-001
 1.8424167e-001
 1.8038937e-001
 1.7767023e-001
 1.7702395e-001
 1.7750272e-001
 1.7699532e-001
 1.7737551e-001
 1.7799938e-001
 1.7875022e-001
 1.7956409e-001
 1.7947617e-001
 1.7856599e-001
 1.7719534e-001
 1.7580590e-001
 1.7464095e-001
 1.7397192e-001
 1.7352280e-001
 1.7319664e-001
 1.7248429e-001
 1.7143431e-001
 1.7023417e-001
 1.6860127e-001
 1.6668315e-001
 1.6458808e-001
 1.6242985e-001
 1.6014786e-001
 1.5774927e-001
 1.5531024e-001
 1.5291509e-001
 1.5064256e-001
 1.4845988e-001
 1.4659490e-001
 1.4472938e-001
 1.4317076e-001
 1.4024441e-001
 1.3812296e-001
 1.3744913e-001
 1.3731569e-001
 1.3626654e-001
 1.3519044e-001
 1.3416730e-001
 1.3327681e-001
 1.3153405e-001
 1.3108854e-001
 1.2975326e-001
 1.2829746e-001
 1.2724851e-001
 1.2578255e-001
 1.2489105e-001
 1.2426692e-001
 1.2341644e-001
 1.2276860e-001
 1.2185644e-001
 1.2140913e-001
 1.2072035e-001
 1.2018950e-001
 1.1964524e-001
 1.1925807e-001
 1.1888084e-001
 1.1869497e-001
 1.1838750e-001
 1.1805882e-001
 1.1797727e-001
 1.1772669e-001
 1.1750504e-001
 1.1740863e-001
 1.1697587e-001
 1.1602804e-001
 1.1500476e-001
 1.1650743e-001
 1.1559392e-001
 1.1447246e-001
 1.1297914e-001
 1.1395481e-001
 1.1460157e-001
 1.1474708e-001
 1.1480011e-001
 1.1447370e-001
 1.1340290e-001
 1.0920459e-001
 1.0574871e-001
 1.0339462e-001
 8.1477731e-002
 7.3938325e-002
 8.3424419e-002
 9.9392548e-002
 1.0111643e-001
 1.0334514e-001
 1.0556248e-001
 1.0623664e-001
 1.0680231e-001
 1.0728373e-001
 1.0738908e-001
 1.0719544e-001
 1.0697865e-001
 1.0661387e-001
 1.0621275e-001
 1.0586343e-001
 1.0565190e-001
 1.0536088e-001
 1.0505857e-001
 1.0481568e-001
 1.0455417e-001
 1.0410832e-001
 1.0384010e-001
 1.0354185e-001
 1.0334674e-001
 1.0293539e-001
 1.0248644e-001
 1.0207444e-001
 1.0145540e-001
 1.0106353e-001
 1.0075470e-001
 1.0018770e-001
 9.9865004e-002
 9.9211335e-002
 9.8492481e-002
 9.7806007e-002
 9.7040981e-002
 9.6427947e-002
 9.5461160e-002
 9.4876714e-002
 9.4437473e-002
 9.3894556e-002
 9.3109787e-002
 9.2602283e-002
 9.2306040e-002
 9.1898665e-002
 9.1163307e-002
 9.0028495e-002
 8.9023374e-002
 8.8110439e-002
 8.5638076e-002
 8.6826123e-002
 8.3665915e-002
 8.0040671e-002
 7.6279476e-002
 7.4310884e-002
 7.3504165e-002
 7.2828889e-002
 7.1507238e-002
 6.9984131e-002
 6.8813749e-002
 6.8266168e-002
 6.8508014e-002
 6.9037974e-002
 7.0092119e-002
 7.0520237e-002
 7.0857190e-002
 7.2382607e-002
 7.4655779e-002
 7.6390892e-002
 7.6253206e-002
 7.4719764e-002
 7.2249822e-002
 7.0305392e-002
 6.8770438e-002
 6.8453595e-002
 6.7919068e-002
 6.7915186e-002
 7.0210271e-002
 7.1978591e-002
 7.2784804e-002
 7.3129348e-002
 7.2698578e-002
 7.2034709e-002
 7.0840396e-002
 6.8445809e-002
 6.3995667e-002
 5.8071971e-002
 5.4899823e-002
 5.3113829e-002
 4.9017210e-002
 4.7425620e-002
 4.6331447e-002
 4.4634044e-002
 4.2611752e-002
 4.0549047e-002
 3.9963350e-002
 4.1094612e-002
 4.4883188e-002
 4.6952348e-002
 4.6178028e-002
 4.4693481e-002
 4.4790830e-002
 4.3512218e-002
 4.2780749e-002
 4.2807229e-002
 4.2522535e-002
 4.1183610e-002
 4.1472424e-002
 4.2195842e-002
 4.2594798e-002
 4.0331662e-002
 3.7623748e-002
 3.9622985e-002
-1.2300000e+034
