s07_AV97 Record=3583: Alunite.5+MuscCU91-250A AMX4 ASDNGa AREF
 3.4495974e-001
 3.7183648e-001
 3.9777556e-001
 4.2083579e-001
 4.3866408e-001
 4.5257586e-001
 4.6496499e-001
 4.7712177e-001
 4.8840913e-001
 4.9773017e-001
 5.0543326e-001
 5.1336884e-001
 5.2269959e-001
 5.3375894e-001
 5.4596651e-001
 5.5888999e-001
 5.7233775e-001
 5.8633447e-001
 6.0061383e-001
 6.1450309e-001
 6.2764859e-001
 6.3947684e-001
 6.5112400e-001
 6.6195685e-001
 6.7163932e-001
 6.8001908e-001
 6.8735486e-001
 6.9387865e-001
 6.9976342e-001
 7.0544058e-001
 7.1116579e-001
 7.1676379e-001
 7.1023923e-001
 7.1574092e-001
 7.2072822e-001
 7.2541296e-001
 7.2981077e-001
 7.3387909e-001
 7.3746198e-001
 7.4022520e-001
 7.4222851e-001
 7.4429280e-001
 7.4574399e-001
 7.4616516e-001
 7.4671203e-001
 7.4774629e-001
 7.4844283e-001
 7.4975222e-001
 7.5037736e-001
 7.5020862e-001
 7.5031394e-001
 7.5058252e-001
 7.5054401e-001
 7.5016797e-001
 7.4989265e-001
 7.4961531e-001
 7.4936688e-001
 7.4941432e-001
 7.5031471e-001
 7.5237226e-001
 7.5358349e-001
 7.5388992e-001
 7.5383049e-001
 7.5265229e-001
 7.5075418e-001
 7.4701345e-001
 7.4166119e-001
 7.3876536e-001
 7.4153215e-001
 7.5054508e-001
 7.6028323e-001
 7.6408339e-001
 7.6553774e-001
 7.6635814e-001
 7.6707810e-001
 7.6758391e-001
 7.6783127e-001
 7.6807517e-001
 7.6831317e-001
 7.6882648e-001
 7.7106446e-001
 7.7314752e-001
 7.7372676e-001
 7.7356821e-001
 7.7323699e-001
 7.7314836e-001
 7.7332985e-001
 7.7276903e-001
 7.7165431e-001
 7.6894289e-001
 7.6452160e-001
 7.5773090e-001
 7.5254881e-001
 7.4750757e-001
 7.3255748e-001
 7.2192764e-001
 7.4192619e-001
 7.2470725e-001
 7.3050791e-001
 7.5251663e-001
 7.6522237e-001
 7.6657861e-001
 7.6164603e-001
 7.5284714e-001
 7.4130988e-001
 7.3662615e-001
 7.3706424e-001
 7.4030483e-001
 7.4008256e-001
 7.2769022e-001
 6.9568020e-001
 6.4419281e-001
 5.9931374e-001
 5.4179513e-001
 5.6435466e-001
 6.0767066e-001
 5.9101903e-001
 5.7402503e-001
 5.2926809e-001
 5.5250323e-001
 6.1739051e-001
 6.4134651e-001
 6.6531783e-001
 6.7717564e-001
 6.8141699e-001
 6.8528718e-001
 6.8722910e-001
 6.8788379e-001
 6.8746555e-001
 6.8658233e-001
 6.8594640e-001
 6.8580443e-001
 6.8558949e-001
 6.8540132e-001
 6.8426949e-001
 6.8243933e-001
 6.8003386e-001
 6.7655838e-001
 6.7214561e-001
 6.6743088e-001
 6.6282505e-001
 6.5827429e-001
 6.5192759e-001
 6.3996005e-001
 6.2144762e-001
 6.0061306e-001
 5.8213973e-001
 5.7157570e-001
 5.7537907e-001
 5.9549755e-001
 6.2520605e-001
 6.4219886e-001
 6.4656901e-001
 6.4610660e-001
 6.4316076e-001
 6.3923228e-001
 6.3560325e-001
 6.3040602e-001
 6.2065315e-001
 6.0327667e-001
 6.0963291e-001
 5.8668256e-001
 5.5674595e-001
 5.3362107e-001
 5.2542824e-001
 5.2411312e-001
 5.2457821e-001
 5.2330083e-001
 5.2094191e-001
 5.2164644e-001
 5.2370900e-001
 5.2098948e-001
 5.1397854e-001
 5.0955611e-001
 5.1095366e-001
 5.1163578e-001
 5.0908899e-001
 5.0556105e-001
 5.0195837e-001
 5.0063610e-001
 4.9946252e-001
 4.9333668e-001
 4.8095202e-001
 4.6297851e-001
 4.4100457e-001
 4.2343295e-001
 4.1273859e-001
 4.0053552e-001
 3.8535717e-001
 3.7147358e-001
 3.5173476e-001
 3.3586991e-001
 3.3493528e-001
 3.2993400e-001
 3.7779191e-001
 4.3907481e-001
 4.6896625e-001
 4.8224464e-001
 4.8886061e-001
 4.9247116e-001
 4.9103084e-001
 4.8275527e-001
 4.6440792e-001
 4.2755336e-001
 3.9167935e-001
 3.8459292e-001
 3.9231592e-001
 3.9848831e-001
 4.0138432e-001
 3.9628416e-001
 3.7644428e-001
 3.5244066e-001
 3.3955926e-001
 3.3143163e-001
 3.1740385e-001
 3.0244598e-001
 2.9761243e-001
 3.0190626e-001
 3.0203411e-001
 2.9976270e-001
 3.0613914e-001
 3.0914131e-001
 3.0213693e-001
-1.2300000e+034
