s07_AV97 Record=3403: Ulexite HS441.3B              BECKa AREF
 7.4713480e-001
 7.5810510e-001
 7.6898301e-001
 7.7740675e-001
 7.8444767e-001
 7.9223174e-001
 7.9887170e-001
 8.0500531e-001
 8.1060213e-001
 8.1655127e-001
 8.2142991e-001
 8.2568860e-001
 8.2973278e-001
 8.3308899e-001
 8.3702207e-001
 8.4098303e-001
 8.4411389e-001
 8.4873641e-001
 8.5002553e-001
 8.5085505e-001
 8.5081661e-001
 8.5318547e-001
 8.5353351e-001
 8.5304880e-001
 8.5222000e-001
 8.5223556e-001
 8.5333967e-001
 8.5360974e-001
 8.5400182e-001
 8.5471070e-001
 8.5515374e-001
 8.5518545e-001
 8.5520601e-001
 8.5505348e-001
 8.5505944e-001
 8.5591948e-001
 8.5734069e-001
 8.5763550e-001
 8.5755795e-001
 8.5761017e-001
 8.5636151e-001
 8.5332078e-001
 8.5375756e-001
 8.5553938e-001
 8.5622555e-001
 8.5825956e-001
 8.5892570e-001
 8.6047453e-001
 8.6022329e-001
 8.6045951e-001
 8.5943627e-001
 8.6165357e-001
 8.6181384e-001
 8.5723537e-001
 8.5608375e-001
 8.5506195e-001
 8.5317349e-001
 8.5274196e-001
 8.5004437e-001
 8.4945458e-001
 8.4371001e-001
 8.3985507e-001
 8.2826096e-001
 8.1318927e-001
 7.8864026e-001
 7.7627707e-001
 7.8777468e-001
 7.9515910e-001
 7.9963368e-001
 8.0716485e-001
 8.1428337e-001
 8.2109004e-001
 8.2707298e-001
 8.3160043e-001
 8.3240104e-001
 8.3435959e-001
 8.3352566e-001
 8.3217740e-001
 8.2983691e-001
 8.2647550e-001
 8.2470554e-001
 8.1835181e-001
 8.1034344e-001
 7.9710102e-001
 7.7744454e-001
 7.5280142e-001
 7.3306143e-001
 7.1873069e-001
 7.1123946e-001
 7.0678288e-001
 7.0359170e-001
 7.0072818e-001
 6.9975859e-001
 6.9936383e-001
 7.0161599e-001
 7.0376927e-001
 7.0056462e-001
 7.0257074e-001
 7.0529705e-001
 7.0606720e-001
 7.0059752e-001
 6.9105369e-001
 6.7599863e-001
 6.5591323e-001
 6.3366336e-001
 6.1476594e-001
 6.0236228e-001
 5.9469426e-001
 5.8153665e-001
 5.5892199e-001
 5.1482737e-001
 4.5513695e-001
 3.7702742e-001
 2.9974806e-001
 2.6989880e-001
 2.8374776e-001
 2.7976838e-001
 2.6936001e-001
 2.7256319e-001
 2.8414533e-001
 2.9402581e-001
 3.0256739e-001
 3.1122401e-001
 3.2040888e-001
 3.2586071e-001
 3.3011219e-001
 3.3755240e-001
 3.4059811e-001
 3.4058693e-001
 3.3979779e-001
 3.3788785e-001
 3.3357853e-001
 3.2848504e-001
 3.2436100e-001
 3.2021156e-001
 3.1790686e-001
 3.1629637e-001
 3.1203640e-001
 3.0944166e-001
 3.0858102e-001
 3.0741987e-001
 3.0789238e-001
 3.0607513e-001
 3.0312574e-001
 3.0200723e-001
 2.9862589e-001
 2.9691723e-001
 2.9586896e-001
 2.9408520e-001
 2.9340711e-001
 2.9913077e-001
 3.0190527e-001
 3.0241239e-001
 3.0354345e-001
 3.0177346e-001
 2.9582545e-001
 2.9095718e-001
 2.8059402e-001
 2.6397434e-001
 2.4191087e-001
 2.4972650e-001
 2.2365002e-001
 1.9429868e-001
 1.6298565e-001
 1.3306040e-001
 1.0444111e-001
 7.8652442e-002
 6.3421555e-002
 5.9472904e-002
 6.7321770e-002
 7.5923510e-002
 8.3178803e-002
 9.3301408e-002
 1.0425696e-001
 1.1022936e-001
 1.1079009e-001
 1.1212416e-001
 1.1204705e-001
 1.1168130e-001
 1.0923237e-001
 1.0718141e-001
 1.0449860e-001
 9.9820502e-002
 9.4003901e-002
 8.8191360e-002
 8.6964302e-002
 9.1478281e-002
 9.1156282e-002
 8.6666569e-002
 8.1061929e-002
 8.2329199e-002
 9.0197422e-002
 9.8867990e-002
 1.0674245e-001
 1.1485150e-001
 1.1787669e-001
 1.1797695e-001
 1.1857756e-001
 1.2805524e-001
 1.3850451e-001
 1.4242713e-001
 1.4559887e-001
 1.4694233e-001
 1.4616510e-001
 1.4043827e-001
 1.3470867e-001
 1.3101515e-001
 1.2615582e-001
 1.1763793e-001
 1.1093036e-001
 1.0160922e-001
 9.3324587e-002
 8.6668603e-002
 8.0814213e-002
 7.5334571e-002
 7.0135593e-002
 6.5477625e-002
 6.1660416e-002
 5.8826316e-002
 5.6010559e-002
 5.3371266e-002
 5.1294480e-002
 5.0279621e-002
 5.0623469e-002
