s07_AV97 Record=167: Almandine WS475 Garnet       NIC4bb RREF
-1.2300000e+034
-1.2300000e+034
-1.2300000e+034
-1.2300000e+034
-1.2300000e+034
-1.2300000e+034
-1.2300000e+034
-1.2300000e+034
-1.2300000e+034
-1.2300000e+034
-1.2300000e+034
-1.2300000e+034
-1.2300000e+034
-1.2300000e+034
-1.2300000e+034
-1.2300000e+034
-1.2300000e+034
-1.2300000e+034
-1.2300000e+034
-1.2300000e+034
-1.2300000e+034
-1.2300000e+034
-1.2300000e+034
-1.2300000e+034
-1.2300000e+034
-1.2300000e+034
-1.2300000e+034
-1.2300000e+034
-1.2300000e+034
-1.2300000e+034
-1.2300000e+034
-1.2300000e+034
-1.2300000e+034
-1.2300000e+034
-1.2300000e+034
-1.2300000e+034
-1.2300000e+034
-1.2300000e+034
-1.2300000e+034
-1.2300000e+034
-1.2300000e+034
-1.2300000e+034
-1.2300000e+034
-1.2300000e+034
-1.2300000e+034
-1.2300000e+034
-1.2300000e+034
-1.2300000e+034
-1.2300000e+034
-1.2300000e+034
-1.2300000e+034
-1.2300000e+034
-1.2300000e+034
-1.2300000e+034
-1.2300000e+034
-1.2300000e+034
-1.2300000e+034
-1.2300000e+034
-1.2300000e+034
-1.2300000e+034
-1.2300000e+034
-1.2300000e+034
-1.2300000e+034
-1.2300000e+034
-1.2300000e+034
-1.2300000e+034
-1.2300000e+034
-1.2300000e+034
-1.2300000e+034
-1.2300000e+034
-1.2300000e+034
-1.2300000e+034
-1.2300000e+034
-1.2300000e+034
-1.2300000e+034
-1.2300000e+034
-1.2300000e+034
-1.2300000e+034
-1.2300000e+034
-1.2300000e+034
-1.2300000e+034
-1.2300000e+034
-1.2300000e+034
-1.2300000e+034
-1.2300000e+034
-1.2300000e+034
-1.2300000e+034
-1.2300000e+034
-1.2300000e+034
-1.2300000e+034
-1.2300000e+034
-1.2300000e+034
-1.2300000e+034
-1.2300000e+034
-1.2300000e+034
-1.2300000e+034
-1.2300000e+034
-1.2300000e+034
-1.2300000e+034
-1.2300000e+034
-1.2300000e+034
-1.2300000e+034
-1.2300000e+034
-1.2300000e+034
-1.2300000e+034
-1.2300000e+034
-1.2300000e+034
-1.2300000e+034
-1.2300000e+034
-1.2300000e+034
-1.2300000e+034
-1.2300000e+034
-1.2300000e+034
-1.2300000e+034
-1.2300000e+034
-1.2300000e+034
-1.2300000e+034
-1.2300000e+034
-1.2300000e+034
-1.2300000e+034
-1.2300000e+034
-1.2300000e+034
-1.2300000e+034
-1.2300000e+034
-1.2300000e+034
-1.2300000e+034
 2.2557302e-001
 2.3298335e-001
 2.3934197e-001
 2.4539262e-001
 2.5100499e-001
 2.5542527e-001
 2.5931212e-001
 2.6325893e-001
 2.6673228e-001
 2.6989713e-001
 2.7270108e-001
 2.7562988e-001
 2.7882159e-001
 2.8214887e-001
 2.8515711e-001
 2.8847089e-001
 2.9180697e-001
 2.9555520e-001
 2.9969716e-001
 3.0386639e-001
 3.0794266e-001
 3.1247950e-001
 3.1698233e-001
 3.2122073e-001
 3.2565141e-001
 3.3009887e-001
 3.3488142e-001
 3.3987340e-001
 3.4470549e-001
 3.4938663e-001
 3.5375756e-001
 3.5770160e-001
 3.6159071e-001
 3.6509886e-001
 3.6391997e-001
 3.6760801e-001
 3.7126011e-001
 3.7469831e-001
 3.7783080e-001
 3.8047251e-001
 3.8278165e-001
 3.8443956e-001
 3.8595593e-001
 3.8696170e-001
 3.8758117e-001
 3.8851261e-001
 3.8902539e-001
 3.8952169e-001
 3.8991734e-001
 3.9002672e-001
 3.8999096e-001
 3.8939866e-001
 3.8837618e-001
 3.8706034e-001
 3.8585320e-001
 3.8435578e-001
 3.8279465e-001
 3.8165104e-001
 3.8049036e-001
 3.7911138e-001
 3.7779734e-001
 3.7613526e-001
 3.7428716e-001
 3.7257123e-001
 3.7056920e-001
 3.6870679e-001
 3.6671841e-001
 3.6523491e-001
 3.6376530e-001
 3.6230603e-001
 3.5931867e-001
 3.5660288e-001
 3.5640621e-001
 3.5745290e-001
 3.5795283e-001
 3.5702655e-001
 3.5596505e-001
 3.5484636e-001
 3.5376644e-001
 3.5278860e-001
 3.5283193e-001
 3.5351253e-001
 3.5560855e-001
 3.5809630e-001
 3.6018050e-001
 3.6217466e-001
 3.6469743e-001
 3.6750656e-001
 3.7008268e-001
 3.7263292e-001
 3.7491307e-001
 3.7703872e-001
 3.7943426e-001
 3.8201442e-001
 3.8465774e-001
 3.8845301e-001
 3.9164227e-001
 3.9609814e-001
