s07_AV97 Record=3186: Talc WS659                  NIC4bbb RREF
-1.2300000e+034
-1.2300000e+034
-1.2300000e+034
-1.2300000e+034
-1.2300000e+034
-1.2300000e+034
-1.2300000e+034
-1.2300000e+034
-1.2300000e+034
-1.2300000e+034
-1.2300000e+034
-1.2300000e+034
-1.2300000e+034
-1.2300000e+034
-1.2300000e+034
-1.2300000e+034
-1.2300000e+034
-1.2300000e+034
-1.2300000e+034
-1.2300000e+034
-1.2300000e+034
-1.2300000e+034
-1.2300000e+034
-1.2300000e+034
-1.2300000e+034
-1.2300000e+034
-1.2300000e+034
-1.2300000e+034
-1.2300000e+034
-1.2300000e+034
-1.2300000e+034
-1.2300000e+034
-1.2300000e+034
-1.2300000e+034
-1.2300000e+034
-1.2300000e+034
-1.2300000e+034
-1.2300000e+034
-1.2300000e+034
-1.2300000e+034
-1.2300000e+034
-1.2300000e+034
-1.2300000e+034
-1.2300000e+034
-1.2300000e+034
-1.2300000e+034
-1.2300000e+034
-1.2300000e+034
-1.2300000e+034
-1.2300000e+034
-1.2300000e+034
-1.2300000e+034
-1.2300000e+034
-1.2300000e+034
-1.2300000e+034
-1.2300000e+034
-1.2300000e+034
-1.2300000e+034
-1.2300000e+034
-1.2300000e+034
-1.2300000e+034
-1.2300000e+034
-1.2300000e+034
-1.2300000e+034
-1.2300000e+034
-1.2300000e+034
-1.2300000e+034
-1.2300000e+034
-1.2300000e+034
-1.2300000e+034
-1.2300000e+034
-1.2300000e+034
-1.2300000e+034
-1.2300000e+034
-1.2300000e+034
-1.2300000e+034
-1.2300000e+034
-1.2300000e+034
-1.2300000e+034
-1.2300000e+034
-1.2300000e+034
-1.2300000e+034
-1.2300000e+034
-1.2300000e+034
-1.2300000e+034
-1.2300000e+034
-1.2300000e+034
-1.2300000e+034
-1.2300000e+034
-1.2300000e+034
-1.2300000e+034
-1.2300000e+034
-1.2300000e+034
-1.2300000e+034
-1.2300000e+034
-1.2300000e+034
-1.2300000e+034
-1.2300000e+034
-1.2300000e+034
-1.2300000e+034
-1.2300000e+034
-1.2300000e+034
-1.2300000e+034
-1.2300000e+034
-1.2300000e+034
-1.2300000e+034
-1.2300000e+034
-1.2300000e+034
 7.3414236e-001
 6.9764876e-001
 6.3069087e-001
 6.8896484e-001
 6.8591207e-001
 6.7725176e-001
 6.7076033e-001
 6.6530383e-001
 6.6023844e-001
 6.5552944e-001
 6.5235704e-001
 6.5120953e-001
 6.5087068e-001
 6.5110642e-001
 6.5172398e-001
 6.5201914e-001
 6.5276313e-001
 6.5530813e-001
 6.5831673e-001
 6.6105574e-001
 6.6338867e-001
 6.6536158e-001
 6.6751015e-001
 6.7035753e-001
 6.7308396e-001
 6.7617428e-001
 6.7854160e-001
 6.8031591e-001
 6.8191719e-001
 6.8375742e-001
 6.8614018e-001
 6.8852049e-001
 6.9069809e-001
 6.9229770e-001
 6.9340765e-001
 6.9427657e-001
 6.9517142e-001
 6.9661063e-001
 6.9821620e-001
 6.9969016e-001
 7.0102882e-001
 7.0153457e-001
 7.0150256e-001
 7.0116758e-001
 7.0049256e-001
 7.0017236e-001
 7.0020324e-001
 7.0078355e-001
 7.0166731e-001
 7.0140129e-001
 6.9832188e-001
 6.9492126e-001
 6.9625479e-001
 6.9057667e-001
 6.8339413e-001
 6.8074405e-001
 6.8340993e-001
 6.8728507e-001
 6.9033998e-001
 6.9200850e-001
 6.9274282e-001
 6.9236481e-001
 6.9162184e-001
 6.9066483e-001
 6.8999505e-001
 6.8978763e-001
 6.9136846e-001
 6.9371665e-001
 6.9394153e-001
 6.9295752e-001
 6.9147813e-001
 6.8610281e-001
 6.7842841e-001
 6.7958766e-001
 6.7943031e-001
 6.7748660e-001
 6.7360860e-001
 6.7005092e-001
 6.7014635e-001
 6.7269987e-001
 6.7302901e-001
 6.6921449e-001
 6.6638106e-001
 6.6718060e-001
 6.6659641e-001
 6.6402638e-001
 6.5956253e-001
 6.4801425e-001
 6.5038121e-001
 6.5043879e-001
 6.3572961e-001
 6.0638285e-001
 5.6269795e-001
 4.8650411e-001
 4.8486245e-001
 4.2064312e-001
 4.5407763e-001
 5.5671090e-001
 6.1157495e-001
 6.1210513e-001
 5.9937114e-001
 5.7795435e-001
 5.3899795e-001
 5.1510501e-001
 5.4343027e-001
 5.9642285e-001
 5.9551996e-001
 5.8014429e-001
 5.7849216e-001
 5.7703912e-001
 5.6514221e-001
 5.5330575e-001
 5.7660699e-001
 5.8199483e-001
 5.7136196e-001
 5.7557023e-001
