s07_AV97 Record=1265: Gibbsite HS423.2B            ASDFRb AREF
 3.9960912e-001
 4.0578279e-001
 4.1157103e-001
 4.1961586e-001
 4.2757037e-001
 4.3662408e-001
 4.4762868e-001
 4.6028852e-001
 4.7243330e-001
 4.8163429e-001
 4.8908278e-001
 4.9628940e-001
 5.0452381e-001
 5.1432163e-001
 5.2479434e-001
 5.3556287e-001
 5.4694283e-001
 5.5962467e-001
 5.7408947e-001
 5.9005243e-001
 6.0612857e-001
 6.2060308e-001
 6.3246626e-001
 6.4126831e-001
 6.4805454e-001
 6.5318328e-001
 6.5776998e-001
 6.6205150e-001
 6.6636699e-001
 6.7090213e-001
 6.7566621e-001
 6.8032545e-001
 6.7490417e-001
 6.7946571e-001
 6.8364841e-001
 6.8759346e-001
 6.9123960e-001
 6.9452578e-001
 6.9776458e-001
 7.0064282e-001
 7.0330048e-001
 7.0578331e-001
 7.0811349e-001
 7.1001899e-001
 7.1191990e-001
 7.1332228e-001
 7.1457905e-001
 7.1586776e-001
 7.1711653e-001
 7.1795535e-001
 7.1880084e-001
 7.2002834e-001
 7.2091025e-001
 7.2225177e-001
 7.2378135e-001
 7.2525114e-001
 7.2661710e-001
 7.2824520e-001
 7.2992438e-001
 7.3181522e-001
 7.3381060e-001
 7.3579031e-001
 7.3708087e-001
 7.3772007e-001
 7.3841894e-001
 7.4063301e-001
 7.4263573e-001
 7.4310261e-001
 7.4781930e-001
 7.5205600e-001
 7.5559032e-001
 7.5813752e-001
 7.6058966e-001
 7.6359069e-001
 7.6560742e-001
 7.6806462e-001
 7.7007383e-001
 7.7248257e-001
 7.7480304e-001
 7.7696669e-001
 7.7920502e-001
 7.8117681e-001
 7.8248668e-001
 7.8426647e-001
 7.8611094e-001
 7.8762025e-001
 7.8928709e-001
 7.9072332e-001
 7.9201502e-001
 7.9323047e-001
 7.9366231e-001
 7.9353625e-001
 7.9228139e-001
 7.8959596e-001
 7.8483254e-001
 7.7883232e-001
 7.8763682e-001
 7.8187710e-001
 7.7753013e-001
 7.7754587e-001
 7.7621382e-001
 7.7217019e-001
 7.7085453e-001
 7.7223504e-001
 7.7476543e-001
 7.7539599e-001
 7.7505827e-001
 7.6979351e-001
 7.5563926e-001
 7.3049462e-001
 6.7761844e-001
 6.4229834e-001
 6.0575879e-001
 5.8774930e-001
 5.6679624e-001
 5.4230136e-001
 5.3393304e-001
 5.6740105e-001
 6.2835699e-001
 6.6282910e-001
 6.7311817e-001
 6.6590261e-001
 6.4862072e-001
 6.4094162e-001
 6.4279324e-001
 6.3657755e-001
 6.3629824e-001
 6.5447527e-001
 6.7352068e-001
 6.8766373e-001
 6.9955766e-001
 7.1119839e-001
 7.2146553e-001
 7.2930455e-001
 7.3516333e-001
 7.3980814e-001
 7.4304122e-001
 7.4549842e-001
 7.4709672e-001
 7.4878758e-001
 7.4986631e-001
 7.5041205e-001
 7.5111258e-001
 7.5047040e-001
 7.4906099e-001
 7.4664152e-001
 7.4404138e-001
 7.4028289e-001
 7.3421299e-001
 7.2561944e-001
 7.1860868e-001
 7.1312708e-001
 7.0592600e-001
 6.9821471e-001
 6.9386035e-001
 6.9177473e-001
 6.8838835e-001
 6.8602616e-001
 6.8200392e-001
 6.7270607e-001
 6.7688537e-001
 6.6548419e-001
 6.5245718e-001
 6.3942713e-001
 6.2865424e-001
 6.2119949e-001
 6.1674219e-001
 6.1401588e-001
 6.1188000e-001
 6.0972744e-001
 6.0895121e-001
 6.0789502e-001
 6.0708272e-001
 6.0682815e-001
 6.0552800e-001
 6.0489720e-001
 6.0515165e-001
 6.0573381e-001
 6.0503656e-001
 6.0390967e-001
 6.0280979e-001
 6.0204339e-001
 6.0166210e-001
 5.9864223e-001
 5.9061271e-001
 5.7732451e-001
 5.6630909e-001
 5.5077511e-001
 5.2538848e-001
 4.9772972e-001
 4.7385666e-001
 4.5743614e-001
 4.3465057e-001
 4.1289833e-001
 3.9828819e-001
 3.7726238e-001
 3.4255931e-001
 3.0029941e-001
 2.6856124e-001
 2.5226092e-001
 2.7473241e-001
 3.0298075e-001
 3.1774536e-001
 3.2081428e-001
 3.2395050e-001
 3.3258519e-001
 3.3585957e-001
 3.2784557e-001
 3.2272166e-001
 3.2271096e-001
 3.2471234e-001
 3.2518199e-001
 3.2596663e-001
 3.3054218e-001
 3.3467856e-001
 3.3818763e-001
 3.4358048e-001
 3.4912285e-001
 3.5093704e-001
 3.4745184e-001
 3.4166390e-001
 3.3319199e-001
 3.3029452e-001
-1.2300000e+034
