s07_AV97 Record=3789: Chlorite_Phyllite CU91-238A   BECKb AREF
 7.9148307e-002
 8.0702193e-002
 8.2525887e-002
 8.4193118e-002
 8.5931383e-002
 8.7450206e-002
 8.9808770e-002
 9.2536807e-002
 9.4923668e-002
 9.6363105e-002
 9.7274140e-002
 9.8279059e-002
 1.0008396e-001
 1.0270253e-001
 1.0594935e-001
 1.0929334e-001
 1.1326007e-001
 1.1769141e-001
 1.2309769e-001
 1.2909551e-001
 1.3508345e-001
 1.3979438e-001
 1.4368586e-001
 1.4681801e-001
 1.4903411e-001
 1.5010098e-001
 1.5021814e-001
 1.4944796e-001
 1.4858772e-001
 1.4810605e-001
 1.4764376e-001
 1.4682959e-001
 1.4776054e-001
 1.4693919e-001
 1.4636017e-001
 1.4593594e-001
 1.4593606e-001
 1.4562844e-001
 1.4553232e-001
 1.4544900e-001
 1.4549905e-001
 1.4544879e-001
 1.4567384e-001
 1.4547883e-001
 1.4533886e-001
 1.4516628e-001
 1.4453509e-001
 1.4346600e-001
 1.4215803e-001
 1.4061016e-001
 1.3848351e-001
 1.3826038e-001
 1.3728334e-001
 1.3502878e-001
 1.3369918e-001
 1.3236941e-001
 1.3157983e-001
 1.3087973e-001
 1.2803639e-001
 1.2897743e-001
 1.2874296e-001
 1.2824808e-001
 1.2651461e-001
 1.2661670e-001
 1.2557751e-001
 1.2502682e-001
 1.2392893e-001
 1.2495817e-001
 1.2261508e-001
 1.2216543e-001
 1.2211325e-001
 1.2224698e-001
 1.2080456e-001
 1.1971876e-001
 1.1929438e-001
 1.1848261e-001
 1.1861157e-001
 1.1776784e-001
 1.1744780e-001
 1.1776928e-001
 1.1763436e-001
 1.1643133e-001
 1.1665323e-001
 1.1740603e-001
 1.1627465e-001
 1.1717498e-001
 1.1761943e-001
 1.1798539e-001
 1.1767781e-001
 1.1842491e-001
 1.1793184e-001
 1.1873302e-001
 1.1887928e-001
 1.1918571e-001
 1.1938954e-001
 1.1974518e-001
 1.1930958e-001
 1.1974730e-001
 1.1979092e-001
 1.2009377e-001
 1.2106905e-001
 1.2110166e-001
 1.2158459e-001
 1.2200147e-001
 1.2208778e-001
 1.2192123e-001
 1.2227787e-001
 1.2296174e-001
 1.2310619e-001
 1.2292131e-001
 1.2082421e-001
 1.1629741e-001
 1.1423909e-001
 1.1918863e-001
 1.2341440e-001
 1.2453946e-001
 1.2488676e-001
 1.2553053e-001
 1.2599704e-001
 1.2606987e-001
 1.2617841e-001
 1.2676139e-001
 1.2723081e-001
 1.2761219e-001
 1.2717524e-001
 1.2786603e-001
 1.2804987e-001
 1.2925538e-001
 1.2910230e-001
 1.2972321e-001
 1.3028526e-001
 1.3127796e-001
 1.3139215e-001
 1.3175344e-001
 1.3287783e-001
 1.3316588e-001
 1.3377775e-001
 1.3534904e-001
 1.3501938e-001
 1.3543698e-001
 1.3621700e-001
 1.3790601e-001
 1.3848585e-001
 1.3798168e-001
 1.3842429e-001
 1.3947509e-001
 1.3965648e-001
 1.3998610e-001
 1.4061759e-001
 1.4116782e-001
 1.4192669e-001
 1.4265226e-001
 1.4114185e-001
 1.4160027e-001
 1.4146301e-001
 1.4329216e-001
 1.4309767e-001
 1.4329125e-001
 1.4238058e-001
 1.4115892e-001
 1.4136116e-001
 1.4029403e-001
 1.3763517e-001
 1.3586459e-001
 1.3531803e-001
 1.3587612e-001
 1.3838725e-001
 1.3886380e-001
 1.3770315e-001
 1.3859460e-001
 1.3889135e-001
 1.3765109e-001
 1.3819417e-001
 1.3790831e-001
 1.3965347e-001
 1.4234950e-001
 1.4449051e-001
 1.4585082e-001
 1.4639388e-001
 1.4746760e-001
 1.4856721e-001
 1.4802937e-001
 1.4741878e-001
 1.4658055e-001
 1.4639305e-001
 1.4567120e-001
 1.4616787e-001
 1.4545466e-001
 1.4160745e-001
 1.3659112e-001
 1.2694323e-001
 1.1677228e-001
 1.1088690e-001
 1.1614466e-001
 1.2607597e-001
 1.2926991e-001
 1.2686338e-001
 1.2032928e-001
 1.1567377e-001
 1.1617919e-001
 1.1987806e-001
 1.2430798e-001
 1.2291532e-001
 1.1858743e-001
 1.1508381e-001
 1.0980633e-001
 1.0628103e-001
 1.0263083e-001
 1.0309494e-001
 1.0598624e-001
 1.0633872e-001
 1.0950200e-001
 1.1068289e-001
 1.0934859e-001
 1.0667008e-001
 1.0406831e-001
 1.0226532e-001
 1.0168728e-001
 1.0187282e-001
 1.0209481e-001
 1.0179432e-001
 1.0127135e-001
 1.0099795e-001
 1.0127377e-001
