s07_AV97 Record=722: Cassiterite HS279.2B         ASDFRc AREF
 5.4905258e-002
 5.6053422e-002
 5.6802042e-002
 5.7736043e-002
 5.8175001e-002
 5.8795262e-002
 5.9735578e-002
 6.0730666e-002
 6.1582875e-002
 6.2023636e-002
 6.2307473e-002
 6.2568963e-002
 6.2988512e-002
 6.3555621e-002
 6.4196505e-002
 6.4849071e-002
 6.5565437e-002
 6.6425353e-002
 6.7519881e-002
 6.8734311e-002
 7.0028774e-002
 7.1150176e-002
 7.2017819e-002
 7.2664112e-002
 7.3111348e-002
 7.3440641e-002
 7.3727250e-002
 7.4018888e-002
 7.4335903e-002
 7.4723475e-002
 7.5143255e-002
 7.5589806e-002
 7.5074382e-002
 7.5493515e-002
 7.5981401e-002
 7.6484308e-002
 7.6999433e-002
 7.7509530e-002
 7.8019790e-002
 7.8514278e-002
 7.8969307e-002
 7.9353064e-002
 7.9668611e-002
 7.9844281e-002
 7.9945564e-002
 7.9977222e-002
 7.9954855e-002
 7.9852037e-002
 7.9694249e-002
 7.9483226e-002
 7.9255693e-002
 7.8944758e-002
 7.8634441e-002
 7.8328252e-002
 7.7990323e-002
 7.7608868e-002
 7.7245712e-002
 7.6860517e-002
 7.6494686e-002
 7.6100700e-002
 7.5730070e-002
 7.5340129e-002
 7.4965045e-002
 7.4531227e-002
 7.4088000e-002
 7.3686741e-002
 7.3222853e-002
 7.2823577e-002
 7.2378285e-002
 7.1508206e-002
 7.1801089e-002
 7.1013793e-002
 7.0654303e-002
 7.0355654e-002
 6.9666490e-002
 6.9620892e-002
 6.9306090e-002
 6.9133557e-002
 6.8944305e-002
 6.8546779e-002
 6.8318650e-002
 6.7895770e-002
 6.7671657e-002
 6.7401804e-002
 6.7223303e-002
 6.7104355e-002
 6.6753052e-002
 6.6438146e-002
 6.6132613e-002
 6.5982729e-002
 6.5680884e-002
 6.5520473e-002
 6.5359786e-002
 6.5160707e-002
 6.4850949e-002
 6.4484373e-002
 6.4930961e-002
 6.4709842e-002
 6.4452611e-002
 6.4150609e-002
 6.3880049e-002
 6.3573241e-002
 6.3422933e-002
 6.3168623e-002
 6.2885627e-002
 6.2590331e-002
 6.2268734e-002
 6.2059905e-002
 6.1732762e-002
 6.1314959e-002
 6.1018594e-002
 6.0890179e-002
 6.0630467e-002
 6.0546536e-002
 6.0412381e-002
 6.0226362e-002
 6.0099758e-002
 5.9882473e-002
 5.9723608e-002
 5.9497520e-002
 5.9379507e-002
 5.9253559e-002
 5.9136100e-002
 5.8960661e-002
 5.8804765e-002
 5.8645733e-002
 5.8575746e-002
 5.8487214e-002
 5.8345389e-002
 5.8242764e-002
 5.8040138e-002
 5.7902731e-002
 5.7643875e-002
 5.7555355e-002
 5.7423063e-002
 5.7299986e-002
 5.7146661e-002
 5.7070062e-002
 5.7001729e-002
 5.6904644e-002
 5.6744900e-002
 5.6632932e-002
 5.6657374e-002
 5.6540415e-002
 5.6327771e-002
 5.6217413e-002
 5.6183077e-002
 5.5848166e-002
 5.5893522e-002
 5.5732392e-002
 5.5523843e-002
 5.5410758e-002
 5.5423789e-002
 5.5290669e-002
 5.5243511e-002
 5.5195864e-002
 5.5109814e-002
 5.5059414e-002
 5.4841861e-002
 5.4600947e-002
 5.4725811e-002
 5.4565798e-002
 5.4398414e-002
 5.4238919e-002
 5.4203961e-002
 5.4217607e-002
 5.4340504e-002
 5.4228757e-002
 5.4067846e-002
 5.3953800e-002
 5.3861029e-002
 5.3786531e-002
 5.3771146e-002
 5.3707831e-002
 5.3752080e-002
 5.3639229e-002
 5.3685684e-002
 5.3696070e-002
 5.3777289e-002
 5.3754993e-002
 5.3726248e-002
 5.3605113e-002
 5.3571291e-002
 5.3523429e-002
 5.3535376e-002
 5.3254578e-002
 5.3042516e-002
 5.2786659e-002
 5.2622173e-002
 5.2689616e-002
 5.2609999e-002
 5.2531984e-002
 5.2370954e-002
 5.2161831e-002
 5.2375432e-002
 5.2448995e-002
 5.2354451e-002
 5.2355040e-002
 5.2211240e-002
 5.2061114e-002
 5.2119404e-002
 5.2074693e-002
 5.1894244e-002
 5.1814176e-002
 5.1859077e-002
 5.1728949e-002
 5.1819772e-002
 5.1707938e-002
 5.1375706e-002
 5.1499203e-002
 5.1297329e-002
 5.0818842e-002
 5.0831988e-002
 5.0990991e-002
 5.0432585e-002
 5.0592408e-002
 5.0156362e-002
 4.9913201e-002
 4.9735531e-002
 4.9720984e-002
 4.9824189e-002
 4.7481839e-002
 4.8356581e-002
-1.2300000e+034
