s07_AV97 Record=3201: Thenardite HS450.3B          ASDFRc AREF
 7.4923694e-001
 7.5773114e-001
 7.6623589e-001
 7.7320665e-001
 7.8049177e-001
 7.8754699e-001
 7.9506755e-001
 8.0238938e-001
 8.0940521e-001
 8.1607598e-001
 8.2209164e-001
 8.2772130e-001
 8.3293223e-001
 8.3801514e-001
 8.4285784e-001
 8.4754717e-001
 8.5198069e-001
 8.5594183e-001
 8.5945052e-001
 8.6295432e-001
 8.6587805e-001
 8.6853439e-001
 8.7095433e-001
 8.7295341e-001
 8.7497556e-001
 8.7666363e-001
 8.7856412e-001
 8.8023031e-001
 8.8172668e-001
 8.8328588e-001
 8.8463748e-001
 8.8590562e-001
 8.8443917e-001
 8.8564789e-001
 8.8690048e-001
 8.8816720e-001
 8.8962036e-001
 8.9088529e-001
 8.9209598e-001
 8.9320546e-001
 8.9406425e-001
 8.9498854e-001
 8.9562815e-001
 8.9644450e-001
 8.9696944e-001
 8.9750648e-001
 8.9822876e-001
 8.9876437e-001
 8.9897078e-001
 8.9942014e-001
 8.9977473e-001
 9.0008551e-001
 9.0055680e-001
 9.0102834e-001
 9.0136003e-001
 9.0190297e-001
 9.0209299e-001
 9.0255040e-001
 9.0309805e-001
 9.0347278e-001
 9.0398502e-001
 9.0439725e-001
 9.0461117e-001
 9.0494227e-001
 9.0535361e-001
 9.0599471e-001
 9.0623993e-001
 9.0674770e-001
 9.0706247e-001
 9.0765685e-001
 9.0865445e-001
 9.0897524e-001
 9.0883619e-001
 9.0922147e-001
 9.0956312e-001
 9.0976655e-001
 9.0968734e-001
 9.1007823e-001
 9.1050571e-001
 9.1034770e-001
 9.1072309e-001
 9.1079229e-001
 9.1092956e-001
 9.1094160e-001
 9.1075230e-001
 9.1085619e-001
 9.1080964e-001
 9.1118610e-001
 9.1144729e-001
 9.1169286e-001
 9.1166693e-001
 9.1237539e-001
 9.1254717e-001
 9.1305637e-001
 9.1282809e-001
 9.1290629e-001
 9.1286796e-001
 9.1284478e-001
 9.1297168e-001
 9.1308153e-001
 9.1304600e-001
 9.1272819e-001
 9.1281885e-001
 9.1312677e-001
 9.1280186e-001
 9.1242009e-001
 9.1247308e-001
 9.1232675e-001
 9.1190475e-001
 9.1099435e-001
 9.1029310e-001
 9.0997118e-001
 9.0953559e-001
 9.0917671e-001
 9.0912700e-001
 9.0956634e-001
 9.0977931e-001
 9.0960950e-001
 9.1006005e-001
 9.1076058e-001
 9.1130900e-001
 9.1162544e-001
 9.1217095e-001
 9.1259068e-001
 9.1308123e-001
 9.1376060e-001
 9.1419488e-001
 9.1446602e-001
 9.1449237e-001
 9.1460550e-001
 9.1443765e-001
 9.1478282e-001
 9.1463041e-001
 9.1522223e-001
 9.1569066e-001
 9.1583616e-001
 9.1531849e-001
 9.1601610e-001
 9.1629475e-001
 9.1670483e-001
 9.1732043e-001
 9.1690636e-001
 9.1708404e-001
 9.1749096e-001
 9.1719055e-001
 9.1690087e-001
 9.1632372e-001
 9.1572624e-001
 9.1586292e-001
 9.1624856e-001
 9.1735852e-001
 9.1765100e-001
 9.1666800e-001
 9.1618961e-001
 9.1601366e-001
 9.1613942e-001
 9.1620886e-001
 9.1597271e-001
 9.1437209e-001
 9.1220975e-001
 9.1353470e-001
 9.0983093e-001
 9.0526289e-001
 8.9957964e-001
 8.9450657e-001
 8.9144534e-001
 8.8997710e-001
 8.9009815e-001
 8.9011347e-001
 8.9021891e-001
 8.9210576e-001
 8.9411688e-001
 8.9639974e-001
 8.9900863e-001
 9.0167248e-001
 9.0476459e-001
 9.0652561e-001
 9.0852028e-001
 9.1071683e-001
 9.1161674e-001
 9.1348916e-001
 9.1488004e-001
 9.1514075e-001
 9.1566777e-001
 9.1614515e-001
 9.1652137e-001
 9.1728187e-001
 9.1699660e-001
 9.1671133e-001
 9.1654372e-001
 9.1550094e-001
 9.1528499e-001
 9.1545779e-001
 9.1555220e-001
 9.1411465e-001
 9.1301721e-001
 9.1196454e-001
 9.1201276e-001
 9.1113949e-001
 9.1072750e-001
 9.1126543e-001
 9.1000259e-001
 9.0883589e-001
 9.0747631e-001
 9.0777177e-001
 9.0843028e-001
 9.1026568e-001
 9.1024572e-001
 9.1111898e-001
 9.0891260e-001
 9.0604621e-001
 9.0278178e-001
 9.0359741e-001
 9.0422326e-001
 9.0217274e-001
 9.0138578e-001
 8.9740235e-001
 8.9394927e-001
 8.9270329e-001
 8.8972384e-001
 8.9292270e-001
 8.8717175e-001
 8.9106852e-001
-1.2300000e+034
