s07_AV97 Record=2890: Rutile HS126.3B               BECKc AREF
 9.1057085e-002
 9.3362220e-002
 9.7486876e-002
 1.0463729e-001
 1.1039029e-001
 1.1431451e-001
 1.1728056e-001
 1.1989781e-001
 1.2244070e-001
 1.2388027e-001
 1.2526143e-001
 1.2767060e-001
 1.2972556e-001
 1.3225070e-001
 1.3515721e-001
 1.3868935e-001
 1.4285566e-001
 1.4777654e-001
 1.5404873e-001
 1.6116509e-001
 1.7098689e-001
 1.8269250e-001
 1.9658738e-001
 2.1254180e-001
 2.3075074e-001
 2.5066960e-001
 2.7224380e-001
 2.9409304e-001
 3.1570187e-001
 3.3561760e-001
 3.5285965e-001
 3.6840421e-001
 3.5032189e-001
 3.6560640e-001
 3.7833256e-001
 3.8947195e-001
 3.9948213e-001
 4.0827957e-001
 4.1684735e-001
 4.2668203e-001
 4.3620273e-001
 4.4476792e-001
 4.5619288e-001
 4.6950734e-001
 4.8194489e-001
 4.9489453e-001
 5.0693572e-001
 5.1828068e-001
 5.2831101e-001
 5.3684998e-001
 5.4500997e-001
 5.5453700e-001
 5.6103092e-001
 5.6721777e-001
 5.7370812e-001
 5.7633346e-001
 5.8045894e-001
 5.8355176e-001
 5.8407426e-001
 5.8621907e-001
 5.9145790e-001
 5.9053087e-001
 5.8929831e-001
 5.9249175e-001
 5.9401566e-001
 5.9499991e-001
 5.9500360e-001
 5.9483558e-001
 5.9468508e-001
 5.9433383e-001
 5.9329981e-001
 5.9376490e-001
 5.9439391e-001
 5.9136975e-001
 5.9059310e-001
 5.9011871e-001
 5.9034806e-001
 5.8776915e-001
 5.8740652e-001
 5.8645481e-001
 5.8474535e-001
 5.8431494e-001
 5.8234721e-001
 5.8064026e-001
 5.7947421e-001
 5.7832205e-001
 5.7676733e-001
 5.7809502e-001
 5.7693130e-001
 5.7491058e-001
 5.7430762e-001
 5.7351750e-001
 5.7367671e-001
 5.7247871e-001
 5.7298446e-001
 5.7263190e-001
 5.7244897e-001
 5.7288635e-001
 5.7289648e-001
 5.7286483e-001
 5.7196683e-001
 5.7178932e-001
 5.7304221e-001
 5.7240659e-001
 5.7370132e-001
 5.7402366e-001
 5.7537431e-001
 5.7524872e-001
 5.7500118e-001
 5.7539374e-001
 5.7474518e-001
 5.7417083e-001
 5.7294208e-001
 5.7359594e-001
 5.7551610e-001
 5.7497841e-001
 5.7652652e-001
 5.7627797e-001
 5.7775331e-001
 5.7776928e-001
 5.7825315e-001
 5.7827485e-001
 5.7827580e-001
 5.8032298e-001
 5.8078414e-001
 5.8188456e-001
 5.8339089e-001
 5.8332402e-001
 5.8305520e-001
 5.8472013e-001
 5.8451867e-001
 5.8543962e-001
 5.8632612e-001
 5.8604282e-001
 5.8746135e-001
 5.8818197e-001
 5.8828026e-001
 5.8967346e-001
 5.9117460e-001
 5.9015626e-001
 5.8985353e-001
 5.9362167e-001
 5.9386241e-001
 5.9282029e-001
 5.9526181e-001
 6.0132867e-001
 5.9952784e-001
 5.9956908e-001
 6.0284388e-001
 6.0414207e-001
 6.0613537e-001
 6.0528815e-001
 6.0551745e-001
 6.0572559e-001
 6.0798270e-001
 6.0651094e-001
 6.0944486e-001
 6.1153924e-001
 6.1119968e-001
 6.1104876e-001
 6.1127067e-001
 6.0897744e-001
 6.0432565e-001
 6.0115176e-001
 5.9972739e-001
 5.9994960e-001
 6.0233343e-001
 6.0434824e-001
 6.0591203e-001
 6.0910976e-001
 6.1119437e-001
 6.1451632e-001
 6.1741167e-001
 6.2012315e-001
 6.2204200e-001
 6.2502265e-001
 6.2521183e-001
 6.2692797e-001
 6.2957686e-001
 6.2758207e-001
 6.3337028e-001
 6.3379174e-001
 6.3682449e-001
 6.3718355e-001
 6.3778913e-001
 6.4540958e-001
 6.4547199e-001
 6.4749527e-001
 6.4494610e-001
 6.4196610e-001
 6.4172775e-001
 6.3574624e-001
 6.3156134e-001
 6.3698983e-001
 6.3638437e-001
 6.3757896e-001
 6.4515209e-001
 6.3753974e-001
 6.3476366e-001
 6.3602126e-001
 6.3165814e-001
 6.1697793e-001
 5.9838229e-001
 6.1180246e-001
 6.3051522e-001
 6.4219743e-001
 6.4484274e-001
 6.4355296e-001
 6.4841622e-001
 6.5093422e-001
 6.4811617e-001
 6.3931090e-001
 6.3719267e-001
 6.3942045e-001
 6.4146495e-001
 6.3992679e-001
 6.3550651e-001
 6.2996286e-001
 6.2515038e-001
 6.2108618e-001
 6.1912858e-001
 6.1884278e-001
 6.1954975e-001
 6.2076169e-001
