s07_AV97 Record=3474: Witherite HS273.3B           NIC4aa RREF
-1.2300000e+034
-1.2300000e+034
-1.2300000e+034
-1.2300000e+034
-1.2300000e+034
-1.2300000e+034
-1.2300000e+034
-1.2300000e+034
-1.2300000e+034
-1.2300000e+034
-1.2300000e+034
-1.2300000e+034
-1.2300000e+034
-1.2300000e+034
-1.2300000e+034
-1.2300000e+034
-1.2300000e+034
-1.2300000e+034
-1.2300000e+034
-1.2300000e+034
-1.2300000e+034
-1.2300000e+034
-1.2300000e+034
-1.2300000e+034
-1.2300000e+034
-1.2300000e+034
-1.2300000e+034
-1.2300000e+034
-1.2300000e+034
-1.2300000e+034
-1.2300000e+034
-1.2300000e+034
-1.2300000e+034
-1.2300000e+034
-1.2300000e+034
-1.2300000e+034
-1.2300000e+034
-1.2300000e+034
-1.2300000e+034
-1.2300000e+034
-1.2300000e+034
-1.2300000e+034
-1.2300000e+034
-1.2300000e+034
-1.2300000e+034
-1.2300000e+034
-1.2300000e+034
-1.2300000e+034
-1.2300000e+034
-1.2300000e+034
-1.2300000e+034
-1.2300000e+034
-1.2300000e+034
-1.2300000e+034
-1.2300000e+034
-1.2300000e+034
-1.2300000e+034
-1.2300000e+034
-1.2300000e+034
-1.2300000e+034
-1.2300000e+034
-1.2300000e+034
-1.2300000e+034
-1.2300000e+034
-1.2300000e+034
-1.2300000e+034
-1.2300000e+034
-1.2300000e+034
-1.2300000e+034
-1.2300000e+034
-1.2300000e+034
-1.2300000e+034
-1.2300000e+034
-1.2300000e+034
-1.2300000e+034
-1.2300000e+034
-1.2300000e+034
-1.2300000e+034
-1.2300000e+034
-1.2300000e+034
-1.2300000e+034
-1.2300000e+034
-1.2300000e+034
-1.2300000e+034
-1.2300000e+034
-1.2300000e+034
-1.2300000e+034
-1.2300000e+034
-1.2300000e+034
-1.2300000e+034
-1.2300000e+034
-1.2300000e+034
-1.2300000e+034
-1.2300000e+034
-1.2300000e+034
-1.2300000e+034
-1.2300000e+034
-1.2300000e+034
-1.2300000e+034
-1.2300000e+034
-1.2300000e+034
-1.2300000e+034
-1.2300000e+034
-1.2300000e+034
-1.2300000e+034
-1.2300000e+034
-1.2300000e+034
-1.2300000e+034
-1.2300000e+034
-1.2300000e+034
-1.2300000e+034
-1.2300000e+034
-1.2300000e+034
-1.2300000e+034
-1.2300000e+034
-1.2300000e+034
-1.2300000e+034
-1.2300000e+034
-1.2300000e+034
-1.2300000e+034
-1.2300000e+034
-1.2300000e+034
-1.2300000e+034
-1.2300000e+034
-1.2300000e+034
 4.1967389e-001
 4.2494711e-001
 4.3111089e-001
 4.3764117e-001
 4.4343537e-001
 4.4917837e-001
 4.5521820e-001
 4.6122807e-001
 4.6654880e-001
 4.7106901e-001
 4.7511992e-001
 4.7869927e-001
 4.8222458e-001
 4.8577675e-001
 4.8891786e-001
 4.9191952e-001
 4.9498516e-001
 4.9720976e-001
 4.9923334e-001
 5.0137627e-001
 5.0352603e-001
 5.0602359e-001
 5.0810552e-001
 5.1013470e-001
 5.1198530e-001
 5.1365197e-001
 5.1549965e-001
 5.1794809e-001
 5.2013385e-001
 5.2237529e-001
 5.2434486e-001
 5.2548385e-001
 5.2635038e-001
 5.2680081e-001
 5.2678043e-001
 5.2672189e-001
 5.2700847e-001
 5.2703691e-001
 5.2541214e-001
 5.2404141e-001
 5.2951103e-001
 5.3340667e-001
 5.3533137e-001
 5.3658879e-001
 5.3766757e-001
 5.3860790e-001
 5.3937227e-001
 5.3966326e-001
 5.4045147e-001
 5.4172873e-001
 5.4197305e-001
 5.3987002e-001
 5.3946829e-001
 5.4646224e-001
 5.4996204e-001
 5.5160058e-001
 5.5271006e-001
 5.5365640e-001
 5.5478483e-001
 5.5614620e-001
 5.5719566e-001
 5.5814809e-001
 5.5878001e-001
 5.5953473e-001
 5.6021267e-001
 5.6052339e-001
 5.5971795e-001
 5.5614889e-001
 5.5222410e-001
 5.5749142e-001
 5.6221288e-001
 5.6324297e-001
 5.6300873e-001
 5.6123179e-001
 5.5936968e-001
 5.5702418e-001
 5.5325532e-001
 5.4810065e-001
 5.4173642e-001
 5.3379160e-001
 5.2670234e-001
 5.2340645e-001
 5.1988590e-001
 5.1108050e-001
 4.8883039e-001
 4.5449033e-001
 4.7299361e-001
 5.1867610e-001
 5.4808563e-001
 5.5995673e-001
 5.6568044e-001
 5.6708747e-001
 5.6765562e-001
 5.6778079e-001
 5.6647426e-001
 5.6443071e-001
 5.5935669e-001
 5.4852951e-001
 5.2996826e-001
