s07_AV97 Record=3977: Kaolin_Smect H89-FR-2 .5Kaol  BECKb AREF
 1.6094251e-001
 1.8662792e-001
 2.1122827e-001
 2.3156188e-001
 2.4889466e-001
 2.6467842e-001
 2.7857679e-001
 2.9062176e-001
 3.0341113e-001
 3.1536028e-001
 3.2516694e-001
 3.3495846e-001
 3.4369844e-001
 3.5138112e-001
 3.6062318e-001
 3.6939967e-001
 3.7953883e-001
 3.8995910e-001
 3.9837897e-001
 4.0673906e-001
 4.1407344e-001
 4.1993862e-001
 4.2520854e-001
 4.2893568e-001
 4.3296307e-001
 4.3585595e-001
 4.3979442e-001
 4.4328603e-001
 4.4778207e-001
 4.5191503e-001
 4.5743167e-001
 4.6216246e-001
 4.5656192e-001
 4.6131423e-001
 4.6562856e-001
 4.7134766e-001
 4.7610813e-001
 4.8045829e-001
 4.8443055e-001
 4.8838276e-001
 4.9213225e-001
 4.9518740e-001
 4.9838087e-001
 5.0206804e-001
 5.0571340e-001
 5.0882834e-001
 5.1199210e-001
 5.1457775e-001
 5.1678652e-001
 5.1850152e-001
 5.1941550e-001
 5.1995856e-001
 5.1901221e-001
 5.1967037e-001
 5.2040601e-001
 5.2050352e-001
 5.2009165e-001
 5.1972169e-001
 5.2032280e-001
 5.1910484e-001
 5.1888794e-001
 5.1844418e-001
 5.1652032e-001
 5.1815742e-001
 5.1786762e-001
 5.1823336e-001
 5.1828134e-001
 5.1761675e-001
 5.1638633e-001
 5.1603025e-001
 5.1684636e-001
 5.1641625e-001
 5.1564169e-001
 5.1490486e-001
 5.1463395e-001
 5.1469272e-001
 5.1417309e-001
 5.1576549e-001
 5.1511073e-001
 5.1614922e-001
 5.1649952e-001
 5.1611030e-001
 5.1676369e-001
 5.1663762e-001
 5.1712739e-001
 5.1806265e-001
 5.1988482e-001
 5.2222741e-001
 5.2182442e-001
 5.2434683e-001
 5.2576226e-001
 5.2514011e-001
 5.2659261e-001
 5.2803308e-001
 5.3038907e-001
 5.3176445e-001
 5.2949923e-001
 5.3078890e-001
 5.3287989e-001
 5.3359783e-001
 5.3341895e-001
 5.3311336e-001
 5.3395677e-001
 5.3381914e-001
 5.3464389e-001
 5.3396875e-001
 5.3130043e-001
 5.2941239e-001
 5.1978803e-001
 4.9574310e-001
 4.8158869e-001
 4.6893892e-001
 4.5579770e-001
 4.8770741e-001
 5.1051819e-001
 5.2135241e-001
 5.2591276e-001
 5.2831662e-001
 5.3186518e-001
 5.3709680e-001
 5.4080600e-001
 5.4436344e-001
 5.4889143e-001
 5.5091339e-001
 5.5315572e-001
 5.5554527e-001
 5.5739242e-001
 5.5928051e-001
 5.5920613e-001
 5.6055301e-001
 5.6156623e-001
 5.6151253e-001
 5.6317025e-001
 5.6482476e-001
 5.6472129e-001
 5.6591898e-001
 5.6718129e-001
 5.6721950e-001
 5.6650442e-001
 5.6589776e-001
 5.6799138e-001
 5.6897324e-001
 5.6633770e-001
 5.6606627e-001
 5.6440413e-001
 5.6522948e-001
 5.6506360e-001
 5.6244844e-001
 5.6290299e-001
 5.6164336e-001
 5.6181157e-001
 5.5728370e-001
 5.5514205e-001
 5.5453700e-001
 5.5449384e-001
 5.5437589e-001
 5.5208898e-001
 5.4761165e-001
 5.3417629e-001
 5.1008993e-001
 5.1899850e-001
 4.8208529e-001
 4.2689073e-001
 3.9393935e-001
 4.0536198e-001
 4.2886367e-001
 4.4579059e-001
 4.5336199e-001
 4.6105686e-001
 4.7009617e-001
 4.7615996e-001
 4.8382273e-001
 4.9251223e-001
 5.0004053e-001
 5.0618249e-001
 5.1186764e-001
 5.1512736e-001
 5.1744926e-001
 5.1885277e-001
 5.1745558e-001
 5.1671129e-001
 5.1714683e-001
 5.1436448e-001
 5.1242352e-001
 5.1254857e-001
 5.0946015e-001
 4.9882209e-001
 4.7886381e-001
 4.5207754e-001
 4.2952776e-001
 4.1514093e-001
 4.0678567e-001
 3.8756621e-001
 3.8080513e-001
 4.2466128e-001
 4.5235190e-001
 4.5551801e-001
 4.6149558e-001
 4.6593961e-001
 4.6565565e-001
 4.6084410e-001
 4.5599630e-001
 4.4516516e-001
 4.3177223e-001
 4.2359534e-001
 4.2004022e-001
 4.1628039e-001
 4.0503997e-001
 3.9860931e-001
 3.9293185e-001
 3.8352430e-001
 3.7273234e-001
 3.7179357e-001
 3.6997920e-001
 3.6397403e-001
 3.5584930e-001
 3.4774816e-001
 3.4151506e-001
 3.3701316e-001
 3.3157003e-001
 3.2453069e-001
 3.1672800e-001
 3.0939621e-001
 3.0338010e-001
