s07_AV97 Record=4130: Pyrophyl.25+wxlKaol.75 AMX17  BECKb AREF
 5.3988338e-001
 5.8241028e-001
 6.1251324e-001
 6.3512534e-001
 6.5139884e-001
 6.6371346e-001
 6.7339450e-001
 6.8388993e-001
 6.9687164e-001
 7.0415008e-001
 7.1000153e-001
 7.1458787e-001
 7.2025299e-001
 7.2539556e-001
 7.3197210e-001
 7.3925012e-001
 7.4498516e-001
 7.5064588e-001
 7.5475311e-001
 7.5857431e-001
 7.5977767e-001
 7.6262236e-001
 7.6608038e-001
 7.6687044e-001
 7.6707810e-001
 7.6731932e-001
 7.6900041e-001
 7.7056795e-001
 7.7035117e-001
 7.7178222e-001
 7.7308106e-001
 7.7290505e-001
 7.7291304e-001
 7.7279592e-001
 7.7428526e-001
 7.7412426e-001
 7.7653372e-001
 7.7716428e-001
 7.7961558e-001
 7.8117245e-001
 7.8320301e-001
 7.8435916e-001
 7.8708041e-001
 7.8704488e-001
 7.8949785e-001
 7.8941780e-001
 7.9279041e-001
 7.9290837e-001
 7.9225922e-001
 7.9321647e-001
 7.9577875e-001
 7.9772109e-001
 7.9628259e-001
 7.9334712e-001
 7.8872496e-001
 7.8749043e-001
 7.9357713e-001
 7.9305315e-001
 7.8570276e-001
 7.8729850e-001
 7.8442192e-001
 7.8277016e-001
 7.7155691e-001
 7.7047783e-001
 7.7919561e-001
 7.8707892e-001
 7.8921562e-001
 7.8857523e-001
 7.8913647e-001
 7.8963757e-001
 7.9058427e-001
 7.8938943e-001
 7.9151946e-001
 7.9039091e-001
 7.9020989e-001
 7.9049158e-001
 7.8988367e-001
 7.9041445e-001
 7.8971654e-001
 7.9039270e-001
 7.9029614e-001
 7.9078901e-001
 7.9108232e-001
 7.9094058e-001
 7.9068285e-001
 7.8979093e-001
 7.8997749e-001
 7.9075050e-001
 7.8882366e-001
 7.8710872e-001
 7.8500336e-001
 7.7428526e-001
 7.7056283e-001
 7.7865815e-001
 7.8117573e-001
 7.8111279e-001
 7.7995801e-001
 7.8177220e-001
 7.7949017e-001
 7.7048755e-001
 7.5445676e-001
 7.4432749e-001
 7.3631179e-001
 7.2702903e-001
 7.2045463e-001
 7.1555197e-001
 6.8424696e-001
 6.7383504e-001
 6.6631329e-001
 6.0713381e-001
 4.9752054e-001
 5.3885704e-001
 5.6772459e-001
 6.8318373e-001
 7.3609757e-001
 7.5625002e-001
 7.6478714e-001
 7.7138305e-001
 7.7927762e-001
 7.8288960e-001
 7.8768808e-001
 7.8988570e-001
 7.9033518e-001
 7.9264170e-001
 7.9469538e-001
 7.9403991e-001
 7.9513240e-001
 7.9618251e-001
 7.9662406e-001
 7.9730582e-001
 7.9977262e-001
 7.9791814e-001
 7.9952091e-001
 7.9917496e-001
 7.9879999e-001
 7.9728252e-001
 7.9927564e-001
 7.9512012e-001
 7.9473573e-001
 7.9181188e-001
 7.9262519e-001
 7.9144561e-001
 7.8634185e-001
 7.8425282e-001
 7.8145379e-001
 7.7811033e-001
 7.7724808e-001
 7.7055579e-001
 7.6333547e-001
 7.5400686e-001
 7.4658883e-001
 7.3821425e-001
 7.3014891e-001
 7.2979504e-001
 7.3532641e-001
 7.3168200e-001
 7.4136388e-001
 7.4843258e-001
 7.3821372e-001
 7.2097677e-001
 7.2685826e-001
 7.0902234e-001
 6.9160402e-001
 6.7415386e-001
 6.6727710e-001
 6.6949654e-001
 6.6815221e-001
 6.6898489e-001
 6.7306435e-001
 6.7705011e-001
 6.7926288e-001
 6.8013144e-001
 6.7651671e-001
 6.7213231e-001
 6.6976810e-001
 6.6879308e-001
 6.6140842e-001
 6.5523070e-001
 6.4198083e-001
 6.2316805e-001
 6.0876477e-001
 6.0411990e-001
 6.0543031e-001
 5.9151572e-001
 5.6928402e-001
 5.4914927e-001
 5.1199561e-001
 4.5024088e-001
 3.7993544e-001
 3.5913938e-001
 3.9746475e-001
 4.2190900e-001
 3.9681569e-001
 3.8432094e-001
 4.4524011e-001
 4.9435216e-001
 4.9497691e-001
 4.9235347e-001
 4.8536703e-001
 4.6900034e-001
 4.5061398e-001
 4.3146706e-001
 4.1768390e-001
 4.0479463e-001
 3.8665259e-001
 3.9454308e-001
 4.0369681e-001
 3.9145324e-001
 3.8327706e-001
 3.8530853e-001
 3.7355724e-001
 3.6322033e-001
 3.6657745e-001
 3.7156036e-001
 3.7023205e-001
 3.6021513e-001
 3.4676442e-001
 3.3640212e-001
 3.2998040e-001
 3.2349229e-001
 3.1585893e-001
 3.0805689e-001
 3.0163717e-001
 2.9758874e-001
