s07_AV97 Record=3816: Cordierite-QtzMus HS346.4B   ASDFRc AREF
 1.0442240e-001
 1.1045460e-001
 1.1693969e-001
 1.2274480e-001
 1.2750022e-001
 1.3123338e-001
 1.3467292e-001
 1.3847218e-001
 1.4272448e-001
 1.4725487e-001
 1.4991681e-001
 1.5214302e-001
 1.5493523e-001
 1.5691854e-001
 1.5799057e-001
 1.6112980e-001
 1.6289343e-001
 1.6387607e-001
 1.6443323e-001
 1.6662127e-001
 1.6834107e-001
 1.6947171e-001
 1.7079990e-001
 1.7083147e-001
 1.7168528e-001
 1.7334272e-001
 1.7372259e-001
 1.7400829e-001
 1.7469916e-001
 1.7536645e-001
 1.7604366e-001
 1.7682898e-001
 1.7592333e-001
 1.7669904e-001
 1.7734770e-001
 1.7778437e-001
 1.7818414e-001
 1.7834955e-001
 1.7835721e-001
 1.7799175e-001
 1.7730653e-001
 1.7629763e-001
 1.7478327e-001
 1.7277217e-001
 1.7021894e-001
 1.6734605e-001
 1.6427198e-001
 1.6100158e-001
 1.5790266e-001
 1.5483850e-001
 1.5219195e-001
 1.4986229e-001
 1.4779940e-001
 1.4599012e-001
 1.4448647e-001
 1.4332861e-001
 1.4233968e-001
 1.4148609e-001
 1.4084320e-001
 1.4039718e-001
 1.4014137e-001
 1.4024612e-001
 1.4037561e-001
 1.4034675e-001
 1.4072970e-001
 1.4202549e-001
 1.4302003e-001
 1.4415579e-001
 1.4526904e-001
 1.4638396e-001
 1.4866102e-001
 1.4992176e-001
 1.5121561e-001
 1.5299204e-001
 1.5451048e-001
 1.5645964e-001
 1.5758564e-001
 1.5956432e-001
 1.6100055e-001
 1.6220428e-001
 1.6289860e-001
 1.6395976e-001
 1.6479644e-001
 1.6539116e-001
 1.6650559e-001
 1.6762511e-001
 1.6813609e-001
 1.6862181e-001
 1.6950601e-001
 1.7023297e-001
 1.7113310e-001
 1.7209947e-001
 1.7263731e-001
 1.7365460e-001
 1.7402047e-001
 1.7492570e-001
 1.7382140e-001
 1.7443910e-001
 1.7530622e-001
 1.7585388e-001
 1.7619269e-001
 1.7678402e-001
 1.7716864e-001
 1.7731479e-001
 1.7761318e-001
 1.7770830e-001
 1.7736553e-001
 1.7693795e-001
 1.7621402e-001
 1.7133465e-001
 1.5443569e-001
 1.4453529e-001
 1.4847268e-001
 1.6089369e-001
 1.7098556e-001
 1.7502038e-001
 1.7683233e-001
 1.7693448e-001
 1.7703561e-001
 1.7874271e-001
 1.7889225e-001
 1.7884971e-001
 1.7953265e-001
 1.7948970e-001
 1.7886168e-001
 1.7909630e-001
 1.7920977e-001
 1.7849559e-001
 1.7820694e-001
 1.7808592e-001
 1.7776370e-001
 1.7731412e-001
 1.7687152e-001
 1.7683402e-001
 1.7596756e-001
 1.7513777e-001
 1.7516638e-001
 1.7488475e-001
 1.7363800e-001
 1.7270117e-001
 1.7199777e-001
 1.7129260e-001
 1.7030339e-001
 1.6955779e-001
 1.6844025e-001
 1.6743748e-001
 1.6651402e-001
 1.6489762e-001
 1.6365474e-001
 1.6263445e-001
 1.6115832e-001
 1.5936519e-001
 1.5746816e-001
 1.5602235e-001
 1.5448424e-001
 1.5335634e-001
 1.5259787e-001
 1.5161470e-001
 1.5015395e-001
 1.4633682e-001
 1.4836513e-001
 1.4048684e-001
 1.2741366e-001
 1.3018215e-001
 1.3506393e-001
 1.3693321e-001
 1.3770543e-001
 1.3801138e-001
 1.3778906e-001
 1.3757457e-001
 1.3783236e-001
 1.3806458e-001
 1.3821863e-001
 1.3791843e-001
 1.3837072e-001
 1.3840626e-001
 1.3788736e-001
 1.3746589e-001
 1.3685139e-001
 1.3612615e-001
 1.3480739e-001
 1.3377517e-001
 1.3220805e-001
 1.3040647e-001
 1.2909150e-001
 1.2851730e-001
 1.2747227e-001
 1.2550817e-001
 1.2254576e-001
 1.1808835e-001
 1.1131882e-001
 1.0186139e-001
 9.5286019e-002
 9.6125655e-002
 1.0168324e-001
 1.0474597e-001
 1.0560549e-001
 1.0730543e-001
 1.0964418e-001
 1.1006261e-001
 1.0906994e-001
 1.0635985e-001
 1.0341204e-001
 9.9474430e-002
 9.6354619e-002
 9.4351269e-002
 9.2182167e-002
 9.0420254e-002
 9.0560019e-002
 9.0165503e-002
 8.8508248e-002
 8.7643012e-002
 8.7690130e-002
 8.7873578e-002
 8.5717067e-002
 8.3965018e-002
 8.1835054e-002
 8.0922991e-002
 8.1803776e-002
 8.2162432e-002
 8.1962496e-002
 8.2426548e-002
 8.3022088e-002
-1.2300000e+034
