s07_AV97 Record=4005: Limestone CU02-11A           ASDFRa AREF
 1.2141762e-001
 1.2568511e-001
 1.3067476e-001
 1.3552582e-001
 1.3982347e-001
 1.4393157e-001
 1.4827608e-001
 1.5291311e-001
 1.5716003e-001
 1.6047655e-001
 1.6311993e-001
 1.6565098e-001
 1.6849630e-001
 1.7181365e-001
 1.7540038e-001
 1.7903902e-001
 1.8271407e-001
 1.8637821e-001
 1.8992227e-001
 1.9332054e-001
 1.9648482e-001
 1.9935074e-001
 2.0183165e-001
 2.0402598e-001
 2.0587845e-001
 2.0768657e-001
 2.0945103e-001
 2.1112971e-001
 2.1282373e-001
 2.1453376e-001
 2.1623848e-001
 2.1793953e-001
 2.1596459e-001
 2.1761380e-001
 2.1926461e-001
 2.2096826e-001
 2.2272865e-001
 2.2450458e-001
 2.2625655e-001
 2.2797579e-001
 2.2969516e-001
 2.3135296e-001
 2.3297304e-001
 2.3453717e-001
 2.3602057e-001
 2.3748103e-001
 2.3887745e-001
 2.4023655e-001
 2.4157970e-001
 2.4286829e-001
 2.4413221e-001
 2.4536535e-001
 2.4655777e-001
 2.4778511e-001
 2.4896185e-001
 2.5020742e-001
 2.5137392e-001
 2.5256124e-001
 2.5377381e-001
 2.5497878e-001
 2.5620592e-001
 2.5748697e-001
 2.5866717e-001
 2.5989720e-001
 2.6107571e-001
 2.6224938e-001
 2.6335901e-001
 2.6453292e-001
 2.6599923e-001
 2.6727304e-001
 2.6856822e-001
 2.6966310e-001
 2.7097568e-001
 2.7224290e-001
 2.7353507e-001
 2.7482325e-001
 2.7605200e-001
 2.7740142e-001
 2.7878585e-001
 2.7989417e-001
 2.8131998e-001
 2.8235695e-001
 2.8372321e-001
 2.8498664e-001
 2.8606898e-001
 2.8718466e-001
 2.8816578e-001
 2.8936556e-001
 2.9050839e-001
 2.9155254e-001
 2.9261723e-001
 2.9368997e-001
 2.9464927e-001
 2.9569685e-001
 2.9663581e-001
 2.9763231e-001
 2.9616356e-001
 2.9713145e-001
 2.9812339e-001
 2.9903337e-001
 2.9993954e-001
 3.0089232e-001
 3.0183688e-001
 3.0270839e-001
 3.0358654e-001
 3.0438429e-001
 3.0538911e-001
 3.0631700e-001
 3.0693015e-001
 3.0744797e-001
 3.0740839e-001
 3.0721325e-001
 3.0716652e-001
 3.0793193e-001
 3.0898988e-001
 3.0992836e-001
 3.1075004e-001
 3.1168926e-001
 3.1267211e-001
 3.1372595e-001
 3.1490698e-001
 3.1601283e-001
 3.1706369e-001
 3.1807709e-001
 3.1906587e-001
 3.1999961e-001
 3.2083681e-001
 3.2161745e-001
 3.2255980e-001
 3.2366174e-001
 3.2455438e-001
 3.2545725e-001
 3.2626942e-001
 3.2703212e-001
 3.2768643e-001
 3.2850641e-001
 3.2934469e-001
 3.3019066e-001
 3.3087394e-001
 3.3133775e-001
 3.3189529e-001
 3.3244765e-001
 3.3292305e-001
 3.3311087e-001
 3.3354691e-001
 3.3378369e-001
 3.3421844e-001
 3.3508822e-001
 3.3638725e-001
 3.3755764e-001
 3.3817413e-001
 3.3842859e-001
 3.3840582e-001
 3.3839360e-001
 3.3791372e-001
 3.3723134e-001
 3.3634105e-001
 3.3409899e-001
 3.2949930e-001
 3.2961830e-001
 3.2865515e-001
 3.3104405e-001
 3.2928371e-001
 3.2517174e-001
 3.2297850e-001
 3.2254153e-001
 3.2294631e-001
 3.2338393e-001
 3.2327428e-001
 3.2355574e-001
 3.2404220e-001
 3.2254028e-001
 3.2268158e-001
 3.2988983e-001
 3.3546749e-001
 3.3885685e-001
 3.4100345e-001
 3.4257644e-001
 3.4386244e-001
 3.4493995e-001
 3.4592274e-001
 3.4632400e-001
 3.4608451e-001
 3.4526297e-001
 3.4458271e-001
 3.4344950e-001
 3.4042692e-001
 3.3538535e-001
 3.3425516e-001
 3.3717033e-001
 3.4028456e-001
 3.4175724e-001
 3.4108272e-001
 3.3917966e-001
 3.3632565e-001
 3.3180612e-001
 3.2563099e-001
 3.1827605e-001
 3.0800092e-001
 2.9506445e-001
 2.7796423e-001
 2.6049152e-001
 2.4852067e-001
 2.4103785e-001
 2.3129860e-001
 2.1419324e-001
 2.0122766e-001
 2.1175423e-001
 2.4891451e-001
 2.9055142e-001
 3.1302297e-001
 3.2039520e-001
 3.1950060e-001
 3.1792688e-001
 3.1321344e-001
 3.0400622e-001
 2.9045025e-001
 2.7567041e-001
 2.5655270e-001
 2.3324126e-001
 2.0818053e-001
 1.9200458e-001
 1.8260553e-001
-1.2300000e+034
