s07_AV97 Record=2867: Richterite NMNH150800 HCl    NIC4bb RREF
-1.2300000e+034
-1.2300000e+034
-1.2300000e+034
-1.2300000e+034
-1.2300000e+034
-1.2300000e+034
-1.2300000e+034
-1.2300000e+034
-1.2300000e+034
-1.2300000e+034
-1.2300000e+034
-1.2300000e+034
-1.2300000e+034
-1.2300000e+034
-1.2300000e+034
-1.2300000e+034
-1.2300000e+034
-1.2300000e+034
-1.2300000e+034
-1.2300000e+034
-1.2300000e+034
-1.2300000e+034
-1.2300000e+034
-1.2300000e+034
-1.2300000e+034
-1.2300000e+034
-1.2300000e+034
-1.2300000e+034
-1.2300000e+034
-1.2300000e+034
-1.2300000e+034
-1.2300000e+034
-1.2300000e+034
-1.2300000e+034
-1.2300000e+034
-1.2300000e+034
-1.2300000e+034
-1.2300000e+034
-1.2300000e+034
-1.2300000e+034
-1.2300000e+034
-1.2300000e+034
-1.2300000e+034
-1.2300000e+034
-1.2300000e+034
-1.2300000e+034
-1.2300000e+034
-1.2300000e+034
-1.2300000e+034
-1.2300000e+034
-1.2300000e+034
-1.2300000e+034
-1.2300000e+034
-1.2300000e+034
-1.2300000e+034
-1.2300000e+034
-1.2300000e+034
-1.2300000e+034
-1.2300000e+034
-1.2300000e+034
-1.2300000e+034
-1.2300000e+034
-1.2300000e+034
-1.2300000e+034
-1.2300000e+034
-1.2300000e+034
-1.2300000e+034
-1.2300000e+034
-1.2300000e+034
-1.2300000e+034
-1.2300000e+034
-1.2300000e+034
-1.2300000e+034
-1.2300000e+034
-1.2300000e+034
-1.2300000e+034
-1.2300000e+034
-1.2300000e+034
-1.2300000e+034
-1.2300000e+034
-1.2300000e+034
-1.2300000e+034
-1.2300000e+034
-1.2300000e+034
-1.2300000e+034
-1.2300000e+034
-1.2300000e+034
-1.2300000e+034
-1.2300000e+034
-1.2300000e+034
-1.2300000e+034
-1.2300000e+034
-1.2300000e+034
-1.2300000e+034
-1.2300000e+034
-1.2300000e+034
-1.2300000e+034
-1.2300000e+034
-1.2300000e+034
-1.2300000e+034
-1.2300000e+034
-1.2300000e+034
-1.2300000e+034
-1.2300000e+034
-1.2300000e+034
-1.2300000e+034
-1.2300000e+034
-1.2300000e+034
 6.8137294e-001
 6.6444874e-001
 6.5808451e-001
 6.6543216e-001
 6.6031092e-001
 6.5357757e-001
 6.4828420e-001
 6.4420450e-001
 6.4111060e-001
 6.3867360e-001
 6.3744682e-001
 6.3781679e-001
 6.3934362e-001
 6.4129913e-001
 6.4323694e-001
 6.4534408e-001
 6.4794499e-001
 6.5147328e-001
 6.5551776e-001
 6.5927047e-001
 6.6272461e-001
 6.6572541e-001
 6.6867256e-001
 6.7230642e-001
 6.7611849e-001
 6.7974377e-001
 6.8300802e-001
 6.8554646e-001
 6.8782550e-001
 6.9019455e-001
 6.9301617e-001
 6.9585955e-001
 6.9865614e-001
 7.0089602e-001
 7.0250082e-001
 7.0377189e-001
 7.0519900e-001
 7.0703173e-001
 7.0907682e-001
 7.1098197e-001
 7.1268773e-001
 7.1379149e-001
 7.1437782e-001
 7.1481258e-001
 7.1513236e-001
 7.1599209e-001
 7.1704590e-001
 7.1815616e-001
 7.1904743e-001
 7.1968955e-001
 7.1965122e-001
 7.1943623e-001
 7.1952897e-001
 7.1898687e-001
 7.1818817e-001
 7.1791297e-001
 7.1843964e-001
 7.1933973e-001
 7.2012407e-001
 7.2061783e-001
 7.2040832e-001
 7.1968234e-001
 7.1861309e-001
 7.1771836e-001
 7.1709883e-001
 7.1675706e-001
 7.1684521e-001
 7.1714723e-001
 7.1738380e-001
 7.1661329e-001
 7.1447092e-001
 7.1170020e-001
 7.0922321e-001
 7.0686370e-001
 7.0482534e-001
 7.0293725e-001
 7.0286185e-001
 7.0401722e-001
 7.0593017e-001
 7.0713490e-001
 7.0762563e-001
 7.0850497e-001
 7.0908791e-001
 7.0940232e-001
 7.0951819e-001
 7.1013534e-001
 7.1120328e-001
 7.1190250e-001
 7.1159089e-001
 7.1025044e-001
 7.0777369e-001
 7.0257062e-001
 6.9356340e-001
 6.8177968e-001
 6.5827978e-001
 6.2314641e-001
 6.3125646e-001
 6.7755789e-001
 6.9783759e-001
 6.9970095e-001
 6.9229114e-001
 6.7053974e-001
 6.4994180e-001
 6.6851425e-001
 6.9435263e-001
 7.1008867e-001
 7.1250272e-001
 7.1287394e-001
 7.1290654e-001
 7.1425724e-001
 7.1656883e-001
 7.2015482e-001
 7.2589666e-001
 7.3061782e-001
 7.3572606e-001
 7.4081957e-001
