s07_AV97 Record=1985: Malachite HS254.2B           ASDFRb AREF
 5.6996219e-002
 7.0750341e-002
 9.1511667e-002
 1.1389754e-001
 1.3650441e-001
 1.5559235e-001
 1.7083050e-001
 1.8417767e-001
 1.9713601e-001
 2.1052811e-001
 2.2429319e-001
 2.3765796e-001
 2.4988973e-001
 2.6061660e-001
 2.6970023e-001
 2.7704397e-001
 2.8214559e-001
 2.8425953e-001
 2.8251961e-001
 2.7631885e-001
 2.6565486e-001
 2.5125214e-001
 2.3469390e-001
 2.1834886e-001
 2.0216134e-001
 1.8750566e-001
 1.7339113e-001
 1.6126892e-001
 1.5120789e-001
 1.4285181e-001
 1.3602655e-001
 1.3036324e-001
 1.3700947e-001
 1.3136180e-001
 1.2655389e-001
 1.2246411e-001
 1.1875284e-001
 1.1547346e-001
 1.1249955e-001
 1.0993128e-001
 1.0779105e-001
 1.0598268e-001
 1.0458405e-001
 1.0345503e-001
 1.0264178e-001
 1.0206395e-001
 1.0165304e-001
 1.0144579e-001
 1.0146046e-001
 1.0165331e-001
 1.0218979e-001
 1.0309494e-001
 1.0449485e-001
 1.0635429e-001
 1.0874139e-001
 1.1175264e-001
 1.1528122e-001
 1.1931786e-001
 1.2400173e-001
 1.2910779e-001
 1.3448715e-001
 1.4005600e-001
 1.4589036e-001
 1.5169233e-001
 1.5756945e-001
 1.6347158e-001
 1.6916701e-001
 1.7448957e-001
 1.7933591e-001
 1.8277135e-001
 1.8820587e-001
 1.9101103e-001
 1.9344014e-001
 1.9614008e-001
 1.9692479e-001
 1.9852036e-001
 1.9918507e-001
 1.9943877e-001
 1.9973557e-001
 1.9922470e-001
 1.9923700e-001
 1.9884460e-001
 1.9876006e-001
 1.9856928e-001
 1.9855630e-001
 1.9891246e-001
 1.9910346e-001
 1.9930099e-001
 1.9982864e-001
 2.0079032e-001
 2.0174816e-001
 2.0320506e-001
 2.0441271e-001
 2.0607935e-001
 2.0739692e-001
 2.0922083e-001
 2.0645694e-001
 2.0835593e-001
 2.1026081e-001
 2.1205233e-001
 2.1435919e-001
 2.1649913e-001
 2.1918605e-001
 2.2171943e-001
 2.2469543e-001
 2.2753583e-001
 2.3030114e-001
 2.3366301e-001
 2.3734340e-001
 2.4082372e-001
 2.4462938e-001
 2.4875492e-001
 2.5284740e-001
 2.5731167e-001
 2.6175204e-001
 2.6618713e-001
 2.7066541e-001
 2.7536896e-001
 2.7998281e-001
 2.8481683e-001
 2.8937495e-001
 2.9419056e-001
 2.9890206e-001
 3.0325288e-001
 3.0804110e-001
 3.1352147e-001
 3.1932724e-001
 3.2533231e-001
 3.3140323e-001
 3.3703148e-001
 3.4320760e-001
 3.5006726e-001
 3.5655373e-001
 3.6374560e-001
 3.7071651e-001
 3.7765381e-001
 3.8457736e-001
 3.9171323e-001
 3.9865813e-001
 4.0488464e-001
 4.1164374e-001
 4.1852680e-001
 4.2566177e-001
 4.3223971e-001
 4.3871704e-001
 4.4510549e-001
 4.5170641e-001
 4.5760137e-001
 4.6375293e-001
 4.7046056e-001
 4.7629705e-001
 4.8231262e-001
 4.8730981e-001
 4.9116617e-001
 4.9414030e-001
 4.9702397e-001
 5.0287771e-001
 5.1012242e-001
 5.1484787e-001
 5.1870209e-001
 5.1755351e-001
 5.1980537e-001
 5.2044618e-001
 5.2081907e-001
 5.2268195e-001
 5.2671129e-001
 5.2989447e-001
 5.3253853e-001
 5.3531653e-001
 5.3848439e-001
 5.4069245e-001
 5.4150945e-001
 5.4139739e-001
 5.4111314e-001
 5.4064441e-001
 5.4118711e-001
 5.4579222e-001
 5.5161566e-001
 5.5492544e-001
 5.5724889e-001
 5.5966300e-001
 5.6108743e-001
 5.6085378e-001
 5.6254661e-001
 5.6587082e-001
 5.6913441e-001
 5.6831515e-001
 5.6370336e-001
 5.5659473e-001
 5.4886860e-001
 5.3968757e-001
 5.2600187e-001
 5.0202274e-001
 4.6808812e-001
 4.5034489e-001
 4.4727513e-001
 4.3772337e-001
 4.2116895e-001
 3.8993177e-001
 3.7135613e-001
 3.8179067e-001
 4.0529120e-001
 4.3017659e-001
 4.5474023e-001
 4.6794483e-001
 4.6309718e-001
 4.3784568e-001
 4.0369532e-001
 3.8827696e-001
 3.9622119e-001
 3.9891058e-001
 3.9569113e-001
 3.9157522e-001
 3.9325541e-001
 3.9936966e-001
 4.0261379e-001
 4.1313115e-001
 4.2608285e-001
 4.4634965e-001
 4.5957896e-001
 4.7168887e-001
 4.8066539e-001
 4.8903120e-001
-1.2300000e+034
