s07_AV97 Record=4084: Muscovite-medlowAl CU91-250A ASDNGb AREF
 3.2932353e-001
 3.4818935e-001
 3.7030339e-001
 3.9292413e-001
 4.1087389e-001
 4.2526612e-001
 4.3932998e-001
 4.5455173e-001
 4.6947205e-001
 4.8141474e-001
 4.9033856e-001
 4.9887207e-001
 5.0859529e-001
 5.2001059e-001
 5.3245831e-001
 5.4542136e-001
 5.5860335e-001
 5.7165581e-001
 5.8391464e-001
 5.9441376e-001
 6.0298836e-001
 6.0973561e-001
 6.1531317e-001
 6.1978328e-001
 6.2345594e-001
 6.2653232e-001
 6.2937003e-001
 6.3221383e-001
 6.3502777e-001
 6.3801742e-001
 6.4131075e-001
 6.4468473e-001
 6.4076322e-001
 6.4406139e-001
 6.4714444e-001
 6.5051013e-001
 6.5409511e-001
 6.5755385e-001
 6.6077441e-001
 6.6360217e-001
 6.6592580e-001
 6.6814178e-001
 6.7008078e-001
 6.7159337e-001
 6.7272252e-001
 6.7345172e-001
 6.7387402e-001
 6.7421633e-001
 6.7437631e-001
 6.7428988e-001
 6.7407590e-001
 6.7380673e-001
 6.7356998e-001
 6.7342627e-001
 6.7354429e-001
 6.7394918e-001
 6.7459345e-001
 6.7550451e-001
 6.7667443e-001
 6.7815006e-001
 6.7979199e-001
 6.8133259e-001
 6.8198508e-001
 6.8202400e-001
 6.8476295e-001
 6.8799996e-001
 6.8984377e-001
 6.9118828e-001
 6.9226772e-001
 6.9338161e-001
 6.9437367e-001
 6.9524109e-001
 6.9630873e-001
 6.9719619e-001
 6.9822937e-001
 6.9927132e-001
 7.0043135e-001
 7.0176089e-001
 7.0325339e-001
 7.0488077e-001
 7.0666659e-001
 7.0846373e-001
 7.1020180e-001
 7.1198398e-001
 7.1400654e-001
 7.1606863e-001
 7.1824068e-001
 7.2046053e-001
 7.2278857e-001
 7.2511739e-001
 7.2732055e-001
 7.2945154e-001
 7.3138261e-001
 7.3334438e-001
 7.3580587e-001
 7.3809373e-001
 7.3446929e-001
 7.3698831e-001
 7.3909706e-001
 7.4041045e-001
 7.4067807e-001
 7.4159229e-001
 7.4282479e-001
 7.4418366e-001
 7.4591112e-001
 7.4788111e-001
 7.4881947e-001
 7.4752069e-001
 7.4266970e-001
 7.2939348e-001
 6.8748713e-001
 6.2982458e-001
 6.1651862e-001
 6.7351764e-001
 7.2502029e-001
 7.4462277e-001
 7.5106901e-001
 7.5402796e-001
 7.5729781e-001
 7.6059955e-001
 7.6314980e-001
 7.6518577e-001
 7.6710898e-001
 7.6883674e-001
 7.7031189e-001
 7.7161145e-001
 7.7290308e-001
 7.7426547e-001
 7.7564138e-001
 7.7690029e-001
 7.7791917e-001
 7.7880901e-001
 7.7957243e-001
 7.8018117e-001
 7.8079641e-001
 7.8140575e-001
 7.8203118e-001
 7.8252906e-001
 7.8301501e-001
 7.8357053e-001
 7.8397101e-001
 7.8430903e-001
 7.8455549e-001
 7.8446817e-001
 7.8405589e-001
 7.8343946e-001
 7.8277403e-001
 7.8216952e-001
 7.8182584e-001
 7.8168714e-001
 7.8164411e-001
 7.8119135e-001
 7.8054512e-001
 7.7924013e-001
 7.7745366e-001
 7.7539301e-001
 7.7449387e-001
 7.7317148e-001
 7.6691473e-001
 7.5083905e-001
 7.5698799e-001
 7.3324358e-001
 6.9944453e-001
 6.8146288e-001
 6.8935692e-001
 7.0176160e-001
 7.1052760e-001
 7.1577370e-001
 7.1901613e-001
 7.2139704e-001
 7.2381371e-001
 7.2637981e-001
 7.2905338e-001
 7.3240703e-001
 7.3561281e-001
 7.3828113e-001
 7.3981804e-001
 7.4063814e-001
 7.4068958e-001
 7.3921680e-001
 7.3568648e-001
 7.2926629e-001
 7.2061795e-001
 7.1301210e-001
 7.0882291e-001
 7.0824236e-001
 7.0605958e-001
 6.9725680e-001
 6.7918223e-001
 6.5032667e-001
 6.0688221e-001
 5.5560446e-001
 5.2256680e-001
 5.2549559e-001
 5.5762088e-001
 5.9670234e-001
 6.2550569e-001
 6.4281499e-001
 6.5631074e-001
 6.6575664e-001
 6.6825742e-001
 6.6232532e-001
 6.4950222e-001
 6.2990665e-001
 6.0697389e-001
 5.8257860e-001
 5.5995691e-001
 5.4741699e-001
 5.5189854e-001
 5.5998260e-001
 5.6140602e-001
 5.6039929e-001
 5.5784279e-001
 5.4959518e-001
 5.3588617e-001
 5.2124119e-001
 5.1240176e-001
 5.1182199e-001
 5.1597691e-001
 5.2230489e-001
 5.2679348e-001
 5.3105617e-001
 5.3284740e-001
-1.2300000e+034
