s07_AV97 Record=2035: Microcline HS103.3B Feldspar  BECKc AREF
 5.1870525e-001
 5.1311201e-001
 5.7474792e-001
 6.0408944e-001
 6.0991633e-001
 6.1384660e-001
 6.3444436e-001
 6.4623493e-001
 6.6313243e-001
 6.8591678e-001
 6.9762176e-001
 7.0419842e-001
 7.1161652e-001
 7.2043115e-001
 7.2935575e-001
 7.4155903e-001
 7.5097245e-001
 7.6049381e-001
 7.6623297e-001
 7.7025062e-001
 7.7450919e-001
 7.7954626e-001
 7.8266579e-001
 7.8645980e-001
 7.8475952e-001
 7.8599846e-001
 7.8716266e-001
 7.8943574e-001
 7.9030299e-001
 7.9238856e-001
 7.9640621e-001
 7.9883534e-001
 7.9579967e-001
 7.9867488e-001
 7.9911059e-001
 8.0111271e-001
 8.0180579e-001
 8.0342233e-001
 8.0462152e-001
 8.0626619e-001
 8.0613524e-001
 8.0784452e-001
 8.0659944e-001
 8.0806065e-001
 8.0931908e-001
 8.0976504e-001
 8.0807656e-001
 8.0584151e-001
 8.0816996e-001
 8.0463022e-001
 7.9500818e-001
 7.9991949e-001
 8.0601114e-001
 8.0294263e-001
 7.9935682e-001
 7.9878116e-001
 7.9438728e-001
 7.8810537e-001
 7.9037857e-001
 7.8930873e-001
 7.7990150e-001
 7.8099674e-001
 7.7643198e-001
 7.7436405e-001
 7.6662338e-001
 7.6425272e-001
 7.5688004e-001
 7.5629503e-001
 7.5023943e-001
 7.4669462e-001
 7.4311942e-001
 7.3756641e-001
 7.3555958e-001
 7.3203367e-001
 7.2885740e-001
 7.2205710e-001
 7.1681815e-001
 7.1588707e-001
 7.1331346e-001
 7.0833659e-001
 7.0630622e-001
 7.0400470e-001
 6.9998395e-001
 6.9794852e-001
 6.9701475e-001
 6.9265103e-001
 6.9120240e-001
 6.9150817e-001
 6.8956822e-001
 6.8950826e-001
 6.8946320e-001
 6.8739486e-001
 6.8829370e-001
 6.8736124e-001
 6.8613535e-001
 6.8783140e-001
 6.8634433e-001
 6.8738621e-001
 6.8688601e-001
 6.8563646e-001
 6.8451619e-001
 6.8628651e-001
 6.8764627e-001
 6.8781030e-001
 6.8672276e-001
 6.8764389e-001
 6.8899173e-001
 6.8949652e-001
 6.9131839e-001
 6.8870169e-001
 6.8826091e-001
 6.8860245e-001
 6.8786585e-001
 6.9199622e-001
 6.9673353e-001
 6.9742674e-001
 7.0189875e-001
 7.0480734e-001
 7.0573419e-001
 7.0937717e-001
 7.1524298e-001
 7.1917582e-001
 7.1779764e-001
 7.2171921e-001
 7.2454649e-001
 7.3033994e-001
 7.3058182e-001
 7.3418278e-001
 7.3617023e-001
 7.3814827e-001
 7.4210352e-001
 7.4507082e-001
 7.4600726e-001
 7.4771607e-001
 7.5029457e-001
 7.5272614e-001
 7.5478423e-001
 7.5683874e-001
 7.5950813e-001
 7.6007599e-001
 7.6160967e-001
 7.6555026e-001
 7.6656318e-001
 7.6786983e-001
 7.6687634e-001
 7.6908594e-001
 7.7102119e-001
 7.7140635e-001
 7.7251852e-001
 7.7231002e-001
 7.7277029e-001
 7.7427799e-001
 7.7187520e-001
 7.7174330e-001
 7.7293241e-001
 7.7311832e-001
 7.7590519e-001
 7.7707893e-001
 7.7533662e-001
 7.6975089e-001
 7.7187008e-001
 7.6701814e-001
 7.6203120e-001
 7.4741822e-001
 7.4076509e-001
 7.4293709e-001
 7.3990536e-001
 7.4431765e-001
 7.4602342e-001
 7.5232792e-001
 7.5787616e-001
-1.2300000e+034
-1.2300000e+034
-1.2300000e+034
-1.2300000e+034
-1.2300000e+034
-1.2300000e+034
-1.2300000e+034
-1.2300000e+034
-1.2300000e+034
-1.2300000e+034
-1.2300000e+034
-1.2300000e+034
-1.2300000e+034
-1.2300000e+034
-1.2300000e+034
-1.2300000e+034
-1.2300000e+034
-1.2300000e+034
-1.2300000e+034
-1.2300000e+034
-1.2300000e+034
-1.2300000e+034
-1.2300000e+034
-1.2300000e+034
-1.2300000e+034
-1.2300000e+034
-1.2300000e+034
-1.2300000e+034
-1.2300000e+034
-1.2300000e+034
-1.2300000e+034
-1.2300000e+034
-1.2300000e+034
-1.2300000e+034
-1.2300000e+034
-1.2300000e+034
-1.2300000e+034
-1.2300000e+034
-1.2300000e+034
-1.2300000e+034
-1.2300000e+034
-1.2300000e+034
-1.2300000e+034
-1.2300000e+034
-1.2300000e+034
-1.2300000e+034
-1.2300000e+034
-1.2300000e+034
-1.2300000e+034
-1.2300000e+034
-1.2300000e+034
-1.2300000e+034
-1.2300000e+034
