s07_AV97 Record=687: Calcite WS272               NIC4aaa RREF
-1.2300000e+034
-1.2300000e+034
-1.2300000e+034
-1.2300000e+034
-1.2300000e+034
-1.2300000e+034
-1.2300000e+034
-1.2300000e+034
-1.2300000e+034
-1.2300000e+034
-1.2300000e+034
-1.2300000e+034
-1.2300000e+034
-1.2300000e+034
-1.2300000e+034
-1.2300000e+034
-1.2300000e+034
-1.2300000e+034
-1.2300000e+034
-1.2300000e+034
-1.2300000e+034
-1.2300000e+034
-1.2300000e+034
-1.2300000e+034
-1.2300000e+034
-1.2300000e+034
-1.2300000e+034
-1.2300000e+034
-1.2300000e+034
-1.2300000e+034
-1.2300000e+034
-1.2300000e+034
-1.2300000e+034
-1.2300000e+034
-1.2300000e+034
-1.2300000e+034
-1.2300000e+034
-1.2300000e+034
-1.2300000e+034
-1.2300000e+034
-1.2300000e+034
-1.2300000e+034
-1.2300000e+034
-1.2300000e+034
-1.2300000e+034
-1.2300000e+034
-1.2300000e+034
-1.2300000e+034
-1.2300000e+034
-1.2300000e+034
-1.2300000e+034
-1.2300000e+034
-1.2300000e+034
-1.2300000e+034
-1.2300000e+034
-1.2300000e+034
-1.2300000e+034
-1.2300000e+034
-1.2300000e+034
-1.2300000e+034
-1.2300000e+034
-1.2300000e+034
-1.2300000e+034
-1.2300000e+034
-1.2300000e+034
-1.2300000e+034
-1.2300000e+034
-1.2300000e+034
-1.2300000e+034
-1.2300000e+034
-1.2300000e+034
-1.2300000e+034
-1.2300000e+034
-1.2300000e+034
-1.2300000e+034
-1.2300000e+034
-1.2300000e+034
-1.2300000e+034
-1.2300000e+034
-1.2300000e+034
-1.2300000e+034
-1.2300000e+034
-1.2300000e+034
-1.2300000e+034
-1.2300000e+034
-1.2300000e+034
-1.2300000e+034
-1.2300000e+034
-1.2300000e+034
-1.2300000e+034
-1.2300000e+034
-1.2300000e+034
-1.2300000e+034
-1.2300000e+034
-1.2300000e+034
-1.2300000e+034
-1.2300000e+034
-1.2300000e+034
-1.2300000e+034
-1.2300000e+034
-1.2300000e+034
-1.2300000e+034
-1.2300000e+034
-1.2300000e+034
-1.2300000e+034
-1.2300000e+034
-1.2300000e+034
-1.2300000e+034
-1.2300000e+034
-1.2300000e+034
-1.2300000e+034
-1.2300000e+034
-1.2300000e+034
-1.2300000e+034
-1.2300000e+034
-1.2300000e+034
-1.2300000e+034
-1.2300000e+034
-1.2300000e+034
-1.2300000e+034
-1.2300000e+034
-1.2300000e+034
-1.2300000e+034
-1.2300000e+034
-1.2300000e+034
-1.2300000e+034
-1.2300000e+034
-1.2300000e+034
-1.2300000e+034
-1.2300000e+034
 5.4925120e-001
 5.5207103e-001
 5.5494124e-001
 5.5763721e-001
 5.6018817e-001
 5.6239682e-001
 5.6439483e-001
 5.6623942e-001
 5.6806320e-001
 5.7017714e-001
 5.7228035e-001
 5.7403255e-001
 5.7549387e-001
 5.7672310e-001
 5.7788068e-001
 5.7933402e-001
 5.8095437e-001
 5.8269960e-001
 5.8470744e-001
 5.8589971e-001
 5.8681995e-001
 5.8759391e-001
 5.8834505e-001
 5.8911544e-001
 5.8973348e-001
 5.9019941e-001
 5.9049791e-001
 5.9026808e-001
 5.8891022e-001
 5.8874756e-001
 5.8843797e-001
 5.9002054e-001
 5.9073466e-001
 5.9070921e-001
 5.9104782e-001
 5.9146410e-001
 5.9186512e-001
 5.9197760e-001
 5.9156156e-001
 5.9098053e-001
 5.9043127e-001
 5.8941221e-001
 5.8878374e-001
 5.9099871e-001
 5.9293908e-001
 5.9419781e-001
 5.9495568e-001
 5.9526974e-001
 5.9525329e-001
 5.9494287e-001
 5.9470445e-001
 5.9392238e-001
 5.9289432e-001
 5.9186363e-001
 5.9100735e-001
 5.9061795e-001
 5.8959830e-001
 5.8824670e-001
 5.8789968e-001
 5.8886737e-001
 5.8998221e-001
 5.9020603e-001
 5.8970577e-001
 5.8852845e-001
 5.8687329e-001
 5.8466405e-001
 5.8211780e-001
 5.7933307e-001
 5.7582146e-001
 5.7179451e-001
 5.6622982e-001
 5.5976379e-001
 5.5529284e-001
 5.5221856e-001
 5.4794836e-001
 5.3931409e-001
 5.3161186e-001
 5.3563195e-001
 5.5109376e-001
 5.6687534e-001
 5.7393909e-001
 5.7574892e-001
 5.7528740e-001
 5.7484943e-001
 5.7374883e-001
 5.7062793e-001
 5.6619322e-001
 5.6090051e-001
 5.5409443e-001
 5.4415411e-001
 5.3232521e-001
 5.2273864e-001
 5.1752704e-001
 5.1376641e-001
