s07_AV97 Record=1286: Glauconite HS313.4B          ASDFRc AREF
 3.6739849e-002
 3.8858987e-002
 4.1953322e-002
 4.3423079e-002
 4.5070484e-002
 4.6247568e-002
 4.7676355e-002
 4.9036052e-002
 5.0018881e-002
 5.1148415e-002
 5.2727941e-002
 5.4760903e-002
 5.6635104e-002
 5.8271244e-002
 5.9969783e-002
 6.1615404e-002
 6.3151523e-002
 6.4432308e-002
 6.5380625e-002
 6.5773331e-002
 6.5592758e-002
 6.4836301e-002
 6.3630819e-002
 6.2444519e-002
 6.1109141e-002
 5.9635464e-002
 5.8190968e-002
 5.6787089e-002
 5.5505708e-002
 5.4351564e-002
 5.3322006e-002
 5.2351266e-002
 5.3486075e-002
 5.2513879e-002
 5.1682808e-002
 5.0838105e-002
 5.0090406e-002
 4.9439553e-002
 4.8878439e-002
 4.8351932e-002
 4.7911841e-002
 4.7589924e-002
 4.7317598e-002
 4.7098897e-002
 4.6869967e-002
 4.6742097e-002
 4.6628185e-002
 4.6487663e-002
 4.6352264e-002
 4.6209887e-002
 4.6052311e-002
 4.5785252e-002
 4.5458864e-002
 4.5081235e-002
 4.4690691e-002
 4.4299264e-002
 4.3915037e-002
 4.3516327e-002
 4.3165006e-002
 4.2828396e-002
 4.2497694e-002
 4.2228773e-002
 4.1972391e-002
 4.1779179e-002
 4.1597798e-002
 4.1382201e-002
 4.1194536e-002
 4.0987935e-002
 4.0744919e-002
 4.0150382e-002
 4.0624637e-002
 4.0403109e-002
 4.0105484e-002
 4.0148366e-002
 3.9837390e-002
 3.9947547e-002
 4.0008377e-002
 3.9935641e-002
 4.0295795e-002
 4.0168475e-002
 4.0307201e-002
 4.0168565e-002
 4.0290166e-002
 4.0532660e-002
 4.0659189e-002
 4.0847667e-002
 4.0984716e-002
 4.1002441e-002
 4.1288465e-002
 4.1426234e-002
 4.1543733e-002
 4.1930221e-002
 4.2129528e-002
 4.2405903e-002
 4.2522699e-002
 4.2699713e-002
 4.2306971e-002
 4.2665482e-002
 4.2861726e-002
 4.3015674e-002
 4.3171097e-002
 4.3368664e-002
 4.3762721e-002
 4.3952543e-002
 4.4177607e-002
 4.4320349e-002
 4.4630948e-002
 4.4953767e-002
 4.5205712e-002
 4.5505702e-002
 4.5570876e-002
 4.5642287e-002
 4.5762789e-002
 4.6002660e-002
 4.6184998e-002
 4.6371136e-002
 4.6675351e-002
 4.6987288e-002
 4.7484323e-002
 4.7783725e-002
 4.8073240e-002
 4.8548374e-002
 4.8944224e-002
 4.9360134e-002
 4.9732894e-002
 5.0231714e-002
 5.0533604e-002
 5.0905257e-002
 5.1210016e-002
 5.1656101e-002
 5.2041281e-002
 5.2598145e-002
 5.2868884e-002
 5.3284857e-002
 5.3757627e-002
 5.4154441e-002
 5.4524500e-002
 5.5225667e-002
 5.5934116e-002
 5.6398019e-002
 5.6947753e-002
 5.7605367e-002
 5.8269531e-002
 5.8970317e-002
 5.9684973e-002
 6.0351904e-002
 6.1088637e-002
 6.1484024e-002
 6.2288240e-002
 6.3056573e-002
 6.3737676e-002
 6.4618945e-002
 6.5710761e-002
 6.6543184e-002
 6.7135654e-002
 6.7980431e-002
 6.8808034e-002
 6.9597118e-002
 7.0619769e-002
 7.0724525e-002
 7.0797645e-002
 7.0634350e-002
 6.9791906e-002
 6.9150560e-002
 7.0118748e-002
 7.1698882e-002
 7.3021472e-002
 7.4370213e-002
 7.5803302e-002
 7.7170648e-002
 7.8639559e-002
 8.0197468e-002
 8.2061924e-002
 8.3729684e-002
 8.5618131e-002
 8.7427661e-002
 8.9195013e-002
 9.0859592e-002
 9.2655368e-002
 9.4412237e-002
 9.6193813e-002
 9.7682327e-002
 9.9153914e-002
 1.0074225e-001
 1.0233788e-001
 1.0344625e-001
 1.0464522e-001
 1.0575950e-001
 1.0705067e-001
 1.0817504e-001
 1.0915546e-001
 1.0961974e-001
 1.0969342e-001
 1.0946609e-001
 1.0847062e-001
 1.0685410e-001
 1.0410730e-001
 1.0128622e-001
 9.9854589e-002
 9.9211037e-002
 9.9047162e-002
 9.2457928e-002
 8.2619317e-002
 7.7280886e-002
 7.9336829e-002
 8.6506180e-002
 8.9152776e-002
 8.6431086e-002
 8.2607642e-002
 8.1970751e-002
 8.6940430e-002
 9.4893597e-002
 1.0148895e-001
 1.0453486e-001
 1.0495170e-001
 1.0299615e-001
 9.9757783e-002
 9.6835844e-002
 9.6130513e-002
 9.3753360e-002
 9.1386966e-002
 8.9800879e-002
 9.0538181e-002
-1.2300000e+034
