s07_AV97 Record=2809: Quartz HS32.3B               ASDFRc AREF
 7.4468410e-001
 7.5522339e-001
 7.6356524e-001
 7.7095985e-001
 7.7717167e-001
 7.8353411e-001
 7.8996056e-001
 7.9651582e-001
 8.0277586e-001
 8.0847144e-001
 8.1366265e-001
 8.1849110e-001
 8.2297808e-001
 8.2729346e-001
 8.3119595e-001
 8.3479500e-001
 8.3792192e-001
 8.4078550e-001
 8.4326428e-001
 8.4572780e-001
 8.4817851e-001
 8.5053974e-001
 8.5235035e-001
 8.5341227e-001
 8.5483283e-001
 8.5544813e-001
 8.5622096e-001
 8.5716832e-001
 8.5790700e-001
 8.5876656e-001
 8.5971016e-001
 8.6063999e-001
 8.5953671e-001
 8.6048609e-001
 8.6132789e-001
 8.6228311e-001
 8.6303312e-001
 8.6377466e-001
 8.6471140e-001
 8.6557281e-001
 8.6643624e-001
 8.6714530e-001
 8.6783648e-001
 8.6853456e-001
 8.6935508e-001
 8.7008542e-001
 8.7071598e-001
 8.7150198e-001
 8.7214231e-001
 8.7284148e-001
 8.7356770e-001
 8.7426573e-001
 8.7520522e-001
 8.7601608e-001
 8.7704337e-001
 8.7801772e-001
 8.7901711e-001
 8.7996453e-001
 8.8071883e-001
 8.8173068e-001
 8.8258982e-001
 8.8352138e-001
 8.8422424e-001
 8.8504827e-001
 8.8616931e-001
 8.8704747e-001
 8.8785255e-001
 8.8870150e-001
 8.8964856e-001
 8.9018303e-001
 8.9063710e-001
 8.9128739e-001
 8.9125144e-001
 8.9142555e-001
 8.9200765e-001
 8.9288455e-001
 8.9315563e-001
 8.9365250e-001
 8.9417446e-001
 8.9433968e-001
 8.9487165e-001
 8.9496392e-001
 8.9510769e-001
 8.9507872e-001
 8.9542162e-001
 8.9564127e-001
 8.9538968e-001
 8.9534909e-001
 8.9520091e-001
 8.9551252e-001
 8.9544231e-001
 8.9600867e-001
 8.9621037e-001
 8.9632195e-001
 8.9673126e-001
 8.9696991e-001
 8.9649218e-001
 8.9692706e-001
 8.9697278e-001
 8.9708620e-001
 8.9716041e-001
 8.9705414e-001
 8.9694798e-001
 8.9687592e-001
 8.9687347e-001
 8.9685094e-001
 8.9698678e-001
 8.9695543e-001
 8.9695567e-001
 8.9680392e-001
 8.9665121e-001
 8.9674449e-001
 8.9670056e-001
 8.9744222e-001
 8.9785552e-001
 8.9789379e-001
 8.9797479e-001
 8.9887887e-001
 8.9927530e-001
 8.9940721e-001
 8.9978462e-001
 8.9988846e-001
 9.0002787e-001
 9.0077716e-001
 9.0106910e-001
 9.0114325e-001
 9.0128422e-001
 9.0161985e-001
 9.0179139e-001
 9.0237707e-001
 9.0237606e-001
 9.0210909e-001
 9.0243179e-001
 9.0260172e-001
 9.0326041e-001
 9.0311748e-001
 9.0345496e-001
 9.0358257e-001
 9.0389633e-001
 9.0367860e-001
 9.0378892e-001
 9.0353429e-001
 9.0408057e-001
 9.0431583e-001
 9.0353113e-001
 9.0288383e-001
 9.0277040e-001
 9.0290624e-001
 9.0301180e-001
 9.0440392e-001
 9.0453309e-001
 9.0455645e-001
 9.0441805e-001
 9.0414774e-001
 9.0342969e-001
 9.0373474e-001
 9.0429825e-001
 9.0516138e-001
 9.0501434e-001
 9.0520787e-001
 9.0535676e-001
 9.0464026e-001
 9.0284252e-001
 9.0189379e-001
 9.0084267e-001
 9.0096700e-001
 9.0133470e-001
 9.0182191e-001
 9.0117943e-001
 9.0114421e-001
 9.0243590e-001
 9.0350401e-001
 9.0389568e-001
 9.0445757e-001
 9.0570003e-001
 9.0727627e-001
 9.0864044e-001
 9.0974212e-001
 9.1128826e-001
 9.1261518e-001
 9.1389322e-001
 9.1546082e-001
 9.1495138e-001
 9.1481024e-001
 9.1575700e-001
 9.1574031e-001
 9.1475713e-001
 9.1261649e-001
 9.1034359e-001
 9.0918195e-001
 9.0791398e-001
 9.0618002e-001
 9.0556443e-001
 9.0639293e-001
 9.0657616e-001
 9.0712261e-001
 9.0661085e-001
 9.0736222e-001
 9.0735894e-001
 9.0741217e-001
 9.0734679e-001
 9.0664935e-001
 9.0567243e-001
 9.0542823e-001
 9.0626276e-001
 9.0715432e-001
 9.0727609e-001
 9.0702516e-001
 9.0824354e-001
 9.0808517e-001
 9.0702683e-001
 9.0643317e-001
 9.0640843e-001
 9.0459925e-001
 9.0377903e-001
 9.0231675e-001
 9.0123296e-001
 8.9856291e-001
 8.9816290e-001
 8.9518297e-001
 8.9334077e-001
 8.9361125e-001
 8.9435101e-001
-1.2300000e+034
