s07_AV97 Record=298: Ammonio-Jarosite SCF-NHJ      BECKa AREF
 3.1736083e-002
 4.2183489e-002
 6.3107856e-002
 1.0373554e-001
 1.5863480e-001
 1.8765959e-001
 1.7251319e-001
 1.6866186e-001
 2.1670927e-001
 2.7400333e-001
 3.1681511e-001
 3.4862384e-001
 3.7809885e-001
 4.0720522e-001
 4.3592274e-001
 4.6666452e-001
 4.9856088e-001
 5.3014588e-001
 5.6006861e-001
 5.8769548e-001
 6.1162466e-001
 6.2877983e-001
 6.4169347e-001
 6.5119177e-001
 6.5987706e-001
 6.6957021e-001
 6.7958575e-001
 6.8915725e-001
 6.9867110e-001
 7.0898873e-001
 7.2069168e-001
 7.3294801e-001
 7.1873015e-001
 7.3058939e-001
 7.4183708e-001
 7.4974608e-001
 7.5317264e-001
 7.5247264e-001
 7.4750853e-001
 7.3843408e-001
 7.2617459e-001
 7.1095210e-001
 6.9537830e-001
 6.7990780e-001
 6.6401553e-001
 6.4810121e-001
 6.3387239e-001
 6.2002629e-001
 6.0691708e-001
 5.9624010e-001
 5.8649737e-001
 5.7695723e-001
 5.6954879e-001
 5.6221259e-001
 5.5461234e-001
 5.5123073e-001
 5.4975444e-001
 5.4839253e-001
 5.4843211e-001
 5.4673260e-001
 5.5053657e-001
 5.5022204e-001
 5.5409545e-001
 5.5946243e-001
 5.6444407e-001
 5.7082713e-001
 5.7965773e-001
 5.8541846e-001
 5.9379625e-001
 5.9915984e-001
 6.0766500e-001
 6.1438882e-001
 6.2469327e-001
 6.2996560e-001
 6.3787276e-001
 6.4371556e-001
 6.4926094e-001
 6.5769988e-001
 6.6186273e-001
 6.6753596e-001
 6.7293626e-001
 6.8062270e-001
 6.8588591e-001
 6.9128603e-001
 6.9778234e-001
 7.0358962e-001
 7.1070653e-001
 7.1845877e-001
 7.2418970e-001
 7.3169875e-001
 7.3907560e-001
 7.4536252e-001
 7.5194228e-001
 7.5961369e-001
 7.6594961e-001
 7.7231365e-001
 7.6268911e-001
 7.6936167e-001
 7.7583331e-001
 7.8448099e-001
 7.9242837e-001
 7.9870147e-001
 8.0571854e-001
 8.1270236e-001
 8.2173067e-001
 8.2736415e-001
 8.3103704e-001
 8.3375037e-001
 8.3861554e-001
 8.4255946e-001
 8.4560901e-001
 8.4427714e-001
 8.3895218e-001
 8.2614064e-001
 8.0933589e-001
 7.9141009e-001
 7.6167440e-001
 7.4947339e-001
 7.5470650e-001
 7.5087321e-001
 7.4829692e-001
 7.4666727e-001
 7.4878263e-001
 7.5391752e-001
 7.5477284e-001
 7.5570315e-001
 7.6362908e-001
 7.7893740e-001
 7.9082054e-001
 7.9913294e-001
 8.0588698e-001
 8.1083983e-001
 8.1459332e-001
 8.1349760e-001
 8.1469214e-001
 8.1952798e-001
 8.2496679e-001
 8.2565808e-001
 8.2647336e-001
 8.2767189e-001
 8.3086771e-001
 8.3307642e-001
 8.3076471e-001
 8.2895970e-001
 8.2717162e-001
 8.2555866e-001
 8.2651293e-001
 8.2201236e-001
 8.1784147e-001
 8.1624556e-001
 8.1311810e-001
 8.0659318e-001
 8.0090547e-001
 7.9290599e-001
 7.8058255e-001
 7.5382245e-001
 7.3305255e-001
 7.3263741e-001
 7.5269127e-001
 7.6532978e-001
 7.6341861e-001
 7.6319391e-001
 7.5094754e-001
 7.3284453e-001
 7.0864934e-001
 6.7856598e-001
 6.6404325e-001
 6.5750933e-001
 6.4619851e-001
 6.3183534e-001
 6.1315447e-001
 5.8701146e-001
 5.5673146e-001
 5.3967333e-001
 5.3633672e-001
 5.3773218e-001
 5.4016006e-001
 5.3824735e-001
 5.3569007e-001
 5.3108507e-001
 5.2543509e-001
 5.1320744e-001
 4.9629062e-001
 4.8333842e-001
 4.7954366e-001
 4.8929891e-001
 5.0504726e-001
 5.1541519e-001
 5.2431393e-001
 5.3052908e-001
 5.3494829e-001
 5.4366213e-001
 5.5254477e-001
 5.6210345e-001
 5.6872332e-001
 5.7098812e-001
 5.6073076e-001
 5.3113115e-001
 5.0444353e-001
 5.1341033e-001
 5.4456335e-001
 5.7030326e-001
 5.9634912e-001
 6.2972242e-001
 6.3787502e-001
 6.4270836e-001
 6.4445937e-001
 6.4369082e-001
 6.3517487e-001
 6.2418294e-001
 6.1089438e-001
 5.9515810e-001
 5.8344007e-001
 5.7396752e-001
 5.6471169e-001
 5.5442536e-001
 5.4292059e-001
 5.3035301e-001
 5.1863605e-001
 5.0593430e-001
 4.9431926e-001
 4.8438972e-001
 4.7670749e-001
 4.7144574e-001
