s07_AV97 Record=3899: Gyp.5+Kjar.3+hAlmsc.2 AMX24   BECKa AREF
 5.3875417e-001
 5.4865205e-001
 5.6103945e-001
 5.7878369e-001
 5.9993732e-001
 6.1174768e-001
 6.1258262e-001
 6.1473614e-001
 6.3090444e-001
 6.4847136e-001
 6.5947014e-001
 6.6810352e-001
 6.7751956e-001
 6.8546540e-001
 6.9113797e-001
 7.0000744e-001
 7.0916754e-001
 7.1975452e-001
 7.3028493e-001
 7.4032229e-001
 7.4855542e-001
 7.5580651e-001
 7.6104331e-001
 7.6743889e-001
 7.7493244e-001
 7.8238302e-001
 7.8970253e-001
 7.9570782e-001
 8.0202276e-001
 8.0882567e-001
 8.1647933e-001
 8.2432353e-001
 8.1512123e-001
 8.2306397e-001
 8.3004588e-001
 8.3642411e-001
 8.4293228e-001
 8.4454995e-001
 8.4463304e-001
 8.4059656e-001
 8.3570832e-001
 8.2958227e-001
 8.2345796e-001
 8.1415445e-001
 8.0762935e-001
 7.9950571e-001
 7.9445177e-001
 7.8844076e-001
 7.8097779e-001
 7.7570695e-001
 7.7168608e-001
 7.6787972e-001
 7.5900298e-001
 7.5390089e-001
 7.5389314e-001
 7.5075817e-001
 7.4658793e-001
 7.4595636e-001
 7.4366111e-001
 7.4186498e-001
 7.4340165e-001
 7.4009359e-001
 7.3509628e-001
 7.3094547e-001
 7.2817111e-001
 7.2257113e-001
 7.2025645e-001
 7.2261876e-001
 7.2959048e-001
 7.3926604e-001
 7.4766934e-001
 7.5343674e-001
 7.5946051e-001
 7.6308471e-001
 7.6638442e-001
 7.6880449e-001
 7.6969957e-001
 7.7058774e-001
 7.6905811e-001
 7.6934433e-001
 7.6836103e-001
 7.6659030e-001
 7.6277477e-001
 7.5202084e-001
 7.3436016e-001
 7.2053075e-001
 7.1632147e-001
 7.1704513e-001
 7.1676862e-001
 7.2358543e-001
 7.3146826e-001
 7.3543298e-001
 7.4311703e-001
 7.5313473e-001
 7.5804943e-001
 7.6235616e-001
 7.5600636e-001
 7.6019597e-001
 7.6484728e-001
 7.6730919e-001
 7.6866424e-001
 7.6845074e-001
 7.6518083e-001
 7.6073551e-001
 7.5536019e-001
 7.4724841e-001
 7.3748219e-001
 7.2839075e-001
 7.2064739e-001
 7.1559113e-001
 6.9572777e-001
 6.5588325e-001
 6.2236428e-001
 6.1372095e-001
 6.0147196e-001
 5.7403916e-001
 5.8278531e-001
 5.8689195e-001
 5.8871830e-001
 6.0109049e-001
 6.0506094e-001
 6.2247902e-001
 6.3069540e-001
 6.3011253e-001
 6.2625420e-001
 6.3832730e-001
 6.6332257e-001
 6.8427855e-001
 7.0100993e-001
 7.1376532e-001
 7.2735107e-001
 7.3931450e-001
 7.5120300e-001
 7.6158959e-001
 7.7019858e-001
 7.7980644e-001
 7.8561652e-001
 7.8868574e-001
 7.8849047e-001
 7.8577667e-001
 7.7496165e-001
 7.5840026e-001
 7.3340815e-001
 7.0488781e-001
 6.7859674e-001
 6.5821278e-001
 6.5304625e-001
 6.5941048e-001
 6.6388226e-001
 6.7092323e-001
 6.8601769e-001
 6.9453943e-001
 6.9714218e-001
 6.9859314e-001
 6.9335026e-001
 6.7279387e-001
 6.4994681e-001
 6.2995368e-001
 6.0830051e-001
 5.8286619e-001
 5.9165174e-001
 5.6043905e-001
 5.2070963e-001
 4.8200989e-001
 4.4930109e-001
 4.2518193e-001
 4.1394389e-001
 4.1409752e-001
 4.2493188e-001
 4.3380952e-001
 4.3911639e-001
 4.5359191e-001
 4.8231855e-001
 5.1569474e-001
 5.4081768e-001
 5.5450153e-001
 5.6001127e-001
 5.6464922e-001
 5.6506371e-001
 5.5894214e-001
 5.5650985e-001
 5.5135638e-001
 5.3975981e-001
 5.2971065e-001
 5.1977390e-001
 5.1191080e-001
 5.0545496e-001
 4.9524167e-001
 4.7949919e-001
 4.6154100e-001
 4.3697974e-001
 4.0589049e-001
 3.8709232e-001
 3.8189423e-001
 3.9287287e-001
 4.1735184e-001
 4.3186480e-001
 4.3462646e-001
 4.1456288e-001
 3.9805478e-001
 4.1902095e-001
 4.4594684e-001
 4.4477132e-001
 4.4807509e-001
 4.6205258e-001
 4.5632997e-001
 4.4862521e-001
 4.4004440e-001
 4.3274403e-001
 4.1982451e-001
 4.0063614e-001
 3.7934348e-001
 3.5777003e-001
 3.3991086e-001
 3.2814941e-001
 3.2272562e-001
 3.1901392e-001
 3.1184721e-001
 3.0318338e-001
 2.9472885e-001
 2.9028487e-001
 2.8936878e-001
 2.9082417e-001
 2.9357454e-001
