s07_AV97 Record=225: Alunite GDS84 Na03           NIC4aa RREF
-1.2300000e+034
-1.2300000e+034
-1.2300000e+034
-1.2300000e+034
-1.2300000e+034
-1.2300000e+034
-1.2300000e+034
-1.2300000e+034
-1.2300000e+034
-1.2300000e+034
-1.2300000e+034
-1.2300000e+034
-1.2300000e+034
-1.2300000e+034
-1.2300000e+034
-1.2300000e+034
-1.2300000e+034
-1.2300000e+034
-1.2300000e+034
-1.2300000e+034
-1.2300000e+034
-1.2300000e+034
-1.2300000e+034
-1.2300000e+034
-1.2300000e+034
-1.2300000e+034
-1.2300000e+034
-1.2300000e+034
-1.2300000e+034
-1.2300000e+034
-1.2300000e+034
-1.2300000e+034
-1.2300000e+034
-1.2300000e+034
-1.2300000e+034
-1.2300000e+034
-1.2300000e+034
-1.2300000e+034
-1.2300000e+034
-1.2300000e+034
-1.2300000e+034
-1.2300000e+034
-1.2300000e+034
-1.2300000e+034
-1.2300000e+034
-1.2300000e+034
-1.2300000e+034
-1.2300000e+034
-1.2300000e+034
-1.2300000e+034
-1.2300000e+034
-1.2300000e+034
-1.2300000e+034
-1.2300000e+034
-1.2300000e+034
-1.2300000e+034
-1.2300000e+034
-1.2300000e+034
-1.2300000e+034
-1.2300000e+034
-1.2300000e+034
-1.2300000e+034
-1.2300000e+034
-1.2300000e+034
-1.2300000e+034
-1.2300000e+034
-1.2300000e+034
-1.2300000e+034
-1.2300000e+034
-1.2300000e+034
-1.2300000e+034
-1.2300000e+034
-1.2300000e+034
-1.2300000e+034
-1.2300000e+034
-1.2300000e+034
-1.2300000e+034
-1.2300000e+034
-1.2300000e+034
-1.2300000e+034
-1.2300000e+034
-1.2300000e+034
-1.2300000e+034
-1.2300000e+034
-1.2300000e+034
-1.2300000e+034
-1.2300000e+034
-1.2300000e+034
-1.2300000e+034
-1.2300000e+034
-1.2300000e+034
-1.2300000e+034
-1.2300000e+034
-1.2300000e+034
-1.2300000e+034
-1.2300000e+034
-1.2300000e+034
-1.2300000e+034
-1.2300000e+034
-1.2300000e+034
-1.2300000e+034
-1.2300000e+034
-1.2300000e+034
-1.2300000e+034
-1.2300000e+034
-1.2300000e+034
-1.2300000e+034
-1.2300000e+034
-1.2300000e+034
-1.2300000e+034
-1.2300000e+034
-1.2300000e+034
-1.2300000e+034
-1.2300000e+034
-1.2300000e+034
-1.2300000e+034
-1.2300000e+034
 3.9857030e-001
 4.1025633e-001
 4.5844960e-001
 5.2751064e-001
 5.6319004e-001
 5.9394860e-001
 6.1368197e-001
 6.2511826e-001
 6.3314724e-001
 6.3735420e-001
 6.3933057e-001
 6.3925773e-001
 6.3762891e-001
 6.3615042e-001
 6.3482010e-001
 6.3306350e-001
 6.3125694e-001
 6.2867570e-001
 6.2574130e-001
 6.2270463e-001
 6.1906463e-001
 6.1501014e-001
 6.1066157e-001
 6.0631096e-001
 6.0170180e-001
 5.9605563e-001
 5.8644170e-001
 5.7142049e-001
 5.5355436e-001
 5.3617179e-001
 5.2512401e-001
 5.2774203e-001
 5.4579735e-001
 5.7199204e-001
 5.8648914e-001
 5.9019631e-001
 5.9078133e-001
 5.8973795e-001
 5.8791274e-001
 5.8538836e-001
 5.8180457e-001
 5.7675445e-001
 5.6923252e-001
 5.7186002e-001
 5.6316382e-001
 5.5297226e-001
 5.4180664e-001
 5.3193849e-001
 5.2576578e-001
 5.2264571e-001
 5.1888084e-001
 5.1455599e-001
 5.1428652e-001
 5.1577377e-001
 5.1185185e-001
 5.0257260e-001
 4.9546644e-001
 4.9534380e-001
 4.9447972e-001
 4.9009219e-001
 4.8492160e-001
 4.7969720e-001
 4.7846735e-001
 4.7900447e-001
 4.7566184e-001
 4.6548098e-001
 4.4549915e-001
 4.1346094e-001
 3.8222566e-001
 3.6391813e-001
 3.4652892e-001
 3.3014673e-001
 3.3091024e-001
 3.3484060e-001
 3.5761586e-001
 3.9279047e-001
 3.7919796e-001
 4.3508044e-001
 4.9894512e-001
 5.1926988e-001
 5.2530581e-001
 5.2571851e-001
 5.2522659e-001
 5.2264720e-001
 5.1673073e-001
 5.0197494e-001
 4.6287891e-001
 4.2118922e-001
 4.3162629e-001
 4.6472511e-001
 4.8512718e-001
 4.8736852e-001
 4.7493288e-001
 4.4170570e-001
 3.9590529e-001
 3.7236837e-001
 3.6666816e-001
 3.4864986e-001
 3.2550910e-001
 3.2676750e-001
 3.4181815e-001
 3.3486894e-001
 3.1856793e-001
 3.3258781e-001
 3.3479303e-001
 3.0511814e-001
 2.6705736e-001
