s07_AV97 Record=3623: Alunite_NH4+Jaro NMNH145596A NIC4bb RREF
-1.2300000e+034
-1.2300000e+034
-1.2300000e+034
-1.2300000e+034
-1.2300000e+034
-1.2300000e+034
-1.2300000e+034
-1.2300000e+034
-1.2300000e+034
-1.2300000e+034
-1.2300000e+034
-1.2300000e+034
-1.2300000e+034
-1.2300000e+034
-1.2300000e+034
-1.2300000e+034
-1.2300000e+034
-1.2300000e+034
-1.2300000e+034
-1.2300000e+034
-1.2300000e+034
-1.2300000e+034
-1.2300000e+034
-1.2300000e+034
-1.2300000e+034
-1.2300000e+034
-1.2300000e+034
-1.2300000e+034
-1.2300000e+034
-1.2300000e+034
-1.2300000e+034
-1.2300000e+034
-1.2300000e+034
-1.2300000e+034
-1.2300000e+034
-1.2300000e+034
-1.2300000e+034
-1.2300000e+034
-1.2300000e+034
-1.2300000e+034
-1.2300000e+034
-1.2300000e+034
-1.2300000e+034
-1.2300000e+034
-1.2300000e+034
-1.2300000e+034
-1.2300000e+034
-1.2300000e+034
-1.2300000e+034
-1.2300000e+034
-1.2300000e+034
-1.2300000e+034
-1.2300000e+034
-1.2300000e+034
-1.2300000e+034
-1.2300000e+034
-1.2300000e+034
-1.2300000e+034
-1.2300000e+034
-1.2300000e+034
-1.2300000e+034
-1.2300000e+034
-1.2300000e+034
-1.2300000e+034
-1.2300000e+034
-1.2300000e+034
-1.2300000e+034
-1.2300000e+034
-1.2300000e+034
-1.2300000e+034
-1.2300000e+034
-1.2300000e+034
-1.2300000e+034
-1.2300000e+034
-1.2300000e+034
-1.2300000e+034
-1.2300000e+034
-1.2300000e+034
-1.2300000e+034
-1.2300000e+034
-1.2300000e+034
-1.2300000e+034
-1.2300000e+034
-1.2300000e+034
-1.2300000e+034
-1.2300000e+034
-1.2300000e+034
-1.2300000e+034
-1.2300000e+034
-1.2300000e+034
-1.2300000e+034
-1.2300000e+034
-1.2300000e+034
-1.2300000e+034
-1.2300000e+034
-1.2300000e+034
-1.2300000e+034
-1.2300000e+034
-1.2300000e+034
-1.2300000e+034
-1.2300000e+034
-1.2300000e+034
-1.2300000e+034
-1.2300000e+034
-1.2300000e+034
-1.2300000e+034
-1.2300000e+034
-1.2300000e+034
-1.2300000e+034
-1.2300000e+034
-1.2300000e+034
-1.2300000e+034
 6.9499856e-001
 6.8421417e-001
 6.7207932e-001
 6.3513398e-001
 5.9027040e-001
 5.8320564e-001
 6.3453293e-001
 6.5725547e-001
 6.6773951e-001
 6.6642529e-001
 6.5767300e-001
 6.5301102e-001
 6.5823412e-001
 6.6633183e-001
 6.7901593e-001
 6.9387966e-001
 7.0604372e-001
 7.1593839e-001
 7.2293770e-001
 7.2812110e-001
 7.3163170e-001
 7.3455715e-001
 7.3956710e-001
 7.4679255e-001
 7.5294906e-001
 7.5726002e-001
 7.6044416e-001
 7.6280689e-001
 7.6500452e-001
 7.6612204e-001
 7.6564896e-001
 7.6207095e-001
 7.5461334e-001
 7.4442500e-001
 7.3446488e-001
 7.2597051e-001
 7.2517949e-001
 7.3394901e-001
 7.5072867e-001
 7.6105976e-001
 7.6380533e-001
 7.6345617e-001
 7.6095372e-001
 7.5560343e-001
 7.4966395e-001
 7.4490380e-001
 7.4036181e-001
 7.3242474e-001
 7.3545605e-001
 7.2470289e-001
 7.1192843e-001
 7.0033687e-001
 6.8862778e-001
 6.7600769e-001
 6.6358811e-001
 6.4760756e-001
 6.2605220e-001
 5.9901559e-001
 5.6694221e-001
 5.2962452e-001
 4.9456879e-001
 4.7378543e-001
 4.6922705e-001
 4.7308409e-001
 4.7662863e-001
 4.7669554e-001
 4.7365102e-001
 4.6695757e-001
 4.5591319e-001
 4.3750039e-001
 4.1099706e-001
 3.8665327e-001
 3.8603660e-001
 4.1006202e-001
 4.2968631e-001
 4.3427327e-001
 4.4272316e-001
 4.4560239e-001
 4.5290554e-001
 4.7868767e-001
 4.8823646e-001
 5.2370763e-001
 5.6468284e-001
 5.8659935e-001
 5.9815484e-001
 6.0175085e-001
 6.0365170e-001
 6.0910290e-001
 6.1492234e-001
 6.1646515e-001
 6.1443573e-001
 5.9732002e-001
 5.7135409e-001
 5.8135176e-001
 6.0572505e-001
 6.1696905e-001
 6.1447442e-001
 5.9726709e-001
 5.6335896e-001
 5.3585076e-001
 5.2438033e-001
 5.0932682e-001
 4.8898405e-001
 4.8972940e-001
 4.9647054e-001
 4.8713121e-001
 4.7108871e-001
 4.6352798e-001
 4.5191684e-001
 4.2033821e-001
 3.9681241e-001
 4.0593961e-001
