s07_AV97 Record=706: Carnallite HS430.3B          ASDFRa AREF
 6.3556963e-001
 6.4015985e-001
 6.4402604e-001
 6.4735311e-001
 6.5109277e-001
 6.5498614e-001
 6.5920788e-001
 6.6369247e-001
 6.6866875e-001
 6.7347181e-001
 6.7780256e-001
 6.8196154e-001
 6.8598962e-001
 6.9013512e-001
 6.9418025e-001
 6.9809705e-001
 7.0245349e-001
 7.0831442e-001
 7.1703154e-001
 7.3022139e-001
 7.4758738e-001
 7.6676387e-001
 7.8457958e-001
 7.9785091e-001
 8.0764383e-001
 8.1445462e-001
 8.1990933e-001
 8.2387102e-001
 8.2702017e-001
 8.3010894e-001
 8.3340526e-001
 8.3688676e-001
 8.3286959e-001
 8.3620292e-001
 8.3970588e-001
 8.4335345e-001
 8.4684920e-001
 8.4986264e-001
 8.5206330e-001
 8.5343087e-001
 8.5402596e-001
 8.5370529e-001
 8.5273004e-001
 8.5113436e-001
 8.4956282e-001
 8.4817851e-001
 8.4748143e-001
 8.4725225e-001
 8.4704810e-001
 8.4667480e-001
 8.4572285e-001
 8.4465581e-001
 8.4331620e-001
 8.4245664e-001
 8.4226799e-001
 8.4274668e-001
 8.4346527e-001
 8.4452355e-001
 8.4516299e-001
 8.4534729e-001
 8.4625125e-001
 8.4703028e-001
 8.4431803e-001
 8.3633500e-001
 8.2513422e-001
 8.1561220e-001
 8.0697966e-001
 7.9844636e-001
 7.9453337e-001
 8.0734825e-001
 8.1883752e-001
 8.2564014e-001
 8.2821900e-001
 8.2764775e-001
 8.2511169e-001
 8.2578266e-001
 8.2896692e-001
 8.3357680e-001
 8.3693528e-001
 8.3585113e-001
 8.2865191e-001
 8.2055604e-001
 8.1090385e-001
 7.9941911e-001
 7.8219473e-001
 7.5364524e-001
 7.2947639e-001
 7.1019524e-001
 6.8680334e-001
 6.7960829e-001
 6.8167663e-001
 6.7714733e-001
 6.9271034e-001
 7.2539997e-001
 7.5128973e-001
 7.6989621e-001
 7.3761868e-001
 7.6222730e-001
 7.7503288e-001
 7.7902156e-001
 7.7804708e-001
 7.7549642e-001
 7.7035338e-001
 7.5620764e-001
 7.3101318e-001
 6.9824922e-001
 6.6128778e-001
 6.2139875e-001
 5.8262360e-001
 5.4863685e-001
 5.2589065e-001
 5.0483716e-001
 4.6816370e-001
 4.1180193e-001
 3.4061161e-001
 2.6821351e-001
 2.1254805e-001
 1.9336429e-001
 2.2937320e-001
 2.7081987e-001
 2.9351586e-001
 3.0776936e-001
 3.1031364e-001
 3.0460727e-001
 3.1243274e-001
 3.3930278e-001
 3.7608138e-001
 4.1608533e-001
 4.5606202e-001
 4.9360594e-001
 5.2871358e-001
 5.6142461e-001
 5.9202474e-001
 6.1923110e-001
 6.4331424e-001
 6.6389549e-001
 6.8089294e-001
 6.9343704e-001
 7.0003456e-001
 6.9902509e-001
 6.8748069e-001
 6.6232032e-001
 6.2268198e-001
 5.6911999e-001
 5.0494456e-001
 4.3833843e-001
 3.8783973e-001
 3.6586514e-001
 3.6777002e-001
 3.7869036e-001
 3.8970616e-001
 4.0238228e-001
 4.2016852e-001
 4.4201702e-001
 4.6387720e-001
 4.8931274e-001
 5.0569832e-001
 5.0407588e-001
 4.7922704e-001
 4.2654854e-001
 4.5136923e-001
 3.8048425e-001
 2.9062101e-001
 2.2123864e-001
 1.8173800e-001
 1.5062481e-001
 1.1987608e-001
 9.4153821e-002
 7.3140234e-002
 5.8653958e-002
 4.9800146e-002
 5.5301350e-002
 8.1606202e-002
 1.2009127e-001
 1.6165607e-001
 2.0318472e-001
 2.4100888e-001
 2.7510116e-001
 3.0122173e-001
 3.1476116e-001
 3.1817570e-001
 3.1585366e-001
 3.1182033e-001
 3.0706498e-001
 3.0362713e-001
 3.0070636e-001
 2.9718727e-001
 2.9104924e-001
 2.8209627e-001
 2.7064171e-001
 2.5727192e-001
 2.4360339e-001
 2.3032205e-001
 2.1778964e-001
 2.0614927e-001
 1.9611734e-001
 1.8794410e-001
 1.8278374e-001
 1.7971580e-001
 1.7911172e-001
 1.8142053e-001
 1.8518698e-001
 1.9115120e-001
 1.9773534e-001
 2.0393886e-001
 2.0772077e-001
 2.0848903e-001
 2.0385908e-001
 1.9401562e-001
 1.7888944e-001
 1.6017723e-001
 1.4024417e-001
 1.1944029e-001
 1.0073984e-001
 8.3978295e-002
 7.2354592e-002
 6.3085638e-002
 5.9051897e-002
 5.7799071e-002
 5.8824491e-002
 6.0077056e-002
 6.3671991e-002
 6.8885602e-002
-1.2300000e+034
