s07_AV97 Record=4092: Muscovite-medhi-Al CU91-252D ASDNGc AREF
 1.6216731e-001
 1.7506890e-001
 1.9123675e-001
 2.0688118e-001
 2.2141320e-001
 2.3722479e-001
 2.5785422e-001
 2.8309590e-001
 3.0382285e-001
 3.1394276e-001
 3.1950644e-001
 3.2798326e-001
 3.4300733e-001
 3.6494637e-001
 3.9142856e-001
 4.2006093e-001
 4.5073515e-001
 4.8357683e-001
 5.1671016e-001
 5.4604310e-001
 5.6934035e-001
 5.8581662e-001
 5.9700125e-001
 6.0356724e-001
 6.0703498e-001
 6.0841042e-001
 6.0869676e-001
 6.0856605e-001
 6.0840076e-001
 6.0850477e-001
 6.0907233e-001
 6.1019599e-001
 6.0893565e-001
 6.0992974e-001
 6.1144114e-001
 6.1357272e-001
 6.1633039e-001
 6.1965150e-001
 6.2337601e-001
 6.2730682e-001
 6.3125575e-001
 6.3511550e-001
 6.3869327e-001
 6.4175540e-001
 6.4411592e-001
 6.4556426e-001
 6.4595538e-001
 6.4534760e-001
 6.4382178e-001
 6.4152467e-001
 6.3878757e-001
 6.3584107e-001
 6.3292158e-001
 6.3021898e-001
 6.2796628e-001
 6.2625873e-001
 6.2517047e-001
 6.2478113e-001
 6.2500393e-001
 6.2586683e-001
 6.2720627e-001
 6.2889791e-001
 6.3075930e-001
 6.3268858e-001
 6.3517261e-001
 6.3765424e-001
 6.3991112e-001
 6.4202607e-001
 6.4421564e-001
 6.4631253e-001
 6.4846200e-001
 6.5069902e-001
 6.5299356e-001
 6.5544152e-001
 6.5801311e-001
 6.6073668e-001
 6.6360062e-001
 6.6666079e-001
 6.6985971e-001
 6.7320991e-001
 6.7675602e-001
 6.8046653e-001
 6.8424565e-001
 6.8807787e-001
 6.9193888e-001
 6.9582146e-001
 6.9977331e-001
 7.0377475e-001
 7.0777637e-001
 7.1183413e-001
 7.1581572e-001
 7.1978527e-001
 7.2357899e-001
 7.2725832e-001
 7.3101473e-001
 7.3457438e-001
 7.2903794e-001
 7.3281598e-001
 7.3639268e-001
 7.3971343e-001
 7.4277663e-001
 7.4577457e-001
 7.4879736e-001
 7.5178576e-001
 7.5477850e-001
 7.5776398e-001
 7.6051188e-001
 7.6269269e-001
 7.6338881e-001
 7.6114243e-001
 7.4943000e-001
 7.2760338e-001
 7.2327441e-001
 7.5056714e-001
 7.6823229e-001
 7.7493155e-001
 7.7870107e-001
 7.8173977e-001
 7.8443754e-001
 7.8691006e-001
 7.8913033e-001
 7.9105073e-001
 7.9285330e-001
 7.9458058e-001
 7.9620421e-001
 7.9782510e-001
 7.9948127e-001
 8.0119103e-001
 8.0294782e-001
 8.0462438e-001
 8.0624789e-001
 8.0775058e-001
 8.0911314e-001
 8.1039578e-001
 8.1166345e-001
 8.1290817e-001
 8.1416887e-001
 8.1541383e-001
 8.1661040e-001
 8.1777459e-001
 8.1892955e-001
 8.2010788e-001
 8.2126158e-001
 8.2205176e-001
 8.2243162e-001
 8.2250965e-001
 8.2261497e-001
 8.2290798e-001
 8.2340515e-001
 8.2404613e-001
 8.2457536e-001
 8.2493895e-001
 8.2521468e-001
 8.2516420e-001
 8.2493967e-001
 8.2482463e-001
 8.2499599e-001
 8.2470548e-001
 8.2280976e-001
 8.1831473e-001
 8.1993997e-001
 8.1390399e-001
 8.0404675e-001
 7.9531825e-001
 7.9386848e-001
 7.9551136e-001
 7.9710001e-001
 7.9787141e-001
 7.9798490e-001
 7.9762191e-001
 7.9698747e-001
 7.9642910e-001
 7.9625374e-001
 7.9721737e-001
 7.9908973e-001
 8.0132157e-001
 8.0299360e-001
 8.0427182e-001
 8.0471748e-001
 8.0424160e-001
 8.0304933e-001
 8.0009133e-001
 7.9613137e-001
 7.9235309e-001
 7.9002082e-001
 7.8928345e-001
 7.8769761e-001
 7.8237283e-001
 7.7251512e-001
 7.5688010e-001
 7.2943783e-001
 6.9313371e-001
 6.7310303e-001
 6.8620193e-001
 7.1727556e-001
 7.3545027e-001
 7.4173313e-001
 7.4259049e-001
 7.4267054e-001
 7.4546289e-001
 7.4719507e-001
 7.4472046e-001
 7.3836643e-001
 7.2858703e-001
 7.1696222e-001
 7.0346183e-001
 6.8945754e-001
 6.8112910e-001
 6.8280154e-001
 6.8637580e-001
 6.8630552e-001
 6.8627948e-001
 6.8618077e-001
 6.8049318e-001
 6.7057782e-001
 6.6045475e-001
 6.5330398e-001
 6.5264201e-001
 6.5436244e-001
 6.5604812e-001
 6.5727812e-001
 6.5761018e-001
 6.5856075e-001
-1.2300000e+034
