s07_AV97 Record=1861: Labradorite HS17.3B           BECKc AREF
 2.1741153e-001
 2.1694809e-001
 2.1885592e-001
 2.2001846e-001
 2.2071524e-001
 2.2081375e-001
 2.2049108e-001
 2.2084843e-001
 2.2018157e-001
 2.2087927e-001
 2.1985109e-001
 2.1977456e-001
 2.1877484e-001
 2.1964391e-001
 2.1777256e-001
 2.1822688e-001
 2.1883723e-001
 2.1961570e-001
 2.2050348e-001
 2.2311972e-001
 2.2442569e-001
 2.2740719e-001
 2.2977440e-001
 2.3102176e-001
 2.3305371e-001
 2.3546402e-001
 2.3746336e-001
 2.4063297e-001
 2.4254921e-001
 2.4560672e-001
 2.4882390e-001
 2.5248998e-001
 2.4822015e-001
 2.5165519e-001
 2.5402012e-001
 2.5815240e-001
 2.6261383e-001
 2.6680079e-001
 2.7153161e-001
 2.7599359e-001
 2.8020900e-001
 2.8487971e-001
 2.8898254e-001
 2.9355559e-001
 2.9638582e-001
 2.9977140e-001
 3.0210447e-001
 3.0452946e-001
 3.0711105e-001
 3.0858350e-001
 3.0982995e-001
 3.1262320e-001
 3.1447595e-001
 3.1417561e-001
 3.1047085e-001
 3.0995691e-001
 3.1559172e-001
 3.1269112e-001
 3.1453508e-001
 3.1232646e-001
 3.1369671e-001
 3.1214309e-001
 3.0965388e-001
 3.1140450e-001
 3.0772713e-001
 3.0824509e-001
 3.0475467e-001
 3.0480105e-001
 3.0340272e-001
 2.9990593e-001
 2.9879451e-001
 2.9688439e-001
 2.9506043e-001
 2.9240903e-001
 2.9188311e-001
 2.8956878e-001
 2.8685811e-001
 2.8501046e-001
 2.8398049e-001
 2.8245828e-001
 2.8092340e-001
 2.7956894e-001
 2.7606633e-001
 2.7423716e-001
 2.7366385e-001
 2.7156362e-001
 2.6997396e-001
 2.6931667e-001
 2.6913226e-001
 2.6806930e-001
 2.6591229e-001
 2.6520523e-001
 2.6546124e-001
 2.6262712e-001
 2.6372743e-001
 2.6273677e-001
 2.6267365e-001
 2.6354656e-001
 2.6183486e-001
 2.5986335e-001
 2.5895131e-001
 2.5879022e-001
 2.5854269e-001
 2.5871134e-001
 2.5653675e-001
 2.5553825e-001
 2.5571150e-001
 2.5571275e-001
 2.5576749e-001
 2.5539166e-001
 2.5380266e-001
 2.5306660e-001
 2.5197291e-001
 2.5107732e-001
 2.5189224e-001
 2.5125974e-001
 2.5249112e-001
 2.5267658e-001
 2.5071302e-001
 2.4891369e-001
 2.5082222e-001
 2.5228149e-001
 2.5067723e-001
 2.5260153e-001
 2.5142175e-001
 2.5068566e-001
 2.5061876e-001
 2.5180757e-001
 2.5228825e-001
 2.5113848e-001
 2.5131920e-001
 2.5140959e-001
 2.5108263e-001
 2.5048152e-001
 2.5181735e-001
 2.5193018e-001
 2.5247526e-001
 2.5220826e-001
 2.5302604e-001
 2.5293472e-001
 2.5200593e-001
 2.5432754e-001
 2.5295290e-001
 2.5412160e-001
 2.5253296e-001
 2.5305170e-001
 2.5737500e-001
 2.5404242e-001
 2.5405866e-001
 2.5424695e-001
 2.5612101e-001
 2.5775310e-001
 2.5618872e-001
 2.5549579e-001
 2.5641698e-001
 2.5736851e-001
 2.5719568e-001
 2.5690362e-001
 2.5731897e-001
 2.5596863e-001
 2.5658029e-001
 2.5608775e-001
 2.5620189e-001
 2.5437966e-001
 2.5605309e-001
 2.5627255e-001
 2.5577801e-001
 2.5620067e-001
 2.5569159e-001
 2.5666738e-001
 2.5720307e-001
 2.5794449e-001
 2.5733647e-001
 2.6111248e-001
 2.6328495e-001
 2.6268271e-001
 2.6382443e-001
 2.6669458e-001
 2.6635113e-001
 2.6750213e-001
 2.6945239e-001
 2.6897705e-001
 2.6769251e-001
 2.7077639e-001
 2.7117524e-001
 2.6925269e-001
 2.7458259e-001
 2.7599207e-001
 2.7450824e-001
 2.7308390e-001
 2.7579457e-001
 2.7574918e-001
 2.7536306e-001
 2.7328756e-001
 2.7219161e-001
 2.7490965e-001
 2.7361757e-001
 2.7813855e-001
 2.7429885e-001
 2.7548125e-001
 2.7955320e-001
 2.7386326e-001
 2.7958310e-001
 2.8494102e-001
 2.8229147e-001
 2.8314614e-001
 2.7953994e-001
 2.8086549e-001
 2.7739033e-001
 2.8255954e-001
 2.8626639e-001
 2.8286600e-001
 2.8313556e-001
 2.8416848e-001
 2.8446230e-001
 2.8435835e-001
 2.8405246e-001
 2.8371647e-001
 2.8365040e-001
 2.8419814e-001
 2.8559652e-001
 2.8747946e-001
 2.8936669e-001
 2.9085782e-001
