s07_AV97 Record=3826: Covellite-Pyrite HS477.4B    ASDFRb AREF
 3.9391145e-002
 3.9522052e-002
 3.9561905e-002
 4.0464163e-002
 4.0716015e-002
 4.1284729e-002
 4.1583225e-002
 4.1874018e-002
 4.2128626e-002
 4.2376470e-002
 4.2711265e-002
 4.2991396e-002
 4.3259647e-002
 4.3427367e-002
 4.3441951e-002
 4.3380845e-002
 4.3241546e-002
 4.3061804e-002
 4.2910121e-002
 4.2796448e-002
 4.2723309e-002
 4.2729791e-002
 4.2762384e-002
 4.2889636e-002
 4.3297019e-002
 4.3953910e-002
 4.5058951e-002
 4.6692990e-002
 4.8914161e-002
 5.1774368e-002
 5.5249840e-002
 5.9205472e-002
 5.4645155e-002
 5.8411438e-002
 6.2483922e-002
 6.6651173e-002
 7.0745155e-002
 7.4619427e-002
 7.8164563e-002
 8.1337892e-002
 8.4170572e-002
 8.6674966e-002
 8.8909194e-002
 9.0923555e-002
 9.2710771e-002
 9.4352193e-002
 9.5878482e-002
 9.7315617e-002
 9.8643422e-002
 9.9842928e-002
 1.0098848e-001
 1.0208539e-001
 1.0314348e-001
 1.0414144e-001
 1.0517415e-001
 1.0632347e-001
 1.0758412e-001
 1.0885711e-001
 1.1005469e-001
 1.1118455e-001
 1.1225814e-001
 1.1328369e-001
 1.1426353e-001
 1.1518348e-001
 1.1613132e-001
 1.1697464e-001
 1.1775961e-001
 1.1883762e-001
 1.1941623e-001
 1.2079857e-001
 1.2146636e-001
 1.2222645e-001
 1.2315174e-001
 1.2377127e-001
 1.2462152e-001
 1.2538879e-001
 1.2615472e-001
 1.2691516e-001
 1.2753199e-001
 1.2836230e-001
 1.2900572e-001
 1.2975565e-001
 1.3045888e-001
 1.3106057e-001
 1.3161485e-001
 1.3215813e-001
 1.3262990e-001
 1.3315946e-001
 1.3367359e-001
 1.3408092e-001
 1.3453478e-001
 1.3483158e-001
 1.3524085e-001
 1.3546850e-001
 1.3575234e-001
 1.3607362e-001
 1.3560355e-001
 1.3594964e-001
 1.3608235e-001
 1.3631789e-001
 1.3644497e-001
 1.3657925e-001
 1.3665818e-001
 1.3679519e-001
 1.3691501e-001
 1.3704802e-001
 1.3725458e-001
 1.3742499e-001
 1.3753292e-001
 1.3755250e-001
 1.3761166e-001
 1.3769872e-001
 1.3772057e-001
 1.3777398e-001
 1.3787863e-001
 1.3798711e-001
 1.3800398e-001
 1.3805701e-001
 1.3808566e-001
 1.3815685e-001
 1.3815975e-001
 1.3819121e-001
 1.3825522e-001
 1.3835792e-001
 1.3833214e-001
 1.3843265e-001
 1.3848013e-001
 1.3851227e-001
 1.3852482e-001
 1.3858169e-001
 1.3861361e-001
 1.3864024e-001
 1.3871786e-001
 1.3883370e-001
 1.3897789e-001
 1.3916110e-001
 1.3920878e-001
 1.3939951e-001
 1.3954908e-001
 1.3969952e-001
 1.3984928e-001
 1.4012557e-001
 1.4028180e-001
 1.4044368e-001
 1.4055070e-001
 1.4057760e-001
 1.4071080e-001
 1.4082178e-001
 1.4096181e-001
 1.4114209e-001
 1.4125034e-001
 1.4140144e-001
 1.4163630e-001
 1.4174376e-001
 1.4200015e-001
 1.4222445e-001
 1.4243507e-001
 1.4258477e-001
 1.4297481e-001
 1.4297561e-001
 1.4291179e-001
 1.4303268e-001
 1.4332452e-001
 1.4362863e-001
 1.4384900e-001
 1.4387730e-001
 1.4400662e-001
 1.4412531e-001
 1.4416943e-001
 1.4433120e-001
 1.4444059e-001
 1.4469217e-001
 1.4488423e-001
 1.4512490e-001
 1.4550371e-001
 1.4604372e-001
 1.4645237e-001
 1.4701611e-001
 1.4741899e-001
 1.4783338e-001
 1.4828502e-001
 1.4877068e-001
 1.4903460e-001
 1.4938900e-001
 1.4965083e-001
 1.4996468e-001
 1.5010197e-001
 1.5042281e-001
 1.5072468e-001
 1.5097012e-001
 1.5123081e-001
 1.5155025e-001
 1.5189674e-001
 1.5220407e-001
 1.5233289e-001
 1.5262878e-001
 1.5311697e-001
 1.5327968e-001
 1.5386772e-001
 1.5430039e-001
 1.5469469e-001
 1.5481068e-001
 1.5505642e-001
 1.5552008e-001
 1.5588464e-001
 1.5638688e-001
 1.5674067e-001
 1.5695313e-001
 1.5730797e-001
 1.5753022e-001
 1.5805623e-001
 1.5839718e-001
 1.5854093e-001
 1.5867171e-001
 1.5902373e-001
 1.5914865e-001
 1.5954360e-001
 1.5944803e-001
 1.5924726e-001
 1.6023985e-001
 1.6044854e-001
 1.6062625e-001
 1.6071166e-001
-1.2300000e+034
