s07_AV97 Record=3362: Tourmaline HS282.2B           BECKc AREF
 3.5837379e-001
 3.6574063e-001
 3.6899713e-001
 3.6706790e-001
 3.6477807e-001
 3.6011490e-001
 3.5659215e-001
 3.5508555e-001
 3.5676587e-001
 3.6238730e-001
 3.6816707e-001
 3.7690848e-001
 3.8803667e-001
 4.0300646e-001
 4.1844732e-001
 4.3634471e-001
 4.5537344e-001
 4.7750995e-001
 4.9788317e-001
 5.1920199e-001
 5.3800189e-001
 5.5622208e-001
 5.6554174e-001
 5.7328123e-001
 5.7696009e-001
 5.7934678e-001
 5.7963973e-001
 5.8005083e-001
 5.7723266e-001
 5.7689303e-001
 5.7845235e-001
 5.7546568e-001
 5.7895660e-001
 5.7529002e-001
 5.7504970e-001
 5.7645017e-001
 5.7656443e-001
 5.7852316e-001
 5.8218879e-001
 5.8585864e-001
 5.9096432e-001
 5.9454131e-001
 6.0266191e-001
 6.0934681e-001
 6.1842072e-001
 6.2981063e-001
 6.4030713e-001
 6.5057111e-001
 6.6035056e-001
 6.6994756e-001
 6.7818296e-001
 6.8308091e-001
 6.8696231e-001
 6.9289339e-001
 6.9199193e-001
 6.9536233e-001
 6.8986821e-001
 6.9057417e-001
 6.8490916e-001
 6.7374581e-001
 6.7626393e-001
 6.7264593e-001
 6.6664624e-001
 6.6400135e-001
 6.5371293e-001
 6.4730161e-001
 6.4432955e-001
 6.4162934e-001
 6.3651156e-001
 6.3138169e-001
 6.2689012e-001
 6.2069505e-001
 6.1898935e-001
 6.1698431e-001
 6.1518794e-001
 6.1376274e-001
 6.1300403e-001
 6.1190158e-001
 6.1078680e-001
 6.1010563e-001
 6.1329621e-001
 6.1524445e-001
 6.1707491e-001
 6.1786538e-001
 6.1680067e-001
 6.2203246e-001
 6.2184733e-001
 6.2396908e-001
 6.3074601e-001
 6.3066012e-001
 6.3714010e-001
 6.3920742e-001
 6.4156979e-001
 6.4496398e-001
 6.4840829e-001
 6.5231466e-001
 6.4696419e-001
 6.4982504e-001
 6.5432674e-001
 6.5647227e-001
 6.5877277e-001
 6.6028374e-001
 6.6338551e-001
 6.7093450e-001
 6.7245942e-001
 6.7406410e-001
 6.7260981e-001
 6.6554368e-001
 6.7421204e-001
 6.8402475e-001
 6.8239301e-001
 6.7809683e-001
 6.7363030e-001
 6.3816100e-001
 5.9775895e-001
 6.2717259e-001
 6.6623312e-001
 6.8306047e-001
 6.9695741e-001
 7.0476204e-001
 7.0900697e-001
 7.1145606e-001
 7.1635824e-001
 7.1440285e-001
 7.1564037e-001
 7.1800011e-001
 7.2029406e-001
 7.1997291e-001
 7.2192270e-001
 7.2026223e-001
 7.1971285e-001
 7.2263217e-001
 7.2345781e-001
 7.2350776e-001
 7.2858369e-001
 7.2590894e-001
 7.2862428e-001
 7.2738838e-001
 7.2685426e-001
 7.2745156e-001
 7.2845811e-001
 7.3112160e-001
 7.2829127e-001
 7.2930980e-001
 7.3361421e-001
 7.2820497e-001
 7.2899216e-001
 7.2819942e-001
 7.3230827e-001
 7.3223436e-001
 7.2861511e-001
 7.3133516e-001
 7.3055792e-001
 7.2835505e-001
 7.3058760e-001
 7.2943842e-001
 7.3047608e-001
 7.2889709e-001
 7.2700757e-001
 7.2760266e-001
 7.2755599e-001
 7.2605926e-001
 7.2448063e-001
 7.2580057e-001
 7.2181416e-001
 7.1551508e-001
 7.1396744e-001
 7.1517944e-001
 7.1819061e-001
 7.2135234e-001
 7.2024369e-001
 7.1850443e-001
 7.2059447e-001
 7.1722186e-001
 7.1883696e-001
 7.2027105e-001
 7.1759331e-001
 7.1886098e-001
 7.1757859e-001
 7.2305274e-001
 7.2269452e-001
 7.2453737e-001
 7.2535521e-001
 7.2686380e-001
 7.2590965e-001
 7.2366244e-001
 7.2011304e-001
 7.1384186e-001
 7.0800221e-001
 6.9775927e-001
 6.8853664e-001
 6.6806638e-001
 5.9483784e-001
 5.3417873e-001
 5.8879685e-001
 6.3366121e-001
 5.8064401e-001
 5.6725365e-001
 6.3776231e-001
 6.7610830e-001
 6.7419600e-001
 6.1783999e-001
 5.8510345e-001
 5.9827960e-001
 5.8409816e-001
 5.7986736e-001
 5.6260318e-001
 5.1534694e-001
 4.9452195e-001
 5.4326397e-001
 6.0296971e-001
 6.1061829e-001
 6.0890305e-001
 6.0685420e-001
 6.0375649e-001
 5.9818494e-001
 5.9073687e-001
 5.8261544e-001
 5.7609397e-001
 5.7144552e-001
 5.7049370e-001
 5.7155114e-001
 5.7239223e-001
 5.7148194e-001
