s07_AV97 Record=4222: Xenotime+Monazite_REE WS384  ASDFRa AREF
 6.3993044e-002
 6.4761981e-002
 6.6306256e-002
 6.7788720e-002
 6.9262341e-002
 7.1093008e-002
 7.3665485e-002
 7.6751493e-002
 7.7775218e-002
 7.9064436e-002
 8.2598560e-002
 8.3939947e-002
 8.3435819e-002
 8.9922100e-002
 9.4715543e-002
 9.2934743e-002
 9.4016805e-002
 9.9561967e-002
 1.0251340e-001
 1.1394353e-001
 1.2004860e-001
 1.2414220e-001
 1.2659667e-001
 1.2984583e-001
 1.3155006e-001
 1.3508433e-001
 1.3662511e-001
 1.3175675e-001
 1.1488679e-001
 1.0672162e-001
 1.2164761e-001
 1.4063625e-001
 1.1986705e-001
 1.3727793e-001
 1.4909650e-001
 1.4730698e-001
 1.5868481e-001
 1.7078015e-001
 1.7764534e-001
 1.8128711e-001
 1.7957535e-001
 1.7562807e-001
 1.5777160e-001
 1.8164378e-001
 1.8967710e-001
 1.8094820e-001
 1.5151118e-001
 1.2106783e-001
 1.3434221e-001
 1.6850497e-001
 1.9759533e-001
 2.0966846e-001
 2.0895343e-001
 2.0272541e-001
 1.9413410e-001
 1.8684962e-001
 1.6447112e-001
 1.3424315e-001
 9.1526203e-002
 1.1293800e-001
 1.2555166e-001
 1.3979627e-001
 1.3136198e-001
 1.3785253e-001
 1.1552168e-001
 1.0846664e-001
 1.4640239e-001
 1.6164832e-001
 1.8222472e-001
 2.0437385e-001
 2.0948777e-001
 2.0797935e-001
 2.0248705e-001
 1.9223131e-001
 1.7238453e-001
 1.4203662e-001
 1.1982611e-001
 9.6912161e-002
 9.0371020e-002
 9.0637110e-002
 1.0312944e-001
 1.0849991e-001
 1.1502362e-001
 1.3231660e-001
 1.4805159e-001
 1.5430869e-001
 1.5469918e-001
 1.6013794e-001
 1.7971841e-001
 1.8318215e-001
 1.8530014e-001
 1.8596570e-001
 1.7707969e-001
 1.5247919e-001
 1.3087042e-001
 1.1123700e-001
 1.4131199e-001
 1.2317334e-001
 9.7004049e-002
 9.1346242e-002
 9.1366529e-002
 8.4496826e-002
 9.0928480e-002
 1.0194711e-001
 1.2939104e-001
 1.4506933e-001
 1.5290570e-001
 1.6512802e-001
 1.9173332e-001
 2.1423221e-001
 2.2050902e-001
 2.0375086e-001
 1.9513293e-001
 2.1525544e-001
 2.1355301e-001
 2.0800333e-001
 2.0419455e-001
 1.9982272e-001
 1.9198853e-001
 1.7626064e-001
 1.3752620e-001
 9.4349883e-002
 1.1199304e-001
 1.0719331e-001
 9.9503011e-002
 1.0695671e-001
 1.3308330e-001
 1.4262724e-001
 1.7435335e-001
 1.7383303e-001
 1.8825966e-001
 2.1202868e-001
 2.1753243e-001
 2.1900354e-001
 2.1986467e-001
 2.1580799e-001
 2.0706894e-001
 1.9836749e-001
 1.9070867e-001
 1.7837223e-001
 1.5624377e-001
 1.1632582e-001
 1.0995848e-001
 1.0484371e-001
 1.1457860e-001
 1.2232044e-001
 1.3029106e-001
 1.3066359e-001
 1.4057170e-001
 1.5909600e-001
 1.7607544e-001
 1.7793252e-001
 1.8170984e-001
 1.9334680e-001
 2.0576844e-001
 2.0968072e-001
 2.0715004e-001
 2.0629960e-001
 1.9450335e-001
 1.9049910e-001
 1.8961164e-001
 1.9663136e-001
 2.0617388e-001
 2.0863326e-001
 1.9068599e-001
 1.6411093e-001
 1.4959367e-001
 1.6581248e-001
 1.5435438e-001
 1.5514287e-001
 1.5719114e-001
 1.5834412e-001
 1.4159766e-001
 1.3674802e-001
 1.5986709e-001
 1.6107862e-001
 1.6747323e-001
 1.6111280e-001
 1.8231656e-001
 2.1113789e-001
 2.2311768e-001
 2.2930700e-001
 2.3343337e-001
 2.3507394e-001
 2.3516051e-001
 2.3453580e-001
 2.3436618e-001
 2.3243387e-001
 2.2865775e-001
 2.2485147e-001
 2.2113192e-001
 2.1579160e-001
 2.0877644e-001
 2.0232995e-001
 2.0095867e-001
 2.0292267e-001
 2.0329355e-001
 1.9956218e-001
 1.9377249e-001
 1.9500531e-001
 2.0281917e-001
 2.0762496e-001
 2.0174511e-001
 1.9193304e-001
 1.9122058e-001
 1.9440828e-001
 2.0073883e-001
 2.0160592e-001
 2.0731299e-001
 2.1297051e-001
 2.1489160e-001
 2.1555291e-001
 2.1562351e-001
 2.1587902e-001
 2.1702990e-001
 2.1501374e-001
 2.1049488e-001
 2.0531560e-001
 2.0178701e-001
 2.0191552e-001
 2.0263602e-001
 2.0485981e-001
 2.0418359e-001
-1.2300000e+034
