s07_AV97 Record=2047: Microcline HS108.3B Feldsp  NIC4bbu RREF
-1.2300000e+034
-1.2300000e+034
-1.2300000e+034
-1.2300000e+034
-1.2300000e+034
-1.2300000e+034
-1.2300000e+034
-1.2300000e+034
-1.2300000e+034
-1.2300000e+034
-1.2300000e+034
-1.2300000e+034
-1.2300000e+034
-1.2300000e+034
-1.2300000e+034
-1.2300000e+034
-1.2300000e+034
-1.2300000e+034
-1.2300000e+034
-1.2300000e+034
-1.2300000e+034
-1.2300000e+034
-1.2300000e+034
-1.2300000e+034
-1.2300000e+034
-1.2300000e+034
-1.2300000e+034
-1.2300000e+034
-1.2300000e+034
-1.2300000e+034
-1.2300000e+034
-1.2300000e+034
-1.2300000e+034
-1.2300000e+034
-1.2300000e+034
-1.2300000e+034
-1.2300000e+034
-1.2300000e+034
-1.2300000e+034
-1.2300000e+034
-1.2300000e+034
-1.2300000e+034
-1.2300000e+034
-1.2300000e+034
-1.2300000e+034
-1.2300000e+034
-1.2300000e+034
-1.2300000e+034
-1.2300000e+034
-1.2300000e+034
-1.2300000e+034
-1.2300000e+034
-1.2300000e+034
-1.2300000e+034
-1.2300000e+034
-1.2300000e+034
-1.2300000e+034
-1.2300000e+034
-1.2300000e+034
-1.2300000e+034
-1.2300000e+034
-1.2300000e+034
-1.2300000e+034
-1.2300000e+034
-1.2300000e+034
-1.2300000e+034
-1.2300000e+034
-1.2300000e+034
-1.2300000e+034
-1.2300000e+034
-1.2300000e+034
-1.2300000e+034
-1.2300000e+034
-1.2300000e+034
-1.2300000e+034
-1.2300000e+034
-1.2300000e+034
-1.2300000e+034
-1.2300000e+034
-1.2300000e+034
-1.2300000e+034
-1.2300000e+034
-1.2300000e+034
-1.2300000e+034
-1.2300000e+034
-1.2300000e+034
-1.2300000e+034
-1.2300000e+034
-1.2300000e+034
-1.2300000e+034
-1.2300000e+034
-1.2300000e+034
-1.2300000e+034
-1.2300000e+034
-1.2300000e+034
-1.2300000e+034
-1.2300000e+034
-1.2300000e+034
-1.2300000e+034
-1.2300000e+034
-1.2300000e+034
-1.2300000e+034
-1.2300000e+034
-1.2300000e+034
-1.2300000e+034
-1.2300000e+034
-1.2300000e+034
-1.2300000e+034
-1.2300000e+034
-1.2300000e+034
-1.2300000e+034
-1.2300000e+034
-1.2300000e+034
-1.2300000e+034
-1.2300000e+034
-1.2300000e+034
-1.2300000e+034
-1.2300000e+034
-1.2300000e+034
-1.2300000e+034
-1.2300000e+034
-1.2300000e+034
-1.2300000e+034
-1.2300000e+034
-1.2300000e+034
-1.2300000e+034
-1.2300000e+034
-1.2300000e+034
-1.2300000e+034
-1.2300000e+034
-1.2300000e+034
-1.2300000e+034
-1.2300000e+034
-1.2300000e+034
-1.2300000e+034
-1.2300000e+034
-1.2300000e+034
-1.2300000e+034
-1.2300000e+034
-1.2300000e+034
-1.2300000e+034
-1.2300000e+034
-1.2300000e+034
-1.2300000e+034
-1.2300000e+034
-1.2300000e+034
-1.2300000e+034
-1.2300000e+034
-1.2300000e+034
-1.2300000e+034
-1.2300000e+034
-1.2300000e+034
-1.2300000e+034
-1.2300000e+034
 7.3873311e-001
 7.4064261e-001
 7.4303484e-001
 7.4456942e-001
 7.4494582e-001
 7.4448472e-001
 7.4478328e-001
 7.4302542e-001
 7.3968852e-001
 7.3687595e-001
 7.3572552e-001
 7.3650748e-001
 7.3830301e-001
 7.4052757e-001
 7.4274355e-001
 7.4454528e-001
 7.4620616e-001
 7.4781227e-001
 7.4951208e-001
 7.5154382e-001
 7.5365740e-001
 7.5587583e-001
 7.5812727e-001
 7.5997871e-001
 7.6116699e-001
 7.6186734e-001
 7.6223040e-001
 7.6209027e-001
 7.6205790e-001
 7.6214510e-001
 7.6267588e-001
 7.6350683e-001
 7.6440769e-001
 7.6547277e-001
 7.6638693e-001
 7.6702309e-001
 7.6656038e-001
 7.6567566e-001
 7.6518184e-001
 7.6537669e-001
 7.6539844e-001
 7.6519763e-001
 7.6531225e-001
 7.6454955e-001
 7.6434302e-001
 7.6426190e-001
 7.6362127e-001
 7.6276428e-001
 7.6234525e-001
 7.6208872e-001
 7.6197243e-001
 7.6162934e-001
 7.6089877e-001
 7.6051897e-001
 7.6013333e-001
 7.5947756e-001
 7.5867319e-001
 7.5836599e-001
 7.5756526e-001
 7.5697231e-001
 7.5610870e-001
 7.5468725e-001
 7.5335681e-001
 7.5219679e-001
 7.5131494e-001
 7.5057256e-001
 7.5009245e-001
 7.4928206e-001
 7.4854136e-001
 7.4763876e-001
