s07_AV97 Record=581: Biotite HS28.3B               BECKa AREF
 7.5438365e-002
 7.6894663e-002
 7.8213573e-002
 8.0569804e-002
 8.2300611e-002
 8.1675507e-002
 8.0338620e-002
 8.0038056e-002
 8.2445532e-002
 8.5932821e-002
 8.7525971e-002
 9.0053029e-002
 9.2471078e-002
 9.5241189e-002
 9.7764522e-002
 1.0018916e-001
 1.0288683e-001
 1.0519590e-001
 1.0750590e-001
 1.0854019e-001
 1.1094820e-001
 1.1314542e-001
 1.1432765e-001
 1.1497992e-001
 1.1520698e-001
 1.1532818e-001
 1.1479072e-001
 1.1391492e-001
 1.1353685e-001
 1.1251108e-001
 1.1196511e-001
 1.1031824e-001
 1.1213668e-001
 1.1046666e-001
 1.1048990e-001
 1.0883870e-001
 1.0875478e-001
 1.0830096e-001
 1.0857197e-001
 1.0891359e-001
 1.0913432e-001
 1.1100202e-001
 1.1170854e-001
 1.1472082e-001
 1.1436008e-001
 1.1705334e-001
 1.2088008e-001
 1.2029074e-001
 1.2076920e-001
 1.2232158e-001
 1.2345688e-001
 1.2598677e-001
 1.2639783e-001
 1.2542236e-001
 1.2255821e-001
 1.1875374e-001
 1.1905512e-001
 1.2177834e-001
 1.2091739e-001
 1.2545040e-001
 1.2183840e-001
 1.2170213e-001
 1.2100183e-001
 1.2212367e-001
 1.2503529e-001
 1.2222514e-001
 1.2356334e-001
 1.2463434e-001
 1.2556881e-001
 1.2524104e-001
 1.2626684e-001
 1.2578197e-001
 1.2676425e-001
 1.2567864e-001
 1.2464955e-001
 1.2445406e-001
 1.2484719e-001
 1.2533879e-001
 1.2398088e-001
 1.2442083e-001
 1.2490416e-001
 1.2505925e-001
 1.2375822e-001
 1.2426338e-001
 1.2510428e-001
 1.2654734e-001
 1.2630893e-001
 1.2799606e-001
 1.2748255e-001
 1.2868179e-001
 1.2997568e-001
 1.3156851e-001
 1.3296470e-001
 1.3395017e-001
 1.3550220e-001
 1.3672709e-001
 1.3496147e-001
 1.3605650e-001
 1.3760136e-001
 1.3953660e-001
 1.4163081e-001
 1.4358586e-001
 1.4586808e-001
 1.4872992e-001
 1.4976951e-001
 1.5174817e-001
 1.5451923e-001
 1.5701525e-001
 1.5975334e-001
 1.6099969e-001
 1.6281234e-001
 1.6616227e-001
 1.6928898e-001
 1.7296201e-001
 1.7501199e-001
 1.7860450e-001
 1.8084882e-001
 1.8438229e-001
 1.8682942e-001
 1.9037722e-001
 1.9329071e-001
 1.9625276e-001
 1.9729693e-001
 2.0106754e-001
 2.0550752e-001
 2.0729443e-001
 2.1102309e-001
 2.1372440e-001
 2.1606418e-001
 2.1962701e-001
 2.2314148e-001
 2.2539572e-001
 2.2932540e-001
 2.3123984e-001
 2.3515725e-001
 2.3768598e-001
 2.4169602e-001
 2.4461268e-001
 2.4789965e-001
 2.4988574e-001
 2.5346291e-001
 2.5817299e-001
 2.6158023e-001
 2.6490027e-001
 2.7021521e-001
 2.7108085e-001
 2.7454436e-001
 2.7831081e-001
 2.8253201e-001
 2.8524920e-001
 2.8833073e-001
 2.9082230e-001
 2.9365543e-001
 2.9813835e-001
 3.0239251e-001
 3.0440852e-001
 3.0722132e-001
 3.1343254e-001
 3.1670430e-001
 3.1698099e-001
 3.1681770e-001
 3.1882584e-001
 3.2277387e-001
 3.2671505e-001
 3.3059099e-001
 3.3382121e-001
 3.3904061e-001
 3.4093595e-001
 3.4473449e-001
 3.5059062e-001
 3.5288575e-001
 3.5520416e-001
 3.5795778e-001
 3.6347887e-001
 3.6921623e-001
 3.7426028e-001
 3.7311941e-001
 3.7779468e-001
 3.8326898e-001
 3.8482714e-001
 3.8718969e-001
 3.9125937e-001
 3.9555386e-001
 3.9896855e-001
 3.9994651e-001
 4.0812305e-001
 4.1005737e-001
 4.1182461e-001
 4.1614580e-001
 4.1569450e-001
 4.2083827e-001
 4.2318043e-001
 4.2512491e-001
 4.3104431e-001
 4.3139422e-001
 4.3332145e-001
 4.3502328e-001
 4.3759415e-001
 4.3982556e-001
 4.4222507e-001
 4.4477612e-001
 4.4652939e-001
 4.4063410e-001
 4.3733463e-001
 4.2196304e-001
 4.1506639e-001
 4.1454789e-001
 4.2174512e-001
 4.2889407e-001
 4.2935246e-001
 4.2905307e-001
 4.2682546e-001
 4.2715263e-001
 4.3232229e-001
 4.3998551e-001
 4.4645676e-001
 4.5113942e-001
 4.5433727e-001
 4.5660818e-001
 4.5942265e-001
 4.6319079e-001
 4.6741134e-001
 4.7134838e-001
 4.7446036e-001
