s07_AV97 Record=1047: Diopside HS15.2B pyroxene    ASDFRc AREF
 4.1746309e-001
 4.3145144e-001
 4.4506642e-001
 4.5740733e-001
 4.6830833e-001
 4.8047638e-001
 4.9222121e-001
 5.0247580e-001
 5.1313519e-001
 5.2325851e-001
 5.3287810e-001
 5.4305053e-001
 5.5266345e-001
 5.6272840e-001
 5.7229316e-001
 5.8000463e-001
 5.8591956e-001
 5.9055680e-001
 5.9376168e-001
 5.9582621e-001
 5.9660131e-001
 5.9630096e-001
 5.9520459e-001
 5.9344494e-001
 5.9120649e-001
 5.8863169e-001
 5.8554745e-001
 5.8200246e-001
 5.7806814e-001
 5.7332158e-001
 5.6821865e-001
 5.6282735e-001
 5.6905895e-001
 5.6385636e-001
 5.5858797e-001
 5.5303538e-001
 5.4703581e-001
 5.4104686e-001
 5.3493738e-001
 5.2893066e-001
 5.2330732e-001
 5.1779848e-001
 5.1259685e-001
 5.0780481e-001
 5.0376409e-001
 5.0053686e-001
 4.9833027e-001
 4.9731702e-001
 4.9759766e-001
 4.9900633e-001
 5.0123197e-001
 5.0373447e-001
 5.0615978e-001
 5.0838763e-001
 5.0960112e-001
 5.0977618e-001
 5.0922865e-001
 5.0736433e-001
 5.0501186e-001
 5.0223380e-001
 4.9913174e-001
 4.9616140e-001
 4.9307013e-001
 4.9068168e-001
 4.8883846e-001
 4.8739865e-001
 4.8610929e-001
 4.8517177e-001
 4.8457149e-001
 4.8408833e-001
 4.8404470e-001
 4.8375416e-001
 4.8389146e-001
 4.8410839e-001
 4.8499423e-001
 4.8618734e-001
 4.8748046e-001
 4.8944440e-001
 4.9154112e-001
 4.9309319e-001
 4.9498507e-001
 4.9661553e-001
 4.9820492e-001
 4.9979016e-001
 5.0120991e-001
 5.0289708e-001
 5.0453573e-001
 5.0675732e-001
 5.0911677e-001
 5.1187259e-001
 5.1514202e-001
 5.1828200e-001
 5.2158713e-001
 5.2504766e-001
 5.2875781e-001
 5.3221965e-001
 5.2661532e-001
 5.3048992e-001
 5.3422743e-001
 5.3840923e-001
 5.4235345e-001
 5.4595399e-001
 5.5006725e-001
 5.5392653e-001
 5.5785310e-001
 5.6195074e-001
 5.6544560e-001
 5.6920362e-001
 5.7228518e-001
 5.7491064e-001
 5.7646060e-001
 5.8182919e-001
 5.8583736e-001
 5.8898604e-001
 5.9231395e-001
 5.9564292e-001
 5.9791833e-001
 6.0069633e-001
 6.0283214e-001
 6.0762906e-001
 6.1064571e-001
 6.1369306e-001
 6.1651462e-001
 6.1958647e-001
 6.2242371e-001
 6.2493235e-001
 6.2796813e-001
 6.3128889e-001
 6.3366699e-001
 6.3619590e-001
 6.3842410e-001
 6.4106888e-001
 6.4314371e-001
 6.4600325e-001
 6.4869434e-001
 6.5131956e-001
 6.5372300e-001
 6.5587217e-001
 6.5757537e-001
 6.5958554e-001
 6.6220218e-001
 6.6484070e-001
 6.6683638e-001
 6.6829348e-001
 6.7077655e-001
 6.7227209e-001
 6.7362887e-001
 6.7531097e-001
 6.7709726e-001
 6.7927104e-001
 6.8153298e-001
 6.8386173e-001
 6.8528044e-001
 6.8683654e-001
 6.8857688e-001
 6.9026345e-001
 6.9156587e-001
 6.9386107e-001
 6.9549835e-001
 6.9577926e-001
 6.9597977e-001
 6.9517845e-001
 6.9430476e-001
 6.9333249e-001
 6.9319260e-001
 6.9407290e-001
 6.9559455e-001
 6.9827086e-001
 6.9943756e-001
 7.0029181e-001
 7.0155382e-001
 7.0385349e-001
 7.0614988e-001
 7.0866024e-001
 7.1075803e-001
 7.1243590e-001
 7.1436667e-001
 7.1707630e-001
 7.1840650e-001
 7.1969700e-001
 7.2149509e-001
 7.2303945e-001
 7.2298527e-001
 7.2184128e-001
 7.2094434e-001
 7.2087669e-001
 7.2097677e-001
 7.1965253e-001
 7.1873164e-001
 7.2029573e-001
 7.2035927e-001
 7.2164255e-001
 7.2275996e-001
 7.2209269e-001
 7.2054332e-001
 7.1841419e-001
 7.1803200e-001
 7.1888500e-001
 7.1862680e-001
 7.1764904e-001
 7.1414113e-001
 7.0836258e-001
 7.0609683e-001
 6.9938099e-001
 7.0050448e-001
 7.0933187e-001
 7.1488827e-001
 7.1840334e-001
 7.2308064e-001
 7.2272933e-001
 7.1820545e-001
 7.1320236e-001
 7.1570313e-001
 7.1537083e-001
 7.2105789e-001
 7.2609478e-001
 7.2362024e-001
 7.2406214e-001
 7.2363842e-001
 7.2172582e-001
 7.2082090e-001
 7.2347319e-001
 7.2399348e-001
-1.2300000e+034
