s07_AV97 Record=3866: Fe-Hydroxide SU93-106 amorph  BECKb AREF
 2.6346447e-002
 2.7251633e-002
 2.8167708e-002
 2.8916061e-002
 2.9912852e-002
 3.1299736e-002
 3.2591939e-002
 3.4419354e-002
 3.6264624e-002
 3.7723493e-002
 3.8471427e-002
 3.9245807e-002
 4.0993333e-002
 4.3679982e-002
 4.7258642e-002
 5.2119169e-002
 5.8428921e-002
 6.6694103e-002
 7.5866356e-002
 8.6697087e-002
 9.8613180e-002
 1.1164722e-001
 1.2419447e-001
 1.3572365e-001
 1.4599791e-001
 1.5539661e-001
 1.6352260e-001
 1.7088601e-001
 1.7706171e-001
 1.8275128e-001
 1.8797217e-001
 1.9265652e-001
 1.8721396e-001
 1.9182080e-001
 1.9581220e-001
 1.9960417e-001
 2.0335245e-001
 2.0628296e-001
 2.0877877e-001
 2.1064030e-001
 2.1235593e-001
 2.1334095e-001
 2.1425858e-001
 2.1463718e-001
 2.1444117e-001
 2.1385297e-001
 2.1301676e-001
 2.1177046e-001
 2.0974497e-001
 2.0809767e-001
 2.0620047e-001
 2.0335788e-001
 2.0064341e-001
 1.9752990e-001
 1.9494145e-001
 1.9377579e-001
 1.9194180e-001
 1.9028592e-001
 1.8840367e-001
 1.8799804e-001
 1.8709208e-001
 1.8583182e-001
 1.8459269e-001
 1.8481143e-001
 1.8532722e-001
 1.8499352e-001
 1.8525973e-001
 1.8573095e-001
 1.8573754e-001
 1.8655916e-001
 1.8721730e-001
 1.8752515e-001
 1.8851632e-001
 1.8933149e-001
 1.8997405e-001
 1.9083516e-001
 1.9177791e-001
 1.9249479e-001
 1.9350474e-001
 1.9435348e-001
 1.9521350e-001
 1.9615597e-001
 1.9691172e-001
 1.9779940e-001
 1.9807351e-001
 1.9890115e-001
 1.9987677e-001
 2.0140243e-001
 2.0105149e-001
 2.0192403e-001
 2.0189677e-001
 2.0239206e-001
 2.0293570e-001
 2.0343319e-001
 2.0357461e-001
 2.0318213e-001
 2.0333594e-001
 2.0350187e-001
 2.0337214e-001
 2.0396312e-001
 2.0363012e-001
 2.0353456e-001
 2.0351970e-001
 2.0315032e-001
 2.0302528e-001
 2.0246774e-001
 2.0153762e-001
 2.0143189e-001
 2.0085107e-001
 1.9871461e-001
 1.9534718e-001
 1.9214542e-001
 1.8840364e-001
 1.8786201e-001
 1.8987085e-001
 1.9085938e-001
 1.9143413e-001
 1.9187486e-001
 1.9199173e-001
 1.9324605e-001
 1.9396742e-001
 1.9376521e-001
 1.9427337e-001
 1.9499445e-001
 1.9509304e-001
 1.9423062e-001
 1.9529414e-001
 1.9475888e-001
 1.9440334e-001
 1.9417810e-001
 1.9377245e-001
 1.9412154e-001
 1.9344737e-001
 1.9311978e-001
 1.9289762e-001
 1.9281159e-001
 1.9240965e-001
 1.9320333e-001
 1.9185694e-001
 1.9133332e-001
 1.9194114e-001
 1.9199748e-001
 1.9122712e-001
 1.9032612e-001
 1.8918020e-001
 1.8956167e-001
 1.9039904e-001
 1.8960378e-001
 1.8778536e-001
 1.8889403e-001
 1.8963635e-001
 1.8676227e-001
 1.8669479e-001
 1.8579406e-001
 1.8529813e-001
 1.8620035e-001
 1.8444350e-001
 1.8339899e-001
 1.8131670e-001
 1.7549194e-001
 1.7769293e-001
 1.6897477e-001
 1.5563698e-001
 1.4444622e-001
 1.4346389e-001
 1.4774191e-001
 1.5133351e-001
 1.5401971e-001
 1.5521799e-001
 1.5732659e-001
 1.5986355e-001
 1.6281085e-001
 1.6440077e-001
 1.6536511e-001
 1.6830213e-001
 1.6931862e-001
 1.7132765e-001
 1.7201981e-001
 1.7358856e-001
 1.7452092e-001
 1.7349638e-001
 1.7386252e-001
 1.7407355e-001
 1.7439862e-001
 1.7304453e-001
 1.7277551e-001
 1.7465909e-001
 1.7395893e-001
 1.7290419e-001
 1.7161275e-001
 1.7000201e-001
 1.6953358e-001
 1.6535671e-001
 1.6382281e-001
 1.6369984e-001
 1.6230424e-001
 1.6113916e-001
 1.6168551e-001
 1.6276766e-001
 1.6171637e-001
 1.6031016e-001
 1.5854633e-001
 1.5938692e-001
 1.5716934e-001
 1.5714827e-001
 1.5421724e-001
 1.5304738e-001
 1.5048772e-001
 1.4882937e-001
 1.4840375e-001
 1.4702447e-001
 1.4530897e-001
 1.4220177e-001
 1.3957924e-001
 1.3748880e-001
 1.3508028e-001
 1.3256028e-001
 1.3036323e-001
 1.2863173e-001
 1.2672926e-001
 1.2467667e-001
 1.2259097e-001
 1.2064829e-001
 1.1896212e-001
