s07_AV97 Record=1455: Hedenbergite HS10.3B         ASDFRc AREF
 5.9971098e-002
 6.2261529e-002
 6.4206704e-002
 6.6030495e-002
 6.7742765e-002
 6.9599219e-002
 7.1547322e-002
 7.3528491e-002
 7.5467363e-002
 7.7683292e-002
 8.0012217e-002
 8.2463041e-002
 8.4676474e-002
 8.7019518e-002
 8.9444093e-002
 9.1805361e-002
 9.4259575e-002
 9.6676372e-002
 9.8898657e-002
 1.0090684e-001
 1.0262335e-001
 1.0395832e-001
 1.0507887e-001
 1.0576900e-001
 1.0653875e-001
 1.0692206e-001
 1.0729045e-001
 1.0778260e-001
 1.0815731e-001
 1.0845946e-001
 1.0862454e-001
 1.0862733e-001
 1.0861058e-001
 1.0862502e-001
 1.0860401e-001
 1.0832743e-001
 1.0796537e-001
 1.0766370e-001
 1.0739467e-001
 1.0719196e-001
 1.0727380e-001
 1.0721648e-001
 1.0739888e-001
 1.0746518e-001
 1.0778231e-001
 1.0820651e-001
 1.0870434e-001
 1.0912234e-001
 1.0955794e-001
 1.1025432e-001
 1.1079729e-001
 1.1116367e-001
 1.1153228e-001
 1.1177483e-001
 1.1189660e-001
 1.1168471e-001
 1.1143664e-001
 1.1087365e-001
 1.1028981e-001
 1.0981485e-001
 1.0912685e-001
 1.0857594e-001
 1.0807612e-001
 1.0767716e-001
 1.0740789e-001
 1.0724616e-001
 1.0729150e-001
 1.0749883e-001
 1.0785893e-001
 1.0817933e-001
 1.0910378e-001
 1.0932231e-001
 1.1010898e-001
 1.1095157e-001
 1.1148975e-001
 1.1214843e-001
 1.1256584e-001
 1.1287259e-001
 1.1330333e-001
 1.1328499e-001
 1.1361638e-001
 1.1377502e-001
 1.1398355e-001
 1.1435528e-001
 1.1461161e-001
 1.1499416e-001
 1.1550248e-001
 1.1610411e-001
 1.1652213e-001
 1.1723518e-001
 1.1801741e-001
 1.1909091e-001
 1.2021986e-001
 1.2141883e-001
 1.2257623e-001
 1.2387589e-001
 1.2186376e-001
 1.2324794e-001
 1.2460198e-001
 1.2623836e-001
 1.2796208e-001
 1.2956089e-001
 1.3140056e-001
 1.3327681e-001
 1.3526785e-001
 1.3717380e-001
 1.3898531e-001
 1.4110778e-001
 1.4306816e-001
 1.4482163e-001
 1.4640614e-001
 1.4720553e-001
 1.4837810e-001
 1.5102261e-001
 1.5340377e-001
 1.5550777e-001
 1.5767245e-001
 1.6010837e-001
 1.6231880e-001
 1.6457058e-001
 1.6664183e-001
 1.6893055e-001
 1.7092381e-001
 1.7312348e-001
 1.7532508e-001
 1.7752881e-001
 1.7972210e-001
 1.8205273e-001
 1.8437402e-001
 1.8638998e-001
 1.8843424e-001
 1.9069371e-001
 1.9275033e-001
 1.9499204e-001
 1.9730951e-001
 1.9937029e-001
 2.0160463e-001
 2.0360695e-001
 2.0555887e-001
 2.0767476e-001
 2.1013987e-001
 2.1242617e-001
 2.1467750e-001
 2.1705560e-001
 2.1908504e-001
 2.2104625e-001
 2.2310132e-001
 2.2540520e-001
 2.2751597e-001
 2.2976123e-001
 2.3185349e-001
 2.3385680e-001
 2.3618096e-001
 2.3840359e-001
 2.4065565e-001
 2.4273232e-001
 2.4455337e-001
 2.4648324e-001
 2.4720833e-001
 2.4526054e-001
 2.4639636e-001
 2.4247856e-001
 2.3478729e-001
 2.2918746e-001
 2.3024647e-001
 2.3582630e-001
 2.4138434e-001
 2.4582051e-001
 2.4956511e-001
 2.5361538e-001
 2.5745705e-001
 2.6137233e-001
 2.6567480e-001
 2.6980403e-001
 2.7346310e-001
 2.7684286e-001
 2.7995360e-001
 2.8341201e-001
 2.8667936e-001
 2.8998417e-001
 2.9257792e-001
 2.9504505e-001
 2.9744989e-001
 2.9946834e-001
 3.0164322e-001
 3.0358729e-001
 3.0591020e-001
 3.0753461e-001
 3.0920553e-001
 3.1045738e-001
 3.1093937e-001
 3.1192309e-001
 3.1325489e-001
 3.1392577e-001
 3.1403932e-001
 3.1417069e-001
 3.1451750e-001
 3.1484666e-001
 3.1376162e-001
 3.1137958e-001
 3.0551410e-001
 2.9628214e-001
 2.9126796e-001
 2.9322505e-001
 3.0108610e-001
 3.0679575e-001
 3.0801633e-001
 3.0775601e-001
 3.0804047e-001
 3.0620477e-001
 3.0409083e-001
 3.0264419e-001
 3.0240071e-001
 3.0111042e-001
 3.0114233e-001
 3.0088717e-001
 3.0052686e-001
 2.9815447e-001
 2.9568172e-001
 2.9268226e-001
 2.8884211e-001
 2.8706157e-001
 2.8282687e-001
-1.2300000e+034
