s07_AV97 Record=246: Alunite HS295                ASDFRa AREF
 6.8444967e-001
 6.9682658e-001
 7.0980692e-001
 7.2257894e-001
 7.3482341e-001
 7.4677575e-001
 7.5669444e-001
 7.6490355e-001
 7.7570140e-001
 7.8370535e-001
 7.9099631e-001
 7.9800403e-001
 8.0505592e-001
 8.1230187e-001
 8.1967413e-001
 8.2694149e-001
 8.3412069e-001
 8.4133238e-001
 8.4806138e-001
 8.5665691e-001
 8.6495829e-001
 8.7342852e-001
 8.8268489e-001
 8.9223617e-001
 9.0124375e-001
 9.0942824e-001
 9.1684622e-001
 9.2328060e-001
 9.2912680e-001
 9.3436408e-001
 9.3917662e-001
 9.4383115e-001
 9.3841803e-001
 9.4294965e-001
 9.4735694e-001
 9.5151496e-001
 9.5508009e-001
 9.5805174e-001
 9.6047497e-001
 9.6222043e-001
 9.6324509e-001
 9.6390796e-001
 9.6401697e-001
 9.6352988e-001
 9.6331304e-001
 9.6324748e-001
 9.6295410e-001
 9.6305829e-001
 9.6301025e-001
 9.6279091e-001
 9.6274185e-001
 9.6307760e-001
 9.6342188e-001
 9.6388918e-001
 9.6439493e-001
 9.6503550e-001
 9.6550852e-001
 9.6624970e-001
 9.6732789e-001
 9.6904010e-001
 9.7020680e-001
 9.7080541e-001
 9.7112572e-001
 9.7117156e-001
 9.7036946e-001
 9.6868938e-001
 9.6608138e-001
 9.6422940e-001
 9.6517909e-001
 9.7035390e-001
 9.7624683e-001
 9.7884434e-001
 9.8049510e-001
 9.8112398e-001
 9.8213553e-001
 9.8250198e-001
 9.8312861e-001
 9.8279375e-001
 9.8262709e-001
 9.8278964e-001
 9.8337716e-001
 9.8298943e-001
 9.8150724e-001
 9.8007792e-001
 9.7896415e-001
 9.7783643e-001
 9.7743541e-001
 9.7609168e-001
 9.7474122e-001
 9.7293812e-001
 9.6978402e-001
 9.6498811e-001
 9.6145868e-001
 9.5689130e-001
 9.4745618e-001
 9.4012725e-001
 9.5348239e-001
 9.4166201e-001
 9.4400567e-001
 9.5775110e-001
 9.6602619e-001
 9.6652204e-001
 9.6289432e-001
 9.5634305e-001
 9.4746304e-001
 9.4280243e-001
 9.4320112e-001
 9.4617742e-001
 9.4503361e-001
 9.3915743e-001
 9.2840171e-001
 9.1057920e-001
 8.8004702e-001
 8.0740333e-001
 8.0759019e-001
 8.3443749e-001
 8.1669307e-001
 7.9739267e-001
 7.4604696e-001
 7.6373428e-001
 8.3403182e-001
 8.5667384e-001
 8.7667811e-001
 8.8646215e-001
 8.9001185e-001
 8.9316469e-001
 8.9443225e-001
 8.9481741e-001
 8.9422816e-001
 8.9324611e-001
 8.9270294e-001
 8.9232177e-001
 8.9192384e-001
 8.9190167e-001
 8.9078128e-001
 8.8930219e-001
 8.8719600e-001
 8.8405007e-001
 8.8044506e-001
 8.7674719e-001
 8.7282860e-001
 8.6875206e-001
 8.6344230e-001
 8.5368025e-001
 8.3761805e-001
 8.1799835e-001
 7.9942524e-001
 7.8802830e-001
 7.9243034e-001
 8.1278408e-001
 8.3960539e-001
 8.4931415e-001
 8.4988451e-001
 8.5041428e-001
 8.4928983e-001
 8.4685802e-001
 8.4325325e-001
 8.3856142e-001
 8.3139414e-001
 8.1729919e-001
 8.2327515e-001
 8.0850995e-001
 7.9304421e-001
 7.7552670e-001
 7.6102841e-001
 7.5182676e-001
 7.4766541e-001
 7.4411649e-001
 7.4005902e-001
 7.3946524e-001
 7.4040604e-001
 7.3678946e-001
 7.2760040e-001
 7.2162539e-001
 7.2166348e-001
 7.2147518e-001
 7.1765643e-001
 7.1387428e-001
 7.1006608e-001
 7.0997471e-001
 7.1045339e-001
 7.0616221e-001
 6.9443130e-001
 6.7210841e-001
 6.3615054e-001
 6.0036600e-001
 5.7415301e-001
 5.4879349e-001
 5.2860868e-001
 5.2596861e-001
 5.2882713e-001
 5.5647910e-001
 5.9654659e-001
 5.8617049e-001
 6.4626497e-001
 7.1316952e-001
 7.3507172e-001
 7.4110603e-001
 7.4184507e-001
 7.4103862e-001
 7.3721457e-001
 7.3094213e-001
 7.1626008e-001
 6.8078637e-001
 6.3989115e-001
 6.4491212e-001
 6.7365921e-001
 6.9091535e-001
 6.9323170e-001
 6.7871225e-001
 6.4421362e-001
 5.9765673e-001
 5.7001662e-001
 5.5692291e-001
 5.3521371e-001
 5.1155877e-001
 5.0755477e-001
 5.2078491e-001
 5.1455849e-001
 4.9494615e-001
 5.0570488e-001
 5.0449812e-001
 4.7283140e-001
-1.2300000e+034
