s07_AV97 Record=915: Clinoptilolite GDS2 Zeolite   BECKb AREF
 2.1467543e-001
 2.4138139e-001
 2.7354810e-001
 2.9693246e-001
 3.2081831e-001
 3.5180151e-001
 3.8170755e-001
 4.0968096e-001
 4.3528911e-001
 4.6088368e-001
 4.8242900e-001
 4.9663436e-001
 5.1081473e-001
 5.2430385e-001
 5.3932369e-001
 5.6008476e-001
 5.8592194e-001
 6.1349785e-001
 6.3417220e-001
 6.5212113e-001
 6.6293001e-001
 6.6972452e-001
 6.7129642e-001
 6.6963691e-001
 6.6801816e-001
 6.6706359e-001
 6.6656381e-001
 6.7012382e-001
 6.7370844e-001
 6.8353570e-001
 6.9022840e-001
 6.9748122e-001
 6.8911105e-001
 6.9552565e-001
 7.0780623e-001
 7.1699852e-001
 7.2394383e-001
 7.3223597e-001
 7.4333209e-001
 7.4486560e-001
 7.4987501e-001
 7.5569212e-001
 7.5855267e-001
 7.5990981e-001
 7.6388770e-001
 7.6466930e-001
 7.7064675e-001
 7.7023214e-001
 7.7140212e-001
 7.7646828e-001
 7.7733147e-001
 7.7945727e-001
 7.7328134e-001
 7.7108538e-001
 7.7532870e-001
 7.7340341e-001
 7.7081764e-001
 7.7041698e-001
 7.7333820e-001
 7.7208436e-001
 7.6537436e-001
 7.7095473e-001
 7.6548368e-001
 7.6427644e-001
 7.6665390e-001
 7.6614499e-001
 7.7078080e-001
 7.7091831e-001
 7.7205706e-001
 7.7345604e-001
 7.7499634e-001
 7.7322012e-001
 7.7499431e-001
 7.7714372e-001
 7.7759898e-001
 7.7789199e-001
 7.7834409e-001
 7.7916127e-001
 7.7979410e-001
 7.7947974e-001
 7.8004742e-001
 7.7880758e-001
 7.7444565e-001
 7.6286787e-001
 7.6477849e-001
 7.7257413e-001
 7.7737957e-001
 7.8173316e-001
 7.8283358e-001
 7.8664273e-001
 7.9062653e-001
 7.9233885e-001
 7.9254419e-001
 7.9717821e-001
 7.9836190e-001
 7.9841846e-001
 7.9816753e-001
 7.9889667e-001
 7.9924321e-001
 8.0018103e-001
 8.0087399e-001
 7.9917371e-001
 7.9397088e-001
 7.8739494e-001
 7.7854544e-001
 7.7044290e-001
 7.6382518e-001
 7.5694948e-001
 7.4236971e-001
 7.1504724e-001
 6.7006356e-001
 6.0994673e-001
 5.6858951e-001
 5.7308662e-001
 6.0506415e-001
 6.3774770e-001
 6.5472132e-001
 6.5753192e-001
 6.7579287e-001
 7.0093954e-001
 7.2255349e-001
 7.3425412e-001
 7.4445558e-001
 7.5529081e-001
 7.6288104e-001
 7.6682305e-001
 7.7308905e-001
 7.7759129e-001
 7.8218919e-001
 7.8599137e-001
 7.9104096e-001
 7.9043680e-001
 7.9474556e-001
 7.9652756e-001
 7.9708940e-001
 8.0167580e-001
 8.0101115e-001
 8.0092001e-001
 8.0274200e-001
 8.0221105e-001
 8.0221790e-001
 8.0024648e-001
 7.9429048e-001
 7.8967106e-001
 7.8263140e-001
 7.7534449e-001
 7.6105642e-001
 7.5379491e-001
 7.4490404e-001
 7.3617917e-001
 7.2937399e-001
 7.2125709e-001
 7.1631438e-001
 7.1845466e-001
 7.1633977e-001
 7.1231681e-001
 6.9909739e-001
 6.7726195e-001
 6.3277376e-001
 5.4777116e-001
 5.7937121e-001
 4.6457365e-001
 3.4241760e-001
 2.8500524e-001
 3.0774105e-001
 3.6430949e-001
 4.0761915e-001
 4.3431127e-001
 4.5501423e-001
 4.7554702e-001
 4.9885988e-001
 5.2175605e-001
 5.4323065e-001
 5.6786549e-001
 5.9161973e-001
 6.1073804e-001
 6.2224722e-001
 6.3373607e-001
 6.3726819e-001
 6.3799000e-001
 6.4016336e-001
 6.4154077e-001
 6.4957839e-001
 6.5498257e-001
 6.5710938e-001
 6.5991038e-001
 6.6426927e-001
 6.6809911e-001
 6.6327173e-001
 6.6066045e-001
 6.6066837e-001
 6.5732706e-001
 6.5611804e-001
 6.5630955e-001
 6.5090317e-001
 6.4923966e-001
 6.4532667e-001
 6.4017242e-001
 6.3800466e-001
 6.3186693e-001
 6.2619281e-001
 6.1771065e-001
 6.1000580e-001
 6.0454851e-001
 5.9435600e-001
 5.8391112e-001
 5.7233489e-001
 5.5984110e-001
 5.4672670e-001
 5.2894074e-001
 5.0891781e-001
 4.9480715e-001
 4.7871605e-001
 4.5924428e-001
 4.3913087e-001
 4.2148817e-001
 4.0519559e-001
 3.8828957e-001
 3.7288386e-001
 3.5702470e-001
 3.4356722e-001
 3.3212417e-001
 3.2200584e-001
 3.1270993e-001
