s07_AV97 Record=3103: Staurolite HS188.2B          ASDFRb AREF
 1.0713267e-001
 1.1098664e-001
 1.1467915e-001
 1.1942415e-001
 1.2438291e-001
 1.2960406e-001
 1.3608524e-001
 1.4330283e-001
 1.5082046e-001
 1.5792552e-001
 1.6499653e-001
 1.7259096e-001
 1.8096825e-001
 1.8960123e-001
 1.9832283e-001
 2.0717227e-001
 2.1605799e-001
 2.2509947e-001
 2.3387548e-001
 2.4453034e-001
 2.5735527e-001
 2.6880270e-001
 2.7892506e-001
 2.8749758e-001
 2.9474956e-001
 3.0046877e-001
 3.0536440e-001
 3.0949268e-001
 3.1318763e-001
 3.1674397e-001
 3.2014260e-001
 3.2330021e-001
 3.1961161e-001
 3.2271904e-001
 3.2563087e-001
 3.2837763e-001
 3.3062297e-001
 3.3267885e-001
 3.3460727e-001
 3.3640304e-001
 3.3798635e-001
 3.3940488e-001
 3.4060946e-001
 3.4163368e-001
 3.4250054e-001
 3.4320751e-001
 3.4384030e-001
 3.4430894e-001
 3.4473282e-001
 3.4506610e-001
 3.4541759e-001
 3.4579673e-001
 3.4612343e-001
 3.4657100e-001
 3.4702513e-001
 3.4741667e-001
 3.4782049e-001
 3.4840718e-001
 3.4901974e-001
 3.4970507e-001
 3.5033160e-001
 3.5086852e-001
 3.5129559e-001
 3.5182860e-001
 3.5229099e-001
 3.5276854e-001
 3.5314608e-001
 3.5345244e-001
 3.5368815e-001
 3.5242537e-001
 3.5291523e-001
 3.5239854e-001
 3.5109901e-001
 3.5079938e-001
 3.5005426e-001
 3.4933627e-001
 3.4857631e-001
 3.4771863e-001
 3.4618697e-001
 3.4443656e-001
 3.4263074e-001
 3.4071836e-001
 3.3858347e-001
 3.3594161e-001
 3.3364499e-001
 3.3069852e-001
 3.2761893e-001
 3.2412443e-001
 3.2014567e-001
 3.1656006e-001
 3.1263557e-001
 3.0830979e-001
 3.0420098e-001
 2.9953194e-001
 2.9507503e-001
 2.9016098e-001
 2.9735297e-001
 2.9274195e-001
 2.8772902e-001
 2.8246793e-001
 2.7692410e-001
 2.7158466e-001
 2.6646692e-001
 2.6113757e-001
 2.5594270e-001
 2.5024983e-001
 2.4505733e-001
 2.3999248e-001
 2.3508225e-001
 2.2956829e-001
 2.2396773e-001
 2.1864307e-001
 2.1441549e-001
 2.1073072e-001
 2.0681022e-001
 2.0265520e-001
 1.9908252e-001
 1.9510299e-001
 1.9120036e-001
 1.8740056e-001
 1.8360414e-001
 1.8042581e-001
 1.7706242e-001
 1.7412139e-001
 1.7115535e-001
 1.6824877e-001
 1.6544001e-001
 1.6280474e-001
 1.6016279e-001
 1.5786667e-001
 1.5557076e-001
 1.5351437e-001
 1.5139814e-001
 1.4967781e-001
 1.4792623e-001
 1.4644089e-001
 1.4479563e-001
 1.4337875e-001
 1.4202617e-001
 1.4093024e-001
 1.3964751e-001
 1.3856404e-001
 1.3778667e-001
 1.3676955e-001
 1.3592243e-001
 1.3523000e-001
 1.3462690e-001
 1.3363904e-001
 1.3311915e-001
 1.3250595e-001
 1.3199456e-001
 1.3127171e-001
 1.3093942e-001
 1.3062465e-001
 1.3034478e-001
 1.2989636e-001
 1.2993732e-001
 1.2996608e-001
 1.2960815e-001
 1.2942553e-001
 1.2958285e-001
 1.2949426e-001
 1.2920466e-001
 1.2907279e-001
 1.2899564e-001
 1.2912834e-001
 1.2904604e-001
 1.2928765e-001
 1.2958039e-001
 1.2956698e-001
 1.2970771e-001
 1.2986138e-001
 1.3017762e-001
 1.3046224e-001
 1.3053760e-001
 1.3108516e-001
 1.3146509e-001
 1.3178572e-001
 1.3246526e-001
 1.3302459e-001
 1.3323139e-001
 1.3333310e-001
 1.3358539e-001
 1.3379452e-001
 1.3406667e-001
 1.3403827e-001
 1.3427903e-001
 1.3427281e-001
 1.3434808e-001
 1.3432434e-001
 1.3426961e-001
 1.3395520e-001
 1.3373205e-001
 1.3447878e-001
 1.3465188e-001
 1.3493219e-001
 1.3483167e-001
 1.3451265e-001
 1.3445157e-001
 1.3413158e-001
 1.3434114e-001
 1.3448280e-001
 1.3403110e-001
 1.3439256e-001
 1.3365825e-001
 1.3380980e-001
 1.3301240e-001
 1.3153280e-001
 1.3054958e-001
 1.3041091e-001
 1.3116424e-001
 1.3201161e-001
 1.3192029e-001
 1.3190487e-001
 1.3173017e-001
 1.3100614e-001
 1.3038018e-001
 1.2905084e-001
 1.2954375e-001
 1.2923388e-001
 1.2680420e-001
 1.2642345e-001
 1.2882096e-001
-1.2300000e+034
