s07_AV97 Record=3622: Alunite_NH4+Jaro NMNH145596A ASDFRb AREF
 1.3605264e-001
 1.5599406e-001
 1.8704373e-001
 2.3541531e-001
 2.8655469e-001
 3.1166521e-001
 3.0372000e-001
 3.0169255e-001
 3.3671495e-001
 3.7442112e-001
 4.0079758e-001
 4.2022270e-001
 4.3754959e-001
 4.5295388e-001
 4.6633407e-001
 4.7799128e-001
 4.8888910e-001
 4.9987772e-001
 5.1145852e-001
 5.2310163e-001
 5.3340286e-001
 5.4084396e-001
 5.4479718e-001
 5.4629701e-001
 5.4759371e-001
 5.4936433e-001
 5.5233616e-001
 5.5717623e-001
 5.6364727e-001
 5.7190639e-001
 5.8320189e-001
 5.9601802e-001
 5.8113772e-001
 5.9356111e-001
 6.0607654e-001
 6.1740541e-001
 6.2724966e-001
 6.3719225e-001
 6.4478713e-001
 6.5025985e-001
 6.5276891e-001
 6.5274435e-001
 6.5045315e-001
 6.4653909e-001
 6.4175051e-001
 6.3624036e-001
 6.3033605e-001
 6.2434387e-001
 6.1853051e-001
 6.1301643e-001
 6.0810298e-001
 6.0366946e-001
 5.9980720e-001
 5.9657794e-001
 5.9379560e-001
 5.9154439e-001
 5.8991843e-001
 5.8899975e-001
 5.8890092e-001
 5.8929384e-001
 5.9016144e-001
 5.9140402e-001
 5.9323066e-001
 5.9523934e-001
 5.9728891e-001
 5.9890687e-001
 6.0016084e-001
 6.0260236e-001
 6.0787445e-001
 6.1406028e-001
 6.1887836e-001
 6.2257636e-001
 6.2671542e-001
 6.3024133e-001
 6.3401985e-001
 6.3735491e-001
 6.3981295e-001
 6.4237511e-001
 6.4474499e-001
 6.4689839e-001
 6.4941096e-001
 6.5140128e-001
 6.5326792e-001
 6.5506554e-001
 6.5660530e-001
 6.5823984e-001
 6.5970516e-001
 6.6070616e-001
 6.6013086e-001
 6.5855616e-001
 6.5588045e-001
 6.5171385e-001
 6.4822245e-001
 6.4462298e-001
 6.4159346e-001
 6.4581579e-001
 6.4298403e-001
 6.4245468e-001
 6.5065068e-001
 6.6022700e-001
 6.6735792e-001
 6.7175245e-001
 6.7365944e-001
 6.7229706e-001
 6.6812420e-001
 6.6831338e-001
 6.7294061e-001
 6.7751062e-001
 6.7763722e-001
 6.7317283e-001
 6.6170132e-001
 6.3525122e-001
 5.7254589e-001
 5.6801754e-001
 5.6668466e-001
 5.3175491e-001
 4.9117941e-001
 4.7394264e-001
 5.3665209e-001
 5.6969684e-001
 5.8495945e-001
 5.8386004e-001
 5.7249087e-001
 5.6526440e-001
 5.7009602e-001
 5.7736439e-001
 5.8958787e-001
 6.0537416e-001
 6.1847723e-001
 6.2910920e-001
 6.3549215e-001
 6.3831609e-001
 6.3810349e-001
 6.3662356e-001
 6.3961923e-001
 6.4731467e-001
 6.5356004e-001
 6.5688717e-001
 6.5747887e-001
 6.5686834e-001
 6.5632516e-001
 6.5494275e-001
 6.5215272e-001
 6.4464444e-001
 6.3139099e-001
 6.1412096e-001
 5.9722006e-001
 5.8346033e-001
 5.8087444e-001
 5.9181893e-001
 6.1352664e-001
 6.2684673e-001
 6.2887943e-001
 6.2634748e-001
 6.2017941e-001
 6.1057484e-001
 6.0160291e-001
 5.9494847e-001
 5.8864784e-001
 5.7795119e-001
 5.8296698e-001
 5.6902760e-001
 5.5266953e-001
 5.3820711e-001
 5.2394634e-001
 5.0929010e-001
 4.9381340e-001
 4.7644004e-001
 4.5373571e-001
 4.2588142e-001
 3.9310437e-001
 3.5586113e-001
 3.2270753e-001
 3.0553049e-001
 3.0369058e-001
 3.0908325e-001
 3.1319571e-001
 3.1404412e-001
 3.1126535e-001
 3.0511063e-001
 2.9461232e-001
 2.7662849e-001
 2.5180015e-001
 2.3086207e-001
 2.3216099e-001
 2.5407884e-001
 2.7068257e-001
 2.7518037e-001
 2.8334299e-001
 2.8654182e-001
 2.9540238e-001
 3.1935221e-001
 3.2855427e-001
 3.6578169e-001
 4.0485674e-001
 4.2588279e-001
 4.3620488e-001
 4.3815556e-001
 4.3914217e-001
 4.4450241e-001
 4.5101959e-001
 4.5301178e-001
 4.5140594e-001
 4.3400133e-001
 4.1075435e-001
 4.2397758e-001
 4.4918332e-001
 4.6051514e-001
 4.5774633e-001
 4.3893906e-001
 4.0436688e-001
 3.7796187e-001
 3.6730301e-001
 3.5214418e-001
 3.3486044e-001
 3.3689681e-001
 3.4456047e-001
 3.3587587e-001
 3.2165149e-001
 3.1415436e-001
 3.0525801e-001
 2.7784893e-001
 2.5798112e-001
-1.2300000e+034
