s07_AV97 Record=1329: Goethite WS220                BECKc AREF
 2.1537391e-002
 2.2533011e-002
 2.4133552e-002
 2.5316410e-002
 2.8039793e-002
 2.9864579e-002
 3.2358576e-002
 3.7120227e-002
 3.9926339e-002
 4.1508861e-002
 4.3244839e-002
 4.5356434e-002
 4.7445770e-002
 5.0456718e-002
 5.4816127e-002
 6.0970828e-002
 6.7826785e-002
 7.7074468e-002
 8.8392772e-002
 1.0258625e-001
 1.1963810e-001
 1.3858499e-001
 1.5732369e-001
 1.7397463e-001
 1.8846197e-001
 1.9918300e-001
 2.0605971e-001
 2.1327083e-001
 2.1980247e-001
 2.2591549e-001
 2.3218475e-001
 2.4061929e-001
 2.3094417e-001
 2.3891620e-001
 2.4668971e-001
 2.5599727e-001
 2.6533055e-001
 2.7461269e-001
 2.8396991e-001
 2.9262730e-001
 2.9873487e-001
 3.0169490e-001
 3.0232289e-001
 2.9909968e-001
 2.9447836e-001
 2.8961718e-001
 2.8372166e-001
 2.7620330e-001
 2.6991594e-001
 2.6415703e-001
 2.5805140e-001
 2.5410134e-001
 2.4892329e-001
 2.5078753e-001
 2.4953721e-001
 2.4481265e-001
 2.4671593e-001
 2.4542335e-001
 2.4792735e-001
 2.5384566e-001
 2.5668877e-001
 2.5901005e-001
 2.6063290e-001
 2.6884922e-001
 2.7140138e-001
 2.7618888e-001
 2.8211701e-001
 2.8565928e-001
 2.9483494e-001
 2.9933465e-001
 3.0579305e-001
 3.1490332e-001
 3.2396668e-001
 3.2952169e-001
 3.4216172e-001
 3.5236025e-001
 3.6267325e-001
 3.7521315e-001
 3.8706428e-001
 4.0188599e-001
 4.1667774e-001
 4.3273973e-001
 4.4708169e-001
 4.6632525e-001
 4.8248023e-001
 4.9930921e-001
 5.1789963e-001
 5.3429490e-001
 5.5428201e-001
 5.6966597e-001
 5.8303547e-001
 5.9981096e-001
 6.1376321e-001
 6.2866604e-001
 6.4189798e-001
 6.5174764e-001
 6.3521659e-001
 6.4726019e-001
 6.5856707e-001
 6.6958499e-001
 6.7793399e-001
 6.8650186e-001
 6.9431007e-001
 7.0125586e-001
 7.0679802e-001
 7.0975369e-001
 7.1112043e-001
 7.1436483e-001
 7.1878177e-001
 7.1879506e-001
 7.1366423e-001
 7.0352608e-001
 6.9109344e-001
 6.8861991e-001
 6.8588126e-001
 6.8562698e-001
 6.8633157e-001
 6.8796045e-001
 6.8981743e-001
 6.9507080e-001
 6.9816780e-001
 6.9964314e-001
 7.0172018e-001
 7.0484853e-001
 7.0595431e-001
 7.0800167e-001
 7.0871645e-001
 7.0973980e-001
 7.0956546e-001
 7.0663619e-001
 7.0428634e-001
 7.0006526e-001
 6.9719130e-001
 6.9227552e-001
 6.8694568e-001
 6.8578357e-001
 6.8148857e-001
 6.8071395e-001
 6.7498273e-001
 6.7750955e-001
 6.7343765e-001
 6.7604268e-001
 6.7158747e-001
 6.7188907e-001
 6.7113435e-001
 6.6657388e-001
 6.6381180e-001
 6.6077709e-001
 6.6274863e-001
 6.5996659e-001
 6.5611136e-001
 6.5733731e-001
 6.5598315e-001
 6.5636098e-001
 6.6007960e-001
 6.5696126e-001
 6.5501833e-001
 6.5032947e-001
 6.4426130e-001
 6.3633233e-001
 6.3957345e-001
 6.2583202e-001
 6.0518372e-001
 5.8756089e-001
 5.7609940e-001
 5.6768006e-001
 5.6596118e-001
 5.6545454e-001
 5.6650841e-001
 5.7282406e-001
 5.7541722e-001
 5.7901251e-001
 5.8564115e-001
 5.8819360e-001
 5.9395313e-001
 5.9750378e-001
 6.0240668e-001
 6.1252707e-001
 6.1581206e-001
 6.1919415e-001
 6.2194371e-001
 6.2290817e-001
 6.2781030e-001
 6.2607676e-001
 6.3149363e-001
 6.3000214e-001
 6.3198209e-001
 6.2698483e-001
 6.2401354e-001
 6.2647623e-001
 6.2242854e-001
 6.1662698e-001
 6.0807645e-001
 6.0146970e-001
 5.9728491e-001
 5.9235561e-001
 5.8689505e-001
 5.8065045e-001
 5.7238698e-001
 5.6808442e-001
 5.6494427e-001
 5.6126279e-001
 5.5127418e-001
 5.3982949e-001
 5.3287905e-001
 5.3027546e-001
 5.2517188e-001
 5.2007419e-001
 5.1451051e-001
 5.0750846e-001
 4.9924713e-001
 4.9272174e-001
 4.8730409e-001
 4.8256105e-001
 4.7862616e-001
 4.7576597e-001
 4.7389886e-001
 4.7281480e-001
 4.7211143e-001
 4.7106612e-001
 4.6936402e-001
 4.6729967e-001
 4.6530515e-001
 4.6370247e-001
