s07_AV97 Record=2919: Schwertmannite BZ93-1         BECKb AREF
 8.1934957e-003
 8.5829291e-003
 9.1331778e-003
 9.6832206e-003
 1.0589852e-002
 1.1589273e-002
 1.3208939e-002
 1.5174441e-002
 1.7286403e-002
 1.9268868e-002
 2.1150969e-002
 2.2812167e-002
 2.5206272e-002
 2.8928023e-002
 3.3578824e-002
 4.0026985e-002
 4.7980350e-002
 5.7378780e-002
 6.8513252e-002
 8.0213614e-002
 9.2782564e-002
 1.0760677e-001
 1.2266232e-001
 1.3852625e-001
 1.5416521e-001
 1.6940701e-001
 1.8376058e-001
 1.9659968e-001
 2.0888275e-001
 2.2042069e-001
 2.3136304e-001
 2.4181846e-001
 2.2972180e-001
 2.3980685e-001
 2.4975558e-001
 2.5931144e-001
 2.7042586e-001
 2.7995965e-001
 2.8777325e-001
 2.9465404e-001
 2.9991686e-001
 3.0441517e-001
 3.0651969e-001
 3.0709496e-001
 3.0668822e-001
 3.0550218e-001
 3.0306506e-001
 3.0029759e-001
 2.9738730e-001
 2.9495502e-001
 2.9230541e-001
 2.9099095e-001
 2.9036155e-001
 2.8918505e-001
 2.8768766e-001
 2.8694195e-001
 2.8669721e-001
 2.8438857e-001
 2.8448099e-001
 2.8476036e-001
 2.8568843e-001
 2.8538311e-001
 2.8644240e-001
 2.8967103e-001
 2.9157910e-001
 2.9458550e-001
 2.9726067e-001
 3.0053440e-001
 3.0466247e-001
 3.0805475e-001
 3.1343567e-001
 3.1911513e-001
 3.2467225e-001
 3.3070382e-001
 3.3614531e-001
 3.4349871e-001
 3.5043007e-001
 3.5760164e-001
 3.6631879e-001
 3.7357441e-001
 3.8298121e-001
 3.9162299e-001
 3.9985561e-001
 4.0921351e-001
 4.1781357e-001
 4.2656985e-001
 4.3684202e-001
 4.4667491e-001
 4.5569283e-001
 4.6671501e-001
 4.7587809e-001
 4.8517478e-001
 4.9543497e-001
 5.0532389e-001
 5.1455742e-001
 5.2471691e-001
 5.0991869e-001
 5.1965129e-001
 5.2940321e-001
 5.3876925e-001
 5.4768181e-001
 5.5614495e-001
 5.6450891e-001
 5.7228702e-001
 5.7831854e-001
 5.8487689e-001
 5.9011084e-001
 5.9481472e-001
 5.9795433e-001
 5.9447098e-001
 5.8818793e-001
 5.7428950e-001
 5.5554402e-001
 5.3993011e-001
 5.3187120e-001
 5.2969187e-001
 5.2891243e-001
 5.3112382e-001
 5.3368425e-001
 5.3950930e-001
 5.4511601e-001
 5.5091792e-001
 5.5651474e-001
 5.6323254e-001
 5.6694764e-001
 5.7151645e-001
 5.7581526e-001
 5.7896394e-001
 5.8050615e-001
 5.8235735e-001
 5.8536780e-001
 5.8652276e-001
 5.8747047e-001
 5.8726430e-001
 5.8736020e-001
 5.8775818e-001
 5.8668321e-001
 5.8579201e-001
 5.8348501e-001
 5.8044314e-001
 5.7758081e-001
 5.7630235e-001
 5.7306498e-001
 5.7096624e-001
 5.6832987e-001
 5.6639755e-001
 5.6397659e-001
 5.6041276e-001
 5.5949312e-001
 5.5863410e-001
 5.5844760e-001
 5.5610013e-001
 5.5570102e-001
 5.5453920e-001
 5.5469477e-001
 5.5516934e-001
 5.5257279e-001
 5.4731071e-001
 5.3683710e-001
 5.1315278e-001
 5.2208233e-001
 4.9353239e-001
 4.6351135e-001
 4.3208092e-001
 4.0760094e-001
 3.9338040e-001
 3.8700882e-001
 3.8581824e-001
 3.9043656e-001
 3.9693207e-001
 4.0360814e-001
 4.1114822e-001
 4.2086777e-001
 4.2646506e-001
 4.3148348e-001
 4.3656057e-001
 4.4177201e-001
 4.4528058e-001
 4.5015776e-001
 4.5237795e-001
 4.5302317e-001
 4.5689753e-001
 4.5795164e-001
 4.5868090e-001
 4.6133333e-001
 4.6422809e-001
 4.6552509e-001
 4.6387780e-001
 4.6422496e-001
 4.6152577e-001
 4.5927629e-001
 4.5576793e-001
 4.5457324e-001
 4.5524919e-001
 4.4591618e-001
 4.4095743e-001
 4.3565372e-001
 4.2722723e-001
 4.2467868e-001
 4.2154342e-001
 4.1433901e-001
 4.0970743e-001
 4.0679753e-001
 3.9360523e-001
 3.9600810e-001
 3.9282662e-001
 3.8672128e-001
 3.8179556e-001
 3.7463182e-001
 3.7310058e-001
 3.7109911e-001
 3.5972935e-001
 3.5575330e-001
 3.5085115e-001
 3.4372973e-001
 3.3780533e-001
 3.3269751e-001
 3.2715061e-001
 3.2177991e-001
 3.1596905e-001
 3.1077462e-001
 3.0616114e-001
 3.0199179e-001
 2.9821172e-001
