s07_AV97 Record=3508: Zoisite HS347.6              ASDFRc AREF
 2.8336692e-001
 2.7896115e-001
 2.5200769e-001
 2.2210781e-001
 1.9676396e-001
 1.7842516e-001
 1.7021085e-001
 1.7516242e-001
 1.9173165e-001
 2.1540438e-001
 2.2719648e-001
 2.1337695e-001
 2.0296051e-001
 1.8347494e-001
 1.5631649e-001
 1.3806120e-001
 1.3006526e-001
 1.3137801e-001
 1.4056812e-001
 1.5864377e-001
 1.8745992e-001
 2.2733918e-001
 2.7356696e-001
 3.1271356e-001
 3.4993592e-001
 3.7199777e-001
 3.7955827e-001
 3.7596139e-001
 3.6103320e-001
 3.4232569e-001
 3.2396820e-001
 3.0704993e-001
 3.2677513e-001
 3.1021598e-001
 2.9482773e-001
 2.8105429e-001
 2.6891470e-001
 2.5801203e-001
 2.4870621e-001
 2.4071382e-001
 2.3388800e-001
 2.2834510e-001
 2.2402287e-001
 2.2077142e-001
 2.1828002e-001
 2.1677876e-001
 2.1630073e-001
 2.1642528e-001
 2.1750216e-001
 2.1915181e-001
 2.2171593e-001
 2.2486180e-001
 2.2873239e-001
 2.3322652e-001
 2.3820613e-001
 2.4395703e-001
 2.5042337e-001
 2.5704572e-001
 2.6448175e-001
 2.7205759e-001
 2.8006548e-001
 2.8860337e-001
 2.9745716e-001
 3.0644852e-001
 3.1553000e-001
 3.2472467e-001
 3.3415613e-001
 3.4311077e-001
 3.5165888e-001
 3.6042511e-001
 3.6897722e-001
 3.7607211e-001
 3.8376185e-001
 3.9065433e-001
 3.9732060e-001
 4.0406314e-001
 4.0983686e-001
 4.1670144e-001
 4.2310491e-001
 4.2982608e-001
 4.3740514e-001
 4.4431600e-001
 4.5206356e-001
 4.6004072e-001
 4.6697885e-001
 4.7490519e-001
 4.8277563e-001
 4.9299470e-001
 5.0407088e-001
 5.1401240e-001
 5.2485293e-001
 5.3605825e-001
 5.4628807e-001
 5.5720824e-001
 5.6602412e-001
 5.7639587e-001
 5.6114501e-001
 5.7127529e-001
 5.8157951e-001
 5.9263289e-001
 6.0370511e-001
 6.1321849e-001
 6.2237668e-001
 6.2986922e-001
 6.3717979e-001
 6.4344311e-001
 6.4857864e-001
 6.5363812e-001
 6.5572006e-001
 6.4428121e-001
 6.3225210e-001
 6.4441365e-001
 6.4484125e-001
 6.4397281e-001
 6.4247715e-001
 6.3979363e-001
 6.3999867e-001
 6.4006293e-001
 6.3638514e-001
 6.2814164e-001
 6.1488605e-001
 5.9753728e-001
 5.7487053e-001
 5.4839277e-001
 5.2034080e-001
 4.9444282e-001
 4.7409263e-001
 4.6156055e-001
 4.5362335e-001
 4.4537556e-001
 4.3543577e-001
 4.2398164e-001
 4.0969199e-001
 3.9548066e-001
 3.8253960e-001
 3.6921749e-001
 3.5779077e-001
 3.5226515e-001
 3.5334432e-001
 3.5545284e-001
 3.5647625e-001
 3.5880345e-001
 3.6486024e-001
 3.7302637e-001
 3.8159266e-001
 3.8995174e-001
 3.9819109e-001
 4.0674910e-001
 4.1575345e-001
 4.2577541e-001
 4.3512967e-001
 4.4370145e-001
 4.5193213e-001
 4.5068520e-001
 4.3751851e-001
 4.1866708e-001
 4.1798040e-001
 4.2696369e-001
 4.3007869e-001
 4.2745006e-001
 4.2831445e-001
 4.2786992e-001
 4.3052387e-001
 4.2973393e-001
 4.2349428e-001
 4.1769171e-001
 4.2323667e-001
 4.2977548e-001
 4.3325961e-001
 4.3870056e-001
 4.4518480e-001
 4.4993028e-001
 4.5390752e-001
 4.5717779e-001
 4.5896977e-001
 4.6197209e-001
 4.6559858e-001
 4.6650890e-001
 4.6357024e-001
 4.5986938e-001
 4.6148449e-001
 4.6300375e-001
 4.6176827e-001
 4.6103644e-001
 4.6085966e-001
 4.5980823e-001
 4.5796996e-001
 4.5578757e-001
 4.5264035e-001
 4.4670898e-001
 4.3772560e-001
 4.2908493e-001
 4.1965678e-001
 4.0907961e-001
 3.9422175e-001
 3.7096536e-001
 3.3351129e-001
 2.8830063e-001
 2.6574522e-001
 2.7307618e-001
 2.6405987e-001
 2.2849950e-001
 1.9736889e-001
 1.9589160e-001
 1.9256672e-001
 1.7681429e-001
 1.5882169e-001
 1.4903283e-001
 1.5727313e-001
 1.8900043e-001
 2.2385797e-001
 2.4336547e-001
 2.4529134e-001
 2.3631516e-001
 2.2366072e-001
 2.1375117e-001
 1.9957544e-001
 1.7889415e-001
 1.5112951e-001
 1.2839752e-001
 1.3387576e-001
 1.6351961e-001
 1.9485492e-001
-1.2300000e+034
