s07_AV97 Record=2216: Muscovite GDS108             NIC4bb RREF
-1.2300000e+034
-1.2300000e+034
-1.2300000e+034
-1.2300000e+034
-1.2300000e+034
-1.2300000e+034
-1.2300000e+034
-1.2300000e+034
-1.2300000e+034
-1.2300000e+034
-1.2300000e+034
-1.2300000e+034
-1.2300000e+034
-1.2300000e+034
-1.2300000e+034
-1.2300000e+034
-1.2300000e+034
-1.2300000e+034
-1.2300000e+034
-1.2300000e+034
-1.2300000e+034
-1.2300000e+034
-1.2300000e+034
-1.2300000e+034
-1.2300000e+034
-1.2300000e+034
-1.2300000e+034
-1.2300000e+034
-1.2300000e+034
-1.2300000e+034
-1.2300000e+034
-1.2300000e+034
-1.2300000e+034
-1.2300000e+034
-1.2300000e+034
-1.2300000e+034
-1.2300000e+034
-1.2300000e+034
-1.2300000e+034
-1.2300000e+034
-1.2300000e+034
-1.2300000e+034
-1.2300000e+034
-1.2300000e+034
-1.2300000e+034
-1.2300000e+034
-1.2300000e+034
-1.2300000e+034
-1.2300000e+034
-1.2300000e+034
-1.2300000e+034
-1.2300000e+034
-1.2300000e+034
-1.2300000e+034
-1.2300000e+034
-1.2300000e+034
-1.2300000e+034
-1.2300000e+034
-1.2300000e+034
-1.2300000e+034
-1.2300000e+034
-1.2300000e+034
-1.2300000e+034
-1.2300000e+034
-1.2300000e+034
-1.2300000e+034
-1.2300000e+034
-1.2300000e+034
-1.2300000e+034
-1.2300000e+034
-1.2300000e+034
-1.2300000e+034
-1.2300000e+034
-1.2300000e+034
-1.2300000e+034
-1.2300000e+034
-1.2300000e+034
-1.2300000e+034
-1.2300000e+034
-1.2300000e+034
-1.2300000e+034
-1.2300000e+034
-1.2300000e+034
-1.2300000e+034
-1.2300000e+034
-1.2300000e+034
-1.2300000e+034
-1.2300000e+034
-1.2300000e+034
-1.2300000e+034
-1.2300000e+034
-1.2300000e+034
-1.2300000e+034
-1.2300000e+034
-1.2300000e+034
-1.2300000e+034
-1.2300000e+034
-1.2300000e+034
-1.2300000e+034
-1.2300000e+034
-1.2300000e+034
-1.2300000e+034
-1.2300000e+034
-1.2300000e+034
-1.2300000e+034
-1.2300000e+034
-1.2300000e+034
-1.2300000e+034
-1.2300000e+034
-1.2300000e+034
 5.3451049e-001
 4.8710638e-001
 4.7290829e-001
 5.0689703e-001
 5.2738237e-001
 5.3105342e-001
 5.3038609e-001
 5.2935588e-001
 5.2848262e-001
 5.2826750e-001
 5.2877557e-001
 5.3057289e-001
 5.3312445e-001
 5.3543162e-001
 5.3790939e-001
 5.4036891e-001
 5.4318339e-001
 5.4635769e-001
 5.4996032e-001
 5.5364841e-001
 5.5703956e-001
 5.6020123e-001
 5.6314242e-001
 5.6621540e-001
 5.6954747e-001
 5.7290876e-001
 5.7614493e-001
 5.7906812e-001
 5.8182961e-001
 5.8409697e-001
 5.8623749e-001
 5.8855826e-001
 5.9102273e-001
 5.9342945e-001
 5.9592056e-001
 5.9828460e-001
 6.0017008e-001
 6.0183036e-001
 6.0332257e-001
 6.0498261e-001
 6.0652786e-001
 6.0826153e-001
 6.0970718e-001
 6.1110377e-001
 6.1171490e-001
 6.1262596e-001
 6.1421192e-001
 6.1536527e-001
 6.1550021e-001
 6.1537582e-001
 6.1543107e-001
 6.1503589e-001
 6.1301565e-001
 6.1043829e-001
 6.1003238e-001
 6.1165237e-001
 6.1358619e-001
 6.1526155e-001
 6.1643124e-001
 6.1747617e-001
 6.1825335e-001
 6.1929148e-001
 6.2041777e-001
 6.2132955e-001
 6.2220073e-001
 6.2295645e-001
 6.2353599e-001
 6.2395495e-001
 6.2415963e-001
 6.2395287e-001
 6.2292665e-001
 6.2051278e-001
 6.1654031e-001
 6.1236268e-001
 6.0909486e-001
 6.0850465e-001
 6.0784215e-001
 6.0410190e-001
 5.9569556e-001
 5.7897484e-001
 5.4440707e-001
 4.9432966e-001
 4.6864235e-001
 4.9276692e-001
 5.3232670e-001
 5.5185431e-001
 5.6232053e-001
 5.7286513e-001
 5.7876241e-001
 5.8156919e-001
 5.8234733e-001
 5.8080536e-001
 5.7499576e-001
 5.6468517e-001
 5.5119622e-001
 5.3460926e-001
 5.1894903e-001
 5.1099128e-001
 5.1388413e-001
 5.1714861e-001
 5.1550472e-001
 5.1445454e-001
 5.1415902e-001
 5.0902772e-001
 4.9847636e-001
 4.8749539e-001
 4.8100469e-001
 4.8196000e-001
 4.8685816e-001
 4.9295422e-001
 4.9749830e-001
 5.0025696e-001
 5.0272816e-001
 5.0764483e-001
