s07_AV97 Record=2595: Phlogopite HS23.4B           ASDFRc AREF
 2.1710318e-001
 2.2987902e-001
 2.4085705e-001
 2.4902464e-001
 2.5402188e-001
 2.5941101e-001
 2.6524758e-001
 2.7142307e-001
 2.7668574e-001
 2.8289214e-001
 2.8894523e-001
 2.9611138e-001
 3.0311695e-001
 3.1160513e-001
 3.2142690e-001
 3.3114195e-001
 3.4099287e-001
 3.5127461e-001
 3.6070129e-001
 3.6950055e-001
 3.8015199e-001
 3.9051548e-001
 4.0095359e-001
 4.0619823e-001
 4.1326955e-001
 4.2225644e-001
 4.3034643e-001
 4.3801808e-001
 4.4401839e-001
 4.4949359e-001
 4.5517975e-001
 4.5743865e-001
 4.5464873e-001
 4.5727032e-001
 4.5898882e-001
 4.6215776e-001
 4.6303555e-001
 4.6469694e-001
 4.6659270e-001
 4.6808144e-001
 4.7032520e-001
 4.7202748e-001
 4.7565281e-001
 4.7510758e-001
 4.7688425e-001
 4.8175579e-001
 4.8423988e-001
 4.8360589e-001
 4.8592111e-001
 4.8894259e-001
 4.9094570e-001
 4.9471253e-001
 4.9206778e-001
 4.9538991e-001
 4.9767241e-001
 4.9919584e-001
 5.0275701e-001
 5.0357807e-001
 5.0691670e-001
 5.0747699e-001
 5.0826937e-001
 5.1015145e-001
 5.1612234e-001
 5.1697087e-001
 5.2173829e-001
 5.2813280e-001
 5.2877855e-001
 5.3146517e-001
 5.3405011e-001
 5.3853744e-001
 5.4261529e-001
 5.4320252e-001
 5.4439050e-001
 5.4638696e-001
 5.4679817e-001
 5.4595840e-001
 5.4376602e-001
 5.4174173e-001
 5.4569221e-001
 5.4944938e-001
 5.5002439e-001
 5.5179042e-001
 5.5303741e-001
 5.5175143e-001
 5.5216694e-001
 5.5142891e-001
 5.5239928e-001
 5.5542696e-001
 5.5989617e-001
 5.6118685e-001
 5.6164128e-001
 5.6199378e-001
 5.6556284e-001
 5.7369161e-001
 5.7759118e-001
 5.8094496e-001
 5.7580686e-001
 5.7926774e-001
 5.8223009e-001
 5.8296788e-001
 5.8154416e-001
 5.8063519e-001
 5.8603162e-001
 5.9332252e-001
 5.9784871e-001
 6.0508233e-001
 6.0913289e-001
 6.0618925e-001
 5.7774222e-001
 5.7758623e-001
 6.0095614e-001
 6.1836517e-001
 6.3343388e-001
 6.4272368e-001
 6.4718127e-001
 6.4783961e-001
 6.5053844e-001
 6.5574121e-001
 6.5989566e-001
 6.6308272e-001
 6.6617835e-001
 6.7082298e-001
 6.7886263e-001
 6.8510020e-001
 6.8667567e-001
 6.8731290e-001
 6.8786615e-001
 6.9176567e-001
 6.9556391e-001
 6.9796926e-001
 6.9970971e-001
 7.0162058e-001
 7.0709467e-001
 7.1403766e-001
 7.1647578e-001
 7.1846771e-001
 7.2267693e-001
 7.2543842e-001
 7.2887224e-001
 7.3002833e-001
 7.2989875e-001
 7.3238826e-001
 7.3558283e-001
 7.3857379e-001
 7.4219084e-001
 7.4681705e-001
 7.5135124e-001
 7.5655746e-001
 7.5953346e-001
 7.6301593e-001
 7.6497287e-001
 7.6697624e-001
 7.6768613e-001
 7.6747984e-001
 7.6653177e-001
 7.6287746e-001
 7.6056927e-001
 7.6060659e-001
 7.6544172e-001
 7.7297127e-001
 7.7064294e-001
 7.7557194e-001
 7.7582395e-001
 7.7132601e-001
 7.6811522e-001
 7.6873642e-001
 7.6903242e-001
 7.7017015e-001
 7.7270180e-001
 7.7585900e-001
 7.8072423e-001
 7.8515655e-001
 7.8695899e-001
 7.8454661e-001
 7.8032172e-001
 7.7837723e-001
 7.8148311e-001
 7.8691787e-001
 7.9083866e-001
 7.8691691e-001
 7.7332270e-001
 7.6415068e-001
 7.5996602e-001
 7.5728232e-001
 7.5645798e-001
 7.6157701e-001
 7.6852918e-001
 7.7377415e-001
 7.7800840e-001
 7.8374445e-001
 7.8831375e-001
 7.8673488e-001
 7.8137314e-001
 7.7536827e-001
 7.7013361e-001
 7.4390674e-001
 6.8121046e-001
 6.5439463e-001
 6.8028027e-001
 6.9199890e-001
 6.7073345e-001
 6.3081920e-001
 5.8907241e-001
 5.4412669e-001
 5.0645566e-001
 5.0391608e-001
 5.4469365e-001
 5.7324523e-001
 5.7637542e-001
 5.5898499e-001
 5.3675622e-001
 5.5107355e-001
 5.8522481e-001
 6.0196543e-001
 6.1444819e-001
 6.1365753e-001
 6.0277396e-001
 5.9839535e-001
 6.0772467e-001
 6.1418027e-001
 6.1777478e-001
 6.2309217e-001
 6.2570924e-001
-1.2300000e+034
