s07_AV97 Record=2459: Olivine KI3054 Fo66 <60um   NIC4cbb RREF
-1.2300000e+034
-1.2300000e+034
-1.2300000e+034
-1.2300000e+034
-1.2300000e+034
-1.2300000e+034
-1.2300000e+034
-1.2300000e+034
-1.2300000e+034
-1.2300000e+034
-1.2300000e+034
-1.2300000e+034
-1.2300000e+034
-1.2300000e+034
-1.2300000e+034
-1.2300000e+034
-1.2300000e+034
-1.2300000e+034
-1.2300000e+034
-1.2300000e+034
-1.2300000e+034
-1.2300000e+034
-1.2300000e+034
-1.2300000e+034
-1.2300000e+034
-1.2300000e+034
-1.2300000e+034
-1.2300000e+034
-1.2300000e+034
-1.2300000e+034
-1.2300000e+034
-1.2300000e+034
-1.2300000e+034
-1.2300000e+034
-1.2300000e+034
-1.2300000e+034
-1.2300000e+034
-1.2300000e+034
-1.2300000e+034
-1.2300000e+034
-1.2300000e+034
-1.2300000e+034
-1.2300000e+034
-1.2300000e+034
-1.2300000e+034
-1.2300000e+034
-1.2300000e+034
-1.2300000e+034
-1.2300000e+034
-1.2300000e+034
-1.2300000e+034
-1.2300000e+034
-1.2300000e+034
-1.2300000e+034
-1.2300000e+034
-1.2300000e+034
-1.2300000e+034
-1.2300000e+034
-1.2300000e+034
-1.2300000e+034
-1.2300000e+034
-1.2300000e+034
-1.2300000e+034
-1.2300000e+034
-1.2300000e+034
-1.2300000e+034
-1.2300000e+034
-1.2300000e+034
-1.2300000e+034
-1.2300000e+034
-1.2300000e+034
-1.2300000e+034
-1.2300000e+034
-1.2300000e+034
-1.2300000e+034
-1.2300000e+034
-1.2300000e+034
-1.2300000e+034
-1.2300000e+034
-1.2300000e+034
-1.2300000e+034
-1.2300000e+034
-1.2300000e+034
-1.2300000e+034
-1.2300000e+034
-1.2300000e+034
-1.2300000e+034
-1.2300000e+034
-1.2300000e+034
-1.2300000e+034
-1.2300000e+034
-1.2300000e+034
-1.2300000e+034
-1.2300000e+034
-1.2300000e+034
-1.2300000e+034
-1.2300000e+034
-1.2300000e+034
-1.2300000e+034
 2.6289651e-001
 2.6548928e-001
 2.6862711e-001
 2.7218705e-001
 2.7614769e-001
 2.8038496e-001
 2.8480715e-001
 2.8884235e-001
 2.9386047e-001
 3.0014536e-001
 3.0672461e-001
 3.1356782e-001
 3.2092762e-001
 3.2863909e-001
 3.3659247e-001
 3.4471571e-001
 3.5300818e-001
 3.6144423e-001
 3.6994472e-001
 3.7850857e-001
 3.8712060e-001
 3.9569411e-001
 4.0426385e-001
 4.1278011e-001
 4.2121786e-001
 4.2950889e-001
 4.3759510e-001
 4.4546169e-001
 4.5315117e-001
 4.6055403e-001
 4.6768320e-001
 4.7453880e-001
 4.8108736e-001
 4.8732087e-001
 4.9320140e-001
 4.9871826e-001
 5.0389200e-001
 5.0868928e-001
 5.1311928e-001
 5.1721561e-001
 5.2099144e-001
 5.2439857e-001
 5.2752423e-001
 5.3037018e-001
 5.3286731e-001
 5.3515351e-001
 5.3728127e-001
 5.3917611e-001
 5.4083526e-001
 5.4238522e-001
 5.4374689e-001
 5.4496062e-001
 5.4606831e-001
 5.4706931e-001
 5.4799128e-001
 5.4879534e-001
 5.4956877e-001
 5.5030048e-001
 5.5097967e-001
 5.5159479e-001
 5.5207658e-001
 5.5194390e-001
 5.5221069e-001
 5.5216068e-001
 5.5228996e-001
 5.5276716e-001
 5.5346555e-001
 5.5414832e-001
 5.5482304e-001
 5.5549341e-001
 5.5619311e-001
 5.5692071e-001
 5.5760723e-001
 5.5831379e-001
 5.5904090e-001
 5.5979139e-001
 5.6049287e-001
 5.6121475e-001
 5.6191814e-001
 5.6260443e-001
 5.6331593e-001
 5.6400508e-001
 5.6468850e-001
 5.6541187e-001
 5.6614417e-001
 5.6689841e-001
 5.6762910e-001
 5.6835860e-001
 5.6907243e-001
 5.6975251e-001
 5.7040620e-001
 5.7097918e-001
 5.7154489e-001
 5.7203591e-001
 5.7241642e-001
 5.7281011e-001
 5.7324588e-001
 5.7359290e-001
 5.7383245e-001
 5.7390177e-001
 5.7374090e-001
 5.7343352e-001
 5.7282692e-001
 5.7246965e-001
 5.7204300e-001
 5.7245559e-001
 5.7382548e-001
 5.7474232e-001
 5.7532036e-001
 5.7583594e-001
 5.7611829e-001
 5.7620013e-001
 5.7624662e-001
 5.7660908e-001
 5.7714176e-001
 5.7749867e-001
 5.7760727e-001
 5.7758564e-001
 5.7745576e-001
 5.7723784e-001
 5.7710105e-001
 5.7711107e-001
 5.7707834e-001
 5.7702285e-001
 5.7704711e-001
