s07_AV97 Record=1932: Limonite HS41.3               BECKb AREF
 1.8459249e-002
 1.9360578e-002
 1.9814996e-002
 2.0662457e-002
 2.1382680e-002
 2.2214253e-002
 2.3536611e-002
 2.5586093e-002
 2.7748138e-002
 2.8495990e-002
 2.9229209e-002
 2.9903132e-002
 3.1255819e-002
 3.3472970e-002
 3.6993746e-002
 4.0968958e-002
 4.6610165e-002
 5.3383961e-002
 6.0924124e-002
 6.8388574e-002
 7.5836383e-002
 8.2338542e-002
 8.7378584e-002
 9.0604410e-002
 9.2891991e-002
 9.4491072e-002
 9.5726594e-002
 9.6989378e-002
 9.8106310e-002
 9.9137440e-002
 1.0059525e-001
 1.0231864e-001
 1.0032047e-001
 1.0200692e-001
 1.0379536e-001
 1.0613400e-001
 1.0836855e-001
 1.1131968e-001
 1.1414103e-001
 1.1666667e-001
 1.1881156e-001
 1.2030591e-001
 1.2048148e-001
 1.1979111e-001
 1.1881749e-001
 1.1685017e-001
 1.1432903e-001
 1.1181873e-001
 1.0946027e-001
 1.0672474e-001
 1.0498719e-001
 1.0359534e-001
 1.0106358e-001
 1.0014764e-001
 1.0003106e-001
 9.6734323e-002
 9.7906314e-002
 9.8616064e-002
 9.6051775e-002
 9.5562302e-002
 9.5104896e-002
 9.5563173e-002
 9.3949094e-002
 9.4106823e-002
 9.6650213e-002
 9.6897192e-002
 9.7071677e-002
 9.7384527e-002
 9.7978972e-002
 1.0006483e-001
 1.0255516e-001
 1.0284592e-001
 1.0315557e-001
 1.0651796e-001
 1.0828633e-001
 1.1041854e-001
 1.1470739e-001
 1.1788067e-001
 1.2131458e-001
 1.2444666e-001
 1.2997273e-001
 1.3411336e-001
 1.3934377e-001
 1.4638166e-001
 1.5312400e-001
 1.5851104e-001
 1.6642447e-001
 1.7560512e-001
 1.8286462e-001
 1.9220440e-001
 2.0069374e-001
 2.0998764e-001
 2.1762811e-001
 2.2693384e-001
 2.3594445e-001
 2.4389841e-001
 2.3092213e-001
 2.4006703e-001
 2.4803254e-001
 2.5538763e-001
 2.6391560e-001
 2.7119970e-001
 2.7729136e-001
 2.8343260e-001
 2.8852078e-001
 2.9218251e-001
 2.9725721e-001
 3.0110672e-001
 3.0441132e-001
 3.0648541e-001
 3.0608502e-001
 3.0385864e-001
 2.9904279e-001
 2.9442525e-001
 2.9215842e-001
 2.9083949e-001
 2.8931114e-001
 2.8983489e-001
 2.9074064e-001
 2.9260814e-001
 2.9549751e-001
 2.9590261e-001
 2.9894507e-001
 3.0010727e-001
 2.9975462e-001
 3.0084294e-001
 3.0069256e-001
 3.0058342e-001
 2.9903129e-001
 2.9690477e-001
 2.9473031e-001
 2.9265633e-001
 2.8987882e-001
 2.8694880e-001
 2.8410098e-001
 2.8277975e-001
 2.8047514e-001
 2.7681878e-001
 2.7599213e-001
 2.7499592e-001
 2.7690533e-001
 2.7436024e-001
 2.7410188e-001
 2.7189997e-001
 2.7021849e-001
 2.7133301e-001
 2.7005213e-001
 2.6903546e-001
 2.6880074e-001
 2.6893291e-001
 2.6891154e-001
 2.6689795e-001
 2.6777893e-001
 2.6553264e-001
 2.6709485e-001
 2.6718622e-001
 2.6535925e-001
 2.6529932e-001
 2.6505333e-001
 2.5945964e-001
 2.6185700e-001
 2.5420484e-001
 2.4510399e-001
 2.3477267e-001
 2.2656955e-001
 2.1905003e-001
 2.1647483e-001
 2.1625331e-001
 2.1575420e-001
 2.1722198e-001
 2.2044243e-001
 2.2171448e-001
 2.2083710e-001
 2.2131442e-001
 2.2423145e-001
 2.2549699e-001
 2.3068607e-001
 2.3686168e-001
 2.3834600e-001
 2.4004139e-001
 2.4255155e-001
 2.4371925e-001
 2.4503750e-001
 2.4685094e-001
 2.4687515e-001
 2.4601634e-001
 2.4828687e-001
 2.4804971e-001
 2.4396135e-001
 2.4085702e-001
 2.3838544e-001
 2.3413129e-001
 2.3042437e-001
 2.2929096e-001
 2.2332259e-001
 2.1898590e-001
 2.1489447e-001
 2.0776954e-001
 2.0046833e-001
 1.9678113e-001
 1.9489600e-001
 1.8515247e-001
 1.7621484e-001
 1.8049416e-001
 1.7247444e-001
 1.6494842e-001
 1.5880601e-001
 1.5847118e-001
 1.5308939e-001
 1.4969926e-001
 1.4595734e-001
 1.4097729e-001
 1.3887914e-001
 1.3804303e-001
 1.3696352e-001
 1.3499340e-001
 1.3291109e-001
 1.3174099e-001
 1.3141601e-001
 1.3130261e-001
 1.3097960e-001
 1.3035084e-001
 1.2939861e-001
 1.2819867e-001
