s07_AV97 Record=904: Clinochlore_Fe SC-CCa-1.c    NIC4aa RREF
-1.2300000e+034
-1.2300000e+034
-1.2300000e+034
-1.2300000e+034
-1.2300000e+034
-1.2300000e+034
-1.2300000e+034
-1.2300000e+034
-1.2300000e+034
-1.2300000e+034
-1.2300000e+034
-1.2300000e+034
-1.2300000e+034
-1.2300000e+034
-1.2300000e+034
-1.2300000e+034
-1.2300000e+034
-1.2300000e+034
-1.2300000e+034
-1.2300000e+034
-1.2300000e+034
-1.2300000e+034
-1.2300000e+034
-1.2300000e+034
-1.2300000e+034
-1.2300000e+034
-1.2300000e+034
-1.2300000e+034
-1.2300000e+034
-1.2300000e+034
-1.2300000e+034
-1.2300000e+034
-1.2300000e+034
-1.2300000e+034
-1.2300000e+034
-1.2300000e+034
-1.2300000e+034
-1.2300000e+034
-1.2300000e+034
-1.2300000e+034
-1.2300000e+034
-1.2300000e+034
-1.2300000e+034
-1.2300000e+034
-1.2300000e+034
-1.2300000e+034
-1.2300000e+034
-1.2300000e+034
-1.2300000e+034
-1.2300000e+034
-1.2300000e+034
-1.2300000e+034
-1.2300000e+034
-1.2300000e+034
-1.2300000e+034
-1.2300000e+034
-1.2300000e+034
-1.2300000e+034
-1.2300000e+034
-1.2300000e+034
-1.2300000e+034
-1.2300000e+034
-1.2300000e+034
-1.2300000e+034
-1.2300000e+034
-1.2300000e+034
-1.2300000e+034
-1.2300000e+034
-1.2300000e+034
-1.2300000e+034
-1.2300000e+034
-1.2300000e+034
-1.2300000e+034
-1.2300000e+034
-1.2300000e+034
-1.2300000e+034
-1.2300000e+034
-1.2300000e+034
-1.2300000e+034
-1.2300000e+034
-1.2300000e+034
-1.2300000e+034
-1.2300000e+034
-1.2300000e+034
-1.2300000e+034
-1.2300000e+034
-1.2300000e+034
-1.2300000e+034
-1.2300000e+034
-1.2300000e+034
-1.2300000e+034
-1.2300000e+034
-1.2300000e+034
-1.2300000e+034
-1.2300000e+034
-1.2300000e+034
-1.2300000e+034
-1.2300000e+034
-1.2300000e+034
-1.2300000e+034
-1.2300000e+034
-1.2300000e+034
-1.2300000e+034
-1.2300000e+034
-1.2300000e+034
-1.2300000e+034
-1.2300000e+034
-1.2300000e+034
 3.5875574e-001
 3.5978830e-001
 3.5678649e-001
 3.5277835e-001
 3.5467443e-001
 3.5987630e-001
 3.6250821e-001
 3.6438605e-001
 3.6702633e-001
 3.7038654e-001
 3.7439606e-001
 3.7892944e-001
 3.8363349e-001
 3.8864508e-001
 3.9337635e-001
 3.9811307e-001
 4.0328416e-001
 4.0912873e-001
 4.1524363e-001
 4.2146841e-001
 4.2760047e-001
 4.3349534e-001
 4.3950194e-001
 4.4612241e-001
 4.5282871e-001
 4.5931605e-001
 4.6558926e-001
 4.7136715e-001
 4.7698903e-001
 4.8270085e-001
 4.8867056e-001
 4.9456212e-001
 5.0044757e-001
 5.0578308e-001
 5.1076972e-001
 5.1558757e-001
 5.2048254e-001
 5.2556574e-001
 5.3084242e-001
 5.3607517e-001
 5.4089272e-001
 5.4533529e-001
 5.4935956e-001
 5.5313110e-001
 5.5688423e-001
 5.6099731e-001
 5.6530869e-001
 5.6922209e-001
 5.7271457e-001
 5.7565635e-001
 5.7826465e-001
 5.8042431e-001
 5.7968533e-001
 5.8239090e-001
 5.8616114e-001
 5.9027213e-001
 5.9421027e-001
 5.9778047e-001
 6.0081381e-001
 6.0274339e-001
 6.0422301e-001
 6.0563087e-001
 6.0642314e-001
 6.0693866e-001
 6.0842472e-001
 6.1144757e-001
 6.1613584e-001
 6.2186998e-001
 6.2762988e-001
 6.3254333e-001
 6.3626629e-001
 6.3917494e-001
 6.4144576e-001
 6.4373118e-001
 6.4584190e-001
 6.4758563e-001
 6.4952093e-001
 6.5177202e-001
 6.5427947e-001
 6.5660238e-001
 6.5807080e-001
 6.5884167e-001
 6.5897214e-001
 6.5805835e-001
 6.5592313e-001
 6.5339082e-001
 6.4916873e-001
 6.4060795e-001
 6.2185258e-001
 5.9377813e-001
 5.8383399e-001
 5.9270895e-001
 6.0031664e-001
 5.9827739e-001
 5.8982831e-001
 5.8181703e-001
 5.7611620e-001
 5.6949270e-001
 5.5984956e-001
 5.5479246e-001
 5.6048387e-001
 5.7441741e-001
 5.9090441e-001
 6.0344964e-001
 6.0958266e-001
 6.1311150e-001
 6.1623818e-001
 6.1820537e-001
 6.1812609e-001
 6.1654592e-001
 6.1250311e-001
 6.0701084e-001
 6.0093385e-001
 5.9583378e-001
 5.9266996e-001
 5.9082228e-001
