s07_AV97 Record=4121: Pyrite LV95-6A Weath on Tail  BECKb AREF
 3.1443298e-002
 3.5511106e-002
 4.0548235e-002
 4.7319438e-002
 5.3909969e-002
 5.8296178e-002
 5.9916355e-002
 6.3167289e-002
 6.8850510e-002
 7.4200541e-002
 7.8453548e-002
 8.2135618e-002
 8.5656546e-002
 8.9197539e-002
 9.2241414e-002
 9.5345810e-002
 9.7635545e-002
 1.0034855e-001
 1.0284010e-001
 1.0512134e-001
 1.0712688e-001
 1.0872021e-001
 1.0975926e-001
 1.1071383e-001
 1.1142702e-001
 1.1200114e-001
 1.1242955e-001
 1.1276160e-001
 1.1326985e-001
 1.1394013e-001
 1.1489981e-001
 1.1536200e-001
 1.1474956e-001
 1.1531998e-001
 1.1570036e-001
 1.1613391e-001
 1.1652742e-001
 1.1654970e-001
 1.1636809e-001
 1.1594927e-001
 1.1526181e-001
 1.1439409e-001
 1.1352944e-001
 1.1267202e-001
 1.1138146e-001
 1.1053864e-001
 1.0936081e-001
 1.0853916e-001
 1.0731872e-001
 1.0606620e-001
 1.0448510e-001
 1.0395192e-001
 1.0361734e-001
 1.0416337e-001
 1.0243944e-001
 9.9774346e-002
 1.0000900e-001
 9.9714123e-002
 9.8337539e-002
 9.6906178e-002
 9.7545937e-002
 9.6493699e-002
 9.5209002e-002
 9.5847927e-002
 9.4774649e-002
 9.3659028e-002
 9.3632050e-002
 9.2299610e-002
 9.2876673e-002
 9.2504852e-002
 9.2767440e-002
 9.2316620e-002
 9.0792619e-002
 9.0782404e-002
 9.0433307e-002
 9.0500489e-002
 8.9516349e-002
 9.0199716e-002
 8.8718645e-002
 8.8453338e-002
 8.8090666e-002
 8.8360265e-002
 8.8152908e-002
 8.7351985e-002
 8.7235823e-002
 8.7148301e-002
 8.7583512e-002
 8.6805761e-002
 8.6729579e-002
 8.7013334e-002
 8.6794496e-002
 8.5967079e-002
 8.6142525e-002
 8.6293571e-002
 8.6519964e-002
 8.5650802e-002
 8.6340755e-002
 8.6222447e-002
 8.5515589e-002
 8.5473895e-002
 8.5644215e-002
 8.5870281e-002
 8.5787550e-002
 8.5673869e-002
 8.5714221e-002
 8.5248530e-002
 8.5766301e-002
 8.5862301e-002
 8.6231910e-002
 8.6480357e-002
 8.5127555e-002
 8.3658762e-002
 8.3987556e-002
 8.3213508e-002
 8.3786480e-002
 8.4203504e-002
 8.4390037e-002
 8.4988169e-002
 8.5330978e-002
 8.5614257e-002
 8.6434096e-002
 8.7438472e-002
 8.7784745e-002
 8.8698894e-002
 8.8881634e-002
 8.9234225e-002
 9.0386793e-002
 9.0641342e-002
 9.1734774e-002
 9.1215357e-002
 9.1589533e-002
 9.1012925e-002
 9.2206791e-002
 9.2187300e-002
 9.1872357e-002
 9.2388391e-002
 9.2175536e-002
 9.2594892e-002
 9.2059955e-002
 9.0836406e-002
 9.2081547e-002
 9.2103757e-002
 9.2329249e-002
 8.9955546e-002
 9.0424143e-002
 9.0490267e-002
 9.0353698e-002
 8.9420997e-002
 8.9712277e-002
 8.9483470e-002
 8.9166231e-002
 9.0054929e-002
 8.8035971e-002
 8.6984575e-002
 8.8071078e-002
 8.7807618e-002
 8.7861478e-002
 8.6878650e-002
 8.5985214e-002
 8.4531337e-002
 8.5210428e-002
 8.2728744e-002
 7.8571454e-002
 7.4678622e-002
 7.2987437e-002
 7.1143769e-002
 7.1353346e-002
 7.0782647e-002
 7.0811182e-002
 7.1651906e-002
 7.2329633e-002
 7.3830850e-002
 7.4470952e-002
 7.5822763e-002
 7.6305427e-002
 7.7238336e-002
 7.7654995e-002
 7.7887595e-002
 7.8117587e-002
 7.8246087e-002
 7.8819163e-002
 7.9742894e-002
 8.0359995e-002
 8.0433838e-002
 8.0291405e-002
 8.0097646e-002
 8.0466837e-002
 8.1794567e-002
 8.0020584e-002
 8.0494031e-002
 7.9717800e-002
 7.8614585e-002
 7.8849748e-002
 7.9328582e-002
 8.0065377e-002
 8.0008350e-002
 8.1618622e-002
 8.0890991e-002
 7.9918183e-002
 7.9887733e-002
 7.9091579e-002
 7.8795582e-002
 8.0268770e-002
 7.9866096e-002
 7.7445082e-002
 7.8821264e-002
 7.7432476e-002
 7.7714860e-002
 7.7351123e-002
 7.7027559e-002
 7.6363184e-002
 7.5958312e-002
 7.5288415e-002
 7.4336775e-002
 7.3231839e-002
 7.2129048e-002
 7.1212769e-002
 7.0642829e-002
 7.0347250e-002
 7.0054680e-002
 6.9640905e-002
 6.9125362e-002
 6.8564378e-002
 6.8029992e-002
