s07_AV97 Record=1287: Glauconite HS313.6           ASDFRc AREF
 5.5080306e-002
 5.6160163e-002
 5.6415729e-002
 5.7276204e-002
 5.7104882e-002
 5.7488278e-002
 5.7946023e-002
 5.8525249e-002
 5.8831777e-002
 5.9441566e-002
 6.1011180e-002
 6.3069411e-002
 6.5052308e-002
 6.6408038e-002
 6.7695923e-002
 6.8694703e-002
 6.9336213e-002
 6.9810890e-002
 6.9915511e-002
 6.9698401e-002
 6.9003083e-002
 6.8054564e-002
 6.6734463e-002
 6.5416604e-002
 6.4369060e-002
 6.3693576e-002
 6.2391743e-002
 6.1333489e-002
 6.0635127e-002
 5.9937026e-002
 5.9248820e-002
 5.8627505e-002
 5.9350479e-002
 5.8737196e-002
 5.8289334e-002
 5.7918724e-002
 5.7744019e-002
 5.7708107e-002
 5.7811972e-002
 5.7903163e-002
 5.7944037e-002
 5.8077749e-002
 5.8213912e-002
 5.8119066e-002
 5.8025938e-002
 5.7932910e-002
 5.7694133e-002
 5.7353444e-002
 5.6978803e-002
 5.6704964e-002
 5.6457069e-002
 5.6053106e-002
 5.5773299e-002
 5.5379167e-002
 5.4976765e-002
 5.4554459e-002
 5.4237984e-002
 5.3704802e-002
 5.3417023e-002
 5.3095516e-002
 5.2811980e-002
 5.2664842e-002
 5.2533325e-002
 5.2369215e-002
 5.2313458e-002
 5.2198138e-002
 5.2218914e-002
 5.2296702e-002
 5.2160759e-002
 5.1781770e-002
 5.2603252e-002
 5.2568860e-002
 5.2406456e-002
 5.2722987e-002
 5.2540153e-002
 5.2946333e-002
 5.3163841e-002
 5.3316493e-002
 5.3992853e-002
 5.4170474e-002
 5.4413449e-002
 5.4415900e-002
 5.5000290e-002
 5.5552047e-002
 5.6027785e-002
 5.6417413e-002
 5.6859892e-002
 5.7144772e-002
 5.7359144e-002
 5.7842467e-002
 5.8379125e-002
 5.8872592e-002
 5.9237022e-002
 5.9691474e-002
 5.9800662e-002
 6.0443569e-002
 5.9548125e-002
 6.0152531e-002
 6.0763191e-002
 6.0964275e-002
 6.1141770e-002
 6.1607044e-002
 6.2175319e-002
 6.2460929e-002
 6.2835880e-002
 6.3255794e-002
 6.3725635e-002
 6.4278618e-002
 6.4644836e-002
 6.4687021e-002
 6.4858533e-002
 6.5239891e-002
 6.5400608e-002
 6.5258771e-002
 6.5385766e-002
 6.5872520e-002
 6.6573940e-002
 6.7002311e-002
 6.7580767e-002
 6.8159752e-002
 6.8621106e-002
 6.9403931e-002
 7.0011877e-002
 7.0839614e-002
 7.1729407e-002
 7.2593994e-002
 7.3062405e-002
 7.3971137e-002
 7.4724108e-002
 7.5252369e-002
 7.5648390e-002
 7.6055072e-002
 7.6536499e-002
 7.7253059e-002
 7.7879660e-002
 7.8621984e-002
 7.8856535e-002
 7.9410583e-002
 8.0086194e-002
 8.0450550e-002
 8.0871642e-002
 8.1704333e-002
 8.2338281e-002
 8.2901679e-002
 8.3508521e-002
 8.4224716e-002
 8.4783882e-002
 8.5195981e-002
 8.5922323e-002
 8.6612932e-002
 8.7300733e-002
 8.7858558e-002
 8.8964179e-002
 9.0048678e-002
 9.0802707e-002
 9.1937311e-002
 9.3328677e-002
 9.4714768e-002
 9.5474996e-002
 9.5995575e-002
 9.5910646e-002
 9.6123293e-002
 9.4736136e-002
 9.4080225e-002
 9.4813138e-002
 9.6375220e-002
 9.8569982e-002
 9.9929795e-002
 1.0135743e-001
 1.0290918e-001
 1.0481070e-001
 1.0655390e-001
 1.0892955e-001
 1.1175359e-001
 1.1407512e-001
 1.1592314e-001
 1.1777803e-001
 1.2040798e-001
 1.2274279e-001
 1.2475937e-001
 1.2676807e-001
 1.2880123e-001
 1.3045767e-001
 1.3208167e-001
 1.3424373e-001
 1.3605084e-001
 1.3743241e-001
 1.3841514e-001
 1.3978580e-001
 1.4103100e-001
 1.4204589e-001
 1.4311302e-001
 1.4333044e-001
 1.4267008e-001
 1.4157283e-001
 1.3918954e-001
 1.3527423e-001
 1.3143158e-001
 1.2876312e-001
 1.2766719e-001
 1.2694581e-001
 1.1903575e-001
 1.0750502e-001
 1.0097726e-001
 1.0283494e-001
 1.1156009e-001
 1.1485118e-001
 1.1104190e-001
 1.0662317e-001
 1.0607720e-001
 1.1139284e-001
 1.1974333e-001
 1.2713422e-001
 1.3050836e-001
 1.3086811e-001
 1.2840891e-001
 1.2548167e-001
 1.2216501e-001
 1.1939005e-001
 1.1859961e-001
 1.1578441e-001
 1.1533944e-001
 1.1556765e-001
-1.2300000e+034
