s07_AV97 Record=4001: Kaolwxl.75+Alun_HS295 AMX14  ASDNGb AREF
 4.5692807e-001
 5.0047415e-001
 5.3430742e-001
 5.5839163e-001
 5.7603431e-001
 5.9019792e-001
 6.0208642e-001
 6.1372721e-001
 6.2503332e-001
 6.3366443e-001
 6.4037931e-001
 6.4670783e-001
 6.5372151e-001
 6.6148537e-001
 6.6973287e-001
 6.7816675e-001
 6.8648463e-001
 6.9458759e-001
 7.0245427e-001
 7.0975393e-001
 7.1634954e-001
 7.2220176e-001
 7.2778755e-001
 7.3300451e-001
 7.3761964e-001
 7.4156159e-001
 7.4493194e-001
 7.4779689e-001
 7.5031865e-001
 7.5270051e-001
 7.5508308e-001
 7.5741422e-001
 7.5469798e-001
 7.5698435e-001
 7.5909597e-001
 7.6105493e-001
 7.6288158e-001
 7.6463032e-001
 7.6630461e-001
 7.6758134e-001
 7.6860523e-001
 7.7037382e-001
 7.7186120e-001
 7.7266800e-001
 7.7348292e-001
 7.7445889e-001
 7.7514070e-001
 7.7597708e-001
 7.7635473e-001
 7.7621764e-001
 7.7608883e-001
 7.7594596e-001
 7.7557576e-001
 7.7496576e-001
 7.7429813e-001
 7.7366126e-001
 7.7312738e-001
 7.7204758e-001
 7.7097970e-001
 7.7147365e-001
 7.7102983e-001
 7.6806855e-001
 7.6306123e-001
 7.6011986e-001
 7.6269758e-001
 7.6928282e-001
 7.6777184e-001
 7.6673126e-001
 7.6813000e-001
 7.7261096e-001
 7.7736151e-001
 7.7916461e-001
 7.7964985e-001
 7.7981716e-001
 7.7991986e-001
 7.7998221e-001
 7.7990127e-001
 7.7978265e-001
 7.7953315e-001
 7.7962971e-001
 7.8091890e-001
 7.8187108e-001
 7.8190708e-001
 7.8141373e-001
 7.8086972e-001
 7.8053099e-001
 7.8016156e-001
 7.7914131e-001
 7.7739406e-001
 7.7444905e-001
 7.6908559e-001
 7.5691122e-001
 7.4908149e-001
 7.5122660e-001
 7.4659508e-001
 7.4139279e-001
 7.4978757e-001
 7.4319565e-001
 7.4389213e-001
 7.4594080e-001
 7.3813814e-001
 7.2755301e-001
 7.1804976e-001
 7.0611370e-001
 6.9407529e-001
 6.8507183e-001
 6.5503764e-001
 6.4754581e-001
 6.4254892e-001
 5.9554905e-001
 5.2278101e-001
 5.1258814e-001
 5.0100869e-001
 5.6830180e-001
 6.2757814e-001
 6.6258079e-001
 6.6171116e-001
 6.5948784e-001
 6.4121598e-001
 6.5606344e-001
 6.9106942e-001
 7.0464474e-001
 7.1866286e-001
 7.2587860e-001
 7.2876424e-001
 7.3113644e-001
 7.3234808e-001
 7.3272067e-001
 7.3271853e-001
 7.3310810e-001
 7.3364162e-001
 7.3382956e-001
 7.3346752e-001
 7.3292083e-001
 7.3180127e-001
 7.3028618e-001
 7.2829461e-001
 7.2562683e-001
 7.2226715e-001
 7.1848786e-001
 7.1473020e-001
 7.1067959e-001
 7.0514053e-001
 6.9580966e-001
 6.8296945e-001
 6.6992456e-001
 6.5794247e-001
 6.4812553e-001
 6.4362079e-001
 6.4407992e-001
 6.4966333e-001
 6.5366918e-001
 6.4909500e-001
 6.4639288e-001
 6.5145224e-001
 6.4753771e-001
 6.5633190e-001
 6.5906435e-001
 6.4846480e-001
 6.2923598e-001
 6.3584793e-001
 6.1506975e-001
 5.9150529e-001
 5.6906021e-001
 5.5877870e-001
 5.5508852e-001
 5.5243611e-001
 5.5226952e-001
 5.5212384e-001
 5.5282283e-001
 5.5406952e-001
 5.5165929e-001
 5.4484642e-001
 5.3930086e-001
 5.3562963e-001
 5.3072935e-001
 5.2441818e-001
 5.1706052e-001
 5.0874323e-001
 4.9620932e-001
 4.8360157e-001
 4.6883622e-001
 4.5972648e-001
 4.3698287e-001
 4.1216519e-001
 3.9140064e-001
 3.5856214e-001
 3.0323923e-001
 2.6418102e-001
 2.6404086e-001
 2.7538699e-001
 2.7169847e-001
 2.5853539e-001
 2.2950435e-001
 3.2132140e-001
 3.8161805e-001
 3.8884908e-001
 3.8905159e-001
 3.8559270e-001
 3.7552768e-001
 3.6089885e-001
 3.4834179e-001
 3.3526480e-001
 3.1024101e-001
 2.8926796e-001
 2.9108906e-001
 3.0421382e-001
 3.0284047e-001
 2.9517919e-001
 2.8876209e-001
 2.6631039e-001
 2.5141439e-001
 2.5549325e-001
 2.5768584e-001
 2.4941656e-001
 2.3639297e-001
 2.2246581e-001
 2.1480349e-001
 2.0772877e-001
 2.0227860e-001
 2.0003235e-001
 1.9295369e-001
 1.8545090e-001
-1.2300000e+034
