s07_AV97 Record=4012: Magnesite+Hydromag HS47.2B   ASDFRa AREF
 6.6559172e-001
 6.7787653e-001
 6.8898916e-001
 6.9898003e-001
 7.0736784e-001
 7.1536636e-001
 7.2414649e-001
 7.3359567e-001
 7.4296552e-001
 7.5089580e-001
 7.5755692e-001
 7.6379561e-001
 7.6999992e-001
 7.7628309e-001
 7.8272510e-001
 7.8925717e-001
 7.9572326e-001
 8.0151242e-001
 8.0708647e-001
 8.1213653e-001
 8.1635708e-001
 8.2030916e-001
 8.2350129e-001
 8.2599878e-001
 8.2779533e-001
 8.2952833e-001
 8.3054137e-001
 8.3180404e-001
 8.3279479e-001
 8.3372641e-001
 8.3480179e-001
 8.3551723e-001
 8.3464587e-001
 8.3532947e-001
 8.3664721e-001
 8.3780700e-001
 8.3917111e-001
 8.4034574e-001
 8.4118998e-001
 8.4201533e-001
 8.4291595e-001
 8.4362632e-001
 8.4482187e-001
 8.4596866e-001
 8.4708399e-001
 8.4812498e-001
 8.4904647e-001
 8.5027778e-001
 8.5067528e-001
 8.5131848e-001
 8.5196477e-001
 8.5225821e-001
 8.5238588e-001
 8.5272926e-001
 8.5249686e-001
 8.5278475e-001
 8.5292286e-001
 8.5275632e-001
 8.5282695e-001
 8.5244322e-001
 8.5245091e-001
 8.5207546e-001
 8.5152608e-001
 8.5176402e-001
 8.5168862e-001
 8.5176098e-001
 8.5223049e-001
 8.5237443e-001
 8.5303152e-001
 8.5279733e-001
 8.5318977e-001
 8.5365641e-001
 8.5390973e-001
 8.5386467e-001
 8.5409647e-001
 8.5388845e-001
 8.5402310e-001
 8.5396516e-001
 8.5427868e-001
 8.5400361e-001
 8.5373306e-001
 8.5332388e-001
 8.5265648e-001
 8.5164344e-001
 8.5144091e-001
 8.5162491e-001
 8.5157484e-001
 8.5109162e-001
 8.5111976e-001
 8.5119456e-001
 8.5196364e-001
 8.5236049e-001
 8.5227823e-001
 8.5224712e-001
 8.5235071e-001
 8.5228759e-001
 8.5237217e-001
 8.5234684e-001
 8.5229725e-001
 8.5252655e-001
 8.5249245e-001
 8.5232586e-001
 8.5157675e-001
 8.5060567e-001
 8.4923840e-001
 8.4765065e-001
 8.4594411e-001
 8.4359372e-001
 8.3665025e-001
 8.1910890e-001
 8.1137222e-001
 8.1093109e-001
 8.0597872e-001
 8.0667174e-001
 8.0770409e-001
 8.0938244e-001
 8.1045163e-001
 8.1004822e-001
 8.1018150e-001
 8.1081998e-001
 8.1130576e-001
 8.1132233e-001
 8.1041998e-001
 8.0987155e-001
 8.0954820e-001
 8.1016451e-001
 8.1105912e-001
 8.1159985e-001
 8.1255579e-001
 8.1349075e-001
 8.1372482e-001
 8.1325597e-001
 8.1417036e-001
 8.1505036e-001
 8.1450009e-001
 8.1433481e-001
 8.1506920e-001
 8.1594497e-001
 8.1529361e-001
 8.1548125e-001
 8.1452006e-001
 8.1338656e-001
 8.1296676e-001
 8.1175703e-001
 8.1152797e-001
 8.1177402e-001
 8.1018257e-001
 8.0954754e-001
 8.0905259e-001
 8.0883980e-001
 8.0824500e-001
 8.0756205e-001
 8.0550522e-001
 8.0338967e-001
 8.0211139e-001
 7.9912448e-001
 7.9791147e-001
 7.9667729e-001
 7.8774709e-001
 7.6568151e-001
 7.7536070e-001
 7.4898690e-001
 7.1823174e-001
 7.0175987e-001
 7.0167530e-001
 7.0853347e-001
 7.1558923e-001
 7.1655458e-001
 7.1441555e-001
 7.1213692e-001
 7.1161151e-001
 7.1181035e-001
 7.1283650e-001
 7.1395797e-001
 7.1564788e-001
 7.1827227e-001
 7.1881509e-001
 7.2139198e-001
 7.2375858e-001
 7.2543710e-001
 7.2887844e-001
 7.3280191e-001
 7.3665184e-001
 7.4032408e-001
 7.4341726e-001
 7.4608958e-001
 7.4967211e-001
 7.5282258e-001
 7.5503123e-001
 7.5758016e-001
 7.5530565e-001
 7.5355095e-001
 7.5335944e-001
 7.5035083e-001
 7.4384540e-001
 7.3612195e-001
 7.2758037e-001
 7.1837264e-001
 7.0916373e-001
 7.0124155e-001
 6.9249630e-001
 6.8254530e-001
 6.7539775e-001
 6.6720539e-001
 6.7837989e-001
 7.0098329e-001
 7.1313679e-001
 7.1378887e-001
 7.0802850e-001
 6.9939929e-001
 6.8766022e-001
 6.7685956e-001
 6.7100668e-001
 6.6315949e-001
 6.5317231e-001
 6.4158231e-001
 6.2805456e-001
 6.1480832e-001
 6.0533124e-001
 5.9723449e-001
 5.8977908e-001
 5.8341813e-001
 5.7757312e-001
-1.2300000e+034
