s07_AV97 Record=2872: Riebeckite NMNH122689 Amph    BECKa AREF
 3.6994155e-002
 3.8900282e-002
 4.1098863e-002
 4.3466810e-002
 4.6661913e-002
 4.9951382e-002
 5.3148899e-002
 5.4711502e-002
 5.6650259e-002
 5.9194341e-002
 6.0366154e-002
 6.0901709e-002
 6.0327441e-002
 5.8994740e-002
 5.7504874e-002
 5.5731274e-002
 5.3904291e-002
 5.1995151e-002
 5.0353389e-002
 4.9240723e-002
 4.8271812e-002
 4.7225982e-002
 4.6920016e-002
 4.6335902e-002
 4.5243979e-002
 4.4868656e-002
 4.4571683e-002
 4.4141080e-002
 4.4097170e-002
 4.4318449e-002
 4.4575147e-002
 4.4802636e-002
 4.4506248e-002
 4.4768285e-002
 4.5168310e-002
 4.5653675e-002
 4.6744842e-002
 4.7868762e-002
 4.8677366e-002
 4.9823299e-002
 5.1388331e-002
 5.2705783e-002
 5.4140735e-002
 5.5986598e-002
 5.7808619e-002
 5.9448004e-002
 6.0998868e-002
 6.2224030e-002
 6.3656762e-002
 6.4309113e-002
 6.5369725e-002
 6.7134991e-002
 6.9158122e-002
 7.0043027e-002
 7.1875840e-002
 7.3273160e-002
 7.4188143e-002
 7.4099965e-002
 7.7615283e-002
 7.7700846e-002
 8.3020642e-002
 8.2069978e-002
 8.3978258e-002
 8.6685613e-002
 9.1953591e-002
 9.3317322e-002
 9.4923206e-002
 9.7371280e-002
 9.8826922e-002
 1.0162444e-001
 1.0465699e-001
 1.0664688e-001
 1.0794799e-001
 1.1058196e-001
 1.1248052e-001
 1.1466664e-001
 1.1573102e-001
 1.1878765e-001
 1.2177264e-001
 1.2358550e-001
 1.2744531e-001
 1.2991822e-001
 1.3265337e-001
 1.3622065e-001
 1.3988063e-001
 1.4268713e-001
 1.4938781e-001
 1.5256934e-001
 1.5623812e-001
 1.6042605e-001
 1.6446005e-001
 1.6986552e-001
 1.7433763e-001
 1.8000706e-001
 1.8642014e-001
 1.9196358e-001
 1.8267021e-001
 1.8931884e-001
 1.9498494e-001
 2.0112211e-001
 2.0783736e-001
 2.1490258e-001
 2.2083090e-001
 2.2850169e-001
 2.3664334e-001
 2.4510074e-001
 2.5146955e-001
 2.6018608e-001
 2.6956078e-001
 2.7885869e-001
 2.8665850e-001
 2.9053783e-001
 2.9486489e-001
 3.1215149e-001
 3.2268241e-001
 3.3282346e-001
 3.4199071e-001
 3.5287619e-001
 3.5920340e-001
 3.6961874e-001
 3.7816221e-001
 3.8758829e-001
 3.9713871e-001
 4.0805164e-001
 4.1446397e-001
 4.2426422e-001
 4.3294579e-001
 4.4158891e-001
 4.4827214e-001
 4.5743674e-001
 4.6479306e-001
 4.7264716e-001
 4.8056403e-001
 4.8788109e-001
 4.9634853e-001
 5.0221032e-001
 5.0932318e-001
 5.1530826e-001
 5.2063000e-001
 5.2794731e-001
 5.3606683e-001
 5.4268342e-001
 5.4768467e-001
 5.5351055e-001
 5.5840844e-001
 5.6460708e-001
 5.7062310e-001
 5.7603568e-001
 5.7896662e-001
 5.8579940e-001
 5.8863187e-001
 5.9143806e-001
 5.9511149e-001
 5.9838837e-001
 6.0371619e-001
 6.0493147e-001
 6.0819513e-001
 6.1269027e-001
 6.1650050e-001
 6.1853302e-001
 6.1811781e-001
 6.1966079e-001
 6.2316388e-001
 6.2548429e-001
 6.2639946e-001
 6.2937635e-001
 6.3256472e-001
 6.3602453e-001
 6.3858491e-001
 6.4089525e-001
 6.4429724e-001
 6.4869195e-001
 6.4989585e-001
 6.5242189e-001
 6.5566361e-001
 6.5861446e-001
 6.5813035e-001
 6.6034436e-001
 6.6188532e-001
 6.6312933e-001
 6.6416806e-001
 6.6726547e-001
 6.6628128e-001
 6.6892695e-001
 6.6854936e-001
 6.7243505e-001
 6.7211360e-001
 6.6935724e-001
 6.6798443e-001
 6.6875321e-001
 6.7233205e-001
 6.6826862e-001
 6.6490829e-001
 6.7004985e-001
 6.7343789e-001
 6.7194897e-001
 6.7321974e-001
 6.7655599e-001
 6.7706275e-001
 6.7752147e-001
 6.7597890e-001
 6.7350841e-001
 6.6333061e-001
 6.4582580e-001
 6.3278466e-001
 5.8869565e-001
 5.6017649e-001
 5.6463557e-001
 6.1658084e-001
 6.6199452e-001
 6.7436922e-001
 6.6052103e-001
 6.4265549e-001
 6.2807655e-001
 6.2252122e-001
 6.2985307e-001
 6.4369422e-001
 6.5561461e-001
 6.6238934e-001
 6.6556501e-001
 6.6462994e-001
 6.6135502e-001
 6.5776879e-001
 6.5544564e-001
