s07_AV97 Record=476: Antigorite NMNH96917.a >250  ASDNGb AREF
 1.5188612e-001
 1.5135579e-001
 1.5366033e-001
 1.5658647e-001
 1.5887967e-001
 1.6474043e-001
 1.7140123e-001
 1.7699984e-001
 1.7771611e-001
 1.8164149e-001
 1.8821651e-001
 1.9691552e-001
 2.0352803e-001
 2.0684864e-001
 2.1182732e-001
 2.1240383e-001
 2.0925179e-001
 2.0644265e-001
 2.0415385e-001
 2.0090137e-001
 1.9697924e-001
 1.9271985e-001
 1.8812461e-001
 1.8347330e-001
 1.7871530e-001
 1.7407274e-001
 1.6941744e-001
 1.6510646e-001
 1.6113536e-001
 1.5764351e-001
 1.5452676e-001
 1.5188529e-001
 1.5499488e-001
 1.5234782e-001
 1.5009527e-001
 1.4814365e-001
 1.4670475e-001
 1.4579360e-001
 1.4552933e-001
 1.4584109e-001
 1.4676209e-001
 1.4831235e-001
 1.5053880e-001
 1.5337345e-001
 1.5655093e-001
 1.5965924e-001
 1.6183081e-001
 1.6299458e-001
 1.6290250e-001
 1.6176414e-001
 1.6001382e-001
 1.5786958e-001
 1.5566878e-001
 1.5367804e-001
 1.5196675e-001
 1.5056278e-001
 1.4968124e-001
 1.4929917e-001
 1.4940260e-001
 1.4993657e-001
 1.5090623e-001
 1.5198383e-001
 1.5317453e-001
 1.5475851e-001
 1.5626524e-001
 1.5733799e-001
 1.5809828e-001
 1.5843520e-001
 1.5854307e-001
 1.5841281e-001
 1.5816323e-001
 1.5784866e-001
 1.5726732e-001
 1.5683663e-001
 1.5672833e-001
 1.5677172e-001
 1.5688892e-001
 1.5725890e-001
 1.5760657e-001
 1.5817341e-001
 1.5903263e-001
 1.6014709e-001
 1.6154861e-001
 1.6323440e-001
 1.6513923e-001
 1.6711855e-001
 1.6936208e-001
 1.7185128e-001
 1.7451723e-001
 1.7754963e-001
 1.8082064e-001
 1.8429925e-001
 1.8768910e-001
 1.9117039e-001
 1.9468343e-001
 1.9809242e-001
 1.9281135e-001
 1.9641413e-001
 1.9972496e-001
 2.0299526e-001
 2.0778939e-001
 2.1288453e-001
 2.1772060e-001
 2.2260910e-001
 2.2737540e-001
 2.3189116e-001
 2.3446915e-001
 2.3332912e-001
 2.3252392e-001
 2.0232847e-001
 1.8695711e-001
 1.9652200e-001
 2.2692920e-001
 2.5036836e-001
 2.6244667e-001
 2.7185494e-001
 2.8058463e-001
 2.8858325e-001
 2.9581583e-001
 3.0228022e-001
 3.0796894e-001
 3.1346312e-001
 3.1890291e-001
 3.2442456e-001
 3.3004954e-001
 3.3560881e-001
 3.4100899e-001
 3.4646913e-001
 3.5190764e-001
 3.5695425e-001
 3.6197868e-001
 3.6677125e-001
 3.7148181e-001
 3.7639236e-001
 3.8106829e-001
 3.8559088e-001
 3.9001772e-001
 3.9433834e-001
 3.9843109e-001
 4.0237638e-001
 4.0585586e-001
 4.0933222e-001
 4.1244197e-001
 4.1485593e-001
 4.1726011e-001
 4.1937894e-001
 4.2119354e-001
 4.2342395e-001
 4.2603680e-001
 4.2826104e-001
 4.2989412e-001
 4.3022704e-001
 4.2942896e-001
 4.3007270e-001
 4.3001059e-001
 4.2902222e-001
 4.2976567e-001
 4.3121770e-001
 4.3063211e-001
 4.2781779e-001
 4.2925918e-001
 4.2176563e-001
 4.0768546e-001
 3.9236429e-001
 3.8139716e-001
 3.7288103e-001
 3.6252433e-001
 3.5102832e-001
 3.3963278e-001
 3.3095905e-001
 3.2847351e-001
 3.3235130e-001
 3.3963323e-001
 3.4786686e-001
 3.5957336e-001
 3.7418133e-001
 3.8839361e-001
 4.0091076e-001
 4.1020438e-001
 4.1310143e-001
 4.0227053e-001
 3.8002568e-001
 3.6722401e-001
 3.6413714e-001
 3.6722264e-001
 3.6807278e-001
 3.6816043e-001
 3.7565547e-001
 3.8732734e-001
 3.9737651e-001
 4.0271336e-001
 4.0138057e-001
 3.9595938e-001
 3.8884431e-001
 3.6928722e-001
 3.2211593e-001
 2.7015761e-001
 2.4502814e-001
 2.3255198e-001
 2.1320561e-001
 1.8974420e-001
 1.6818081e-001
 1.4854692e-001
 1.2953024e-001
 1.1386750e-001
 1.1282831e-001
 1.3296594e-001
 1.6245010e-001
 1.8550430e-001
 1.9330637e-001
 1.8158954e-001
 1.7390868e-001
 1.7617430e-001
 1.7054844e-001
 1.6037972e-001
 1.5539686e-001
 1.5573794e-001
 1.5124717e-001
 1.4763723e-001
 1.5165575e-001
 1.5393981e-001
 1.4771232e-001
 1.4023659e-001
-1.2300000e+034
