s07_AV97 Record=501: Augite NMNH120049             BECKb AREF
 1.2065562e-001
 1.3261411e-001
 1.4456514e-001
 1.5658252e-001
 1.6756468e-001
 1.7760353e-001
 1.8566936e-001
 1.9143429e-001
 1.9637847e-001
 2.0294853e-001
 2.0875853e-001
 2.1386109e-001
 2.1936023e-001
 2.2494592e-001
 2.3052043e-001
 2.3695670e-001
 2.4227755e-001
 2.4666536e-001
 2.5027516e-001
 2.5486612e-001
 2.5954625e-001
 2.6328960e-001
 2.6647469e-001
 2.6857361e-001
 2.7041852e-001
 2.7200472e-001
 2.7411154e-001
 2.7578530e-001
 2.7730647e-001
 2.7924442e-001
 2.8129402e-001
 2.8291157e-001
 2.8097659e-001
 2.8253579e-001
 2.8451103e-001
 2.8614357e-001
 2.8799567e-001
 2.8946641e-001
 2.9062170e-001
 2.9243910e-001
 2.9378447e-001
 2.9497656e-001
 2.9665083e-001
 2.9869780e-001
 3.0111858e-001
 3.0358881e-001
 3.0650017e-001
 3.0913672e-001
 3.1208110e-001
 3.1329626e-001
 3.1487960e-001
 3.1347889e-001
 3.1458265e-001
 3.1072754e-001
 3.0365390e-001
 2.9663679e-001
 2.8793600e-001
 2.8007200e-001
 2.6813209e-001
 2.5886998e-001
 2.4898396e-001
 2.4034245e-001
 2.2828093e-001
 2.2450879e-001
 2.1854497e-001
 2.1328360e-001
 2.0830213e-001
 2.0756939e-001
 2.0592383e-001
 2.0692393e-001
 2.1069297e-001
 2.1484932e-001
 2.1770085e-001
 2.2586749e-001
 2.3332067e-001
 2.4035138e-001
 2.4854442e-001
 2.5633720e-001
 2.6643753e-001
 2.7525789e-001
 2.8538671e-001
 2.9387787e-001
 3.0298740e-001
 3.0890775e-001
 3.1717700e-001
 3.2516003e-001
 3.3138198e-001
 3.3694726e-001
 3.4331432e-001
 3.4877443e-001
 3.5498837e-001
 3.5940033e-001
 3.6304539e-001
 3.6854133e-001
 3.7280789e-001
 3.7733799e-001
 3.7044597e-001
 3.7535468e-001
 3.7971786e-001
 3.8511392e-001
 3.8944271e-001
 3.9447743e-001
 3.9956674e-001
 4.0370277e-001
 4.0847638e-001
 4.1238165e-001
 4.1630894e-001
 4.1929814e-001
 4.2532039e-001
 4.2930686e-001
 4.3398720e-001
 4.3766800e-001
 4.4026995e-001
 4.4381753e-001
 4.4737598e-001
 4.5171461e-001
 4.5478803e-001
 4.5945027e-001
 4.6271455e-001
 4.6660849e-001
 4.6901557e-001
 4.7235447e-001
 4.7425038e-001
 4.7901207e-001
 4.8165548e-001
 4.8373923e-001
 4.8540360e-001
 4.8687178e-001
 4.8845851e-001
 4.8937455e-001
 4.9087164e-001
 4.9162656e-001
 4.9261814e-001
 4.9475449e-001
 4.9459639e-001
 4.9263191e-001
 4.9346241e-001
 4.9549770e-001
 4.9334908e-001
 4.9474624e-001
 4.9344999e-001
 4.9294120e-001
 4.9301317e-001
 4.8916605e-001
 4.8901647e-001
 4.8803502e-001
 4.8634502e-001
 4.8403949e-001
 4.8073846e-001
 4.7936839e-001
 4.7938064e-001
 4.7480154e-001
 4.7114992e-001
 4.6811566e-001
 4.6754405e-001
 4.6338126e-001
 4.5803228e-001
 4.5491573e-001
 4.5220912e-001
 4.4669747e-001
 4.4876137e-001
 4.4309211e-001
 4.3983603e-001
 4.3576884e-001
 4.3070635e-001
 4.2926005e-001
 4.2705205e-001
 4.2052615e-001
 4.2015761e-001
 4.1650465e-001
 4.1007420e-001
 4.0933296e-001
 4.0507907e-001
 4.0464440e-001
 4.0078691e-001
 3.9736632e-001
 3.9467826e-001
 3.9259005e-001
 3.8675454e-001
 3.8558716e-001
 3.8634080e-001
 3.8159028e-001
 3.7888870e-001
 3.7694538e-001
 3.7436649e-001
 3.6996695e-001
 3.7048209e-001
 3.6839071e-001
 3.6574522e-001
 3.6345324e-001
 3.6077213e-001
 3.5808152e-001
 3.5625181e-001
 3.5140637e-001
 3.5413069e-001
 3.4915486e-001
 3.5098308e-001
 3.5235405e-001
 3.5129839e-001
 3.4956828e-001
 3.5085741e-001
 3.5112876e-001
 3.4734291e-001
 3.5052782e-001
 3.5290238e-001
 3.5646334e-001
 3.6127213e-001
 3.5952520e-001
 3.5859692e-001
 3.6118048e-001
 3.6611363e-001
 3.6695096e-001
 3.6786523e-001
 3.6982200e-001
 3.7213385e-001
 3.7397704e-001
 3.7591955e-001
 3.7880567e-001
 3.8225561e-001
 3.8672096e-001
 3.9151317e-001
 3.9626831e-001
 4.0062016e-001
 4.0437204e-001
