s07_AV97 Record=2286: Muscovite GDS120 Pegma M.     BECKa AREF
 5.3506625e-001
 5.6265604e-001
 5.8962333e-001
 6.1620045e-001
 6.3612306e-001
 6.4972663e-001
 6.5408719e-001
 6.5438247e-001
 6.6243660e-001
 6.7993695e-001
 6.8817371e-001
 6.9482201e-001
 7.0016521e-001
 7.0245355e-001
 7.0361197e-001
 7.0540303e-001
 7.0777428e-001
 7.0993274e-001
 7.1202099e-001
 7.1509892e-001
 7.1798873e-001
 7.2200179e-001
 7.2528833e-001
 7.2933382e-001
 7.3331374e-001
 7.3747647e-001
 7.4153739e-001
 7.4517733e-001
 7.4885213e-001
 7.5219250e-001
 7.5675255e-001
 7.6112407e-001
 7.5595540e-001
 7.6040399e-001
 7.6401824e-001
 7.6866770e-001
 7.7310675e-001
 7.7689409e-001
 7.8136176e-001
 7.8506726e-001
 7.8868032e-001
 7.9093593e-001
 7.9315370e-001
 7.9404312e-001
 7.9388213e-001
 7.9391980e-001
 7.9270691e-001
 7.9161215e-001
 7.8981435e-001
 7.8708923e-001
 7.8671753e-001
 7.8558362e-001
 7.8269458e-001
 7.8269452e-001
 7.8260624e-001
 7.8184813e-001
 7.8217566e-001
 7.8114241e-001
 7.8220147e-001
 7.8301543e-001
 7.8470266e-001
 7.8774440e-001
 7.8729796e-001
 7.8689516e-001
 7.9040170e-001
 7.9545951e-001
 7.9908073e-001
 8.0176950e-001
 8.0311751e-001
 8.0388516e-001
 8.0674320e-001
 8.0744201e-001
 8.0676800e-001
 8.1017679e-001
 8.1049097e-001
 8.1075168e-001
 8.1208891e-001
 8.1445980e-001
 8.1546640e-001
 8.1564540e-001
 8.1602579e-001
 8.1820625e-001
 8.2019967e-001
 8.2084090e-001
 8.2236367e-001
 8.2137579e-001
 8.2459778e-001
 8.2812297e-001
 8.2903779e-001
 8.3106709e-001
 8.3384180e-001
 8.3502895e-001
 8.3647472e-001
 8.3624965e-001
 8.3904892e-001
 8.4154254e-001
 8.3746475e-001
 8.4096652e-001
 8.4220618e-001
 8.4284037e-001
 8.4327865e-001
 8.4213352e-001
 8.4196430e-001
 8.4355235e-001
 8.4504640e-001
 8.4681648e-001
 8.4771550e-001
 8.4571970e-001
 8.3735943e-001
 8.2251275e-001
 7.7406138e-001
 6.8394095e-001
 6.5124732e-001
 7.1104461e-001
 7.8089118e-001
 8.1566685e-001
 8.2654119e-001
 8.3255112e-001
 8.3701688e-001
 8.4092641e-001
 8.4479851e-001
 8.4887612e-001
 8.5273361e-001
 8.5593569e-001
 8.5652351e-001
 8.5999155e-001
 8.6186880e-001
 8.6424214e-001
 8.6259675e-001
 8.6262918e-001
 8.6424947e-001
 8.6364216e-001
 8.6373037e-001
 8.6324674e-001
 8.6478078e-001
 8.6344451e-001
 8.6441088e-001
 8.6420560e-001
 8.6377156e-001
 8.6401057e-001
 8.6218929e-001
 8.6397612e-001
 8.6259085e-001
 8.6033416e-001
 8.6023688e-001
 8.5945112e-001
 8.5782623e-001
 8.5625559e-001
 8.5548574e-001
 8.5242170e-001
 8.5199237e-001
 8.5086071e-001
 8.5004866e-001
 8.4731483e-001
 8.4566629e-001
 8.4089011e-001
 8.4151953e-001
 8.3908445e-001
 8.2468879e-001
 7.9975545e-001
 8.0850476e-001
 7.8395790e-001
 7.6333219e-001
 7.4155432e-001
 7.2994965e-001
 7.3161614e-001
 7.3962510e-001
 7.4539065e-001
 7.5073528e-001
 7.5916809e-001
 7.6651567e-001
 7.7312589e-001
 7.8038466e-001
 7.8553104e-001
 7.8966326e-001
 7.9541838e-001
 7.9773307e-001
 7.9721278e-001
 8.0092162e-001
 8.0276561e-001
 8.0149770e-001
 7.9649454e-001
 7.8550893e-001
 7.7814901e-001
 7.7388746e-001
 7.6957327e-001
 7.6829535e-001
 7.5865304e-001
 7.3917973e-001
 7.0841587e-001
 6.5418988e-001
 5.7964116e-001
 5.2403963e-001
 5.2861482e-001
 5.7900208e-001
 6.1850291e-001
 6.3257653e-001
 6.5906584e-001
 6.8493229e-001
 6.9575936e-001
 6.9979388e-001
 6.9722170e-001
 6.8315530e-001
 6.6456372e-001
 6.4300251e-001
 6.1462843e-001
 5.8759767e-001
 5.7444119e-001
 5.7486421e-001
 5.8148825e-001
 5.7625425e-001
 5.7610500e-001
 5.7512724e-001
 5.6797737e-001
 5.5552489e-001
 5.4148424e-001
 5.2994680e-001
 5.2459955e-001
 5.2485776e-001
 5.2869999e-001
 5.3440970e-001
 5.4107350e-001
 5.4798406e-001
 5.5450940e-001
