s07_AV97 Record=603: Bronzite HS9.2B              ASDFRc AREF
 2.7470654e-001
 2.8768849e-001
 3.0030411e-001
 3.1159556e-001
 3.2107109e-001
 3.3014783e-001
 3.4102917e-001
 3.5592508e-001
 3.6840647e-001
 3.7841120e-001
 3.8642055e-001
 3.9534020e-001
 4.0683278e-001
 4.2100683e-001
 4.3695667e-001
 4.6005797e-001
 4.8035651e-001
 4.9738336e-001
 5.1019889e-001
 5.2349699e-001
 5.3413969e-001
 5.4163992e-001
 5.4763877e-001
 5.5275309e-001
 5.5774921e-001
 5.6261098e-001
 5.6720805e-001
 5.7136667e-001
 5.7517898e-001
 5.7896018e-001
 5.8348197e-001
 5.8931875e-001
 5.8264714e-001
 5.8801621e-001
 5.9456688e-001
 5.9876150e-001
 6.0313648e-001
 6.0801214e-001
 6.1091059e-001
 6.1080432e-001
 6.0669899e-001
 5.9783602e-001
 5.8414698e-001
 5.6588101e-001
 5.4361480e-001
 5.1842433e-001
 4.9150163e-001
 4.6359259e-001
 4.3592030e-001
 4.0975490e-001
 3.8585228e-001
 3.6426681e-001
 3.4537482e-001
 3.2946622e-001
 3.1641197e-001
 3.0606729e-001
 2.9865232e-001
 2.9423761e-001
 2.9273143e-001
 2.9426283e-001
 2.9886669e-001
 3.0632314e-001
 3.1693509e-001
 3.3092681e-001
 3.4751138e-001
 3.6667854e-001
 3.8773051e-001
 4.1037074e-001
 4.3197146e-001
 4.5554590e-001
 4.7867611e-001
 4.9816099e-001
 5.1846850e-001
 5.3574115e-001
 5.5378497e-001
 5.6931877e-001
 5.8207726e-001
 5.9470177e-001
 6.0656995e-001
 6.1599219e-001
 6.2534922e-001
 6.3229060e-001
 6.3843524e-001
 6.4408082e-001
 6.4838928e-001
 6.5265638e-001
 6.5563011e-001
 6.5836006e-001
 6.6120034e-001
 6.6382992e-001
 6.6606784e-001
 6.6790050e-001
 6.6984272e-001
 6.7185509e-001
 6.7337525e-001
 6.7383945e-001
 6.7258096e-001
 6.7365259e-001
 6.7418838e-001
 6.7528021e-001
 6.7552233e-001
 6.7582017e-001
 6.7596209e-001
 6.7601633e-001
 6.7561352e-001
 6.7475075e-001
 6.7348331e-001
 6.7149460e-001
 6.6677046e-001
 6.5766376e-001
 6.4574707e-001
 6.5051401e-001
 6.4904839e-001
 6.4562041e-001
 6.4114392e-001
 6.3633460e-001
 6.3146114e-001
 6.2512481e-001
 6.1844605e-001
 6.1098617e-001
 6.0288203e-001
 5.9524965e-001
 5.8700734e-001
 5.7847691e-001
 5.7015878e-001
 5.6189728e-001
 5.5319506e-001
 5.4457724e-001
 5.3627986e-001
 5.2792370e-001
 5.1954687e-001
 5.1136410e-001
 5.0296938e-001
 4.9524724e-001
 4.8783669e-001
 4.8065713e-001
 4.7382236e-001
 4.6714786e-001
 4.6058968e-001
 4.5546523e-001
 4.4970402e-001
 4.4453031e-001
 4.3954244e-001
 4.3438274e-001
 4.3048695e-001
 4.2590132e-001
 4.2157406e-001
 4.1785643e-001
 4.1490620e-001
 4.1275221e-001
 4.1058177e-001
 4.0857661e-001
 4.0704533e-001
 4.0658885e-001
 4.0605193e-001
 4.0460813e-001
 4.0415493e-001
 4.0503919e-001
 4.0610692e-001
 4.0647426e-001
 4.0629259e-001
 4.0674779e-001
 4.0799880e-001
 4.0894198e-001
 4.1085735e-001
 4.1352558e-001
 4.1684476e-001
 4.1995150e-001
 4.2327181e-001
 4.2761633e-001
 4.3164006e-001
 4.3629652e-001
 4.4145200e-001
 4.4724190e-001
 4.5234928e-001
 4.5754439e-001
 4.6358854e-001
 4.6959075e-001
 4.7566432e-001
 4.8147771e-001
 4.8770398e-001
 4.9406353e-001
 4.9961370e-001
 5.0481731e-001
 5.1101977e-001
 5.1571184e-001
 5.1947045e-001
 5.2370441e-001
 5.2816129e-001
 5.3230429e-001
 5.3514445e-001
 5.3875709e-001
 5.4243857e-001
 5.4538292e-001
 5.4715824e-001
 5.4901332e-001
 5.5096775e-001
 5.5165565e-001
 5.5390990e-001
 5.5398065e-001
 5.5201322e-001
 5.4751515e-001
 5.4516745e-001
 5.4261267e-001
 5.4623866e-001
 5.5715156e-001
 5.6257945e-001
 5.6559211e-001
 5.6709087e-001
 5.6616259e-001
 5.6339145e-001
 5.6346482e-001
 5.6843114e-001
 5.7172132e-001
 5.7205921e-001
 5.7306027e-001
 5.7350463e-001
 5.7419831e-001
 5.7442379e-001
 5.7452536e-001
 5.7405931e-001
 5.7424563e-001
 5.7520670e-001
-1.2300000e+034
