s07_AV97 Record=1117: Elbaite NMNH94217-1.a 659   NIC4bbb RREF
-1.2300000e+034
-1.2300000e+034
-1.2300000e+034
-1.2300000e+034
-1.2300000e+034
-1.2300000e+034
-1.2300000e+034
-1.2300000e+034
-1.2300000e+034
-1.2300000e+034
-1.2300000e+034
-1.2300000e+034
-1.2300000e+034
-1.2300000e+034
-1.2300000e+034
-1.2300000e+034
-1.2300000e+034
-1.2300000e+034
-1.2300000e+034
-1.2300000e+034
-1.2300000e+034
-1.2300000e+034
-1.2300000e+034
-1.2300000e+034
-1.2300000e+034
-1.2300000e+034
-1.2300000e+034
-1.2300000e+034
-1.2300000e+034
-1.2300000e+034
-1.2300000e+034
-1.2300000e+034
-1.2300000e+034
-1.2300000e+034
-1.2300000e+034
-1.2300000e+034
-1.2300000e+034
-1.2300000e+034
-1.2300000e+034
-1.2300000e+034
-1.2300000e+034
-1.2300000e+034
-1.2300000e+034
-1.2300000e+034
-1.2300000e+034
-1.2300000e+034
-1.2300000e+034
-1.2300000e+034
-1.2300000e+034
-1.2300000e+034
-1.2300000e+034
-1.2300000e+034
-1.2300000e+034
-1.2300000e+034
-1.2300000e+034
-1.2300000e+034
-1.2300000e+034
-1.2300000e+034
-1.2300000e+034
-1.2300000e+034
-1.2300000e+034
-1.2300000e+034
-1.2300000e+034
-1.2300000e+034
-1.2300000e+034
-1.2300000e+034
-1.2300000e+034
-1.2300000e+034
-1.2300000e+034
-1.2300000e+034
-1.2300000e+034
-1.2300000e+034
-1.2300000e+034
-1.2300000e+034
-1.2300000e+034
-1.2300000e+034
-1.2300000e+034
-1.2300000e+034
-1.2300000e+034
-1.2300000e+034
-1.2300000e+034
-1.2300000e+034
-1.2300000e+034
-1.2300000e+034
-1.2300000e+034
-1.2300000e+034
-1.2300000e+034
-1.2300000e+034
-1.2300000e+034
-1.2300000e+034
-1.2300000e+034
-1.2300000e+034
-1.2300000e+034
-1.2300000e+034
-1.2300000e+034
-1.2300000e+034
-1.2300000e+034
-1.2300000e+034
-1.2300000e+034
-1.2300000e+034
-1.2300000e+034
-1.2300000e+034
-1.2300000e+034
-1.2300000e+034
-1.2300000e+034
-1.2300000e+034
-1.2300000e+034
-1.2300000e+034
-1.2300000e+034
-1.2300000e+034
 2.3929496e-001
 2.2935677e-001
 2.2706142e-001
 1.9247538e-001
 1.8328351e-001
 2.0542422e-001
 2.2412942e-001
 2.1220098e-001
 2.0353480e-001
 2.1475448e-001
 2.2965993e-001
 2.3995508e-001
 2.4633205e-001
 2.4985182e-001
 2.5219223e-001
 2.5441462e-001
 2.5631690e-001
 2.5813189e-001
 2.5988075e-001
 2.6136857e-001
 2.6285377e-001
 2.6495007e-001
 2.6702330e-001
 2.6873705e-001
 2.7026913e-001
 2.7165759e-001
 2.7278936e-001
 2.7369684e-001
 2.7544126e-001
 2.7716771e-001
 2.7864876e-001
 2.7980277e-001
 2.8070042e-001
 2.8144798e-001
 2.8221756e-001
 2.8317171e-001
 2.8431955e-001
 2.8545755e-001
 2.8624466e-001
 2.8615099e-001
 2.8607616e-001
 2.8633493e-001
 2.8630194e-001
 2.8681821e-001
 2.8807402e-001
 2.8837305e-001
 2.8762841e-001
 2.8689852e-001
 2.8849205e-001
 2.9003105e-001
 2.8971061e-001
 2.9037023e-001
 2.9083017e-001
 2.8972650e-001
 2.8258565e-001
 2.7587426e-001
 2.8166628e-001
 2.8692880e-001
 2.8995889e-001
 2.9040599e-001
 2.8994629e-001
 2.8958938e-001
 2.8843570e-001
 2.8773648e-001
 2.8646681e-001
 2.8537977e-001
 2.8422868e-001
 2.8172228e-001
 2.8138891e-001
 2.8384307e-001
 2.8497228e-001
 2.8473356e-001
 2.8260782e-001
 2.7931359e-001
 2.7484885e-001
 2.6990977e-001
 2.6402628e-001
 2.5629076e-001
 2.3971704e-001
 1.9660659e-001
 1.8010153e-001
 1.9944811e-001
 1.7949858e-001
 1.8217787e-001
 2.1803726e-001
 2.2422959e-001
 2.0190671e-001
 1.7594410e-001
 1.8179302e-001
 2.1871808e-001
 2.4451232e-001
 2.2173597e-001
 1.5134721e-001
 1.5062509e-001
 1.9295281e-001
 2.1993442e-001
 2.2729674e-001
 2.2192948e-001
 2.0170422e-001
 1.6947505e-001
 1.5678377e-001
 1.6221254e-001
 1.6280052e-001
 1.6792019e-001
 1.7651835e-001
 1.8381564e-001
 1.8661797e-001
 1.8264075e-001
 1.7842422e-001
 1.7418048e-001
 1.7023070e-001
 1.6755064e-001
 1.6676280e-001
 1.6686493e-001
