s07_AV97 Record=2964: Serpentine HS318.3B          ASDFRc AREF
 1.2824628e-001
 1.3246903e-001
 1.3996559e-001
 1.5550160e-001
 1.4875823e-001
 1.4033858e-001
 1.3351434e-001
 1.2958260e-001
 1.3298535e-001
 1.3802955e-001
 1.5918881e-001
 2.0042932e-001
 2.2320916e-001
 2.3356023e-001
 2.4575171e-001
 2.5917348e-001
 2.7182510e-001
 2.8137958e-001
 2.8607580e-001
 2.8766790e-001
 2.8840724e-001
 2.9014611e-001
 2.9146668e-001
 2.9138643e-001
 2.8997269e-001
 2.8763893e-001
 2.8488550e-001
 2.8234339e-001
 2.8066045e-001
 2.8040317e-001
 2.8263876e-001
 2.8609595e-001
 2.8212962e-001
 2.8540280e-001
 2.8884742e-001
 2.9247031e-001
 2.9626590e-001
 2.9865724e-001
 2.9976380e-001
 3.0019054e-001
 3.0051780e-001
 3.0101526e-001
 3.0197534e-001
 3.0318707e-001
 3.0443361e-001
 3.0538210e-001
 3.0594301e-001
 3.0611292e-001
 3.0569008e-001
 3.0495557e-001
 3.0392835e-001
 3.0271384e-001
 3.0122834e-001
 2.9958388e-001
 2.9807723e-001
 2.9637182e-001
 2.9469281e-001
 2.9318234e-001
 2.9192710e-001
 2.9076359e-001
 2.8965834e-001
 2.8665954e-001
 2.8474680e-001
 2.8515723e-001
 2.8645113e-001
 2.8619543e-001
 2.8595307e-001
 2.8552702e-001
 2.8505203e-001
 2.8414008e-001
 2.8438866e-001
 2.8360599e-001
 2.8311685e-001
 2.8297985e-001
 2.8229424e-001
 2.8216833e-001
 2.8184637e-001
 2.8187388e-001
 2.8190944e-001
 2.8184631e-001
 2.8202584e-001
 2.8214204e-001
 2.8245983e-001
 2.8301933e-001
 2.8338608e-001
 2.8382036e-001
 2.8448269e-001
 2.8531703e-001
 2.8632361e-001
 2.8713667e-001
 2.8794581e-001
 2.8901708e-001
 2.8985760e-001
 2.9028428e-001
 2.8981584e-001
 2.8924072e-001
 2.9002336e-001
 2.8968289e-001
 2.8850210e-001
 2.8682828e-001
 2.9007623e-001
 2.9209518e-001
 2.9292464e-001
 2.9403314e-001
 2.9433435e-001
 2.9354310e-001
 2.8603655e-001
 2.8002790e-001
 2.7368411e-001
 2.1626018e-001
 1.9763555e-001
 2.2652589e-001
 2.7009544e-001
 2.7549779e-001
 2.8152478e-001
 2.8717354e-001
 2.8932124e-001
 2.9135624e-001
 2.9322273e-001
 2.9449362e-001
 2.9524916e-001
 2.9573432e-001
 2.9596284e-001
 2.9640684e-001
 2.9682788e-001
 2.9737175e-001
 2.9809734e-001
 2.9865631e-001
 2.9874936e-001
 2.9922050e-001
 2.9948986e-001
 2.9962808e-001
 2.9984459e-001
 3.0017501e-001
 3.0024436e-001
 3.0044660e-001
 3.0051875e-001
 3.0044037e-001
 3.0050379e-001
 3.0022424e-001
 3.0000189e-001
 2.9990986e-001
 2.9945838e-001
 2.9891071e-001
 2.9835704e-001
 2.9788134e-001
 2.9704508e-001
 2.9619098e-001
 2.9552042e-001
 2.9529315e-001
 2.9470190e-001
 2.9362369e-001
 2.9243076e-001
 2.9272145e-001
 2.9272214e-001
 2.9192328e-001
 2.9045132e-001
 2.8943202e-001
 2.8762874e-001
 2.8282443e-001
 2.8502947e-001
 2.7853686e-001
 2.6873493e-001
 2.5881603e-001
 2.5394082e-001
 2.5258517e-001
 2.5124839e-001
 2.4866958e-001
 2.4458130e-001
 2.4132609e-001
 2.4021895e-001
 2.4152860e-001
 2.4464768e-001
 2.4885575e-001
 2.5169683e-001
 2.5414139e-001
 2.5903147e-001
 2.6640907e-001
 2.7225104e-001
 2.7337289e-001
 2.6997620e-001
 2.6303002e-001
 2.5842690e-001
 2.5418404e-001
 2.5371587e-001
 2.5193787e-001
 2.5280610e-001
 2.6080555e-001
 2.6752904e-001
 2.7057746e-001
 2.7187008e-001
 2.7172586e-001
 2.7062750e-001
 2.6713577e-001
 2.6044467e-001
 2.4570064e-001
 2.2214986e-001
 2.0933142e-001
 2.0276366e-001
 1.8059441e-001
 1.6800453e-001
 1.6129875e-001
 1.4958389e-001
 1.3465150e-001
 1.1481734e-001
 1.0596683e-001
 1.1744186e-001
 1.5275306e-001
 1.7260560e-001
 1.6651766e-001
 1.5710478e-001
 1.5624836e-001
 1.5095595e-001
 1.4518397e-001
 1.4183828e-001
 1.4170770e-001
 1.3412486e-001
 1.3442381e-001
 1.4757237e-001
 1.4719371e-001
 1.3239408e-001
 1.2160009e-001
 1.1525579e-001
-1.2300000e+034
