s07_AV97 Record=1430: Halloysite NMNH106237        ASDNGa AREF
 6.1599231e-001
 6.2989855e-001
 6.4493155e-001
 6.5943980e-001
 6.7192966e-001
 6.8306541e-001
 6.9389099e-001
 7.0462739e-001
 7.1528107e-001
 7.2559541e-001
 7.3568219e-001
 7.4570483e-001
 7.5558466e-001
 7.6543510e-001
 7.7520955e-001
 7.8447187e-001
 7.9301566e-001
 8.0078316e-001
 8.0779392e-001
 8.1394577e-001
 8.1891412e-001
 8.2262403e-001
 8.2608956e-001
 8.2899219e-001
 8.3144253e-001
 8.3373064e-001
 8.3594680e-001
 8.3808899e-001
 8.4000885e-001
 8.4185433e-001
 8.4383458e-001
 8.4580159e-001
 8.4350801e-001
 8.4545106e-001
 8.4726399e-001
 8.4938896e-001
 8.5118836e-001
 8.5265017e-001
 8.5341740e-001
 8.5380423e-001
 8.5468435e-001
 8.5886115e-001
 8.6239982e-001
 8.6512250e-001
 8.6740249e-001
 8.6919677e-001
 8.7077588e-001
 8.7194151e-001
 8.7254608e-001
 8.7282783e-001
 8.7263876e-001
 8.7231594e-001
 8.7197506e-001
 8.7114680e-001
 8.6981195e-001
 8.6845875e-001
 8.6620766e-001
 8.5933918e-001
 8.5105520e-001
 8.4710318e-001
 8.3620650e-001
 8.0890101e-001
 7.9870218e-001
 7.9247099e-001
 8.1046432e-001
 8.3839804e-001
 8.4740365e-001
 8.5196340e-001
 8.5376799e-001
 8.5434198e-001
 8.5435307e-001
 8.5431695e-001
 8.5400057e-001
 8.5351974e-001
 8.5296386e-001
 8.5228562e-001
 8.5148221e-001
 8.5029227e-001
 8.4867704e-001
 8.4723735e-001
 8.4512389e-001
 8.4080869e-001
 8.3424914e-001
 8.2546031e-001
 8.2154900e-001
 8.2523143e-001
 8.2725823e-001
 8.2641798e-001
 8.2501256e-001
 8.2200092e-001
 8.1362784e-001
 7.9827881e-001
 7.8747052e-001
 7.9108095e-001
 7.9659468e-001
 7.9489136e-001
 7.9329562e-001
 7.9700381e-001
 7.8785551e-001
 7.6327068e-001
 7.3457378e-001
 7.0865405e-001
 6.9295055e-001
 6.8093491e-001
 6.7068374e-001
 6.5064299e-001
 6.0542697e-001
 5.5652475e-001
 4.7583842e-001
 3.5560128e-001
 3.3509269e-001
 3.4785232e-001
 3.2352436e-001
 4.5767453e-001
 5.3665340e-001
 5.7870162e-001
 6.0510296e-001
 6.2177885e-001
 6.3909239e-001
 6.5663004e-001
 6.6930681e-001
 6.8301594e-001
 6.9517881e-001
 7.0374107e-001
 7.1055192e-001
 7.1623236e-001
 7.2092193e-001
 7.2472614e-001
 7.2794890e-001
 7.3076206e-001
 7.3320842e-001
 7.3519164e-001
 7.3655117e-001
 7.3731220e-001
 7.3763555e-001
 7.3734432e-001
 7.3636419e-001
 7.3480970e-001
 7.3257864e-001
 7.2968811e-001
 7.2717577e-001
 7.2409272e-001
 7.1938288e-001
 7.1344030e-001
 7.0672542e-001
 6.9911879e-001
 6.9056821e-001
 6.8085772e-001
 6.6988027e-001
 6.5871853e-001
 6.4829630e-001
 6.4157474e-001
 6.3756180e-001
 6.3296443e-001
 6.2754858e-001
 6.1799848e-001
 6.1811429e-001
 6.0882872e-001
 5.7081145e-001
 5.1103878e-001
 5.3099525e-001
 4.6876171e-001
 4.0034521e-001
 3.4452668e-001
 3.4402338e-001
 3.7156904e-001
 3.9285019e-001
 4.0817156e-001
 4.2095530e-001
 4.3302864e-001
 4.4505644e-001
 4.5651540e-001
 4.6676677e-001
 4.7634184e-001
 4.8377576e-001
 4.8846880e-001
 4.9055642e-001
 4.8925859e-001
 4.8343891e-001
 4.7524685e-001
 4.6610400e-001
 4.5646414e-001
 4.4354171e-001
 4.2130509e-001
 4.0631995e-001
 3.8718972e-001
 3.4988761e-001
 2.9177538e-001
 2.3978460e-001
 2.1793294e-001
 2.0900877e-001
 1.8415248e-001
 1.4220740e-001
 1.2661912e-001
 2.0155416e-001
 2.6435596e-001
 2.9029891e-001
 2.9838485e-001
 2.9904202e-001
 2.9578561e-001
 2.8626093e-001
 2.7234343e-001
 2.5357592e-001
 2.3347592e-001
 2.2251482e-001
 2.1764171e-001
 2.1043095e-001
 1.9543247e-001
 1.8813021e-001
 1.8358582e-001
 1.6844052e-001
 1.6115543e-001
 1.6303173e-001
 1.6111510e-001
 1.5318252e-001
 1.4320621e-001
 1.3335459e-001
 1.2861757e-001
 1.2567833e-001
 1.2038739e-001
 1.1326540e-001
 1.0734878e-001
 1.0492874e-001
-1.2300000e+034
