s07_AV97 Record=1134: Enstatite NMNH128288          BECKc AREF
 2.9364634e-001
 3.1498954e-001
 3.3057246e-001
 3.4085694e-001
 3.4763989e-001
 3.5242504e-001
 3.5846514e-001
 3.6642158e-001
 3.7418583e-001
 3.8084763e-001
 3.8864982e-001
 3.9989868e-001
 4.1196835e-001
 4.2534187e-001
 4.3972638e-001
 4.5514420e-001
 4.6640974e-001
 4.7339520e-001
 4.7743326e-001
 4.7995716e-001
 4.8131657e-001
 4.8254248e-001
 4.8245430e-001
 4.8181608e-001
 4.8175618e-001
 4.8135749e-001
 4.8137000e-001
 4.8183703e-001
 4.8289657e-001
 4.8449084e-001
 4.8659709e-001
 4.8971012e-001
 4.8621351e-001
 4.8877186e-001
 4.9276069e-001
 4.9484223e-001
 4.9830848e-001
 5.0270438e-001
 5.0603235e-001
 5.0844020e-001
 5.0978392e-001
 5.0934207e-001
 5.0708795e-001
 5.0262326e-001
 4.9653620e-001
 4.8695150e-001
 4.7622699e-001
 4.6342459e-001
 4.4940722e-001
 4.3464091e-001
 4.2068282e-001
 4.0589261e-001
 3.9021900e-001
 3.7986299e-001
 3.6938611e-001
 3.6117488e-001
 3.5678902e-001
 3.5465121e-001
 3.5461926e-001
 3.5462046e-001
 3.6076057e-001
 3.6822164e-001
 3.7770909e-001
 3.9070752e-001
 4.0379193e-001
 4.2095664e-001
 4.3212324e-001
 4.4638661e-001
 4.5974085e-001
 4.7172272e-001
 4.8562089e-001
 4.9573603e-001
 5.0448310e-001
 5.1268059e-001
 5.1929420e-001
 5.2327108e-001
 5.2546442e-001
 5.3003150e-001
 5.3534585e-001
 5.3805947e-001
 5.3994006e-001
 5.4175884e-001
 5.4347342e-001
 5.4535836e-001
 5.4677719e-001
 5.4770869e-001
 5.5034226e-001
 5.5109072e-001
 5.5172271e-001
 5.5313647e-001
 5.5527306e-001
 5.5623114e-001
 5.5559313e-001
 5.5896890e-001
 5.5925548e-001
 5.5960566e-001
 5.5939311e-001
 5.5923212e-001
 5.6029731e-001
 5.6117845e-001
 5.6135023e-001
 5.6157547e-001
 5.6188911e-001
 5.6259966e-001
 5.6274784e-001
 5.6229413e-001
 5.6003737e-001
 5.5826962e-001
 5.5439126e-001
 5.4384845e-001
 5.4104513e-001
 5.4653013e-001
 5.4873824e-001
 5.4945678e-001
 5.4888630e-001
 5.4838175e-001
 5.4669857e-001
 5.4372066e-001
 5.4191899e-001
 5.4008001e-001
 5.3818703e-001
 5.3519017e-001
 5.3076005e-001
 5.3035843e-001
 5.2671981e-001
 5.2148992e-001
 5.2062976e-001
 5.1623791e-001
 5.1201290e-001
 5.0922263e-001
 5.0622267e-001
 5.0235862e-001
 4.9934897e-001
 4.9517193e-001
 4.9224353e-001
 4.8882771e-001
 4.8603246e-001
 4.8338273e-001
 4.7847599e-001
 4.7446248e-001
 4.7519562e-001
 4.7378635e-001
 4.7084743e-001
 4.6774161e-001
 4.6480754e-001
 4.6374366e-001
 4.6365741e-001
 4.5851949e-001
 4.5917714e-001
 4.6114060e-001
 4.5824552e-001
 4.5573989e-001
 4.5591137e-001
 4.5667362e-001
 4.5811766e-001
 4.5780480e-001
 4.5792657e-001
 4.5879346e-001
 4.6070111e-001
 4.5997897e-001
 4.6061218e-001
 4.5846009e-001
 4.5623320e-001
 4.5468804e-001
 4.5642391e-001
 4.6213377e-001
 4.6789369e-001
 4.7250888e-001
 4.7821108e-001
 4.8056906e-001
 4.8426381e-001
 4.8903257e-001
 4.9517378e-001
 4.9788070e-001
 5.0306672e-001
 5.0929326e-001
 5.1619393e-001
 5.2039647e-001
 5.2615565e-001
 5.2828646e-001
 5.3143138e-001
 5.3701657e-001
 5.4049891e-001
 5.4794431e-001
 5.5185121e-001
 5.5638427e-001
 5.6047863e-001
 5.6393158e-001
 5.6640339e-001
 5.6838948e-001
 5.6956881e-001
 5.7280910e-001
 5.7307899e-001
 5.7179445e-001
 5.7378429e-001
 5.7371521e-001
 5.7374650e-001
 5.7399637e-001
 5.6909734e-001
 5.6650829e-001
 5.6255960e-001
 5.5836475e-001
 5.5044353e-001
 5.3782994e-001
 5.3327012e-001
 5.3804493e-001
 5.4946351e-001
 5.6131023e-001
 5.6513983e-001
 5.6587636e-001
 5.6029856e-001
 5.5630970e-001
 5.6036025e-001
 5.6230754e-001
 5.6091321e-001
 5.5976897e-001
 5.5912876e-001
 5.5837274e-001
 5.5732065e-001
 5.5557054e-001
 5.5319577e-001
 5.5069786e-001
 5.4868126e-001
 5.4753780e-001
