s07_AV97 Record=3541: Actinolite_Dolomit BR93-60B   BECKb AREF
 1.6146818e-001
 1.7148992e-001
 1.8126173e-001
 1.9136678e-001
 1.9973736e-001
 2.0742251e-001
 2.1459536e-001
 2.2249044e-001
 2.2887611e-001
 2.3520637e-001
 2.4117079e-001
 2.4810089e-001
 2.5474635e-001
 2.6092458e-001
 2.6762593e-001
 2.7438694e-001
 2.7984715e-001
 2.8612593e-001
 2.9164186e-001
 2.9648903e-001
 3.0004987e-001
 3.0288875e-001
 3.0559900e-001
 3.0790201e-001
 3.0927235e-001
 3.0994543e-001
 3.0970415e-001
 3.0896711e-001
 3.0860758e-001
 3.0830073e-001
 3.0790859e-001
 3.0818632e-001
 3.0797186e-001
 3.0818996e-001
 3.0775115e-001
 3.0769321e-001
 3.0722439e-001
 3.0673626e-001
 3.0655280e-001
 3.0600360e-001
 3.0608916e-001
 3.0569956e-001
 3.0539373e-001
 3.0539009e-001
 3.0464762e-001
 3.0373985e-001
 3.0191079e-001
 3.0061233e-001
 2.9950795e-001
 2.9659331e-001
 2.9399011e-001
 2.9167408e-001
 2.8789228e-001
 2.8497887e-001
 2.8216201e-001
 2.7987552e-001
 2.7755699e-001
 2.7420717e-001
 2.6995593e-001
 2.7098680e-001
 2.6664454e-001
 2.6223442e-001
 2.5559327e-001
 2.5615534e-001
 2.5311780e-001
 2.5072858e-001
 2.4674432e-001
 2.4333739e-001
 2.3974091e-001
 2.3750325e-001
 2.3657489e-001
 2.3568466e-001
 2.3536460e-001
 2.3708086e-001
 2.4015313e-001
 2.4401565e-001
 2.4902390e-001
 2.5429663e-001
 2.5855544e-001
 2.6247197e-001
 2.6581705e-001
 2.6955557e-001
 2.7296388e-001
 2.7566293e-001
 2.7792114e-001
 2.8008878e-001
 2.8310755e-001
 2.8628138e-001
 2.8830633e-001
 2.9068699e-001
 2.9350954e-001
 2.9618847e-001
 2.9954103e-001
 3.0189687e-001
 3.0354175e-001
 3.0489504e-001
 3.0256224e-001
 3.0457386e-001
 3.0505416e-001
 3.0797151e-001
 3.1145152e-001
 3.1393781e-001
 3.1702641e-001
 3.1920010e-001
 3.2107276e-001
 3.2213837e-001
 3.2046390e-001
 3.1830826e-001
 3.1441015e-001
 2.7474028e-001
 2.2275440e-001
 2.7135175e-001
 3.0218911e-001
 3.1124020e-001
 3.1575525e-001
 3.1974003e-001
 3.2327485e-001
 3.2583588e-001
 3.2793239e-001
 3.3115688e-001
 3.3272558e-001
 3.3439404e-001
 3.3689752e-001
 3.3871123e-001
 3.3935201e-001
 3.4022105e-001
 3.4307861e-001
 3.4381616e-001
 3.4474960e-001
 3.4514168e-001
 3.4576437e-001
 3.4667191e-001
 3.4733883e-001
 3.4801415e-001
 3.4739670e-001
 3.4876812e-001
 3.4905878e-001
 3.4936675e-001
 3.4857398e-001
 3.4854820e-001
 3.5119906e-001
 3.5153225e-001
 3.4972945e-001
 3.4625244e-001
 3.4566388e-001
 3.4614149e-001
 3.4578037e-001
 3.4496111e-001
 3.4464419e-001
 3.4530473e-001
 3.4556210e-001
 3.4149748e-001
 3.3927551e-001
 3.3731502e-001
 3.3602980e-001
 3.3425349e-001
 3.2913202e-001
 3.2504949e-001
 3.2101241e-001
 3.1247923e-001
 3.1575942e-001
 3.0294070e-001
 2.8264654e-001
 2.6533180e-001
 2.6312199e-001
 2.6535046e-001
 2.6604787e-001
 2.6690355e-001
 2.6768336e-001
 2.6777688e-001
 2.6693359e-001
 2.6748517e-001
 2.6910266e-001
 2.7283722e-001
 2.7790105e-001
 2.8239551e-001
 2.8522289e-001
 2.8507575e-001
 2.8320405e-001
 2.8419471e-001
 2.8112262e-001
 2.7330157e-001
 2.6829600e-001
 2.5604525e-001
 2.4625628e-001
 2.5054494e-001
 2.5767729e-001
 2.6201275e-001
 2.6571590e-001
 2.6815778e-001
 2.6693276e-001
 2.6606739e-001
 2.6419607e-001
 2.6164767e-001
 2.5964835e-001
 2.5286424e-001
 2.3662733e-001
 2.2298773e-001
 2.1525720e-001
 1.9640574e-001
 1.7028347e-001
 1.5111263e-001
 1.3406701e-001
 1.2228063e-001
 1.2543197e-001
 1.4701802e-001
 1.7116894e-001
 1.7640454e-001
 1.7981766e-001
 1.7603470e-001
 1.5308037e-001
 1.4015515e-001
 1.5408209e-001
 1.6757481e-001
 1.7205390e-001
 1.7107128e-001
 1.6721451e-001
 1.6263391e-001
 1.5865485e-001
 1.5467142e-001
 1.5139264e-001
 1.4892973e-001
 1.4736515e-001
 1.4673229e-001
