s07_AV97 Record=2615: Pigeonite HS199.1B           ASDFRb AREF
 2.0032386e-001
 2.1288566e-001
 2.2604987e-001
 2.3698840e-001
 2.4646071e-001
 2.5466555e-001
 2.6182154e-001
 2.6790747e-001
 2.7256963e-001
 2.7699098e-001
 2.8111884e-001
 2.8465834e-001
 2.8793973e-001
 2.9121071e-001
 2.9354152e-001
 2.9705927e-001
 3.0001011e-001
 3.0209801e-001
 3.0357483e-001
 3.0539683e-001
 3.0715758e-001
 3.0852646e-001
 3.0968231e-001
 3.1072709e-001
 3.1162727e-001
 3.1260082e-001
 3.1342223e-001
 3.1424496e-001
 3.1499815e-001
 3.1582311e-001
 3.1667286e-001
 3.1750658e-001
 3.1653959e-001
 3.1735149e-001
 3.1810004e-001
 3.1892902e-001
 3.1973028e-001
 3.2054901e-001
 3.2138672e-001
 3.2221669e-001
 3.2288060e-001
 3.2346782e-001
 3.2411906e-001
 3.2455412e-001
 3.2472309e-001
 3.2460067e-001
 3.2406649e-001
 3.2311982e-001
 3.2149154e-001
 3.1934825e-001
 3.1661278e-001
 3.1341681e-001
 3.0977470e-001
 3.0585182e-001
 3.0175945e-001
 2.9771632e-001
 2.9395330e-001
 2.9041091e-001
 2.8754988e-001
 2.8535479e-001
 2.8377286e-001
 2.8299549e-001
 2.8285003e-001
 2.8350812e-001
 2.8465232e-001
 2.8633517e-001
 2.8808209e-001
 2.8993738e-001
 2.9205051e-001
 2.9368344e-001
 2.9658160e-001
 2.9867750e-001
 3.0046064e-001
 3.0311358e-001
 3.0580336e-001
 3.0921787e-001
 3.1211740e-001
 3.1518990e-001
 3.1802154e-001
 3.1993830e-001
 3.2203507e-001
 3.2316676e-001
 3.2474983e-001
 3.2560927e-001
 3.2636413e-001
 3.2702336e-001
 3.2735112e-001
 3.2768682e-001
 3.2795271e-001
 3.2805368e-001
 3.2817179e-001
 3.2844633e-001
 3.2879972e-001
 3.2927799e-001
 3.2957914e-001
 3.2933778e-001
 3.2927105e-001
 3.2955897e-001
 3.2966927e-001
 3.3008054e-001
 3.3015063e-001
 3.3019879e-001
 3.3056131e-001
 3.3081624e-001
 3.3078671e-001
 3.3074629e-001
 3.3109102e-001
 3.3148322e-001
 3.3156723e-001
 3.3165008e-001
 3.3130747e-001
 3.3137825e-001
 3.3147475e-001
 3.3177090e-001
 3.3198836e-001
 3.3192331e-001
 3.3189064e-001
 3.3218294e-001
 3.3216277e-001
 3.3182463e-001
 3.3166754e-001
 3.3148214e-001
 3.3140162e-001
 3.3134347e-001
 3.3105242e-001
 3.3102900e-001
 3.3092967e-001
 3.3047032e-001
 3.2997182e-001
 3.2984608e-001
 3.2939145e-001
 3.2915005e-001
 3.2862470e-001
 3.2823086e-001
 3.2782474e-001
 3.2723898e-001
 3.2674018e-001
 3.2633746e-001
 3.2585189e-001
 3.2526219e-001
 3.2483408e-001
 3.2441759e-001
 3.2411784e-001
 3.2354322e-001
 3.2275811e-001
 3.2198438e-001
 3.2161829e-001
 3.2100210e-001
 3.2044905e-001
 3.2045466e-001
 3.2022858e-001
 3.1943026e-001
 3.1895107e-001
 3.1827685e-001
 3.1797662e-001
 3.1792086e-001
 3.1753168e-001
 3.1727910e-001
 3.1670228e-001
 3.1577551e-001
 3.1626117e-001
 3.1547743e-001
 3.1511921e-001
 3.1444415e-001
 3.1389096e-001
 3.1302157e-001
 3.1260553e-001
 3.1284183e-001
 3.1264326e-001
 3.1263018e-001
 3.1253317e-001
 3.1232744e-001
 3.1258526e-001
 3.1273565e-001
 3.1301406e-001
 3.1344771e-001
 3.1390515e-001
 3.1423637e-001
 3.1517065e-001
 3.1586069e-001
 3.1636220e-001
 3.1684992e-001
 3.1727093e-001
 3.1756836e-001
 3.1767610e-001
 3.1777903e-001
 3.1801525e-001
 3.1815445e-001
 3.1849819e-001
 3.1880853e-001
 3.1905612e-001
 3.1943983e-001
 3.2009289e-001
 3.2111239e-001
 3.2109228e-001
 3.2110092e-001
 3.2121223e-001
 3.2179791e-001
 3.2252654e-001
 3.2311997e-001
 3.2385367e-001
 3.2399115e-001
 3.2389939e-001
 3.2445869e-001
 3.2529041e-001
 3.2591191e-001
 3.2628107e-001
 3.2722929e-001
 3.2748044e-001
 3.2767186e-001
 3.2777947e-001
 3.2791644e-001
 3.2791227e-001
 3.2864666e-001
 3.2928976e-001
 3.3012137e-001
 3.3091608e-001
 3.3127421e-001
 3.3062363e-001
 3.2955882e-001
 3.3083728e-001
 3.3267388e-001
 3.2987815e-001
-1.2300000e+034
