s07_AV97 Record=385: Andradite WS487 Garnet       NIC4bb RREF
-1.2300000e+034
-1.2300000e+034
-1.2300000e+034
-1.2300000e+034
-1.2300000e+034
-1.2300000e+034
-1.2300000e+034
-1.2300000e+034
-1.2300000e+034
-1.2300000e+034
-1.2300000e+034
-1.2300000e+034
-1.2300000e+034
-1.2300000e+034
-1.2300000e+034
-1.2300000e+034
-1.2300000e+034
-1.2300000e+034
-1.2300000e+034
-1.2300000e+034
-1.2300000e+034
-1.2300000e+034
-1.2300000e+034
-1.2300000e+034
-1.2300000e+034
-1.2300000e+034
-1.2300000e+034
-1.2300000e+034
-1.2300000e+034
-1.2300000e+034
-1.2300000e+034
-1.2300000e+034
-1.2300000e+034
-1.2300000e+034
-1.2300000e+034
-1.2300000e+034
-1.2300000e+034
-1.2300000e+034
-1.2300000e+034
-1.2300000e+034
-1.2300000e+034
-1.2300000e+034
-1.2300000e+034
-1.2300000e+034
-1.2300000e+034
-1.2300000e+034
-1.2300000e+034
-1.2300000e+034
-1.2300000e+034
-1.2300000e+034
-1.2300000e+034
-1.2300000e+034
-1.2300000e+034
-1.2300000e+034
-1.2300000e+034
-1.2300000e+034
-1.2300000e+034
-1.2300000e+034
-1.2300000e+034
-1.2300000e+034
-1.2300000e+034
-1.2300000e+034
-1.2300000e+034
-1.2300000e+034
-1.2300000e+034
-1.2300000e+034
-1.2300000e+034
-1.2300000e+034
-1.2300000e+034
-1.2300000e+034
-1.2300000e+034
-1.2300000e+034
-1.2300000e+034
-1.2300000e+034
-1.2300000e+034
-1.2300000e+034
-1.2300000e+034
-1.2300000e+034
-1.2300000e+034
-1.2300000e+034
-1.2300000e+034
-1.2300000e+034
-1.2300000e+034
-1.2300000e+034
-1.2300000e+034
-1.2300000e+034
-1.2300000e+034
-1.2300000e+034
-1.2300000e+034
-1.2300000e+034
-1.2300000e+034
-1.2300000e+034
-1.2300000e+034
-1.2300000e+034
-1.2300000e+034
-1.2300000e+034
-1.2300000e+034
-1.2300000e+034
-1.2300000e+034
-1.2300000e+034
-1.2300000e+034
-1.2300000e+034
-1.2300000e+034
-1.2300000e+034
-1.2300000e+034
-1.2300000e+034
-1.2300000e+034
-1.2300000e+034
-1.2300000e+034
-1.2300000e+034
-1.2300000e+034
-1.2300000e+034
-1.2300000e+034
-1.2300000e+034
-1.2300000e+034
-1.2300000e+034
-1.2300000e+034
-1.2300000e+034
-1.2300000e+034
-1.2300000e+034
-1.2300000e+034
-1.2300000e+034
-1.2300000e+034
-1.2300000e+034
-1.2300000e+034
-1.2300000e+034
-1.2300000e+034
-1.2300000e+034
-1.2300000e+034
-1.2300000e+034
-1.2300000e+034
-1.2300000e+034
-1.2300000e+034
-1.2300000e+034
-1.2300000e+034
-1.2300000e+034
-1.2300000e+034
-1.2300000e+034
 6.5566760e-001
 6.6227961e-001
 6.6841626e-001
 6.7378467e-001
 6.7838311e-001
 6.8290895e-001
 6.8746513e-001
 6.9210440e-001
 6.9649500e-001
 7.0044225e-001
 7.0369989e-001
 7.0661288e-001
 7.0917577e-001
 7.1187586e-001
 7.1457571e-001
 7.1730822e-001
 7.2046757e-001
 7.2325021e-001
 7.2527385e-001
 7.2674972e-001
 7.2833371e-001
 7.2923017e-001
 7.2896057e-001
 7.2999018e-001
 7.3152661e-001
 7.3294502e-001
 7.3444355e-001
 7.3589313e-001
 7.3726493e-001
 7.3843098e-001
 7.3938274e-001
 7.4014997e-001
 7.4113530e-001
 7.4219131e-001
 7.4371558e-001
 7.4528503e-001
 7.4677956e-001
 7.4796879e-001
 7.4905068e-001
 7.5002164e-001
 7.5064909e-001
 7.5087607e-001
 7.5130141e-001
 7.5183219e-001
 7.5251698e-001
 7.5354594e-001
 7.5441432e-001
 7.5527889e-001
 7.5574726e-001
 7.5555450e-001
 7.5445533e-001
 7.5218403e-001
 7.4918842e-001
 7.4528629e-001
 7.4154466e-001
 7.3673910e-001
 7.3035961e-001
 7.2614241e-001
 7.2424287e-001
 7.2593075e-001
 7.2706789e-001
 7.2872138e-001
 7.3003668e-001
 7.2955340e-001
 7.3341995e-001
 7.3137069e-001
 7.2751677e-001
 7.2884715e-001
 7.3082650e-001
 7.2886688e-001
 7.2173166e-001
 7.1062756e-001
 6.9678396e-001
 6.8220311e-001
 6.7638373e-001
 6.7968130e-001
 6.8401623e-001
 6.8721741e-001
 6.8792492e-001
 6.8605626e-001
 6.8141758e-001
 6.7666906e-001
 6.7204863e-001
 6.7042947e-001
 6.7023480e-001
 6.6805094e-001
