s07_AV97 Record=1762: Kainite NMNH83904           NIC4aau RREF
-1.2300000e+034
-1.2300000e+034
-1.2300000e+034
-1.2300000e+034
-1.2300000e+034
-1.2300000e+034
-1.2300000e+034
-1.2300000e+034
-1.2300000e+034
-1.2300000e+034
-1.2300000e+034
-1.2300000e+034
-1.2300000e+034
-1.2300000e+034
-1.2300000e+034
-1.2300000e+034
-1.2300000e+034
-1.2300000e+034
-1.2300000e+034
-1.2300000e+034
-1.2300000e+034
-1.2300000e+034
-1.2300000e+034
-1.2300000e+034
-1.2300000e+034
-1.2300000e+034
-1.2300000e+034
-1.2300000e+034
-1.2300000e+034
-1.2300000e+034
-1.2300000e+034
-1.2300000e+034
-1.2300000e+034
-1.2300000e+034
-1.2300000e+034
-1.2300000e+034
-1.2300000e+034
-1.2300000e+034
-1.2300000e+034
-1.2300000e+034
-1.2300000e+034
-1.2300000e+034
-1.2300000e+034
-1.2300000e+034
-1.2300000e+034
-1.2300000e+034
-1.2300000e+034
-1.2300000e+034
-1.2300000e+034
-1.2300000e+034
-1.2300000e+034
-1.2300000e+034
-1.2300000e+034
-1.2300000e+034
-1.2300000e+034
-1.2300000e+034
-1.2300000e+034
-1.2300000e+034
-1.2300000e+034
-1.2300000e+034
-1.2300000e+034
-1.2300000e+034
-1.2300000e+034
-1.2300000e+034
-1.2300000e+034
-1.2300000e+034
-1.2300000e+034
-1.2300000e+034
-1.2300000e+034
-1.2300000e+034
-1.2300000e+034
-1.2300000e+034
-1.2300000e+034
-1.2300000e+034
-1.2300000e+034
-1.2300000e+034
-1.2300000e+034
-1.2300000e+034
-1.2300000e+034
-1.2300000e+034
-1.2300000e+034
-1.2300000e+034
-1.2300000e+034
-1.2300000e+034
-1.2300000e+034
-1.2300000e+034
-1.2300000e+034
-1.2300000e+034
-1.2300000e+034
-1.2300000e+034
-1.2300000e+034
-1.2300000e+034
-1.2300000e+034
-1.2300000e+034
-1.2300000e+034
-1.2300000e+034
-1.2300000e+034
-1.2300000e+034
-1.2300000e+034
-1.2300000e+034
-1.2300000e+034
-1.2300000e+034
-1.2300000e+034
-1.2300000e+034
-1.2300000e+034
-1.2300000e+034
-1.2300000e+034
-1.2300000e+034
-1.2300000e+034
-1.2300000e+034
-1.2300000e+034
-1.2300000e+034
-1.2300000e+034
-1.2300000e+034
-1.2300000e+034
-1.2300000e+034
-1.2300000e+034
-1.2300000e+034
-1.2300000e+034
-1.2300000e+034
 2.3199496e-001
 2.2720917e-001
 2.2485237e-001
 2.2426865e-001
 2.2463948e-001
 2.2925931e-001
 2.3608470e-001
 2.4277493e-001
 2.4984728e-001
 2.5703809e-001
 2.6342374e-001
 2.6859310e-001
 2.7233812e-001
 2.7477577e-001
 2.7677548e-001
 2.7844244e-001
 2.7988654e-001
 2.8113779e-001
 2.8195247e-001
 2.8234953e-001
 2.8232405e-001
 2.8215182e-001
 2.8191566e-001
 2.8192422e-001
 2.8226200e-001
 2.8267145e-001
 2.8269243e-001
 2.8170559e-001
 2.7912891e-001
 2.7775189e-001
 2.7973670e-001
 2.8310639e-001
 2.8634247e-001
 2.9004538e-001
 2.9368410e-001
 2.9601896e-001
 2.9710889e-001
 2.9687318e-001
 2.9454088e-001
 2.8906521e-001
 2.9118854e-001
 2.8290331e-001
 2.6991823e-001
 2.5250855e-001
 2.3272140e-001
 2.1285722e-001
 1.9380425e-001
 1.7526956e-001
 1.5676412e-001
 1.4377397e-001
 1.4665228e-001
 1.5645859e-001
 1.6150013e-001
 1.6438143e-001
 1.7498045e-001
 1.8772793e-001
 1.9608083e-001
 2.0178244e-001
 2.0686658e-001
 2.1113168e-001
 2.1416916e-001
 2.1627934e-001
 2.1837415e-001
 2.2149867e-001
 2.2594008e-001
 2.3112555e-001
 2.3609135e-001
 2.4019690e-001
 2.4332374e-001
 2.4533062e-001
 2.4643824e-001
 2.4712954e-001
 2.4797225e-001
 2.4950458e-001
 2.5192782e-001
 2.5466135e-001
 2.5737077e-001
 2.6015118e-001
 2.6251793e-001
 2.6480132e-001
 2.6663664e-001
 2.6770028e-001
 2.6750427e-001
 2.6532507e-001
 2.6123661e-001
 2.5545552e-001
 2.4810517e-001
 2.3925126e-001
 2.2854660e-001
 2.1594803e-001
 2.0281148e-001
 1.9049133e-001
 1.7880327e-001
 1.6793002e-001
 1.5922000e-001
 1.5233424e-001
 1.4630772e-001
 1.4133823e-001
 1.3697077e-001
 1.3256830e-001
 1.2808640e-001
 1.2368287e-001
 1.1907294e-001
 1.1569624e-001
