s07_AV97 Record=971: Corundum HS283.4B            ASDFRc AREF
 2.5352299e-001
 2.4032615e-001
 2.5352496e-001
 3.0255675e-001
 3.3284178e-001
 3.4735897e-001
 3.5265231e-001
 3.4008601e-001
 3.1581303e-001
 3.2736796e-001
 3.6393487e-001
 3.9527145e-001
 4.0862083e-001
 4.0400350e-001
 3.9263278e-001
 3.7931252e-001
 3.6616921e-001
 3.5446376e-001
 3.4517324e-001
 3.3911127e-001
 3.3691990e-001
 3.3871216e-001
 3.4380832e-001
 3.5048339e-001
 3.5722250e-001
 3.6285976e-001
 3.6823687e-001
 3.7239426e-001
 3.7534434e-001
 3.7744787e-001
 3.7975994e-001
 3.8189539e-001
 3.7936002e-001
 3.8152960e-001
 3.8380978e-001
 4.0101185e-001
 3.9159322e-001
 3.9528456e-001
 3.9924610e-001
 4.0397850e-001
 4.0980229e-001
 4.1645867e-001
 4.2369458e-001
 4.3127459e-001
 4.3910152e-001
 4.4706765e-001
 4.5514750e-001
 4.6328202e-001
 4.7140223e-001
 4.7947341e-001
 4.8733163e-001
 4.9494803e-001
 5.0241560e-001
 5.0958741e-001
 5.1648039e-001
 5.2318573e-001
 5.2956831e-001
 5.3561872e-001
 5.4114223e-001
 5.4636300e-001
 5.5110818e-001
 5.5546904e-001
 5.5921334e-001
 5.6249136e-001
 5.6557077e-001
 5.6833291e-001
 5.7077473e-001
 5.7291108e-001
 5.7517868e-001
 5.7599771e-001
 5.7717788e-001
 5.7762659e-001
 5.7870263e-001
 5.7968640e-001
 5.8094364e-001
 5.8247977e-001
 5.8419627e-001
 5.8685994e-001
 5.8967835e-001
 5.9247541e-001
 5.9722644e-001
 6.0245740e-001
 6.0816467e-001
 6.1411577e-001
 6.1980814e-001
 6.2605673e-001
 6.3186222e-001
 6.3840270e-001
 6.4515579e-001
 6.5109038e-001
 6.5770972e-001
 6.6429013e-001
 6.7027873e-001
 6.7707270e-001
 6.8313420e-001
 6.8956816e-001
 6.7977673e-001
 6.8636090e-001
 6.9282532e-001
 6.9862211e-001
 7.0412052e-001
 7.0899999e-001
 7.1289819e-001
 7.1585768e-001
 7.1828449e-001
 7.2010660e-001
 7.2074634e-001
 7.2100681e-001
 7.2000480e-001
 7.1600765e-001
 7.0673686e-001
 6.9515473e-001
 6.9114661e-001
 6.9908810e-001
 7.0296538e-001
 7.0159632e-001
 6.9898224e-001
 6.9470298e-001
 6.8987143e-001
 6.8343210e-001
 6.7609346e-001
 6.6708475e-001
 6.5777093e-001
 6.4662051e-001
 6.3359636e-001
 6.1835033e-001
 6.0120833e-001
 5.8246392e-001
 5.6220865e-001
 5.4156160e-001
 5.2115750e-001
 5.0246233e-001
 4.8449114e-001
 4.6766266e-001
 4.5140928e-001
 4.3539408e-001
 4.2018199e-001
 4.0559992e-001
 3.9182594e-001
 3.8007054e-001
 3.6758775e-001
 3.5563707e-001
 3.4351948e-001
 3.3141661e-001
 3.1946909e-001
 3.0764204e-001
 2.9682419e-001
 2.8647137e-001
 2.7808917e-001
 2.7163094e-001
 2.6672083e-001
 2.6341087e-001
 2.6186836e-001
 2.6154536e-001
 2.6220760e-001
 2.6477820e-001
 2.6862195e-001
 2.7305365e-001
 2.7723449e-001
 2.8032774e-001
 2.7946728e-001
 2.8141183e-001
 2.8220570e-001
 2.8247371e-001
 2.8376636e-001
 2.8532138e-001
 2.8498808e-001
 2.8229454e-001
 2.7753139e-001
 2.7150461e-001
 2.6447237e-001
 2.5737762e-001
 2.5170469e-001
 2.4782345e-001
 2.4528618e-001
 2.4341349e-001
 2.4231280e-001
 2.4219865e-001
 2.4263488e-001
 2.4317469e-001
 2.4378863e-001
 2.4420218e-001
 2.4366927e-001
 2.4354270e-001
 2.4344662e-001
 2.4357943e-001
 2.4321243e-001
 2.4280520e-001
 2.4228907e-001
 2.4155822e-001
 2.4033709e-001
 2.3957410e-001
 2.3936048e-001
 2.3972304e-001
 2.4078418e-001
 2.4086024e-001
 2.4112055e-001
 2.4112864e-001
 2.4099535e-001
 2.4034746e-001
 2.3952496e-001
 2.3789254e-001
 2.3646012e-001
 2.3454987e-001
 2.3279588e-001
 2.3092273e-001
 2.2805813e-001
 2.2509065e-001
 2.2230113e-001
 2.1974662e-001
 2.1663687e-001
 2.1249419e-001
 2.0875990e-001
 2.0455903e-001
 1.9995852e-001
 1.9629215e-001
 1.9295824e-001
 1.9098015e-001
 1.8904494e-001
 1.8706793e-001
 1.8426538e-001
 1.8108869e-001
 1.7953904e-001
-1.2300000e+034
