s07_AV97 Record=3610: Alunite_K CU98-5C MedTemp    ASDFRb AREF
 2.9822409e-001
 3.2170239e-001
 3.4708658e-001
 3.6816537e-001
 3.8515154e-001
 4.0032741e-001
 4.1498053e-001
 4.3258646e-001
 4.5062628e-001
 4.6436262e-001
 4.7483242e-001
 4.8472923e-001
 4.9587363e-001
 5.0921726e-001
 5.2455801e-001
 5.3990221e-001
 5.5483890e-001
 5.6998307e-001
 5.8555537e-001
 6.0199076e-001
 6.1806250e-001
 6.3256514e-001
 6.4491856e-001
 6.5425330e-001
 6.6181564e-001
 6.6829777e-001
 6.7391568e-001
 6.7904860e-001
 6.8375915e-001
 6.8842572e-001
 6.9309908e-001
 6.9758731e-001
 6.9236207e-001
 6.9675875e-001
 7.0091063e-001
 7.0491266e-001
 7.0854884e-001
 7.1196133e-001
 7.1526039e-001
 7.1822393e-001
 7.2094107e-001
 7.2343463e-001
 7.2560942e-001
 7.2746748e-001
 7.2916603e-001
 7.3102474e-001
 7.3272550e-001
 7.3413163e-001
 7.3518080e-001
 7.3595250e-001
 7.3659116e-001
 7.3716575e-001
 7.3753226e-001
 7.3786908e-001
 7.3797685e-001
 7.3808110e-001
 7.3816359e-001
 7.3827994e-001
 7.3861521e-001
 7.3937732e-001
 7.3968560e-001
 7.3930913e-001
 7.3877048e-001
 7.3840636e-001
 7.3814583e-001
 7.3770750e-001
 7.3766249e-001
 7.3702103e-001
 7.3882455e-001
 7.4334133e-001
 7.4776369e-001
 7.5012374e-001
 7.5124305e-001
 7.5218827e-001
 7.5300682e-001
 7.5353682e-001
 7.5331062e-001
 7.5311434e-001
 7.5334603e-001
 7.5457138e-001
 7.5461811e-001
 7.5373077e-001
 7.5091130e-001
 7.4792165e-001
 7.4717802e-001
 7.4771237e-001
 7.4754196e-001
 7.4686325e-001
 7.4583215e-001
 7.4493909e-001
 7.4246240e-001
 7.3881078e-001
 7.3550969e-001
 7.3173898e-001
 7.2399217e-001
 7.1691531e-001
 7.2912163e-001
 7.1867603e-001
 7.1988660e-001
 7.3108047e-001
 7.3724526e-001
 7.3719651e-001
 7.3308212e-001
 7.2586560e-001
 7.1611589e-001
 7.0891434e-001
 7.0519811e-001
 7.0133227e-001
 6.9061261e-001
 6.6945547e-001
 6.4589578e-001
 6.2043995e-001
 5.9336233e-001
 5.3478855e-001
 5.4054898e-001
 5.6926328e-001
 5.5688798e-001
 5.4422343e-001
 4.9975541e-001
 5.1186234e-001
 5.7748258e-001
 5.9623659e-001
 6.1341006e-001
 6.2161368e-001
 6.2439770e-001
 6.2684399e-001
 6.2750167e-001
 6.2702453e-001
 6.2574065e-001
 6.2371767e-001
 6.2196100e-001
 6.2035847e-001
 6.1876822e-001
 6.1710751e-001
 6.1492324e-001
 6.1233300e-001
 6.0933679e-001
 6.0529739e-001
 6.0051191e-001
 5.9596133e-001
 5.9068859e-001
 5.8536881e-001
 5.7891059e-001
 5.6872523e-001
 5.5294555e-001
 5.3382850e-001
 5.1545197e-001
 5.0330657e-001
 5.0563091e-001
 5.2221841e-001
 5.4455721e-001
 5.5473536e-001
 5.5820316e-001
 5.5857599e-001
 5.5687129e-001
 5.5347067e-001
 5.4825783e-001
 5.3960127e-001
 5.2286917e-001
 4.9368575e-001
 5.0653028e-001
 4.7231415e-001
 4.3625847e-001
 4.1496068e-001
 4.0878209e-001
 4.0873060e-001
 4.1113663e-001
 4.1268378e-001
 4.1437390e-001
 4.1907531e-001
 4.2391491e-001
 4.2440620e-001
 4.2030635e-001
 4.1801342e-001
 4.2071739e-001
 4.2202979e-001
 4.1989821e-001
 4.1684556e-001
 4.1357586e-001
 4.1348004e-001
 4.1460711e-001
 4.1144544e-001
 4.0210634e-001
 3.8437927e-001
 3.5699990e-001
 3.3063817e-001
 3.1472126e-001
 2.9950348e-001
 2.8692529e-001
 2.8726184e-001
 2.8880289e-001
 3.0606008e-001
 3.2888311e-001
 3.1407070e-001
 3.5552213e-001
 3.9914408e-001
 4.1175997e-001
 4.1584647e-001
 4.1638997e-001
 4.1615298e-001
 4.1418779e-001
 4.0936962e-001
 3.9778763e-001
 3.6597419e-001
 3.3292359e-001
 3.4302065e-001
 3.6877796e-001
 3.8228625e-001
 3.8147691e-001
 3.6800995e-001
 3.3773383e-001
 2.9906124e-001
 2.8017217e-001
 2.7467465e-001
 2.5778893e-001
 2.3939253e-001
 2.3707639e-001
 2.4640569e-001
 2.3892067e-001
 2.2376756e-001
 2.3194942e-001
 2.3219280e-001
 2.1378705e-001
-1.2300000e+034
