s07_AV97 Record=1159: Epidote GDS301 75-150um      ASDFRb AREF
 3.9031640e-002
 4.0590815e-002
 4.1373234e-002
 4.1435190e-002
 4.1927755e-002
 4.6426557e-002
 5.5738617e-002
 6.8696588e-002
 7.3604867e-002
 6.6111609e-002
 6.7016050e-002
 6.8885960e-002
 8.9555502e-002
 1.2264992e-001
 1.5645859e-001
 1.8321663e-001
 2.0062959e-001
 2.0963243e-001
 2.1173705e-001
 2.0861197e-001
 2.0344314e-001
 1.9781105e-001
 1.9283767e-001
 1.8993285e-001
 1.8903705e-001
 1.9129686e-001
 1.9565128e-001
 2.0338631e-001
 2.1383311e-001
 2.2655900e-001
 2.4064919e-001
 2.5503233e-001
 2.3832144e-001
 2.5231418e-001
 2.6578429e-001
 2.7811432e-001
 2.8892571e-001
 2.9798055e-001
 3.0584893e-001
 3.1284484e-001
 3.1937867e-001
 3.2562578e-001
 3.3206725e-001
 3.3855957e-001
 3.4487122e-001
 3.5082445e-001
 3.5617235e-001
 3.6086810e-001
 3.6487374e-001
 3.6803615e-001
 3.7045538e-001
 3.7227860e-001
 3.7347183e-001
 3.7387308e-001
 3.7340593e-001
 3.7213767e-001
 3.7016815e-001
 3.6745021e-001
 3.6427838e-001
 3.6051863e-001
 3.5654521e-001
 3.5249585e-001
 3.4855235e-001
 3.4477431e-001
 3.4117985e-001
 3.3807552e-001
 3.3511811e-001
 3.3275378e-001
 3.3071825e-001
 3.2775593e-001
 3.2763293e-001
 3.2849839e-001
 3.3036515e-001
 3.3282429e-001
 3.3644539e-001
 3.4140724e-001
 3.4657985e-001
 3.5330456e-001
 3.6127225e-001
 3.6941466e-001
 3.7921658e-001
 3.8844737e-001
 3.9908153e-001
 4.1019517e-001
 4.2053866e-001
 4.3237779e-001
 4.4331610e-001
 4.5570382e-001
 4.6781808e-001
 4.7824326e-001
 4.8900205e-001
 4.9840817e-001
 5.0573319e-001
 5.1269472e-001
 5.1778996e-001
 5.2248764e-001
 5.1503122e-001
 5.2022839e-001
 5.2439612e-001
 5.2751148e-001
 5.3000408e-001
 5.3169286e-001
 5.3267872e-001
 5.3449023e-001
 5.3617942e-001
 5.3793943e-001
 5.4044545e-001
 5.4285377e-001
 5.4468846e-001
 5.4635066e-001
 5.4794019e-001
 5.4946971e-001
 5.5128807e-001
 5.5275720e-001
 5.5406433e-001
 5.5537730e-001
 5.5646890e-001
 5.5753851e-001
 5.5714267e-001
 5.5510086e-001
 5.5208778e-001
 5.4691321e-001
 5.3910774e-001
 5.3083199e-001
 5.2398717e-001
 5.2050024e-001
 5.3132623e-001
 5.4488462e-001
 5.5516982e-001
 5.6443810e-001
 5.7381284e-001
 5.8114660e-001
 5.8772343e-001
 5.9243333e-001
 5.9806651e-001
 6.0374594e-001
 6.0876149e-001
 6.1328906e-001
 6.1718744e-001
 6.2052083e-001
 6.2679827e-001
 6.3289058e-001
 6.3842571e-001
 6.4378673e-001
 6.4835262e-001
 6.5330052e-001
 6.5728283e-001
 6.6123807e-001
 6.6089869e-001
 6.6312492e-001
 6.6706324e-001
 6.6914314e-001
 6.6684234e-001
 6.5214562e-001
 6.4363241e-001
 6.5846920e-001
 6.7636418e-001
 6.8461013e-001
 6.8511838e-001
 6.8498755e-001
 6.8370223e-001
 6.9079489e-001
 7.0181984e-001
 7.0798850e-001
 7.1008211e-001
 7.0851123e-001
 6.9624519e-001
 6.8274641e-001
 6.9686067e-001
 7.1491688e-001
 7.2574466e-001
 7.2867733e-001
 7.3052907e-001
 7.3240936e-001
 7.3286784e-001
 7.3494512e-001
 7.3938137e-001
 7.4283904e-001
 7.4425894e-001
 7.4633807e-001
 7.4832767e-001
 7.5000322e-001
 7.4883568e-001
 7.4759167e-001
 7.4499696e-001
 7.4215227e-001
 7.4064445e-001
 7.3817372e-001
 7.3378128e-001
 7.2564477e-001
 7.1411651e-001
 7.0219982e-001
 6.9038934e-001
 6.7674041e-001
 6.5345794e-001
 6.1230594e-001
 5.3239393e-001
 4.4535878e-001
 4.3118247e-001
 4.7415534e-001
 4.8308176e-001
 4.5103821e-001
 4.0611327e-001
 3.3696276e-001
 2.6867512e-001
 2.1327032e-001
 1.8464243e-001
 2.1920556e-001
 3.2123500e-001
 4.3721265e-001
 5.1785141e-001
 5.7212621e-001
 6.0793632e-001
 6.2920827e-001
 6.4213908e-001
 6.4852601e-001
 6.4725620e-001
 6.4041603e-001
 6.3197887e-001
 6.2119436e-001
 6.0989475e-001
 5.9431523e-001
 5.8261693e-001
-1.2300000e+034
