s07_AV97 Record=3712: Calcite.33+Epidote.67 GDS311 ASDFRa AREF
 1.2796818e-001
 1.2893419e-001
 1.3019411e-001
 1.2977520e-001
 1.3041282e-001
 1.3587508e-001
 1.4684628e-001
 1.6119297e-001
 1.6619278e-001
 1.5753606e-001
 1.5831877e-001
 1.6014239e-001
 1.8219648e-001
 2.1654972e-001
 2.5068054e-001
 2.7722865e-001
 2.9425716e-001
 3.0281684e-001
 3.0461702e-001
 3.0129600e-001
 2.9604724e-001
 2.9051378e-001
 2.8573212e-001
 2.8243607e-001
 2.8134090e-001
 2.8335696e-001
 2.8785044e-001
 2.9539928e-001
 3.0551651e-001
 3.1777430e-001
 3.3127502e-001
 3.4485456e-001
 3.2907474e-001
 3.4227744e-001
 3.5504839e-001
 3.6681497e-001
 3.7689981e-001
 3.8551787e-001
 3.9279908e-001
 3.9930207e-001
 4.0535507e-001
 4.1123521e-001
 4.1715243e-001
 4.2298245e-001
 4.2866623e-001
 4.3393964e-001
 4.3865025e-001
 4.4267458e-001
 4.4625527e-001
 4.4897991e-001
 4.5112053e-001
 4.5266783e-001
 4.5358300e-001
 4.5398927e-001
 4.5364445e-001
 4.5236447e-001
 4.5057765e-001
 4.4804782e-001
 4.4511887e-001
 4.4184405e-001
 4.3840218e-001
 4.3477902e-001
 4.3130332e-001
 4.2795742e-001
 4.2482981e-001
 4.2195621e-001
 4.1943744e-001
 4.1738343e-001
 4.1679397e-001
 4.2023933e-001
 4.2006496e-001
 4.2051464e-001
 4.2188048e-001
 4.2404515e-001
 4.2757145e-001
 4.3180245e-001
 4.3641201e-001
 4.4259658e-001
 4.4976524e-001
 4.5682880e-001
 4.6543410e-001
 4.7342858e-001
 4.8262161e-001
 4.9217373e-001
 5.0093693e-001
 5.1103234e-001
 5.2026856e-001
 5.3080046e-001
 5.4082042e-001
 5.4920954e-001
 5.5810088e-001
 5.6572598e-001
 5.7180756e-001
 5.7720560e-001
 5.8150679e-001
 5.8522153e-001
 5.7913685e-001
 5.8355361e-001
 5.8694142e-001
 5.8987522e-001
 5.9147072e-001
 5.9286177e-001
 5.9386742e-001
 5.9546381e-001
 5.9680349e-001
 5.9851348e-001
 6.0044938e-001
 6.0269850e-001
 6.0393184e-001
 6.0531312e-001
 6.0665554e-001
 6.0774231e-001
 6.0895610e-001
 6.0989124e-001
 6.1130238e-001
 6.1222821e-001
 6.1280906e-001
 6.1362612e-001
 6.1286128e-001
 6.1128563e-001
 6.0902280e-001
 6.0441589e-001
 5.9800220e-001
 5.9112042e-001
 5.8491969e-001
 5.8255625e-001
 5.9122521e-001
 6.0238481e-001
 6.1069107e-001
 6.1868721e-001
 6.2609220e-001
 6.3255894e-001
 6.3734049e-001
 6.4127791e-001
 6.4548719e-001
 6.5013671e-001
 6.5432495e-001
 6.5840447e-001
 6.6181189e-001
 6.6487110e-001
 6.6965979e-001
 6.7453140e-001
 6.7918903e-001
 6.8297797e-001
 6.8684584e-001
 6.9054049e-001
 6.9390446e-001
 6.9725698e-001
 6.9959140e-001
 7.0239824e-001
 7.0566261e-001
 7.0706958e-001
 7.0543343e-001
 6.9267827e-001
 6.8570662e-001
 6.9624305e-001
 7.0958090e-001
 7.1439934e-001
 7.1051079e-001
 7.1095866e-001
 7.0893556e-001
 7.1818304e-001
 7.3062593e-001
 7.3613769e-001
 7.3682469e-001
 7.3476374e-001
 7.2555274e-001
 7.1435720e-001
 7.2229588e-001
 7.3371261e-001
 7.4113816e-001
 7.3972064e-001
 7.3925370e-001
 7.4624842e-001
 7.4992079e-001
 7.5408417e-001
 7.5978869e-001
 7.6300037e-001
 7.6404548e-001
 7.6488781e-001
 7.6638424e-001
 7.6780105e-001
 7.6643193e-001
 7.6213074e-001
 7.5902444e-001
 7.5563526e-001
 7.5197917e-001
 7.4437439e-001
 7.3909920e-001
 7.3512626e-001
 7.2971487e-001
 7.2291863e-001
 7.1419984e-001
 7.0303726e-001
 6.8262219e-001
 6.4797658e-001
 5.8227861e-001
 5.0939047e-001
 4.9627203e-001
 5.2739036e-001
 5.2746898e-001
 4.9600390e-001
 4.5686463e-001
 3.9927208e-001
 3.3961666e-001
 2.8679007e-001
 2.5787786e-001
 2.9137743e-001
 3.8831890e-001
 4.9543849e-001
 5.6733108e-001
 6.1317146e-001
 6.4090371e-001
 6.5722454e-001
 6.6368645e-001
 6.6257870e-001
 6.5419650e-001
 6.4057368e-001
 6.2133151e-001
 5.9735852e-001
 5.6902891e-001
 5.4540586e-001
 5.2960241e-001
-1.2300000e+034
