s07_AV97 Record=3671: Calc.25+Dolo.25+Ca-Mont AMX7 ASDNGb AREF
 6.3675523e-001
 6.4338511e-001
 6.5151137e-001
 6.5847665e-001
 6.6413939e-001
 6.6924143e-001
 6.7417073e-001
 6.7953497e-001
 6.8626082e-001
 6.9273394e-001
 6.9802827e-001
 7.0269746e-001
 7.0712632e-001
 7.1164340e-001
 7.1620810e-001
 7.2076720e-001
 7.2540635e-001
 7.3022324e-001
 7.3517770e-001
 7.4001706e-001
 7.4448633e-001
 7.4814981e-001
 7.5139850e-001
 7.5411528e-001
 7.5648212e-001
 7.5850338e-001
 7.6032007e-001
 7.6204860e-001
 7.6375520e-001
 7.6545078e-001
 7.6706952e-001
 7.6857126e-001
 7.6682132e-001
 7.6829851e-001
 7.6963335e-001
 7.7084059e-001
 7.7188331e-001
 7.7281511e-001
 7.7377200e-001
 7.7477294e-001
 7.7557337e-001
 7.7650023e-001
 7.7747846e-001
 7.7824885e-001
 7.7882391e-001
 7.7929258e-001
 7.7957016e-001
 7.7981299e-001
 7.8011787e-001
 7.8024668e-001
 7.8017849e-001
 7.8016984e-001
 7.8013092e-001
 7.8009617e-001
 7.8002870e-001
 7.7995622e-001
 7.7989620e-001
 7.7981228e-001
 7.7971435e-001
 7.7960402e-001
 7.7924031e-001
 7.7855343e-001
 7.7696842e-001
 7.7516443e-001
 7.7541327e-001
 7.7731842e-001
 7.7885050e-001
 7.8001046e-001
 7.8088659e-001
 7.8163844e-001
 7.8225213e-001
 7.8279418e-001
 7.8336000e-001
 7.8389567e-001
 7.8441387e-001
 7.8489387e-001
 7.8530252e-001
 7.8569514e-001
 7.8596389e-001
 7.8615803e-001
 7.8611070e-001
 7.8523928e-001
 7.8216946e-001
 7.7778429e-001
 7.7815598e-001
 7.8064388e-001
 7.8195679e-001
 7.8238577e-001
 7.8287095e-001
 7.8363389e-001
 7.8418189e-001
 7.8459805e-001
 7.8486443e-001
 7.8465939e-001
 7.8447372e-001
 7.8482163e-001
 7.8450620e-001
 7.8468055e-001
 7.8462744e-001
 7.8359598e-001
 7.8191411e-001
 7.8038830e-001
 7.7869356e-001
 7.7625483e-001
 7.7291811e-001
 7.6939869e-001
 7.6606369e-001
 7.6176268e-001
 7.5323522e-001
 7.3628336e-001
 7.0603520e-001
 6.7446381e-001
 6.5618098e-001
 6.6150993e-001
 6.8182880e-001
 6.9679123e-001
 7.0349395e-001
 7.0569944e-001
 7.1247107e-001
 7.2227424e-001
 7.3043972e-001
 7.3688728e-001
 7.4220061e-001
 7.4668568e-001
 7.5040728e-001
 7.5358880e-001
 7.5633025e-001
 7.5856125e-001
 7.6101321e-001
 7.6322901e-001
 7.6501775e-001
 7.6646072e-001
 7.6752847e-001
 7.6848572e-001
 7.6930159e-001
 7.6985210e-001
 7.7033824e-001
 7.7098173e-001
 7.7113736e-001
 7.7085471e-001
 7.7000391e-001
 7.6851100e-001
 7.6648611e-001
 7.6407272e-001
 7.6124728e-001
 7.5816911e-001
 7.5529754e-001
 7.5313145e-001
 7.5167555e-001
 7.4961990e-001
 7.4730229e-001
 7.4535704e-001
 7.4365091e-001
 7.4140859e-001
 7.3802346e-001
 7.3251909e-001
 7.2480941e-001
 7.1256280e-001
 6.9138020e-001
 6.5871841e-001
 6.7029452e-001
 6.2826365e-001
 5.7471889e-001
 5.4446012e-001
 5.5359656e-001
 5.7450128e-001
 5.8991235e-001
 5.9916949e-001
 6.0450619e-001
 6.0864329e-001
 6.1411959e-001
 6.2149918e-001
 6.3172239e-001
 6.4653432e-001
 6.5938270e-001
 6.6942364e-001
 6.7720580e-001
 6.8333054e-001
 6.8775171e-001
 6.9060165e-001
 6.9237101e-001
 6.9293416e-001
 6.9287175e-001
 6.9221646e-001
 6.9162261e-001
 6.9052249e-001
 6.8818915e-001
 6.8558377e-001
 6.8534249e-001
 6.8465394e-001
 6.8052185e-001
 6.6960162e-001
 6.4670509e-001
 6.1633569e-001
 6.0590589e-001
 6.1394805e-001
 6.1847210e-001
 6.1773372e-001
 6.1315787e-001
 6.0547364e-001
 5.9493995e-001
 5.8071804e-001
 5.6594640e-001
 5.5343711e-001
 5.4175186e-001
 5.3358275e-001
 5.3640229e-001
 5.5102009e-001
 5.6831175e-001
 5.7865566e-001
 5.7843137e-001
 5.7175702e-001
 5.6181979e-001
 5.5199409e-001
 5.4076898e-001
 5.2337712e-001
 5.0486386e-001
 4.8430529e-001
 4.6705997e-001
 4.5300710e-001
 4.3912935e-001
 4.2368454e-001
 4.1146910e-001
-1.2300000e+034
