s07_AV97 Record=3294: Topaz Jos_#22                 BECKb AREF
 8.8793790e-001
 8.9240009e-001
 8.9473331e-001
 8.9613563e-001
 8.9823139e-001
 9.0287483e-001
 9.0914357e-001
 9.1495341e-001
 9.2102808e-001
 9.2571235e-001
 9.2974007e-001
 9.3307209e-001
 9.3523753e-001
 9.3652403e-001
 9.3694931e-001
 9.3590623e-001
 9.3537807e-001
 9.3433601e-001
 9.3414354e-001
 9.3401873e-001
 9.3554997e-001
 9.3730563e-001
 9.4049901e-001
 9.4640219e-001
 9.5030779e-001
 9.5428139e-001
 9.5527446e-001
 9.5627439e-001
 9.5696670e-001
 9.5812345e-001
 9.5872778e-001
 9.6032631e-001
 9.5847410e-001
 9.5993608e-001
 9.6117765e-001
 9.6224964e-001
 9.6038824e-001
 9.6014404e-001
 9.5999688e-001
 9.6280164e-001
 9.6150559e-001
 9.6178919e-001
 9.6046621e-001
 9.6194512e-001
 9.6068203e-001
 9.5925045e-001
 9.5886850e-001
 9.5743370e-001
 9.5624554e-001
 9.5323431e-001
 9.5281661e-001
 9.5230401e-001
 9.4781989e-001
 9.4375485e-001
 9.4095081e-001
 9.4072402e-001
 9.3956894e-001
 9.4567907e-001
 9.4510388e-001
 9.4391453e-001
 9.4760323e-001
 9.5081204e-001
 9.4255382e-001
 9.4491696e-001
 9.4869661e-001
 9.4996274e-001
 9.5164120e-001
 9.5004976e-001
 9.5197344e-001
 9.5249283e-001
 9.5595992e-001
 9.5581686e-001
 9.5710957e-001
 9.5861143e-001
 9.5712179e-001
 9.5579588e-001
 9.6026242e-001
 9.5948946e-001
 9.5897907e-001
 9.6108395e-001
 9.5994717e-001
 9.6248907e-001
 9.6050370e-001
 9.6044481e-001
 9.6303266e-001
 9.6043026e-001
 9.5892304e-001
 9.5864034e-001
 9.6286917e-001
 9.5888692e-001
 9.6277100e-001
 9.5912951e-001
 9.6196419e-001
 9.6221566e-001
 9.6579289e-001
 9.6556294e-001
 9.6457994e-001
 9.6552795e-001
 9.6624428e-001
 9.6556163e-001
 9.6382087e-001
 9.6204305e-001
 9.6229762e-001
 9.6133560e-001
 9.6042001e-001
 9.5032972e-001
 9.5109135e-001
 9.5186561e-001
 9.5002514e-001
 9.5387274e-001
 9.3634832e-001
 8.4629673e-001
 9.1356498e-001
 9.5266283e-001
 9.5740062e-001
 9.6055204e-001
 9.6206224e-001
 9.6490872e-001
 9.6315062e-001
 9.6398079e-001
 9.6495175e-001
 9.6677017e-001
 9.6703279e-001
 9.6346015e-001
 9.6491301e-001
 9.6731210e-001
 9.6721882e-001
 9.6611285e-001
 9.6498096e-001
 9.6588010e-001
 9.6538454e-001
 9.6354282e-001
 9.6555865e-001
 9.6702182e-001
 9.6610409e-001
 9.6273959e-001
 9.6269226e-001
 9.6864390e-001
 9.6273184e-001
 9.4533068e-001
 9.5233923e-001
 9.5214641e-001
 9.5951551e-001
 9.5915109e-001
 9.5363367e-001
 9.5628601e-001
 9.6013564e-001
 9.5659256e-001
 9.6196264e-001
 9.6176630e-001
 9.6138972e-001
 9.6289641e-001
 9.6387166e-001
 9.6243399e-001
 9.5991403e-001
 9.5719278e-001
 9.5433635e-001
 9.5669806e-001
 9.5722216e-001
 9.5403856e-001
 9.5496076e-001
 9.5365787e-001
 9.5204598e-001
 9.4698435e-001
 9.4440103e-001
 9.4415569e-001
 9.4404006e-001
 9.4418955e-001
 9.4421577e-001
 9.4336683e-001
 9.4658101e-001
 9.4804412e-001
 9.4646472e-001
 9.4282317e-001
 9.4385064e-001
 9.4427830e-001
 9.3901664e-001
 9.3289912e-001
 9.1628420e-001
 8.4687614e-001
 6.4390099e-001
 6.0567343e-001
 8.2621264e-001
 8.8098276e-001
 9.0608341e-001
 8.9854181e-001
 8.6693275e-001
 8.4248394e-001
 8.4674811e-001
 8.6753798e-001
 8.7499875e-001
 8.8870561e-001
 8.8432688e-001
 8.6741716e-001
 8.8759512e-001
 9.1417706e-001
 9.1637361e-001
 9.1618186e-001
 8.7680715e-001
 8.6291522e-001
 9.0404516e-001
 9.0812087e-001
 9.0946740e-001
 8.8825923e-001
 8.5483432e-001
 8.4042817e-001
 8.3858925e-001
 8.4729207e-001
 8.4492445e-001
 8.2791126e-001
 8.2033658e-001
 8.2488436e-001
 8.2123941e-001
 8.1003195e-001
 7.9895431e-001
 7.9449952e-001
 7.9072821e-001
 7.7946615e-001
 7.6348412e-001
 7.4395156e-001
 7.2582370e-001
 7.0705640e-001
 6.8451405e-001
 6.5668422e-001
