s07_AV97 Record=3854: Erionite+Merlinoite GDS144    BECKc AREF
 6.1087456e-002
 6.5357387e-002
 7.2138242e-002
 8.0053881e-002
 8.8172168e-002
 9.7435817e-002
 1.1051662e-001
 1.2911120e-001
 1.4695847e-001
 1.5648256e-001
 1.6107602e-001
 1.6644576e-001
 1.7650034e-001
 1.9469857e-001
 2.1986660e-001
 2.5199628e-001
 2.9254839e-001
 3.4202752e-001
 3.9647204e-001
 4.5012802e-001
 4.9759355e-001
 5.3542477e-001
 5.6232536e-001
 5.7958716e-001
 5.8976817e-001
 5.9601820e-001
 6.0070843e-001
 6.0516948e-001
 6.0979998e-001
 6.1582458e-001
 6.2261701e-001
 6.3103515e-001
 6.2145168e-001
 6.2923265e-001
 6.3858432e-001
 6.4939100e-001
 6.6050172e-001
 6.7346537e-001
 6.8468422e-001
 6.9530290e-001
 7.0418721e-001
 7.1007812e-001
 7.1337932e-001
 7.1306878e-001
 7.1056020e-001
 7.0617396e-001
 7.0089889e-001
 6.9393760e-001
 6.8621433e-001
 6.7900395e-001
 6.7266184e-001
 6.6323221e-001
 6.5564066e-001
 6.5031958e-001
 6.4300662e-001
 6.4025527e-001
 6.3868570e-001
 6.3737404e-001
 6.3531697e-001
 6.3524044e-001
 6.3623106e-001
 6.3530487e-001
 6.3615924e-001
 6.3756603e-001
 6.3980323e-001
 6.4419097e-001
 6.4816529e-001
 6.5498537e-001
 6.5965474e-001
 6.6643459e-001
 6.7280614e-001
 6.7931032e-001
 6.8703586e-001
 6.9414759e-001
 7.0208097e-001
 7.1026969e-001
 7.1816856e-001
 7.2861302e-001
 7.3586822e-001
 7.4487388e-001
 7.5377655e-001
 7.6054960e-001
 7.6194084e-001
 7.5817102e-001
 7.6316285e-001
 7.7475166e-001
 7.8425270e-001
 7.9457355e-001
 8.0053484e-001
 8.0809706e-001
 8.1382483e-001
 8.1866139e-001
 8.2245392e-001
 8.2704520e-001
 8.3082557e-001
 8.3355790e-001
 8.2867301e-001
 8.3243418e-001
 8.3362567e-001
 8.3470386e-001
 8.3294708e-001
 8.3046412e-001
 8.2529688e-001
 8.1567663e-001
 8.0163324e-001
 7.8957760e-001
 7.7954566e-001
 7.6826388e-001
 7.4954259e-001
 7.1827263e-001
 6.6834080e-001
 6.0450387e-001
 5.5590266e-001
 5.4854554e-001
 5.6843889e-001
 5.9436917e-001
 6.1138088e-001
 6.1672461e-001
 6.3293636e-001
 6.5968388e-001
 6.8145537e-001
 6.9878358e-001
 7.1179229e-001
 7.2444558e-001
 7.3310006e-001
 7.4024230e-001
 7.4724317e-001
 7.5523365e-001
 7.5902402e-001
 7.6392692e-001
 7.6829046e-001
 7.7116412e-001
 7.7422333e-001
 7.7636904e-001
 7.7846277e-001
 7.8014785e-001
 7.8064370e-001
 7.8208178e-001
 7.8082693e-001
 7.7776068e-001
 7.7764273e-001
 7.7491421e-001
 7.6973122e-001
 7.6234466e-001
 7.5268304e-001
 7.4280113e-001
 7.3292065e-001
 7.2245598e-001
 7.1196008e-001
 7.0497406e-001
 7.0220482e-001
 6.9543773e-001
 6.9231868e-001
 6.9109035e-001
 6.8952370e-001
 6.8520182e-001
 6.7499185e-001
 6.5220952e-001
 6.0816365e-001
 5.3040081e-001
 5.5945098e-001
 4.5240754e-001
 3.3573204e-001
 2.7175182e-001
 2.6922449e-001
 3.0110830e-001
 3.3448496e-001
 3.5969594e-001
 3.8100338e-001
 4.0285379e-001
 4.2921254e-001
 4.5587915e-001
 4.8368493e-001
 5.0889510e-001
 5.2890253e-001
 5.4606128e-001
 5.5751300e-001
 5.6661189e-001
 5.7476228e-001
 5.8074045e-001
 5.8526081e-001
 5.8711469e-001
 5.9088588e-001
 5.9677595e-001
 5.9990031e-001
 6.0185659e-001
 6.0335469e-001
 6.0246772e-001
 6.0005647e-001
 5.9699595e-001
 5.9393889e-001
 5.8705652e-001
 5.8065337e-001
 5.7559448e-001
 5.7909918e-001
 5.7898277e-001
 5.7743973e-001
 5.7530797e-001
 5.7386214e-001
 5.7138938e-001
 5.6765908e-001
 5.6207627e-001
 5.5334753e-001
 5.4663789e-001
 5.3941536e-001
 5.3159612e-001
 5.2385533e-001
 5.1356852e-001
 4.9876702e-001
 4.8352495e-001
 4.6730468e-001
 4.5073709e-001
 4.3441594e-001
 4.1541553e-001
 3.9553800e-001
 3.7823638e-001
 3.6304542e-001
 3.4857497e-001
 3.3590615e-001
 3.2243165e-001
 3.0989060e-001
 2.9883853e-001
 2.8987932e-001
 2.8331253e-001
