s07_AV97 Record=3889: Gyp.3+jr.1+msc.4+dic.2 AMX22  BECKa AREF
 5.4344225e-001
 5.6462198e-001
 5.8507431e-001
 6.0688710e-001
 6.2687904e-001
 6.4032751e-001
 6.4967734e-001
 6.5758610e-001
 6.7040586e-001
 6.8355882e-001
 6.9191229e-001
 6.9972181e-001
 7.0950258e-001
 7.1475971e-001
 7.1587479e-001
 7.2111875e-001
 7.2661924e-001
 7.3264599e-001
 7.3856950e-001
 7.4440050e-001
 7.5006813e-001
 7.5573814e-001
 7.6161921e-001
 7.6825315e-001
 7.7557266e-001
 7.8233814e-001
 7.8919750e-001
 7.9499429e-001
 8.0069941e-001
 8.0637294e-001
 8.1247133e-001
 8.1805229e-001
 8.1149173e-001
 8.1706637e-001
 8.2222861e-001
 8.2702404e-001
 8.3152717e-001
 8.3405071e-001
 8.3612859e-001
 8.3631700e-001
 8.3563334e-001
 8.3442241e-001
 8.3341163e-001
 8.3019805e-001
 8.2834023e-001
 8.2502842e-001
 8.2330525e-001
 8.2091469e-001
 8.1755221e-001
 8.1481069e-001
 8.0185407e-001
 7.7464306e-001
 8.1368232e-001
 8.0149096e-001
 8.0477482e-001
 8.0319929e-001
 8.0093491e-001
 8.0037552e-001
 7.9715484e-001
 7.9612321e-001
 7.9789847e-001
 7.9212666e-001
 7.8959900e-001
 7.8508317e-001
 7.8232604e-001
 7.8803623e-001
 7.8896749e-001
 7.9101151e-001
 7.9474956e-001
 8.0009788e-001
 8.0523521e-001
 8.0795348e-001
 8.1121385e-001
 8.1320536e-001
 8.1377810e-001
 8.1525892e-001
 8.1579655e-001
 8.1588167e-001
 8.1512040e-001
 8.1440550e-001
 8.1426817e-001
 8.1335306e-001
 8.1149912e-001
 8.0561072e-001
 7.9416293e-001
 7.8621531e-001
 7.8343838e-001
 7.8428936e-001
 7.8306478e-001
 7.8636783e-001
 7.8954750e-001
 7.8973055e-001
 7.9193765e-001
 7.9639769e-001
 8.0179679e-001
 8.0589342e-001
 7.9945517e-001
 8.0423105e-001
 8.0633599e-001
 8.0422610e-001
 7.9932308e-001
 7.9209137e-001
 7.8840458e-001
 7.8414887e-001
 7.8002155e-001
 7.7211863e-001
 7.5751460e-001
 7.4215168e-001
 7.1739703e-001
 6.9382107e-001
 6.8609983e-001
 6.2939709e-001
 5.6891912e-001
 6.2639791e-001
 6.8018615e-001
 6.8405026e-001
 6.9857371e-001
 7.0994395e-001
 7.1501428e-001
 7.1922272e-001
 7.2210294e-001
 7.3352748e-001
 7.3985791e-001
 7.4059731e-001
 7.3707479e-001
 7.4332052e-001
 7.5729978e-001
 7.6948309e-001
 7.7885050e-001
 7.8627932e-001
 7.9469699e-001
 8.0154288e-001
 8.0812144e-001
 8.1386739e-001
 8.1844968e-001
 8.2379472e-001
 8.2717019e-001
 8.2852864e-001
 8.2746869e-001
 8.2591838e-001
 8.1865734e-001
 8.0926877e-001
 7.9378271e-001
 7.7586114e-001
 7.5833637e-001
 7.4515456e-001
 7.4119431e-001
 7.4376041e-001
 7.4348652e-001
 7.4556535e-001
 7.4956203e-001
 7.5096214e-001
 7.5347769e-001
 7.5257331e-001
 7.4993771e-001
 7.4306190e-001
 7.3698747e-001
 7.2873384e-001
 7.1195143e-001
 6.9040090e-001
 6.9761103e-001
 6.7391014e-001
 6.4653587e-001
 6.1934018e-001
 5.9671926e-001
 5.8147556e-001
 5.7427514e-001
 5.7284033e-001
 5.7874900e-001
 5.8356678e-001
 5.8537579e-001
 5.9286994e-001
 6.0841084e-001
 6.2626433e-001
 6.4037782e-001
 6.4635009e-001
 6.4760834e-001
 6.4569086e-001
 6.4073038e-001
 6.3335311e-001
 6.2679362e-001
 6.1763954e-001
 6.0363233e-001
 5.8971131e-001
 5.7849550e-001
 5.7326013e-001
 5.6027699e-001
 5.4390121e-001
 5.1858240e-001
 4.8043951e-001
 4.4012153e-001
 4.0909603e-001
 3.8720623e-001
 3.8086286e-001
 4.2684761e-001
 4.8162133e-001
 5.0511146e-001
 5.0904059e-001
 4.9871117e-001
 4.9499688e-001
 5.0243378e-001
 5.0509149e-001
 4.9280560e-001
 4.8203510e-001
 4.7809240e-001
 4.6420699e-001
 4.4902095e-001
 4.3413493e-001
 4.2966777e-001
 4.2731610e-001
 4.1325068e-001
 4.0060544e-001
 3.9325786e-001
 3.8360259e-001
 3.7180656e-001
 3.6182928e-001
 3.5433030e-001
 3.4907061e-001
 3.4605196e-001
 3.4438124e-001
 3.4424853e-001
 3.4541276e-001
 3.4763288e-001
 3.5053998e-001
