s07_AV97 Record=3462: Vesuvianite HS446.3B Idocr  NIC4aaa RREF
-1.2300000e+034
-1.2300000e+034
-1.2300000e+034
-1.2300000e+034
-1.2300000e+034
-1.2300000e+034
-1.2300000e+034
-1.2300000e+034
-1.2300000e+034
-1.2300000e+034
-1.2300000e+034
-1.2300000e+034
-1.2300000e+034
-1.2300000e+034
-1.2300000e+034
-1.2300000e+034
-1.2300000e+034
-1.2300000e+034
-1.2300000e+034
-1.2300000e+034
-1.2300000e+034
-1.2300000e+034
-1.2300000e+034
-1.2300000e+034
-1.2300000e+034
-1.2300000e+034
-1.2300000e+034
-1.2300000e+034
-1.2300000e+034
-1.2300000e+034
-1.2300000e+034
-1.2300000e+034
-1.2300000e+034
-1.2300000e+034
-1.2300000e+034
-1.2300000e+034
-1.2300000e+034
-1.2300000e+034
-1.2300000e+034
-1.2300000e+034
-1.2300000e+034
-1.2300000e+034
-1.2300000e+034
-1.2300000e+034
-1.2300000e+034
-1.2300000e+034
-1.2300000e+034
-1.2300000e+034
-1.2300000e+034
-1.2300000e+034
-1.2300000e+034
-1.2300000e+034
-1.2300000e+034
-1.2300000e+034
-1.2300000e+034
-1.2300000e+034
-1.2300000e+034
-1.2300000e+034
-1.2300000e+034
-1.2300000e+034
-1.2300000e+034
-1.2300000e+034
-1.2300000e+034
-1.2300000e+034
-1.2300000e+034
-1.2300000e+034
-1.2300000e+034
-1.2300000e+034
-1.2300000e+034
-1.2300000e+034
-1.2300000e+034
-1.2300000e+034
-1.2300000e+034
-1.2300000e+034
-1.2300000e+034
-1.2300000e+034
-1.2300000e+034
-1.2300000e+034
-1.2300000e+034
-1.2300000e+034
-1.2300000e+034
-1.2300000e+034
-1.2300000e+034
-1.2300000e+034
-1.2300000e+034
-1.2300000e+034
-1.2300000e+034
-1.2300000e+034
-1.2300000e+034
-1.2300000e+034
-1.2300000e+034
-1.2300000e+034
-1.2300000e+034
-1.2300000e+034
-1.2300000e+034
-1.2300000e+034
-1.2300000e+034
-1.2300000e+034
-1.2300000e+034
-1.2300000e+034
-1.2300000e+034
-1.2300000e+034
-1.2300000e+034
-1.2300000e+034
-1.2300000e+034
-1.2300000e+034
-1.2300000e+034
-1.2300000e+034
-1.2300000e+034
-1.2300000e+034
-1.2300000e+034
-1.2300000e+034
-1.2300000e+034
-1.2300000e+034
-1.2300000e+034
-1.2300000e+034
-1.2300000e+034
-1.2300000e+034
-1.2300000e+034
-1.2300000e+034
-1.2300000e+034
-1.2300000e+034
-1.2300000e+034
-1.2300000e+034
 3.9365500e-001
 4.0616781e-001
 4.1934142e-001
 4.3200928e-001
 4.4386372e-001
 4.5402762e-001
 4.6325812e-001
 4.7187155e-001
 4.7908372e-001
 4.8517880e-001
 4.9047875e-001
 4.9515209e-001
 4.9937218e-001
 5.0328952e-001
 5.0702155e-001
 5.1040679e-001
 5.1310533e-001
 5.1524663e-001
 5.1738989e-001
 5.1951408e-001
 5.2158684e-001
 5.2349842e-001
 5.2539104e-001
 5.2688342e-001
 5.2818763e-001
 5.2897513e-001
 5.2952915e-001
 5.3022677e-001
 5.3038156e-001
 5.3023982e-001
 5.2950931e-001
 5.2920949e-001
 5.2980340e-001
 5.2957970e-001
 5.2823395e-001
 5.2574569e-001
 5.2667791e-001
 5.2315605e-001
 5.1818800e-001
 5.1417869e-001
 5.1298714e-001
 5.1299232e-001
 5.1310360e-001
 5.1331860e-001
 5.1184851e-001
 5.0885057e-001
 5.0780547e-001
 5.0585037e-001
 5.0792539e-001
 5.1119906e-001
 5.0962269e-001
 5.0863022e-001
 5.0835383e-001
 5.0941241e-001
 5.1075417e-001
 5.1142383e-001
 5.1112783e-001
 5.0980520e-001
 5.0738168e-001
 5.0372201e-001
 4.9948394e-001
 4.9454951e-001
 4.8867938e-001
 4.8407647e-001
 4.8090732e-001
 4.7593191e-001
 4.6837446e-001
 4.5562971e-001
 4.2807361e-001
 3.8859102e-001
 3.7462232e-001
 3.8686585e-001
 3.9758131e-001
 4.0522173e-001
 4.0747643e-001
 4.0744296e-001
 4.0744421e-001
 4.0490007e-001
 3.9780149e-001
 3.9249417e-001
 3.8806027e-001
 3.7372541e-001
 3.4601089e-001
 3.1922096e-001
 3.0490404e-001
 3.1412682e-001
 3.2736388e-001
 3.3444160e-001
 3.4102377e-001
 3.4588104e-001
 3.4582469e-001
 3.4142601e-001
 3.3817619e-001
 3.3951148e-001
 3.4197924e-001
 3.4383771e-001
 3.4388438e-001
 3.4276256e-001
 3.4090352e-001
 3.4115130e-001
