s07_AV97 Record=1102: Dolomite ML97-3 Ferroan      ASDFRb AREF
 3.8133615e-001
 3.9717931e-001
 4.1146591e-001
 4.2602581e-001
 4.4377321e-001
 4.5945385e-001
 4.7402874e-001
 4.8701167e-001
 4.9882355e-001
 5.1288265e-001
 5.2535927e-001
 5.3337097e-001
 5.4045534e-001
 5.4618293e-001
 5.4605502e-001
 5.4571658e-001
 5.4772806e-001
 5.5028886e-001
 5.5036592e-001
 5.4840702e-001
 5.4543191e-001
 5.4248124e-001
 5.4166728e-001
 5.4375088e-001
 5.4833943e-001
 5.5447739e-001
 5.6209421e-001
 5.6969666e-001
 5.7638222e-001
 5.8284128e-001
 5.8737677e-001
 5.8996648e-001
 5.8683038e-001
 5.8955598e-001
 5.9163642e-001
 5.9235883e-001
 5.9027833e-001
 5.8542991e-001
 5.7780397e-001
 5.6750512e-001
 5.5535960e-001
 5.4141223e-001
 5.2664274e-001
 5.1026267e-001
 4.9312004e-001
 4.7466913e-001
 4.5540527e-001
 4.3676969e-001
 4.1740754e-001
 3.9812785e-001
 3.7917665e-001
 3.6087385e-001
 3.4343755e-001
 3.2686195e-001
 3.1129983e-001
 2.9677486e-001
 2.8329939e-001
 2.7085826e-001
 2.5930613e-001
 2.4875848e-001
 2.3911014e-001
 2.3034640e-001
 2.2247168e-001
 2.1552235e-001
 2.0965232e-001
 2.0462461e-001
 2.0050773e-001
 1.9733173e-001
 1.9471724e-001
 1.9239224e-001
 1.9081497e-001
 1.9001098e-001
 1.8970524e-001
 1.8981875e-001
 1.9039427e-001
 1.9124191e-001
 1.9213143e-001
 1.9324298e-001
 1.9433309e-001
 1.9526002e-001
 1.9611070e-001
 1.9664775e-001
 1.9707382e-001
 1.9719221e-001
 1.9707675e-001
 1.9679300e-001
 1.9638929e-001
 1.9588733e-001
 1.9516534e-001
 1.9459105e-001
 1.9397008e-001
 1.9345403e-001
 1.9308218e-001
 1.9290556e-001
 1.9289628e-001
 1.9306555e-001
 1.9286907e-001
 1.9292213e-001
 1.9332667e-001
 1.9407710e-001
 1.9514784e-001
 1.9657485e-001
 1.9837146e-001
 2.0051950e-001
 2.0301789e-001
 2.0600832e-001
 2.0969234e-001
 2.1373171e-001
 2.1782468e-001
 2.2211982e-001
 2.2609280e-001
 2.3049006e-001
 2.3518328e-001
 2.4062136e-001
 2.4665666e-001
 2.5317147e-001
 2.5953704e-001
 2.6718909e-001
 2.7567640e-001
 2.8477368e-001
 2.9443687e-001
 3.0433863e-001
 3.1465954e-001
 3.2513806e-001
 3.3574197e-001
 3.4629282e-001
 3.5681418e-001
 3.6806357e-001
 3.7935996e-001
 3.9029270e-001
 4.0088201e-001
 4.1106242e-001
 4.2084330e-001
 4.3018997e-001
 4.3891692e-001
 4.4789571e-001
 4.5668003e-001
 4.6444243e-001
 4.7061208e-001
 4.7517946e-001
 4.7906873e-001
 4.8213917e-001
 4.8520377e-001
 4.8820227e-001
 4.9060327e-001
 4.9363145e-001
 5.0039262e-001
 5.0682247e-001
 5.0857317e-001
 5.0750351e-001
 5.0361443e-001
 4.9743345e-001
 4.8945919e-001
 4.8047993e-001
 4.7268447e-001
 4.5875695e-001
 4.3811843e-001
 4.2545602e-001
 4.3644443e-001
 4.2664921e-001
 4.3536401e-001
 4.0468436e-001
 3.6561224e-001
 3.4145623e-001
 3.2910758e-001
 3.2245240e-001
 3.2025012e-001
 3.2268438e-001
 3.2596365e-001
 3.2720047e-001
 3.2910523e-001
 3.4153655e-001
 3.6358264e-001
 3.8260809e-001
 3.9703792e-001
 4.0787742e-001
 4.1623658e-001
 4.2307872e-001
 4.2815667e-001
 4.3050626e-001
 4.3036032e-001
 4.2863947e-001
 4.2630216e-001
 4.2056623e-001
 4.0938583e-001
 3.9520845e-001
 3.8719776e-001
 3.9113110e-001
 4.0186456e-001
 4.0760830e-001
 4.0523624e-001
 3.9368480e-001
 3.7535515e-001
 3.5413581e-001
 3.3367109e-001
 3.1472638e-001
 2.9095551e-001
 2.6447785e-001
 2.3480535e-001
 2.1428339e-001
 2.0487644e-001
 1.9594088e-001
 1.8440318e-001
 1.7313665e-001
 1.6615507e-001
 1.7035939e-001
 1.9553630e-001
 2.4231724e-001
 2.9704627e-001
 3.2030213e-001
 3.1275216e-001
 2.9743567e-001
 2.8163105e-001
 2.6672125e-001
 2.4818261e-001
 2.2257131e-001
 1.9654101e-001
 1.7305791e-001
 1.5651357e-001
 1.4895155e-001
 1.4457138e-001
 1.3481949e-001
 1.2451701e-001
-1.2300000e+034
