s07_AV97 Record=2616: Pigeonite HS199.2B           ASDFRc AREF
 1.8615527e-001
 1.9617473e-001
 2.0757198e-001
 2.1688615e-001
 2.2488903e-001
 2.3183222e-001
 2.3875521e-001
 2.4529827e-001
 2.5091484e-001
 2.5633809e-001
 2.6124194e-001
 2.6553541e-001
 2.6957101e-001
 2.7360645e-001
 2.7707562e-001
 2.8209329e-001
 2.8642955e-001
 2.8952569e-001
 2.9167256e-001
 2.9412538e-001
 2.9643664e-001
 2.9806742e-001
 2.9929754e-001
 3.0050114e-001
 3.0135450e-001
 3.0197665e-001
 3.0306607e-001
 3.0395040e-001
 3.0478019e-001
 3.0562913e-001
 3.0649671e-001
 3.0739403e-001
 3.0634865e-001
 3.0722687e-001
 3.0809972e-001
 3.0908489e-001
 3.1004050e-001
 3.1100276e-001
 3.1203392e-001
 3.1305531e-001
 3.1398565e-001
 3.1485116e-001
 3.1556174e-001
 3.1604308e-001
 3.1614271e-001
 3.1589824e-001
 3.1494364e-001
 3.1333017e-001
 3.1100488e-001
 3.0812398e-001
 3.0472156e-001
 3.0104011e-001
 2.9713118e-001
 2.9313442e-001
 2.8928217e-001
 2.8557253e-001
 2.8224874e-001
 2.7936050e-001
 2.7702245e-001
 2.7518734e-001
 2.7393714e-001
 2.7328944e-001
 2.7308723e-001
 2.7340886e-001
 2.7425918e-001
 2.7565354e-001
 2.7718455e-001
 2.7906150e-001
 2.8108248e-001
 2.8331235e-001
 2.8660494e-001
 2.8912249e-001
 2.9226068e-001
 2.9576656e-001
 2.9951531e-001
 3.0395344e-001
 3.0826703e-001
 3.1279120e-001
 3.1718969e-001
 3.2066706e-001
 3.2449761e-001
 3.2697159e-001
 3.2986674e-001
 3.3216965e-001
 3.3403629e-001
 3.3599517e-001
 3.3758646e-001
 3.3901224e-001
 3.4040949e-001
 3.4168315e-001
 3.4299949e-001
 3.4469870e-001
 3.4607318e-001
 3.4756505e-001
 3.4906000e-001
 3.5027179e-001
 3.4809551e-001
 3.4979707e-001
 3.5100180e-001
 3.5240459e-001
 3.5372445e-001
 3.5496691e-001
 3.5645995e-001
 3.5764357e-001
 3.5898632e-001
 3.6011940e-001
 3.6138892e-001
 3.6285621e-001
 3.6399797e-001
 3.6451247e-001
 3.6441979e-001
 3.6427078e-001
 3.6576489e-001
 3.6720270e-001
 3.6832482e-001
 3.6928701e-001
 3.6991823e-001
 3.7057236e-001
 3.7105832e-001
 3.7159789e-001
 3.7222990e-001
 3.7254110e-001
 3.7301806e-001
 3.7318563e-001
 3.7359399e-001
 3.7354821e-001
 3.7373048e-001
 3.7389120e-001
 3.7379238e-001
 3.7341428e-001
 3.7325096e-001
 3.7268791e-001
 3.7209475e-001
 3.7174585e-001
 3.7133509e-001
 3.7068424e-001
 3.6992005e-001
 3.6909398e-001
 3.6850151e-001
 3.6777788e-001
 3.6713341e-001
 3.6653113e-001
 3.6574244e-001
 3.6469665e-001
 3.6368373e-001
 3.6258227e-001
 3.6163095e-001
 3.6061910e-001
 3.5979185e-001
 3.5895178e-001
 3.5797554e-001
 3.5712165e-001
 3.5629997e-001
 3.5574025e-001
 3.5510731e-001
 3.5438472e-001
 3.5333428e-001
 3.5261714e-001
 3.5178408e-001
 3.5064074e-001
 3.5127243e-001
 3.5008684e-001
 3.4882927e-001
 3.4685588e-001
 3.4565881e-001
 3.4536710e-001
 3.4513238e-001
 3.4525141e-001
 3.4489930e-001
 3.4435558e-001
 3.4401709e-001
 3.4397173e-001
 3.4450868e-001
 3.4478429e-001
 3.4503645e-001
 3.4594184e-001
 3.4625039e-001
 3.4672314e-001
 3.4767252e-001
 3.4814441e-001
 3.4911624e-001
 3.4999287e-001
 3.5055646e-001
 3.5083753e-001
 3.5148874e-001
 3.5225165e-001
 3.5218340e-001
 3.5241482e-001
 3.5314751e-001
 3.5383290e-001
 3.5394377e-001
 3.5401845e-001
 3.5502568e-001
 3.5601535e-001
 3.5678199e-001
 3.5714492e-001
 3.5816032e-001
 3.5882780e-001
 3.5920393e-001
 3.6008707e-001
 3.6142135e-001
 3.6205012e-001
 3.6147365e-001
 3.6122733e-001
 3.6204958e-001
 3.6248800e-001
 3.6274832e-001
 3.6303911e-001
 3.6456230e-001
 3.6643267e-001
 3.6726007e-001
 3.6808702e-001
 3.6897734e-001
 3.6955544e-001
 3.7130404e-001
 3.7177330e-001
 3.7239441e-001
 3.7366453e-001
 3.7409726e-001
 3.7342092e-001
 3.7428269e-001
 3.7762427e-001
 3.7588605e-001
-1.2300000e+034
