s07_AV97 Record=3879: Goethite_Phyllite CU91-236A  ASDFRb AREF
 1.5853101e-001
 1.6012301e-001
 1.6242620e-001
 1.6482429e-001
 1.6677728e-001
 1.6909027e-001
 1.7271359e-001
 1.7806362e-001
 1.8356638e-001
 1.8574432e-001
 1.8619630e-001
 1.8699908e-001
 1.8958801e-001
 1.9510536e-001
 2.0399916e-001
 2.1686301e-001
 2.3568577e-001
 2.6205707e-001
 2.9540274e-001
 3.3231708e-001
 3.6623380e-001
 3.9119411e-001
 4.0503734e-001
 4.0971953e-001
 4.0927440e-001
 4.0662682e-001
 4.0361634e-001
 4.0119728e-001
 4.0023866e-001
 4.0092021e-001
 4.0348008e-001
 4.0807092e-001
 4.0289328e-001
 4.0699634e-001
 4.1312340e-001
 4.2108750e-001
 4.3082622e-001
 4.4192967e-001
 4.5341358e-001
 4.6422035e-001
 4.7294232e-001
 4.7842166e-001
 4.8029020e-001
 4.7821492e-001
 4.7294900e-001
 4.6527123e-001
 4.5619512e-001
 4.4668350e-001
 4.3714964e-001
 4.2793080e-001
 4.1952062e-001
 4.1210890e-001
 4.0566465e-001
 4.0028360e-001
 3.9594454e-001
 3.9269313e-001
 3.9050204e-001
 3.8903844e-001
 3.8828728e-001
 3.8833949e-001
 3.8890898e-001
 3.9014438e-001
 3.9185548e-001
 3.9409819e-001
 3.9685965e-001
 4.0013841e-001
 4.0402856e-001
 4.0847331e-001
 4.1367626e-001
 4.1983610e-001
 4.2649397e-001
 4.3335384e-001
 4.4177493e-001
 4.5031917e-001
 4.6058667e-001
 4.7181889e-001
 4.8311248e-001
 4.9671894e-001
 5.1131469e-001
 5.2540785e-001
 5.4192185e-001
 5.5749506e-001
 5.7508749e-001
 5.9310341e-001
 6.0963196e-001
 6.2772369e-001
 6.4373302e-001
 6.6098380e-001
 6.7776418e-001
 6.9132936e-001
 7.0519894e-001
 7.1754867e-001
 7.2745264e-001
 7.3739016e-001
 7.4535894e-001
 7.5281006e-001
 7.4103785e-001
 7.4933618e-001
 7.5602591e-001
 7.6121122e-001
 7.6469338e-001
 7.6671976e-001
 7.6937151e-001
 7.7112257e-001
 7.7158445e-001
 7.7109212e-001
 7.6649040e-001
 7.6174933e-001
 7.4746174e-001
 7.2252798e-001
 7.1868736e-001
 7.0760196e-001
 6.7443001e-001
 7.1086687e-001
 7.3251981e-001
 7.3733646e-001
 7.3917478e-001
 7.4052680e-001
 7.4177951e-001
 7.4400991e-001
 7.4720281e-001
 7.4947286e-001
 7.5090665e-001
 7.5217116e-001
 7.5272077e-001
 7.5298595e-001
 7.5266802e-001
 7.5186664e-001
 7.5063109e-001
 7.4855947e-001
 7.4596167e-001
 7.4261689e-001
 7.3892170e-001
 7.3554373e-001
 7.3172385e-001
 7.2856873e-001
 7.2551537e-001
 7.2299212e-001
 7.2124958e-001
 7.1979946e-001
 7.1849382e-001
 7.1712112e-001
 7.1528244e-001
 7.1322900e-001
 7.1030426e-001
 7.0679289e-001
 7.0346469e-001
 7.0080918e-001
 6.9909430e-001
 6.9832742e-001
 6.9768703e-001
 6.9868207e-001
 7.0027822e-001
 7.0054305e-001
 7.0121133e-001
 7.0150620e-001
 7.0143247e-001
 6.9933206e-001
 6.9402075e-001
 6.8083972e-001
 6.8701595e-001
 6.6855806e-001
 6.4414626e-001
 6.2622994e-001
 6.1723292e-001
 6.1384839e-001
 6.1363626e-001
 6.1544901e-001
 6.1855346e-001
 6.2232453e-001
 6.2565577e-001
 6.2936485e-001
 6.3269436e-001
 6.3691860e-001
 6.4147210e-001
 6.4612001e-001
 6.5008062e-001
 6.5302020e-001
 6.5550333e-001
 6.5597337e-001
 6.5587026e-001
 6.5473938e-001
 6.5329677e-001
 6.4815092e-001
 6.4513421e-001
 6.4021665e-001
 6.2782747e-001
 6.0895014e-001
 5.8843654e-001
 5.6992418e-001
 5.5616701e-001
 5.5795515e-001
 5.4324567e-001
 5.2948350e-001
 5.6969243e-001
 5.8756548e-001
 5.8794063e-001
 5.8296645e-001
 5.7675004e-001
 5.7258624e-001
 5.6603324e-001
 5.5654395e-001
 5.4653025e-001
 5.3743011e-001
 5.3220105e-001
 5.2909577e-001
 5.2420759e-001
 5.1386583e-001
 5.0669038e-001
 5.0043333e-001
 4.8642951e-001
 4.7773731e-001
 4.7585180e-001
 4.7227797e-001
 4.6594995e-001
 4.5955974e-001
 4.5093688e-001
 4.4562835e-001
 4.4129387e-001
 4.3681711e-001
 4.3173036e-001
 4.2531109e-001
 4.2237595e-001
-1.2300000e+034
