s07_AV97 Record=155: Almandine HS114.3B Garnet    ASDFRb AREF
 1.9852382e-001
 2.2294728e-001
 2.4235177e-001
 2.5028911e-001
 2.5281283e-001
 2.5184292e-001
 2.5020719e-001
 2.5713822e-001
 2.6353419e-001
 2.6369870e-001
 2.6549619e-001
 2.6786605e-001
 2.6588103e-001
 2.5925645e-001
 2.6102316e-001
 2.7508968e-001
 2.8753027e-001
 3.0807871e-001
 3.2765913e-001
 3.3639285e-001
 3.3696139e-001
 3.4767076e-001
 3.7755510e-001
 4.0593427e-001
 4.2606217e-001
 4.4275865e-001
 4.6701515e-001
 4.9594730e-001
 5.1912266e-001
 5.3136361e-001
 5.3393430e-001
 5.3199995e-001
 5.3405434e-001
 5.3246707e-001
 5.3064758e-001
 5.3233188e-001
 5.3867644e-001
 5.5098766e-001
 5.6837928e-001
 5.8945638e-001
 6.1249155e-001
 6.3510680e-001
 6.5591377e-001
 6.7373312e-001
 6.8804133e-001
 6.9928050e-001
 7.0721281e-001
 7.1271938e-001
 7.1645921e-001
 7.1881402e-001
 7.2005773e-001
 7.2070211e-001
 7.2064662e-001
 7.2011977e-001
 7.1930993e-001
 7.1796209e-001
 7.1577400e-001
 7.1280283e-001
 7.0875490e-001
 7.0342290e-001
 6.9656050e-001
 6.8783069e-001
 6.7718649e-001
 6.6479552e-001
 6.5035945e-001
 6.3410532e-001
 6.1624396e-001
 5.9703875e-001
 5.7821357e-001
 5.5328786e-001
 5.2765673e-001
 5.0403380e-001
 4.7774172e-001
 4.5451912e-001
 4.2962077e-001
 4.0594786e-001
 3.8523602e-001
 3.6350638e-001
 3.4329861e-001
 3.2566187e-001
 3.0757734e-001
 2.9234713e-001
 2.7724043e-001
 2.6336047e-001
 2.5205818e-001
 2.4062687e-001
 2.3134044e-001
 2.2192892e-001
 2.1367398e-001
 2.0735343e-001
 2.0112319e-001
 1.9594380e-001
 1.9205479e-001
 1.8865943e-001
 1.8612656e-001
 1.8409994e-001
 1.8743536e-001
 1.8507646e-001
 1.8335935e-001
 1.8256369e-001
 1.8255329e-001
 1.8331966e-001
 1.8491781e-001
 1.8709671e-001
 1.9019221e-001
 1.9357625e-001
 1.9749393e-001
 2.0209526e-001
 2.0707618e-001
 2.1227945e-001
 2.1767534e-001
 2.2333308e-001
 2.2871785e-001
 2.3423690e-001
 2.3929042e-001
 2.4372934e-001
 2.4733607e-001
 2.5078335e-001
 2.5324994e-001
 2.5502709e-001
 2.5617978e-001
 2.5635010e-001
 2.5635141e-001
 2.5571138e-001
 2.5478515e-001
 2.5344157e-001
 2.5206906e-001
 2.5019169e-001
 2.4837650e-001
 2.4641427e-001
 2.4443881e-001
 2.4287823e-001
 2.4115819e-001
 2.3996571e-001
 2.3875135e-001
 2.3742999e-001
 2.3654549e-001
 2.3645605e-001
 2.3659107e-001
 2.3651062e-001
 2.3724921e-001
 2.3782714e-001
 2.3914546e-001
 2.4042097e-001
 2.4183226e-001
 2.4358051e-001
 2.4545561e-001
 2.4757166e-001
 2.5005513e-001
 2.5261194e-001
 2.5517744e-001
 2.5805664e-001
 2.6063180e-001
 2.6310730e-001
 2.6521352e-001
 2.6796502e-001
 2.7067417e-001
 2.7286249e-001
 2.7460897e-001
 2.7703518e-001
 2.7622050e-001
 2.7801824e-001
 2.7947232e-001
 2.8065541e-001
 2.8152454e-001
 2.8269395e-001
 2.8352976e-001
 2.8405967e-001
 2.8432605e-001
 2.8399366e-001
 2.8363696e-001
 2.8363705e-001
 2.8312322e-001
 2.8264749e-001
 2.8199515e-001
 2.8096458e-001
 2.8016624e-001
 2.7933329e-001
 2.7803868e-001
 2.7735025e-001
 2.7620515e-001
 2.7482709e-001
 2.7318591e-001
 2.7190238e-001
 2.7075174e-001
 2.6910082e-001
 2.6748982e-001
 2.6563236e-001
 2.6376975e-001
 2.6205805e-001
 2.6053229e-001
 2.5942534e-001
 2.5868309e-001
 2.5763333e-001
 2.5604737e-001
 2.5537458e-001
 2.5468424e-001
 2.5430903e-001
 2.5362584e-001
 2.5326324e-001
 2.5343639e-001
 2.5424910e-001
 2.5432155e-001
 2.5416976e-001
 2.5431451e-001
 2.5514799e-001
 2.5539497e-001
 2.5598559e-001
 2.5672570e-001
 2.5779513e-001
 2.5892490e-001
 2.6038751e-001
 2.6242387e-001
 2.6406422e-001
 2.6565138e-001
 2.6791736e-001
 2.6986262e-001
 2.7164474e-001
 2.7432358e-001
 2.7580670e-001
 2.7864438e-001
 2.8191793e-001
 2.8652117e-001
-1.2300000e+034
