s07_AV97 Record=3581: Alunite.5+MuscCU91-250A AMX4  BECKa AREF
 2.5720257e-001
 2.8205931e-001
 3.0862901e-001
 3.3542058e-001
 3.5722536e-001
 3.7223983e-001
 3.8507867e-001
 3.9846393e-001
 4.0928861e-001
 4.1876829e-001
 4.2835331e-001
 4.3755865e-001
 4.4820449e-001
 4.5957562e-001
 4.7131348e-001
 4.8360428e-001
 4.9554750e-001
 5.0783473e-001
 5.2036554e-001
 5.3218812e-001
 5.4372346e-001
 5.5670714e-001
 5.6841344e-001
 5.7891083e-001
 5.8780974e-001
 5.9656376e-001
 6.0535645e-001
 6.1246133e-001
 6.1948353e-001
 6.2632775e-001
 6.3340765e-001
 6.4006114e-001
 6.3222831e-001
 6.3880241e-001
 6.4485323e-001
 6.5016329e-001
 6.5543401e-001
 6.6035640e-001
 6.6463095e-001
 6.6799307e-001
 6.6994327e-001
 6.7216438e-001
 6.7421937e-001
 6.7467964e-001
 6.7505354e-001
 6.7707247e-001
 6.7791128e-001
 6.7903590e-001
 6.8027610e-001
 6.8047792e-001
 6.8135720e-001
 6.8230009e-001
 6.8387908e-001
 6.8334401e-001
 6.8165666e-001
 6.8173021e-001
 6.8139124e-001
 6.8182820e-001
 6.8033904e-001
 6.8187618e-001
 6.8517250e-001
 6.8309027e-001
 6.8103874e-001
 6.8089211e-001
 6.7702413e-001
 6.7254198e-001
 6.6475332e-001
 6.5957236e-001
 6.6057956e-001
 6.7019141e-001
 6.8225938e-001
 6.8722796e-001
 6.8821859e-001
 6.8854272e-001
 6.8850958e-001
 6.8893373e-001
 6.8827873e-001
 6.8788487e-001
 6.8771803e-001
 6.8699098e-001
 6.8918622e-001
 6.9101548e-001
 6.9134480e-001
 6.9102502e-001
 6.8950158e-001
 6.8861276e-001
 6.8983972e-001
 6.8916535e-001
 6.8667781e-001
 6.8285525e-001
 6.7773396e-001
 6.6877961e-001
 6.6250062e-001
 6.5669537e-001
 6.4084017e-001
 6.2722474e-001
 6.5062267e-001
 6.3161963e-001
 6.3532919e-001
 6.6069365e-001
 6.7685413e-001
 6.7828786e-001
 6.7318022e-001
 6.6234124e-001
 6.4974064e-001
 6.4343214e-001
 6.4439470e-001
 6.4788276e-001
 6.4745986e-001
 6.3539451e-001
 5.9909230e-001
 5.3440219e-001
 4.8083475e-001
 4.2071930e-001
 4.4615105e-001
 5.0160891e-001
 4.8662731e-001
 4.7072741e-001
 4.2879593e-001
 4.3969420e-001
 5.1269227e-001
 5.3699964e-001
 5.6462538e-001
 5.7959992e-001
 5.8391654e-001
 5.8785909e-001
 5.9001249e-001
 5.9246790e-001
 5.9102559e-001
 5.9034818e-001
 5.9026492e-001
 5.9025937e-001
 5.8960670e-001
 5.8973283e-001
 5.8813065e-001
 5.8653492e-001
 5.8379257e-001
 5.7990712e-001
 5.7473022e-001
 5.6905282e-001
 5.6544942e-001
 5.6321591e-001
 5.5534554e-001
 5.4111356e-001
 5.2231401e-001
 5.0125378e-001
 4.8324090e-001
 4.6977624e-001
 4.7141653e-001
 4.9107420e-001
 5.2329105e-001
 5.4130787e-001
 5.4352802e-001
 5.4310149e-001
 5.3908265e-001
 5.3420579e-001
 5.2991098e-001
 5.2482295e-001
 5.1194179e-001
 4.9043241e-001
 4.9807954e-001
 4.7038323e-001
 4.3420923e-001
 4.0510154e-001
 3.9501244e-001
 3.9293581e-001
 3.9289156e-001
 3.9267904e-001
 3.8983878e-001
 3.9194813e-001
 3.9691886e-001
 3.9439914e-001
 3.8847855e-001
 3.8545620e-001
 3.8702795e-001
 3.8817236e-001
 3.8744631e-001
 3.8504064e-001
 3.8081318e-001
 3.7960547e-001
 3.7716839e-001
 3.6986980e-001
 3.5674083e-001
 3.3910525e-001
 3.1656566e-001
 2.9776317e-001
 2.9065916e-001
 2.8045842e-001
 2.6531267e-001
 2.4923022e-001
 2.2616068e-001
 2.0861821e-001
 2.0301560e-001
 1.9852127e-001
 2.3116709e-001
 2.9555941e-001
 3.2996690e-001
 3.4382582e-001
 3.5100514e-001
 3.5730129e-001
 3.5888961e-001
 3.5184070e-001
 3.3557376e-001
 2.9664871e-001
 2.5976038e-001
 2.5258705e-001
 2.5681245e-001
 2.6233739e-001
 2.6510274e-001
 2.6166025e-001
 2.4553774e-001
 2.2084491e-001
 2.0890854e-001
 1.9868544e-001
 1.8732199e-001
 1.7813139e-001
 1.7254797e-001
 1.7119028e-001
 1.7215714e-001
 1.7299651e-001
 1.7178409e-001
 1.6983552e-001
 1.6910470e-001
 1.7081061e-001
