s07_AV97 Record=195: Almandine WS479 Garnet        BECKb AREF
 2.7718809e-001
 3.0088541e-001
 3.2316083e-001
 3.3587846e-001
 3.4662542e-001
 3.5603639e-001
 3.6421412e-001
 3.7920353e-001
 3.9249706e-001
 3.9589730e-001
 4.0007734e-001
 4.0382257e-001
 3.9888403e-001
 3.8409141e-001
 3.7886313e-001
 3.9269990e-001
 3.9886075e-001
 4.1628227e-001
 4.3144619e-001
 4.3419671e-001
 4.2714250e-001
 4.2807990e-001
 4.5051691e-001
 4.7421616e-001
 4.8562911e-001
 4.9336442e-001
 5.0570118e-001
 5.2356440e-001
 5.3512198e-001
 5.3952932e-001
 5.3894776e-001
 5.3573948e-001
 5.3939873e-001
 5.3636646e-001
 5.3235751e-001
 5.3095043e-001
 5.3223979e-001
 5.3706366e-001
 5.4636896e-001
 5.5796957e-001
 5.6839091e-001
 5.7870007e-001
 5.8703369e-001
 5.9508872e-001
 6.0097826e-001
 6.0615385e-001
 6.0869771e-001
 6.1227548e-001
 6.1474311e-001
 6.1566174e-001
 6.1581814e-001
 6.1586046e-001
 6.1099505e-001
 6.1227667e-001
 6.1419314e-001
 6.0916412e-001
 6.0835922e-001
 6.0518789e-001
 6.0635257e-001
 6.0432488e-001
 6.0176098e-001
 5.9745562e-001
 5.9488338e-001
 5.9289426e-001
 5.8320320e-001
 5.7692653e-001
 5.6846255e-001
 5.6042910e-001
 5.5022097e-001
 5.3814256e-001
 5.2786416e-001
 5.1474357e-001
 5.0135988e-001
 4.8655087e-001
 4.7171184e-001
 4.5652094e-001
 4.4010276e-001
 4.2626911e-001
 4.1089892e-001
 3.9662430e-001
 3.8309771e-001
 3.6850253e-001
 3.5656047e-001
 3.4283555e-001
 3.3310360e-001
 3.2108545e-001
 3.1241000e-001
 3.0310413e-001
 2.9461157e-001
 2.8836787e-001
 2.8036112e-001
 2.7480361e-001
 2.6898009e-001
 2.6510656e-001
 2.6137108e-001
 2.5755957e-001
 2.6351228e-001
 2.5912464e-001
 2.5632432e-001
 2.5359467e-001
 2.5199607e-001
 2.5184286e-001
 2.5102979e-001
 2.5173482e-001
 2.5368166e-001
 2.5578111e-001
 2.5802618e-001
 2.6062998e-001
 2.6562691e-001
 2.7171272e-001
 2.7522734e-001
 2.7922076e-001
 2.8471789e-001
 2.9103759e-001
 2.9652649e-001
 2.9918942e-001
 3.0488858e-001
 3.0855355e-001
 3.1068927e-001
 3.1342378e-001
 3.1644461e-001
 3.1673408e-001
 3.1790033e-001
 3.2089415e-001
 3.2006881e-001
 3.1963897e-001
 3.1818938e-001
 3.1829596e-001
 3.1587771e-001
 3.1456441e-001
 3.1247932e-001
 3.1129399e-001
 3.0939454e-001
 3.0675727e-001
 3.0476338e-001
 3.0377951e-001
 3.0304468e-001
 3.0162352e-001
 3.0000946e-001
 2.9824540e-001
 2.9719725e-001
 3.0095965e-001
 2.9857638e-001
 2.9811531e-001
 3.0061767e-001
 3.0290598e-001
 3.0353868e-001
 3.0446368e-001
 3.0557582e-001
 3.0682305e-001
 3.0929270e-001
 3.1062153e-001
 3.1131384e-001
 3.1275439e-001
 3.1588921e-001
 3.1903836e-001
 3.2232642e-001
 3.2261062e-001
 3.2528940e-001
 3.2476422e-001
 3.2556751e-001
 3.2542384e-001
 3.2857186e-001
 3.3047852e-001
 3.3353356e-001
 3.3254659e-001
 3.3368653e-001
 3.3533961e-001
 3.3670759e-001
 3.3721668e-001
 3.3741096e-001
 3.3787823e-001
 3.3803040e-001
 3.4002185e-001
 3.3956960e-001
 3.3855709e-001
 3.3681116e-001
 3.3514291e-001
 3.3677599e-001
 3.3634663e-001
 3.3557999e-001
 3.3627653e-001
 3.3418560e-001
 3.3284500e-001
 3.3307949e-001
 3.3233562e-001
 3.3113137e-001
 3.2954463e-001
 3.2796749e-001
 3.2610053e-001
 3.2344669e-001
 3.1978154e-001
 3.1876397e-001
 3.1905445e-001
 3.1841072e-001
 3.1723806e-001
 3.1460106e-001
 3.1556690e-001
 3.1361791e-001
 3.1322241e-001
 3.1302139e-001
 3.1126538e-001
 3.1352317e-001
 3.1153551e-001
 3.1360731e-001
 3.1362280e-001
 3.1054905e-001
 3.1226945e-001
 3.1170753e-001
 3.1344128e-001
 3.1693760e-001
 3.1961426e-001
 3.1980562e-001
 3.1998891e-001
 3.2076898e-001
 3.2166508e-001
 3.2277381e-001
 3.2431722e-001
 3.2605079e-001
 3.2821134e-001
 3.3043721e-001
 3.3246419e-001
 3.3401281e-001
 3.3503088e-001
