s07_AV97 Record=4015: Magnesite+Hydromag HS47.3B   ASDFRa AREF
 6.5729886e-001
 6.7195207e-001
 6.8464619e-001
 6.9609547e-001
 7.0590317e-001
 7.1558046e-001
 7.2646308e-001
 7.3848730e-001
 7.5069195e-001
 7.6124048e-001
 7.7006602e-001
 7.7804768e-001
 7.8569293e-001
 7.9343575e-001
 8.0101615e-001
 8.0849701e-001
 8.1570607e-001
 8.2235402e-001
 8.2850796e-001
 8.3423752e-001
 8.3929658e-001
 8.4370291e-001
 8.4746814e-001
 8.5119355e-001
 8.5425484e-001
 8.5617226e-001
 8.5771406e-001
 8.5829484e-001
 8.5922188e-001
 8.6045647e-001
 8.6147404e-001
 8.6216980e-001
 8.6136597e-001
 8.6192328e-001
 8.6365551e-001
 8.6535197e-001
 8.6683637e-001
 8.6813962e-001
 8.6890912e-001
 8.6977780e-001
 8.7056226e-001
 8.7157387e-001
 8.7291998e-001
 8.7459993e-001
 8.7654209e-001
 8.7853664e-001
 8.8047439e-001
 8.8228339e-001
 8.8374704e-001
 8.8518995e-001
 8.8639712e-001
 8.8739228e-001
 8.8818133e-001
 8.8902462e-001
 8.8917792e-001
 8.8956773e-001
 8.8979471e-001
 8.8987333e-001
 8.8995206e-001
 8.8964283e-001
 8.8914537e-001
 8.8803762e-001
 8.8644391e-001
 8.8675171e-001
 8.8594282e-001
 8.8577217e-001
 8.8554376e-001
 8.8531947e-001
 8.8502973e-001
 8.8439280e-001
 8.8473797e-001
 8.8510209e-001
 8.8519239e-001
 8.8497722e-001
 8.8447315e-001
 8.8391954e-001
 8.8421130e-001
 8.8377476e-001
 8.8315535e-001
 8.8298732e-001
 8.8183457e-001
 8.8102090e-001
 8.7884694e-001
 8.7682790e-001
 8.7620783e-001
 8.7596655e-001
 8.7534136e-001
 8.7454796e-001
 8.7467408e-001
 8.7477231e-001
 8.7497216e-001
 8.7483811e-001
 8.7485749e-001
 8.7508917e-001
 8.7522793e-001
 8.7490630e-001
 8.7525165e-001
 8.7511921e-001
 8.7458009e-001
 8.7436312e-001
 8.7386495e-001
 8.7337291e-001
 8.7200266e-001
 8.6986303e-001
 8.6747968e-001
 8.6456954e-001
 8.6145771e-001
 8.5732299e-001
 8.4683120e-001
 8.2078439e-001
 8.0916303e-001
 8.0663669e-001
 7.9831100e-001
 7.9863918e-001
 8.0060363e-001
 8.0232221e-001
 8.0279356e-001
 8.0171466e-001
 8.0170745e-001
 8.0188161e-001
 8.0170864e-001
 8.0034935e-001
 7.9810739e-001
 7.9698610e-001
 7.9648995e-001
 7.9646724e-001
 7.9754412e-001
 7.9916853e-001
 8.0010033e-001
 8.0088621e-001
 8.0194348e-001
 8.0179232e-001
 8.0200070e-001
 8.0250567e-001
 8.0229533e-001
 8.0205435e-001
 8.0220646e-001
 8.0246198e-001
 8.0194616e-001
 8.0156153e-001
 8.0027282e-001
 7.9892415e-001
 7.9797757e-001
 7.9726464e-001
 7.9648399e-001
 7.9597235e-001
 7.9506820e-001
 7.9476100e-001
 7.9343563e-001
 7.9268020e-001
 7.9110610e-001
 7.8914720e-001
 7.8655964e-001
 7.8463691e-001
 7.8272974e-001
 7.7830815e-001
 7.7559972e-001
 7.7351546e-001
 7.6090097e-001
 7.3187155e-001
 7.4508691e-001
 7.0847863e-001
 6.6498858e-001
 6.4234048e-001
 6.4163017e-001
 6.5110254e-001
 6.5926188e-001
 6.6032177e-001
 6.5762818e-001
 6.5334445e-001
 6.5121984e-001
 6.5149587e-001
 6.5242505e-001
 6.5340012e-001
 6.5429783e-001
 6.5686959e-001
 6.5830916e-001
 6.6097528e-001
 6.6432142e-001
 6.6682291e-001
 6.7158467e-001
 6.7607552e-001
 6.8164247e-001
 6.8641430e-001
 6.9085163e-001
 6.9501781e-001
 7.0037049e-001
 7.0612311e-001
 7.1002299e-001
 7.1192354e-001
 7.1051645e-001
 7.0933670e-001
 7.0712996e-001
 7.0252335e-001
 6.9337052e-001
 6.8229842e-001
 6.6915864e-001
 6.5629762e-001
 6.4299160e-001
 6.3359302e-001
 6.2270176e-001
 6.0911047e-001
 5.9901470e-001
 5.9041500e-001
 6.0497940e-001
 6.3446224e-001
 6.5207678e-001
 6.5266424e-001
 6.4424318e-001
 6.3214433e-001
 6.1739755e-001
 6.0236788e-001
 5.9379166e-001
 5.8389604e-001
 5.6994396e-001
 5.5379152e-001
 5.3503639e-001
 5.1836067e-001
 5.0642830e-001
 4.9754104e-001
 4.8929885e-001
 4.8019087e-001
 4.7234449e-001
-1.2300000e+034
