s07_AV97 Record=995: Cuprite HS127.3B              BECKb AREF
 3.5517532e-002
 3.6274359e-002
 3.6239389e-002
 3.6569163e-002
 3.6602512e-002
 3.6609709e-002
 3.6659807e-002
 3.6489405e-002
 3.6626421e-002
 3.6834594e-002
 3.6907647e-002
 3.6921222e-002
 3.7292272e-002
 3.7392057e-002
 3.7461851e-002
 3.7664682e-002
 3.7784163e-002
 3.7721172e-002
 3.7927065e-002
 3.8176388e-002
 3.8467657e-002
 3.8333442e-002
 3.8434915e-002
 3.8980868e-002
 3.9953131e-002
 4.0543411e-002
 4.1277342e-002
 4.2775389e-002
 4.3801226e-002
 4.4774644e-002
 4.6268493e-002
 4.7500521e-002
 4.6043463e-002
 4.7317557e-002
 4.8455998e-002
 4.9774069e-002
 5.1378384e-002
 5.2863210e-002
 5.4502282e-002
 5.6624088e-002
 5.9200861e-002
 6.1902814e-002
 6.5333404e-002
 6.8885557e-002
 7.3824890e-002
 7.9016887e-002
 8.5025057e-002
 9.1528974e-002
 9.8592602e-002
 1.0517967e-001
 1.1128411e-001
 1.1922765e-001
 1.2824893e-001
 1.2990250e-001
 1.3388617e-001
 1.3921335e-001
 1.4254275e-001
 1.4739016e-001
 1.4857890e-001
 1.5260880e-001
 1.5813488e-001
 1.5647750e-001
 1.5875119e-001
 1.6126068e-001
 1.6444406e-001
 1.6625465e-001
 1.6776541e-001
 1.6840138e-001
 1.6891672e-001
 1.6975440e-001
 1.7152320e-001
 1.7384695e-001
 1.7499593e-001
 1.7736118e-001
 1.7588747e-001
 1.7633024e-001
 1.7792146e-001
 1.7786869e-001
 1.7820378e-001
 1.7840435e-001
 1.7954791e-001
 1.7959422e-001
 1.7892958e-001
 1.8002149e-001
 1.7983943e-001
 1.8129212e-001
 1.8122116e-001
 1.8235353e-001
 1.8129317e-001
 1.8275821e-001
 1.8229665e-001
 1.8158807e-001
 1.8325058e-001
 1.8401402e-001
 1.8405141e-001
 1.8435490e-001
 1.8407224e-001
 1.8443328e-001
 1.8485309e-001
 1.8513758e-001
 1.8546967e-001
 1.8561904e-001
 1.8574825e-001
 1.8672037e-001
 1.8648596e-001
 1.8728793e-001
 1.8752262e-001
 1.8790676e-001
 1.8925154e-001
 1.8997477e-001
 1.9009973e-001
 1.9016421e-001
 1.8997020e-001
 1.9089025e-001
 1.9151831e-001
 1.9236062e-001
 1.9361274e-001
 1.9419678e-001
 1.9535238e-001
 1.9508807e-001
 1.9569618e-001
 1.9644867e-001
 1.9695629e-001
 1.9751921e-001
 1.9850926e-001
 1.9864863e-001
 2.0029078e-001
 2.0059483e-001
 2.0066094e-001
 2.0115140e-001
 2.0156814e-001
 2.0329258e-001
 2.0356378e-001
 2.0379046e-001
 2.0488431e-001
 2.0561959e-001
 2.0563912e-001
 2.0674706e-001
 2.0664245e-001
 2.0612215e-001
 2.0770591e-001
 2.0821334e-001
 2.0993036e-001
 2.0865318e-001
 2.0839627e-001
 2.0924774e-001
 2.1137987e-001
 2.1284795e-001
 2.1200038e-001
 2.1235615e-001
 2.1287218e-001
 2.1130046e-001
 2.1199682e-001
 2.1093637e-001
 2.1277836e-001
 2.1390277e-001
 2.1260215e-001
 2.1411404e-001
 2.1407934e-001
 2.1056883e-001
 2.1178143e-001
 2.0955279e-001
 2.0939218e-001
 2.0905146e-001
 2.0790115e-001
 2.0602636e-001
 2.0810048e-001
 2.0809437e-001
 2.0736027e-001
 2.0762987e-001
 2.0851414e-001
 2.1032320e-001
 2.1168682e-001
 2.0964359e-001
 2.0939133e-001
 2.1096556e-001
 2.1165709e-001
 2.1230187e-001
 2.1247046e-001
 2.1218537e-001
 2.1554607e-001
 2.1491747e-001
 2.1532568e-001
 2.1271063e-001
 2.1183980e-001
 2.1627200e-001
 2.1560329e-001
 2.1746464e-001
 2.1394844e-001
 2.1105273e-001
 2.1111484e-001
 2.1002237e-001
 2.0807379e-001
 2.0639898e-001
 2.0498450e-001
 2.0454411e-001
 2.0295773e-001
 2.0159985e-001
 2.0006557e-001
 1.9864456e-001
 1.9606170e-001
 1.9726150e-001
 2.0220916e-001
 2.0175165e-001
 2.0239735e-001
 2.0353192e-001
 2.0252860e-001
 1.9793998e-001
 1.9877234e-001
 2.0185514e-001
 1.9851185e-001
 2.0060351e-001
 1.9830053e-001
 1.9731179e-001
 1.9806448e-001
 1.9771770e-001
 1.9658713e-001
 1.9576237e-001
 1.9562602e-001
 1.9621879e-001
 1.9753620e-001
 1.9910352e-001
 2.0036305e-001
 2.0086060e-001
