s07_AV97 Record=1051: Diopside HS15.3B Pyroxene   NIC4dbb RREF
-1.2300000e+034
-1.2300000e+034
-1.2300000e+034
-1.2300000e+034
-1.2300000e+034
-1.2300000e+034
-1.2300000e+034
-1.2300000e+034
-1.2300000e+034
-1.2300000e+034
-1.2300000e+034
-1.2300000e+034
-1.2300000e+034
-1.2300000e+034
-1.2300000e+034
-1.2300000e+034
-1.2300000e+034
-1.2300000e+034
-1.2300000e+034
-1.2300000e+034
-1.2300000e+034
-1.2300000e+034
-1.2300000e+034
-1.2300000e+034
-1.2300000e+034
-1.2300000e+034
-1.2300000e+034
-1.2300000e+034
-1.2300000e+034
-1.2300000e+034
-1.2300000e+034
-1.2300000e+034
-1.2300000e+034
-1.2300000e+034
-1.2300000e+034
-1.2300000e+034
-1.2300000e+034
-1.2300000e+034
-1.2300000e+034
-1.2300000e+034
-1.2300000e+034
-1.2300000e+034
-1.2300000e+034
-1.2300000e+034
-1.2300000e+034
-1.2300000e+034
-1.2300000e+034
-1.2300000e+034
-1.2300000e+034
-1.2300000e+034
-1.2300000e+034
-1.2300000e+034
-1.2300000e+034
-1.2300000e+034
-1.2300000e+034
-1.2300000e+034
-1.2300000e+034
-1.2300000e+034
-1.2300000e+034
-1.2300000e+034
-1.2300000e+034
-1.2300000e+034
-1.2300000e+034
-1.2300000e+034
-1.2300000e+034
-1.2300000e+034
-1.2300000e+034
-1.2300000e+034
-1.2300000e+034
-1.2300000e+034
-1.2300000e+034
-1.2300000e+034
-1.2300000e+034
-1.2300000e+034
-1.2300000e+034
-1.2300000e+034
-1.2300000e+034
-1.2300000e+034
-1.2300000e+034
-1.2300000e+034
-1.2300000e+034
-1.2300000e+034
-1.2300000e+034
-1.2300000e+034
-1.2300000e+034
-1.2300000e+034
-1.2300000e+034
-1.2300000e+034
-1.2300000e+034
-1.2300000e+034
-1.2300000e+034
-1.2300000e+034
-1.2300000e+034
-1.2300000e+034
-1.2300000e+034
-1.2300000e+034
-1.2300000e+034
-1.2300000e+034
-1.2300000e+034
-1.2300000e+034
-1.2300000e+034
-1.2300000e+034
-1.2300000e+034
-1.2300000e+034
-1.2300000e+034
-1.2300000e+034
-1.2300000e+034
-1.2300000e+034
-1.2300000e+034
-1.2300000e+034
-1.2300000e+034
-1.2300000e+034
-1.2300000e+034
-1.2300000e+034
-1.2300000e+034
-1.2300000e+034
-1.2300000e+034
-1.2300000e+034
-1.2300000e+034
-1.2300000e+034
-1.2300000e+034
-1.2300000e+034
-1.2300000e+034
-1.2300000e+034
-1.2300000e+034
-1.2300000e+034
-1.2300000e+034
-1.2300000e+034
-1.2300000e+034
-1.2300000e+034
-1.2300000e+034
 4.0487725e-001
 4.1178432e-001
 4.1904786e-001
 4.2605907e-001
 4.3272144e-001
 4.3932199e-001
 4.4503745e-001
 4.5050302e-001
 4.5553142e-001
 4.6060467e-001
 4.6527681e-001
 4.6985805e-001
 4.7487375e-001
 4.7945487e-001
 4.8386425e-001
 4.8789254e-001
 4.9157515e-001
 4.9531314e-001
 4.9886140e-001
 5.0250667e-001
 5.0617290e-001
 5.0972050e-001
 5.1304978e-001
 5.1622492e-001
 5.1906300e-001
 5.2161974e-001
 5.2414882e-001
 5.2634507e-001
 5.2829087e-001
 5.2769494e-001
 5.2920568e-001
 5.3010303e-001
 5.3087914e-001
 5.3206950e-001
 5.3384513e-001
 5.3566784e-001
 5.3751510e-001
 5.3944010e-001
 5.4152995e-001
 5.4388881e-001
 5.4653680e-001
 5.4924792e-001
 5.5214262e-001
 5.5446482e-001
 5.5628854e-001
 5.5777174e-001
 5.5892617e-001
 5.5973446e-001
 5.6052941e-001
 5.6138581e-001
 5.6253773e-001
 5.6394076e-001
 5.6522280e-001
 5.6621915e-001
 5.6714654e-001
 5.6796831e-001
 5.6810147e-001
 5.6815755e-001
 5.6838089e-001
 5.6860632e-001
 5.6868708e-001
 5.6886458e-001
 5.6930619e-001
 5.6967777e-001
 5.7024038e-001
 5.7112396e-001
 5.7164603e-001
 5.7220042e-001
 5.7186651e-001
 5.7061160e-001
 5.6767935e-001
 5.6575626e-001
 5.6155109e-001
 5.6066793e-001
 5.6477118e-001
 5.6775844e-001
 5.6939143e-001
 5.7126105e-001
 5.7234287e-001
 5.7205951e-001
 5.7133996e-001
 5.7398623e-001
 5.7689816e-001
 5.7907319e-001
 5.8104712e-001
 5.8112782e-001
 5.8156282e-001
 5.8197528e-001
 5.8170849e-001
 5.8289415e-001
 5.8409035e-001
 5.8530551e-001
 5.8700019e-001
