s07_AV97 Record=1152: Epidote GDS26.b <75um         BECKb AREF
 8.6425081e-002
 1.0263927e-001
 1.1549895e-001
 1.1778975e-001
 1.2081795e-001
 1.4209801e-001
 1.7913553e-001
 2.1943673e-001
 2.3448160e-001
 2.1702434e-001
 2.1661277e-001
 2.2125010e-001
 2.6709318e-001
 3.2282531e-001
 3.6812031e-001
 3.9804661e-001
 4.1639397e-001
 4.2526934e-001
 4.2766264e-001
 4.2450798e-001
 4.2038465e-001
 4.1580796e-001
 4.1146788e-001
 4.0782580e-001
 4.0670505e-001
 4.0878746e-001
 4.1481760e-001
 4.2334795e-001
 4.3421459e-001
 4.4694144e-001
 4.5977879e-001
 4.7262800e-001
 4.5774218e-001
 4.7019586e-001
 4.8161674e-001
 4.9148700e-001
 5.0079852e-001
 5.0815612e-001
 5.1423180e-001
 5.2025598e-001
 5.2505732e-001
 5.3071988e-001
 5.3573823e-001
 5.4169339e-001
 5.4682231e-001
 5.5180168e-001
 5.5630672e-001
 5.6035018e-001
 5.6332302e-001
 5.6564850e-001
 5.6661582e-001
 5.7039875e-001
 5.7205671e-001
 5.7129580e-001
 5.7470495e-001
 5.7315934e-001
 5.7240772e-001
 5.6969619e-001
 5.6669271e-001
 5.6308198e-001
 5.6226337e-001
 5.5929273e-001
 5.5525327e-001
 5.5487698e-001
 5.5242014e-001
 5.5132055e-001
 5.4903638e-001
 5.4819471e-001
 5.4726195e-001
 5.4591817e-001
 5.4558021e-001
 5.4631060e-001
 5.4768461e-001
 5.5030042e-001
 5.5359977e-001
 5.5724627e-001
 5.6126183e-001
 5.6636781e-001
 5.7133460e-001
 5.7802075e-001
 5.8244890e-001
 5.9190434e-001
 5.9644222e-001
 6.0469860e-001
 6.1115116e-001
 6.1767375e-001
 6.2667799e-001
 6.3365495e-001
 6.4077932e-001
 6.4659184e-001
 6.5369529e-001
 6.5758944e-001
 6.6264617e-001
 6.6535747e-001
 6.6995937e-001
 6.7143059e-001
 6.6785771e-001
 6.7082989e-001
 6.7282516e-001
 6.7476785e-001
 6.7550182e-001
 6.7747110e-001
 6.7875296e-001
 6.7988455e-001
 6.8088138e-001
 6.8129754e-001
 6.8197483e-001
 6.8486243e-001
 6.8536907e-001
 6.8671066e-001
 6.8776029e-001
 6.8871105e-001
 6.9070929e-001
 6.9130594e-001
 6.9238913e-001
 6.9200522e-001
 6.9395292e-001
 6.9390357e-001
 6.9530731e-001
 6.9427228e-001
 6.9356298e-001
 6.9203317e-001
 6.8880033e-001
 6.8420994e-001
 6.8143135e-001
 6.7866999e-001
 6.8357801e-001
 6.9272119e-001
 6.9612420e-001
 7.0111316e-001
 7.0586258e-001
 7.1022987e-001
 7.1386808e-001
 7.1616769e-001
 7.2012770e-001
 7.2210050e-001
 7.2471517e-001
 7.2735453e-001
 7.2710979e-001
 7.3172265e-001
 7.3470110e-001
 7.4065483e-001
 7.4243611e-001
 7.4319458e-001
 7.4520051e-001
 7.5037199e-001
 7.5501269e-001
 7.5436974e-001
 7.5611931e-001
 7.6169270e-001
 7.6574677e-001
 7.6420414e-001
 7.6447839e-001
 7.5481558e-001
 7.5222170e-001
 7.5840956e-001
 7.6799977e-001
 7.7038407e-001
 7.7053106e-001
 7.7086741e-001
 7.7096069e-001
 7.7275467e-001
 7.7663094e-001
 7.7872515e-001
 7.8043115e-001
 7.7638519e-001
 7.7131480e-001
 7.6848799e-001
 7.7342188e-001
 7.8315151e-001
 7.8795326e-001
 7.9025543e-001
 7.9334748e-001
 7.9379636e-001
 7.9441655e-001
 7.9599828e-001
 7.9988492e-001
 8.0089241e-001
 7.9937822e-001
 8.0304879e-001
 8.0434495e-001
 8.0537885e-001
 8.0295885e-001
 8.0388254e-001
 8.0460989e-001
 8.0643481e-001
 8.0715197e-001
 8.0660796e-001
 7.9914480e-001
 7.9636556e-001
 7.9157549e-001
 7.8443903e-001
 7.7871442e-001
 7.7295387e-001
 7.6550901e-001
 7.4853700e-001
 7.0873868e-001
 6.5414244e-001
 6.3849151e-001
 6.6570359e-001
 6.7915171e-001
 6.6255301e-001
 6.2015343e-001
 5.6662160e-001
 5.0411528e-001
 4.5447752e-001
 4.3029439e-001
 4.6808389e-001
 5.5128837e-001
 6.3806260e-001
 6.9659716e-001
 7.2205019e-001
 7.4019879e-001
 7.5298220e-001
 7.5973803e-001
 7.6105607e-001
 7.5906962e-001
 7.5609249e-001
 7.5294662e-001
 7.4849719e-001
 7.4277699e-001
 7.3613459e-001
 7.2904354e-001
 7.2202152e-001
