s07_AV97 Record=294: Ammonio-Illite/Smect GDS87   NIC4bb RREF
-1.2300000e+034
-1.2300000e+034
-1.2300000e+034
-1.2300000e+034
-1.2300000e+034
-1.2300000e+034
-1.2300000e+034
-1.2300000e+034
-1.2300000e+034
-1.2300000e+034
-1.2300000e+034
-1.2300000e+034
-1.2300000e+034
-1.2300000e+034
-1.2300000e+034
-1.2300000e+034
-1.2300000e+034
-1.2300000e+034
-1.2300000e+034
-1.2300000e+034
-1.2300000e+034
-1.2300000e+034
-1.2300000e+034
-1.2300000e+034
-1.2300000e+034
-1.2300000e+034
-1.2300000e+034
-1.2300000e+034
-1.2300000e+034
-1.2300000e+034
-1.2300000e+034
-1.2300000e+034
-1.2300000e+034
-1.2300000e+034
-1.2300000e+034
-1.2300000e+034
-1.2300000e+034
-1.2300000e+034
-1.2300000e+034
-1.2300000e+034
-1.2300000e+034
-1.2300000e+034
-1.2300000e+034
-1.2300000e+034
-1.2300000e+034
-1.2300000e+034
-1.2300000e+034
-1.2300000e+034
-1.2300000e+034
-1.2300000e+034
-1.2300000e+034
-1.2300000e+034
-1.2300000e+034
-1.2300000e+034
-1.2300000e+034
-1.2300000e+034
-1.2300000e+034
-1.2300000e+034
-1.2300000e+034
-1.2300000e+034
-1.2300000e+034
-1.2300000e+034
-1.2300000e+034
-1.2300000e+034
-1.2300000e+034
-1.2300000e+034
-1.2300000e+034
-1.2300000e+034
-1.2300000e+034
-1.2300000e+034
-1.2300000e+034
-1.2300000e+034
-1.2300000e+034
-1.2300000e+034
-1.2300000e+034
-1.2300000e+034
-1.2300000e+034
-1.2300000e+034
-1.2300000e+034
-1.2300000e+034
-1.2300000e+034
-1.2300000e+034
-1.2300000e+034
-1.2300000e+034
-1.2300000e+034
-1.2300000e+034
-1.2300000e+034
-1.2300000e+034
-1.2300000e+034
-1.2300000e+034
-1.2300000e+034
-1.2300000e+034
-1.2300000e+034
-1.2300000e+034
-1.2300000e+034
-1.2300000e+034
-1.2300000e+034
-1.2300000e+034
-1.2300000e+034
-1.2300000e+034
-1.2300000e+034
-1.2300000e+034
-1.2300000e+034
-1.2300000e+034
-1.2300000e+034
-1.2300000e+034
-1.2300000e+034
-1.2300000e+034
-1.2300000e+034
-1.2300000e+034
 3.8166958e-001
 3.5504249e-001
 3.5567835e-001
 3.7922439e-001
 3.9497313e-001
 3.9870295e-001
 3.9782172e-001
 3.9557168e-001
 3.9470780e-001
 3.9417776e-001
 3.9270040e-001
 3.9141017e-001
 3.8923678e-001
 3.8637301e-001
 3.8424495e-001
 3.8349354e-001
 3.8449728e-001
 3.8810039e-001
 3.9326289e-001
 3.9808455e-001
 4.0189901e-001
 4.0512145e-001
 4.0769476e-001
 4.0979195e-001
 4.1180301e-001
 4.1391182e-001
 4.1563344e-001
 4.1739491e-001
 4.1947052e-001
 4.2148247e-001
 4.2330843e-001
 4.2467141e-001
 4.2553821e-001
 4.2609286e-001
 4.2670068e-001
 4.2746758e-001
 4.2797896e-001
 4.2824113e-001
 4.2829505e-001
 4.2790216e-001
 4.2714384e-001
 4.2632034e-001
 4.2541730e-001
 4.2471984e-001
 4.2400470e-001
 4.2315024e-001
 4.2202890e-001
 4.1852063e-001
 4.0799528e-001
 3.9123976e-001
 3.9692739e-001
 3.7894854e-001
 3.5644051e-001
 3.4730655e-001
 3.5660419e-001
 3.6611366e-001
 3.7007096e-001
 3.6954674e-001
 3.6534119e-001
 3.5770372e-001
 3.4724355e-001
 3.3507621e-001
 3.2556450e-001
 3.2143232e-001
 3.2026958e-001
 3.1900036e-001
 3.1604859e-001
 3.1139815e-001
 3.0502039e-001
 2.9726526e-001
 2.8882328e-001
 2.8019285e-001
 2.7363828e-001
 2.7093863e-001
 2.7110720e-001
 2.7211469e-001
 2.7264985e-001
 2.7138117e-001
 2.6250404e-001
 2.4977578e-001
 2.4241568e-001
 2.4405991e-001
 2.5474885e-001
 2.7236268e-001
 2.9161406e-001
 3.0496487e-001
 3.1286940e-001
 3.1649739e-001
 3.1834167e-001
 3.1921783e-001
 3.1950408e-001
 3.1846803e-001
 3.1637117e-001
 3.1317180e-001
 3.1000009e-001
 3.0727842e-001
 3.0410609e-001
 3.0017224e-001
 2.9769510e-001
 2.9636338e-001
 2.9446226e-001
 2.9179102e-001
 2.8922573e-001
 2.8588548e-001
 2.8043598e-001
 2.7332395e-001
 2.6630017e-001
 2.6156545e-001
 2.5884739e-001
 2.5676477e-001
 2.5475085e-001
 2.5303763e-001
 2.5124648e-001
 2.4869671e-001
