s07_AV97 Record=2206: Muscovite GDS107              BECKa AREF
 2.4209245e-001
 2.4773891e-001
 2.4907805e-001
 2.4604729e-001
 2.4442293e-001
 2.4364774e-001
 2.5009966e-001
 2.8409538e-001
 3.3896226e-001
 3.8818696e-001
 4.1897842e-001
 4.3948680e-001
 4.5897356e-001
 4.7398299e-001
 4.8352480e-001
 4.9381661e-001
 5.0384897e-001
 5.1325840e-001
 5.2079630e-001
 5.2843326e-001
 5.3542709e-001
 5.4171586e-001
 5.4912198e-001
 5.5645394e-001
 5.6404972e-001
 5.7151943e-001
 5.7898092e-001
 5.8657968e-001
 5.9432518e-001
 6.0116696e-001
 6.0909373e-001
 6.1665207e-001
 6.0788631e-001
 6.1532843e-001
 6.2203318e-001
 6.2867755e-001
 6.3346523e-001
 6.3939595e-001
 6.4464062e-001
 6.4970034e-001
 6.5323204e-001
 6.5574527e-001
 6.5876001e-001
 6.6080523e-001
 6.6171288e-001
 6.6265786e-001
 6.6212207e-001
 6.6278034e-001
 6.6257012e-001
 6.6055185e-001
 6.5925616e-001
 6.5782434e-001
 6.5363574e-001
 6.5156811e-001
 6.5081596e-001
 6.5088940e-001
 6.5148127e-001
 6.5173310e-001
 6.5064609e-001
 6.5207988e-001
 6.5756118e-001
 6.5853602e-001
 6.5640247e-001
 6.5681034e-001
 6.5949821e-001
 6.6611952e-001
 6.7002702e-001
 6.7196411e-001
 6.7322743e-001
 6.7432189e-001
 6.7640561e-001
 6.7714781e-001
 6.7817909e-001
 6.7963213e-001
 6.8004268e-001
 6.8349582e-001
 6.8405616e-001
 6.8502665e-001
 6.8611711e-001
 6.8955129e-001
 6.9162518e-001
 6.9299209e-001
 6.9510591e-001
 6.9800580e-001
 7.0078665e-001
 7.0384014e-001
 7.0681304e-001
 7.1053886e-001
 7.1246630e-001
 7.1566284e-001
 7.1836692e-001
 7.2128159e-001
 7.2430700e-001
 7.2516185e-001
 7.3016071e-001
 7.3316920e-001
 7.2730362e-001
 7.3184353e-001
 7.3397171e-001
 7.3633790e-001
 7.3382473e-001
 7.3474050e-001
 7.3527002e-001
 7.3759913e-001
 7.4106538e-001
 7.4649101e-001
 7.4785292e-001
 7.4529094e-001
 7.3778456e-001
 7.2396821e-001
 6.5560019e-001
 5.3495783e-001
 5.0716710e-001
 6.0569310e-001
 7.0726740e-001
 7.4889612e-001
 7.6248902e-001
 7.6923805e-001
 7.7250141e-001
 7.7449131e-001
 7.7790552e-001
 7.8035802e-001
 7.8276479e-001
 7.8734004e-001
 7.8625798e-001
 7.8739172e-001
 7.8947222e-001
 7.9179287e-001
 7.9210675e-001
 7.9431039e-001
 7.9475361e-001
 7.9512167e-001
 7.9471433e-001
 7.9734099e-001
 7.9714239e-001
 7.9766959e-001
 7.9870307e-001
 7.9940307e-001
 7.9756927e-001
 7.9819643e-001
 7.9984140e-001
 8.0040467e-001
 8.0095392e-001
 7.9854661e-001
 8.0022109e-001
 7.9920661e-001
 8.0030978e-001
 7.9569536e-001
 7.9562753e-001
 7.9840857e-001
 7.9807985e-001
 7.9618412e-001
 7.9377311e-001
 7.8943145e-001
 7.8346628e-001
 7.7908701e-001
 7.8158653e-001
 7.8646046e-001
 7.8468901e-001
 7.7678192e-001
 7.7961969e-001
 7.7077866e-001
 7.5978762e-001
 7.4787664e-001
 7.4335051e-001
 7.4305791e-001
 7.4518669e-001
 7.4786305e-001
 7.4901819e-001
 7.5079894e-001
 7.5135684e-001
 7.5301385e-001
 7.5202614e-001
 7.5568593e-001
 7.5688928e-001
 7.5674462e-001
 7.5693762e-001
 7.5460768e-001
 7.5159496e-001
 7.4743241e-001
 7.4406934e-001
 7.3134530e-001
 7.0841122e-001
 6.8833458e-001
 6.7442292e-001
 6.7380410e-001
 6.7451227e-001
 6.6320187e-001
 6.3587785e-001
 5.9364748e-001
 5.2517468e-001
 4.4078809e-001
 3.8639483e-001
 3.9082262e-001
 4.4427136e-001
 5.0540757e-001
 5.4438674e-001
 5.6963903e-001
 5.8956397e-001
 6.0243833e-001
 6.0801375e-001
 6.0245144e-001
 5.8235651e-001
 5.5221188e-001
 5.1359570e-001
 4.7956461e-001
 4.5144066e-001
 4.3369764e-001
 4.3726292e-001
 4.4993827e-001
 4.5216540e-001
 4.5156980e-001
 4.5159900e-001
 4.4349205e-001
 4.2910171e-001
 4.1564226e-001
 4.0721598e-001
 4.0655455e-001
 4.1147047e-001
 4.1990557e-001
 4.2883933e-001
 4.3774951e-001
 4.4655588e-001
 4.5506075e-001
