s07_AV97 Record=3994: Kaolin_Smect KLF508 .85Kaol   BECKb AREF
 1.1713262e-001
 1.2969199e-001
 1.4053896e-001
 1.4961970e-001
 1.5668407e-001
 1.6241236e-001
 1.6782205e-001
 1.7356077e-001
 1.7852746e-001
 1.8149248e-001
 1.8381777e-001
 1.8598151e-001
 1.8907864e-001
 1.9237150e-001
 1.9594260e-001
 1.9970301e-001
 2.0295343e-001
 2.0629379e-001
 2.1004391e-001
 2.1372719e-001
 2.1874180e-001
 2.2406770e-001
 2.3156342e-001
 2.4035974e-001
 2.4936695e-001
 2.5794521e-001
 2.6579478e-001
 2.7234319e-001
 2.7959487e-001
 2.8634179e-001
 2.9375464e-001
 3.0163729e-001
 2.9251897e-001
 3.0013621e-001
 3.0763984e-001
 3.1516036e-001
 3.2222983e-001
 3.2954574e-001
 3.3617702e-001
 3.4265503e-001
 3.4835196e-001
 3.5236195e-001
 3.5659009e-001
 3.5997304e-001
 3.6261627e-001
 3.6424914e-001
 3.6636195e-001
 3.6852297e-001
 3.7020928e-001
 3.7195003e-001
 3.7345621e-001
 3.7679246e-001
 3.7693015e-001
 3.7878892e-001
 3.8155383e-001
 3.8529554e-001
 3.9074856e-001
 3.9253247e-001
 3.9776680e-001
 3.9909333e-001
 4.0713027e-001
 4.1128018e-001
 4.1490278e-001
 4.2035627e-001
 4.2846030e-001
 4.3523419e-001
 4.3976128e-001
 4.4531259e-001
 4.5136723e-001
 4.5687908e-001
 4.6088457e-001
 4.6592510e-001
 4.7089314e-001
 4.7467381e-001
 4.7964165e-001
 4.8310158e-001
 4.8800868e-001
 4.9122775e-001
 4.9654552e-001
 4.9960011e-001
 5.0230742e-001
 5.0731808e-001
 5.1184422e-001
 5.1502901e-001
 5.1614338e-001
 5.2031541e-001
 5.2472270e-001
 5.2888560e-001
 5.3219503e-001
 5.3696233e-001
 5.3787941e-001
 5.4165781e-001
 5.4328364e-001
 5.4734665e-001
 5.5069566e-001
 5.5266631e-001
 5.4921091e-001
 5.5130363e-001
 5.5439198e-001
 5.5736262e-001
 5.5774784e-001
 5.5792737e-001
 5.5889052e-001
 5.6030816e-001
 5.6118906e-001
 5.5945969e-001
 5.5630606e-001
 5.5214053e-001
 5.3707713e-001
 5.0051558e-001
 4.8508546e-001
 4.7634643e-001
 4.5174259e-001
 4.9772409e-001
 5.2859348e-001
 5.4354048e-001
 5.5010259e-001
 5.5452698e-001
 5.6065929e-001
 5.6885225e-001
 5.7581794e-001
 5.8224297e-001
 5.8775842e-001
 5.9465033e-001
 5.9781444e-001
 6.0110974e-001
 6.0594541e-001
 6.0998553e-001
 6.1253333e-001
 6.1489886e-001
 6.1809760e-001
 6.1946028e-001
 6.2103170e-001
 6.2334311e-001
 6.2574959e-001
 6.2719244e-001
 6.2922597e-001
 6.2936032e-001
 6.3086694e-001
 6.3221335e-001
 6.3479090e-001
 6.3659757e-001
 6.3519484e-001
 6.3237292e-001
 6.3298064e-001
 6.3167632e-001
 6.3163829e-001
 6.2964749e-001
 6.2677848e-001
 6.2679064e-001
 6.2317449e-001
 6.1941868e-001
 6.2013167e-001
 6.1691177e-001
 6.1777782e-001
 6.1729616e-001
 6.1643404e-001
 6.0862947e-001
 5.8183205e-001
 5.4204428e-001
 5.5575687e-001
 5.0845379e-001
 4.5070851e-001
 4.0806106e-001
 4.0814364e-001
 4.2964566e-001
 4.4707289e-001
 4.5981681e-001
 4.7010258e-001
 4.8035958e-001
 4.9040896e-001
 5.0198561e-001
 5.1039726e-001
 5.2165014e-001
 5.3234982e-001
 5.3913361e-001
 5.4406887e-001
 5.4762506e-001
 5.5102056e-001
 5.5086511e-001
 5.4974926e-001
 5.4756063e-001
 5.4611015e-001
 5.4194456e-001
 5.3720772e-001
 5.3290647e-001
 5.1461989e-001
 4.8118436e-001
 4.4057608e-001
 4.1338435e-001
 3.9958319e-001
 3.9171946e-001
 3.7189221e-001
 3.5840335e-001
 4.1630599e-001
 4.6427718e-001
 4.7135174e-001
 4.7554427e-001
 4.7591877e-001
 4.7319973e-001
 4.6538499e-001
 4.5575157e-001
 4.4287384e-001
 4.2714393e-001
 4.1698125e-001
 4.1205829e-001
 4.0758267e-001
 3.9561287e-001
 3.8536230e-001
 3.7872598e-001
 3.6518404e-001
 3.5531169e-001
 3.5535935e-001
 3.5423604e-001
 3.4845516e-001
 3.3965558e-001
 3.3014795e-001
 3.2211635e-001
 3.1599915e-001
 3.0917376e-001
 3.0143148e-001
 2.9327443e-001
 2.8548902e-001
 2.7864733e-001
