s07_AV97 Record=1801: Kaolinite GDS11 <63um         BECKb AREF
 4.4148669e-001
 4.8674190e-001
 5.2314669e-001
 5.5387187e-001
 5.7764649e-001
 5.9837931e-001
 6.1562186e-001
 6.3187099e-001
 6.4852798e-001
 6.6121268e-001
 6.7129248e-001
 6.8120760e-001
 6.9106913e-001
 7.0017773e-001
 7.0877117e-001
 7.1723104e-001
 7.2492969e-001
 7.3118502e-001
 7.3682445e-001
 7.4192286e-001
 7.4646831e-001
 7.5376970e-001
 7.5975722e-001
 7.6463681e-001
 7.7013993e-001
 7.7602750e-001
 7.8041559e-001
 7.8519982e-001
 7.8872567e-001
 7.9335749e-001
 7.9948354e-001
 8.0264503e-001
 7.9873335e-001
 8.0170536e-001
 8.0748618e-001
 8.1222963e-001
 8.1719851e-001
 8.2091171e-001
 8.2792825e-001
 8.3215070e-001
 8.3790833e-001
 8.3868587e-001
 8.4111202e-001
 8.4438556e-001
 8.4837919e-001
 8.4850198e-001
 8.5012287e-001
 8.5232109e-001
 8.5180724e-001
 8.4993988e-001
 8.5189784e-001
 8.5553175e-001
 8.5722566e-001
 8.5637194e-001
 8.5544574e-001
 8.5711384e-001
 8.6115384e-001
 8.6299801e-001
 8.5720915e-001
 8.5834140e-001
 8.5587835e-001
 8.5401249e-001
 8.4680855e-001
 8.3971047e-001
 8.5328841e-001
 8.6010343e-001
 8.6478251e-001
 8.6257732e-001
 8.6162722e-001
 8.6227047e-001
 8.6244971e-001
 8.6195707e-001
 8.6369407e-001
 8.6243331e-001
 8.6209369e-001
 8.6286211e-001
 8.6156374e-001
 8.6247408e-001
 8.6119992e-001
 8.6126649e-001
 8.6180323e-001
 8.5995787e-001
 8.6307824e-001
 8.6096972e-001
 8.6053890e-001
 8.6051887e-001
 8.6116987e-001
 8.6134768e-001
 8.5792565e-001
 8.5542828e-001
 8.5387343e-001
 8.4518558e-001
 8.3828443e-001
 8.4450585e-001
 8.4684294e-001
 8.4876227e-001
 8.4565008e-001
 8.4846652e-001
 8.4676123e-001
 8.3529985e-001
 8.1825328e-001
 8.0457699e-001
 7.9670757e-001
 7.8923887e-001
 7.8552735e-001
 7.8129625e-001
 7.4942863e-001
 7.3894387e-001
 7.2479087e-001
 6.6861463e-001
 5.9647822e-001
 6.0176569e-001
 5.9498429e-001
 7.3740560e-001
 8.0370742e-001
 8.2290322e-001
 8.3094990e-001
 8.3791649e-001
 8.4376907e-001
 8.4757823e-001
 8.5032207e-001
 8.5242969e-001
 8.5484070e-001
 8.5939592e-001
 8.6156070e-001
 8.6254579e-001
 8.6429769e-001
 8.6495870e-001
 8.6135161e-001
 8.6638069e-001
 8.6808372e-001
 8.6610419e-001
 8.6583412e-001
 8.6910045e-001
 8.6617839e-001
 8.6832428e-001
 8.6894041e-001
 8.6612821e-001
 8.6529028e-001
 8.6345702e-001
 8.6308342e-001
 8.5951900e-001
 8.5866344e-001
 8.5616702e-001
 8.5808581e-001
 8.5285664e-001
 8.4722447e-001
 8.4072822e-001
 8.3653396e-001
 8.2593787e-001
 8.1450516e-001
 8.0951989e-001
 8.0292201e-001
 8.0184937e-001
 8.0675942e-001
 8.0744284e-001
 8.1188142e-001
 8.1924522e-001
 8.1452173e-001
 7.9384017e-001
 8.0142367e-001
 7.8201437e-001
 7.6566422e-001
 7.4507487e-001
 7.4389696e-001
 7.4956286e-001
 7.4768364e-001
 7.4785930e-001
 7.4811280e-001
 7.5262129e-001
 7.5380230e-001
 7.5249094e-001
 7.5236368e-001
 7.4910623e-001
 7.4622941e-001
 7.4650228e-001
 7.3870534e-001
 7.2918612e-001
 7.2176784e-001
 7.1172792e-001
 6.9502401e-001
 6.8234587e-001
 6.7392713e-001
 6.5555292e-001
 6.4069021e-001
 6.3274294e-001
 5.8539623e-001
 5.1289487e-001
 4.5771945e-001
 4.4825482e-001
 4.5916671e-001
 4.5515165e-001
 4.0837049e-001
 3.8357413e-001
 4.7687605e-001
 5.5907023e-001
 5.6080401e-001
 5.5539131e-001
 5.5006886e-001
 5.3846276e-001
 5.2533466e-001
 5.1224470e-001
 4.9121422e-001
 4.7668639e-001
 4.6599185e-001
 4.6330470e-001
 4.6663898e-001
 4.5800203e-001
 4.4524610e-001
 4.3766186e-001
 4.1992632e-001
 4.1677696e-001
 4.2805985e-001
 4.3349528e-001
 4.2772946e-001
 4.1427210e-001
 3.9791822e-001
 3.8331008e-001
 3.7232780e-001
 3.6150500e-001
 3.5139903e-001
 3.4237465e-001
 3.3502153e-001
 3.2958266e-001
