s07_AV97 Record=1368: Grossular WS484 Garnet       NIC4bb RREF
-1.2300000e+034
-1.2300000e+034
-1.2300000e+034
-1.2300000e+034
-1.2300000e+034
-1.2300000e+034
-1.2300000e+034
-1.2300000e+034
-1.2300000e+034
-1.2300000e+034
-1.2300000e+034
-1.2300000e+034
-1.2300000e+034
-1.2300000e+034
-1.2300000e+034
-1.2300000e+034
-1.2300000e+034
-1.2300000e+034
-1.2300000e+034
-1.2300000e+034
-1.2300000e+034
-1.2300000e+034
-1.2300000e+034
-1.2300000e+034
-1.2300000e+034
-1.2300000e+034
-1.2300000e+034
-1.2300000e+034
-1.2300000e+034
-1.2300000e+034
-1.2300000e+034
-1.2300000e+034
-1.2300000e+034
-1.2300000e+034
-1.2300000e+034
-1.2300000e+034
-1.2300000e+034
-1.2300000e+034
-1.2300000e+034
-1.2300000e+034
-1.2300000e+034
-1.2300000e+034
-1.2300000e+034
-1.2300000e+034
-1.2300000e+034
-1.2300000e+034
-1.2300000e+034
-1.2300000e+034
-1.2300000e+034
-1.2300000e+034
-1.2300000e+034
-1.2300000e+034
-1.2300000e+034
-1.2300000e+034
-1.2300000e+034
-1.2300000e+034
-1.2300000e+034
-1.2300000e+034
-1.2300000e+034
-1.2300000e+034
-1.2300000e+034
-1.2300000e+034
-1.2300000e+034
-1.2300000e+034
-1.2300000e+034
-1.2300000e+034
-1.2300000e+034
-1.2300000e+034
-1.2300000e+034
-1.2300000e+034
-1.2300000e+034
-1.2300000e+034
-1.2300000e+034
-1.2300000e+034
-1.2300000e+034
-1.2300000e+034
-1.2300000e+034
-1.2300000e+034
-1.2300000e+034
-1.2300000e+034
-1.2300000e+034
-1.2300000e+034
-1.2300000e+034
-1.2300000e+034
-1.2300000e+034
-1.2300000e+034
-1.2300000e+034
-1.2300000e+034
-1.2300000e+034
-1.2300000e+034
-1.2300000e+034
-1.2300000e+034
-1.2300000e+034
-1.2300000e+034
-1.2300000e+034
-1.2300000e+034
-1.2300000e+034
-1.2300000e+034
-1.2300000e+034
-1.2300000e+034
-1.2300000e+034
-1.2300000e+034
-1.2300000e+034
-1.2300000e+034
-1.2300000e+034
-1.2300000e+034
-1.2300000e+034
-1.2300000e+034
-1.2300000e+034
-1.2300000e+034
-1.2300000e+034
-1.2300000e+034
-1.2300000e+034
-1.2300000e+034
-1.2300000e+034
-1.2300000e+034
-1.2300000e+034
-1.2300000e+034
-1.2300000e+034
-1.2300000e+034
-1.2300000e+034
-1.2300000e+034
-1.2300000e+034
-1.2300000e+034
-1.2300000e+034
-1.2300000e+034
-1.2300000e+034
-1.2300000e+034
-1.2300000e+034
-1.2300000e+034
-1.2300000e+034
-1.2300000e+034
-1.2300000e+034
-1.2300000e+034
-1.2300000e+034
-1.2300000e+034
-1.2300000e+034
-1.2300000e+034
-1.2300000e+034
-1.2300000e+034
-1.2300000e+034
-1.2300000e+034
-1.2300000e+034
-1.2300000e+034
-1.2300000e+034
-1.2300000e+034
 6.2268025e-001
 6.2560892e-001
 6.2818569e-001
 6.3026929e-001
 6.3252491e-001
 6.3511723e-001
 6.3766104e-001
 6.4096105e-001
 6.4437544e-001
 6.4738613e-001
 6.4975667e-001
 6.5171504e-001
 6.5410829e-001
 6.5507483e-001
 6.5473443e-001
 6.5635449e-001
 6.5867049e-001
 6.6087222e-001
 6.6304994e-001
 6.6525704e-001
 6.6738969e-001
 6.6909570e-001
 6.7057043e-001
 6.7185628e-001
 6.7337435e-001
 6.7532402e-001
 6.7758161e-001
 6.7950749e-001
 6.8145311e-001
 6.8331152e-001
 6.8478590e-001
 6.8593264e-001
 6.8679172e-001
 6.8721271e-001
 6.8757319e-001
 6.8856388e-001
 6.8950212e-001
 6.9062489e-001
 6.9179767e-001
 6.9248259e-001
 6.9250411e-001
 6.9162679e-001
 6.8971235e-001
 6.8671012e-001
 6.8378520e-001
 6.8187988e-001
 6.8095595e-001
 6.8206465e-001
 6.8348604e-001
 6.8405867e-001
 6.8465269e-001
 6.8500251e-001
 6.8326306e-001
 6.8556798e-001
 6.8697619e-001
 6.8650377e-001
 6.8704844e-001
 6.8561745e-001
 6.8266779e-001
 6.7849499e-001
 6.7305356e-001
 6.6814291e-001
 6.6442597e-001
 6.6329461e-001
 6.6422307e-001
 6.6605842e-001
 6.6793597e-001
 6.6763455e-001
 6.6553849e-001
 6.6264433e-001
 6.6022843e-001
 6.5806663e-001
 6.5563005e-001
 6.5215254e-001
 6.4960879e-001
 6.4790589e-001
 6.4729840e-001
 6.4832139e-001
