s07_AV97 Record=463: Antigorite NMNH96917.d 70um   BECKb AREF
 2.3184326e-001
 2.2922097e-001
 2.3211890e-001
 2.3765619e-001
 2.4277623e-001
 2.5236323e-001
 2.6217178e-001
 2.7117088e-001
 2.7218747e-001
 2.7949467e-001
 2.8799769e-001
 3.0065107e-001
 3.1073800e-001
 3.1494051e-001
 3.2171834e-001
 3.2547045e-001
 3.2182366e-001
 3.1752959e-001
 3.1942749e-001
 3.1679067e-001
 3.1247684e-001
 3.1014341e-001
 3.0418161e-001
 2.9773974e-001
 2.9510605e-001
 2.9024258e-001
 2.8228393e-001
 2.7925736e-001
 2.7405477e-001
 2.7098832e-001
 2.6698536e-001
 2.6464826e-001
 2.6743749e-001
 2.6562485e-001
 2.6210710e-001
 2.5748247e-001
 2.6001626e-001
 2.5867453e-001
 2.6303738e-001
 2.6288295e-001
 2.6498258e-001
 2.6757133e-001
 2.6928365e-001
 2.7480239e-001
 2.8392145e-001
 2.9043379e-001
 2.8757915e-001
 2.9144996e-001
 2.9778019e-001
 3.0368057e-001
 3.0666164e-001
 3.0343691e-001
 2.9158589e-001
 2.7821830e-001
 2.7249283e-001
 2.7561772e-001
 2.7599967e-001
 2.7336365e-001
 2.7638695e-001
 2.7515540e-001
 2.6904106e-001
 2.7402660e-001
 2.7279866e-001
 2.7419901e-001
 2.7904478e-001
 2.8029862e-001
 2.8100446e-001
 2.7681980e-001
 2.7544528e-001
 2.7447104e-001
 2.7643707e-001
 2.7627388e-001
 2.7537313e-001
 2.7602565e-001
 2.7623078e-001
 2.7877077e-001
 2.8271016e-001
 2.8950605e-001
 2.9266271e-001
 2.9570594e-001
 2.9626119e-001
 3.0146873e-001
 3.0173188e-001
 3.0574003e-001
 3.1067345e-001
 3.1332636e-001
 3.1798047e-001
 3.1618607e-001
 3.2502988e-001
 3.3185819e-001
 3.3696246e-001
 3.4046537e-001
 3.4029987e-001
 3.4593815e-001
 3.4736097e-001
 3.5692817e-001
 3.4561229e-001
 3.5306668e-001
 3.5704175e-001
 3.5812655e-001
 3.6340460e-001
 3.6597452e-001
 3.7281948e-001
 3.7713125e-001
 3.7888113e-001
 3.8538024e-001
 3.8754565e-001
 3.8662428e-001
 3.8623399e-001
 3.5849252e-001
 3.3865866e-001
 3.5605139e-001
 3.8429257e-001
 4.0211961e-001
 4.0853700e-001
 4.1168150e-001
 4.1913375e-001
 4.2324021e-001
 4.2608869e-001
 4.3033180e-001
 4.3286645e-001
 4.3632707e-001
 4.3586019e-001
 4.4324619e-001
 4.4171765e-001
 4.4442484e-001
 4.4649306e-001
 4.5014346e-001
 4.5319536e-001
 4.5219478e-001
 4.5396993e-001
 4.5542550e-001
 4.5986804e-001
 4.6169236e-001
 4.6010655e-001
 4.6140572e-001
 4.6701092e-001
 4.6470618e-001
 4.6552458e-001
 4.6918109e-001
 4.6852246e-001
 4.6612078e-001
 4.6684739e-001
 4.7246960e-001
 4.7063947e-001
 4.7417545e-001
 4.6950799e-001
 4.6656924e-001
 4.7148719e-001
 4.6715149e-001
 4.7291771e-001
 4.7408566e-001
 4.7162834e-001
 4.7696695e-001
 4.7256407e-001
 4.7063556e-001
 4.7311476e-001
 4.7908899e-001
 4.7568387e-001
 4.7386009e-001
 4.7319534e-001
 4.7416186e-001
 4.7099096e-001
 4.6344465e-001
 4.6249914e-001
 4.6714664e-001
 4.5515943e-001
 4.5172179e-001
 4.4965479e-001
 4.4665977e-001
 4.4226661e-001
 4.4673517e-001
 4.4988033e-001
 4.4735044e-001
 4.5592839e-001
 4.6375123e-001
 4.6285155e-001
 4.6889862e-001
 4.6819144e-001
 4.6615854e-001
 4.6462598e-001
 4.6127692e-001
 4.6393305e-001
 4.5995185e-001
 4.5578995e-001
 4.6043029e-001
 4.6193799e-001
 4.6113968e-001
 4.6386063e-001
 4.6590406e-001
 4.6542507e-001
 4.7055873e-001
 4.6863753e-001
 4.5834905e-001
 4.4991520e-001
 4.4540930e-001
 4.2050144e-001
 4.0676025e-001
 4.0244001e-001
 3.8482416e-001
 3.5132399e-001
 3.3528063e-001
 3.4277576e-001
 3.0719766e-001
 2.6802260e-001
 2.9152548e-001
 3.2125589e-001
 3.4415960e-001
 3.6489359e-001
 3.6823061e-001
 3.5229850e-001
 3.4089187e-001
 3.5052121e-001
 3.5264677e-001
 3.4558490e-001
 3.4121332e-001
 3.3869162e-001
 3.3425152e-001
 3.2897705e-001
 3.2404727e-001
 3.2172787e-001
 3.2100499e-001
 3.2032260e-001
 3.1877378e-001
