s07_AV97 Record=1568: Howlite GDS155              NIC4aau RREF
-1.2300000e+034
-1.2300000e+034
-1.2300000e+034
-1.2300000e+034
-1.2300000e+034
-1.2300000e+034
-1.2300000e+034
-1.2300000e+034
-1.2300000e+034
-1.2300000e+034
-1.2300000e+034
-1.2300000e+034
-1.2300000e+034
-1.2300000e+034
-1.2300000e+034
-1.2300000e+034
-1.2300000e+034
-1.2300000e+034
-1.2300000e+034
-1.2300000e+034
-1.2300000e+034
-1.2300000e+034
-1.2300000e+034
-1.2300000e+034
-1.2300000e+034
-1.2300000e+034
-1.2300000e+034
-1.2300000e+034
-1.2300000e+034
-1.2300000e+034
-1.2300000e+034
-1.2300000e+034
-1.2300000e+034
-1.2300000e+034
-1.2300000e+034
-1.2300000e+034
-1.2300000e+034
-1.2300000e+034
-1.2300000e+034
-1.2300000e+034
-1.2300000e+034
-1.2300000e+034
-1.2300000e+034
-1.2300000e+034
-1.2300000e+034
-1.2300000e+034
-1.2300000e+034
-1.2300000e+034
-1.2300000e+034
-1.2300000e+034
-1.2300000e+034
-1.2300000e+034
-1.2300000e+034
-1.2300000e+034
-1.2300000e+034
-1.2300000e+034
-1.2300000e+034
-1.2300000e+034
-1.2300000e+034
-1.2300000e+034
-1.2300000e+034
-1.2300000e+034
-1.2300000e+034
-1.2300000e+034
-1.2300000e+034
-1.2300000e+034
-1.2300000e+034
-1.2300000e+034
-1.2300000e+034
-1.2300000e+034
-1.2300000e+034
-1.2300000e+034
-1.2300000e+034
-1.2300000e+034
-1.2300000e+034
-1.2300000e+034
-1.2300000e+034
-1.2300000e+034
-1.2300000e+034
-1.2300000e+034
-1.2300000e+034
-1.2300000e+034
-1.2300000e+034
-1.2300000e+034
-1.2300000e+034
-1.2300000e+034
-1.2300000e+034
-1.2300000e+034
-1.2300000e+034
-1.2300000e+034
-1.2300000e+034
-1.2300000e+034
-1.2300000e+034
-1.2300000e+034
-1.2300000e+034
-1.2300000e+034
-1.2300000e+034
-1.2300000e+034
-1.2300000e+034
-1.2300000e+034
-1.2300000e+034
-1.2300000e+034
-1.2300000e+034
-1.2300000e+034
-1.2300000e+034
-1.2300000e+034
-1.2300000e+034
-1.2300000e+034
-1.2300000e+034
-1.2300000e+034
-1.2300000e+034
-1.2300000e+034
-1.2300000e+034
-1.2300000e+034
 6.2600160e-001
 5.6825888e-001
 5.3637236e-001
 5.0660115e-001
 4.8054478e-001
 4.6327338e-001
 4.5091435e-001
 4.4190353e-001
 4.3611723e-001
 4.3772542e-001
 4.4759396e-001
 4.5586047e-001
 4.6170437e-001
 4.6618408e-001
 4.6939075e-001
 4.7170791e-001
 4.7333789e-001
 4.7550157e-001
 4.7793275e-001
 4.8049831e-001
 4.8339602e-001
 4.8691708e-001
 4.9061367e-001
 4.9475464e-001
 4.9910548e-001
 5.0350124e-001
 5.0757730e-001
 5.1131332e-001
 5.1458430e-001
 5.1780534e-001
 5.2155280e-001
 5.2523768e-001
 5.2854663e-001
 5.3153706e-001
 5.3398192e-001
 5.3628594e-001
 5.3845012e-001
 5.4008150e-001
 5.4152513e-001
 5.4329431e-001
 5.4513979e-001
 5.4685163e-001
 5.4755235e-001
 5.4761571e-001
 5.4793876e-001
 5.4704261e-001
 5.4734451e-001
 5.4690260e-001
 5.4721600e-001
 5.4703355e-001
 5.4639596e-001
 5.4560667e-001
 5.4496986e-001
 5.4414624e-001
 5.4309851e-001
 5.4188460e-001
 5.4031694e-001
 5.3715146e-001
 5.3251207e-001
 5.2861023e-001
 5.2595586e-001
 5.1834196e-001
 5.2121568e-001
 5.2251607e-001
 5.1593107e-001
 5.0063747e-001
 4.7355962e-001
 4.4481206e-001
 4.2014387e-001
 4.0279159e-001
 3.7665430e-001
 3.5498795e-001
 3.6669630e-001
 3.7050483e-001
 3.5929725e-001
 3.6435792e-001
 3.8414121e-001
 4.0163034e-001
 4.1313311e-001
 4.1463807e-001
 4.1124567e-001
 4.0435261e-001
 3.9891872e-001
 4.0125051e-001
 4.1301852e-001
 4.2677709e-001
 4.3498054e-001
 4.3563882e-001
 4.3233204e-001
 4.3424818e-001
 4.3997017e-001
 4.4803274e-001
 4.5555758e-001
 4.5002651e-001
 4.4391996e-001
 4.4221577e-001
 4.3459371e-001
 4.1955951e-001
 4.0006039e-001
 3.7429738e-001
 3.4455183e-001
 3.2118005e-001
 3.0575940e-001
 2.8527841e-001
 2.6540747e-001
 2.7329901e-001
 3.0333173e-001
 3.2603264e-001
 3.4405851e-001
 3.5830960e-001
