s07_AV97 Record=1384: Gypsum HS333.3B (Selenite)   ASDFRa AREF
 7.7945161e-001
 7.8566509e-001
 7.8890800e-001
 7.9195184e-001
 7.9485232e-001
 7.9817098e-001
 8.0210030e-001
 8.0627090e-001
 8.1063426e-001
 8.1460601e-001
 8.1828058e-001
 8.2154012e-001
 8.2454920e-001
 8.2731777e-001
 8.3013564e-001
 8.3281881e-001
 8.3521271e-001
 8.3723730e-001
 8.3911765e-001
 8.4098923e-001
 8.4286338e-001
 8.4457755e-001
 8.4552526e-001
 8.4620178e-001
 8.4705806e-001
 8.4841204e-001
 8.4876525e-001
 8.4907889e-001
 8.4939551e-001
 8.4962153e-001
 8.4987587e-001
 8.5021967e-001
 8.4982598e-001
 8.5016453e-001
 8.5053593e-001
 8.5096025e-001
 8.5091007e-001
 8.5059649e-001
 8.5008395e-001
 8.4948617e-001
 8.4870785e-001
 8.4718227e-001
 8.4568673e-001
 8.4502447e-001
 8.4525621e-001
 8.4622258e-001
 8.4754270e-001
 8.4874904e-001
 8.4950858e-001
 8.4946054e-001
 8.4866893e-001
 8.4648013e-001
 8.4449673e-001
 8.4323561e-001
 8.4346008e-001
 8.4366941e-001
 8.4322011e-001
 8.4123313e-001
 8.3949322e-001
 8.3910728e-001
 8.3930403e-001
 8.3760834e-001
 8.3296275e-001
 8.2570726e-001
 8.1677383e-001
 8.0621415e-001
 7.9698592e-001
 7.9277933e-001
 7.9987073e-001
 8.1162280e-001
 8.2310581e-001
 8.3192557e-001
 8.3846760e-001
 8.4202921e-001
 8.4388024e-001
 8.4393972e-001
 8.4206945e-001
 8.3880472e-001
 8.3376455e-001
 8.2959926e-001
 8.2507157e-001
 8.1998426e-001
 8.0834019e-001
 7.8607428e-001
 7.5753200e-001
 7.2734231e-001
 7.1380353e-001
 7.1075249e-001
 7.0776701e-001
 7.1123242e-001
 7.2330183e-001
 7.2843093e-001
 7.3807132e-001
 7.5198853e-001
 7.5784713e-001
 7.6205647e-001
 7.5523174e-001
 7.6011544e-001
 7.6388747e-001
 7.6525736e-001
 7.6383579e-001
 7.5926679e-001
 7.4986190e-001
 7.3640609e-001
 7.1961129e-001
 6.9751585e-001
 6.7459565e-001
 6.5603822e-001
 6.3881564e-001
 6.2702310e-001
 6.1434942e-001
 5.8385009e-001
 5.3235477e-001
 4.7471017e-001
 4.1857553e-001
 3.5341567e-001
 3.6202958e-001
 3.9953461e-001
 4.1399297e-001
 4.1217738e-001
 4.0679550e-001
 4.3776360e-001
 4.6209106e-001
 4.6418950e-001
 4.5480016e-001
 4.6135429e-001
 4.9497148e-001
 5.2893013e-001
 5.5481732e-001
 5.7477468e-001
 5.9381777e-001
 6.1479634e-001
 6.3421738e-001
 6.5078652e-001
 6.6611505e-001
 6.8034762e-001
 6.9162393e-001
 6.9831198e-001
 6.9919378e-001
 6.9434488e-001
 6.7885989e-001
 6.4963847e-001
 6.0588199e-001
 5.5437291e-001
 5.0403976e-001
 4.6560794e-001
 4.5666999e-001
 4.7260273e-001
 4.8337314e-001
 4.9735194e-001
 5.2401555e-001
 5.4864502e-001
 5.6364751e-001
 5.7317221e-001
 5.7527560e-001
 5.6916970e-001
 5.4961145e-001
 5.0950778e-001
 4.5061374e-001
 3.8074294e-001
 4.0904596e-001
 3.4017920e-001
 2.7967346e-001
 2.2670171e-001
 1.7969197e-001
 1.3642266e-001
 1.0935498e-001
 1.0790642e-001
 1.2815695e-001
 1.4293443e-001
 1.5328285e-001
 1.7801498e-001
 2.3622189e-001
 2.9961619e-001
 3.4258997e-001
 3.7055328e-001
 3.8886541e-001
 4.0018177e-001
 4.0211448e-001
 4.0091676e-001
 4.0102237e-001
 3.9448345e-001
 3.8262853e-001
 3.6864075e-001
 3.5373124e-001
 3.4122816e-001
 3.3072740e-001
 3.1990671e-001
 3.0684581e-001
 2.9509982e-001
 2.8761891e-001
 2.8402182e-001
 2.7556947e-001
 2.6261401e-001
 2.5744772e-001
 2.7286732e-001
 2.8657019e-001
 2.8971899e-001
 2.8447136e-001
 2.7919298e-001
 2.9160145e-001
 3.0577034e-001
 3.1223121e-001
 3.1480393e-001
 3.1467932e-001
 3.1154588e-001
 3.0258575e-001
 2.8938878e-001
 2.7277839e-001
 2.5202149e-001
 2.2673582e-001
 1.9822112e-001
 1.6859217e-001
 1.4414270e-001
 1.2943178e-001
 1.2227698e-001
 1.1649650e-001
 1.1337283e-001
 1.1042882e-001
 1.0360400e-001
 9.9719375e-002
 9.8049805e-002
 9.7075202e-002
-1.2300000e+034
