s07_AV97 Record=1560: Hornblende_Mg NMNH117329      BECKb AREF
 1.0928520e-001
 1.1411294e-001
 1.1862838e-001
 1.2324795e-001
 1.2738204e-001
 1.3322967e-001
 1.4025266e-001
 1.4572918e-001
 1.4915989e-001
 1.5531181e-001
 1.6168217e-001
 1.6838890e-001
 1.7452678e-001
 1.7938536e-001
 1.8437579e-001
 1.8885779e-001
 1.9223659e-001
 1.9504341e-001
 1.9751769e-001
 2.0019558e-001
 2.0422013e-001
 2.0572862e-001
 2.0651439e-001
 2.0754308e-001
 2.0785049e-001
 2.0825855e-001
 2.0839490e-001
 2.0828614e-001
 2.0871760e-001
 2.0942061e-001
 2.1043377e-001
 2.1145813e-001
 2.1030809e-001
 2.1124728e-001
 2.1267813e-001
 2.1418583e-001
 2.1520425e-001
 2.1740665e-001
 2.2042260e-001
 2.2363631e-001
 2.2710875e-001
 2.3203079e-001
 2.3681334e-001
 2.4227932e-001
 2.4781477e-001
 2.5332555e-001
 2.5785848e-001
 2.6131043e-001
 2.6498926e-001
 2.6621565e-001
 2.6828030e-001
 2.6710516e-001
 2.6501632e-001
 2.6477695e-001
 2.6112807e-001
 2.5920388e-001
 2.6313284e-001
 2.6029277e-001
 2.5771233e-001
 2.5648820e-001
 2.5697473e-001
 2.5250491e-001
 2.5087696e-001
 2.4904518e-001
 2.4573459e-001
 2.4299859e-001
 2.4074623e-001
 2.3834261e-001
 2.3527610e-001
 2.3530000e-001
 2.3734742e-001
 2.4058768e-001
 2.4793655e-001
 2.5618485e-001
 2.6604861e-001
 2.7723202e-001
 2.8857890e-001
 2.9981950e-001
 3.0962041e-001
 3.1819284e-001
 3.2712269e-001
 3.3440220e-001
 3.4053195e-001
 3.4708971e-001
 3.5310349e-001
 3.5861644e-001
 3.6507022e-001
 3.7210840e-001
 3.7729391e-001
 3.8263902e-001
 3.8904133e-001
 3.9593717e-001
 4.0183195e-001
 4.0858558e-001
 4.1460493e-001
 4.2133057e-001
 4.1136047e-001
 4.1814980e-001
 4.2474836e-001
 4.3149039e-001
 4.3896547e-001
 4.4581848e-001
 4.5187873e-001
 4.5867136e-001
 4.6517736e-001
 4.7071382e-001
 4.7764620e-001
 4.8212966e-001
 4.8330876e-001
 4.8224333e-001
 4.6700740e-001
 4.8772764e-001
 5.1018667e-001
 5.2026850e-001
 5.2649361e-001
 5.3248507e-001
 5.3790063e-001
 5.4339296e-001
 5.4817480e-001
 5.5316663e-001
 5.5804950e-001
 5.6448507e-001
 5.6950539e-001
 5.7416463e-001
 5.7719648e-001
 5.8134514e-001
 5.8553094e-001
 5.9044003e-001
 5.9342253e-001
 5.9671193e-001
 6.0126394e-001
 6.0428697e-001
 6.0835981e-001
 6.1012787e-001
 6.1398882e-001
 6.1769778e-001
 6.2067056e-001
 6.2229204e-001
 6.2488157e-001
 6.2717211e-001
 6.3177496e-001
 6.3528097e-001
 6.3536215e-001
 6.3637382e-001
 6.3950324e-001
 6.3900739e-001
 6.4315313e-001
 6.4547247e-001
 6.4659858e-001
 6.4685851e-001
 6.4984804e-001
 6.4989477e-001
 6.4832544e-001
 6.4830256e-001
 6.4935869e-001
 6.4922589e-001
 6.5021485e-001
 6.4857370e-001
 6.4886993e-001
 6.4799547e-001
 6.4872724e-001
 6.4753526e-001
 6.4666724e-001
 6.4467674e-001
 6.4398056e-001
 6.4225674e-001
 6.4209223e-001
 6.3956243e-001
 6.4035815e-001
 6.3867223e-001
 6.3677448e-001
 6.3482565e-001
 6.3209575e-001
 6.3217300e-001
 6.2910855e-001
 6.2657243e-001
 6.2800229e-001
 6.2665313e-001
 6.2038517e-001
 6.1394197e-001
 6.1240059e-001
 6.0569268e-001
 6.0271615e-001
 6.0173500e-001
 5.9526110e-001
 5.9390968e-001
 5.9348553e-001
 5.9330577e-001
 5.9052479e-001
 5.8452010e-001
 5.8038628e-001
 5.7872719e-001
 5.7587218e-001
 5.7453966e-001
 5.6842971e-001
 5.6186330e-001
 5.5603933e-001
 5.4605275e-001
 5.4252160e-001
 5.3902012e-001
 5.2664065e-001
 4.9638155e-001
 4.7080240e-001
 4.5243785e-001
 4.4283861e-001
 4.6788061e-001
 5.0316292e-001
 5.0901479e-001
 5.0927246e-001
 4.9804500e-001
 4.7482738e-001
 4.6292830e-001
 4.7581717e-001
 4.9341249e-001
 5.0510812e-001
 5.0870007e-001
 5.0779569e-001
 5.0711733e-001
 5.0772732e-001
 5.0929010e-001
 5.1139671e-001
 5.1402116e-001
 5.1721311e-001
 5.2087802e-001
