s07_AV97 Record=2358: Niter GDS43 (K-Saltpeter)     BECKa AREF
 8.1249720e-001
 8.1901824e-001
 8.2077897e-001
 8.2135367e-001
 8.2269877e-001
 8.2243419e-001
 8.2470155e-001
 8.2837522e-001
 8.3033866e-001
 8.3310944e-001
 8.3517855e-001
 8.3680236e-001
 8.3809775e-001
 8.3920324e-001
 8.3991641e-001
 8.4041512e-001
 8.4122014e-001
 8.4100997e-001
 8.4073496e-001
 8.4053314e-001
 8.3976573e-001
 8.4083271e-001
 8.4219813e-001
 8.4123254e-001
 8.3951730e-001
 8.3895522e-001
 8.4029645e-001
 8.4166342e-001
 8.4222537e-001
 8.4398752e-001
 8.4378672e-001
 8.4387743e-001
 8.4385574e-001
 8.4370333e-001
 8.4436935e-001
 8.4459168e-001
 8.4660691e-001
 8.4737659e-001
 8.4792638e-001
 8.4766555e-001
 8.4825730e-001
 8.4850061e-001
 8.4850842e-001
 8.4981495e-001
 8.4997314e-001
 8.5028493e-001
 8.4997338e-001
 8.5023683e-001
 8.4844154e-001
 8.4729528e-001
 8.4625596e-001
 8.4639114e-001
 8.4783971e-001
 8.4707880e-001
 8.4671742e-001
 8.4694433e-001
 8.4583944e-001
 8.4598398e-001
 8.4781051e-001
 8.4696418e-001
 8.4614730e-001
 8.4675443e-001
 8.4607553e-001
 8.4872675e-001
 8.4742928e-001
 8.4879923e-001
 8.4775513e-001
 8.4964061e-001
 8.5062659e-001
 8.4832102e-001
 8.4984338e-001
 8.5038483e-001
 8.4996098e-001
 8.5176855e-001
 8.5107154e-001
 8.5167730e-001
 8.5114735e-001
 8.5197979e-001
 8.5176867e-001
 8.5157967e-001
 8.5258222e-001
 8.5210955e-001
 8.5252118e-001
 8.5215843e-001
 8.5175896e-001
 8.5207170e-001
 8.5259086e-001
 8.5317004e-001
 8.5142970e-001
 8.5119975e-001
 8.5160756e-001
 8.5226732e-001
 8.5232943e-001
 8.5299253e-001
 8.5295600e-001
 8.5376400e-001
 8.5258204e-001
 8.5365355e-001
 8.5359156e-001
 8.5264653e-001
 8.5229516e-001
 8.5230982e-001
 8.5210246e-001
 8.5231531e-001
 8.5219425e-001
 8.5205740e-001
 8.5226953e-001
 8.5336113e-001
 8.5282284e-001
 8.5102254e-001
 8.5000300e-001
 8.5110295e-001
 8.5023189e-001
 8.4833723e-001
 8.4793133e-001
 8.4868383e-001
 8.4830540e-001
 8.4815121e-001
 8.4680355e-001
 8.4897023e-001
 8.4912872e-001
 8.5026360e-001
 8.5158575e-001
 8.5242450e-001
 8.5030341e-001
 8.4841508e-001
 8.4811676e-001
 8.4983730e-001
 8.5358053e-001
 8.5416555e-001
 8.5468930e-001
 8.5516262e-001
 8.5329664e-001
 8.5171068e-001
 8.5136127e-001
 8.4809923e-001
 8.4754580e-001
 8.5462999e-001
 8.5404438e-001
 8.5362756e-001
 8.5531110e-001
 8.5454917e-001
 8.5022414e-001
 8.4531254e-001
 8.3654380e-001
 8.4365577e-001
 8.5075158e-001
 8.4874159e-001
 8.4585315e-001
 8.4490967e-001
 8.4329712e-001
 8.3268714e-001
 8.2348490e-001
 8.1633496e-001
 8.0909514e-001
 8.1009912e-001
 8.1743199e-001
 8.2737952e-001
 8.3970976e-001
 8.4418106e-001
 8.4388912e-001
 8.4142244e-001
 8.3358860e-001
 8.2175517e-001
 8.0609769e-001
 7.8978723e-001
 7.7379239e-001
 7.6458031e-001
 7.5979817e-001
 7.3516828e-001
 7.3000717e-001
 7.7559310e-001
 8.0936509e-001
 8.2243973e-001
 8.2849771e-001
 8.2750028e-001
 8.2617038e-001
 8.1643873e-001
 7.9860443e-001
 7.8504467e-001
 7.7445424e-001
 7.4864841e-001
 7.2001439e-001
 7.4611795e-001
 8.0380875e-001
 8.3437699e-001
 8.4351856e-001
 8.4735650e-001
 8.4733909e-001
 8.4564996e-001
 8.4337604e-001
 8.3228558e-001
 8.1319034e-001
 7.9707229e-001
 7.8995526e-001
 7.8527641e-001
 7.5565857e-001
 6.8942863e-001
 6.8276137e-001
 7.5881296e-001
 7.9804510e-001
 8.0193740e-001
 7.9526293e-001
 7.8060043e-001
 7.7025717e-001
 7.6928312e-001
 7.5119084e-001
 7.2058070e-001
 6.8787920e-001
 6.6377723e-001
 6.3168752e-001
 5.9977758e-001
 5.7383794e-001
 5.3402388e-001
 4.9287459e-001
 4.7219330e-001
 4.5712185e-001
 4.2719606e-001
 3.9876941e-001
 3.9374122e-001
 4.3485534e-001
 5.0431424e-001
 5.7697695e-001
 6.3322872e-001
