s07_AV97 Record=2829: Rhodochrosite HS67 <250um     BECKb AREF
 6.0716772e-001
 6.6509324e-001
 6.6249853e-001
 6.1027479e-001
 4.7724244e-001
 6.5796638e-001
 6.6322392e-001
 6.3716060e-001
 6.3566756e-001
 6.5874070e-001
 6.9681823e-001
 7.3474485e-001
 7.5609428e-001
 7.5998706e-001
 7.4949861e-001
 7.2992998e-001
 7.0516723e-001
 6.8418300e-001
 6.7517793e-001
 6.8189800e-001
 7.0468742e-001
 7.3621011e-001
 7.7132368e-001
 8.0363315e-001
 8.2736945e-001
 8.4275055e-001
 8.5095012e-001
 8.5626435e-001
 8.6142009e-001
 8.6482203e-001
 8.6875415e-001
 8.7166607e-001
 8.6828405e-001
 8.7107754e-001
 8.7366414e-001
 8.7497675e-001
 8.7676764e-001
 8.7842053e-001
 8.7870610e-001
 8.7947088e-001
 8.7869394e-001
 8.7830979e-001
 8.7795645e-001
 8.7771016e-001
 8.7492442e-001
 8.7364739e-001
 8.7209815e-001
 8.6844414e-001
 8.6461955e-001
 8.5884720e-001
 8.5565352e-001
 8.5300690e-001
 8.5151964e-001
 8.4453684e-001
 8.3832806e-001
 8.2893330e-001
 8.2882857e-001
 8.1953269e-001
 8.0778545e-001
 8.0127877e-001
 7.9301882e-001
 7.8440845e-001
 7.7428108e-001
 7.6835519e-001
 7.6101983e-001
 7.5459844e-001
 7.4711359e-001
 7.3973477e-001
 7.3416483e-001
 7.2887170e-001
 7.2550690e-001
 7.2190470e-001
 7.1929824e-001
 7.1804231e-001
 7.1464121e-001
 7.1503985e-001
 7.1570987e-001
 7.1614093e-001
 7.1686387e-001
 7.1776104e-001
 7.1936053e-001
 7.2120798e-001
 7.2436434e-001
 7.2420883e-001
 7.2456348e-001
 7.2586048e-001
 7.2759068e-001
 7.2937888e-001
 7.3005372e-001
 7.2965068e-001
 7.2967929e-001
 7.2905946e-001
 7.3037952e-001
 7.3083127e-001
 7.2957188e-001
 7.2956711e-001
 7.3023069e-001
 7.2959936e-001
 7.2933549e-001
 7.2937971e-001
 7.2994804e-001
 7.2922993e-001
 7.3071170e-001
 7.3235655e-001
 7.3316830e-001
 7.3580086e-001
 7.3722190e-001
 7.4107444e-001
 7.4236131e-001
 7.4513531e-001
 7.4910659e-001
 7.5371975e-001
 7.5729740e-001
 7.6032889e-001
 7.6502591e-001
 7.6971114e-001
 7.7448589e-001
 7.7992058e-001
 7.8525102e-001
 7.9130751e-001
 7.9605448e-001
 8.0137908e-001
 8.0685759e-001
 8.1277245e-001
 8.1889117e-001
 8.2404476e-001
 8.2895249e-001
 8.3411145e-001
 8.3885390e-001
 8.4241772e-001
 8.4645081e-001
 8.5110021e-001
 8.5498255e-001
 8.5821801e-001
 8.6067325e-001
 8.6393017e-001
 8.6375242e-001
 8.6696124e-001
 8.7122536e-001
 8.7225652e-001
 8.7661773e-001
 8.7671441e-001
 8.7575245e-001
 8.7289405e-001
 8.7625057e-001
 8.7606543e-001
 8.7580621e-001
 8.7746710e-001
 8.7948328e-001
 8.8235992e-001
 8.8513845e-001
 8.8498288e-001
 8.8234878e-001
 8.7868780e-001
 8.7491560e-001
 8.7095153e-001
 8.6685038e-001
 8.6084688e-001
 8.5593051e-001
 8.4511495e-001
 8.4953451e-001
 8.3621681e-001
 8.3537638e-001
 8.4493834e-001
 8.4854704e-001
 8.4695423e-001
 8.4363347e-001
 8.4393173e-001
 8.4156901e-001
 8.4026176e-001
 8.3928704e-001
 8.3478987e-001
 8.2659841e-001
 8.2468903e-001
 8.3447731e-001
 8.4813195e-001
 8.5856646e-001
 8.6030370e-001
 8.5990745e-001
 8.6235934e-001
 8.6111897e-001
 8.6213434e-001
 8.6131060e-001
 8.6212862e-001
 8.6179942e-001
 8.5710275e-001
 8.5449439e-001
 8.4425378e-001
 8.3479708e-001
 8.2995456e-001
 8.3264071e-001
 8.3428860e-001
 8.3750993e-001
 8.3638173e-001
 8.2629776e-001
 8.1729114e-001
 8.0086505e-001
 7.8633922e-001
 7.7513844e-001
 7.5883031e-001
 7.4376714e-001
 7.2250730e-001
 6.9512272e-001
 6.7648369e-001
 6.6126198e-001
 6.4708704e-001
 6.4129508e-001
 6.2870657e-001
 6.1659521e-001
 6.1886525e-001
 6.5288854e-001
 7.1331042e-001
 7.5577796e-001
 7.7047390e-001
 7.6601475e-001
 7.5480711e-001
 7.3901856e-001
 7.1819502e-001
 6.9575810e-001
 6.6795212e-001
 6.3876444e-001
 6.1099523e-001
 5.8766222e-001
 5.7034051e-001
