s07_AV97 Record=1949: Lizardite NMNHR4687.d <30um  NIC4cb RREF
-1.2300000e+034
-1.2300000e+034
-1.2300000e+034
-1.2300000e+034
-1.2300000e+034
-1.2300000e+034
-1.2300000e+034
-1.2300000e+034
-1.2300000e+034
-1.2300000e+034
-1.2300000e+034
-1.2300000e+034
-1.2300000e+034
-1.2300000e+034
-1.2300000e+034
-1.2300000e+034
-1.2300000e+034
-1.2300000e+034
-1.2300000e+034
-1.2300000e+034
-1.2300000e+034
-1.2300000e+034
-1.2300000e+034
-1.2300000e+034
-1.2300000e+034
-1.2300000e+034
-1.2300000e+034
-1.2300000e+034
-1.2300000e+034
-1.2300000e+034
-1.2300000e+034
-1.2300000e+034
-1.2300000e+034
-1.2300000e+034
-1.2300000e+034
-1.2300000e+034
-1.2300000e+034
-1.2300000e+034
-1.2300000e+034
-1.2300000e+034
-1.2300000e+034
-1.2300000e+034
-1.2300000e+034
-1.2300000e+034
-1.2300000e+034
-1.2300000e+034
-1.2300000e+034
-1.2300000e+034
-1.2300000e+034
-1.2300000e+034
-1.2300000e+034
-1.2300000e+034
-1.2300000e+034
-1.2300000e+034
-1.2300000e+034
-1.2300000e+034
-1.2300000e+034
-1.2300000e+034
-1.2300000e+034
-1.2300000e+034
-1.2300000e+034
-1.2300000e+034
-1.2300000e+034
-1.2300000e+034
-1.2300000e+034
-1.2300000e+034
-1.2300000e+034
-1.2300000e+034
-1.2300000e+034
-1.2300000e+034
-1.2300000e+034
-1.2300000e+034
-1.2300000e+034
-1.2300000e+034
-1.2300000e+034
-1.2300000e+034
-1.2300000e+034
-1.2300000e+034
-1.2300000e+034
-1.2300000e+034
-1.2300000e+034
-1.2300000e+034
-1.2300000e+034
-1.2300000e+034
-1.2300000e+034
-1.2300000e+034
-1.2300000e+034
-1.2300000e+034
-1.2300000e+034
-1.2300000e+034
-1.2300000e+034
-1.2300000e+034
-1.2300000e+034
-1.2300000e+034
-1.2300000e+034
-1.2300000e+034
-1.2300000e+034
-1.2300000e+034
-1.2300000e+034
-1.2300000e+034
-1.2300000e+034
-1.2300000e+034
-1.2300000e+034
-1.2300000e+034
-1.2300000e+034
-1.2300000e+034
 6.8390119e-001
 6.8889743e-001
 6.8787831e-001
 6.5153253e-001
 6.3989866e-001
 6.6011274e-001
 6.8434596e-001
 6.8276823e-001
 6.8047738e-001
 6.7876041e-001
 6.7589080e-001
 6.7269194e-001
 6.6898358e-001
 6.6603315e-001
 6.6456866e-001
 6.6368276e-001
 6.6291612e-001
 6.6229767e-001
 6.6240227e-001
 6.6309774e-001
 6.6363746e-001
 6.6384679e-001
 6.6351575e-001
 6.6320479e-001
 6.6279644e-001
 6.6316158e-001
 6.6369849e-001
 6.6357118e-001
 6.6318506e-001
 6.6261548e-001
 6.6156161e-001
 6.6068625e-001
 6.6023278e-001
 6.5976614e-001
 6.5907085e-001
 6.5778458e-001
 6.5605491e-001
 6.5417594e-001
 6.5319788e-001
 6.5322375e-001
 6.5253663e-001
 6.5205216e-001
 6.5204197e-001
 6.5124148e-001
 6.4981788e-001
 6.4790303e-001
 6.4602113e-001
 6.4524585e-001
 6.4494395e-001
 6.4436734e-001
 6.4335567e-001
 6.4221632e-001
 6.4098674e-001
 6.3826954e-001
 6.3922614e-001
 6.3616371e-001
 6.3221425e-001
 6.2729484e-001
 6.2322170e-001
 6.1937582e-001
 6.1488807e-001
 6.0843074e-001
 5.9850025e-001
 5.8838814e-001
 5.8373982e-001
 5.8344442e-001
 5.8438838e-001
 5.8506060e-001
 5.8512485e-001
 5.8691734e-001
 5.9079379e-001
 5.9512621e-001
 5.9769326e-001
 5.9714770e-001
 5.9482241e-001
 5.9030122e-001
 5.8659911e-001
 5.8351189e-001
 5.8132941e-001
 5.7877254e-001
 5.7534933e-001
 5.7477582e-001
 5.7518733e-001
 5.7545000e-001
 5.7463640e-001
 5.7250303e-001
 5.6910771e-001
 5.6616896e-001
 5.6327128e-001
 5.5753988e-001
 5.4507977e-001
 5.3456509e-001
 5.2856904e-001
 5.0968218e-001
 4.9921510e-001
 4.8989218e-001
 4.7435617e-001
 4.5666623e-001
 4.3054441e-001
 4.1806376e-001
 4.3142608e-001
 4.7013855e-001
 4.9262628e-001
 4.8615068e-001
 4.7414103e-001
 4.7431701e-001
 4.6931645e-001
 4.6717286e-001
 4.6524069e-001
 4.6389535e-001
 4.5448288e-001
 4.5730320e-001
 4.6976581e-001
 4.6710098e-001
 4.4964933e-001
 4.3645900e-001
 4.2954171e-001
 4.1541040e-001
