s07_AV97 Record=3390: Trona GDS148                NIC4aau RREF
-1.2300000e+034
-1.2300000e+034
-1.2300000e+034
-1.2300000e+034
-1.2300000e+034
-1.2300000e+034
-1.2300000e+034
-1.2300000e+034
-1.2300000e+034
-1.2300000e+034
-1.2300000e+034
-1.2300000e+034
-1.2300000e+034
-1.2300000e+034
-1.2300000e+034
-1.2300000e+034
-1.2300000e+034
-1.2300000e+034
-1.2300000e+034
-1.2300000e+034
-1.2300000e+034
-1.2300000e+034
-1.2300000e+034
-1.2300000e+034
-1.2300000e+034
-1.2300000e+034
-1.2300000e+034
-1.2300000e+034
-1.2300000e+034
-1.2300000e+034
-1.2300000e+034
-1.2300000e+034
-1.2300000e+034
-1.2300000e+034
-1.2300000e+034
-1.2300000e+034
-1.2300000e+034
-1.2300000e+034
-1.2300000e+034
-1.2300000e+034
-1.2300000e+034
-1.2300000e+034
-1.2300000e+034
-1.2300000e+034
-1.2300000e+034
-1.2300000e+034
-1.2300000e+034
-1.2300000e+034
-1.2300000e+034
-1.2300000e+034
-1.2300000e+034
-1.2300000e+034
-1.2300000e+034
-1.2300000e+034
-1.2300000e+034
-1.2300000e+034
-1.2300000e+034
-1.2300000e+034
-1.2300000e+034
-1.2300000e+034
-1.2300000e+034
-1.2300000e+034
-1.2300000e+034
-1.2300000e+034
-1.2300000e+034
-1.2300000e+034
-1.2300000e+034
-1.2300000e+034
-1.2300000e+034
-1.2300000e+034
-1.2300000e+034
-1.2300000e+034
-1.2300000e+034
-1.2300000e+034
-1.2300000e+034
-1.2300000e+034
-1.2300000e+034
-1.2300000e+034
-1.2300000e+034
-1.2300000e+034
-1.2300000e+034
-1.2300000e+034
-1.2300000e+034
-1.2300000e+034
-1.2300000e+034
-1.2300000e+034
-1.2300000e+034
-1.2300000e+034
-1.2300000e+034
-1.2300000e+034
-1.2300000e+034
-1.2300000e+034
-1.2300000e+034
-1.2300000e+034
-1.2300000e+034
-1.2300000e+034
-1.2300000e+034
-1.2300000e+034
-1.2300000e+034
-1.2300000e+034
-1.2300000e+034
-1.2300000e+034
-1.2300000e+034
-1.2300000e+034
-1.2300000e+034
-1.2300000e+034
-1.2300000e+034
-1.2300000e+034
-1.2300000e+034
-1.2300000e+034
-1.2300000e+034
-1.2300000e+034
-1.2300000e+034
-1.2300000e+034
-1.2300000e+034
-1.2300000e+034
-1.2300000e+034
-1.2300000e+034
-1.2300000e+034
-1.2300000e+034
-1.2300000e+034
 3.6093056e-001
 3.5691497e-001
 3.5502422e-001
 3.5617322e-001
 3.6090967e-001
 3.6699900e-001
 3.7189353e-001
 3.7548169e-001
 3.7738574e-001
 3.7814602e-001
 3.7819976e-001
 3.7761405e-001
 3.7660757e-001
 3.7480757e-001
 3.7230304e-001
 3.6939368e-001
 3.6613765e-001
 3.6269656e-001
 3.5919172e-001
 3.5561696e-001
 3.5229963e-001
 3.4890270e-001
 3.4537080e-001
 3.4212255e-001
 3.4002706e-001
 3.3944675e-001
 3.3975002e-001
 3.3997014e-001
 3.3969361e-001
 3.3929417e-001
 3.3870763e-001
 3.3814991e-001
 3.3771268e-001
 3.3696201e-001
 3.3548030e-001
 3.3260071e-001
 3.2824484e-001
 3.2263350e-001
 3.1483591e-001
 3.1756189e-001
 3.0809182e-001
 2.9510137e-001
 2.7837807e-001
 2.5905815e-001
 2.3882392e-001
 2.2505231e-001
 2.2323619e-001
 2.3040830e-001
 2.3876852e-001
 2.4347275e-001
 2.4543184e-001
 2.4517629e-001
 2.4300531e-001
 2.3913209e-001
 2.3476113e-001
 2.3175257e-001
 2.3164238e-001
 2.3352261e-001
 2.3629354e-001
 2.3957728e-001
 2.4294880e-001
 2.4624856e-001
 2.4914993e-001
 2.5145009e-001
 2.5316614e-001
 2.5436622e-001
 2.5523615e-001
 2.5611380e-001
 2.5666127e-001
 2.5643483e-001
 2.5578338e-001
 2.5489751e-001
 2.5365239e-001
 2.5200164e-001
 2.5242686e-001
 2.5419733e-001
 2.5462472e-001
 2.5380984e-001
 2.5221041e-001
 2.5041133e-001
 2.4803399e-001
 2.4537590e-001
 2.4246104e-001
 2.3916402e-001
 2.3614796e-001
 2.3296814e-001
 2.2936106e-001
 2.2556823e-001
 2.2128037e-001
 2.1607405e-001
 2.1092081e-001
 2.0796262e-001
 2.0707966e-001
 2.0673913e-001
 2.0650381e-001
 2.0578784e-001
 2.0465644e-001
 2.0427227e-001
 2.0398101e-001
 2.0344657e-001
 2.0272417e-001
 2.0170589e-001
 2.0047891e-001
