s07_AV97 Record=175: Almandine WS476 Garnet      NIC4bbb RREF
-1.2300000e+034
-1.2300000e+034
-1.2300000e+034
-1.2300000e+034
-1.2300000e+034
-1.2300000e+034
-1.2300000e+034
-1.2300000e+034
-1.2300000e+034
-1.2300000e+034
-1.2300000e+034
-1.2300000e+034
-1.2300000e+034
-1.2300000e+034
-1.2300000e+034
-1.2300000e+034
-1.2300000e+034
-1.2300000e+034
-1.2300000e+034
-1.2300000e+034
-1.2300000e+034
-1.2300000e+034
-1.2300000e+034
-1.2300000e+034
-1.2300000e+034
-1.2300000e+034
-1.2300000e+034
-1.2300000e+034
-1.2300000e+034
-1.2300000e+034
-1.2300000e+034
-1.2300000e+034
-1.2300000e+034
-1.2300000e+034
-1.2300000e+034
-1.2300000e+034
-1.2300000e+034
-1.2300000e+034
-1.2300000e+034
-1.2300000e+034
-1.2300000e+034
-1.2300000e+034
-1.2300000e+034
-1.2300000e+034
-1.2300000e+034
-1.2300000e+034
-1.2300000e+034
-1.2300000e+034
-1.2300000e+034
-1.2300000e+034
-1.2300000e+034
-1.2300000e+034
-1.2300000e+034
-1.2300000e+034
-1.2300000e+034
-1.2300000e+034
-1.2300000e+034
-1.2300000e+034
-1.2300000e+034
-1.2300000e+034
-1.2300000e+034
-1.2300000e+034
-1.2300000e+034
-1.2300000e+034
-1.2300000e+034
-1.2300000e+034
-1.2300000e+034
-1.2300000e+034
-1.2300000e+034
-1.2300000e+034
-1.2300000e+034
-1.2300000e+034
-1.2300000e+034
-1.2300000e+034
-1.2300000e+034
-1.2300000e+034
-1.2300000e+034
-1.2300000e+034
-1.2300000e+034
-1.2300000e+034
-1.2300000e+034
-1.2300000e+034
-1.2300000e+034
-1.2300000e+034
-1.2300000e+034
-1.2300000e+034
-1.2300000e+034
-1.2300000e+034
-1.2300000e+034
-1.2300000e+034
-1.2300000e+034
-1.2300000e+034
-1.2300000e+034
-1.2300000e+034
-1.2300000e+034
-1.2300000e+034
-1.2300000e+034
-1.2300000e+034
-1.2300000e+034
-1.2300000e+034
-1.2300000e+034
-1.2300000e+034
-1.2300000e+034
-1.2300000e+034
-1.2300000e+034
-1.2300000e+034
-1.2300000e+034
-1.2300000e+034
-1.2300000e+034
-1.2300000e+034
-1.2300000e+034
 3.4945557e-001
 3.4996048e-001
 3.5055390e-001
 3.5154852e-001
 3.5253328e-001
 3.5364759e-001
 3.5446218e-001
 3.5542125e-001
 3.5658452e-001
 3.5786602e-001
 3.5907736e-001
 3.5993060e-001
 3.6057204e-001
 3.6137396e-001
 3.6247274e-001
 3.6363196e-001
 3.6456898e-001
 3.6547291e-001
 3.6607829e-001
 3.6690831e-001
 3.6785352e-001
 3.6905253e-001
 3.7029687e-001
 3.7166974e-001
 3.7287635e-001
 3.7392768e-001
 3.7523523e-001
 3.7698010e-001
 3.7892181e-001
 3.8096640e-001
 3.8306457e-001
 3.8515538e-001
 3.8729984e-001
 3.8942942e-001
 3.9192677e-001
 3.9453769e-001
 3.9747927e-001
 4.0041116e-001
 4.0315875e-001
 4.0574971e-001
 4.0835890e-001
 4.1088918e-001
 4.1368800e-001
 4.1660735e-001
 4.1948050e-001
 4.2210492e-001
 4.2456222e-001
 4.2679909e-001
 4.2839584e-001
 4.2787600e-001
 4.2956564e-001
 4.3117580e-001
 4.3295795e-001
 4.3472517e-001
 4.3639627e-001
 4.3804705e-001
 4.3944561e-001
 4.4056281e-001
 4.4134006e-001
 4.4190928e-001
 4.4254470e-001
 4.4312370e-001
 4.4368604e-001
 4.4430816e-001
 4.4480240e-001
 4.4515300e-001
 4.4531068e-001
 4.4520226e-001
 4.4483155e-001
 4.4434756e-001
 4.4384533e-001
 4.4328192e-001
 4.4294077e-001
 4.4263861e-001
 4.4248438e-001
 4.4209060e-001
 4.4150242e-001
 4.4099250e-001
 4.4057319e-001
 4.4023719e-001
 4.3997303e-001
 4.3940571e-001
 4.3891636e-001
 4.3866062e-001
 4.3791810e-001
 4.3768179e-001
 4.3710142e-001
 4.3673474e-001
 4.3659732e-001
 4.3642929e-001
 4.3642187e-001
 4.3666548e-001
 4.3695721e-001
 4.3762097e-001
 4.3811163e-001
 4.3868208e-001
 4.3934670e-001
 4.4000462e-001
 4.4065022e-001
 4.4129190e-001
 4.4195089e-001
 4.4284865e-001
 4.4386882e-001
 4.4498128e-001
 4.4619480e-001
 4.4773075e-001
 4.4934249e-001
 4.5116451e-001
 4.5328298e-001
 4.5517546e-001
 4.5722687e-001
 4.5905909e-001
 4.6099466e-001
