s07_AV97 Record=1902: Lepidolite HS167.6           ASDFRb AREF
 3.0686206e-001
 3.2516226e-001
 3.3591467e-001
 3.3754545e-001
 3.3156267e-001
 3.2342431e-001
 3.1557548e-001
 3.0940178e-001
 3.0603647e-001
 3.0498698e-001
 3.0577806e-001
 3.0694902e-001
 3.0776829e-001
 3.0683440e-001
 3.0287984e-001
 2.9751369e-001
 2.9267818e-001
 2.8957596e-001
 2.8693905e-001
 2.8519434e-001
 2.8518447e-001
 2.8798375e-001
 2.9470950e-001
 3.0197990e-001
 3.1224278e-001
 3.1972510e-001
 3.2851261e-001
 3.3418623e-001
 3.3620712e-001
 3.3537641e-001
 3.3247674e-001
 3.2844511e-001
 3.3305416e-001
 3.2930589e-001
 3.2493174e-001
 3.2035825e-001
 3.1581250e-001
 3.1167415e-001
 3.0786616e-001
 3.0455297e-001
 3.0170569e-001
 2.9951268e-001
 2.9787210e-001
 2.9661989e-001
 2.9567397e-001
 2.9483718e-001
 2.9449877e-001
 2.9439953e-001
 2.9479179e-001
 2.9547486e-001
 2.9633960e-001
 2.9767039e-001
 2.9937416e-001
 3.0115879e-001
 3.0333224e-001
 3.0562204e-001
 3.0833322e-001
 3.1110409e-001
 3.1396911e-001
 3.1708553e-001
 3.2061383e-001
 3.2354492e-001
 3.2471925e-001
 3.2175925e-001
 3.2889026e-001
 3.3953771e-001
 3.4524718e-001
 3.5025370e-001
 3.5472617e-001
 3.5949653e-001
 3.6546072e-001
 3.7004462e-001
 3.7566099e-001
 3.8072291e-001
 3.8649726e-001
 3.9225397e-001
 3.9737442e-001
 4.0343869e-001
 4.0904149e-001
 4.1407603e-001
 4.1990918e-001
 4.2507723e-001
 4.3037513e-001
 4.3532243e-001
 4.3951285e-001
 4.4391999e-001
 4.4774646e-001
 4.5225722e-001
 4.5704409e-001
 4.6093100e-001
 4.6441028e-001
 4.6745259e-001
 4.6647641e-001
 4.6866748e-001
 4.7844267e-001
 4.8405248e-001
 4.7291398e-001
 4.8203960e-001
 4.8486149e-001
 4.8374519e-001
 4.7917101e-001
 4.7461000e-001
 4.7036904e-001
 4.6895912e-001
 4.7324532e-001
 4.8183289e-001
 4.8107600e-001
 4.6608725e-001
 4.3259844e-001
 3.4676415e-001
 2.4762337e-001
 1.7312028e-001
 1.8514496e-001
 3.0986819e-001
 4.1381228e-001
 4.6729317e-001
 4.9042860e-001
 5.0296193e-001
 5.1005071e-001
 5.1544893e-001
 5.1963365e-001
 5.2322620e-001
 5.2544880e-001
 5.2643239e-001
 5.2692252e-001
 5.2676767e-001
 5.2741319e-001
 5.2983451e-001
 5.3369737e-001
 5.3772557e-001
 5.4112613e-001
 5.4373562e-001
 5.4545724e-001
 5.4656279e-001
 5.4724771e-001
 5.4822648e-001
 5.4959482e-001
 5.5049390e-001
 5.4993862e-001
 5.4778510e-001
 5.4386151e-001
 5.4091531e-001
 5.3921330e-001
 5.3735083e-001
 5.3584605e-001
 5.3550243e-001
 5.3323674e-001
 5.2940428e-001
 5.2817738e-001
 5.2923995e-001
 5.2928030e-001
 5.2749670e-001
 5.2178615e-001
 5.1146793e-001
 5.0139523e-001
 5.0311035e-001
 5.1129597e-001
 5.1327598e-001
 5.1049972e-001
 4.9946824e-001
 5.0490689e-001
 4.8873526e-001
 4.6348739e-001
 4.4073462e-001
 4.3457124e-001
 4.3561339e-001
 4.3524155e-001
 4.3140200e-001
 4.2559102e-001
 4.1775066e-001
 4.0738633e-001
 3.9505187e-001
 3.7953737e-001
 3.6697355e-001
 3.6043742e-001
 3.5713649e-001
 3.5319692e-001
 3.4765017e-001
 3.4004948e-001
 3.2543775e-001
 3.0038685e-001
 2.7646884e-001
 2.5401559e-001
 2.3418792e-001
 2.2289124e-001
 2.2248040e-001
 2.2048029e-001
 2.0603314e-001
 1.8217522e-001
 1.5016069e-001
 1.1557323e-001
 9.5595025e-002
 9.1953427e-002
 1.0388971e-001
 1.3257518e-001
 1.5904339e-001
 1.7589408e-001
 1.8383870e-001
 1.8719314e-001
 1.8679543e-001
 1.8127678e-001
 1.7211145e-001
 1.5713282e-001
 1.3712020e-001
 1.1804596e-001
 1.0368298e-001
 9.4685219e-002
 9.1463722e-002
 9.3252309e-002
 9.5633633e-002
 9.5303290e-002
 9.4803020e-002
 9.3570754e-002
 8.9519717e-002
 8.4763840e-002
 8.1564441e-002
 7.8611314e-002
 7.8640848e-002
 7.9755902e-002
 7.9810858e-002
 8.1185520e-002
 8.1784941e-002
 8.3684824e-002
-1.2300000e+034
