s07_AV97 Record=1005: Datolite HS442.1B            ASDFRb AREF
 7.2330213e-001
 7.3641616e-001
 7.4983549e-001
 7.6086342e-001
 7.7034998e-001
 7.7842116e-001
 7.8525734e-001
 7.9104739e-001
 7.9607266e-001
 8.0071217e-001
 8.0481833e-001
 8.0877352e-001
 8.1231111e-001
 8.1538814e-001
 8.1814271e-001
 8.2048655e-001
 8.2244390e-001
 8.2387525e-001
 8.2493877e-001
 8.2598549e-001
 8.2687360e-001
 8.2821876e-001
 8.2917368e-001
 8.2971698e-001
 8.3017200e-001
 8.3031535e-001
 8.3240056e-001
 8.3444279e-001
 8.3545250e-001
 8.3617270e-001
 8.3693612e-001
 8.3785933e-001
 8.3679777e-001
 8.3770007e-001
 8.3844310e-001
 8.3932477e-001
 8.4000319e-001
 8.4053403e-001
 8.4094214e-001
 8.4146547e-001
 8.4208649e-001
 8.4272218e-001
 8.4305811e-001
 8.4355813e-001
 8.4403223e-001
 8.4483808e-001
 8.4537947e-001
 8.4609562e-001
 8.4648854e-001
 8.4695524e-001
 8.4786469e-001
 8.4853858e-001
 8.4908706e-001
 8.4991473e-001
 8.5077405e-001
 8.5200781e-001
 8.5290974e-001
 8.5343772e-001
 8.5449153e-001
 8.5579550e-001
 8.5701287e-001
 8.5841095e-001
 8.5969692e-001
 8.6102325e-001
 8.6223704e-001
 8.6313426e-001
 8.6317247e-001
 8.6253929e-001
 8.5937345e-001
 8.6537457e-001
 8.6858892e-001
 8.6923099e-001
 8.6906946e-001
 8.6917275e-001
 8.6908931e-001
 8.6943024e-001
 8.6956495e-001
 8.7009591e-001
 8.7029916e-001
 8.7065321e-001
 8.7039447e-001
 8.7123829e-001
 8.7121105e-001
 8.7120348e-001
 8.7095302e-001
 8.7024373e-001
 8.6978257e-001
 8.7036419e-001
 8.7030232e-001
 8.6992437e-001
 8.6985278e-001
 8.6792511e-001
 8.6549491e-001
 8.5955632e-001
 8.5657889e-001
 8.6049992e-001
 8.5766929e-001
 8.5789132e-001
 8.6267257e-001
 8.6438125e-001
 8.6446595e-001
 8.6595476e-001
 8.6737156e-001
 8.6783379e-001
 8.6880773e-001
 8.6804360e-001
 8.6785185e-001
 8.6757481e-001
 8.6770421e-001
 8.6663169e-001
 8.6316597e-001
 8.5907865e-001
 8.5512650e-001
 8.4568167e-001
 8.3451933e-001
 8.2702667e-001
 8.1241310e-001
 7.4196780e-001
 6.5851098e-001
 7.7780676e-001
 8.3496481e-001
 8.5162622e-001
 8.5865390e-001
 8.6367530e-001
 8.6643958e-001
 8.6797094e-001
 8.6883897e-001
 8.6981988e-001
 8.6968070e-001
 8.7019634e-001
 8.7094265e-001
 8.7081742e-001
 8.7130618e-001
 8.7149012e-001
 8.7125599e-001
 8.7008297e-001
 8.6925846e-001
 8.6862153e-001
 8.6658078e-001
 8.6382198e-001
 8.5943061e-001
 8.5421133e-001
 8.4713250e-001
 8.4209555e-001
 8.4260750e-001
 8.4484023e-001
 8.4700584e-001
 8.4787399e-001
 8.4755534e-001
 8.4655863e-001
 8.4506136e-001
 8.4590697e-001
 8.4842765e-001
 8.5171193e-001
 8.5322487e-001
 8.5486180e-001
 8.5553259e-001
 8.5646373e-001
 8.5650778e-001
 8.5604292e-001
 8.5633337e-001
 8.5489154e-001
 8.5261053e-001
 8.5027599e-001
 8.4775501e-001
 8.4531581e-001
 8.4444487e-001
 8.4393978e-001
 8.4438491e-001
 8.4257323e-001
 8.4169197e-001
 8.4447670e-001
 8.4474963e-001
 8.4393060e-001
 8.4370661e-001
 8.4315896e-001
 8.4160405e-001
 8.3549803e-001
 8.2176554e-001
 8.1330717e-001
 8.1025654e-001
 8.1319231e-001
 7.9632550e-001
 7.3882258e-001
 6.6752779e-001
 6.5022236e-001
 6.5703285e-001
 6.2103403e-001
 5.9540290e-001
 6.2430638e-001
 6.5433669e-001
 6.7874092e-001
 6.9375175e-001
 6.9169730e-001
 6.6266358e-001
 6.5432447e-001
 6.6848481e-001
 6.6529918e-001
 6.5160739e-001
 6.5207213e-001
 6.4796740e-001
 6.7340910e-001
 7.1828479e-001
 7.2993886e-001
 7.2361904e-001
 7.2523588e-001
 7.1538115e-001
 7.1652073e-001
 7.5877112e-001
 7.4642909e-001
 6.5006793e-001
 5.3540045e-001
 5.2128917e-001
 4.8009324e-001
 5.2275681e-001
 6.0699016e-001
 5.7071060e-001
 5.6649441e-001
 5.7995147e-001
 5.5708230e-001
 5.6129825e-001
 5.9812862e-001
 6.2751520e-001
-1.2300000e+034
