s07_AV97 Record=3301: Topaz Little_3_Mine_#41       BECKb AREF
 6.7610180e-001
 6.7815024e-001
 6.7787892e-001
 6.7834985e-001
 6.7959952e-001
 6.8283522e-001
 6.8567175e-001
 6.8935519e-001
 6.9394380e-001
 6.9833392e-001
 7.0061010e-001
 7.0264941e-001
 7.0457643e-001
 7.0537984e-001
 7.0634753e-001
 7.0631248e-001
 7.0605534e-001
 7.0615536e-001
 7.0494962e-001
 7.0232427e-001
 6.9957560e-001
 7.0193899e-001
 7.0658630e-001
 7.0712918e-001
 7.0570123e-001
 7.0436043e-001
 7.0430177e-001
 7.0538211e-001
 7.0639163e-001
 7.0666999e-001
 7.0754302e-001
 7.0763052e-001
 7.0761383e-001
 7.0750189e-001
 7.0805174e-001
 7.0838034e-001
 7.1014696e-001
 7.1207994e-001
 7.1232104e-001
 7.1188766e-001
 7.1141940e-001
 7.1213502e-001
 7.1222162e-001
 7.1220779e-001
 7.1226698e-001
 7.1366423e-001
 7.1450096e-001
 7.1580434e-001
 7.1537310e-001
 7.1857160e-001
 7.1860152e-001
 7.1852708e-001
 7.2397786e-001
 7.2486389e-001
 7.2336537e-001
 7.2473657e-001
 7.2827315e-001
 7.3042017e-001
 7.3079276e-001
 7.3226672e-001
 7.3335791e-001
 7.3410350e-001
 7.3583233e-001
 7.3490691e-001
 7.4234903e-001
 7.4095440e-001
 7.4655610e-001
 7.4397790e-001
 7.4643737e-001
 7.4672216e-001
 7.5133395e-001
 7.4994510e-001
 7.5139600e-001
 7.5384516e-001
 7.5610042e-001
 7.5513357e-001
 7.5675094e-001
 7.5441247e-001
 7.5621408e-001
 7.5593263e-001
 7.5965172e-001
 7.5922436e-001
 7.5947225e-001
 7.6262188e-001
 7.6099372e-001
 7.6408792e-001
 7.6142287e-001
 7.5878924e-001
 7.6273018e-001
 7.6120281e-001
 7.6268268e-001
 7.6465917e-001
 7.6693052e-001
 7.6520222e-001
 7.6717937e-001
 7.6751268e-001
 7.6560760e-001
 7.6777256e-001
 7.6714611e-001
 7.6545644e-001
 7.6691401e-001
 7.6435411e-001
 7.6507622e-001
 7.6638085e-001
 7.6328701e-001
 7.5845808e-001
 7.6141369e-001
 7.6183248e-001
 7.6042187e-001
 7.6287329e-001
 7.5438690e-001
 6.9203466e-001
 7.2383112e-001
 7.6721138e-001
 7.7156794e-001
 7.7039480e-001
 7.7261138e-001
 7.7199185e-001
 7.7246231e-001
 7.7403980e-001
 7.7700698e-001
 7.7529275e-001
 7.7631140e-001
 7.7762377e-001
 7.7730155e-001
 7.7799261e-001
 7.7813917e-001
 7.8079498e-001
 7.7880472e-001
 7.7769059e-001
 7.7614278e-001
 7.7814102e-001
 7.7870476e-001
 7.7838016e-001
 7.7672690e-001
 7.8192937e-001
 7.8197831e-001
 7.8176600e-001
 7.7930325e-001
 7.6575518e-001
 7.7114391e-001
 7.7787685e-001
 7.7921671e-001
 7.7909708e-001
 7.8088766e-001
 7.7981085e-001
 7.8075212e-001
 7.7987409e-001
 7.7463871e-001
 7.8311998e-001
 7.8517705e-001
 7.8240162e-001
 7.8367776e-001
 7.8192472e-001
 7.8107554e-001
 7.8030580e-001
 7.8262889e-001
 7.8214455e-001
 7.8208858e-001
 7.8122288e-001
 7.8196907e-001
 7.7952373e-001
 7.7742451e-001
 7.7590883e-001
 7.7562773e-001
 7.7263170e-001
 7.7184391e-001
 7.7384770e-001
 7.7242911e-001
 7.7427089e-001
 7.7770245e-001
 7.7753913e-001
 7.7451497e-001
 7.7281350e-001
 7.7438194e-001
 7.7657574e-001
 7.7201557e-001
 7.6758587e-001
 7.5526917e-001
 7.0500267e-001
 5.6911504e-001
 5.4201692e-001
 6.8220675e-001
 7.3109066e-001
 7.5240517e-001
 7.4859446e-001
 7.2710508e-001
 7.0816606e-001
 7.0978123e-001
 7.2136354e-001
 7.2654772e-001
 7.3648107e-001
 7.3687035e-001
 7.2824997e-001
 7.3724115e-001
 7.5442457e-001
 7.5965011e-001
 7.5757867e-001
 7.3870492e-001
 7.3029679e-001
 7.5561339e-001
 7.6487815e-001
 7.3983288e-001
 7.3160779e-001
 7.3010439e-001
 7.1424311e-001
 7.1085227e-001
 7.0817757e-001
 7.1074629e-001
 7.0862901e-001
 7.0174271e-001
 7.0444471e-001
 6.9872558e-001
 6.9158274e-001
 6.8745393e-001
 6.8653286e-001
 6.8570089e-001
 6.8133569e-001
 6.7389125e-001
 6.6256469e-001
 6.4872587e-001
 6.3246679e-001
 6.1375093e-001
 5.9321004e-001
