s07_AV97 Record=1620: Hypersthene PYX02.h >250um  NIC4cbb RREF
-1.2300000e+034
-1.2300000e+034
-1.2300000e+034
-1.2300000e+034
-1.2300000e+034
-1.2300000e+034
-1.2300000e+034
-1.2300000e+034
-1.2300000e+034
-1.2300000e+034
-1.2300000e+034
-1.2300000e+034
-1.2300000e+034
-1.2300000e+034
-1.2300000e+034
-1.2300000e+034
-1.2300000e+034
-1.2300000e+034
-1.2300000e+034
-1.2300000e+034
-1.2300000e+034
-1.2300000e+034
-1.2300000e+034
-1.2300000e+034
-1.2300000e+034
-1.2300000e+034
-1.2300000e+034
-1.2300000e+034
-1.2300000e+034
-1.2300000e+034
-1.2300000e+034
-1.2300000e+034
-1.2300000e+034
-1.2300000e+034
-1.2300000e+034
-1.2300000e+034
-1.2300000e+034
-1.2300000e+034
-1.2300000e+034
-1.2300000e+034
-1.2300000e+034
-1.2300000e+034
-1.2300000e+034
-1.2300000e+034
-1.2300000e+034
-1.2300000e+034
-1.2300000e+034
-1.2300000e+034
-1.2300000e+034
-1.2300000e+034
-1.2300000e+034
-1.2300000e+034
-1.2300000e+034
-1.2300000e+034
-1.2300000e+034
-1.2300000e+034
-1.2300000e+034
-1.2300000e+034
-1.2300000e+034
-1.2300000e+034
-1.2300000e+034
-1.2300000e+034
-1.2300000e+034
-1.2300000e+034
-1.2300000e+034
-1.2300000e+034
-1.2300000e+034
-1.2300000e+034
-1.2300000e+034
-1.2300000e+034
-1.2300000e+034
-1.2300000e+034
-1.2300000e+034
-1.2300000e+034
-1.2300000e+034
-1.2300000e+034
-1.2300000e+034
-1.2300000e+034
-1.2300000e+034
-1.2300000e+034
-1.2300000e+034
-1.2300000e+034
-1.2300000e+034
-1.2300000e+034
-1.2300000e+034
-1.2300000e+034
-1.2300000e+034
-1.2300000e+034
-1.2300000e+034
-1.2300000e+034
-1.2300000e+034
-1.2300000e+034
-1.2300000e+034
-1.2300000e+034
-1.2300000e+034
-1.2300000e+034
-1.2300000e+034
-1.2300000e+034
-1.2300000e+034
-1.2300000e+034
-1.2300000e+034
-1.2300000e+034
-1.2300000e+034
-1.2300000e+034
-1.2300000e+034
-1.2300000e+034
-1.2300000e+034
-1.2300000e+034
-1.2300000e+034
-1.2300000e+034
-1.2300000e+034
-1.2300000e+034
-1.2300000e+034
-1.2300000e+034
-1.2300000e+034
-1.2300000e+034
-1.2300000e+034
-1.2300000e+034
-1.2300000e+034
-1.2300000e+034
-1.2300000e+034
-1.2300000e+034
-1.2300000e+034
-1.2300000e+034
-1.2300000e+034
-1.2300000e+034
-1.2300000e+034
-1.2300000e+034
-1.2300000e+034
-1.2300000e+034
-1.2300000e+034
-1.2300000e+034
 1.0811722e-001
 1.0549742e-001
 1.0279095e-001
 1.0011112e-001
 9.7689636e-002
 9.5577084e-002
 9.3461119e-002
 9.1562860e-002
 8.9502655e-002
 8.7728918e-002
 8.5870825e-002
 8.4440410e-002
 8.3083317e-002
 8.1855983e-002
 8.0636837e-002
 7.9680435e-002
 7.8677587e-002
 7.7727549e-002
 7.7018172e-002
 7.6296397e-002
 7.5712025e-002
 7.5352557e-002
 7.5098671e-002
 7.4873619e-002
 7.4822247e-002
 7.4775733e-002
 7.4671790e-002
 7.4416362e-002
 7.4509762e-002
 7.4166864e-002
 7.3707834e-002
 7.3715739e-002
 7.4385315e-002
 7.5370327e-002
 7.6460935e-002
 7.7453174e-002
 7.8558102e-002
 7.9724371e-002
 8.0952756e-002
 8.2484134e-002
 8.4090367e-002
 8.5913859e-002
 8.7943412e-002
 9.0185240e-002
 9.2545897e-002
 9.4969556e-002
 9.7479403e-002
 9.9970922e-002
 1.0247291e-001
 1.0506567e-001
 1.0806984e-001
 1.1122440e-001
 1.1444751e-001
 1.1772609e-001
 1.2131080e-001
 1.2512997e-001
 1.2883161e-001
 1.3241623e-001
 1.3586402e-001
 1.3927037e-001
 1.4248455e-001
 1.4546451e-001
 1.4840429e-001
 1.5121786e-001
 1.5413705e-001
 1.5703373e-001
 1.5924792e-001
 1.6074336e-001
 1.6118652e-001
 1.5925094e-001
 1.6004933e-001
 1.5752372e-001
 1.5924117e-001
 1.6624041e-001
 1.7183618e-001
 1.7606384e-001
 1.7904066e-001
 1.8042631e-001
 1.7969856e-001
 1.7915246e-001
 1.8169963e-001
 1.8556364e-001
 1.8697448e-001
 1.8712659e-001
 1.8740393e-001
 1.8785647e-001
 1.8790197e-001
 1.8794075e-001
 1.8902709e-001
 1.8940105e-001
 1.8897401e-001
 1.8900923e-001
