s07_AV97 Record=721: Cassiterite HS279.1B         ASDFRc AREF
 7.0292316e-002
 7.2804786e-002
 7.5997651e-002
 7.9408288e-002
 8.2935505e-002
 8.7072760e-002
 9.1965675e-002
 9.7645290e-002
 1.0375737e-001
 1.0941174e-001
 1.1458543e-001
 1.1952080e-001
 1.2452253e-001
 1.3004234e-001
 1.3577656e-001
 1.4157993e-001
 1.4779694e-001
 1.5486564e-001
 1.6318779e-001
 1.7268170e-001
 1.8278471e-001
 1.9232410e-001
 2.0076770e-001
 2.0780195e-001
 2.1407518e-001
 2.1987614e-001
 2.2574665e-001
 2.3163028e-001
 2.3759314e-001
 2.4376819e-001
 2.4999842e-001
 2.5622457e-001
 2.4900045e-001
 2.5501180e-001
 2.6121023e-001
 2.6750481e-001
 2.7353597e-001
 2.7943662e-001
 2.8509513e-001
 2.9053789e-001
 2.9572490e-001
 3.0052924e-001
 3.0494964e-001
 3.0886436e-001
 3.1243756e-001
 3.1556597e-001
 3.1826642e-001
 3.2037085e-001
 3.2221344e-001
 3.2381085e-001
 3.2501480e-001
 3.2595301e-001
 3.2661653e-001
 3.2702640e-001
 3.2730725e-001
 3.2735512e-001
 3.2722574e-001
 3.2701945e-001
 3.2667321e-001
 3.2607764e-001
 3.2553145e-001
 3.2480848e-001
 3.2408348e-001
 3.2315522e-001
 3.2203868e-001
 3.2120761e-001
 3.2015753e-001
 3.1912088e-001
 3.1792504e-001
 3.1578675e-001
 3.1528834e-001
 3.1382373e-001
 3.1223434e-001
 3.1119302e-001
 3.0970764e-001
 3.0886915e-001
 3.0802253e-001
 3.0684894e-001
 3.0545449e-001
 3.0427951e-001
 3.0321804e-001
 3.0204138e-001
 3.0102792e-001
 2.9971665e-001
 2.9879713e-001
 2.9780751e-001
 2.9675844e-001
 2.9566523e-001
 2.9468861e-001
 2.9358843e-001
 2.9254827e-001
 2.9192752e-001
 2.9093984e-001
 2.8970292e-001
 2.8900391e-001
 2.8827825e-001
 2.8921005e-001
 2.8875414e-001
 2.8795633e-001
 2.8703177e-001
 2.8604934e-001
 2.8506720e-001
 2.8470778e-001
 2.8401136e-001
 2.8314409e-001
 2.8217703e-001
 2.8134272e-001
 2.8087085e-001
 2.8008825e-001
 2.7957967e-001
 2.7903792e-001
 2.7882499e-001
 2.7836162e-001
 2.7798116e-001
 2.7728340e-001
 2.7669603e-001
 2.7652502e-001
 2.7591681e-001
 2.7558777e-001
 2.7501222e-001
 2.7446604e-001
 2.7417344e-001
 2.7392536e-001
 2.7330437e-001
 2.7308297e-001
 2.7286345e-001
 2.7258146e-001
 2.7214786e-001
 2.7145201e-001
 2.7140707e-001
 2.7123666e-001
 2.7118573e-001
 2.7061927e-001
 2.7040532e-001
 2.7025411e-001
 2.6960579e-001
 2.6941982e-001
 2.6947299e-001
 2.6930729e-001
 2.6948792e-001
 2.6954973e-001
 2.6911274e-001
 2.6877752e-001
 2.6844281e-001
 2.6816109e-001
 2.6801959e-001
 2.6785541e-001
 2.6752061e-001
 2.6768309e-001
 2.6772475e-001
 2.6724726e-001
 2.6675370e-001
 2.6652357e-001
 2.6607728e-001
 2.6577553e-001
 2.6542792e-001
 2.6525521e-001
 2.6507798e-001
 2.6415572e-001
 2.6418859e-001
 2.6409861e-001
 2.6445508e-001
 2.6434174e-001
 2.6361889e-001
 2.6347265e-001
 2.6335824e-001
 2.6311475e-001
 2.6270768e-001
 2.6202577e-001
 2.6141682e-001
 2.6134706e-001
 2.6102686e-001
 2.6079357e-001
 2.6105973e-001
 2.6149151e-001
 2.6127815e-001
 2.6126930e-001
 2.6124379e-001
 2.6147765e-001
 2.6168329e-001
 2.6161256e-001
 2.6153928e-001
 2.6124138e-001
 2.6112792e-001
 2.6110429e-001
 2.6026234e-001
 2.6046479e-001
 2.6028249e-001
 2.6051638e-001
 2.6046860e-001
 2.6021132e-001
 2.5989053e-001
 2.6011950e-001
 2.5983909e-001
 2.5928438e-001
 2.5894454e-001
 2.5845850e-001
 2.5819182e-001
 2.5834525e-001
 2.5877416e-001
 2.5837585e-001
 2.5807485e-001
 2.5790986e-001
 2.5795031e-001
 2.5777936e-001
 2.5839370e-001
 2.5845414e-001
 2.5798732e-001
 2.5696856e-001
 2.5686866e-001
 2.5601047e-001
 2.5577343e-001
 2.5624743e-001
 2.5561613e-001
 2.5477993e-001
 2.5488782e-001
 2.5421420e-001
 2.5288510e-001
 2.5263992e-001
 2.5236803e-001
 2.5089630e-001
 2.5273910e-001
 2.5277650e-001
-1.2300000e+034
