s07_AV97 Record=3038: Spessartine WS480 Garnet      BECKb AREF
 2.0998177e-001
 2.3340711e-001
 2.6324296e-001
 2.8295648e-001
 2.8698695e-001
 2.9472789e-001
 2.9838717e-001
 3.0668563e-001
 3.1617749e-001
 3.1697518e-001
 3.1865254e-001
 3.2150093e-001
 3.2257488e-001
 3.2246426e-001
 3.2622653e-001
 3.3661839e-001
 3.4665224e-001
 3.6013454e-001
 3.7483960e-001
 3.8400739e-001
 3.9172912e-001
 4.0285349e-001
 4.2091742e-001
 4.3798751e-001
 4.5053786e-001
 4.6289551e-001
 4.7719887e-001
 4.9348325e-001
 5.0663841e-001
 5.1824844e-001
 5.2633864e-001
 5.3082019e-001
 5.2516776e-001
 5.3017324e-001
 5.3431660e-001
 5.4193199e-001
 5.4698354e-001
 5.5367208e-001
 5.6357348e-001
 5.7432640e-001
 5.8260989e-001
 5.9043914e-001
 5.9623140e-001
 6.0395372e-001
 6.0739100e-001
 6.1182463e-001
 6.1572063e-001
 6.1770898e-001
 6.1943221e-001
 6.2018895e-001
 6.2372202e-001
 6.2207562e-001
 6.2089032e-001
 6.2109542e-001
 6.2114465e-001
 6.2081796e-001
 6.2048292e-001
 6.2101024e-001
 6.1380273e-001
 6.1913121e-001
 6.1644369e-001
 6.1603910e-001
 6.1486024e-001
 6.1426377e-001
 6.0863501e-001
 6.0646802e-001
 6.0359186e-001
 5.9914327e-001
 5.9312886e-001
 5.8609527e-001
 5.8119571e-001
 5.7116258e-001
 5.6320983e-001
 5.5443490e-001
 5.4462743e-001
 5.3370702e-001
 5.2167803e-001
 5.1159137e-001
 4.9968201e-001
 4.8632881e-001
 4.7540218e-001
 4.6317741e-001
 4.5065191e-001
 4.4145477e-001
 4.3009871e-001
 4.1727540e-001
 4.0838733e-001
 3.9882681e-001
 3.9121664e-001
 3.8272783e-001
 3.7634197e-001
 3.6851448e-001
 3.6373007e-001
 3.5739824e-001
 3.5379779e-001
 3.4889263e-001
 3.5532865e-001
 3.5138419e-001
 3.4816620e-001
 3.4515336e-001
 3.4251481e-001
 3.4121767e-001
 3.4194022e-001
 3.4222502e-001
 3.4391367e-001
 3.4647918e-001
 3.4924304e-001
 3.5411575e-001
 3.5719022e-001
 3.6262247e-001
 3.6893526e-001
 3.7415239e-001
 3.7961254e-001
 3.8496324e-001
 3.9247480e-001
 3.9694697e-001
 4.0020770e-001
 4.0785217e-001
 4.1135821e-001
 4.1399592e-001
 4.1785914e-001
 4.2191935e-001
 4.2033705e-001
 4.2489696e-001
 4.2433089e-001
 4.2360392e-001
 4.2388758e-001
 4.2305532e-001
 4.2182377e-001
 4.2019361e-001
 4.1863474e-001
 4.1679889e-001
 4.1393575e-001
 4.1234586e-001
 4.1116259e-001
 4.0955949e-001
 4.0609127e-001
 4.0625036e-001
 4.0346345e-001
 4.0412197e-001
 4.0196788e-001
 4.0381348e-001
 4.0161943e-001
 4.0444621e-001
 4.0218830e-001
 4.0471929e-001
 4.0442675e-001
 4.0467829e-001
 4.0598881e-001
 4.0686214e-001
 4.0815458e-001
 4.0974239e-001
 4.1027024e-001
 4.1482317e-001
 4.1618237e-001
 4.1894454e-001
 4.2296094e-001
 4.2387220e-001
 4.2525622e-001
 4.2842865e-001
 4.2748308e-001
 4.2772630e-001
 4.2861986e-001
 4.3474552e-001
 4.3549407e-001
 4.3479806e-001
 4.3697169e-001
 4.4085866e-001
 4.4077361e-001
 4.4087300e-001
 4.4335279e-001
 4.4757730e-001
 4.4674757e-001
 4.4646159e-001
 4.4314581e-001
 4.4461137e-001
 4.4831014e-001
 4.4686955e-001
 4.4662884e-001
 4.4693989e-001
 4.4446376e-001
 4.4619000e-001
 4.4690537e-001
 4.4291818e-001
 4.4569504e-001
 4.4361147e-001
 4.4250587e-001
 4.4306487e-001
 4.4328946e-001
 4.3838739e-001
 4.3546438e-001
 4.3367410e-001
 4.3161225e-001
 4.2669213e-001
 4.3176946e-001
 4.2818081e-001
 4.2210096e-001
 4.2744476e-001
 4.2409253e-001
 4.2374942e-001
 4.2128816e-001
 4.2184827e-001
 4.3326953e-001
 4.2815679e-001
 4.2657241e-001
 4.2379209e-001
 4.1916296e-001
 4.2516407e-001
 4.2108443e-001
 4.2302820e-001
 4.2344886e-001
 4.2499781e-001
 4.2560858e-001
 4.2564788e-001
 4.2584705e-001
 4.2655373e-001
 4.2672238e-001
 4.2523313e-001
 4.2351177e-001
 4.2342710e-001
 4.2665502e-001
 4.3151611e-001
 4.3570617e-001
 4.3767664e-001
