s07_AV97 Record=3505: Zoisite HS347.3B             ASDFRb AREF
 3.5791078e-001
 3.4854254e-001
 3.1312883e-001
 2.7401099e-001
 2.4232061e-001
 2.2113471e-001
 2.1388893e-001
 2.2382799e-001
 2.4973480e-001
 2.8568831e-001
 3.0284026e-001
 2.8224200e-001
 2.6724407e-001
 2.3951344e-001
 2.0367384e-001
 1.8184908e-001
 1.7414062e-001
 1.7843913e-001
 1.9355400e-001
 2.2233434e-001
 2.6928106e-001
 3.3434987e-001
 4.0797710e-001
 4.7286186e-001
 5.2369887e-001
 5.5145878e-001
 5.5870765e-001
 5.4869717e-001
 5.2925378e-001
 5.0653350e-001
 4.8389548e-001
 4.6251571e-001
 4.8745742e-001
 4.6646118e-001
 4.4717613e-001
 4.2964143e-001
 4.1394481e-001
 4.0018162e-001
 3.8827726e-001
 3.7823468e-001
 3.6995256e-001
 3.6358345e-001
 3.5902390e-001
 3.5601446e-001
 3.5450181e-001
 3.5433441e-001
 3.5556850e-001
 3.5841542e-001
 3.6275083e-001
 3.6833423e-001
 3.7511498e-001
 3.8304850e-001
 3.9230224e-001
 4.0246248e-001
 4.1382992e-001
 4.2624912e-001
 4.3939421e-001
 4.5370144e-001
 4.6859875e-001
 4.8415011e-001
 5.0024784e-001
 5.1691002e-001
 5.3357518e-001
 5.5055571e-001
 5.6709790e-001
 5.8372146e-001
 5.9976196e-001
 6.1528641e-001
 6.2944967e-001
 6.4291102e-001
 6.5498030e-001
 6.6516805e-001
 6.7529362e-001
 6.8400002e-001
 6.9183159e-001
 6.9916141e-001
 7.0551538e-001
 7.1200877e-001
 7.1806687e-001
 7.2389597e-001
 7.2973645e-001
 7.3467320e-001
 7.4028170e-001
 7.4528825e-001
 7.5020820e-001
 7.5598806e-001
 7.6145971e-001
 7.6805627e-001
 7.7529937e-001
 7.8219587e-001
 7.8998441e-001
 7.9722518e-001
 8.0337983e-001
 8.0993789e-001
 8.1636566e-001
 8.2355011e-001
 8.1279320e-001
 8.1983852e-001
 8.2699537e-001
 8.3477324e-001
 8.4263074e-001
 8.4945607e-001
 8.5575098e-001
 8.6123759e-001
 8.6593747e-001
 8.6923814e-001
 8.7108207e-001
 8.7244380e-001
 8.7278628e-001
 8.6149991e-001
 8.4947896e-001
 8.5762912e-001
 8.5625899e-001
 8.5574740e-001
 8.5537177e-001
 8.5519081e-001
 8.5585773e-001
 8.5695142e-001
 8.5646886e-001
 8.5428232e-001
 8.4920061e-001
 8.4172457e-001
 8.3120579e-001
 8.1752461e-001
 8.0140126e-001
 7.8460664e-001
 7.6928419e-001
 7.5545287e-001
 7.4232143e-001
 7.2854811e-001
 7.1437818e-001
 6.9940227e-001
 6.8188018e-001
 6.6446954e-001
 6.4893901e-001
 6.3405073e-001
 6.2027061e-001
 6.1360204e-001
 6.1552989e-001
 6.1933672e-001
 6.2225556e-001
 6.2746459e-001
 6.3669467e-001
 6.4789593e-001
 6.5910375e-001
 6.6934657e-001
 6.7985338e-001
 6.9009227e-001
 7.0046163e-001
 7.1122736e-001
 7.2129804e-001
 7.3078287e-001
 7.4056453e-001
 7.4604553e-001
 7.3553199e-001
 7.1219069e-001
 7.0905852e-001
 7.1729285e-001
 7.2114301e-001
 7.2131181e-001
 7.2147727e-001
 7.2030252e-001
 7.1584207e-001
 7.0992023e-001
 7.0428562e-001
 7.0160854e-001
 7.0985991e-001
 7.1912670e-001
 7.2562218e-001
 7.3131901e-001
 7.3670614e-001
 7.4173665e-001
 7.4752492e-001
 7.5290495e-001
 7.5768089e-001
 7.6211232e-001
 7.6556700e-001
 7.6865464e-001
 7.6814145e-001
 7.6637894e-001
 7.6850325e-001
 7.7199072e-001
 7.7285761e-001
 7.7479196e-001
 7.7584648e-001
 7.7612430e-001
 7.7603263e-001
 7.7516019e-001
 7.7374792e-001
 7.6994097e-001
 7.6339376e-001
 7.5743413e-001
 7.5351441e-001
 7.4845034e-001
 7.3958176e-001
 7.2602105e-001
 7.0223010e-001
 6.7306900e-001
 6.5600616e-001
 6.5388542e-001
 6.3127863e-001
 5.7180327e-001
 5.2308095e-001
 5.4411769e-001
 5.6471568e-001
 5.5450577e-001
 5.3198969e-001
 5.1746595e-001
 5.2969187e-001
 5.6660080e-001
 5.9480757e-001
 6.0017711e-001
 5.8730066e-001
 5.6495285e-001
 5.3929013e-001
 5.1968431e-001
 4.9383453e-001
 4.5889759e-001
 4.0449685e-001
 3.5493720e-001
 3.6178240e-001
 4.2561072e-001
 4.8300630e-001
-1.2300000e+034
