s07_AV97 Record=756: Chalcopyrite HS431.3B        NIC4bc RREF
-1.2300000e+034
-1.2300000e+034
-1.2300000e+034
-1.2300000e+034
-1.2300000e+034
-1.2300000e+034
-1.2300000e+034
-1.2300000e+034
-1.2300000e+034
-1.2300000e+034
-1.2300000e+034
-1.2300000e+034
-1.2300000e+034
-1.2300000e+034
-1.2300000e+034
-1.2300000e+034
-1.2300000e+034
-1.2300000e+034
-1.2300000e+034
-1.2300000e+034
-1.2300000e+034
-1.2300000e+034
-1.2300000e+034
-1.2300000e+034
-1.2300000e+034
-1.2300000e+034
-1.2300000e+034
-1.2300000e+034
-1.2300000e+034
-1.2300000e+034
-1.2300000e+034
-1.2300000e+034
-1.2300000e+034
-1.2300000e+034
-1.2300000e+034
-1.2300000e+034
-1.2300000e+034
-1.2300000e+034
-1.2300000e+034
-1.2300000e+034
-1.2300000e+034
-1.2300000e+034
-1.2300000e+034
-1.2300000e+034
-1.2300000e+034
-1.2300000e+034
-1.2300000e+034
-1.2300000e+034
-1.2300000e+034
-1.2300000e+034
-1.2300000e+034
-1.2300000e+034
-1.2300000e+034
-1.2300000e+034
-1.2300000e+034
-1.2300000e+034
-1.2300000e+034
-1.2300000e+034
-1.2300000e+034
-1.2300000e+034
-1.2300000e+034
-1.2300000e+034
-1.2300000e+034
-1.2300000e+034
-1.2300000e+034
-1.2300000e+034
-1.2300000e+034
-1.2300000e+034
-1.2300000e+034
-1.2300000e+034
-1.2300000e+034
-1.2300000e+034
-1.2300000e+034
-1.2300000e+034
-1.2300000e+034
-1.2300000e+034
-1.2300000e+034
-1.2300000e+034
-1.2300000e+034
-1.2300000e+034
-1.2300000e+034
-1.2300000e+034
-1.2300000e+034
-1.2300000e+034
-1.2300000e+034
-1.2300000e+034
-1.2300000e+034
-1.2300000e+034
-1.2300000e+034
-1.2300000e+034
-1.2300000e+034
-1.2300000e+034
-1.2300000e+034
-1.2300000e+034
-1.2300000e+034
-1.2300000e+034
-1.2300000e+034
-1.2300000e+034
-1.2300000e+034
-1.2300000e+034
-1.2300000e+034
-1.2300000e+034
-1.2300000e+034
-1.2300000e+034
-1.2300000e+034
-1.2300000e+034
-1.2300000e+034
-1.2300000e+034
-1.2300000e+034
-1.2300000e+034
-1.2300000e+034
-1.2300000e+034
-1.2300000e+034
-1.2300000e+034
-1.2300000e+034
-1.2300000e+034
-1.2300000e+034
-1.2300000e+034
-1.2300000e+034
-1.2300000e+034
-1.2300000e+034
-1.2300000e+034
-1.2300000e+034
-1.2300000e+034
-1.2300000e+034
-1.2300000e+034
-1.2300000e+034
-1.2300000e+034
-1.2300000e+034
-1.2300000e+034
-1.2300000e+034
-1.2300000e+034
-1.2300000e+034
 8.8320427e-002
 8.9389384e-002
 9.0171292e-002
 9.1087036e-002
 9.2018954e-002
 9.2954278e-002
 9.3696438e-002
 9.4390184e-002
 9.4847888e-002
 9.5411874e-002
 9.5876977e-002
 9.6297048e-002
 9.6693084e-002
 9.7168878e-002
 9.7361013e-002
 9.7525738e-002
 9.7726546e-002
 9.7782038e-002
 9.8062612e-002
 9.8351218e-002
 9.8523408e-002
 9.8749258e-002
 9.8914512e-002
 9.9130780e-002
 9.9256948e-002
 9.9310234e-002
 9.9537596e-002
 9.9464074e-002
 9.9687852e-002
 9.9939324e-002
 1.0021147e-001
 1.0042284e-001
 1.0061724e-001
 1.0075973e-001
 1.0099555e-001
 1.0093024e-001
 1.0090894e-001
 1.0111787e-001
 1.0136619e-001
 1.0148104e-001
 1.0176466e-001
 1.0194497e-001
 1.0206772e-001
 1.0202359e-001
 1.0189015e-001
 1.0189951e-001
 1.0196363e-001
 1.0204531e-001
 1.0209309e-001
 1.0235332e-001
 1.0267454e-001
 1.0278675e-001
 1.0286482e-001
 1.0292531e-001
 1.0277753e-001
 1.0264985e-001
 1.0266935e-001
 1.0267641e-001
 1.0255160e-001
 1.0261957e-001
 1.0280508e-001
 1.0304061e-001
 1.0319622e-001
 1.0336904e-001
 1.0337806e-001
 1.0353622e-001
 1.0363938e-001
 1.0352130e-001
 1.0358597e-001
 1.0405793e-001
 1.0415133e-001
 1.0428806e-001
 1.0477514e-001
 1.0521466e-001
 1.0498524e-001
 1.0502977e-001
 1.0509914e-001
 1.0528460e-001
 1.0545602e-001
 1.0571805e-001
 1.0567672e-001
 1.0591093e-001
 1.0626792e-001
 1.0616050e-001
 1.0626983e-001
 1.0624807e-001
 1.0639700e-001
 1.0671336e-001
 1.0704526e-001
 1.0702572e-001
 1.0719588e-001
