s07_AV97 Record=3485: Wollastonite HS348.3B        ASDFRc AREF
 8.0154920e-001
 8.0724627e-001
 8.1112766e-001
 8.1340098e-001
 8.1403786e-001
 8.1716001e-001
 8.2081026e-001
 8.2431090e-001
 8.2773668e-001
 8.3076370e-001
 8.3341211e-001
 8.3560508e-001
 8.3734453e-001
 8.3977169e-001
 8.4408301e-001
 8.4915102e-001
 8.5341209e-001
 8.5682446e-001
 8.5974699e-001
 8.6241817e-001
 8.6445481e-001
 8.6591613e-001
 8.6700308e-001
 8.6823457e-001
 8.6934274e-001
 8.7029153e-001
 8.7098622e-001
 8.7178880e-001
 8.7280893e-001
 8.7377006e-001
 8.7467629e-001
 8.7558341e-001
 8.7454599e-001
 8.7537283e-001
 8.7636697e-001
 8.7724960e-001
 8.7783217e-001
 8.7815189e-001
 8.7849152e-001
 8.7889254e-001
 8.7934232e-001
 8.7989539e-001
 8.8042629e-001
 8.8117296e-001
 8.8172174e-001
 8.8206518e-001
 8.8275224e-001
 8.8321853e-001
 8.8371378e-001
 8.8413018e-001
 8.8451469e-001
 8.8487583e-001
 8.8514161e-001
 8.8533819e-001
 8.8518578e-001
 8.8483369e-001
 8.8430691e-001
 8.8397813e-001
 8.8305873e-001
 8.8242120e-001
 8.8141662e-001
 8.8049120e-001
 8.7914908e-001
 8.7817430e-001
 8.7731516e-001
 8.7629580e-001
 8.7545818e-001
 8.7471914e-001
 8.7403429e-001
 8.7277967e-001
 8.7226170e-001
 8.7217647e-001
 8.7172484e-001
 8.7189513e-001
 8.7158912e-001
 8.7187684e-001
 8.7148654e-001
 8.7129360e-001
 8.7139708e-001
 8.7164724e-001
 8.7111378e-001
 8.7072188e-001
 8.7032425e-001
 8.6947972e-001
 8.6910588e-001
 8.6840886e-001
 8.6760950e-001
 8.6680174e-001
 8.6569542e-001
 8.6438817e-001
 8.6375827e-001
 8.6310458e-001
 8.6234570e-001
 8.6202359e-001
 8.6173904e-001
 8.6102808e-001
 8.6208075e-001
 8.6148554e-001
 8.6083931e-001
 8.6047935e-001
 8.5995018e-001
 8.5918981e-001
 8.5883886e-001
 8.5845715e-001
 8.5819966e-001
 8.5821229e-001
 8.5803628e-001
 8.5866237e-001
 8.5868895e-001
 8.5841846e-001
 8.5702932e-001
 8.5561287e-001
 8.5514772e-001
 8.5509235e-001
 8.5499692e-001
 8.5546595e-001
 8.5696238e-001
 8.5806835e-001
 8.5835212e-001
 8.5920596e-001
 8.5975599e-001
 8.6071384e-001
 8.6197090e-001
 8.6244833e-001
 8.6294478e-001
 8.6377621e-001
 8.6471200e-001
 8.6564815e-001
 8.6686277e-001
 8.6804867e-001
 8.6934507e-001
 8.7030357e-001
 8.7129760e-001
 8.7239605e-001
 8.7360156e-001
 8.7481451e-001
 8.7615579e-001
 8.7719291e-001
 8.7845016e-001
 8.7959015e-001
 8.8077790e-001
 8.8174975e-001
 8.8261157e-001
 8.8363487e-001
 8.8434774e-001
 8.8495791e-001
 8.8584614e-001
 8.8578415e-001
 8.8621795e-001
 8.8769156e-001
 8.8822615e-001
 8.8858581e-001
 8.8963777e-001
 8.8959813e-001
 8.9000517e-001
 8.9004695e-001
 8.8941735e-001
 8.8912565e-001
 8.8678712e-001
 8.8241899e-001
 8.8481098e-001
 8.7721002e-001
 8.6568475e-001
 8.5783720e-001
 8.5582656e-001
 8.5872442e-001
 8.6197680e-001
 8.6396080e-001
 8.6622810e-001
 8.6795986e-001
 8.7051362e-001
 8.7260377e-001
 8.7466019e-001
 8.7701643e-001
 8.7880749e-001
 8.8109434e-001
 8.8373029e-001
 8.8590175e-001
 8.8750702e-001
 8.8925201e-001
 8.9053339e-001
 8.9184266e-001
 8.9279932e-001
 8.9316279e-001
 8.9401913e-001
 8.9449561e-001
 8.9397246e-001
 8.9286202e-001
 8.9242721e-001
 8.9239764e-001
 8.9097351e-001
 8.8957274e-001
 8.8829350e-001
 8.8790041e-001
 8.8686764e-001
 8.8472503e-001
 8.8180363e-001
 8.8187003e-001
 8.8226110e-001
 8.8328838e-001
 8.8495898e-001
 8.8436490e-001
 8.8531846e-001
 8.8580346e-001
 8.8668990e-001
 8.8710499e-001
 8.8678873e-001
 8.8561970e-001
 8.8777477e-001
 8.8904148e-001
 8.8606071e-001
 8.8460368e-001
 8.8311917e-001
 8.7913620e-001
 8.7537944e-001
 8.7582457e-001
 8.7236983e-001
 8.6754072e-001
 8.6381209e-001
 8.5917646e-001
 8.5499990e-001
 8.5425639e-001
 8.5673809e-001
-1.2300000e+034
