s07_AV97 Record=1194: Fluorapatite WS416            BECKa AREF
 3.9075318e-001
 4.2229608e-001
 4.5544073e-001
 4.8789591e-001
 5.1916802e-001
 5.4671663e-001
 5.6928545e-001
 5.8854353e-001
 6.0457474e-001
 6.1750603e-001
 6.2611306e-001
 6.3340384e-001
 6.4133388e-001
 6.4878500e-001
 6.5402478e-001
 6.5796858e-001
 6.6249573e-001
 6.7168987e-001
 6.8108171e-001
 6.8979877e-001
 6.9759136e-001
 6.8993390e-001
 6.9415963e-001
 7.1167040e-001
 7.2288507e-001
 7.2834986e-001
 7.3008710e-001
 7.3229003e-001
 7.3429620e-001
 7.3643690e-001
 7.3913759e-001
 7.4050838e-001
 7.3872864e-001
 7.4031985e-001
 7.4165171e-001
 7.4433440e-001
 7.4585319e-001
 7.4768883e-001
 7.4793476e-001
 7.4599886e-001
 7.3416543e-001
 7.2937554e-001
 7.4198270e-001
 7.4778467e-001
 7.4880761e-001
 7.4628103e-001
 7.3272377e-001
 7.2564709e-001
 7.3956227e-001
 7.4533778e-001
 7.4769443e-001
 7.5008035e-001
 7.5092059e-001
 7.4705845e-001
 7.4496955e-001
 7.4689573e-001
 7.4924952e-001
 7.4813920e-001
 7.4609691e-001
 7.4720299e-001
 7.4820518e-001
 7.4775165e-001
 7.4693108e-001
 7.4958539e-001
 7.4904197e-001
 7.4789631e-001
 7.4833781e-001
 7.4818063e-001
 7.4786186e-001
 7.4767131e-001
 7.4850541e-001
 7.4950051e-001
 7.4848229e-001
 7.4933374e-001
 7.4754608e-001
 7.4752206e-001
 7.4642730e-001
 7.4714595e-001
 7.4600047e-001
 7.4733078e-001
 7.4753910e-001
 7.4784577e-001
 7.4680239e-001
 7.4685997e-001
 7.4695927e-001
 7.4568993e-001
 7.4623299e-001
 7.4727142e-001
 7.4589062e-001
 7.4520254e-001
 7.4516743e-001
 7.4494070e-001
 7.4405992e-001
 7.4478668e-001
 7.4512231e-001
 7.4583894e-001
 7.4470550e-001
 7.4586868e-001
 7.4588650e-001
 7.4700469e-001
 7.4760365e-001
 7.4724060e-001
 7.4765199e-001
 7.4790692e-001
 7.4803096e-001
 7.4828976e-001
 7.4664479e-001
 7.4720508e-001
 7.4695641e-001
 7.4732226e-001
 7.4738836e-001
 7.4692023e-001
 7.4605775e-001
 7.4683583e-001
 7.4777108e-001
 7.4765760e-001
 7.4731100e-001
 7.4765259e-001
 7.4692225e-001
 7.4631011e-001
 7.4602813e-001
 7.4547893e-001
 7.4582744e-001
 7.4713433e-001
 7.4638069e-001
 7.4469763e-001
 7.4634260e-001
 7.4814779e-001
 7.4782455e-001
 7.4801624e-001
 7.4971628e-001
 7.4966764e-001
 7.4917376e-001
 7.5040466e-001
 7.5072259e-001
 7.5190717e-001
 7.5252974e-001
 7.5230342e-001
 7.5106531e-001
 7.5020695e-001
 7.5291830e-001
 7.5232679e-001
 7.5266659e-001
 7.5013715e-001
 7.5174010e-001
 7.5407428e-001
 7.5320446e-001
 7.5266618e-001
 7.5109518e-001
 7.5188440e-001
 7.5362551e-001
 7.5125134e-001
 7.5115496e-001
 7.4732417e-001
 7.4869579e-001
 7.4900758e-001
 7.4912918e-001
 7.4845093e-001
 7.4826443e-001
 7.4717951e-001
 7.4786502e-001
 7.4538177e-001
 7.4418217e-001
 7.4336672e-001
 7.4261957e-001
 7.4229187e-001
 7.3967701e-001
 7.3998106e-001
 7.4066472e-001
 7.4080372e-001
 7.4147451e-001
 7.4145365e-001
 7.4040246e-001
 7.4223697e-001
 7.4685961e-001
 7.4538606e-001
 7.4734241e-001
 7.4951649e-001
 7.4982601e-001
 7.5079030e-001
 7.5218850e-001
 7.5182897e-001
 7.5312269e-001
 7.5474948e-001
 7.5688738e-001
 7.5893289e-001
 7.5669128e-001
 7.5617719e-001
 7.5544477e-001
 7.5279963e-001
 7.5208193e-001
 7.5266641e-001
 7.5130749e-001
 7.5077158e-001
 7.5148797e-001
 7.5163352e-001
 7.5194305e-001
 7.5411916e-001
 7.5372475e-001
 7.5520372e-001
 7.5483668e-001
 7.5435424e-001
 7.5504589e-001
 7.5562322e-001
 7.5634253e-001
 7.5728738e-001
 7.5639558e-001
 7.5545746e-001
 7.5473654e-001
 7.5484109e-001
 7.5260812e-001
 7.5330406e-001
 7.5453281e-001
 7.5333744e-001
 7.5072151e-001
 7.4904770e-001
 7.4831456e-001
 7.4793899e-001
 7.4781394e-001
 7.4802762e-001
 7.4861777e-001
 7.4921858e-001
 7.4939018e-001
 7.4882066e-001
