s07_AV97 Record=707: Carnallite HS430.3B          NIC4aa RREF
-1.2300000e+034
-1.2300000e+034
-1.2300000e+034
-1.2300000e+034
-1.2300000e+034
-1.2300000e+034
-1.2300000e+034
-1.2300000e+034
-1.2300000e+034
-1.2300000e+034
-1.2300000e+034
-1.2300000e+034
-1.2300000e+034
-1.2300000e+034
-1.2300000e+034
-1.2300000e+034
-1.2300000e+034
-1.2300000e+034
-1.2300000e+034
-1.2300000e+034
-1.2300000e+034
-1.2300000e+034
-1.2300000e+034
-1.2300000e+034
-1.2300000e+034
-1.2300000e+034
-1.2300000e+034
-1.2300000e+034
-1.2300000e+034
-1.2300000e+034
-1.2300000e+034
-1.2300000e+034
-1.2300000e+034
-1.2300000e+034
-1.2300000e+034
-1.2300000e+034
-1.2300000e+034
-1.2300000e+034
-1.2300000e+034
-1.2300000e+034
-1.2300000e+034
-1.2300000e+034
-1.2300000e+034
-1.2300000e+034
-1.2300000e+034
-1.2300000e+034
-1.2300000e+034
-1.2300000e+034
-1.2300000e+034
-1.2300000e+034
-1.2300000e+034
-1.2300000e+034
-1.2300000e+034
-1.2300000e+034
-1.2300000e+034
-1.2300000e+034
-1.2300000e+034
-1.2300000e+034
-1.2300000e+034
-1.2300000e+034
-1.2300000e+034
-1.2300000e+034
-1.2300000e+034
-1.2300000e+034
-1.2300000e+034
-1.2300000e+034
-1.2300000e+034
-1.2300000e+034
-1.2300000e+034
-1.2300000e+034
-1.2300000e+034
-1.2300000e+034
-1.2300000e+034
-1.2300000e+034
-1.2300000e+034
-1.2300000e+034
-1.2300000e+034
-1.2300000e+034
-1.2300000e+034
-1.2300000e+034
-1.2300000e+034
-1.2300000e+034
-1.2300000e+034
-1.2300000e+034
-1.2300000e+034
-1.2300000e+034
-1.2300000e+034
-1.2300000e+034
-1.2300000e+034
-1.2300000e+034
-1.2300000e+034
-1.2300000e+034
-1.2300000e+034
-1.2300000e+034
-1.2300000e+034
-1.2300000e+034
-1.2300000e+034
-1.2300000e+034
-1.2300000e+034
-1.2300000e+034
-1.2300000e+034
-1.2300000e+034
-1.2300000e+034
-1.2300000e+034
-1.2300000e+034
-1.2300000e+034
-1.2300000e+034
-1.2300000e+034
-1.2300000e+034
-1.2300000e+034
-1.2300000e+034
-1.2300000e+034
-1.2300000e+034
-1.2300000e+034
-1.2300000e+034
 2.8417519e-001
 2.6970437e-001
 2.6066402e-001
 2.6159212e-001
 2.6484549e-001
 2.6630673e-001
 2.6727328e-001
 2.6656747e-001
 2.6507968e-001
 2.6803881e-001
 2.7843362e-001
 2.9403511e-001
 3.1157088e-001
 3.2937774e-001
 3.4647140e-001
 3.6216375e-001
 3.7647787e-001
 3.8928664e-001
 4.0038553e-001
 4.1007975e-001
 4.1831821e-001
 4.2515877e-001
 4.3126738e-001
 4.3549001e-001
 4.3727416e-001
 4.3602863e-001
 4.3037593e-001
 4.1952214e-001
 4.0292984e-001
 3.8070053e-001
 3.5491952e-001
 3.3329678e-001
 3.2330698e-001
 3.2417649e-001
 3.2934704e-001
 3.3465797e-001
 3.4074438e-001
 3.4909260e-001
 3.5938081e-001
 3.7057626e-001
 3.8109758e-001
 3.8806868e-001
 3.8785166e-001
 3.7730482e-001
 3.5462275e-001
 3.6345041e-001
 3.2811132e-001
 2.7511820e-001
 2.2409223e-001
 1.8929182e-001
 1.6176893e-001
 1.3632542e-001
 1.1232340e-001
 9.1467366e-002
 7.5664364e-002
 6.6139817e-002
 7.1945824e-002
 9.9372767e-002
 1.3763912e-001
 1.7562297e-001
 2.1039143e-001
 2.4007291e-001
 2.6469743e-001
 2.8338879e-001
 2.9406837e-001
 2.9848546e-001
 2.9950896e-001
 2.9862496e-001
 2.9722092e-001
 2.9623473e-001
 2.9553127e-001
 2.9418159e-001
 2.9130152e-001
 2.8615317e-001
 2.7913946e-001
 2.7066153e-001
 2.6143235e-001
 2.5234738e-001
 2.4360712e-001
 2.3549725e-001
 2.2834034e-001
 2.2246312e-001
 2.1808352e-001
 2.1544433e-001
 2.1433358e-001
 2.1539618e-001
 2.1839282e-001
 2.2249407e-001
 2.2677156e-001
 2.3071517e-001
 2.3253760e-001
 2.3154789e-001
 2.2652721e-001
 2.1715237e-001
 2.0344844e-001
 1.8656659e-001
 1.6755724e-001
 1.4784938e-001
 1.2885544e-001
 1.1154199e-001
 9.7374134e-002
 8.7206788e-002
 8.1432700e-002
 7.9789765e-002
 8.0878645e-002
 8.4301367e-002
 8.8886283e-002
 9.3159474e-002
 9.5293269e-002
