s07_AV97 Record=207: Alunite GDS82 Na82            BECKb AREF
 4.8923969e-001
 5.1162857e-001
 5.3550851e-001
 5.5640972e-001
 5.7566333e-001
 5.9316248e-001
 6.1125946e-001
 6.3010401e-001
 6.4641333e-001
 6.5816623e-001
 6.6689628e-001
 6.7742938e-001
 6.8884283e-001
 7.0228291e-001
 7.1648085e-001
 7.3138785e-001
 7.4583405e-001
 7.6013136e-001
 7.7165413e-001
 7.8076917e-001
 7.8681558e-001
 7.9510599e-001
 8.0213118e-001
 8.0651820e-001
 8.1045061e-001
 8.1448197e-001
 8.1948829e-001
 8.2367247e-001
 8.2833999e-001
 8.3238047e-001
 8.3656323e-001
 8.4035581e-001
 8.3595508e-001
 8.3955348e-001
 8.4375983e-001
 8.4741390e-001
 8.5252094e-001
 8.5731262e-001
 8.6056858e-001
 8.6336702e-001
 8.6628515e-001
 8.6929297e-001
 8.7197882e-001
 8.7423015e-001
 8.7663352e-001
 8.7754512e-001
 8.7987179e-001
 8.8113141e-001
 8.8214535e-001
 8.8234055e-001
 8.8129252e-001
 8.8429016e-001
 8.8388580e-001
 8.8216335e-001
 8.8042957e-001
 8.7768793e-001
 8.8169301e-001
 8.8033384e-001
 8.8062459e-001
 8.7764621e-001
 8.7967330e-001
 8.7827915e-001
 8.7624663e-001
 8.7833345e-001
 8.7718970e-001
 8.8053751e-001
 8.7863958e-001
 8.7815958e-001
 8.7861401e-001
 8.8057804e-001
 8.8261962e-001
 8.8423604e-001
 8.8482285e-001
 8.8583040e-001
 8.8681138e-001
 8.8666850e-001
 8.8829601e-001
 8.8935089e-001
 8.8964361e-001
 8.8963377e-001
 8.9136130e-001
 8.9162380e-001
 8.9102167e-001
 8.9145631e-001
 8.9003342e-001
 8.9019257e-001
 8.9124894e-001
 8.9285403e-001
 8.9153463e-001
 8.9150912e-001
 8.9204550e-001
 8.9082772e-001
 8.8830584e-001
 8.8973105e-001
 8.8784641e-001
 8.8554639e-001
 8.8898975e-001
 8.8664353e-001
 8.8478392e-001
 8.8505656e-001
 8.8764322e-001
 8.8923728e-001
 8.8777983e-001
 8.8487881e-001
 8.8049030e-001
 8.7713647e-001
 8.7315899e-001
 8.7201971e-001
 8.6755919e-001
 8.5310906e-001
 8.3856732e-001
 8.2095277e-001
 7.9753286e-001
 7.7769417e-001
 7.5086421e-001
 7.4918777e-001
 7.6344210e-001
 7.6644498e-001
 7.6108688e-001
 7.4923396e-001
 7.4217290e-001
 7.5753456e-001
 7.7735150e-001
 7.9146534e-001
 8.0047625e-001
 8.0689919e-001
 8.1174117e-001
 8.1295747e-001
 8.1314069e-001
 8.1403929e-001
 8.1454468e-001
 8.1463772e-001
 8.1440151e-001
 8.1373966e-001
 8.1232446e-001
 8.1165546e-001
 8.0891079e-001
 8.0615151e-001
 8.0391330e-001
 8.0117941e-001
 8.0077541e-001
 7.9759967e-001
 7.9186010e-001
 7.8118628e-001
 7.6616985e-001
 7.4803823e-001
 7.3229265e-001
 7.2339660e-001
 7.2476977e-001
 7.4549800e-001
 7.6421255e-001
 7.7065009e-001
 7.7367610e-001
 7.7340269e-001
 7.7398050e-001
 7.6949555e-001
 7.6496977e-001
 7.5717080e-001
 7.4411845e-001
 7.2092783e-001
 7.2966194e-001
 7.0053738e-001
 6.6432226e-001
 6.2492007e-001
 5.9892565e-001
 5.8782852e-001
 5.8934569e-001
 5.9455645e-001
 5.9863746e-001
 6.0427648e-001
 6.0659939e-001
 6.0617822e-001
 6.0621363e-001
 6.0564315e-001
 6.0891879e-001
 6.0955215e-001
 6.0726088e-001
 6.0739440e-001
 6.1000431e-001
 6.0836589e-001
 6.0679221e-001
 6.0532135e-001
 6.0164189e-001
 5.9873116e-001
 5.9019101e-001
 5.7161587e-001
 5.4923981e-001
 5.1845163e-001
 4.9151558e-001
 4.7865671e-001
 4.8082319e-001
 4.9502316e-001
 5.1118654e-001
 5.2061856e-001
 5.3493023e-001
 5.5961978e-001
 5.8531594e-001
 6.0257179e-001
 6.0715675e-001
 6.1055416e-001
 6.0594940e-001
 5.9755117e-001
 5.8139217e-001
 5.5615538e-001
 5.2720916e-001
 5.1611418e-001
 5.1257873e-001
 5.1505941e-001
 5.1198852e-001
 5.0326622e-001
 4.8721904e-001
 4.6244296e-001
 4.4175786e-001
 4.2763501e-001
 4.1512734e-001
 3.9852220e-001
 3.8071528e-001
 3.6642402e-001
 3.5715616e-001
 3.4965101e-001
 3.4382904e-001
 3.3845872e-001
 3.3232200e-001
 3.2492319e-001
