s07_AV97 Record=2781: Pyrrhotite HS269.3B          ASDFRc AREF
 3.1875607e-002
 3.2417707e-002
 3.1925291e-002
 3.2396354e-002
 3.2499362e-002
 3.2952268e-002
 3.3648346e-002
 3.4891736e-002
 3.6298972e-002
 3.6979195e-002
 3.7168197e-002
 3.7619427e-002
 3.8616303e-002
 4.0462941e-002
 4.3231387e-002
 4.6905808e-002
 5.1477827e-002
 5.6741681e-002
 6.2088516e-002
 6.7006707e-002
 7.1038343e-002
 7.4018367e-002
 7.5941354e-002
 7.7180341e-002
 7.7943139e-002
 7.8371696e-002
 7.8634880e-002
 7.8853101e-002
 7.9080343e-002
 7.9368658e-002
 7.9716891e-002
 8.0146790e-002
 7.9654224e-002
 8.0059804e-002
 8.0521174e-002
 8.1087366e-002
 8.1697427e-002
 8.2305089e-002
 8.2870036e-002
 8.3352722e-002
 8.3724946e-002
 8.3980650e-002
 8.4114522e-002
 8.4120497e-002
 8.4025726e-002
 8.3818771e-002
 8.3512552e-002
 8.3129436e-002
 8.2711726e-002
 8.2275197e-002
 8.1852823e-002
 8.1435703e-002
 8.1064917e-002
 8.0752939e-002
 8.0478318e-002
 8.0289438e-002
 8.0155030e-002
 8.0096610e-002
 8.0049992e-002
 8.0092147e-002
 8.0170177e-002
 8.0235451e-002
 8.0350898e-002
 8.0491923e-002
 8.0634885e-002
 8.0845468e-002
 8.1044219e-002
 8.1420548e-002
 8.1357397e-002
 8.2097329e-002
 8.2453609e-002
 8.2842454e-002
 8.3397262e-002
 8.3875433e-002
 8.4586993e-002
 8.5318714e-002
 8.6119838e-002
 8.6866558e-002
 8.7606154e-002
 8.8406585e-002
 8.9251004e-002
 9.0052515e-002
 9.0823650e-002
 9.1626950e-002
 9.2227206e-002
 9.2870228e-002
 9.3415156e-002
 9.4001383e-002
 9.4621152e-002
 9.5173754e-002
 9.5681868e-002
 9.6159674e-002
 9.6624568e-002
 9.7071134e-002
 9.7480506e-002
 9.7953416e-002
 9.7309262e-002
 9.7706966e-002
 9.8070189e-002
 9.8402210e-002
 9.8748632e-002
 9.9087216e-002
 9.9361293e-002
 9.9642560e-002
 9.9916317e-002
 1.0021958e-001
 1.0060264e-001
 1.0087869e-001
 1.0110460e-001
 1.0126822e-001
 1.0115544e-001
 1.0153361e-001
 1.0179874e-001
 1.0199974e-001
 1.0228131e-001
 1.0253606e-001
 1.0273579e-001
 1.0295389e-001
 1.0320956e-001
 1.0348170e-001
 1.0372353e-001
 1.0396653e-001
 1.0419828e-001
 1.0444040e-001
 1.0462952e-001
 1.0483193e-001
 1.0505392e-001
 1.0531949e-001
 1.0554040e-001
 1.0574913e-001
 1.0591196e-001
 1.0613538e-001
 1.0634553e-001
 1.0649265e-001
 1.0663292e-001
 1.0682103e-001
 1.0701393e-001
 1.0717534e-001
 1.0737847e-001
 1.0757821e-001
 1.0775192e-001
 1.0791466e-001
 1.0816658e-001
 1.0837746e-001
 1.0847127e-001
 1.0854796e-001
 1.0862268e-001
 1.0869192e-001
 1.0881629e-001
 1.0896460e-001
 1.0909371e-001
 1.0916517e-001
 1.0926263e-001
 1.0940396e-001
 1.0948700e-001
 1.0957935e-001
 1.0963692e-001
 1.0964061e-001
 1.0975029e-001
 1.0953625e-001
 1.0959987e-001
 1.0932712e-001
 1.0889145e-001
 1.0836276e-001
 1.0799161e-001
 1.0782933e-001
 1.0780680e-001
 1.0780625e-001
 1.0792867e-001
 1.0805253e-001
 1.0818327e-001
 1.0833723e-001
 1.0858151e-001
 1.0880379e-001
 1.0907787e-001
 1.0929850e-001
 1.0960892e-001
 1.0987410e-001
 1.1010781e-001
 1.1024205e-001
 1.1042088e-001
 1.1064482e-001
 1.1085677e-001
 1.1099449e-001
 1.1112399e-001
 1.1123926e-001
 1.1130738e-001
 1.1136293e-001
 1.1149039e-001
 1.1151268e-001
 1.1148367e-001
 1.1153167e-001
 1.1151408e-001
 1.1150907e-001
 1.1130199e-001
 1.1120474e-001
 1.1115734e-001
 1.1117788e-001
 1.1119621e-001
 1.1104126e-001
 1.1077917e-001
 1.1037215e-001
 1.1004163e-001
 1.0985816e-001
 1.0974764e-001
 1.1019418e-001
 1.1058177e-001
 1.1063875e-001
 1.1081496e-001
 1.1036734e-001
 1.1013558e-001
 1.0984830e-001
 1.0967981e-001
 1.0969835e-001
 1.0952774e-001
 1.0984348e-001
 1.0954696e-001
 1.0937978e-001
 1.0953058e-001
 1.0953687e-001
 1.0897987e-001
 1.0859259e-001
 1.0829660e-001
-1.2300000e+034
