s07_AV97 Record=1264: Gibbsite HS423.1B            ASDFRb AREF
 4.1994980e-001
 4.2971894e-001
 4.4030732e-001
 4.5158923e-001
 4.6171525e-001
 4.7187808e-001
 4.8281002e-001
 4.9481845e-001
 5.0628281e-001
 5.1546866e-001
 5.2341962e-001
 5.3140682e-001
 5.4074973e-001
 5.5150038e-001
 5.6291372e-001
 5.7467514e-001
 5.8702946e-001
 6.0024673e-001
 6.1441225e-001
 6.2922239e-001
 6.4349651e-001
 6.5605295e-001
 6.6672421e-001
 6.7391473e-001
 6.7990971e-001
 6.8550330e-001
 6.9061339e-001
 6.9531554e-001
 7.0019400e-001
 7.0487911e-001
 7.0972288e-001
 7.1433043e-001
 7.0894277e-001
 7.1349204e-001
 7.1762633e-001
 7.2143418e-001
 7.2471583e-001
 7.2748804e-001
 7.3008949e-001
 7.3246258e-001
 7.3476863e-001
 7.3680949e-001
 7.3896730e-001
 7.4077356e-001
 7.4257380e-001
 7.4408674e-001
 7.4567163e-001
 7.4711519e-001
 7.4847144e-001
 7.4991661e-001
 7.5130945e-001
 7.5283998e-001
 7.5412446e-001
 7.5560504e-001
 7.5709921e-001
 7.5873041e-001
 7.6013529e-001
 7.6212418e-001
 7.6396030e-001
 7.6557100e-001
 7.6778007e-001
 7.6942068e-001
 7.7062434e-001
 7.7136880e-001
 7.7239281e-001
 7.7443355e-001
 7.7650344e-001
 7.7685052e-001
 7.8164881e-001
 7.8677028e-001
 7.8992307e-001
 7.9274100e-001
 7.9544288e-001
 7.9847860e-001
 8.0061519e-001
 8.0313450e-001
 8.0484265e-001
 8.0696851e-001
 8.0939519e-001
 8.1127012e-001
 8.1345451e-001
 8.1536341e-001
 8.1646162e-001
 8.1800658e-001
 8.1946462e-001
 8.2061124e-001
 8.2211971e-001
 8.2365084e-001
 8.2491767e-001
 8.2591522e-001
 8.2663423e-001
 8.2626855e-001
 8.2486850e-001
 8.2277447e-001
 8.1826437e-001
 8.1189984e-001
 8.2103115e-001
 8.1504822e-001
 8.1069636e-001
 8.1089091e-001
 8.0920619e-001
 8.0544329e-001
 8.0421948e-001
 8.0532748e-001
 8.0658567e-001
 8.0693829e-001
 8.0644482e-001
 8.0068666e-001
 7.8663415e-001
 7.6180148e-001
 7.1455300e-001
 6.8351018e-001
 6.5388447e-001
 6.4037973e-001
 6.2487113e-001
 6.0508341e-001
 5.9911251e-001
 6.2799758e-001
 6.7955148e-001
 7.0999819e-001
 7.2057110e-001
 7.1753764e-001
 7.0598197e-001
 7.0023692e-001
 7.0146722e-001
 6.9791991e-001
 6.9822109e-001
 7.1111554e-001
 7.2574180e-001
 7.3724675e-001
 7.4619311e-001
 7.5495946e-001
 7.6316291e-001
 7.6958859e-001
 7.7414477e-001
 7.7690506e-001
 7.7964926e-001
 7.8191549e-001
 7.8245175e-001
 7.8328508e-001
 7.8367925e-001
 7.8351814e-001
 7.8351557e-001
 7.8264570e-001
 7.8168803e-001
 7.7920020e-001
 7.7650499e-001
 7.7313459e-001
 7.6724726e-001
 7.5993931e-001
 7.5435668e-001
 7.5010318e-001
 7.4412227e-001
 7.3753500e-001
 7.3425573e-001
 7.3207140e-001
 7.2803199e-001
 7.2600627e-001
 7.2098744e-001
 7.1159822e-001
 7.1578830e-001
 7.0538586e-001
 6.9362384e-001
 6.8184453e-001
 6.7292118e-001
 6.6555017e-001
 6.6176260e-001
 6.5918773e-001
 6.5823489e-001
 6.5625918e-001
 6.5625584e-001
 6.5594584e-001
 6.5522599e-001
 6.5626222e-001
 6.5499282e-001
 6.5576172e-001
 6.5636235e-001
 6.5632582e-001
 6.5538192e-001
 6.5454340e-001
 6.5411514e-001
 6.5348458e-001
 6.5197766e-001
 6.4878976e-001
 6.4106482e-001
 6.2816232e-001
 6.1735511e-001
 6.0203874e-001
 5.7872009e-001
 5.5370891e-001
 5.3241873e-001
 5.1834959e-001
 4.9937809e-001
 4.8109147e-001
 4.6739331e-001
 4.4993791e-001
 4.1845471e-001
 3.7921125e-001
 3.4847838e-001
 3.3273721e-001
 3.5666838e-001
 3.8622943e-001
 4.0131056e-001
 4.0645030e-001
 4.1171277e-001
 4.2047563e-001
 4.2359364e-001
 4.1833308e-001
 4.1412595e-001
 4.1365653e-001
 4.1418281e-001
 4.1473693e-001
 4.1551697e-001
 4.1761890e-001
 4.1977385e-001
 4.2206377e-001
 4.2436787e-001
 4.2904109e-001
 4.2891169e-001
 4.2527738e-001
 4.1858250e-001
 4.1308755e-001
 4.0898621e-001
-1.2300000e+034
