s07_AV97 Record=3136: Strontianite HS272.3B        ASDFRb AREF
 7.7228761e-001
 7.8368717e-001
 7.9560757e-001
 8.0661881e-001
 8.1612778e-001
 8.2465976e-001
 8.3240145e-001
 8.3958673e-001
 8.4574622e-001
 8.5104650e-001
 8.5594738e-001
 8.6079800e-001
 8.6630344e-001
 8.7328035e-001
 8.8240129e-001
 8.9244729e-001
 8.9983666e-001
 9.0422511e-001
 9.0745741e-001
 9.1104150e-001
 9.1521031e-001
 9.1963279e-001
 9.2357051e-001
 9.2575240e-001
 9.2725879e-001
 9.2885298e-001
 9.3060005e-001
 9.3287885e-001
 9.3460757e-001
 9.3576139e-001
 9.3587542e-001
 9.3617874e-001
 9.3588489e-001
 9.3600208e-001
 9.3736053e-001
 9.4007170e-001
 9.4252276e-001
 9.4471776e-001
 9.4662887e-001
 9.4826102e-001
 9.4975716e-001
 9.5106477e-001
 9.5238763e-001
 9.5360506e-001
 9.5463336e-001
 9.5560884e-001
 9.5674878e-001
 9.5769262e-001
 9.5868355e-001
 9.5957273e-001
 9.6038151e-001
 9.6115738e-001
 9.6181703e-001
 9.6267164e-001
 9.6333206e-001
 9.6363181e-001
 9.6385169e-001
 9.6360993e-001
 9.6329355e-001
 9.6365631e-001
 9.6449864e-001
 9.6559632e-001
 9.6640539e-001
 9.6675634e-001
 9.6631593e-001
 9.6579176e-001
 9.6606588e-001
 9.6699739e-001
 9.6844184e-001
 9.6928900e-001
 9.6916628e-001
 9.6986800e-001
 9.7024775e-001
 9.7046095e-001
 9.7117209e-001
 9.7195518e-001
 9.7333986e-001
 9.7391909e-001
 9.7524512e-001
 9.7634321e-001
 9.7704905e-001
 9.7684497e-001
 9.7453439e-001
 9.7160292e-001
 9.6894240e-001
 9.6606773e-001
 9.6333933e-001
 9.6038294e-001
 9.5834947e-001
 9.5734799e-001
 9.5710760e-001
 9.5843899e-001
 9.5947140e-001
 9.6080911e-001
 9.6204960e-001
 9.6247709e-001
 9.6138203e-001
 9.6225929e-001
 9.6259928e-001
 9.6408880e-001
 9.6553415e-001
 9.6636158e-001
 9.6625787e-001
 9.6537077e-001
 9.6348041e-001
 9.6032238e-001
 9.5602876e-001
 9.5172805e-001
 9.4957715e-001
 9.4832540e-001
 9.4600731e-001
 9.4176197e-001
 9.3509376e-001
 9.3003595e-001
 9.2656189e-001
 9.2484999e-001
 9.2366982e-001
 9.2257386e-001
 9.2200863e-001
 9.2155427e-001
 9.2162037e-001
 9.2260015e-001
 9.2356277e-001
 9.2478603e-001
 9.2532587e-001
 9.2544848e-001
 9.2565531e-001
 9.2559826e-001
 9.2565614e-001
 9.2599446e-001
 9.2768276e-001
 9.3004352e-001
 9.3181646e-001
 9.3381459e-001
 9.3527609e-001
 9.3664241e-001
 9.3780226e-001
 9.3796635e-001
 9.3878925e-001
 9.3878132e-001
 9.3718886e-001
 9.3514317e-001
 9.3324488e-001
 9.3158376e-001
 9.3019277e-001
 9.2860574e-001
 9.2733908e-001
 9.2643058e-001
 9.2629927e-001
 9.2920721e-001
 9.3070376e-001
 9.3037379e-001
 9.2844731e-001
 9.2594028e-001
 9.2162198e-001
 9.1900933e-001
 9.1714609e-001
 9.1250157e-001
 9.0177727e-001
 8.8883680e-001
 8.9320606e-001
 8.8708293e-001
 8.9311874e-001
 9.0100020e-001
 9.0348816e-001
 9.0230936e-001
 9.0305620e-001
 9.0323788e-001
 9.0159279e-001
 8.9842504e-001
 8.9611489e-001
 8.9318609e-001
 8.8440287e-001
 8.7051654e-001
 8.7181371e-001
 8.9284366e-001
 9.0593392e-001
 9.1137195e-001
 9.1216165e-001
 9.1222256e-001
 9.1207778e-001
 9.1114146e-001
 9.1023636e-001
 9.0750629e-001
 9.0424544e-001
 9.0141588e-001
 8.9844513e-001
 8.9192611e-001
 8.8010049e-001
 8.6128145e-001
 8.5502630e-001
 8.6601943e-001
 8.7495255e-001
 8.7329668e-001
 8.6147863e-001
 8.4701222e-001
 8.3014280e-001
 8.1252402e-001
 7.8964931e-001
 7.6512331e-001
 7.3941624e-001
 7.1596128e-001
 6.9433445e-001
 6.7384386e-001
 6.5099698e-001
 6.1916167e-001
 5.7735848e-001
 5.5871958e-001
 5.9233356e-001
 6.5102774e-001
 7.2440583e-001
 7.8121644e-001
 8.0792719e-001
 8.1465459e-001
 8.1057358e-001
 8.0274022e-001
 7.9035890e-001
 7.6933551e-001
 7.3549777e-001
 6.9014645e-001
 6.3733447e-001
 5.9582949e-001
 5.7235509e-001
-1.2300000e+034
