s07_AV97 Record=1020: Diaspore HS416.1B            ASDFRb AREF
 3.5898015e-001
 3.8708869e-001
 4.1527390e-001
 4.4381630e-001
 4.6581370e-001
 4.8312026e-001
 4.9793747e-001
 5.1113385e-001
 5.2311128e-001
 5.3379172e-001
 5.4523689e-001
 5.5707562e-001
 5.6775200e-001
 5.7778192e-001
 5.8772445e-001
 5.9774357e-001
 6.0721558e-001
 6.1546141e-001
 6.2331367e-001
 6.3081795e-001
 6.3788235e-001
 6.4471447e-001
 6.5162772e-001
 6.5835619e-001
 6.6509902e-001
 6.7128175e-001
 6.7793483e-001
 6.8439502e-001
 6.9055390e-001
 6.9643486e-001
 7.0188463e-001
 7.0727903e-001
 7.0105445e-001
 7.0621860e-001
 7.1137434e-001
 7.1631581e-001
 7.2145283e-001
 7.2653103e-001
 7.3146778e-001
 7.3632997e-001
 7.4103552e-001
 7.4548715e-001
 7.5027019e-001
 7.5445378e-001
 7.5852597e-001
 7.6231575e-001
 7.6586682e-001
 7.6965213e-001
 7.7318329e-001
 7.7643281e-001
 7.7980518e-001
 7.8307325e-001
 7.8619975e-001
 7.8905827e-001
 7.9162073e-001
 7.9445547e-001
 7.9723525e-001
 7.9982680e-001
 8.0209005e-001
 8.0433875e-001
 8.0617166e-001
 8.0814689e-001
 8.1020176e-001
 8.1150341e-001
 8.1336743e-001
 8.1571084e-001
 8.1761158e-001
 8.1877154e-001
 8.2059777e-001
 8.2227647e-001
 8.2343191e-001
 8.2503611e-001
 8.2673436e-001
 8.2772326e-001
 8.2889915e-001
 8.3016527e-001
 8.3137512e-001
 8.3303463e-001
 8.3407521e-001
 8.3453333e-001
 8.3547783e-001
 8.3639097e-001
 8.3774632e-001
 8.3890420e-001
 8.3977425e-001
 8.4053540e-001
 8.4126008e-001
 8.4163779e-001
 8.4228408e-001
 8.4386373e-001
 8.4485734e-001
 8.4647357e-001
 8.4741104e-001
 8.4757155e-001
 8.4873474e-001
 8.4983093e-001
 8.4834099e-001
 8.4912145e-001
 8.5028327e-001
 8.5081691e-001
 8.5064125e-001
 8.5093009e-001
 8.5207969e-001
 8.5209644e-001
 8.5195041e-001
 8.5170120e-001
 8.5225004e-001
 8.5224152e-001
 8.5011393e-001
 8.4447819e-001
 8.3500594e-001
 8.2513136e-001
 8.2398039e-001
 8.3137876e-001
 8.3578652e-001
 8.3692563e-001
 8.3678794e-001
 8.3734399e-001
 8.3728158e-001
 8.3609676e-001
 8.3571374e-001
 8.3400232e-001
 8.3209705e-001
 8.2957524e-001
 8.2626623e-001
 8.2247436e-001
 8.1770581e-001
 8.1234688e-001
 8.0554515e-001
 7.9754132e-001
 7.8966439e-001
 7.8228241e-001
 7.7464920e-001
 7.6683354e-001
 7.5934607e-001
 7.5152403e-001
 7.4386144e-001
 7.3656094e-001
 7.2941887e-001
 7.2213292e-001
 7.1471030e-001
 7.0752650e-001
 6.9868791e-001
 6.8973130e-001
 6.8104929e-001
 6.7259675e-001
 6.6339988e-001
 6.5605366e-001
 6.4905703e-001
 6.4320207e-001
 6.3952816e-001
 6.3699675e-001
 6.3622677e-001
 6.3601148e-001
 6.3651735e-001
 6.3840234e-001
 6.4043224e-001
 6.4423221e-001
 6.4770883e-001
 6.4860749e-001
 6.4833081e-001
 6.4880097e-001
 6.4830190e-001
 6.4684629e-001
 6.4639711e-001
 6.4632004e-001
 6.4520842e-001
 6.4130408e-001
 6.3678062e-001
 6.3144684e-001
 6.2406754e-001
 6.1732686e-001
 6.1235178e-001
 6.0903454e-001
 6.0743606e-001
 6.0657722e-001
 6.0504681e-001
 6.0574365e-001
 6.0528541e-001
 6.0549176e-001
 6.0720360e-001
 6.0709256e-001
 6.0688984e-001
 6.0557175e-001
 6.0533166e-001
 6.0445040e-001
 6.0356307e-001
 6.0160971e-001
 5.9809357e-001
 5.9390789e-001
 5.9008795e-001
 5.8780605e-001
 5.8636099e-001
 5.8660823e-001
 5.8763534e-001
 5.8818841e-001
 5.8796138e-001
 5.8734208e-001
 5.8543849e-001
 5.8380860e-001
 5.8298683e-001
 5.8046913e-001
 5.7793045e-001
 5.7512891e-001
 5.7293642e-001
 5.7026446e-001
 5.6395614e-001
 5.5828303e-001
 5.5262941e-001
 5.4805726e-001
 5.4331613e-001
 5.3787822e-001
 5.3025442e-001
 5.2530503e-001
 5.1795810e-001
 5.1336205e-001
 5.0843382e-001
 5.0344491e-001
 5.0064611e-001
 4.9775869e-001
 4.9493232e-001
 4.9162692e-001
 4.9008730e-001
-1.2300000e+034
