s07_AV97 Record=2371: Nontronite NG-1.b <2um fr     BECKb AREF
 3.7134714e-002
 4.0055804e-002
 4.4157453e-002
 4.8731569e-002
 5.2751061e-002
 5.4974675e-002
 5.7380062e-002
 6.0356516e-002
 6.3797772e-002
 6.9141105e-002
 7.7182591e-002
 8.7249771e-002
 9.6230701e-002
 1.0429671e-001
 1.1338536e-001
 1.2477116e-001
 1.3976571e-001
 1.5775026e-001
 1.7534786e-001
 1.9158283e-001
 2.0600685e-001
 2.1689793e-001
 2.2397465e-001
 2.2902977e-001
 2.3221391e-001
 2.3290096e-001
 2.3262070e-001
 2.3272739e-001
 2.3408066e-001
 2.3832105e-001
 2.4587359e-001
 2.5575179e-001
 2.4442545e-001
 2.5358886e-001
 2.6506010e-001
 2.7759263e-001
 2.8997880e-001
 3.0191815e-001
 3.1270880e-001
 3.2233444e-001
 3.2953182e-001
 3.3501700e-001
 3.3760208e-001
 3.3896816e-001
 3.3789319e-001
 3.3468643e-001
 3.3121523e-001
 3.2584009e-001
 3.2028916e-001
 3.1423676e-001
 3.0846021e-001
 3.0135697e-001
 2.9398060e-001
 2.8841832e-001
 2.8361741e-001
 2.8035414e-001
 2.7684468e-001
 2.7595183e-001
 2.7014977e-001
 2.6846421e-001
 2.6790908e-001
 2.6747388e-001
 2.6468167e-001
 2.6800394e-001
 2.6542464e-001
 2.6818889e-001
 2.6897377e-001
 2.7333608e-001
 2.7673334e-001
 2.7928409e-001
 2.8299987e-001
 2.8624931e-001
 2.9143465e-001
 2.9553229e-001
 3.0041635e-001
 3.0471325e-001
 3.1047791e-001
 3.1472257e-001
 3.1848463e-001
 3.2378635e-001
 3.2659024e-001
 3.3034864e-001
 3.3254066e-001
 3.3487317e-001
 3.3705524e-001
 3.4027553e-001
 3.4391505e-001
 3.4438616e-001
 3.4597147e-001
 3.4742007e-001
 3.4763315e-001
 3.4883252e-001
 3.4912014e-001
 3.4922010e-001
 3.4972802e-001
 3.4988901e-001
 3.4965697e-001
 3.5006937e-001
 3.4975421e-001
 3.5025218e-001
 3.5029650e-001
 3.4923753e-001
 3.4852615e-001
 3.4678817e-001
 3.4652382e-001
 3.4571242e-001
 3.4437162e-001
 3.4335285e-001
 3.3996913e-001
 3.3224967e-001
 3.1583509e-001
 2.9091671e-001
 2.7212879e-001
 2.6796854e-001
 2.6951590e-001
 2.8501818e-001
 3.0333474e-001
 3.1075460e-001
 3.1595248e-001
 3.2180497e-001
 3.2863167e-001
 3.3181566e-001
 3.3538213e-001
 3.3904541e-001
 3.4120253e-001
 3.4524894e-001
 3.4635746e-001
 3.4855223e-001
 3.4985331e-001
 3.5220131e-001
 3.5203117e-001
 3.5395893e-001
 3.5617915e-001
 3.5743448e-001
 3.5816571e-001
 3.5881054e-001
 3.6020821e-001
 3.6114311e-001
 3.6262986e-001
 3.6388642e-001
 3.6505812e-001
 3.6636254e-001
 3.6739507e-001
 3.6516988e-001
 3.6524567e-001
 3.6581457e-001
 3.6681607e-001
 3.6693951e-001
 3.6632425e-001
 3.6743650e-001
 3.6790621e-001
 3.6489975e-001
 3.6600456e-001
 3.6559027e-001
 3.6698347e-001
 3.6776522e-001
 3.6397201e-001
 3.5741678e-001
 3.4117958e-001
 3.0775028e-001
 3.2061568e-001
 2.6778781e-001
 2.0008972e-001
 1.6830941e-001
 1.8330577e-001
 2.0949015e-001
 2.2598375e-001
 2.3445405e-001
 2.4236247e-001
 2.5051507e-001
 2.6021567e-001
 2.7091262e-001
 2.7888504e-001
 2.9258972e-001
 3.0317336e-001
 3.1411013e-001
 3.2350931e-001
 3.2699627e-001
 3.3534509e-001
 3.4003007e-001
 3.4282589e-001
 3.4560034e-001
 3.5114929e-001
 3.5293928e-001
 3.5620162e-001
 3.5750213e-001
 3.6063045e-001
 3.6029944e-001
 3.6152577e-001
 3.5820135e-001
 3.5181522e-001
 3.4918571e-001
 3.4230176e-001
 3.3671913e-001
 3.2659310e-001
 3.1241521e-001
 3.1207216e-001
 3.1266811e-001
 3.0353397e-001
 2.8014824e-001
 2.4558885e-001
 2.1762872e-001
 2.2772339e-001
 2.6637626e-001
 2.8665638e-001
 2.9358414e-001
 2.8844783e-001
 2.7549109e-001
 2.6774433e-001
 2.5406012e-001
 2.4045818e-001
 2.2356994e-001
 2.1185781e-001
 2.0726967e-001
 2.0650788e-001
 2.0513217e-001
 2.0235328e-001
 1.9835769e-001
 1.9378774e-001
 1.8765256e-001
 1.8062642e-001
 1.7355905e-001
 1.6742387e-001
 1.6286835e-001
