s07_AV97 Record=1007: Datolite HS442.3B             BECKb AREF
 5.4953802e-001
 5.7780397e-001
 6.0549575e-001
 6.3077116e-001
 6.5310913e-001
 6.7044079e-001
 6.8694532e-001
 7.0144129e-001
 7.1778172e-001
 7.2943741e-001
 7.3809862e-001
 7.4782503e-001
 7.5697297e-001
 7.6584595e-001
 7.7145028e-001
 7.7924424e-001
 7.8514659e-001
 7.8927428e-001
 7.8988707e-001
 7.9222202e-001
 7.9243827e-001
 7.9413342e-001
 7.9320687e-001
 7.9429257e-001
 7.9833162e-001
 7.9987293e-001
 8.0323845e-001
 8.0790275e-001
 8.1062484e-001
 8.1271982e-001
 8.1442869e-001
 8.1761569e-001
 8.1411326e-001
 8.1736177e-001
 8.1861740e-001
 8.2104236e-001
 8.2203865e-001
 8.2383013e-001
 8.2675922e-001
 8.2471216e-001
 8.2471174e-001
 8.2663369e-001
 8.3093244e-001
 8.3038509e-001
 8.2864356e-001
 8.3608860e-001
 8.3987480e-001
 8.4245664e-001
 8.4509522e-001
 8.4789598e-001
 8.4820330e-001
 8.5301244e-001
 8.5040647e-001
 8.5085458e-001
 8.4364790e-001
 8.4573615e-001
 8.4091675e-001
 8.4238636e-001
 8.4201491e-001
 8.4188229e-001
 8.4181619e-001
 8.4374422e-001
 8.4352654e-001
 8.4234989e-001
 8.3545208e-001
 8.3053249e-001
 8.1030923e-001
 7.8804272e-001
 7.4011379e-001
 7.9746604e-001
 8.3009458e-001
 8.4210503e-001
 8.4566021e-001
 8.4746444e-001
 8.4703308e-001
 8.4509295e-001
 8.4408736e-001
 8.4139109e-001
 8.4158939e-001
 8.4271544e-001
 8.4506142e-001
 8.4667170e-001
 8.4661323e-001
 8.4699744e-001
 8.4655350e-001
 8.4721678e-001
 8.4863365e-001
 8.4794188e-001
 8.4457779e-001
 8.4202945e-001
 8.3486605e-001
 8.1504732e-001
 7.9847199e-001
 7.4008846e-001
 7.1240115e-001
 7.4678415e-001
 7.2519314e-001
 7.2578245e-001
 7.6817727e-001
 7.7965659e-001
 7.9204339e-001
 8.0064100e-001
 8.0958670e-001
 8.0799466e-001
 8.1214643e-001
 8.0366063e-001
 7.9943991e-001
 7.9959708e-001
 8.0234677e-001
 7.9802573e-001
 7.8220934e-001
 7.6047474e-001
 7.3479849e-001
 6.7804474e-001
 6.2099278e-001
 5.9018403e-001
 5.3646868e-001
 3.6399427e-001
 2.4210468e-001
 4.9729219e-001
 6.5118074e-001
 7.1270496e-001
 7.4869120e-001
 7.7898788e-001
 8.0614865e-001
 8.2022113e-001
 8.2520860e-001
 8.2797050e-001
 8.3414280e-001
 8.3325040e-001
 8.3759850e-001
 8.3222818e-001
 8.2698286e-001
 8.2537371e-001
 8.2418513e-001
 8.1792116e-001
 8.0616558e-001
 7.9448909e-001
 7.7531773e-001
 7.4917436e-001
 7.1425956e-001
 6.8399131e-001
 6.4856046e-001
 6.2817532e-001
 6.2682110e-001
 6.3759434e-001
 6.4955682e-001
 6.5163428e-001
 6.4301074e-001
 6.3353032e-001
 6.2768000e-001
 6.4893728e-001
 6.6283721e-001
 6.6404951e-001
 6.7534071e-001
 6.8207717e-001
 6.8517357e-001
 6.8598741e-001
 6.8507016e-001
 6.8438095e-001
 6.8463343e-001
 6.8230468e-001
 6.8073195e-001
 6.7920405e-001
 6.7461562e-001
 6.7454582e-001
 6.7144710e-001
 6.6981888e-001
 6.6707689e-001
 6.6318464e-001
 6.6257781e-001
 6.6251642e-001
 6.6184998e-001
 6.5851492e-001
 6.4982396e-001
 6.4130193e-001
 6.3335502e-001
 6.0108244e-001
 5.4306668e-001
 5.0529158e-001
 4.9952087e-001
 5.0908720e-001
 4.6887794e-001
 3.4017530e-001
 2.2179945e-001
 2.0452617e-001
 2.1490689e-001
 1.7708607e-001
 1.5043886e-001
 1.7267294e-001
 2.0652014e-001
 2.3234098e-001
 2.5408798e-001
 2.5720042e-001
 2.1452487e-001
 1.9681326e-001
 2.1649796e-001
 2.1467602e-001
 1.9676088e-001
 1.9850141e-001
 1.9222528e-001
 2.2776416e-001
 3.1229365e-001
 3.1761146e-001
 2.9268730e-001
 2.9938644e-001
 2.8590435e-001
 2.8855342e-001
 3.7561235e-001
 3.5249102e-001
 2.1829732e-001
 1.1153400e-001
 9.2166409e-002
 1.0976191e-001
 1.3313755e-001
 1.4982231e-001
 1.5556850e-001
 1.4938606e-001
 1.3974848e-001
 1.3521183e-001
 1.4432563e-001
 1.6147009e-001
 1.7841357e-001
 1.8922752e-001
