s07_AV97 Record=1714: Jarosite GDS99 K 200C Syn    NIC4aa RREF
-1.2300000e+034
-1.2300000e+034
-1.2300000e+034
-1.2300000e+034
-1.2300000e+034
-1.2300000e+034
-1.2300000e+034
-1.2300000e+034
-1.2300000e+034
-1.2300000e+034
-1.2300000e+034
-1.2300000e+034
-1.2300000e+034
-1.2300000e+034
-1.2300000e+034
-1.2300000e+034
-1.2300000e+034
-1.2300000e+034
-1.2300000e+034
-1.2300000e+034
-1.2300000e+034
-1.2300000e+034
-1.2300000e+034
-1.2300000e+034
-1.2300000e+034
-1.2300000e+034
-1.2300000e+034
-1.2300000e+034
-1.2300000e+034
-1.2300000e+034
-1.2300000e+034
-1.2300000e+034
-1.2300000e+034
-1.2300000e+034
-1.2300000e+034
-1.2300000e+034
-1.2300000e+034
-1.2300000e+034
-1.2300000e+034
-1.2300000e+034
-1.2300000e+034
-1.2300000e+034
-1.2300000e+034
-1.2300000e+034
-1.2300000e+034
-1.2300000e+034
-1.2300000e+034
-1.2300000e+034
-1.2300000e+034
-1.2300000e+034
-1.2300000e+034
-1.2300000e+034
-1.2300000e+034
-1.2300000e+034
-1.2300000e+034
-1.2300000e+034
-1.2300000e+034
-1.2300000e+034
-1.2300000e+034
-1.2300000e+034
-1.2300000e+034
-1.2300000e+034
-1.2300000e+034
-1.2300000e+034
-1.2300000e+034
-1.2300000e+034
-1.2300000e+034
-1.2300000e+034
-1.2300000e+034
-1.2300000e+034
-1.2300000e+034
-1.2300000e+034
-1.2300000e+034
-1.2300000e+034
-1.2300000e+034
-1.2300000e+034
-1.2300000e+034
-1.2300000e+034
-1.2300000e+034
-1.2300000e+034
-1.2300000e+034
-1.2300000e+034
-1.2300000e+034
-1.2300000e+034
-1.2300000e+034
-1.2300000e+034
-1.2300000e+034
-1.2300000e+034
-1.2300000e+034
-1.2300000e+034
-1.2300000e+034
-1.2300000e+034
-1.2300000e+034
-1.2300000e+034
-1.2300000e+034
-1.2300000e+034
-1.2300000e+034
-1.2300000e+034
-1.2300000e+034
-1.2300000e+034
-1.2300000e+034
-1.2300000e+034
-1.2300000e+034
-1.2300000e+034
-1.2300000e+034
-1.2300000e+034
-1.2300000e+034
-1.2300000e+034
-1.2300000e+034
-1.2300000e+034
-1.2300000e+034
-1.2300000e+034
-1.2300000e+034
-1.2300000e+034
 7.5255871e-001
 7.3981315e-001
 7.1349508e-001
 6.6745222e-001
 6.7560625e-001
 7.1052778e-001
 7.1482193e-001
 7.1543521e-001
 7.1600336e-001
 7.2119588e-001
 7.3137128e-001
 7.4815345e-001
 7.6222879e-001
 7.7505106e-001
 7.8501827e-001
 7.9444581e-001
 8.0266851e-001
 8.1006461e-001
 8.1671268e-001
 8.2335788e-001
 8.2935005e-001
 8.3383894e-001
 8.3624685e-001
 8.3805025e-001
 8.3964211e-001
 8.4164643e-001
 8.4399039e-001
 8.4602159e-001
 8.4638190e-001
 8.4524041e-001
 8.4303135e-001
 8.4033853e-001
 8.3717334e-001
 8.3443242e-001
 8.3268780e-001
 8.3024508e-001
 8.2667488e-001
 8.2101434e-001
 8.1100386e-001
 8.0168140e-001
 7.8266478e-001
 7.3627186e-001
 7.1043342e-001
 7.1835619e-001
 7.4834126e-001
 7.7391785e-001
 7.6999474e-001
 7.6607591e-001
 7.3760724e-001
 7.1078855e-001
 6.9795442e-001
 6.9607592e-001
 6.9962585e-001
 7.0496267e-001
 7.0903999e-001
 7.1252185e-001
 7.1704000e-001
 7.2001070e-001
 7.2114491e-001
 7.2245902e-001
 7.2350383e-001
 7.2111511e-001
 7.1680456e-001
 7.1302825e-001
 7.0832312e-001
 7.0192158e-001
 6.9619548e-001
 6.9268459e-001
 6.8697834e-001
 6.7977130e-001
 6.7338145e-001
 6.6583788e-001
 6.5756005e-001
 6.4898050e-001
 6.3867939e-001
 6.2692350e-001
 6.1343920e-001
 5.9526718e-001
 5.7534826e-001
 5.5974084e-001
 5.5767184e-001
 5.6068331e-001
 5.6315303e-001
 5.3360760e-001
 4.6378636e-001
 4.5031917e-001
 4.9408793e-001
 5.6231493e-001
 5.5904049e-001
 6.0700625e-001
 6.3890731e-001
 6.4723283e-001
 6.4697087e-001
 6.4060378e-001
 6.3076192e-001
 6.1562401e-001
 5.9230423e-001
 5.6089282e-001
 5.3422648e-001
 5.2318001e-001
 5.3269625e-001
 5.4100555e-001
 5.2847457e-001
 4.9332190e-001
 4.6007779e-001
 4.5886812e-001
 4.6164873e-001
 4.4457769e-001
 4.0170449e-001
 4.0772909e-001
