s07_AV97 Record=929: Colemanite GDS143           NIC4bbu RREF
-1.2300000e+034
-1.2300000e+034
-1.2300000e+034
-1.2300000e+034
-1.2300000e+034
-1.2300000e+034
-1.2300000e+034
-1.2300000e+034
-1.2300000e+034
-1.2300000e+034
-1.2300000e+034
-1.2300000e+034
-1.2300000e+034
-1.2300000e+034
-1.2300000e+034
-1.2300000e+034
-1.2300000e+034
-1.2300000e+034
-1.2300000e+034
-1.2300000e+034
-1.2300000e+034
-1.2300000e+034
-1.2300000e+034
-1.2300000e+034
-1.2300000e+034
-1.2300000e+034
-1.2300000e+034
-1.2300000e+034
-1.2300000e+034
-1.2300000e+034
-1.2300000e+034
-1.2300000e+034
-1.2300000e+034
-1.2300000e+034
-1.2300000e+034
-1.2300000e+034
-1.2300000e+034
-1.2300000e+034
-1.2300000e+034
-1.2300000e+034
-1.2300000e+034
-1.2300000e+034
-1.2300000e+034
-1.2300000e+034
-1.2300000e+034
-1.2300000e+034
-1.2300000e+034
-1.2300000e+034
-1.2300000e+034
-1.2300000e+034
-1.2300000e+034
-1.2300000e+034
-1.2300000e+034
-1.2300000e+034
-1.2300000e+034
-1.2300000e+034
-1.2300000e+034
-1.2300000e+034
-1.2300000e+034
-1.2300000e+034
-1.2300000e+034
-1.2300000e+034
-1.2300000e+034
-1.2300000e+034
-1.2300000e+034
-1.2300000e+034
-1.2300000e+034
-1.2300000e+034
-1.2300000e+034
-1.2300000e+034
-1.2300000e+034
-1.2300000e+034
-1.2300000e+034
-1.2300000e+034
-1.2300000e+034
-1.2300000e+034
-1.2300000e+034
-1.2300000e+034
-1.2300000e+034
-1.2300000e+034
-1.2300000e+034
-1.2300000e+034
-1.2300000e+034
-1.2300000e+034
-1.2300000e+034
-1.2300000e+034
-1.2300000e+034
-1.2300000e+034
-1.2300000e+034
-1.2300000e+034
-1.2300000e+034
-1.2300000e+034
-1.2300000e+034
-1.2300000e+034
-1.2300000e+034
-1.2300000e+034
-1.2300000e+034
-1.2300000e+034
-1.2300000e+034
-1.2300000e+034
-1.2300000e+034
-1.2300000e+034
-1.2300000e+034
-1.2300000e+034
-1.2300000e+034
-1.2300000e+034
-1.2300000e+034
-1.2300000e+034
-1.2300000e+034
-1.2300000e+034
-1.2300000e+034
-1.2300000e+034
-1.2300000e+034
-1.2300000e+034
-1.2300000e+034
-1.2300000e+034
-1.2300000e+034
-1.2300000e+034
-1.2300000e+034
-1.2300000e+034
-1.2300000e+034
 2.2687310e-001
 2.2233190e-001
 2.1919689e-001
 2.1712629e-001
 2.1615818e-001
 2.1745318e-001
 2.2052684e-001
 2.2474436e-001
 2.2850645e-001
 2.3057243e-001
 2.3102276e-001
 2.3018338e-001
 2.2859517e-001
 2.2702168e-001
 2.2590668e-001
 2.2565100e-001
 2.2650985e-001
 2.2827584e-001
 2.3051491e-001
 2.3291712e-001
 2.3590323e-001
 2.3888771e-001
 2.4119434e-001
 2.4283782e-001
 2.4373114e-001
 2.4399883e-001
 2.4419694e-001
 2.4455926e-001
 2.4531735e-001
 2.4589965e-001
 2.4632375e-001
 2.4667415e-001
 2.4715565e-001
 2.4786210e-001
 2.4842593e-001
 2.4860510e-001
 2.4762650e-001
 2.4513379e-001
 2.4176043e-001
 2.4296530e-001
 2.3843159e-001
 2.3210660e-001
 2.2422861e-001
 2.1462061e-001
 2.0342681e-001
 1.9196637e-001
 1.8336786e-001
 1.8027762e-001
 1.8129884e-001
 1.8366444e-001
 1.8582934e-001
 1.8796819e-001
 1.9032909e-001
 1.9257109e-001
 1.9390997e-001
 1.9538707e-001
 1.9628070e-001
 1.9593288e-001
 1.9464047e-001
 1.9007805e-001
 1.7443487e-001
 1.5188530e-001
 1.4459383e-001
 1.5309386e-001
 1.6606134e-001
 1.7400345e-001
 1.7383848e-001
 1.6839628e-001
 1.6411275e-001
 1.6247186e-001
 1.5962221e-001
 1.5570422e-001
 1.5582046e-001
 1.6206725e-001
 1.6744009e-001
 1.7314719e-001
 1.7901619e-001
 1.8361087e-001
 1.8605120e-001
 1.8902764e-001
 1.9070874e-001
 1.9048743e-001
 1.9005887e-001
 1.8815659e-001
 1.8438877e-001
 1.8022588e-001
 1.7616987e-001
 1.7066503e-001
 1.6330484e-001
 1.5666986e-001
 1.4929143e-001
 1.4292081e-001
 1.3666563e-001
 1.3248870e-001
 1.3000090e-001
 1.2756839e-001
 1.2513867e-001
 1.2359991e-001
 1.2308128e-001
 1.2323625e-001
 1.2362266e-001
 1.2269653e-001
 1.2165506e-001
