s07_AV97 Record=444: Anthophyllite HS286.3B       NIC4dd RREF
-1.2300000e+034
-1.2300000e+034
-1.2300000e+034
-1.2300000e+034
-1.2300000e+034
-1.2300000e+034
-1.2300000e+034
-1.2300000e+034
-1.2300000e+034
-1.2300000e+034
-1.2300000e+034
-1.2300000e+034
-1.2300000e+034
-1.2300000e+034
-1.2300000e+034
-1.2300000e+034
-1.2300000e+034
-1.2300000e+034
-1.2300000e+034
-1.2300000e+034
-1.2300000e+034
-1.2300000e+034
-1.2300000e+034
-1.2300000e+034
-1.2300000e+034
-1.2300000e+034
-1.2300000e+034
-1.2300000e+034
-1.2300000e+034
-1.2300000e+034
-1.2300000e+034
-1.2300000e+034
-1.2300000e+034
-1.2300000e+034
-1.2300000e+034
-1.2300000e+034
-1.2300000e+034
-1.2300000e+034
-1.2300000e+034
-1.2300000e+034
-1.2300000e+034
-1.2300000e+034
-1.2300000e+034
-1.2300000e+034
-1.2300000e+034
-1.2300000e+034
-1.2300000e+034
-1.2300000e+034
-1.2300000e+034
-1.2300000e+034
-1.2300000e+034
-1.2300000e+034
-1.2300000e+034
-1.2300000e+034
-1.2300000e+034
-1.2300000e+034
-1.2300000e+034
-1.2300000e+034
-1.2300000e+034
-1.2300000e+034
-1.2300000e+034
-1.2300000e+034
-1.2300000e+034
-1.2300000e+034
-1.2300000e+034
-1.2300000e+034
-1.2300000e+034
-1.2300000e+034
-1.2300000e+034
-1.2300000e+034
-1.2300000e+034
-1.2300000e+034
-1.2300000e+034
-1.2300000e+034
-1.2300000e+034
-1.2300000e+034
-1.2300000e+034
-1.2300000e+034
-1.2300000e+034
-1.2300000e+034
-1.2300000e+034
-1.2300000e+034
-1.2300000e+034
-1.2300000e+034
-1.2300000e+034
-1.2300000e+034
-1.2300000e+034
-1.2300000e+034
-1.2300000e+034
-1.2300000e+034
-1.2300000e+034
-1.2300000e+034
-1.2300000e+034
-1.2300000e+034
-1.2300000e+034
-1.2300000e+034
-1.2300000e+034
-1.2300000e+034
-1.2300000e+034
-1.2300000e+034
-1.2300000e+034
-1.2300000e+034
-1.2300000e+034
-1.2300000e+034
-1.2300000e+034
-1.2300000e+034
-1.2300000e+034
-1.2300000e+034
-1.2300000e+034
 5.2071202e-001
 4.5991650e-001
 5.0138581e-001
 5.0609720e-001
 5.0308526e-001
 5.0035065e-001
 4.9838039e-001
 4.9705610e-001
 4.9602941e-001
 4.9589506e-001
 4.9734813e-001
 4.9952981e-001
 5.0199574e-001
 5.0450510e-001
 5.0677198e-001
 5.0925118e-001
 5.1315594e-001
 5.1736116e-001
 5.2123475e-001
 5.2462292e-001
 5.2749258e-001
 5.3036135e-001
 5.3370416e-001
 5.3731930e-001
 5.4058391e-001
 5.4343200e-001
 5.4571265e-001
 5.4750919e-001
 5.4946309e-001
 5.5182618e-001
 5.5411410e-001
 5.5633467e-001
 5.5796027e-001
 5.5895764e-001
 5.5968624e-001
 5.6033289e-001
 5.6120706e-001
 5.6229913e-001
 5.6334579e-001
 5.6402975e-001
 5.6411839e-001
 5.6362957e-001
 5.6314254e-001
 5.6244493e-001
 5.6236446e-001
 5.6251973e-001
 5.6274635e-001
 5.6210941e-001
 5.6105793e-001
 5.6006008e-001
 5.5692583e-001
 5.5795902e-001
 5.5536985e-001
 5.5332440e-001
 5.5120438e-001
 5.5005896e-001
 5.4898572e-001
 5.4782146e-001
 5.4608566e-001
 5.4403841e-001
 5.4156309e-001
 5.3877866e-001
 5.3598732e-001
 5.3349108e-001
 5.3121245e-001
 5.2986228e-001
 5.2920657e-001
 5.2734959e-001
 5.2459937e-001
 5.2139300e-001
 5.1651663e-001
 5.1020277e-001
 5.0829834e-001
 5.0622934e-001
 5.0333852e-001
 5.0002819e-001
 4.9657601e-001
 4.9447379e-001
 4.9306670e-001
 4.9047586e-001
 4.8672858e-001
 4.8360354e-001
 4.8145267e-001
 4.7793260e-001
 4.7430542e-001
 4.7307187e-001
 4.6722382e-001
 4.6568033e-001
 4.6383768e-001
 4.5577085e-001
 4.4086114e-001
 4.1754851e-001
 3.7435341e-001
 3.7047181e-001
 3.3377066e-001
 3.4649271e-001
 3.9710638e-001
 4.2624670e-001
 4.2719615e-001
 4.2080882e-001
 4.1183397e-001
 3.9234269e-001
 3.7930962e-001
 3.9140582e-001
 4.1610000e-001
 4.1871572e-001
 4.1235608e-001
 4.1191056e-001
 4.1162118e-001
 4.0704411e-001
 4.0331516e-001
 4.1665938e-001
 4.2217031e-001
 4.1983813e-001
 4.2392024e-001
