s07_AV97 Record=2607: Phlogopite WS675              BECKb AREF
 2.1309535e-001
 2.3968974e-001
 2.6260346e-001
 2.7871278e-001
 2.8917506e-001
 2.9718173e-001
 3.0932525e-001
 3.2340059e-001
 3.3582580e-001
 3.4728456e-001
 3.5595822e-001
 3.6206624e-001
 3.7082672e-001
 3.8113528e-001
 3.8961607e-001
 3.9993775e-001
 4.1017187e-001
 4.1887325e-001
 4.2587247e-001
 4.3142086e-001
 4.3682846e-001
 4.4219741e-001
 4.4783711e-001
 4.5391920e-001
 4.5876148e-001
 4.6503654e-001
 4.6899804e-001
 4.7393355e-001
 4.7837952e-001
 4.8243219e-001
 4.8625326e-001
 4.8892251e-001
 4.8579046e-001
 4.8814067e-001
 4.9079624e-001
 4.9271107e-001
 4.9430129e-001
 4.9663520e-001
 4.9959058e-001
 5.0278294e-001
 5.0610363e-001
 5.0959104e-001
 5.1305556e-001
 5.1866746e-001
 5.2376813e-001
 5.2730381e-001
 5.3000128e-001
 5.3299785e-001
 5.3610152e-001
 5.3751582e-001
 5.4005373e-001
 5.4116249e-001
 5.3483468e-001
 5.3513658e-001
 5.3771067e-001
 5.3593063e-001
 5.4001123e-001
 5.3878379e-001
 5.3990090e-001
 5.4171169e-001
 5.4072857e-001
 5.4277611e-001
 5.4639989e-001
 5.5143416e-001
 5.5144078e-001
 5.5487645e-001
 5.5471390e-001
 5.5557060e-001
 5.5779099e-001
 5.5797935e-001
 5.5883050e-001
 5.5827546e-001
 5.5812818e-001
 5.5845535e-001
 5.5693889e-001
 5.5686831e-001
 5.5456859e-001
 5.5613482e-001
 5.5623883e-001
 5.5390960e-001
 5.5504698e-001
 5.5595511e-001
 5.5603778e-001
 5.5610323e-001
 5.5769330e-001
 5.5759758e-001
 5.5856240e-001
 5.6064922e-001
 5.6240809e-001
 5.6529409e-001
 5.6759155e-001
 5.7188982e-001
 5.7486290e-001
 5.7831627e-001
 5.7967901e-001
 5.8397454e-001
 5.7870114e-001
 5.8181971e-001
 5.8582026e-001
 5.8833045e-001
 5.9274966e-001
 5.9749615e-001
 6.0090971e-001
 6.0346878e-001
 6.0876006e-001
 6.1389154e-001
 6.1820680e-001
 6.1510599e-001
 5.8723003e-001
 5.9682894e-001
 6.1579442e-001
 6.3099259e-001
 6.4051598e-001
 6.4498091e-001
 6.5024340e-001
 6.5403408e-001
 6.5732300e-001
 6.6371977e-001
 6.6813833e-001
 6.7310953e-001
 6.7968059e-001
 6.8300116e-001
 6.8174785e-001
 6.8772250e-001
 6.9409364e-001
 6.9733691e-001
 7.0166427e-001
 7.0834261e-001
 7.1051931e-001
 7.0869136e-001
 7.1649855e-001
 7.1776110e-001
 7.2187567e-001
 7.2387308e-001
 7.2735190e-001
 7.2984987e-001
 7.2964644e-001
 7.3580927e-001
 7.4170238e-001
 7.4016482e-001
 7.4090588e-001
 7.4600869e-001
 7.5093788e-001
 7.5134701e-001
 7.5135303e-001
 7.5455618e-001
 7.5811762e-001
 7.5985110e-001
 7.6021785e-001
 7.6539552e-001
 7.6494706e-001
 7.6701075e-001
 7.6860619e-001
 7.7025521e-001
 7.7012467e-001
 7.7171230e-001
 7.7611631e-001
 7.7506888e-001
 7.6830435e-001
 7.5988787e-001
 7.6242059e-001
 7.5907451e-001
 7.5571054e-001
 7.4306852e-001
 7.4034142e-001
 7.4092799e-001
 7.4214679e-001
 7.4744511e-001
 7.4796993e-001
 7.5396687e-001
 7.6146191e-001
 7.6172930e-001
 7.6620132e-001
 7.7084732e-001
 7.6868141e-001
 7.6982987e-001
 7.7253836e-001
 7.7445358e-001
 7.7617151e-001
 7.7459252e-001
 7.6855785e-001
 7.6521337e-001
 7.6325798e-001
 7.6267910e-001
 7.6745421e-001
 7.7128172e-001
 7.7507818e-001
 7.7588326e-001
 7.7595896e-001
 7.7678704e-001
 7.7583182e-001
 7.7396542e-001
 7.7309197e-001
 7.6955628e-001
 7.6901340e-001
 7.5382310e-001
 7.1655101e-001
 7.0169741e-001
 7.0888799e-001
 7.1841472e-001
 7.1120501e-001
 6.7008179e-001
 6.1200750e-001
 5.7725430e-001
 5.3297168e-001
 5.3950363e-001
 5.7465541e-001
 5.9514308e-001
 6.0944808e-001
 5.8736765e-001
 5.5898958e-001
 5.7079870e-001
 5.9685004e-001
 6.1331791e-001
 6.1768192e-001
 6.1650962e-001
 6.1417121e-001
 6.1405843e-001
 6.1626446e-001
 6.2038398e-001
 6.2532222e-001
 6.3015395e-001
 6.3396353e-001
 6.3599455e-001
