s07_AV97 Record=704: Carnallite HS430.1B          ASDFRa AREF
 4.7371981e-001
 4.8182458e-001
 4.8942977e-001
 4.9689105e-001
 5.0436836e-001
 5.1173961e-001
 5.1915795e-001
 5.2675146e-001
 5.3469074e-001
 5.4224128e-001
 5.4905593e-001
 5.5536628e-001
 5.6134856e-001
 5.6743127e-001
 5.7324779e-001
 5.7890469e-001
 5.8502364e-001
 5.9290385e-001
 6.0430712e-001
 6.2104684e-001
 6.4359820e-001
 6.6937923e-001
 6.9447637e-001
 7.1503723e-001
 7.3120093e-001
 7.4277133e-001
 7.5121695e-001
 7.5787467e-001
 7.6364887e-001
 7.6924187e-001
 7.7492017e-001
 7.8078431e-001
 7.7400267e-001
 7.7963609e-001
 7.8547871e-001
 7.9128838e-001
 7.9673779e-001
 8.0149668e-001
 8.0504715e-001
 8.0725861e-001
 8.0832785e-001
 8.0801630e-001
 8.0657262e-001
 8.0435288e-001
 8.0217862e-001
 8.0036968e-001
 7.9945993e-001
 7.9918683e-001
 7.9904974e-001
 7.9865015e-001
 7.9740644e-001
 7.9581916e-001
 7.9389417e-001
 7.9251617e-001
 7.9198784e-001
 7.9229283e-001
 7.9300690e-001
 7.9403418e-001
 7.9447281e-001
 7.9422605e-001
 7.9492837e-001
 7.9545945e-001
 7.9112595e-001
 7.7982157e-001
 7.6461244e-001
 7.5190485e-001
 7.4060673e-001
 7.2967964e-001
 7.2418022e-001
 7.3874283e-001
 7.5285321e-001
 7.6105082e-001
 7.6436585e-001
 7.6321763e-001
 7.6008010e-001
 7.6088560e-001
 7.6468861e-001
 7.7033848e-001
 7.7416360e-001
 7.7253598e-001
 7.6357567e-001
 7.5340563e-001
 7.4173206e-001
 7.2812724e-001
 7.0802695e-001
 6.7580193e-001
 6.4874220e-001
 6.2782681e-001
 6.0259855e-001
 5.9471995e-001
 5.9695089e-001
 5.9193301e-001
 6.0835081e-001
 6.4380366e-001
 6.7227745e-001
 6.9313866e-001
 6.5727395e-001
 6.8446666e-001
 6.9882375e-001
 7.0322156e-001
 7.0195711e-001
 6.9894558e-001
 6.9310188e-001
 6.7730814e-001
 6.4935744e-001
 6.1373168e-001
 5.7437402e-001
 5.3305519e-001
 4.9352673e-001
 4.5935011e-001
 4.3674433e-001
 4.1615126e-001
 3.8122779e-001
 3.2864067e-001
 2.6426411e-001
 2.0140211e-001
 1.5495679e-001
 1.3926034e-001
 1.6881013e-001
 2.0325416e-001
 2.2247775e-001
 2.3475671e-001
 2.3688111e-001
 2.3191878e-001
 2.3870666e-001
 2.6247045e-001
 2.9540658e-001
 3.3209932e-001
 3.6961845e-001
 4.0551537e-001
 4.3972269e-001
 4.7214124e-001
 5.0288421e-001
 5.3080100e-001
 5.5565649e-001
 5.7710958e-001
 5.9497678e-001
 6.0839456e-001
 6.1538666e-001
 6.1436915e-001
 6.0208040e-001
 5.7564181e-001
 5.3455180e-001
 4.8022476e-001
 4.1736257e-001
 3.5374191e-001
 3.0708700e-001
 2.8699467e-001
 2.8879309e-001
 2.9879606e-001
 3.0844945e-001
 3.2004434e-001
 3.3637705e-001
 3.5663661e-001
 3.7703037e-001
 4.0160522e-001
 4.1753426e-001
 4.1605306e-001
 3.9203495e-001
 3.4266964e-001
 3.6577502e-001
 3.0032513e-001
 2.2048628e-001
 1.6142020e-001
 1.2889293e-001
 1.0408621e-001
 8.0323748e-002
 6.0758930e-002
 4.5056064e-002
 3.4683548e-002
 2.8399533e-002
 3.2502003e-002
 5.1851109e-002
 8.0809675e-002
 1.1340497e-001
 1.4670168e-001
 1.7804091e-001
 2.0670550e-001
 2.2913949e-001
 2.4090712e-001
 2.4373919e-001
 2.4194282e-001
 2.3823349e-001
 2.3410581e-001
 2.3083891e-001
 2.2859868e-001
 2.2523883e-001
 2.2023761e-001
 2.1234091e-001
 2.0243010e-001
 1.9116481e-001
 1.7996714e-001
 1.6907774e-001
 1.5877052e-001
 1.4923467e-001
 1.4077529e-001
 1.3429876e-001
 1.3009232e-001
 1.2754469e-001
 1.2714301e-001
 1.2884484e-001
 1.3219382e-001
 1.3670731e-001
 1.4239378e-001
 1.4726110e-001
 1.5093192e-001
 1.5139258e-001
 1.4756915e-001
 1.3944474e-001
 1.2722270e-001
 1.1291908e-001
 9.6847348e-002
 8.0936536e-002
 6.6585869e-002
 5.3579990e-002
 4.5447927e-002
 3.8615659e-002
 3.5589214e-002
 3.3969555e-002
 3.5454515e-002
 3.7695035e-002
 3.9847095e-002
 4.3118585e-002
-1.2300000e+034
