s07_AV97 Record=165: Almandine WS475 Garnet        BECKb AREF
 2.9227108e-001
 3.1348422e-001
 3.3335853e-001
 3.4558132e-001
 3.5573921e-001
 3.6193371e-001
 3.6693507e-001
 3.7739888e-001
 3.8593638e-001
 3.8769278e-001
 3.9230734e-001
 3.9468980e-001
 3.9111900e-001
 3.8206765e-001
 3.7973857e-001
 3.9050105e-001
 3.9612243e-001
 4.1026208e-001
 4.2386571e-001
 4.2793769e-001
 4.2520377e-001
 4.2606825e-001
 4.4114503e-001
 4.5924282e-001
 4.6787438e-001
 4.7412220e-001
 4.8301238e-001
 4.9481362e-001
 5.0241369e-001
 5.0655228e-001
 5.0703603e-001
 5.0577384e-001
 5.0708574e-001
 5.0613165e-001
 5.0296718e-001
 5.0109053e-001
 5.0312716e-001
 5.0783008e-001
 5.1460260e-001
 5.2283484e-001
 5.3032726e-001
 5.3528827e-001
 5.4289144e-001
 5.4955298e-001
 5.5320048e-001
 5.5611843e-001
 5.5862617e-001
 5.6003028e-001
 5.6213492e-001
 5.6104529e-001
 5.5870461e-001
 5.5780602e-001
 5.6109387e-001
 5.6348419e-001
 5.6147170e-001
 5.5962586e-001
 5.6164187e-001
 5.6174785e-001
 5.6112731e-001
 5.6404114e-001
 5.6051511e-001
 5.6014335e-001
 5.5937850e-001
 5.6000835e-001
 5.5727494e-001
 5.5599731e-001
 5.4961509e-001
 5.4376829e-001
 5.3592306e-001
 5.2595729e-001
 5.2020872e-001
 5.1136351e-001
 5.0130481e-001
 4.9146739e-001
 4.7905600e-001
 4.6653911e-001
 4.5365688e-001
 4.4344026e-001
 4.3050367e-001
 4.1959578e-001
 4.0957496e-001
 3.9704520e-001
 3.8729158e-001
 3.7678027e-001
 3.6703575e-001
 3.5623267e-001
 3.4745020e-001
 3.4064081e-001
 3.3403781e-001
 3.2838291e-001
 3.2219040e-001
 3.1774753e-001
 3.1353748e-001
 3.0961621e-001
 3.0645099e-001
 3.0413407e-001
 3.0798060e-001
 3.0516443e-001
 3.0349451e-001
 3.0172336e-001
 3.0118746e-001
 3.0073193e-001
 3.0084923e-001
 3.0129460e-001
 3.0383980e-001
 3.0785516e-001
 3.1010190e-001
 3.1387901e-001
 3.1877768e-001
 3.2233408e-001
 3.2680780e-001
 3.3286434e-001
 3.3723682e-001
 3.4216607e-001
 3.4671393e-001
 3.5178870e-001
 3.5329068e-001
 3.5783213e-001
 3.6150396e-001
 3.6456871e-001
 3.6727124e-001
 3.6756268e-001
 3.6609396e-001
 3.6723408e-001
 3.6797771e-001
 3.6698127e-001
 3.6509401e-001
 3.6592597e-001
 3.6413851e-001
 3.6267772e-001
 3.5888812e-001
 3.5884002e-001
 3.5727933e-001
 3.5633245e-001
 3.5682574e-001
 3.5511917e-001
 3.5167256e-001
 3.5010737e-001
 3.5243201e-001
 3.5154915e-001
 3.5101539e-001
 3.5117567e-001
 3.5142988e-001
 3.5309258e-001
 3.5073069e-001
 3.5411188e-001
 3.5271427e-001
 3.5597777e-001
 3.5672098e-001
 3.5763240e-001
 3.6103189e-001
 3.6479193e-001
 3.6455044e-001
 3.6830419e-001
 3.6848500e-001
 3.7118986e-001
 3.7378150e-001
 3.7323245e-001
 3.7717026e-001
 3.7878788e-001
 3.7896428e-001
 3.7740591e-001
 3.7812015e-001
 3.8221484e-001
 3.8483870e-001
 3.8239571e-001
 3.8163036e-001
 3.8563800e-001
 3.8641834e-001
 3.8729629e-001
 3.8737598e-001
 3.8941425e-001
 3.8607746e-001
 3.8782489e-001
 3.8769963e-001
 3.8625574e-001
 3.8724500e-001
 3.8650802e-001
 3.8531476e-001
 3.8769186e-001
 3.8168129e-001
 3.8168967e-001
 3.8229761e-001
 3.7921393e-001
 3.8215235e-001
 3.7595305e-001
 3.7685040e-001
 3.7733537e-001
 3.7464967e-001
 3.7259057e-001
 3.7090415e-001
 3.6970398e-001
 3.6659583e-001
 3.6393827e-001
 3.6778367e-001
 3.6715093e-001
 3.5791728e-001
 3.5785976e-001
 3.5700890e-001
 3.5930595e-001
 3.6126575e-001
 3.5207114e-001
 3.5242093e-001
 3.5749418e-001
 3.5493162e-001
 3.5586119e-001
 3.5666943e-001
 3.5296139e-001
 3.5387003e-001
 3.6028841e-001
 3.6095008e-001
 3.6355573e-001
 3.6650258e-001
 3.6738944e-001
 3.6748013e-001
 3.6906391e-001
 3.7126315e-001
 3.7257212e-001
 3.7324455e-001
 3.7455407e-001
 3.7720561e-001
 3.8059044e-001
 3.8382229e-001
 3.8622037e-001
