s07_AV97 Record=52: Actinolite HS22.3B           ASDFRb AREF
 1.2409949e-001
 1.2837818e-001
 1.3334335e-001
 1.3724549e-001
 1.4122614e-001
 1.4802626e-001
 1.5618950e-001
 1.6276842e-001
 1.6636397e-001
 1.7296746e-001
 1.8074952e-001
 1.9005078e-001
 1.9799921e-001
 2.0302688e-001
 2.0871392e-001
 2.1266201e-001
 2.1311955e-001
 2.1218683e-001
 2.1063685e-001
 2.0863587e-001
 2.0538716e-001
 2.0136936e-001
 1.9683011e-001
 1.9238310e-001
 1.8768433e-001
 1.8382944e-001
 1.7968637e-001
 1.7616968e-001
 1.7311160e-001
 1.7063081e-001
 1.6889982e-001
 1.6802767e-001
 1.6909942e-001
 1.6814449e-001
 1.6746743e-001
 1.6635713e-001
 1.6655309e-001
 1.6733216e-001
 1.6860335e-001
 1.7019001e-001
 1.7250155e-001
 1.7500429e-001
 1.7816214e-001
 1.8162762e-001
 1.8503389e-001
 1.8824984e-001
 1.9057244e-001
 1.9199789e-001
 1.9247836e-001
 1.9204836e-001
 1.9071259e-001
 1.8878670e-001
 1.8667415e-001
 1.8429352e-001
 1.8213858e-001
 1.8012293e-001
 1.7825758e-001
 1.7639704e-001
 1.7478751e-001
 1.7309330e-001
 1.7155042e-001
 1.6955531e-001
 1.6709095e-001
 1.6526224e-001
 1.6334552e-001
 1.6113766e-001
 1.5924053e-001
 1.5738961e-001
 1.5631171e-001
 1.5549833e-001
 1.5618186e-001
 1.5739360e-001
 1.6073553e-001
 1.6532177e-001
 1.7158867e-001
 1.7957138e-001
 1.8719079e-001
 1.9510739e-001
 2.0285615e-001
 2.0959200e-001
 2.1727470e-001
 2.2363572e-001
 2.3009826e-001
 2.3655184e-001
 2.4245818e-001
 2.4882087e-001
 2.5468969e-001
 2.6138541e-001
 2.6824749e-001
 2.7458853e-001
 2.8159997e-001
 2.8931504e-001
 2.9653421e-001
 3.0467033e-001
 3.1196827e-001
 3.1958580e-001
 3.0784532e-001
 3.1586203e-001
 3.2331851e-001
 3.3140382e-001
 3.3949813e-001
 3.4735844e-001
 3.5569879e-001
 3.6377791e-001
 3.7172908e-001
 3.7972745e-001
 3.8780102e-001
 3.9496657e-001
 3.9935657e-001
 3.9019686e-001
 3.3596599e-001
 3.7003237e-001
 4.0964290e-001
 4.2816550e-001
 4.3657094e-001
 4.4190267e-001
 4.4818631e-001
 4.5587519e-001
 4.6304104e-001
 4.6955636e-001
 4.7521919e-001
 4.8029095e-001
 4.8455748e-001
 4.8853290e-001
 4.9319553e-001
 4.9798793e-001
 5.0308913e-001
 5.0806499e-001
 5.1312304e-001
 5.1872241e-001
 5.2415675e-001
 5.2967411e-001
 5.3492665e-001
 5.4053980e-001
 5.4559922e-001
 5.5019456e-001
 5.5423301e-001
 5.5870485e-001
 5.6262237e-001
 5.6579745e-001
 5.6952626e-001
 5.7321209e-001
 5.7717907e-001
 5.8001477e-001
 5.8190441e-001
 5.8371979e-001
 5.8526957e-001
 5.8710474e-001
 5.8854455e-001
 5.8943397e-001
 5.9033257e-001
 5.9055996e-001
 5.9075826e-001
 5.8992994e-001
 5.8817172e-001
 5.8743423e-001
 5.8490354e-001
 5.8335936e-001
 5.8189315e-001
 5.8037114e-001
 5.8061159e-001
 5.8037764e-001
 5.8038974e-001
 5.7971972e-001
 5.7891321e-001
 5.7657313e-001
 5.7215965e-001
 5.6662208e-001
 5.6226319e-001
 5.5724442e-001
 5.4972196e-001
 5.4267555e-001
 5.3819197e-001
 5.3696835e-001
 5.3818667e-001
 5.4133141e-001
 5.4152894e-001
 5.3788882e-001
 5.3523237e-001
 5.3264290e-001
 5.2810073e-001
 5.2188015e-001
 5.1501882e-001
 5.0089121e-001
 4.9288893e-001
 4.9046749e-001
 4.9029225e-001
 4.8766595e-001
 4.8450267e-001
 4.8119488e-001
 4.7619554e-001
 4.7131673e-001
 4.6511602e-001
 4.5925078e-001
 4.5058751e-001
 4.3582425e-001
 4.0970615e-001
 3.8708410e-001
 3.8004714e-001
 3.6401469e-001
 3.3648399e-001
 3.0145571e-001
 2.6559949e-001
 2.5299746e-001
 2.4818777e-001
 2.7993077e-001
 3.1758067e-001
 3.3375427e-001
 3.3640426e-001
 3.2789850e-001
 3.0080947e-001
 2.8319639e-001
 3.0346620e-001
 3.2733461e-001
 3.3626780e-001
 3.4185752e-001
 3.3993360e-001
 3.3483079e-001
 3.2903290e-001
 3.2470387e-001
 3.2391649e-001
 3.2519534e-001
 3.2593194e-001
-1.2300000e+034
