s07_AV97 Record=1899: Lepidolite HS167.3B          ASDFRb AREF
 5.8129418e-001
 5.9745753e-001
 6.0694557e-001
 6.0888726e-001
 6.0499752e-001
 5.9849250e-001
 5.9157157e-001
 5.8604354e-001
 5.8389008e-001
 5.8447915e-001
 5.8781672e-001
 5.9170830e-001
 5.9531993e-001
 5.9683216e-001
 5.9576595e-001
 5.9268367e-001
 5.8995438e-001
 5.8888537e-001
 5.8824956e-001
 5.8905715e-001
 5.9165013e-001
 5.9715188e-001
 6.0540336e-001
 6.1474699e-001
 6.2433630e-001
 6.3291806e-001
 6.4004707e-001
 6.4511448e-001
 6.4786518e-001
 6.4845610e-001
 6.4805371e-001
 6.4679950e-001
 6.4819551e-001
 6.4705229e-001
 6.4559805e-001
 6.4402688e-001
 6.4223146e-001
 6.4067078e-001
 6.3945228e-001
 6.3859886e-001
 6.3769054e-001
 6.3747787e-001
 6.3741732e-001
 6.3759774e-001
 6.3779086e-001
 6.3840789e-001
 6.3949716e-001
 6.4073169e-001
 6.4185810e-001
 6.4370692e-001
 6.4572626e-001
 6.4733785e-001
 6.4986229e-001
 6.5207314e-001
 6.5474981e-001
 6.5705174e-001
 6.5967840e-001
 6.6281891e-001
 6.6562217e-001
 6.6863090e-001
 6.7150199e-001
 6.7436886e-001
 6.7566472e-001
 6.7482156e-001
 6.7965192e-001
 6.8580049e-001
 6.8947488e-001
 6.9238138e-001
 6.9533241e-001
 6.9682151e-001
 7.0022655e-001
 7.0365781e-001
 7.0565176e-001
 7.0806324e-001
 7.1065313e-001
 7.1339250e-001
 7.1574241e-001
 7.1736425e-001
 7.1996480e-001
 7.2172970e-001
 7.2329992e-001
 7.2496492e-001
 7.2734499e-001
 7.2938919e-001
 7.3083359e-001
 7.3206133e-001
 7.3282957e-001
 7.3457390e-001
 7.3604435e-001
 7.3645741e-001
 7.3799932e-001
 7.3910642e-001
 7.3895419e-001
 7.4064457e-001
 7.4331766e-001
 7.4413079e-001
 7.4195296e-001
 7.4402672e-001
 7.4424475e-001
 7.4350333e-001
 7.4223739e-001
 7.4125803e-001
 7.4009830e-001
 7.3977572e-001
 7.4052799e-001
 7.4235159e-001
 7.4175727e-001
 7.3798752e-001
 7.2849798e-001
 6.9824886e-001
 6.4004725e-001
 5.7032984e-001
 5.8076054e-001
 6.7532802e-001
 7.2138107e-001
 7.3622566e-001
 7.4300092e-001
 7.4658364e-001
 7.4867034e-001
 7.5064176e-001
 7.5239551e-001
 7.5397676e-001
 7.5481492e-001
 7.5448084e-001
 7.5456148e-001
 7.5474477e-001
 7.5513715e-001
 7.5631994e-001
 7.5797838e-001
 7.5943810e-001
 7.5995719e-001
 7.6057166e-001
 7.6117814e-001
 7.6148623e-001
 7.6147741e-001
 7.6174551e-001
 7.6163363e-001
 7.6229417e-001
 7.6245034e-001
 7.6227385e-001
 7.6201153e-001
 7.6145679e-001
 7.6143605e-001
 7.6109040e-001
 7.6112247e-001
 7.6026905e-001
 7.5898045e-001
 7.5838745e-001
 7.5826985e-001
 7.5866902e-001
 7.5858134e-001
 7.5783539e-001
 7.5623971e-001
 7.5315011e-001
 7.5028801e-001
 7.5046629e-001
 7.5192970e-001
 7.5254995e-001
 7.5095475e-001
 7.4599433e-001
 7.4823231e-001
 7.4185181e-001
 7.3217535e-001
 7.2310311e-001
 7.1991789e-001
 7.2065854e-001
 7.2222948e-001
 7.2367245e-001
 7.2295773e-001
 7.2179896e-001
 7.1949196e-001
 7.1607858e-001
 7.1329230e-001
 7.1145058e-001
 7.1067137e-001
 7.1174085e-001
 7.1121573e-001
 7.1119750e-001
 7.0955670e-001
 7.0511794e-001
 6.9558543e-001
 6.8657917e-001
 6.7780143e-001
 6.6717744e-001
 6.6097564e-001
 6.5991288e-001
 6.5757877e-001
 6.4656425e-001
 6.2621099e-001
 5.8777189e-001
 5.2134037e-001
 4.5621389e-001
 4.4816151e-001
 5.0639743e-001
 5.7427996e-001
 6.0985649e-001
 6.2722456e-001
 6.3525927e-001
 6.3978130e-001
 6.4072359e-001
 6.3746315e-001
 6.3014930e-001
 6.1697876e-001
 5.9449399e-001
 5.6759048e-001
 5.3844911e-001
 5.1553613e-001
 5.0550711e-001
 5.1340324e-001
 5.2269095e-001
 5.2177578e-001
 5.2076191e-001
 5.1813585e-001
 5.0354695e-001
 4.8362586e-001
 4.6670169e-001
 4.5836541e-001
 4.5893192e-001
 4.6715564e-001
 4.7304651e-001
 4.7827464e-001
 4.8310012e-001
 4.9086314e-001
-1.2300000e+034
