s07_AV97 Record=1170: Epsomite GDS149               BECKc AREF
 8.5232133e-001
 8.5568035e-001
 8.6275005e-001
 8.6962378e-001
 8.7436622e-001
 8.7562251e-001
 8.7726408e-001
 8.7859213e-001
 8.7995452e-001
 8.8094211e-001
 8.8152909e-001
 8.8234282e-001
 8.8245839e-001
 8.8326377e-001
 8.8369644e-001
 8.8411623e-001
 8.8444227e-001
 8.8433266e-001
 8.8349742e-001
 8.8122588e-001
 8.7771189e-001
 8.7912470e-001
 8.7914866e-001
 8.7782747e-001
 8.7540215e-001
 8.7387127e-001
 8.7485391e-001
 8.7605798e-001
 8.7679130e-001
 8.7683147e-001
 8.7712657e-001
 8.7691528e-001
 8.7716091e-001
 8.7697685e-001
 8.7714034e-001
 8.7749356e-001
 8.8111061e-001
 8.8061321e-001
 8.7856543e-001
 8.7630743e-001
 8.7313932e-001
 8.7013531e-001
 8.6861539e-001
 8.6846167e-001
 8.6776382e-001
 8.6819369e-001
 8.6825120e-001
 8.6771053e-001
 8.6827421e-001
 8.6485183e-001
 8.6317974e-001
 8.6060858e-001
 8.5751969e-001
 8.5395855e-001
 8.5062659e-001
 8.4759104e-001
 8.4482443e-001
 8.3609945e-001
 8.2763159e-001
 8.1813389e-001
 8.1409675e-001
 8.0112082e-001
 7.8112316e-001
 7.5777131e-001
 7.3399442e-001
 7.2069412e-001
 7.1781629e-001
 7.2173059e-001
 7.2649771e-001
 7.3522568e-001
 7.4780053e-001
 7.6222461e-001
 7.7409673e-001
 7.8367931e-001
 7.8957635e-001
 7.9136384e-001
 7.8843927e-001
 7.8427613e-001
 7.7709806e-001
 7.6741129e-001
 7.5723851e-001
 7.3996311e-001
 7.1030086e-001
 6.6638708e-001
 6.2316251e-001
 5.9864926e-001
 5.8579475e-001
 5.7212293e-001
 5.5853266e-001
 5.5065656e-001
 5.4610807e-001
 5.4114860e-001
 5.3917038e-001
 5.3834218e-001
 5.4122460e-001
 5.4346085e-001
 5.3952426e-001
 5.4233730e-001
 5.4432517e-001
 5.4620421e-001
 5.4364300e-001
 5.3574878e-001
 5.2133143e-001
 5.0143075e-001
 4.7666997e-001
 4.4795638e-001
 4.1761783e-001
 3.9174590e-001
 3.6856875e-001
 3.4438616e-001
 3.1024024e-001
 2.6509348e-001
 2.1707110e-001
 1.7618439e-001
 1.4915138e-001
 1.3136730e-001
 1.2235576e-001
 1.1750871e-001
 1.1471689e-001
 1.1849082e-001
 1.2414631e-001
 1.3069767e-001
 1.3523693e-001
 1.3887133e-001
 1.4155550e-001
 1.4249574e-001
 1.4365111e-001
 1.4315130e-001
 1.4366984e-001
 1.4301558e-001
 1.4222276e-001
 1.4342695e-001
 1.4500296e-001
 1.4729109e-001
 1.5088727e-001
 1.5599346e-001
 1.6053571e-001
 1.6630487e-001
 1.7057505e-001
 1.7464490e-001
 1.7851657e-001
 1.8373235e-001
 1.8817128e-001
 1.8936472e-001
 1.9419937e-001
 1.9770756e-001
 2.0103583e-001
 2.0586605e-001
 2.0806149e-001
 2.1302040e-001
 2.1825448e-001
 2.2249837e-001
 2.2661865e-001
 2.3074120e-001
 2.3055553e-001
 2.2603896e-001
 2.1588218e-001
 1.9528911e-001
 1.6236503e-001
 1.2499347e-001
 1.3713160e-001
 9.9476002e-002
 6.6259794e-002
 4.3861903e-002
 3.0641118e-002
 2.5455395e-002
 2.4709010e-002
 2.4518704e-002
 2.4707584e-002
 2.3909474e-002
 2.2293933e-002
 2.4283385e-002
 2.7387811e-002
 2.9409666e-002
 3.3321317e-002
 3.6665015e-002
 3.9066024e-002
 4.4706628e-002
 4.8859295e-002
 5.0942622e-002
 5.6183737e-002
 6.3353553e-002
 6.8685599e-002
 7.4742422e-002
 7.8302599e-002
 8.2963459e-002
 8.5466489e-002
 8.9359924e-002
 9.0895370e-002
 9.0833299e-002
 9.1208674e-002
 8.9288846e-002
 8.9801364e-002
 9.2219099e-002
 9.3167581e-002
 9.5266707e-002
 9.5463395e-002
 9.5363170e-002
 9.4018646e-002
 9.0421259e-002
 8.4973365e-002
 8.1380256e-002
 7.9046853e-002
 7.1256734e-002
 6.5335222e-002
 5.6656633e-002
 5.0018311e-002
 4.2991426e-002
 3.9381474e-002
 3.4181934e-002
 2.9528819e-002
 2.8870314e-002
 2.6569311e-002
 2.4257207e-002
 2.2946451e-002
 2.2554629e-002
 2.2363745e-002
 2.1608176e-002
 2.0608384e-002
 1.9769471e-002
 1.9607093e-002
 1.9664826e-002
 1.9313665e-002
 1.8171275e-002
