s07_AV97 Record=1405: Halite HS433.4B              ASDFRa AREF
 6.9468117e-001
 7.0328552e-001
 7.1131986e-001
 7.1884584e-001
 7.2552228e-001
 7.3252010e-001
 7.3949665e-001
 7.4665135e-001
 7.5342542e-001
 7.5960582e-001
 7.6506209e-001
 7.7015591e-001
 7.7516061e-001
 7.8022528e-001
 7.8511399e-001
 7.9006720e-001
 7.9479784e-001
 7.9942060e-001
 8.0391294e-001
 8.0828840e-001
 8.1249255e-001
 8.1650251e-001
 8.1995457e-001
 8.2196271e-001
 8.2454723e-001
 8.2671189e-001
 8.2864428e-001
 8.3110368e-001
 8.3264047e-001
 8.3400404e-001
 8.3550125e-001
 8.3701205e-001
 8.3526397e-001
 8.3671808e-001
 8.3815122e-001
 8.3951694e-001
 8.4054166e-001
 8.4159511e-001
 8.4260899e-001
 8.4353918e-001
 8.4448701e-001
 8.4529960e-001
 8.4596908e-001
 8.4660214e-001
 8.4726208e-001
 8.4781682e-001
 8.4829283e-001
 8.4876978e-001
 8.4929377e-001
 8.5009539e-001
 8.5078919e-001
 8.5146654e-001
 8.5244787e-001
 8.5349452e-001
 8.5452038e-001
 8.5588014e-001
 8.5742253e-001
 8.5879785e-001
 8.6029196e-001
 8.6158705e-001
 8.6319709e-001
 8.6460876e-001
 8.6625201e-001
 8.6786675e-001
 8.6935359e-001
 8.7098593e-001
 8.7264079e-001
 8.7421292e-001
 8.7606126e-001
 8.7727815e-001
 8.7787288e-001
 8.7844831e-001
 8.7850344e-001
 8.7904537e-001
 8.7958902e-001
 8.8050967e-001
 8.8097543e-001
 8.8156694e-001
 8.8242906e-001
 8.8284290e-001
 8.8307267e-001
 8.8365334e-001
 8.8398772e-001
 8.8406384e-001
 8.8426292e-001
 8.8412350e-001
 8.8426811e-001
 8.8495302e-001
 8.8486928e-001
 8.8507944e-001
 8.8588727e-001
 8.8629198e-001
 8.8671136e-001
 8.8754267e-001
 8.8818771e-001
 8.8841891e-001
 8.8779140e-001
 8.8850820e-001
 8.8842779e-001
 8.8879943e-001
 8.8868988e-001
 8.8913953e-001
 8.8900882e-001
 8.8917547e-001
 8.8927370e-001
 8.8922536e-001
 8.8956398e-001
 8.8966042e-001
 8.8916260e-001
 8.8851142e-001
 8.8648421e-001
 8.8401723e-001
 8.8139892e-001
 8.7885755e-001
 8.7697697e-001
 8.7537408e-001
 8.7414265e-001
 8.7453008e-001
 8.7583917e-001
 8.7790197e-001
 8.7990737e-001
 8.8220662e-001
 8.8368291e-001
 8.8525271e-001
 8.8615233e-001
 8.8746309e-001
 8.8874912e-001
 8.8987249e-001
 8.9059669e-001
 8.9112723e-001
 8.9201713e-001
 8.9264846e-001
 8.9352775e-001
 8.9412200e-001
 8.9426351e-001
 8.9454609e-001
 8.9471394e-001
 8.9522094e-001
 8.9509445e-001
 8.9527500e-001
 8.9549774e-001
 8.9531291e-001
 8.9522940e-001
 8.9459503e-001
 8.9437109e-001
 8.9343613e-001
 8.9290631e-001
 8.9287126e-001
 8.9323300e-001
 8.9340979e-001
 8.9356214e-001
 8.9374512e-001
 8.9382517e-001
 8.9415300e-001
 8.9328951e-001
 8.9312273e-001
 8.9318353e-001
 8.9280766e-001
 8.9102739e-001
 8.8595444e-001
 8.8854432e-001
 8.8091141e-001
 8.6864620e-001
 8.5466415e-001
 8.4245545e-001
 8.3344859e-001
 8.2857621e-001
 8.2606387e-001
 8.2525527e-001
 8.2386410e-001
 8.2410204e-001
 8.2965136e-001
 8.3736032e-001
 8.4486526e-001
 8.5259575e-001
 8.5957259e-001
 8.6505103e-001
 8.7014145e-001
 8.7449634e-001
 8.7801731e-001
 8.8112444e-001
 8.8269138e-001
 8.8486451e-001
 8.8717717e-001
 8.8880926e-001
 8.8930964e-001
 8.8893437e-001
 8.8850129e-001
 8.8860595e-001
 8.8992840e-001
 8.8929176e-001
 8.8914120e-001
 8.8941592e-001
 8.8944829e-001
 8.8873547e-001
 8.8802540e-001
 8.8770616e-001
 8.8754213e-001
 8.8664788e-001
 8.8822228e-001
 8.8754261e-001
 8.8633579e-001
 8.8461626e-001
 8.8531506e-001
 8.8377655e-001
 8.8205725e-001
 8.8017243e-001
 8.7744540e-001
 8.7673622e-001
 8.7414509e-001
 8.7053591e-001
 8.6750698e-001
 8.6328852e-001
 8.6001825e-001
 8.5673779e-001
 8.5354143e-001
 8.4945917e-001
 8.4687620e-001
 8.4153903e-001
 8.4011930e-001
 8.3732355e-001
 8.3835280e-001
 8.3609301e-001
-1.2300000e+034
