s07_AV97 Record=180: Almandine WS477 Garnet        BECKb AREF
 6.5065540e-002
 6.8456993e-002
 7.6077536e-002
 8.1190065e-002
 8.5790418e-002
 9.1903836e-002
 9.8687015e-002
 1.0708888e-001
 1.1390404e-001
 1.1744471e-001
 1.1940302e-001
 1.2151678e-001
 1.2629668e-001
 1.3229296e-001
 1.4098881e-001
 1.5319769e-001
 1.6753334e-001
 1.8579659e-001
 2.0452110e-001
 2.2270416e-001
 2.3841247e-001
 2.5108537e-001
 2.6492000e-001
 2.7694508e-001
 2.8285497e-001
 2.8572798e-001
 2.9000404e-001
 2.9517084e-001
 2.9920420e-001
 3.0291644e-001
 3.0508673e-001
 3.1040218e-001
 3.0478132e-001
 3.0911630e-001
 3.1304851e-001
 3.1642994e-001
 3.2113370e-001
 3.2867160e-001
 3.3590722e-001
 3.4447080e-001
 3.5084918e-001
 3.5691050e-001
 3.5975972e-001
 3.6334825e-001
 3.6411130e-001
 3.6377564e-001
 3.6193761e-001
 3.6133653e-001
 3.5702384e-001
 3.5682273e-001
 3.4842792e-001
 3.4813777e-001
 3.4703204e-001
 3.4466681e-001
 3.4294447e-001
 3.4112933e-001
 3.4247237e-001
 3.4080464e-001
 3.3772293e-001
 3.4222433e-001
 3.4039930e-001
 3.3758938e-001
 3.4130001e-001
 3.3949324e-001
 3.4110200e-001
 3.4223869e-001
 3.4030068e-001
 3.4119892e-001
 3.4134844e-001
 3.4287828e-001
 3.4369221e-001
 3.4338471e-001
 3.4236068e-001
 3.4208882e-001
 3.4132504e-001
 3.3978775e-001
 3.3664876e-001
 3.3608434e-001
 3.3421820e-001
 3.3188149e-001
 3.2971519e-001
 3.2631344e-001
 3.2179037e-001
 3.1942999e-001
 3.1508851e-001
 3.1193021e-001
 3.0838615e-001
 3.0516148e-001
 3.0180803e-001
 2.9648513e-001
 2.9302070e-001
 2.9036453e-001
 2.8849807e-001
 2.8429514e-001
 2.8019348e-001
 2.7841678e-001
 2.8206226e-001
 2.7976799e-001
 2.7661529e-001
 2.7606493e-001
 2.7357623e-001
 2.7301028e-001
 2.7299383e-001
 2.7233416e-001
 2.7168766e-001
 2.7245337e-001
 2.7411270e-001
 2.7564591e-001
 2.7794221e-001
 2.8276098e-001
 2.8425545e-001
 2.8568003e-001
 2.8864580e-001
 2.9199925e-001
 2.9488245e-001
 2.9713714e-001
 3.0157146e-001
 3.0402455e-001
 3.0566266e-001
 3.0772913e-001
 3.1203085e-001
 3.1235847e-001
 3.1304142e-001
 3.1332809e-001
 3.1420913e-001
 3.1616542e-001
 3.1522715e-001
 3.1495181e-001
 3.1328931e-001
 3.1270808e-001
 3.1157199e-001
 3.1130895e-001
 3.0995277e-001
 3.0966458e-001
 3.0787715e-001
 3.0638346e-001
 3.0628020e-001
 3.0322888e-001
 3.0329534e-001
 3.0309397e-001
 3.0057994e-001
 2.9882079e-001
 3.0096385e-001
 3.0086252e-001
 2.9905334e-001
 3.0022797e-001
 3.0121735e-001
 3.0062288e-001
 3.0152225e-001
 3.0438158e-001
 3.0734238e-001
 3.0415362e-001
 3.0589083e-001
 3.0543649e-001
 3.0786932e-001
 3.1007284e-001
 3.1201202e-001
 3.1027895e-001
 3.1217024e-001
 3.1408423e-001
 3.1402954e-001
 3.1396425e-001
 3.1269839e-001
 3.1133023e-001
 3.1265214e-001
 3.1117645e-001
 3.0923930e-001
 3.1156445e-001
 3.1382990e-001
 3.1402245e-001
 3.1805849e-001
 3.1783164e-001
 3.1904042e-001
 3.1930324e-001
 3.2059300e-001
 3.2007885e-001
 3.2022864e-001
 3.2457709e-001
 3.2509190e-001
 3.2110149e-001
 3.2437906e-001
 3.2744339e-001
 3.2296833e-001
 3.2424122e-001
 3.2302132e-001
 3.2345104e-001
 3.2400805e-001
 3.2250473e-001
 3.2232448e-001
 3.1774977e-001
 3.1843743e-001
 3.2110146e-001
 3.1354892e-001
 3.1236756e-001
 3.1385261e-001
 3.0968621e-001
 3.1096783e-001
 3.0840534e-001
 3.0874139e-001
 3.0952290e-001
 3.0441675e-001
 3.0576408e-001
 3.0564979e-001
 3.0212569e-001
 3.0511948e-001
 3.0292803e-001
 3.0235270e-001
 3.0405900e-001
 3.0304879e-001
 3.0223718e-001
 3.0180731e-001
 3.0244583e-001
 3.0206770e-001
 3.0227974e-001
 3.0267549e-001
 3.0196649e-001
 3.0065608e-001
 2.9967034e-001
 2.9941434e-001
 2.9999283e-001
 3.0146742e-001
 3.0325532e-001
 3.0465940e-001
 3.0523658e-001
