s07_AV97 Record=2909: Saponite SapCa-1.AcB        NIC4bbb RREF
-1.2300000e+034
-1.2300000e+034
-1.2300000e+034
-1.2300000e+034
-1.2300000e+034
-1.2300000e+034
-1.2300000e+034
-1.2300000e+034
-1.2300000e+034
-1.2300000e+034
-1.2300000e+034
-1.2300000e+034
-1.2300000e+034
-1.2300000e+034
-1.2300000e+034
-1.2300000e+034
-1.2300000e+034
-1.2300000e+034
-1.2300000e+034
-1.2300000e+034
-1.2300000e+034
-1.2300000e+034
-1.2300000e+034
-1.2300000e+034
-1.2300000e+034
-1.2300000e+034
-1.2300000e+034
-1.2300000e+034
-1.2300000e+034
-1.2300000e+034
-1.2300000e+034
-1.2300000e+034
-1.2300000e+034
-1.2300000e+034
-1.2300000e+034
-1.2300000e+034
-1.2300000e+034
-1.2300000e+034
-1.2300000e+034
-1.2300000e+034
-1.2300000e+034
-1.2300000e+034
-1.2300000e+034
-1.2300000e+034
-1.2300000e+034
-1.2300000e+034
-1.2300000e+034
-1.2300000e+034
-1.2300000e+034
-1.2300000e+034
-1.2300000e+034
-1.2300000e+034
-1.2300000e+034
-1.2300000e+034
-1.2300000e+034
-1.2300000e+034
-1.2300000e+034
-1.2300000e+034
-1.2300000e+034
-1.2300000e+034
-1.2300000e+034
-1.2300000e+034
-1.2300000e+034
-1.2300000e+034
-1.2300000e+034
-1.2300000e+034
-1.2300000e+034
-1.2300000e+034
-1.2300000e+034
-1.2300000e+034
-1.2300000e+034
-1.2300000e+034
-1.2300000e+034
-1.2300000e+034
-1.2300000e+034
-1.2300000e+034
-1.2300000e+034
-1.2300000e+034
-1.2300000e+034
-1.2300000e+034
-1.2300000e+034
-1.2300000e+034
-1.2300000e+034
-1.2300000e+034
-1.2300000e+034
-1.2300000e+034
-1.2300000e+034
-1.2300000e+034
-1.2300000e+034
-1.2300000e+034
-1.2300000e+034
-1.2300000e+034
-1.2300000e+034
-1.2300000e+034
-1.2300000e+034
-1.2300000e+034
-1.2300000e+034
-1.2300000e+034
-1.2300000e+034
-1.2300000e+034
-1.2300000e+034
-1.2300000e+034
-1.2300000e+034
-1.2300000e+034
-1.2300000e+034
-1.2300000e+034
-1.2300000e+034
-1.2300000e+034
-1.2300000e+034
 4.9888709e-001
 4.5258769e-001
 4.7189832e-001
 4.6985942e-001
 4.8223516e-001
 4.9500701e-001
 5.0257111e-001
 5.0206423e-001
 4.9735644e-001
 5.0298631e-001
 5.1119208e-001
 5.1616329e-001
 5.1989710e-001
 5.2286124e-001
 5.2497369e-001
 5.2721745e-001
 5.3026164e-001
 5.3337610e-001
 5.3636181e-001
 5.3898078e-001
 5.4124391e-001
 5.4341125e-001
 5.4583907e-001
 5.4827839e-001
 5.5061048e-001
 5.5276525e-001
 5.5449671e-001
 5.5559015e-001
 5.5643284e-001
 5.5734849e-001
 5.5858487e-001
 5.6002700e-001
 5.6061268e-001
 5.6002539e-001
 5.5917853e-001
 5.5816722e-001
 5.5678916e-001
 5.5507374e-001
 5.5351764e-001
 5.5243123e-001
 5.5133677e-001
 5.4968953e-001
 5.4767108e-001
 5.4541159e-001
 5.4294771e-001
 5.4021960e-001
 5.3673142e-001
 5.3190428e-001
 5.2165025e-001
 4.9848506e-001
 4.5092785e-001
 4.6975887e-001
 3.9546010e-001
 3.2886860e-001
 3.3333871e-001
 3.7152404e-001
 4.0789747e-001
 4.3139157e-001
 4.4436631e-001
 4.5205754e-001
 4.5924014e-001
 4.6792114e-001
 4.7784442e-001
 4.8785490e-001
 4.9688193e-001
 5.0418425e-001
 5.1031041e-001
 5.1470488e-001
 5.1708859e-001
 5.1812547e-001
 5.1775408e-001
 5.1501763e-001
 5.1191312e-001
 5.1124758e-001
 5.1051730e-001
 5.0907570e-001
 5.0849146e-001
 5.1005614e-001
 5.1119071e-001
 5.1071471e-001
 5.0968367e-001
 5.0963670e-001
 5.0972539e-001
 5.0803417e-001
 5.0626421e-001
 5.0354135e-001
 4.9785399e-001
 4.9286824e-001
 4.8865673e-001
 4.8118573e-001
 4.6576419e-001
 4.3354365e-001
 3.8540336e-001
 3.6936864e-001
 3.4029341e-001
 3.2971910e-001
 3.8123095e-001
 4.2114994e-001
 4.3169543e-001
 4.2648417e-001
 4.1322222e-001
 3.8614339e-001
 3.6742356e-001
 3.7623304e-001
 3.9516729e-001
 3.9081255e-001
 3.7853539e-001
 3.7147835e-001
 3.6487114e-001
 3.5663545e-001
 3.5218361e-001
 3.5424861e-001
 3.5417023e-001
 3.5105586e-001
 3.4829578e-001
