s07_AV97 Record=3481: Wollastonite HS348.1B        ASDFRc AREF
 6.3874328e-001
 6.4968807e-001
 6.6026855e-001
 6.6987371e-001
 6.7798448e-001
 6.8470985e-001
 6.9053710e-001
 6.9556099e-001
 6.9984227e-001
 7.0372385e-001
 7.0717186e-001
 7.1049690e-001
 7.1358007e-001
 7.1633643e-001
 7.1917206e-001
 7.2195804e-001
 7.2445667e-001
 7.2659642e-001
 7.2849393e-001
 7.3035908e-001
 7.3216635e-001
 7.3384517e-001
 7.3552513e-001
 7.3719889e-001
 7.3806882e-001
 7.3921639e-001
 7.4049890e-001
 7.4181801e-001
 7.4306768e-001
 7.4398333e-001
 7.4487400e-001
 7.4588257e-001
 7.4472582e-001
 7.4568772e-001
 7.4656522e-001
 7.4730027e-001
 7.4828947e-001
 7.4908465e-001
 7.4979049e-001
 7.5040948e-001
 7.5099689e-001
 7.5175494e-001
 7.5235116e-001
 7.5311446e-001
 7.5361234e-001
 7.5419140e-001
 7.5486588e-001
 7.5552189e-001
 7.5614804e-001
 7.5686115e-001
 7.5735980e-001
 7.5806135e-001
 7.5864393e-001
 7.5920326e-001
 7.5979519e-001
 7.6022267e-001
 7.6086229e-001
 7.6141655e-001
 7.6172620e-001
 7.6239210e-001
 7.6276034e-001
 7.6320797e-001
 7.6352328e-001
 7.6396501e-001
 7.6446342e-001
 7.6476818e-001
 7.6511115e-001
 7.6558399e-001
 7.6639467e-001
 7.6692116e-001
 7.6757693e-001
 7.6836032e-001
 7.6877230e-001
 7.6971930e-001
 7.7022403e-001
 7.7105677e-001
 7.7109998e-001
 7.7148229e-001
 7.7224046e-001
 7.7285677e-001
 7.7321458e-001
 7.7413166e-001
 7.7497375e-001
 7.7525437e-001
 7.7587730e-001
 7.7630097e-001
 7.7695084e-001
 7.7767694e-001
 7.7806127e-001
 7.7812171e-001
 7.7932727e-001
 7.8058457e-001
 7.8098541e-001
 7.8185618e-001
 7.8289771e-001
 7.8351861e-001
 7.8242850e-001
 7.8334373e-001
 7.8356332e-001
 7.8405643e-001
 7.8419006e-001
 7.8415704e-001
 7.8417313e-001
 7.8447753e-001
 7.8484088e-001
 7.8526205e-001
 7.8551859e-001
 7.8605866e-001
 7.8611690e-001
 7.8662091e-001
 7.8734100e-001
 7.8728479e-001
 7.8750670e-001
 7.8806865e-001
 7.8831267e-001
 7.8906786e-001
 7.8997535e-001
 7.9044074e-001
 7.9063821e-001
 7.9148883e-001
 7.9199231e-001
 7.9290402e-001
 7.9376709e-001
 7.9454786e-001
 7.9505867e-001
 7.9508668e-001
 7.9599965e-001
 7.9691023e-001
 7.9786915e-001
 7.9844886e-001
 7.9935294e-001
 7.9992419e-001
 8.0066347e-001
 8.0129778e-001
 8.0181849e-001
 8.0307537e-001
 8.0383831e-001
 8.0482996e-001
 8.0526668e-001
 8.0569637e-001
 8.0567735e-001
 8.0590087e-001
 8.0585444e-001
 8.0677062e-001
 8.0750138e-001
 8.0768514e-001
 8.0821794e-001
 8.0746478e-001
 8.0783457e-001
 8.0952770e-001
 8.0956978e-001
 8.1044430e-001
 8.1094891e-001
 8.1071919e-001
 8.1161892e-001
 8.1186193e-001
 8.1232399e-001
 8.1283987e-001
 8.1266457e-001
 8.1160444e-001
 8.1219417e-001
 8.0999893e-001
 8.0671459e-001
 8.0342537e-001
 8.0183589e-001
 8.0232006e-001
 8.0258763e-001
 8.0339259e-001
 8.0425173e-001
 8.0526710e-001
 8.0657232e-001
 8.0785066e-001
 8.0852854e-001
 8.0948406e-001
 8.1097859e-001
 8.1218493e-001
 8.1388128e-001
 8.1549925e-001
 8.1635517e-001
 8.1823593e-001
 8.1890327e-001
 8.1999671e-001
 8.2156277e-001
 8.2205254e-001
 8.2258970e-001
 8.2337344e-001
 8.2260054e-001
 8.2171947e-001
 8.2144201e-001
 8.2169414e-001
 8.2065272e-001
 8.1946003e-001
 8.1974030e-001
 8.1944716e-001
 8.1917936e-001
 8.1777406e-001
 8.1724417e-001
 8.1682837e-001
 8.1595802e-001
 8.1466961e-001
 8.1338495e-001
 8.1113273e-001
 8.0970931e-001
 8.0984110e-001
 8.1342071e-001
 8.1498206e-001
 8.1516278e-001
 8.1391734e-001
 8.1532961e-001
 8.1414860e-001
 8.1179804e-001
 8.1188816e-001
 8.1097388e-001
 8.0862731e-001
 8.0581933e-001
 8.0649304e-001
 8.0437481e-001
 8.0260819e-001
 7.9914445e-001
 7.9510957e-001
 7.9365814e-001
 7.9484636e-001
 7.9662001e-001
-1.2300000e+034
