s07_AV97 Record=2160: Montmorillonite SAz-1         BECKb AREF
 5.2251107e-001
 5.3221595e-001
 5.4704279e-001
 5.5619824e-001
 5.6368196e-001
 5.6983334e-001
 5.7370579e-001
 5.8006489e-001
 5.9182513e-001
 6.0217023e-001
 6.1078298e-001
 6.1900121e-001
 6.2691581e-001
 6.3584530e-001
 6.4545107e-001
 6.5262842e-001
 6.6132581e-001
 6.6884953e-001
 6.8008173e-001
 6.8994135e-001
 6.9910032e-001
 7.0961803e-001
 7.1377349e-001
 7.1902657e-001
 7.2505909e-001
 7.2924858e-001
 7.3391396e-001
 7.3963314e-001
 7.4366802e-001
 7.4937171e-001
 7.5096810e-001
 7.5391912e-001
 7.5195301e-001
 7.5195181e-001
 7.5819045e-001
 7.5457436e-001
 7.6076782e-001
 7.6151228e-001
 7.6467085e-001
 7.6783526e-001
 7.7079684e-001
 7.7277958e-001
 7.7575743e-001
 7.7627933e-001
 7.8162301e-001
 7.8017896e-001
 7.8478420e-001
 7.8491342e-001
 7.8332126e-001
 7.8842908e-001
 7.8911531e-001
 7.8472900e-001
 7.8714925e-001
 7.8863841e-001
 7.8645265e-001
 7.8173155e-001
 7.8550249e-001
 7.9146004e-001
 7.8659391e-001
 7.8577602e-001
 7.8066963e-001
 7.8441697e-001
 7.8064048e-001
 7.7581108e-001
 7.7770448e-001
 7.8097302e-001
 7.8700012e-001
 7.8894919e-001
 7.9273266e-001
 7.9455298e-001
 7.9476923e-001
 7.9525477e-001
 7.9679853e-001
 7.9927278e-001
 7.9905188e-001
 7.9993826e-001
 7.9938650e-001
 8.0126977e-001
 8.0095392e-001
 7.9937154e-001
 8.0070949e-001
 7.9676861e-001
 7.8923631e-001
 7.7628344e-001
 7.7887601e-001
 7.8422546e-001
 7.8835833e-001
 7.8791839e-001
 7.9080796e-001
 7.9168200e-001
 7.9367894e-001
 7.9339778e-001
 7.9408944e-001
 7.9653871e-001
 7.9356885e-001
 7.9420429e-001
 7.9562432e-001
 7.9340959e-001
 7.9512239e-001
 7.9219425e-001
 7.8753835e-001
 7.8326672e-001
 7.7756071e-001
 7.7148944e-001
 7.6311082e-001
 7.5438058e-001
 7.4574924e-001
 7.3354375e-001
 7.1119279e-001
 6.6765386e-001
 5.9759390e-001
 5.2637124e-001
 4.8462069e-001
 4.9565926e-001
 5.3439426e-001
 5.6142557e-001
 5.7282257e-001
 5.7613212e-001
 5.9144396e-001
 6.1180466e-001
 6.3190162e-001
 6.4725143e-001
 6.5814406e-001
 6.7118728e-001
 6.8193346e-001
 6.8894631e-001
 6.9998187e-001
 7.0452613e-001
 7.1020955e-001
 7.1506190e-001
 7.2213864e-001
 7.2253925e-001
 7.2561675e-001
 7.2978532e-001
 7.3131281e-001
 7.3442376e-001
 7.3766702e-001
 7.3663902e-001
 7.3726416e-001
 7.3676717e-001
 7.3592710e-001
 7.3383665e-001
 7.3190784e-001
 7.2629565e-001
 7.2148478e-001
 7.1493816e-001
 7.0820409e-001
 7.0007044e-001
 6.9670051e-001
 6.8700558e-001
 6.8332762e-001
 6.7991740e-001
 6.7694438e-001
 6.7688125e-001
 6.7344123e-001
 6.6563022e-001
 6.4851731e-001
 6.2644142e-001
 5.7707489e-001
 4.9652928e-001
 5.2486926e-001
 4.2561170e-001
 3.1561878e-001
 2.5612056e-001
 2.7164260e-001
 3.1081063e-001
 3.3854559e-001
 3.5572702e-001
 3.6888677e-001
 3.8405159e-001
 4.0134826e-001
 4.1899505e-001
 4.3539521e-001
 4.5157528e-001
 4.7122389e-001
 4.9365655e-001
 5.0748980e-001
 5.1795000e-001
 5.2712685e-001
 5.3358787e-001
 5.4174566e-001
 5.4613948e-001
 5.4963607e-001
 5.5745167e-001
 5.6238008e-001
 5.6618881e-001
 5.7184505e-001
 5.7845169e-001
 5.7582456e-001
 5.7194650e-001
 5.6251043e-001
 5.4359549e-001
 5.0294352e-001
 4.4797668e-001
 4.3587935e-001
 4.6253216e-001
 4.8381710e-001
 5.0355822e-001
 5.1731741e-001
 5.1888454e-001
 5.1197135e-001
 5.0023246e-001
 4.8920456e-001
 4.7468767e-001
 4.5947528e-001
 4.5056033e-001
 4.3845809e-001
 4.2343161e-001
 4.1365865e-001
 3.9564052e-001
 3.8266885e-001
 3.7121660e-001
 3.5814518e-001
 3.4658453e-001
 3.3664790e-001
 3.2681373e-001
 3.1696266e-001
 3.0735034e-001
 2.9906458e-001
 2.9041591e-001
 2.8244168e-001
 2.7500632e-001
 2.6792827e-001
 2.6113594e-001
