s07_AV97 Record=1461: Hedenbergite NMNH119197       BECKb AREF
 2.6570562e-001
 2.7855706e-001
 2.9050329e-001
 3.0237219e-001
 3.1486526e-001
 3.2847160e-001
 3.4180680e-001
 3.5233444e-001
 3.6087757e-001
 3.7215474e-001
 3.8429686e-001
 3.9630732e-001
 4.0629381e-001
 4.1757059e-001
 4.2861831e-001
 4.3684763e-001
 4.4411129e-001
 4.4926870e-001
 4.5223558e-001
 4.5349446e-001
 4.5219305e-001
 4.5008588e-001
 4.4646761e-001
 4.4169387e-001
 4.3614507e-001
 4.2963377e-001
 4.2418534e-001
 4.1794714e-001
 4.1172159e-001
 4.0597221e-001
 3.9951029e-001
 3.9321983e-001
 4.0062466e-001
 3.9426214e-001
 3.8877824e-001
 3.8323504e-001
 3.7692067e-001
 3.7087032e-001
 3.6545885e-001
 3.5965315e-001
 3.5488990e-001
 3.4999543e-001
 3.4598306e-001
 3.4281218e-001
 3.4046632e-001
 3.3839586e-001
 3.3861211e-001
 3.3904907e-001
 3.4175408e-001
 3.4466138e-001
 3.4712067e-001
 3.5104162e-001
 3.5510275e-001
 3.5765025e-001
 3.5942554e-001
 3.6023083e-001
 3.5955143e-001
 3.5642043e-001
 3.5238257e-001
 3.4921631e-001
 3.4649852e-001
 3.4338340e-001
 3.3908066e-001
 3.3787525e-001
 3.3598772e-001
 3.3573848e-001
 3.3353603e-001
 3.3398977e-001
 3.3579722e-001
 3.3474469e-001
 3.3524564e-001
 3.3385879e-001
 3.3402774e-001
 3.3473179e-001
 3.3527914e-001
 3.3653933e-001
 3.3707497e-001
 3.3899495e-001
 3.4026450e-001
 3.3985880e-001
 3.4101924e-001
 3.4291884e-001
 3.4277514e-001
 3.4436035e-001
 3.4417686e-001
 3.4644023e-001
 3.4789133e-001
 3.5052481e-001
 3.5300341e-001
 3.5606802e-001
 3.5871539e-001
 3.6136943e-001
 3.6501190e-001
 3.6868820e-001
 3.7210691e-001
 3.7699464e-001
 3.7006995e-001
 3.7466195e-001
 3.7939012e-001
 3.8301468e-001
 3.8739452e-001
 3.9204475e-001
 3.9659476e-001
 4.0152255e-001
 4.0586665e-001
 4.1070411e-001
 4.1494516e-001
 4.1953722e-001
 4.2397630e-001
 4.2892060e-001
 4.3359300e-001
 4.3757957e-001
 4.4110385e-001
 4.4554731e-001
 4.4954363e-001
 4.5284981e-001
 4.5735759e-001
 4.6126568e-001
 4.6515775e-001
 4.6877030e-001
 4.7246879e-001
 4.7506574e-001
 4.7952750e-001
 4.8310289e-001
 4.8659703e-001
 4.9016050e-001
 4.9440578e-001
 4.9700591e-001
 5.0037766e-001
 5.0341916e-001
 5.0726092e-001
 5.0925404e-001
 5.1250714e-001
 5.1503158e-001
 5.1816308e-001
 5.2190989e-001
 5.2582586e-001
 5.2906066e-001
 5.3066385e-001
 5.3208643e-001
 5.3726548e-001
 5.4202360e-001
 5.4237401e-001
 5.4558581e-001
 5.4891294e-001
 5.5344123e-001
 5.5642962e-001
 5.5807447e-001
 5.5950367e-001
 5.6381238e-001
 5.6848711e-001
 5.6797993e-001
 5.6853437e-001
 5.7010990e-001
 5.7364643e-001
 5.7659793e-001
 5.8048743e-001
 5.8038676e-001
 5.8362025e-001
 5.8575052e-001
 5.8570945e-001
 5.8622885e-001
 5.8768624e-001
 5.8737534e-001
 5.8995813e-001
 5.9351754e-001
 5.9382671e-001
 5.9495330e-001
 5.9855044e-001
 6.0327315e-001
 6.0517699e-001
 6.0641211e-001
 6.0879868e-001
 6.1078531e-001
 6.1514652e-001
 6.1722511e-001
 6.1869359e-001
 6.1998284e-001
 6.2190330e-001
 6.2433982e-001
 6.2483722e-001
 6.2534446e-001
 6.2816125e-001
 6.2916946e-001
 6.3236523e-001
 6.3494855e-001
 6.3567245e-001
 6.3584739e-001
 6.3582462e-001
 6.3491404e-001
 6.3524097e-001
 6.3686275e-001
 6.3402957e-001
 6.3602263e-001
 6.3458914e-001
 6.3532937e-001
 6.3589036e-001
 6.3757068e-001
 6.3904256e-001
 6.3950813e-001
 6.4193499e-001
 6.4480662e-001
 6.4363509e-001
 6.4812469e-001
 6.4722311e-001
 6.4653778e-001
 6.4950055e-001
 6.5192825e-001
 6.5376133e-001
 6.5648419e-001
 6.5875494e-001
 6.5872318e-001
 6.5893781e-001
 6.5953064e-001
 6.6072929e-001
 6.6275996e-001
 6.6465461e-001
 6.6535616e-001
 6.6561431e-001
 6.6705728e-001
 6.7067152e-001
 6.7522174e-001
 6.7902732e-001
 6.8096292e-001
