s07_AV97 Record=2328: Natrolite HS169.3B Zeolite   ASDFRb AREF
 5.7337260e-001
 5.8170944e-001
 5.8898520e-001
 5.9706849e-001
 6.0258073e-001
 6.0766441e-001
 6.1271483e-001
 6.1820114e-001
 6.2360054e-001
 6.2868655e-001
 6.3270646e-001
 6.3635135e-001
 6.4027095e-001
 6.4431858e-001
 6.4911515e-001
 6.5421790e-001
 6.5904409e-001
 6.6337782e-001
 6.6716528e-001
 6.7041743e-001
 6.7321944e-001
 6.7549706e-001
 6.7754418e-001
 6.7893189e-001
 6.8031615e-001
 6.8185449e-001
 6.8311596e-001
 6.8448514e-001
 6.8563825e-001
 6.8677646e-001
 6.8799204e-001
 6.8929732e-001
 6.8779171e-001
 6.8903559e-001
 6.9035906e-001
 6.9167244e-001
 6.9288772e-001
 6.9421172e-001
 6.9542569e-001
 6.9658077e-001
 6.9771004e-001
 6.9885820e-001
 7.0045686e-001
 7.0219731e-001
 7.0389259e-001
 7.0540279e-001
 7.0676118e-001
 7.0782405e-001
 7.0872468e-001
 7.0943284e-001
 7.0986807e-001
 7.0996809e-001
 7.1044225e-001
 7.1104717e-001
 7.1175474e-001
 7.1235037e-001
 7.1291739e-001
 7.1395504e-001
 7.1495765e-001
 7.1534079e-001
 7.1500766e-001
 7.1455735e-001
 7.1420246e-001
 7.1058702e-001
 7.0535833e-001
 7.0279759e-001
 7.0375431e-001
 7.0815742e-001
 7.1294129e-001
 7.1774048e-001
 7.2072178e-001
 7.2334224e-001
 7.2503799e-001
 7.2667301e-001
 7.2861189e-001
 7.2927082e-001
 7.2997415e-001
 7.3062432e-001
 7.3138845e-001
 7.3245430e-001
 7.3255748e-001
 7.3186338e-001
 7.2688967e-001
 7.1552402e-001
 7.0262468e-001
 6.9340134e-001
 6.8822318e-001
 6.9949472e-001
 7.0343709e-001
 7.0248920e-001
 7.0548570e-001
 7.0684755e-001
 7.0623934e-001
 7.0669693e-001
 7.0881295e-001
 7.1202439e-001
 7.0754451e-001
 7.1056843e-001
 7.1375442e-001
 7.1569055e-001
 7.1479076e-001
 7.1189004e-001
 7.0433617e-001
 6.8223232e-001
 6.5189046e-001
 6.4427912e-001
 6.4080024e-001
 6.4555877e-001
 6.4702141e-001
 6.3507122e-001
 6.1263758e-001
 5.7253850e-001
 5.1741248e-001
 4.6911225e-001
 4.4081733e-001
 4.2013046e-001
 3.8126019e-001
 3.9598498e-001
 4.5362985e-001
 4.5803416e-001
 4.6510869e-001
 5.0452852e-001
 5.2415818e-001
 5.3268242e-001
 5.3497702e-001
 5.3130668e-001
 5.2415073e-001
 5.2138609e-001
 5.2401221e-001
 5.2541018e-001
 5.2320373e-001
 5.2214348e-001
 5.2607185e-001
 5.3193551e-001
 5.3875476e-001
 5.4695636e-001
 5.5652750e-001
 5.6587470e-001
 5.7487309e-001
 5.8211702e-001
 5.8864087e-001
 5.9283710e-001
 5.9594482e-001
 5.9813499e-001
 5.9282041e-001
 5.9034747e-001
 5.8725762e-001
 5.6303465e-001
 5.5552810e-001
 5.7144743e-001
 5.7450855e-001
 5.6389636e-001
 5.4584605e-001
 5.4348963e-001
 5.5672681e-001
 5.6391138e-001
 5.5685204e-001
 5.3653592e-001
 4.9477571e-001
 4.1605991e-001
 4.5331633e-001
 3.5195169e-001
 2.6182112e-001
 2.0613572e-001
 1.5808861e-001
 1.0573617e-001
 6.0496837e-002
 9.0485312e-002
 1.6558206e-001
 1.9926903e-001
 2.0052281e-001
 1.8572527e-001
 1.6930693e-001
 1.6532299e-001
 1.7795770e-001
 2.0762178e-001
 2.4325378e-001
 2.6764178e-001
 2.7751863e-001
 2.7517092e-001
 2.6914898e-001
 2.7526137e-001
 3.0048475e-001
 3.3199018e-001
 3.5552099e-001
 3.6895633e-001
 3.7297428e-001
 3.6780119e-001
 3.6066329e-001
 3.5724363e-001
 3.4916416e-001
 3.2873538e-001
 3.2022956e-001
 3.4527469e-001
 3.8236865e-001
 4.1074550e-001
 4.2773089e-001
 4.3595698e-001
 4.3505892e-001
 4.2594704e-001
 4.2344305e-001
 4.3229336e-001
 4.3917489e-001
 4.3446320e-001
 4.1986281e-001
 4.0274903e-001
 3.8331667e-001
 3.6479950e-001
 3.4874678e-001
 3.2684043e-001
 3.0879486e-001
 2.9398647e-001
 2.6983398e-001
 2.2489259e-001
 1.7588967e-001
 1.4833163e-001
 1.5272751e-001
 1.7239051e-001
 1.7535833e-001
 1.8146531e-001
 2.0992924e-001
 2.4469869e-001
 2.6477852e-001
-1.2300000e+034
