s07_AV97 Record=273: Alunite RES-9 Summitv (400C)  NIC4b RREF
-1.2300000e+034
-1.2300000e+034
-1.2300000e+034
-1.2300000e+034
-1.2300000e+034
-1.2300000e+034
-1.2300000e+034
-1.2300000e+034
-1.2300000e+034
-1.2300000e+034
-1.2300000e+034
-1.2300000e+034
-1.2300000e+034
-1.2300000e+034
-1.2300000e+034
-1.2300000e+034
-1.2300000e+034
-1.2300000e+034
-1.2300000e+034
-1.2300000e+034
-1.2300000e+034
-1.2300000e+034
-1.2300000e+034
-1.2300000e+034
-1.2300000e+034
-1.2300000e+034
-1.2300000e+034
-1.2300000e+034
-1.2300000e+034
-1.2300000e+034
-1.2300000e+034
-1.2300000e+034
-1.2300000e+034
-1.2300000e+034
-1.2300000e+034
-1.2300000e+034
-1.2300000e+034
-1.2300000e+034
-1.2300000e+034
-1.2300000e+034
-1.2300000e+034
-1.2300000e+034
-1.2300000e+034
-1.2300000e+034
-1.2300000e+034
-1.2300000e+034
-1.2300000e+034
-1.2300000e+034
-1.2300000e+034
-1.2300000e+034
-1.2300000e+034
-1.2300000e+034
-1.2300000e+034
-1.2300000e+034
-1.2300000e+034
-1.2300000e+034
-1.2300000e+034
-1.2300000e+034
-1.2300000e+034
-1.2300000e+034
-1.2300000e+034
-1.2300000e+034
-1.2300000e+034
-1.2300000e+034
-1.2300000e+034
-1.2300000e+034
-1.2300000e+034
-1.2300000e+034
-1.2300000e+034
-1.2300000e+034
-1.2300000e+034
-1.2300000e+034
-1.2300000e+034
-1.2300000e+034
-1.2300000e+034
-1.2300000e+034
-1.2300000e+034
-1.2300000e+034
-1.2300000e+034
-1.2300000e+034
-1.2300000e+034
-1.2300000e+034
-1.2300000e+034
-1.2300000e+034
-1.2300000e+034
-1.2300000e+034
-1.2300000e+034
-1.2300000e+034
-1.2300000e+034
-1.2300000e+034
-1.2300000e+034
-1.2300000e+034
-1.2300000e+034
-1.2300000e+034
-1.2300000e+034
-1.2300000e+034
-1.2300000e+034
-1.2300000e+034
-1.2300000e+034
-1.2300000e+034
-1.2300000e+034
-1.2300000e+034
-1.2300000e+034
-1.2300000e+034
-1.2300000e+034
-1.2300000e+034
 4.6335626e-001
 4.5897311e-001
 4.5218155e-001
 4.4298863e-001
 4.3210176e-001
 4.2357603e-001
 4.1261643e-001
 3.9574766e-001
 3.7929589e-001
 3.8602415e-001
 3.8798669e-001
 3.8233379e-001
 3.7222490e-001
 3.6322305e-001
 3.7278417e-001
 3.8818079e-001
 3.9677349e-001
 4.0290815e-001
 4.0763897e-001
 4.1108888e-001
 4.1452813e-001
 4.1784698e-001
 4.2118064e-001
 4.2432487e-001
 4.2749751e-001
 4.3029270e-001
 4.3298277e-001
 4.3568897e-001
 4.3841642e-001
 4.4118294e-001
 4.4383568e-001
 4.4608441e-001
 4.4795519e-001
 4.4919530e-001
 4.5036671e-001
 4.5144388e-001
 4.5184255e-001
 4.5057973e-001
 4.4675934e-001
 4.4111770e-001
 4.3541026e-001
 4.3281916e-001
 4.3621889e-001
 4.4646135e-001
 4.5852152e-001
 4.6643424e-001
 4.7004700e-001
 4.7190571e-001
 4.7266769e-001
 4.7280103e-001
 4.7283217e-001
 4.7273064e-001
 4.7212753e-001
 4.7129226e-001
 4.7167069e-001
 4.7019610e-001
 4.6884567e-001
 4.6802050e-001
 4.6811005e-001
 4.6880335e-001
 4.6951821e-001
 4.6911493e-001
 4.6775609e-001
 4.6745992e-001
 4.6740592e-001
 4.6491748e-001
 4.6031132e-001
 4.5680821e-001
 4.5583585e-001
 4.5428294e-001
 4.5069104e-001
 4.4757366e-001
 4.4525725e-001
 4.4367984e-001
 4.4143400e-001
 4.3814743e-001
 4.3457612e-001
 4.2751256e-001
 4.1519007e-001
 3.9794225e-001
 3.8063347e-001
 3.6372912e-001
 3.5098782e-001
 3.4728712e-001
 3.5185486e-001
 3.6411673e-001
 3.8084179e-001
 3.8300103e-001
 3.9966947e-001
 4.2912567e-001
 4.4895846e-001
 4.5768371e-001
 4.6027216e-001
 4.6009532e-001
 4.5829600e-001
 4.5436656e-001
 4.4596577e-001
 4.2734164e-001
 4.0559870e-001
 4.0417889e-001
 4.1659549e-001
 4.2672902e-001
 4.3003771e-001
 4.2496079e-001
 4.0858683e-001
 3.8521048e-001
 3.6934650e-001
 3.6538148e-001
 3.5841751e-001
 3.4239456e-001
 3.2811582e-001
 3.2577598e-001
 3.2870921e-001
 3.2736126e-001
 3.2816538e-001
 3.2747725e-001
 3.1603840e-001
 3.0137232e-001
