s07_AV97 Record=1517: Heulandite GDS3               BECKa AREF
 8.4809160e-001
 8.5269779e-001
 8.5722274e-001
 8.6288589e-001
 8.6539292e-001
 8.6988622e-001
 8.7301862e-001
 8.7509388e-001
 8.7689084e-001
 8.7980533e-001
 8.8314956e-001
 8.8586825e-001
 8.8992310e-001
 8.9265966e-001
 8.9438248e-001
 8.9668977e-001
 8.9824551e-001
 9.0076482e-001
 9.0132904e-001
 9.0448862e-001
 9.0548384e-001
 9.0638864e-001
 9.0848863e-001
 9.1080648e-001
 9.1030645e-001
 9.1124970e-001
 9.1253370e-001
 9.1048229e-001
 9.1319311e-001
 9.1471958e-001
 9.1620600e-001
 9.1804141e-001
 9.1627693e-001
 9.1801584e-001
 9.1801518e-001
 9.1615027e-001
 9.1609377e-001
 9.1576564e-001
 9.1572720e-001
 9.1261137e-001
 9.1327685e-001
 9.1170013e-001
 9.1409516e-001
 9.1500735e-001
 9.1649854e-001
 9.1750342e-001
 9.1599989e-001
 9.1675180e-001
 9.2037559e-001
 9.1916269e-001
 9.1232091e-001
 9.1081381e-001
 9.1786456e-001
 9.2581862e-001
 9.2132634e-001
 9.1606772e-001
 9.1531163e-001
 9.1163832e-001
 9.1317534e-001
 9.0501028e-001
 9.0182453e-001
 8.8745755e-001
 8.7036723e-001
 8.5096085e-001
 8.4874922e-001
 8.6293441e-001
 8.7263137e-001
 8.8054693e-001
 8.9299977e-001
 9.0088814e-001
 9.0294290e-001
 9.0876585e-001
 9.1083896e-001
 9.1084796e-001
 9.1398835e-001
 9.0988708e-001
 9.0902060e-001
 9.0878344e-001
 9.0380555e-001
 8.9834750e-001
 8.9049345e-001
 8.7213367e-001
 8.3670390e-001
 8.0639559e-001
 7.9968268e-001
 8.1291968e-001
 8.2662910e-001
 8.3076686e-001
 8.3594000e-001
 8.4248698e-001
 8.4168983e-001
 8.4920382e-001
 8.4975034e-001
 8.4831965e-001
 8.5114628e-001
 8.4886700e-001
 8.4998006e-001
 8.5034066e-001
 8.4849840e-001
 8.4317535e-001
 8.3092088e-001
 8.1832010e-001
 8.0206990e-001
 7.8084803e-001
 7.6151866e-001
 7.4337780e-001
 7.2601312e-001
 7.0846260e-001
 6.8264747e-001
 6.4138854e-001
 5.7248694e-001
 5.0119847e-001
 4.5428312e-001
 4.4204885e-001
 4.6041477e-001
 4.9224222e-001
 5.1500899e-001
 5.2294290e-001
 5.3901929e-001
 5.6783354e-001
 5.9369653e-001
 6.1381143e-001
 6.3046473e-001
 6.4362007e-001
 6.5221965e-001
 6.6046792e-001
 6.6886353e-001
 6.7467731e-001
 6.7963368e-001
 6.8428797e-001
 6.8770343e-001
 6.8951416e-001
 6.9257945e-001
 6.9777334e-001
 6.9755346e-001
 7.0100784e-001
 7.0128471e-001
 7.0685482e-001
 7.0624918e-001
 7.0688140e-001
 7.0196134e-001
 6.9975704e-001
 6.9567299e-001
 6.8689883e-001
 6.8328840e-001
 6.6857374e-001
 6.6202015e-001
 6.6013694e-001
 6.4929527e-001
 6.4461148e-001
 6.3146687e-001
 6.2754148e-001
 6.2295020e-001
 6.1667687e-001
 6.1079109e-001
 6.0318089e-001
 5.8716995e-001
 5.5916864e-001
 5.1289445e-001
 4.4196704e-001
 4.6737048e-001
 3.7977788e-001
 2.7945027e-001
 2.0667416e-001
 1.9289336e-001
 2.1169128e-001
 2.3918876e-001
 2.6569349e-001
 2.8491634e-001
 3.0039197e-001
 3.1217954e-001
 3.2815841e-001
 3.4839857e-001
 3.6648250e-001
 3.8282222e-001
 4.0089583e-001
 4.1799301e-001
 4.3062216e-001
 4.4555959e-001
 4.5464981e-001
 4.5655426e-001
 4.6341485e-001
 4.7053018e-001
 4.7858489e-001
 4.8789558e-001
 4.9169931e-001
 5.0006348e-001
 5.0659573e-001
 5.0692767e-001
 5.1162910e-001
 5.1725161e-001
 5.1671314e-001
 5.1521349e-001
 5.2053070e-001
 5.1792997e-001
 5.1928467e-001
 5.1742589e-001
 5.1028478e-001
 5.0399482e-001
 4.9942809e-001
 4.9547455e-001
 4.8399451e-001
 4.6998006e-001
 4.5448679e-001
 4.3908241e-001
 4.2042071e-001
 4.0412739e-001
 3.8431442e-001
 3.6770728e-001
 3.4906068e-001
 3.2643464e-001
 3.0978286e-001
 2.9239729e-001
 2.7579740e-001
 2.6115441e-001
 2.4863257e-001
 2.3836327e-001
 2.3036039e-001
 2.2438397e-001
 2.1791047e-001
 2.1075293e-001
 2.0328745e-001
 1.9614327e-001
 1.8977116e-001
