s07_AV97 Record=1299: Glaucophane HS426.6          ASDFRc AREF
 1.2316839e-001
 1.2866560e-001
 1.3125014e-001
 1.3357183e-001
 1.3537227e-001
 1.3650964e-001
 1.3716106e-001
 1.3665065e-001
 1.3673395e-001
 1.3625044e-001
 1.3520713e-001
 1.3390031e-001
 1.3239354e-001
 1.3078174e-001
 1.2926282e-001
 1.2767956e-001
 1.2611583e-001
 1.2460843e-001
 1.2317792e-001
 1.2179521e-001
 1.2052991e-001
 1.1913068e-001
 1.1760782e-001
 1.1628519e-001
 1.1499446e-001
 1.1372109e-001
 1.1233356e-001
 1.1097357e-001
 1.0969508e-001
 1.0859890e-001
 1.0775652e-001
 1.0700706e-001
 1.0787231e-001
 1.0715496e-001
 1.0647321e-001
 1.0585778e-001
 1.0532197e-001
 1.0485799e-001
 1.0439479e-001
 1.0406519e-001
 1.0370340e-001
 1.0322075e-001
 1.0274788e-001
 1.0224087e-001
 1.0158398e-001
 1.0087822e-001
 1.0010632e-001
 9.9275254e-002
 9.8538101e-002
 9.7868524e-002
 9.7241744e-002
 9.6658550e-002
 9.6054949e-002
 9.5558152e-002
 9.5129274e-002
 9.4830871e-002
 9.4513647e-002
 9.4315276e-002
 9.4129875e-002
 9.3890965e-002
 9.3643077e-002
 9.3461998e-002
 9.3248047e-002
 9.2946365e-002
 9.2677727e-002
 9.2316270e-002
 9.2107937e-002
 9.1637991e-002
 9.1279559e-002
 9.0813324e-002
 9.1095492e-002
 9.0539604e-002
 9.0278000e-002
 9.0472668e-002
 9.0042397e-002
 9.0756096e-002
 9.0762697e-002
 9.1168486e-002
 9.1871321e-002
 9.2055865e-002
 9.3017772e-002
 9.3687966e-002
 9.4597995e-002
 9.5780112e-002
 9.6656978e-002
 9.7843237e-002
 9.8810978e-002
 9.9920683e-002
 1.0115924e-001
 1.0255117e-001
 1.0384279e-001
 1.0541911e-001
 1.0682759e-001
 1.0821163e-001
 1.0946831e-001
 1.1085448e-001
 1.0865888e-001
 1.1027597e-001
 1.1164525e-001
 1.1293932e-001
 1.1448033e-001
 1.1590958e-001
 1.1751434e-001
 1.1887983e-001
 1.2007932e-001
 1.2123919e-001
 1.2248453e-001
 1.2389429e-001
 1.2452736e-001
 1.2385938e-001
 1.1554071e-001
 1.0453523e-001
 1.1307939e-001
 1.2358452e-001
 1.2503074e-001
 1.2488445e-001
 1.2492000e-001
 1.2559813e-001
 1.2694710e-001
 1.2880808e-001
 1.3052981e-001
 1.3206062e-001
 1.3340305e-001
 1.3527898e-001
 1.3702732e-001
 1.3884164e-001
 1.4050944e-001
 1.4212823e-001
 1.4392306e-001
 1.4561644e-001
 1.4693937e-001
 1.4813451e-001
 1.4899527e-001
 1.4992952e-001
 1.5068939e-001
 1.5124275e-001
 1.5175112e-001
 1.5226932e-001
 1.5262356e-001
 1.5315706e-001
 1.5395442e-001
 1.5477224e-001
 1.5581384e-001
 1.5682589e-001
 1.5776004e-001
 1.5839213e-001
 1.5903600e-001
 1.5939355e-001
 1.5997215e-001
 1.6056801e-001
 1.6097341e-001
 1.6162461e-001
 1.6217847e-001
 1.6250819e-001
 1.6244730e-001
 1.6212876e-001
 1.6171737e-001
 1.6065915e-001
 1.5929154e-001
 1.5624261e-001
 1.5758012e-001
 1.5372905e-001
 1.5044278e-001
 1.4636843e-001
 1.4137013e-001
 1.3712789e-001
 1.3442984e-001
 1.3393234e-001
 1.3469696e-001
 1.3613954e-001
 1.3690618e-001
 1.3695958e-001
 1.3697842e-001
 1.3726787e-001
 1.3836613e-001
 1.4055531e-001
 1.4217092e-001
 1.4310504e-001
 1.4405236e-001
 1.4506444e-001
 1.4551415e-001
 1.4498959e-001
 1.4350280e-001
 1.4089641e-001
 1.3818964e-001
 1.3603905e-001
 1.3363883e-001
 1.3007976e-001
 1.2459246e-001
 1.1940228e-001
 1.1597122e-001
 1.1332525e-001
 1.1015771e-001
 1.0755547e-001
 1.0349023e-001
 9.7224064e-002
 9.0292372e-002
 8.4472723e-002
 7.9786919e-002
 7.6883078e-002
 7.3243290e-002
 6.8859115e-002
 6.4197943e-002
 6.0835481e-002
 5.9853461e-002
 6.0560741e-002
 6.3279398e-002
 6.6992179e-002
 6.9246039e-002
 6.9863014e-002
 6.9257103e-002
 6.8741634e-002
 6.9444902e-002
 7.1451560e-002
 7.2986685e-002
 7.3281072e-002
 7.2982095e-002
 7.1206890e-002
 6.8770163e-002
 6.7050636e-002
 6.5757602e-002
 6.4124979e-002
 6.3586935e-002
-1.2300000e+034
