s07_AV97 Record=2965: Serpentine HS318.4B           BECKc AREF
 1.0034762e-001
 1.0314485e-001
 1.0692517e-001
 1.1834665e-001
 1.1370051e-001
 1.0740227e-001
 1.0281522e-001
 9.8861091e-002
 1.0092046e-001
 1.0280256e-001
 1.1501479e-001
 1.3858475e-001
 1.5066633e-001
 1.5648314e-001
 1.6363432e-001
 1.7121449e-001
 1.7864819e-001
 1.8541333e-001
 1.8795903e-001
 1.8825589e-001
 1.8801017e-001
 1.8830235e-001
 1.8839177e-001
 1.8749659e-001
 1.8496421e-001
 1.8429989e-001
 1.8110920e-001
 1.7846209e-001
 1.7631742e-001
 1.7564152e-001
 1.7678215e-001
 1.7948048e-001
 1.7646807e-001
 1.7880611e-001
 1.8115656e-001
 1.8298465e-001
 1.8457361e-001
 1.8669963e-001
 1.8730989e-001
 1.8768919e-001
 1.8781702e-001
 1.8644333e-001
 1.8694405e-001
 1.8810911e-001
 1.8887196e-001
 1.8966202e-001
 1.9035876e-001
 1.8954839e-001
 1.8889457e-001
 1.8752101e-001
 1.8385433e-001
 1.8630129e-001
 1.8614025e-001
 1.8478319e-001
 1.8253772e-001
 1.7768234e-001
 1.7554462e-001
 1.7267893e-001
 1.7389259e-001
 1.6998377e-001
 1.7008153e-001
 1.6651429e-001
 1.6232021e-001
 1.6460314e-001
 1.6215701e-001
 1.6304103e-001
 1.6323014e-001
 1.6097252e-001
 1.6116941e-001
 1.5793638e-001
 1.6049053e-001
 1.5735312e-001
 1.5765461e-001
 1.5572710e-001
 1.5515658e-001
 1.5423119e-001
 1.5378661e-001
 1.5455872e-001
 1.5242037e-001
 1.5303797e-001
 1.5367605e-001
 1.5328211e-001
 1.5210129e-001
 1.5211387e-001
 1.5235828e-001
 1.5305521e-001
 1.5073328e-001
 1.5212274e-001
 1.5342742e-001
 1.5239583e-001
 1.5449937e-001
 1.5368405e-001
 1.5517864e-001
 1.5467326e-001
 1.5473765e-001
 1.5551268e-001
 1.5439282e-001
 1.5543625e-001
 1.5295276e-001
 1.5140149e-001
 1.5376343e-001
 1.5490885e-001
 1.5553643e-001
 1.5663300e-001
 1.5604487e-001
 1.5496752e-001
 1.4866467e-001
 1.4380820e-001
 1.4853185e-001
 1.2690344e-001
 9.7525164e-002
 1.0823641e-001
 1.3615191e-001
 1.4019613e-001
 1.4556828e-001
 1.4848742e-001
 1.5069956e-001
 1.5261184e-001
 1.5391774e-001
 1.5431035e-001
 1.5491232e-001
 1.5586911e-001
 1.5561618e-001
 1.5667212e-001
 1.5540038e-001
 1.5566358e-001
 1.5571944e-001
 1.5712541e-001
 1.5612872e-001
 1.5761413e-001
 1.5737616e-001
 1.5649514e-001
 1.5761329e-001
 1.5757859e-001
 1.5704058e-001
 1.5621114e-001
 1.5525144e-001
 1.5725577e-001
 1.5687379e-001
 1.5230949e-001
 1.5523686e-001
 1.5698954e-001
 1.5540768e-001
 1.5437920e-001
 1.5559818e-001
 1.5357977e-001
 1.5330809e-001
 1.5201491e-001
 1.5271127e-001
 1.5104704e-001
 1.5107521e-001
 1.5138343e-001
 1.4936119e-001
 1.4999683e-001
 1.4934227e-001
 1.4819592e-001
 1.4678219e-001
 1.4730497e-001
 1.4550652e-001
 1.4200382e-001
 1.4305934e-001
 1.3919018e-001
 1.3364895e-001
 1.2721343e-001
 1.2256267e-001
 1.2122279e-001
 1.1865123e-001
 1.1786902e-001
 1.1549459e-001
 1.1229721e-001
 1.1140187e-001
 1.0983698e-001
 1.1564110e-001
 1.1667805e-001
 1.1607809e-001
 1.1918749e-001
 1.2211290e-001
 1.2381491e-001
 1.3273866e-001
 1.3142286e-001
 1.2993295e-001
 1.2774780e-001
 1.2045825e-001
 1.1790273e-001
 1.1981607e-001
 1.1927918e-001
 1.1967420e-001
 1.2216265e-001
 1.2633263e-001
 1.3180961e-001
 1.3072574e-001
 1.3053398e-001
 1.3074860e-001
 1.3024722e-001
 1.2535122e-001
 1.1326420e-001
 1.0003307e-001
 8.8884324e-002
 8.7303624e-002
 7.5622514e-002
 6.5266125e-002
 6.5886043e-002
 5.9172239e-002
 5.1598236e-002
 4.8849534e-002
 4.5862649e-002
 4.4515755e-002
 5.5020403e-002
 7.3696196e-002
 6.9101498e-002
 6.2367439e-002
 6.5658160e-002
 6.3195892e-002
 6.0956106e-002
 5.9674952e-002
 5.6698177e-002
 5.4062229e-002
 5.4570980e-002
 5.6736156e-002
 5.8099344e-002
 5.6327846e-002
 5.2683979e-002
 4.9106129e-002
 4.7051005e-002
