s07_AV97 Record=258: Alunite RES-2 K Syn (450C)    NIC4a RREF
-1.2300000e+034
-1.2300000e+034
-1.2300000e+034
-1.2300000e+034
-1.2300000e+034
-1.2300000e+034
-1.2300000e+034
-1.2300000e+034
-1.2300000e+034
-1.2300000e+034
-1.2300000e+034
-1.2300000e+034
-1.2300000e+034
-1.2300000e+034
-1.2300000e+034
-1.2300000e+034
-1.2300000e+034
-1.2300000e+034
-1.2300000e+034
-1.2300000e+034
-1.2300000e+034
-1.2300000e+034
-1.2300000e+034
-1.2300000e+034
-1.2300000e+034
-1.2300000e+034
-1.2300000e+034
-1.2300000e+034
-1.2300000e+034
-1.2300000e+034
-1.2300000e+034
-1.2300000e+034
-1.2300000e+034
-1.2300000e+034
-1.2300000e+034
-1.2300000e+034
-1.2300000e+034
-1.2300000e+034
-1.2300000e+034
-1.2300000e+034
-1.2300000e+034
-1.2300000e+034
-1.2300000e+034
-1.2300000e+034
-1.2300000e+034
-1.2300000e+034
-1.2300000e+034
-1.2300000e+034
-1.2300000e+034
-1.2300000e+034
-1.2300000e+034
-1.2300000e+034
-1.2300000e+034
-1.2300000e+034
-1.2300000e+034
-1.2300000e+034
-1.2300000e+034
-1.2300000e+034
-1.2300000e+034
-1.2300000e+034
-1.2300000e+034
-1.2300000e+034
-1.2300000e+034
-1.2300000e+034
-1.2300000e+034
-1.2300000e+034
-1.2300000e+034
-1.2300000e+034
-1.2300000e+034
-1.2300000e+034
-1.2300000e+034
-1.2300000e+034
-1.2300000e+034
-1.2300000e+034
-1.2300000e+034
-1.2300000e+034
-1.2300000e+034
-1.2300000e+034
-1.2300000e+034
-1.2300000e+034
-1.2300000e+034
-1.2300000e+034
-1.2300000e+034
-1.2300000e+034
-1.2300000e+034
-1.2300000e+034
-1.2300000e+034
-1.2300000e+034
-1.2300000e+034
-1.2300000e+034
-1.2300000e+034
-1.2300000e+034
-1.2300000e+034
-1.2300000e+034
-1.2300000e+034
-1.2300000e+034
-1.2300000e+034
-1.2300000e+034
-1.2300000e+034
-1.2300000e+034
-1.2300000e+034
 4.9782690e-001
 5.0106728e-001
 5.0369126e-001
 5.0815701e-001
 5.1093483e-001
 5.1441723e-001
 5.1776809e-001
 5.2103364e-001
 5.1863426e-001
 5.1612741e-001
 5.1074398e-001
 5.0123900e-001
 4.6677265e-001
 4.7411785e-001
 4.9382713e-001
 4.8559186e-001
 4.8113564e-001
 4.4734153e-001
 4.7054675e-001
 5.1048809e-001
 5.2005720e-001
 5.2952957e-001
 5.3422964e-001
 5.3655702e-001
 5.3853947e-001
 5.4069829e-001
 5.4158986e-001
 5.4250360e-001
 5.4368591e-001
 5.4425418e-001
 5.4484481e-001
 5.4537159e-001
 5.4630864e-001
 5.4683328e-001
 5.4683983e-001
 5.4747939e-001
 5.4731655e-001
 5.4613853e-001
 5.4474509e-001
 5.4276282e-001
 5.4191440e-001
 5.4061109e-001
 5.3664577e-001
 5.2910423e-001
 5.1907152e-001
 5.0837368e-001
 5.0093430e-001
 5.0287890e-001
 5.1435995e-001
 5.3047657e-001
 5.3898555e-001
 5.4113680e-001
 5.4133749e-001
 5.4036045e-001
 5.3850985e-001
 5.3687674e-001
 5.3348762e-001
 5.2741408e-001
 5.1526183e-001
 5.1981628e-001
 5.0289351e-001
 4.8202404e-001
 4.6694401e-001
 4.6061170e-001
 4.6100086e-001
 4.6442214e-001
 4.6758705e-001
 4.7037122e-001
 4.7524965e-001
 4.8105457e-001
 4.8215827e-001
 4.7863224e-001
 4.7510776e-001
 4.7610682e-001
 4.7639826e-001
 4.7400039e-001
 4.7087657e-001
 4.6731848e-001
 4.6626890e-001
 4.6734956e-001
 4.6533498e-001
 4.5776948e-001
 4.4217029e-001
 4.1572031e-001
 3.8818341e-001
 3.7368485e-001
 3.5973883e-001
 3.4348324e-001
 3.4540603e-001
 3.4707338e-001
 3.6778915e-001
 4.0311641e-001
 3.8188559e-001
 4.3024507e-001
 4.7901943e-001
 4.8840874e-001
 4.9018186e-001
 4.8952565e-001
 4.8848280e-001
 4.8654512e-001
 4.8275709e-001
 4.7352895e-001
 4.4570345e-001
 4.1020599e-001
 4.1985029e-001
 4.4825724e-001
 4.6412539e-001
 4.6490914e-001
 4.5455328e-001
 4.2773178e-001
 3.8751063e-001
 3.6736986e-001
 3.6509514e-001
 3.4765258e-001
 3.2287058e-001
 3.2816008e-001
 3.4799194e-001
 3.3849156e-001
 3.1613210e-001
 3.3170310e-001
 3.3700028e-001
 3.0589283e-001
 2.6111701e-001
