s07_AV97 Record=2657: Prochlorite SMR-14.a 115um    NIC4a RREF
-1.2300000e+034
-1.2300000e+034
-1.2300000e+034
-1.2300000e+034
-1.2300000e+034
-1.2300000e+034
-1.2300000e+034
-1.2300000e+034
-1.2300000e+034
-1.2300000e+034
-1.2300000e+034
-1.2300000e+034
-1.2300000e+034
-1.2300000e+034
-1.2300000e+034
-1.2300000e+034
-1.2300000e+034
-1.2300000e+034
-1.2300000e+034
-1.2300000e+034
-1.2300000e+034
-1.2300000e+034
-1.2300000e+034
-1.2300000e+034
-1.2300000e+034
-1.2300000e+034
-1.2300000e+034
-1.2300000e+034
-1.2300000e+034
-1.2300000e+034
-1.2300000e+034
-1.2300000e+034
-1.2300000e+034
-1.2300000e+034
-1.2300000e+034
-1.2300000e+034
-1.2300000e+034
-1.2300000e+034
-1.2300000e+034
-1.2300000e+034
-1.2300000e+034
-1.2300000e+034
-1.2300000e+034
-1.2300000e+034
-1.2300000e+034
-1.2300000e+034
-1.2300000e+034
-1.2300000e+034
-1.2300000e+034
-1.2300000e+034
-1.2300000e+034
-1.2300000e+034
-1.2300000e+034
-1.2300000e+034
-1.2300000e+034
-1.2300000e+034
-1.2300000e+034
-1.2300000e+034
-1.2300000e+034
-1.2300000e+034
-1.2300000e+034
-1.2300000e+034
-1.2300000e+034
-1.2300000e+034
-1.2300000e+034
-1.2300000e+034
-1.2300000e+034
-1.2300000e+034
-1.2300000e+034
-1.2300000e+034
-1.2300000e+034
-1.2300000e+034
-1.2300000e+034
-1.2300000e+034
-1.2300000e+034
-1.2300000e+034
-1.2300000e+034
-1.2300000e+034
-1.2300000e+034
-1.2300000e+034
-1.2300000e+034
-1.2300000e+034
-1.2300000e+034
-1.2300000e+034
-1.2300000e+034
-1.2300000e+034
-1.2300000e+034
-1.2300000e+034
-1.2300000e+034
-1.2300000e+034
-1.2300000e+034
-1.2300000e+034
-1.2300000e+034
-1.2300000e+034
-1.2300000e+034
-1.2300000e+034
-1.2300000e+034
-1.2300000e+034
-1.2300000e+034
-1.2300000e+034
-1.2300000e+034
 1.0086542e-001
 1.0994635e-001
 1.1713908e-001
 1.2228975e-001
 1.2557432e-001
 1.2730518e-001
 1.2776177e-001
 1.2769416e-001
 1.2671368e-001
 1.2280305e-001
 1.2174124e-001
 1.2289047e-001
 1.2467759e-001
 1.2504667e-001
 1.2522826e-001
 1.2591824e-001
 1.2727562e-001
 1.2855537e-001
 1.3009852e-001
 1.3171941e-001
 1.3326047e-001
 1.3465881e-001
 1.3602196e-001
 1.3752219e-001
 1.3953334e-001
 1.4172383e-001
 1.4383593e-001
 1.4586356e-001
 1.4791173e-001
 1.5001053e-001
 1.5226011e-001
 1.5462735e-001
 1.5710619e-001
 1.5945755e-001
 1.6140391e-001
 1.6319644e-001
 1.6498715e-001
 1.6693726e-001
 1.6921364e-001
 1.7111838e-001
 1.7294079e-001
 1.7458101e-001
 1.7611569e-001
 1.7752799e-001
 1.7925611e-001
 1.8083227e-001
 1.8238382e-001
 1.8377571e-001
 1.8515798e-001
 1.8626246e-001
 1.8718433e-001
 1.8821117e-001
 1.8922636e-001
 1.9029331e-001
 1.9125846e-001
 1.9198637e-001
 1.9244781e-001
 1.9293965e-001
 1.9334489e-001
 1.9318739e-001
 1.9400913e-001
 1.9524206e-001
 1.9642657e-001
 1.9741827e-001
 1.9811358e-001
 1.9836195e-001
 1.9840555e-001
 1.9841407e-001
 1.9845508e-001
 1.9784400e-001
 1.9721888e-001
 1.9733874e-001
 1.9834122e-001
 2.0019211e-001
 2.0251819e-001
 2.0475180e-001
 2.0662536e-001
 2.0814390e-001
 2.0894745e-001
 2.0949185e-001
 2.0986100e-001
 2.0982707e-001
 2.0961918e-001
 2.0954843e-001
 2.0997036e-001
 2.1063991e-001
 2.1109854e-001
 2.1134414e-001
 2.1128824e-001
 2.1091866e-001
 2.1002820e-001
 2.0888786e-001
 2.0730379e-001
 2.0493147e-001
 2.0010841e-001
 1.9070973e-001
 1.7945749e-001
 1.7825176e-001
 1.8175471e-001
 1.8258835e-001
 1.7902623e-001
 1.7450728e-001
 1.7189902e-001
 1.6901295e-001
 1.6515629e-001
 1.6178215e-001
 1.6172573e-001
 1.6542910e-001
 1.7158288e-001
 1.7781129e-001
 1.8147641e-001
 1.8328533e-001
 1.8511800e-001
 1.8664429e-001
 1.8683574e-001
 1.8585169e-001
 1.8436044e-001
 1.8201521e-001
 1.7895359e-001
 1.7656781e-001
 1.7506403e-001
 1.7417902e-001
 1.7383710e-001
