s07_AV97 Record=1519: Heulandite GDS3              NIC4aa RREF
-1.2300000e+034
-1.2300000e+034
-1.2300000e+034
-1.2300000e+034
-1.2300000e+034
-1.2300000e+034
-1.2300000e+034
-1.2300000e+034
-1.2300000e+034
-1.2300000e+034
-1.2300000e+034
-1.2300000e+034
-1.2300000e+034
-1.2300000e+034
-1.2300000e+034
-1.2300000e+034
-1.2300000e+034
-1.2300000e+034
-1.2300000e+034
-1.2300000e+034
-1.2300000e+034
-1.2300000e+034
-1.2300000e+034
-1.2300000e+034
-1.2300000e+034
-1.2300000e+034
-1.2300000e+034
-1.2300000e+034
-1.2300000e+034
-1.2300000e+034
-1.2300000e+034
-1.2300000e+034
-1.2300000e+034
-1.2300000e+034
-1.2300000e+034
-1.2300000e+034
-1.2300000e+034
-1.2300000e+034
-1.2300000e+034
-1.2300000e+034
-1.2300000e+034
-1.2300000e+034
-1.2300000e+034
-1.2300000e+034
-1.2300000e+034
-1.2300000e+034
-1.2300000e+034
-1.2300000e+034
-1.2300000e+034
-1.2300000e+034
-1.2300000e+034
-1.2300000e+034
-1.2300000e+034
-1.2300000e+034
-1.2300000e+034
-1.2300000e+034
-1.2300000e+034
-1.2300000e+034
-1.2300000e+034
-1.2300000e+034
-1.2300000e+034
-1.2300000e+034
-1.2300000e+034
-1.2300000e+034
-1.2300000e+034
-1.2300000e+034
-1.2300000e+034
-1.2300000e+034
-1.2300000e+034
-1.2300000e+034
-1.2300000e+034
-1.2300000e+034
-1.2300000e+034
-1.2300000e+034
-1.2300000e+034
-1.2300000e+034
-1.2300000e+034
-1.2300000e+034
-1.2300000e+034
-1.2300000e+034
-1.2300000e+034
-1.2300000e+034
-1.2300000e+034
-1.2300000e+034
-1.2300000e+034
-1.2300000e+034
-1.2300000e+034
-1.2300000e+034
-1.2300000e+034
-1.2300000e+034
-1.2300000e+034
-1.2300000e+034
-1.2300000e+034
-1.2300000e+034
-1.2300000e+034
-1.2300000e+034
-1.2300000e+034
-1.2300000e+034
-1.2300000e+034
-1.2300000e+034
-1.2300000e+034
-1.2300000e+034
-1.2300000e+034
-1.2300000e+034
-1.2300000e+034
-1.2300000e+034
-1.2300000e+034
-1.2300000e+034
-1.2300000e+034
-1.2300000e+034
-1.2300000e+034
-1.2300000e+034
-1.2300000e+034
-1.2300000e+034
-1.2300000e+034
-1.2300000e+034
-1.2300000e+034
-1.2300000e+034
-1.2300000e+034
-1.2300000e+034
-1.2300000e+034
-1.2300000e+034
-1.2300000e+034
-1.2300000e+034
-1.2300000e+034
-1.2300000e+034
-1.2300000e+034
-1.2300000e+034
-1.2300000e+034
-1.2300000e+034
-1.2300000e+034
 3.1763756e-001
 3.2418627e-001
 3.3093515e-001
 3.3701718e-001
 3.4236509e-001
 3.4730315e-001
 3.5190815e-001
 3.5616288e-001
 3.5962984e-001
 3.6243489e-001
 3.6434963e-001
 3.6535516e-001
 3.6612648e-001
 3.6642432e-001
 3.6667174e-001
 3.6680043e-001
 3.6664984e-001
 3.6628196e-001
 3.6561310e-001
 3.6494160e-001
 3.6481982e-001
 3.6496097e-001
 3.6532620e-001
 3.6528784e-001
 3.6392730e-001
 3.6006835e-001
 3.5188261e-001
 3.3635280e-001
 3.0855021e-001
 3.1904766e-001
 2.7891913e-001
 2.2613005e-001
 1.8896109e-001
 1.8140274e-001
 1.9396377e-001
 2.1186696e-001
 2.2737050e-001
 2.3938522e-001
 2.4900158e-001
 2.5772417e-001
 2.6690274e-001
 2.7681404e-001
 2.8681666e-001
 2.9625958e-001
 3.0462384e-001
 3.1167364e-001
 3.1729946e-001
 3.2167602e-001
 3.2494888e-001
 3.2756469e-001
 3.2998022e-001
 3.3266190e-001
 3.3562145e-001
 3.3863425e-001
 3.4140092e-001
 3.4386328e-001
 3.4591448e-001
 3.4764722e-001
 3.4904057e-001
 3.5016063e-001
 3.5104930e-001
 3.5178614e-001
 3.5247663e-001
 3.5305849e-001
 3.5339192e-001
 3.5325056e-001
 3.5245231e-001
 3.5027921e-001
 3.4750575e-001
 3.4423614e-001
 3.4021637e-001
 3.3535457e-001
 3.2969701e-001
 3.2325479e-001
 3.1583178e-001
 3.0732012e-001
 2.9753852e-001
 2.8693625e-001
 2.7577451e-001
 2.6451343e-001
 2.5364929e-001
 2.4319437e-001
 2.3328765e-001
 2.2434722e-001
 2.1638858e-001
 2.0983610e-001
 2.0417471e-001
 1.9951850e-001
 1.9564725e-001
 1.9194016e-001
 1.8812950e-001
 1.8418987e-001
 1.8021077e-001
