s07_AV97 Record=370: Andradite NMNH113829 Garnet   BECKb AREF
 6.9169395e-002
 7.0830666e-002
 1.0279962e-001
 2.0771892e-001
 2.5061706e-001
 2.3759599e-001
 1.8092631e-001
 1.4446819e-001
 3.1705013e-001
 4.4925812e-001
 5.0687522e-001
 5.4325169e-001
 5.6988698e-001
 5.8798635e-001
 5.9909976e-001
 6.0435110e-001
 6.0263067e-001
 5.9362990e-001
 5.7613564e-001
 5.5609524e-001
 5.4414684e-001
 5.3730923e-001
 5.3809464e-001
 5.4185337e-001
 5.4395729e-001
 5.4644400e-001
 5.5231082e-001
 5.6565768e-001
 5.8415776e-001
 6.1142266e-001
 6.4265889e-001
 6.7444986e-001
 6.3741595e-001
 6.6874093e-001
 6.9480187e-001
 7.1755427e-001
 7.3095518e-001
 7.3791105e-001
 7.3959720e-001
 7.3744142e-001
 7.2709161e-001
 7.1177757e-001
 6.8950254e-001
 6.6559464e-001
 6.3788974e-001
 6.0727376e-001
 5.7828444e-001
 5.5088037e-001
 5.2798593e-001
 5.0472575e-001
 4.7874635e-001
 4.7873661e-001
 4.7620857e-001
 4.7564423e-001
 4.8307317e-001
 4.8951072e-001
 5.0241846e-001
 5.1946652e-001
 5.3599250e-001
 5.5945450e-001
 5.8171862e-001
 6.0818112e-001
 6.3369679e-001
 6.6487420e-001
 6.8601465e-001
 7.1476763e-001
 7.3886037e-001
 7.5729376e-001
 7.7762318e-001
 7.9117775e-001
 8.0620545e-001
 8.2163328e-001
 8.3055240e-001
 8.3741015e-001
 8.4215564e-001
 8.4704673e-001
 8.4952074e-001
 8.5760880e-001
 8.5901928e-001
 8.6157662e-001
 8.6536086e-001
 8.6636019e-001
 8.6940461e-001
 8.7300736e-001
 8.7516040e-001
 8.7414128e-001
 8.7565696e-001
 8.7923366e-001
 8.7876248e-001
 8.7973976e-001
 8.8108033e-001
 8.8272047e-001
 8.8420993e-001
 8.8433808e-001
 8.8395649e-001
 8.8451195e-001
 8.8344878e-001
 8.8385242e-001
 8.8471603e-001
 8.8310313e-001
 8.8291967e-001
 8.8414133e-001
 8.8276136e-001
 8.8381332e-001
 8.8237512e-001
 8.8216817e-001
 8.8047886e-001
 8.7998658e-001
 8.8279754e-001
 8.7644058e-001
 8.7286854e-001
 8.7106216e-001
 8.6479795e-001
 8.5535198e-001
 8.4996814e-001
 8.4780318e-001
 8.5174024e-001
 8.6510134e-001
 8.7505126e-001
 8.7752146e-001
 8.7907583e-001
 8.7824941e-001
 8.7802374e-001
 8.7922066e-001
 8.7928194e-001
 8.7906492e-001
 8.8045299e-001
 8.8127321e-001
 8.7972301e-001
 8.7640685e-001
 8.7570220e-001
 8.7561005e-001
 8.7614232e-001
 8.7511218e-001
 8.7305933e-001
 8.7391806e-001
 8.7095076e-001
 8.6907595e-001
 8.6789656e-001
 8.6798042e-001
 8.6344546e-001
 8.7056404e-001
 8.6312473e-001
 8.5845685e-001
 8.5752302e-001
 8.5736102e-001
 8.5932750e-001
 8.5475004e-001
 8.5669756e-001
 8.5013986e-001
 8.4827816e-001
 8.5101449e-001
 8.4825057e-001
 8.4532678e-001
 8.4691131e-001
 8.4353906e-001
 8.3997577e-001
 8.3503032e-001
 8.3562785e-001
 8.3125317e-001
 8.3380324e-001
 8.2859433e-001
 8.2742339e-001
 8.2463592e-001
 8.2659787e-001
 8.2278383e-001
 8.1677943e-001
 8.1374776e-001
 8.1554604e-001
 8.1654066e-001
 8.1039548e-001
 8.0993462e-001
 8.1020290e-001
 8.0831695e-001
 8.0827266e-001
 8.0530393e-001
 8.0279654e-001
 8.0635631e-001
 8.0459028e-001
 8.0499160e-001
 8.0402017e-001
 7.9789597e-001
 7.9522896e-001
 7.9477781e-001
 7.9427457e-001
 7.9101181e-001
 7.8634048e-001
 7.8763384e-001
 7.8292191e-001
 7.7184552e-001
 7.6818067e-001
 7.6017827e-001
 7.5038499e-001
 7.4426180e-001
 7.3938984e-001
 7.2556698e-001
 7.0797706e-001
 7.0664060e-001
 6.9826913e-001
 6.9615364e-001
 6.9489598e-001
 6.9710267e-001
 7.0948958e-001
 7.0422542e-001
 7.1167409e-001
 7.1270901e-001
 7.1039903e-001
 7.1635741e-001
 7.0580429e-001
 6.9517845e-001
 6.8007290e-001
 6.6284347e-001
 6.4883649e-001
 6.3889021e-001
 6.3421243e-001
 6.3559937e-001
 6.3984889e-001
 6.4302659e-001
 6.4398682e-001
 6.4312238e-001
 6.4033377e-001
 6.3545460e-001
 6.2826222e-001
 6.1896545e-001
