s07_AV97 Record=1147: Epidote GDS26.a 75-200um      BECKb AREF
 3.3491705e-002
 3.3962913e-002
 3.4211330e-002
 3.3905610e-002
 3.3832196e-002
 3.5905346e-002
 4.0139187e-002
 4.5867447e-002
 4.7849048e-002
 4.3336961e-002
 4.4011522e-002
 4.4961870e-002
 5.5821247e-002
 7.4652255e-002
 9.5007367e-002
 1.1166158e-001
 1.2283802e-001
 1.2858592e-001
 1.2968968e-001
 1.2703748e-001
 1.2355801e-001
 1.1984687e-001
 1.1646891e-001
 1.1413550e-001
 1.1329450e-001
 1.1457256e-001
 1.1794210e-001
 1.2305582e-001
 1.3041112e-001
 1.3949110e-001
 1.4952904e-001
 1.6000415e-001
 1.4787084e-001
 1.5791178e-001
 1.6828939e-001
 1.7719010e-001
 1.8532774e-001
 1.9247393e-001
 1.9834085e-001
 2.0407963e-001
 2.0900530e-001
 2.1461196e-001
 2.2019921e-001
 2.2582768e-001
 2.3187083e-001
 2.3710980e-001
 2.4244203e-001
 2.4662061e-001
 2.5074175e-001
 2.5359067e-001
 2.5534794e-001
 2.5681594e-001
 2.6066992e-001
 2.6018173e-001
 2.5870064e-001
 2.6090738e-001
 2.5991586e-001
 2.5598416e-001
 2.5454897e-001
 2.4952132e-001
 2.4558716e-001
 2.4336764e-001
 2.3994437e-001
 2.3761933e-001
 2.3376907e-001
 2.3178768e-001
 2.2966290e-001
 2.2875239e-001
 2.2591896e-001
 2.2709493e-001
 2.2657546e-001
 2.2758147e-001
 2.2844775e-001
 2.3068714e-001
 2.3352489e-001
 2.3792344e-001
 2.4110170e-001
 2.4704778e-001
 2.5475881e-001
 2.6278758e-001
 2.7034846e-001
 2.7847114e-001
 2.8673056e-001
 2.9637113e-001
 3.0481562e-001
 3.1444225e-001
 3.2591316e-001
 3.3816782e-001
 3.4747526e-001
 3.5836613e-001
 3.6747247e-001
 3.7691888e-001
 3.8344207e-001
 3.8950390e-001
 3.9599028e-001
 3.9913288e-001
 3.9248732e-001
 3.9780256e-001
 4.0097332e-001
 4.0426648e-001
 4.0751424e-001
 4.0932247e-001
 4.1011903e-001
 4.1264459e-001
 4.1412741e-001
 4.1507193e-001
 4.1788626e-001
 4.2100343e-001
 4.2255482e-001
 4.2258486e-001
 4.2531893e-001
 4.2893127e-001
 4.3135768e-001
 4.3252560e-001
 4.3390748e-001
 4.3568122e-001
 4.3630338e-001
 4.3765104e-001
 4.3815869e-001
 4.3637136e-001
 4.3502992e-001
 4.2990524e-001
 4.2424944e-001
 4.1818440e-001
 4.1014203e-001
 4.0444332e-001
 4.1398999e-001
 4.2842245e-001
 4.3875059e-001
 4.4792977e-001
 4.5659047e-001
 4.6369633e-001
 4.7040501e-001
 4.7511095e-001
 4.8158666e-001
 4.8699176e-001
 4.9345982e-001
 4.9877405e-001
 5.0192881e-001
 5.0457436e-001
 5.1665193e-001
 5.2425259e-001
 5.2670270e-001
 5.3284353e-001
 5.4053122e-001
 5.4804468e-001
 5.5253053e-001
 5.5691755e-001
 5.5973625e-001
 5.6723213e-001
 5.7669371e-001
 5.7868254e-001
 5.7618618e-001
 5.6267452e-001
 5.5289638e-001
 5.6508750e-001
 5.8731866e-001
 5.9487885e-001
 5.9564161e-001
 5.9714895e-001
 5.9656203e-001
 6.0213846e-001
 6.1511695e-001
 6.2358242e-001
 6.2508041e-001
 6.2469381e-001
 6.1241615e-001
 5.9725899e-001
 6.1080492e-001
 6.3777411e-001
 6.5000457e-001
 6.5156680e-001
 6.5354711e-001
 6.5657228e-001
 6.5855712e-001
 6.5752393e-001
 6.6462547e-001
 6.6536832e-001
 6.6985857e-001
 6.7257088e-001
 6.7229551e-001
 6.7173928e-001
 6.7253470e-001
 6.7361081e-001
 6.7242438e-001
 6.7422611e-001
 6.7425430e-001
 6.7022592e-001
 6.6166413e-001
 6.5252572e-001
 6.3942575e-001
 6.3243777e-001
 6.1964715e-001
 6.0478687e-001
 5.8595979e-001
 5.4702127e-001
 4.6943316e-001
 3.6622640e-001
 3.3996817e-001
 3.8795379e-001
 3.9951384e-001
 3.6876777e-001
 3.1958336e-001
 2.4961042e-001
 1.8959956e-001
 1.5037073e-001
 1.3201882e-001
 1.5986617e-001
 2.4018043e-001
 3.4685680e-001
 4.3751100e-001
 4.9177304e-001
 5.3004074e-001
 5.5618036e-001
 5.7134569e-001
 5.7736063e-001
 5.7706439e-001
 5.7326704e-001
 5.6721008e-001
 5.5683672e-001
 5.4251641e-001
 5.2616352e-001
 5.1009822e-001
 4.9618420e-001
