s07_AV97 Record=2045: Microcline HS108.3B Feldspar  BECKc AREF
 4.5115423e-001
 4.5292804e-001
 4.5798799e-001
 4.6440765e-001
 4.6961239e-001
 4.7620705e-001
 4.8358834e-001
 4.9255311e-001
 5.0112975e-001
 5.0850981e-001
 5.1647472e-001
 5.2430558e-001
 5.3042752e-001
 5.3704572e-001
 5.4312062e-001
 5.5036521e-001
 5.5715990e-001
 5.6922078e-001
 5.8511740e-001
 6.0932481e-001
 6.4037174e-001
 6.7297953e-001
 7.0025057e-001
 7.2041702e-001
 7.2937262e-001
 7.3627239e-001
 7.3859572e-001
 7.4085397e-001
 7.4353665e-001
 7.4714661e-001
 7.5135535e-001
 7.5408566e-001
 7.5080264e-001
 7.5329453e-001
 7.5631428e-001
 7.6083207e-001
 7.6300299e-001
 7.6546746e-001
 7.6919150e-001
 7.7176809e-001
 7.7423966e-001
 7.7530760e-001
 7.7534688e-001
 7.7581525e-001
 7.7761239e-001
 7.8063929e-001
 7.8049719e-001
 7.7951026e-001
 7.7848023e-001
 7.7745891e-001
 7.7901435e-001
 7.8075212e-001
 7.7883136e-001
 7.7893287e-001
 7.7885497e-001
 7.7757055e-001
 7.8079915e-001
 7.7642828e-001
 7.7539676e-001
 7.8150773e-001
 7.7570599e-001
 7.8213316e-001
 7.7965003e-001
 7.8194255e-001
 7.8014827e-001
 7.8181779e-001
 7.8085607e-001
 7.8193069e-001
 7.8030092e-001
 7.8168863e-001
 7.7930945e-001
 7.7901608e-001
 7.7952427e-001
 7.8010988e-001
 7.8065658e-001
 7.8007305e-001
 7.7853853e-001
 7.7657723e-001
 7.7941662e-001
 7.7871597e-001
 7.7735233e-001
 7.7748787e-001
 7.7647972e-001
 7.7742964e-001
 7.7656949e-001
 7.7719682e-001
 7.7850324e-001
 7.7729303e-001
 7.7632070e-001
 7.7819145e-001
 7.7554810e-001
 7.7854747e-001
 7.8002822e-001
 7.8137672e-001
 7.7924758e-001
 7.8008831e-001
 7.8008902e-001
 7.7948946e-001
 7.8049570e-001
 7.7898294e-001
 7.7975357e-001
 7.8134274e-001
 7.8088427e-001
 7.8247803e-001
 7.8062648e-001
 7.8165811e-001
 7.8029257e-001
 7.7876902e-001
 7.8299010e-001
 7.8146774e-001
 7.7728409e-001
 7.7428317e-001
 7.7098155e-001
 7.7159464e-001
 7.7065814e-001
 7.7211100e-001
 7.7358419e-001
 7.7267736e-001
 7.7511895e-001
 7.7792841e-001
 7.7992100e-001
 7.8044635e-001
 7.7882111e-001
 7.8306395e-001
 7.8497285e-001
 7.8742152e-001
 7.8647894e-001
 7.8855675e-001
 7.8869885e-001
 7.8865927e-001
 7.9011905e-001
 7.9015905e-001
 7.9083508e-001
 7.9146832e-001
 7.9233718e-001
 7.9328448e-001
 7.9260635e-001
 7.9503024e-001
 7.9501873e-001
 7.9254889e-001
 7.9115069e-001
 7.9552263e-001
 7.9347628e-001
 7.9474956e-001
 7.9239511e-001
 7.9561853e-001
 7.9446781e-001
 7.9345232e-001
 7.9480147e-001
 7.9252636e-001
 7.9456764e-001
 7.9718304e-001
 7.9397953e-001
 7.9167396e-001
 7.9467207e-001
 7.9383349e-001
 7.9645151e-001
 7.9271084e-001
 7.9195589e-001
 7.8298384e-001
 7.8737044e-001
 7.7980524e-001
 7.7523142e-001
 7.5471979e-001
 7.4134594e-001
 7.3662323e-001
 7.3511773e-001
 7.3353320e-001
 7.3781902e-001
 7.4418092e-001
 7.5213766e-001
 7.5586188e-001
 7.6042205e-001
 7.6520944e-001
 7.6986748e-001
 7.7330792e-001
 7.8060973e-001
 7.8374243e-001
 7.8270310e-001
 7.8593314e-001
 7.8668493e-001
 7.9140532e-001
 7.9275012e-001
 7.9314500e-001
 7.9615170e-001
 7.9254627e-001
 7.9399991e-001
 7.9817718e-001
 7.9632998e-001
 7.9140568e-001
 7.9297197e-001
 7.8430510e-001
 7.7966273e-001
 7.7821553e-001
 7.8167528e-001
 7.8134257e-001
 7.7798033e-001
 7.8412431e-001
 7.8423560e-001
 7.8417629e-001
 7.8115654e-001
 7.8037769e-001
 7.8616369e-001
 7.8718114e-001
 7.8419071e-001
 7.8158873e-001
 7.7741772e-001
 7.8246236e-001
 7.7589709e-001
 7.7889037e-001
 7.7965283e-001
 7.7526110e-001
 7.7151811e-001
 7.7018249e-001
 7.6855761e-001
 7.6339352e-001
 7.5688899e-001
 7.5235504e-001
 7.5033444e-001
 7.4947137e-001
 7.4909782e-001
 7.4821138e-001
 7.4580854e-001
 7.4145234e-001
