s07_AV97 Record=2270: Muscovite GDS118 Capitan      BECKa AREF
 4.1223547e-001
 4.3784150e-001
 4.6260750e-001
 4.8657033e-001
 5.0610274e-001
 5.2218658e-001
 5.3224754e-001
 5.3780204e-001
 5.4385269e-001
 5.5903345e-001
 5.6858659e-001
 5.7742923e-001
 5.8457983e-001
 5.9055829e-001
 5.9447676e-001
 5.9785581e-001
 6.0096288e-001
 6.0316968e-001
 6.0569167e-001
 6.0743147e-001
 6.0886830e-001
 6.0997587e-001
 6.1187482e-001
 6.1358130e-001
 6.1542034e-001
 6.1724734e-001
 6.1909598e-001
 6.2085605e-001
 6.2291080e-001
 6.2428528e-001
 6.2652910e-001
 6.2862009e-001
 6.2615299e-001
 6.2825763e-001
 6.3014084e-001
 6.3386971e-001
 6.3589942e-001
 6.3817060e-001
 6.4057225e-001
 6.4364457e-001
 6.4574021e-001
 6.4817989e-001
 6.5130973e-001
 6.5423208e-001
 6.5636069e-001
 6.5872914e-001
 6.5895861e-001
 6.6104341e-001
 6.5893883e-001
 6.5902358e-001
 6.5620881e-001
 6.5610909e-001
 6.5211135e-001
 6.4913636e-001
 6.4796352e-001
 6.4693350e-001
 6.4503503e-001
 6.4511305e-001
 6.4282089e-001
 6.4907300e-001
 6.4872020e-001
 6.5269923e-001
 6.5310633e-001
 6.5742606e-001
 6.5943313e-001
 6.6477042e-001
 6.6713911e-001
 6.6993779e-001
 6.7132139e-001
 6.7039537e-001
 6.7317688e-001
 6.7297906e-001
 6.7296588e-001
 6.7429078e-001
 6.7205226e-001
 6.7196697e-001
 6.6982758e-001
 6.7009723e-001
 6.6957521e-001
 6.6971248e-001
 6.7014366e-001
 6.6922951e-001
 6.6874450e-001
 6.6904515e-001
 6.7015082e-001
 6.7037642e-001
 6.7213780e-001
 6.7537963e-001
 6.7463869e-001
 6.7743105e-001
 6.7966402e-001
 6.8327200e-001
 6.8426323e-001
 6.8661505e-001
 6.8977207e-001
 6.9285023e-001
 6.8849421e-001
 6.9165361e-001
 6.9488436e-001
 6.9771779e-001
 7.0056850e-001
 7.0298761e-001
 7.0608974e-001
 7.0911223e-001
 7.1191913e-001
 7.1636558e-001
 7.2083902e-001
 7.2304964e-001
 7.2359878e-001
 7.1972680e-001
 7.0585662e-001
 6.6109711e-001
 6.2126642e-001
 6.4664441e-001
 6.9460058e-001
 7.2395664e-001
 7.3671621e-001
 7.4200886e-001
 7.4560106e-001
 7.4899900e-001
 7.5309372e-001
 7.5546706e-001
 7.5934112e-001
 7.6238215e-001
 7.6315087e-001
 7.6612681e-001
 7.6923722e-001
 7.7031362e-001
 7.7212137e-001
 7.7203470e-001
 7.7403986e-001
 7.7427006e-001
 7.7488750e-001
 7.7649784e-001
 7.7637231e-001
 7.7788109e-001
 7.7971053e-001
 7.7961028e-001
 7.7979231e-001
 7.7970266e-001
 7.8127539e-001
 7.8183353e-001
 7.8196532e-001
 7.8127867e-001
 7.8074521e-001
 7.8100926e-001
 7.7942580e-001
 7.8028023e-001
 7.7751780e-001
 7.8027499e-001
 7.7821690e-001
 7.7661848e-001
 7.7609056e-001
 7.7532518e-001
 7.7610373e-001
 7.7433228e-001
 7.7239645e-001
 7.7044368e-001
 7.6311618e-001
 7.4635327e-001
 7.5247711e-001
 7.3551357e-001
 7.2052598e-001
 7.0239449e-001
 6.9322467e-001
 6.9490248e-001
 6.9989496e-001
 7.0587599e-001
 7.1147144e-001
 7.1714795e-001
 7.2459972e-001
 7.2917753e-001
 7.3203850e-001
 7.3656791e-001
 7.4237055e-001
 7.4373072e-001
 7.5100583e-001
 7.5069714e-001
 7.4937654e-001
 7.5105065e-001
 7.5172961e-001
 7.4950999e-001
 7.4571329e-001
 7.3885792e-001
 7.3278564e-001
 7.3061168e-001
 7.3075134e-001
 7.2797865e-001
 7.1610677e-001
 6.9587523e-001
 6.6808516e-001
 6.1869287e-001
 5.5985594e-001
 5.2629620e-001
 5.3473210e-001
 5.6662238e-001
 5.8532453e-001
 6.0238314e-001
 6.3165826e-001
 6.5585291e-001
 6.6316342e-001
 6.6259998e-001
 6.6127348e-001
 6.4953202e-001
 6.2890708e-001
 6.0355484e-001
 5.7826829e-001
 5.6117308e-001
 5.5668652e-001
 5.5784607e-001
 5.5986631e-001
 5.6131285e-001
 5.6383789e-001
 5.6310606e-001
 5.5710232e-001
 5.4638058e-001
 5.3558004e-001
 5.2984685e-001
 5.2941000e-001
 5.3244090e-001
 5.3747094e-001
 5.4316568e-001
 5.4827684e-001
 5.5198067e-001
