s07_AV97 Record=1611: Hypersthene PYX02.e 34um    NIC4cbb RREF
-1.2300000e+034
-1.2300000e+034
-1.2300000e+034
-1.2300000e+034
-1.2300000e+034
-1.2300000e+034
-1.2300000e+034
-1.2300000e+034
-1.2300000e+034
-1.2300000e+034
-1.2300000e+034
-1.2300000e+034
-1.2300000e+034
-1.2300000e+034
-1.2300000e+034
-1.2300000e+034
-1.2300000e+034
-1.2300000e+034
-1.2300000e+034
-1.2300000e+034
-1.2300000e+034
-1.2300000e+034
-1.2300000e+034
-1.2300000e+034
-1.2300000e+034
-1.2300000e+034
-1.2300000e+034
-1.2300000e+034
-1.2300000e+034
-1.2300000e+034
-1.2300000e+034
-1.2300000e+034
-1.2300000e+034
-1.2300000e+034
-1.2300000e+034
-1.2300000e+034
-1.2300000e+034
-1.2300000e+034
-1.2300000e+034
-1.2300000e+034
-1.2300000e+034
-1.2300000e+034
-1.2300000e+034
-1.2300000e+034
-1.2300000e+034
-1.2300000e+034
-1.2300000e+034
-1.2300000e+034
-1.2300000e+034
-1.2300000e+034
-1.2300000e+034
-1.2300000e+034
-1.2300000e+034
-1.2300000e+034
-1.2300000e+034
-1.2300000e+034
-1.2300000e+034
-1.2300000e+034
-1.2300000e+034
-1.2300000e+034
-1.2300000e+034
-1.2300000e+034
-1.2300000e+034
-1.2300000e+034
-1.2300000e+034
-1.2300000e+034
-1.2300000e+034
-1.2300000e+034
-1.2300000e+034
-1.2300000e+034
-1.2300000e+034
-1.2300000e+034
-1.2300000e+034
-1.2300000e+034
-1.2300000e+034
-1.2300000e+034
-1.2300000e+034
-1.2300000e+034
-1.2300000e+034
-1.2300000e+034
-1.2300000e+034
-1.2300000e+034
-1.2300000e+034
-1.2300000e+034
-1.2300000e+034
-1.2300000e+034
-1.2300000e+034
-1.2300000e+034
-1.2300000e+034
-1.2300000e+034
-1.2300000e+034
-1.2300000e+034
-1.2300000e+034
-1.2300000e+034
-1.2300000e+034
-1.2300000e+034
-1.2300000e+034
-1.2300000e+034
-1.2300000e+034
-1.2300000e+034
-1.2300000e+034
-1.2300000e+034
-1.2300000e+034
-1.2300000e+034
-1.2300000e+034
-1.2300000e+034
-1.2300000e+034
-1.2300000e+034
-1.2300000e+034
-1.2300000e+034
-1.2300000e+034
-1.2300000e+034
-1.2300000e+034
-1.2300000e+034
-1.2300000e+034
-1.2300000e+034
-1.2300000e+034
-1.2300000e+034
-1.2300000e+034
-1.2300000e+034
-1.2300000e+034
-1.2300000e+034
-1.2300000e+034
-1.2300000e+034
-1.2300000e+034
-1.2300000e+034
-1.2300000e+034
 3.5069242e-001
 3.3914617e-001
 3.2711178e-001
 3.1571364e-001
 3.0529752e-001
 2.9477325e-001
 2.8481057e-001
 2.7545378e-001
 2.6600420e-001
 2.5793496e-001
 2.4973689e-001
 2.4281770e-001
 2.3592149e-001
 2.2984390e-001
 2.2367577e-001
 2.1822263e-001
 2.1271977e-001
 2.0834063e-001
 2.0445748e-001
 2.0061861e-001
 1.9739500e-001
 1.9399969e-001
 1.9090901e-001
 1.8854834e-001
 1.8635777e-001
 1.8447857e-001
 1.8300040e-001
 1.8197899e-001
 1.8100798e-001
 1.8070558e-001
 1.8047258e-001
 1.7998531e-001
 1.8062533e-001
 1.8036079e-001
 1.8118183e-001
 1.8206252e-001
 1.8344112e-001
 1.8542615e-001
 1.8773532e-001
 1.9019687e-001
 1.9284384e-001
 1.9554967e-001
 1.9875427e-001
 2.0254792e-001
 2.0657973e-001
 2.1147086e-001
 2.1665564e-001
 2.2229643e-001
 2.2843827e-001
 2.3455471e-001
 2.4099599e-001
 2.4782716e-001
 2.5485611e-001
 2.6244462e-001
 2.7038872e-001
 2.7898341e-001
 2.8814536e-001
 2.9744798e-001
 3.0729616e-001
 3.1732041e-001
 3.2755685e-001
 3.3731058e-001
 3.4711194e-001
 3.5679376e-001
 3.6629954e-001
 3.7567732e-001
 3.8528872e-001
 3.9473024e-001
 4.0415251e-001
 4.1360912e-001
 4.2304537e-001
 4.3199950e-001
 4.3921149e-001
 4.4461018e-001
 4.4584289e-001
 4.5052403e-001
 4.4904286e-001
 4.5338386e-001
 4.6663275e-001
 4.7763181e-001
 4.8604825e-001
 4.9277869e-001
 4.9810588e-001
 5.0025338e-001
 5.0235426e-001
 5.0838238e-001
 5.1569635e-001
 5.1917034e-001
 5.2022743e-001
 5.2122432e-001
 5.2195024e-001
 5.2208012e-001
 5.2242935e-001
 5.2397221e-001
 5.2474958e-001
 5.2437752e-001
 5.2525383e-001
