s07_AV97 Record=1488: Hematite GDS69.d 30-45um      BECKb AREF
 7.8909531e-002
 8.1676207e-002
 8.4534228e-002
 8.6907364e-002
 8.8228747e-002
 8.8934086e-002
 8.9017697e-002
 8.8575065e-002
 8.6978205e-002
 8.5355997e-002
 8.3766818e-002
 8.2572170e-002
 8.1829503e-002
 8.1023261e-002
 8.0249988e-002
 8.0105387e-002
 8.0423675e-002
 8.0877811e-002
 8.0707692e-002
 8.0313258e-002
 7.9525694e-002
 7.8526795e-002
 7.7721216e-002
 7.7270634e-002
 7.6724738e-002
 7.6427162e-002
 7.5967886e-002
 7.5446457e-002
 7.5062439e-002
 7.5167462e-002
 7.4863277e-002
 7.5021908e-002
 7.4849941e-002
 7.5018473e-002
 7.5119346e-002
 7.5753711e-002
 7.6103695e-002
 7.7341683e-002
 7.8685924e-002
 7.9375133e-002
 7.9914413e-002
 7.9694167e-002
 7.8580923e-002
 7.8473151e-002
 7.6709293e-002
 7.6523855e-002
 7.4954584e-002
 7.4568167e-002
 7.3727943e-002
 7.3440373e-002
 7.2942950e-002
 7.2163574e-002
 7.5856805e-002
 7.7608801e-002
 7.5600781e-002
 7.4035011e-002
 7.1831748e-002
 7.7625051e-002
 7.4619815e-002
 7.4201941e-002
 7.4124292e-002
 7.6243289e-002
 7.6415181e-002
 7.7771880e-002
 7.9895958e-002
 8.5543066e-002
 8.7314546e-002
 9.2774086e-002
 9.8720185e-002
 1.0100865e-001
 1.0618073e-001
 1.1143883e-001
 1.1463981e-001
 1.1902465e-001
 1.2298779e-001
 1.2834874e-001
 1.3271706e-001
 1.3689514e-001
 1.4158608e-001
 1.4475536e-001
 1.4875396e-001
 1.5560931e-001
 1.5976821e-001
 1.6323949e-001
 1.6694374e-001
 1.6869046e-001
 1.7344502e-001
 1.7517304e-001
 1.7684621e-001
 1.7789754e-001
 1.7943849e-001
 1.7841339e-001
 1.7870659e-001
 1.7931396e-001
 1.7960615e-001
 1.8087864e-001
 1.7906363e-001
 1.8031035e-001
 1.8084773e-001
 1.7984118e-001
 1.7971189e-001
 1.7997608e-001
 1.7888778e-001
 1.7899986e-001
 1.7969008e-001
 1.7931943e-001
 1.7879958e-001
 1.7854606e-001
 1.8006359e-001
 1.8001223e-001
 1.7966738e-001
 1.8166131e-001
 1.8008198e-001
 1.8065558e-001
 1.8118352e-001
 1.8152155e-001
 1.8162397e-001
 1.8194497e-001
 1.8233144e-001
 1.8274744e-001
 1.8374868e-001
 1.8474145e-001
 1.8612054e-001
 1.8443218e-001
 1.8503425e-001
 1.8461989e-001
 1.8435085e-001
 1.8572403e-001
 1.8624988e-001
 1.8778779e-001
 1.8927996e-001
 1.8927833e-001
 1.8919778e-001
 1.9038074e-001
 1.9066276e-001
 1.9131537e-001
 1.9013679e-001
 1.9287424e-001
 1.9297984e-001
 1.9342749e-001
 1.9520120e-001
 1.9554448e-001
 1.9754717e-001
 1.9843005e-001
 1.9777228e-001
 1.9865631e-001
 1.9799957e-001
 2.0005752e-001
 2.0171736e-001
 2.0485172e-001
 2.0436218e-001
 2.0133491e-001
 2.0504241e-001
 2.0422173e-001
 2.0487425e-001
 2.0572594e-001
 2.0835263e-001
 2.0720515e-001
 2.1036710e-001
 2.0959005e-001
 2.1087761e-001
 2.0804745e-001
 2.0919374e-001
 2.0987549e-001
 2.1278441e-001
 2.1443532e-001
 2.1383634e-001
 2.1592444e-001
 2.1760492e-001
 2.1811529e-001
 2.1986438e-001
 2.2105266e-001
 2.2129141e-001
 2.2095115e-001
 2.2075659e-001
 2.2218038e-001
 2.2638808e-001
 2.2558941e-001
 2.2583462e-001
 2.2979338e-001
 2.3401596e-001
 2.3496145e-001
 2.3119137e-001
 2.3623729e-001
 2.3773663e-001
 2.3580652e-001
 2.3723620e-001
 2.3781110e-001
 2.3645429e-001
 2.3717700e-001
 2.4017383e-001
 2.3926033e-001
 2.4081303e-001
 2.4068712e-001
 2.4424057e-001
 2.4517903e-001
 2.4630354e-001
 2.4699789e-001
 2.4807952e-001
 2.4904774e-001
 2.4864610e-001
 2.4988541e-001
 2.4984276e-001
 2.4669744e-001
 2.5402296e-001
 2.5415716e-001
 2.5808027e-001
 2.5706977e-001
 2.5720832e-001
 2.5805885e-001
 2.5499928e-001
 2.5695309e-001
 2.5816050e-001
 2.5863752e-001
 2.5967744e-001
 2.6210797e-001
 2.6458752e-001
 2.6544532e-001
 2.6512185e-001
 2.6480579e-001
 2.6547500e-001
 2.6686144e-001
 2.6844817e-001
 2.6981035e-001
