s07_AV97 Record=1755: Jarosite WS368 (Pb)           BECKc AREF
 2.9470194e-002
 3.3757236e-002
 3.8567364e-002
 4.6131384e-002
 5.6241579e-002
 6.7603499e-002
 7.7035055e-002
 8.4155038e-002
 9.7617753e-002
 1.1679316e-001
 1.3672443e-001
 1.5873960e-001
 1.8298106e-001
 2.0786171e-001
 2.3083606e-001
 2.5063246e-001
 2.6852530e-001
 2.8459761e-001
 2.9935414e-001
 3.1321824e-001
 3.2664451e-001
 3.4118575e-001
 3.5584047e-001
 3.7089953e-001
 3.8650611e-001
 4.0226549e-001
 4.1762909e-001
 4.3064481e-001
 4.4192913e-001
 4.5167631e-001
 4.5913610e-001
 4.6484238e-001
 4.5813960e-001
 4.6378255e-001
 4.6913022e-001
 4.7265747e-001
 4.7705898e-001
 4.7956756e-001
 4.8191059e-001
 4.8277867e-001
 4.8291355e-001
 4.8181298e-001
 4.8008209e-001
 4.7778064e-001
 4.7407019e-001
 4.7072101e-001
 4.6575284e-001
 4.6191511e-001
 4.5580983e-001
 4.4999933e-001
 4.4532856e-001
 4.4019502e-001
 4.3481874e-001
 4.3099901e-001
 4.2767200e-001
 4.2408982e-001
 4.2086539e-001
 4.1866818e-001
 4.1831541e-001
 4.1964796e-001
 4.1873327e-001
 4.1926116e-001
 4.1951984e-001
 4.2372546e-001
 4.2541561e-001
 4.3022832e-001
 4.3286055e-001
 4.3825835e-001
 4.4341698e-001
 4.4754371e-001
 4.5178330e-001
 4.5733091e-001
 4.6197805e-001
 4.6641392e-001
 4.7114164e-001
 4.7653648e-001
 4.8084006e-001
 4.8468989e-001
 4.8962715e-001
 4.9414191e-001
 4.9846905e-001
 5.0294960e-001
 5.0610566e-001
 5.1015544e-001
 5.1460588e-001
 5.1915729e-001
 5.2361131e-001
 5.2806473e-001
 5.3306001e-001
 5.3808147e-001
 5.4296303e-001
 5.4795331e-001
 5.5222404e-001
 5.5707109e-001
 5.6254452e-001
 5.6720465e-001
 5.5945092e-001
 5.6506819e-001
 5.6968963e-001
 5.7427442e-001
 5.7945561e-001
 5.8424199e-001
 5.8868092e-001
 5.9281856e-001
 5.9793240e-001
 6.0242045e-001
 6.0630488e-001
 6.1086959e-001
 6.1429685e-001
 6.1730254e-001
 6.2070554e-001
 6.2289077e-001
 6.2610161e-001
 6.2830126e-001
 6.2948996e-001
 6.3141668e-001
 6.3126260e-001
 6.2921280e-001
 6.2479210e-001
 6.2663722e-001
 6.2945831e-001
 6.3203430e-001
 6.3368535e-001
 6.3555861e-001
 6.3741583e-001
 6.3867795e-001
 6.4084089e-001
 6.4303130e-001
 6.4485586e-001
 6.4479607e-001
 6.4542603e-001
 6.4663756e-001
 6.4706910e-001
 6.4697462e-001
 6.4701807e-001
 6.4816695e-001
 6.4776617e-001
 6.4808965e-001
 6.4678568e-001
 6.4698172e-001
 6.4670461e-001
 6.4747596e-001
 6.4488685e-001
 6.4566904e-001
 6.4386910e-001
 6.4399415e-001
 6.4122593e-001
 6.4055628e-001
 6.3851804e-001
 6.3841295e-001
 6.3882154e-001
 6.3520682e-001
 6.3108003e-001
 6.2917024e-001
 6.2788630e-001
 6.2150115e-001
 6.1488146e-001
 6.1467022e-001
 6.1560196e-001
 6.1870712e-001
 6.1735475e-001
 6.2090981e-001
 6.2176681e-001
 6.2029338e-001
 6.1862314e-001
 6.1768687e-001
 6.1550081e-001
 6.1410493e-001
 6.1272490e-001
 6.1651087e-001
 6.1882144e-001
 6.1799395e-001
 6.1824715e-001
 6.1779004e-001
 6.1927754e-001
 6.1830610e-001
 6.1975586e-001
 6.1865532e-001
 6.1761761e-001
 6.1858529e-001
 6.1673510e-001
 6.1570448e-001
 6.1559975e-001
 6.1523670e-001
 6.1602008e-001
 6.1500323e-001
 6.1216837e-001
 6.0781711e-001
 6.0454160e-001
 5.9855944e-001
 5.9244192e-001
 5.8697873e-001
 5.7898802e-001
 5.7521349e-001
 5.6945890e-001
 5.6904876e-001
 5.6613064e-001
 5.5685729e-001
 5.4253781e-001
 5.2962112e-001
 5.2918601e-001
 5.2955234e-001
 5.3550828e-001
 5.4790127e-001
 5.5701035e-001
 5.6126106e-001
 5.6568593e-001
 5.6664169e-001
 5.6645000e-001
 5.6191826e-001
 5.5524343e-001
 5.5428970e-001
 5.5210954e-001
 5.4772335e-001
 5.4284763e-001
 5.3917867e-001
 5.3521556e-001
 5.2899516e-001
 5.2246130e-001
 5.1673412e-001
 5.1426965e-001
 5.1341033e-001
 5.1182365e-001
 5.0800133e-001
