s07_AV97 Record=1608: Hypersthene PYX02.d 23um    NIC4cbb RREF
-1.2300000e+034
-1.2300000e+034
-1.2300000e+034
-1.2300000e+034
-1.2300000e+034
-1.2300000e+034
-1.2300000e+034
-1.2300000e+034
-1.2300000e+034
-1.2300000e+034
-1.2300000e+034
-1.2300000e+034
-1.2300000e+034
-1.2300000e+034
-1.2300000e+034
-1.2300000e+034
-1.2300000e+034
-1.2300000e+034
-1.2300000e+034
-1.2300000e+034
-1.2300000e+034
-1.2300000e+034
-1.2300000e+034
-1.2300000e+034
-1.2300000e+034
-1.2300000e+034
-1.2300000e+034
-1.2300000e+034
-1.2300000e+034
-1.2300000e+034
-1.2300000e+034
-1.2300000e+034
-1.2300000e+034
-1.2300000e+034
-1.2300000e+034
-1.2300000e+034
-1.2300000e+034
-1.2300000e+034
-1.2300000e+034
-1.2300000e+034
-1.2300000e+034
-1.2300000e+034
-1.2300000e+034
-1.2300000e+034
-1.2300000e+034
-1.2300000e+034
-1.2300000e+034
-1.2300000e+034
-1.2300000e+034
-1.2300000e+034
-1.2300000e+034
-1.2300000e+034
-1.2300000e+034
-1.2300000e+034
-1.2300000e+034
-1.2300000e+034
-1.2300000e+034
-1.2300000e+034
-1.2300000e+034
-1.2300000e+034
-1.2300000e+034
-1.2300000e+034
-1.2300000e+034
-1.2300000e+034
-1.2300000e+034
-1.2300000e+034
-1.2300000e+034
-1.2300000e+034
-1.2300000e+034
-1.2300000e+034
-1.2300000e+034
-1.2300000e+034
-1.2300000e+034
-1.2300000e+034
-1.2300000e+034
-1.2300000e+034
-1.2300000e+034
-1.2300000e+034
-1.2300000e+034
-1.2300000e+034
-1.2300000e+034
-1.2300000e+034
-1.2300000e+034
-1.2300000e+034
-1.2300000e+034
-1.2300000e+034
-1.2300000e+034
-1.2300000e+034
-1.2300000e+034
-1.2300000e+034
-1.2300000e+034
-1.2300000e+034
-1.2300000e+034
-1.2300000e+034
-1.2300000e+034
-1.2300000e+034
-1.2300000e+034
-1.2300000e+034
-1.2300000e+034
-1.2300000e+034
-1.2300000e+034
-1.2300000e+034
-1.2300000e+034
-1.2300000e+034
-1.2300000e+034
-1.2300000e+034
-1.2300000e+034
-1.2300000e+034
-1.2300000e+034
-1.2300000e+034
-1.2300000e+034
-1.2300000e+034
-1.2300000e+034
-1.2300000e+034
-1.2300000e+034
-1.2300000e+034
-1.2300000e+034
-1.2300000e+034
-1.2300000e+034
-1.2300000e+034
-1.2300000e+034
-1.2300000e+034
-1.2300000e+034
-1.2300000e+034
-1.2300000e+034
-1.2300000e+034
-1.2300000e+034
-1.2300000e+034
-1.2300000e+034
-1.2300000e+034
 3.7082225e-001
 3.6689612e-001
 3.6266106e-001
 3.5788915e-001
 3.5301718e-001
 3.4839058e-001
 3.4366983e-001
 3.3926055e-001
 3.3526593e-001
 3.3094540e-001
 3.2672557e-001
 3.2269460e-001
 3.1879956e-001
 3.1525549e-001
 3.1213138e-001
 3.0932334e-001
 3.0671370e-001
 3.0438942e-001
 3.0209571e-001
 3.0004320e-001
 2.9819778e-001
 2.9673263e-001
 2.9580057e-001
 2.9524189e-001
 2.9492953e-001
 2.9504490e-001
 2.9514119e-001
 2.9540855e-001
 2.9596969e-001
 2.9669264e-001
 2.9642695e-001
 2.9741821e-001
 2.9880103e-001
 3.0067903e-001
 3.0306610e-001
 3.0600470e-001
 3.0910113e-001
 3.1227300e-001
 3.1577832e-001
 3.1949529e-001
 3.2344314e-001
 3.2787552e-001
 3.3287504e-001
 3.3826697e-001
 3.4390068e-001
 3.5000944e-001
 3.5622060e-001
 3.6256301e-001
 3.6903048e-001
 3.7548712e-001
 3.8196862e-001
 3.8883135e-001
 3.9592507e-001
 4.0330195e-001
 4.1080776e-001
 4.1854814e-001
 4.2636183e-001
 4.3428868e-001
 4.4210279e-001
 4.4945365e-001
 4.5641658e-001
 4.6322507e-001
 4.6958235e-001
 4.7583872e-001
 4.8189396e-001
 4.8789558e-001
 4.9373171e-001
 4.9951389e-001
 5.0467604e-001
 5.0854915e-001
 5.1106429e-001
 5.1003939e-001
 5.1185918e-001
 5.0904590e-001
 5.1187611e-001
 5.2293926e-001
 5.3159028e-001
 5.3762746e-001
 5.4219037e-001
 5.4504716e-001
 5.4518718e-001
 5.4561251e-001
 5.5003309e-001
 5.5580324e-001
 5.5865788e-001
 5.5974883e-001
 5.6090432e-001
 5.6190139e-001
 5.6230921e-001
 5.6288803e-001
 5.6470281e-001
 5.6558752e-001
 5.6539243e-001
 5.6219047e-001
