s07_AV97 Record=287: Alunite SUSTDA-20            NIC4bb RREF
-1.2300000e+034
-1.2300000e+034
-1.2300000e+034
-1.2300000e+034
-1.2300000e+034
-1.2300000e+034
-1.2300000e+034
-1.2300000e+034
-1.2300000e+034
-1.2300000e+034
-1.2300000e+034
-1.2300000e+034
-1.2300000e+034
-1.2300000e+034
-1.2300000e+034
-1.2300000e+034
-1.2300000e+034
-1.2300000e+034
-1.2300000e+034
-1.2300000e+034
-1.2300000e+034
-1.2300000e+034
-1.2300000e+034
-1.2300000e+034
-1.2300000e+034
-1.2300000e+034
-1.2300000e+034
-1.2300000e+034
-1.2300000e+034
-1.2300000e+034
-1.2300000e+034
-1.2300000e+034
-1.2300000e+034
-1.2300000e+034
-1.2300000e+034
-1.2300000e+034
-1.2300000e+034
-1.2300000e+034
-1.2300000e+034
-1.2300000e+034
-1.2300000e+034
-1.2300000e+034
-1.2300000e+034
-1.2300000e+034
-1.2300000e+034
-1.2300000e+034
-1.2300000e+034
-1.2300000e+034
-1.2300000e+034
-1.2300000e+034
-1.2300000e+034
-1.2300000e+034
-1.2300000e+034
-1.2300000e+034
-1.2300000e+034
-1.2300000e+034
-1.2300000e+034
-1.2300000e+034
-1.2300000e+034
-1.2300000e+034
-1.2300000e+034
-1.2300000e+034
-1.2300000e+034
-1.2300000e+034
-1.2300000e+034
-1.2300000e+034
-1.2300000e+034
-1.2300000e+034
-1.2300000e+034
-1.2300000e+034
-1.2300000e+034
-1.2300000e+034
-1.2300000e+034
-1.2300000e+034
-1.2300000e+034
-1.2300000e+034
-1.2300000e+034
-1.2300000e+034
-1.2300000e+034
-1.2300000e+034
-1.2300000e+034
-1.2300000e+034
-1.2300000e+034
-1.2300000e+034
-1.2300000e+034
-1.2300000e+034
-1.2300000e+034
-1.2300000e+034
-1.2300000e+034
-1.2300000e+034
-1.2300000e+034
-1.2300000e+034
-1.2300000e+034
-1.2300000e+034
-1.2300000e+034
-1.2300000e+034
-1.2300000e+034
-1.2300000e+034
-1.2300000e+034
-1.2300000e+034
-1.2300000e+034
-1.2300000e+034
-1.2300000e+034
-1.2300000e+034
-1.2300000e+034
-1.2300000e+034
-1.2300000e+034
-1.2300000e+034
 7.7071923e-001
 7.5908333e-001
 7.4539840e-001
 7.3006564e-001
 7.1037787e-001
 6.7762738e-001
 6.2376171e-001
 6.2041199e-001
 6.4652342e-001
 6.4143425e-001
 6.2362880e-001
 6.0817850e-001
 5.8051920e-001
 6.1540544e-001
 6.4670771e-001
 6.5609467e-001
 6.6812241e-001
 6.7727101e-001
 6.8198097e-001
 6.8798852e-001
 6.9336480e-001
 6.9740164e-001
 7.0132518e-001
 7.0584285e-001
 7.1044219e-001
 7.1516871e-001
 7.1915889e-001
 7.2224772e-001
 7.2446334e-001
 7.2633660e-001
 7.2820097e-001
 7.2988594e-001
 7.3117435e-001
 7.3112416e-001
 7.2798502e-001
 7.1924895e-001
 7.0437372e-001
 6.8830061e-001
 6.7462641e-001
 6.7003781e-001
 6.7802852e-001
 7.0063192e-001
 7.2626173e-001
 7.4299628e-001
 7.4920851e-001
 7.5105023e-001
 7.5104737e-001
 7.5012344e-001
 7.4957883e-001
 7.4786264e-001
 7.4445319e-001
 7.4103868e-001
 7.4229133e-001
 7.3761839e-001
 7.3234445e-001
 7.2855389e-001
 7.2693795e-001
 7.2756171e-001
 7.2843355e-001
 7.2661072e-001
 7.2233766e-001
 7.1962941e-001
 7.1724558e-001
 7.1008211e-001
 6.9973433e-001
 6.9307059e-001
 6.9123167e-001
 6.8754202e-001
 6.8071270e-001
 6.7506385e-001
 6.7092806e-001
 6.6773725e-001
 6.6482919e-001
 6.5983421e-001
 6.5341187e-001
 6.4645439e-001
 6.3510096e-001
 6.1328912e-001
 5.8201277e-001
 5.5024695e-001
 5.2485812e-001
 5.1554453e-001
 5.2093869e-001
 5.3854996e-001
 5.7083130e-001
 5.8724159e-001
 5.7937479e-001
 6.2145668e-001
 6.6117895e-001
 6.8687737e-001
 6.9323117e-001
 6.9303608e-001
 6.8978161e-001
 6.8321931e-001
 6.6957837e-001
 6.3888747e-001
 5.9502673e-001
 5.8340329e-001
 6.0208303e-001
 6.2621051e-001
 6.3799280e-001
 6.3107121e-001
 6.0577554e-001
 5.6631249e-001
 5.4021317e-001
 5.3307390e-001
 5.2847248e-001
 5.0645077e-001
 4.6958837e-001
 4.5152369e-001
 4.5905456e-001
 4.6614668e-001
 4.6323442e-001
 4.6232799e-001
 4.5457497e-001
 4.4217059e-001
