s07_AV97 Record=2492: Olivine KI4143 Fo41 <60um     BECKb AREF
 1.1912394e-001
 1.4021346e-001
 1.6206574e-001
 1.7853971e-001
 1.9577701e-001
 2.1298100e-001
 2.2274476e-001
 2.3242085e-001
 2.3715582e-001
 2.4180682e-001
 2.5248867e-001
 2.6742068e-001
 2.7782977e-001
 2.8478301e-001
 3.0247191e-001
 3.1823254e-001
 3.2896727e-001
 3.4247768e-001
 3.5597518e-001
 3.6630186e-001
 3.7275901e-001
 3.7782118e-001
 3.8120338e-001
 3.8369679e-001
 3.8484070e-001
 3.8608623e-001
 3.8919026e-001
 3.9340684e-001
 4.0006003e-001
 4.0498605e-001
 4.0913999e-001
 4.0890989e-001
 4.0891898e-001
 4.0921041e-001
 4.0795437e-001
 4.0609038e-001
 4.0392485e-001
 3.9890116e-001
 3.9470404e-001
 3.8807476e-001
 3.8145909e-001
 3.7465855e-001
 3.6572310e-001
 3.5937306e-001
 3.4975669e-001
 3.3912390e-001
 3.3019283e-001
 3.1985605e-001
 3.1037137e-001
 3.0373093e-001
 2.9677379e-001
 2.8454426e-001
 2.7196482e-001
 2.6917952e-001
 2.6127967e-001
 2.5590894e-001
 2.5536156e-001
 2.5163525e-001
 2.4560086e-001
 2.4516857e-001
 2.3769380e-001
 2.3429546e-001
 2.2928765e-001
 2.2933410e-001
 2.2192909e-001
 2.1766326e-001
 2.1478276e-001
 2.0934261e-001
 2.0448074e-001
 2.0109050e-001
 1.9973272e-001
 1.9739504e-001
 1.9632950e-001
 1.9098078e-001
 1.9069090e-001
 1.8993607e-001
 1.9121678e-001
 1.9115366e-001
 1.9596659e-001
 1.9858724e-001
 2.0200615e-001
 2.0322078e-001
 2.0628576e-001
 2.0875305e-001
 2.1129462e-001
 2.1167313e-001
 2.1578291e-001
 2.1698029e-001
 2.1867523e-001
 2.2029026e-001
 2.2173989e-001
 2.2436760e-001
 2.2270079e-001
 2.2700791e-001
 2.2707656e-001
 2.2647168e-001
 2.2681026e-001
 2.2755143e-001
 2.2855173e-001
 2.3067054e-001
 2.3180468e-001
 2.3546852e-001
 2.3798867e-001
 2.3834987e-001
 2.4139091e-001
 2.4623160e-001
 2.4936268e-001
 2.5314501e-001
 2.5896323e-001
 2.6422006e-001
 2.6819038e-001
 2.7449745e-001
 2.7971941e-001
 2.8794777e-001
 2.9395953e-001
 3.0248341e-001
 3.0827087e-001
 3.1676570e-001
 3.2418570e-001
 3.3085912e-001
 3.3948636e-001
 3.4769720e-001
 3.5420835e-001
 3.6346087e-001
 3.7007961e-001
 3.8124004e-001
 3.8740024e-001
 3.9768279e-001
 4.0527704e-001
 4.1289318e-001
 4.2327186e-001
 4.2934045e-001
 4.3560153e-001
 4.4250914e-001
 4.4781679e-001
 4.5700240e-001
 4.6376389e-001
 4.6985763e-001
 4.7586063e-001
 4.8077494e-001
 4.8655125e-001
 4.9190462e-001
 4.9502453e-001
 5.0093687e-001
 5.0356603e-001
 5.0797546e-001
 5.0983191e-001
 5.1609355e-001
 5.2212006e-001
 5.2066100e-001
 5.2535599e-001
 5.2606165e-001
 5.2395487e-001
 5.3137428e-001
 5.3076321e-001
 5.2878982e-001
 5.3143138e-001
 5.3672445e-001
 5.4023570e-001
 5.3908134e-001
 5.3966874e-001
 5.3872770e-001
 5.3781688e-001
 5.3709382e-001
 5.4120034e-001
 5.4333258e-001
 5.4190701e-001
 5.4039419e-001
 5.4392916e-001
 5.4605997e-001
 5.4520148e-001
 5.4840386e-001
 5.4709256e-001
 5.4682159e-001
 5.4825819e-001
 5.5080456e-001
 5.5296570e-001
 5.5340385e-001
 5.5500251e-001
 5.5157322e-001
 5.5285847e-001
 5.5493671e-001
 5.5695993e-001
 5.6008220e-001
 5.5878437e-001
 5.6061023e-001
 5.6204575e-001
 5.6281471e-001
 5.6117904e-001
 5.5776393e-001
 5.5583858e-001
 5.5889529e-001
 5.5610877e-001
 5.5260533e-001
 5.5500203e-001
 5.5579424e-001
 5.5382472e-001
 5.4924953e-001
 5.4974592e-001
 5.5045485e-001
 5.5052227e-001
 5.4727536e-001
 5.4969186e-001
 5.5090487e-001
 5.5338204e-001
 5.5811363e-001
 5.6115341e-001
 5.6173134e-001
 5.6086487e-001
 5.6125450e-001
 5.6372982e-001
 5.6222355e-001
 5.6336033e-001
 5.6282771e-001
 5.6102449e-001
 5.6080985e-001
 5.6154066e-001
 5.6179231e-001
 5.6153858e-001
 5.6126463e-001
 5.6140649e-001
 5.6185883e-001
 5.6241047e-001
 5.6285816e-001
