s07_AV97 Record=2975: Serpentine HS8.3B             BECKc AREF
 2.2313875e-001
 2.2515576e-001
 2.2771603e-001
 2.3142432e-001
 2.3311672e-001
 2.3587677e-001
 2.3979118e-001
 2.4345295e-001
 2.4515493e-001
 2.4929187e-001
 2.5537619e-001
 2.6315811e-001
 2.6755780e-001
 2.7046415e-001
 2.7331594e-001
 2.7380767e-001
 2.7224728e-001
 2.7056402e-001
 2.6913059e-001
 2.6690513e-001
 2.6508442e-001
 2.6332670e-001
 2.6036423e-001
 2.5702515e-001
 2.5347465e-001
 2.4992056e-001
 2.4631526e-001
 2.4321920e-001
 2.3985122e-001
 2.3647216e-001
 2.3383546e-001
 2.3114653e-001
 2.3424931e-001
 2.3169169e-001
 2.2965683e-001
 2.2771987e-001
 2.2578880e-001
 2.2465335e-001
 2.2426128e-001
 2.2392084e-001
 2.2423832e-001
 2.2506785e-001
 2.2672409e-001
 2.2933343e-001
 2.3150182e-001
 2.3331630e-001
 2.3442301e-001
 2.3478957e-001
 2.3491445e-001
 2.3306583e-001
 2.3173884e-001
 2.3123012e-001
 2.3450543e-001
 2.2849137e-001
 2.2631189e-001
 2.2727419e-001
 2.2339350e-001
 2.2298738e-001
 2.1986629e-001
 2.2161202e-001
 2.2183810e-001
 2.2033332e-001
 2.2110517e-001
 2.2342946e-001
 2.2279732e-001
 2.2297765e-001
 2.2300158e-001
 2.2088990e-001
 2.2135666e-001
 2.2142111e-001
 2.2122262e-001
 2.2095665e-001
 2.1866606e-001
 2.1804580e-001
 2.1715850e-001
 2.1669947e-001
 2.1521258e-001
 2.1534173e-001
 2.1502256e-001
 2.1483135e-001
 2.1477202e-001
 2.1565367e-001
 2.1532659e-001
 2.1651663e-001
 2.1661964e-001
 2.1556161e-001
 2.1773110e-001
 2.1959694e-001
 2.1869522e-001
 2.2108938e-001
 2.2132081e-001
 2.2194460e-001
 2.2311856e-001
 2.2475052e-001
 2.2533295e-001
 2.2555193e-001
 2.2506477e-001
 2.2527049e-001
 2.2582532e-001
 2.2675391e-001
 2.2836874e-001
 2.3002745e-001
 2.3083471e-001
 2.3191397e-001
 2.3183307e-001
 2.3285314e-001
 2.3178032e-001
 2.2996219e-001
 2.2714621e-001
 2.0596768e-001
 1.9745897e-001
 2.0828746e-001
 2.2627796e-001
 2.3338276e-001
 2.3527797e-001
 2.3708385e-001
 2.3932491e-001
 2.4047080e-001
 2.4115178e-001
 2.4193157e-001
 2.4128294e-001
 2.4165186e-001
 2.4256022e-001
 2.4219571e-001
 2.4187635e-001
 2.4374524e-001
 2.4292487e-001
 2.4422573e-001
 2.4363779e-001
 2.4339022e-001
 2.4311821e-001
 2.4416652e-001
 2.4309291e-001
 2.4314985e-001
 2.4397160e-001
 2.4384212e-001
 2.4264702e-001
 2.4258718e-001
 2.4283655e-001
 2.4134549e-001
 2.4407001e-001
 2.4399164e-001
 2.4376136e-001
 2.4162571e-001
 2.4278364e-001
 2.4352415e-001
 2.4129052e-001
 2.3991975e-001
 2.4072210e-001
 2.3869015e-001
 2.3956856e-001
 2.3808901e-001
 2.3748744e-001
 2.3618910e-001
 2.3780993e-001
 2.3730572e-001
 2.3606345e-001
 2.3632915e-001
 2.3404983e-001
 2.2949938e-001
 2.3093331e-001
 2.2869751e-001
 2.2640313e-001
 2.2100525e-001
 2.1950340e-001
 2.1877314e-001
 2.1950932e-001
 2.1763957e-001
 2.1511804e-001
 2.1489032e-001
 2.1479987e-001
 2.1368758e-001
 2.1635334e-001
 2.1803617e-001
 2.1817201e-001
 2.2005510e-001
 2.2169031e-001
 2.2223349e-001
 2.2513400e-001
 2.2195759e-001
 2.2213936e-001
 2.1776384e-001
 2.1253097e-001
 2.1406509e-001
 2.1720763e-001
 2.1635357e-001
 2.1419114e-001
 2.1640909e-001
 2.1711867e-001
 2.1848081e-001
 2.1604262e-001
 2.1903731e-001
 2.1746072e-001
 2.1485135e-001
 2.1389191e-001
 2.0824705e-001
 2.0127574e-001
 1.9204953e-001
 1.8824230e-001
 1.8089958e-001
 1.7143719e-001
 1.6634534e-001
 1.5548716e-001
 1.4589751e-001
 1.3183205e-001
 1.3094001e-001
 1.4094225e-001
 1.6022296e-001
 1.7872068e-001
 1.7577256e-001
 1.6797790e-001
 1.6294245e-001
 1.6123147e-001
 1.5960269e-001
 1.5698943e-001
 1.5371722e-001
 1.5052931e-001
 1.4819607e-001
 1.4691932e-001
 1.4621302e-001
 1.4592114e-001
 1.4531803e-001
 1.4360224e-001
 1.4044370e-001
