s07_AV97 Record=1294: Glaucophane HS426.3B          BECKc AREF
 7.1390443e-002
 7.5127862e-002
 8.0155924e-002
 8.3803236e-002
 8.9310303e-002
 9.5288701e-002
 9.9869922e-002
 1.0278403e-001
 1.0553630e-001
 1.0814587e-001
 1.0933981e-001
 1.0958544e-001
 1.0877419e-001
 1.0721841e-001
 1.0602820e-001
 1.0468854e-001
 1.0386559e-001
 1.0175359e-001
 1.0177271e-001
 1.0133385e-001
 1.0108555e-001
 1.0075834e-001
 9.9205621e-002
 9.9241346e-002
 9.8766789e-002
 9.8036297e-002
 9.7616382e-002
 9.8070584e-002
 9.8111622e-002
 9.8207794e-002
 9.8958530e-002
 1.0035705e-001
 9.8647527e-002
 1.0006815e-001
 1.0095324e-001
 1.0274599e-001
 1.0416114e-001
 1.0721967e-001
 1.0913464e-001
 1.1209355e-001
 1.1546423e-001
 1.1782391e-001
 1.1998266e-001
 1.2344152e-001
 1.2368099e-001
 1.2369229e-001
 1.2582149e-001
 1.2642297e-001
 1.2609868e-001
 1.2789185e-001
 1.2911054e-001
 1.3037835e-001
 1.2824616e-001
 1.2875274e-001
 1.3088508e-001
 1.3194381e-001
 1.3570882e-001
 1.3666391e-001
 1.3960701e-001
 1.4182459e-001
 1.4580967e-001
 1.4515765e-001
 1.4472723e-001
 1.4812252e-001
 1.5085576e-001
 1.5196627e-001
 1.5133427e-001
 1.5505183e-001
 1.5572019e-001
 1.5991023e-001
 1.6321537e-001
 1.6640326e-001
 1.6810608e-001
 1.7220305e-001
 1.7747234e-001
 1.8068816e-001
 1.8653083e-001
 1.9182828e-001
 1.9771729e-001
 2.0494987e-001
 2.1177693e-001
 2.2035366e-001
 2.2668903e-001
 2.3640676e-001
 2.4262689e-001
 2.5118244e-001
 2.5824988e-001
 2.6892421e-001
 2.7690539e-001
 2.8531453e-001
 2.9391605e-001
 3.0249363e-001
 3.1050968e-001
 3.1851128e-001
 3.2675770e-001
 3.3206487e-001
 3.2265389e-001
 3.2895717e-001
 3.3759543e-001
 3.4361294e-001
 3.4933710e-001
 3.5711157e-001
 3.6314920e-001
 3.6705127e-001
 3.7691495e-001
 3.8296226e-001
 3.8791618e-001
 3.9237824e-001
 3.9668816e-001
 3.9871225e-001
 3.6296585e-001
 3.1165907e-001
 3.5337761e-001
 4.0057451e-001
 4.1012812e-001
 4.1174352e-001
 4.1310054e-001
 4.1643158e-001
 4.2244551e-001
 4.3064490e-001
 4.3483388e-001
 4.3887025e-001
 4.4338864e-001
 4.4611543e-001
 4.5353481e-001
 4.5901108e-001
 4.6335301e-001
 4.6879640e-001
 4.7271845e-001
 4.7762591e-001
 4.8052368e-001
 4.8299423e-001
 4.8447087e-001
 4.8883626e-001
 4.9153948e-001
 4.9431562e-001
 4.9369338e-001
 4.9656749e-001
 4.9829224e-001
 4.9937809e-001
 5.0423360e-001
 5.0132775e-001
 5.0859118e-001
 5.0897717e-001
 5.1331389e-001
 5.1465970e-001
 5.1547521e-001
 5.1706481e-001
 5.1871669e-001
 5.1931483e-001
 5.2224314e-001
 5.2513474e-001
 5.2461803e-001
 5.2340293e-001
 5.2546465e-001
 5.2297121e-001
 5.2313787e-001
 5.1946229e-001
 5.1877284e-001
 5.1146477e-001
 5.1522732e-001
 5.0554812e-001
 4.9852931e-001
 4.8551562e-001
 4.7593442e-001
 4.6720433e-001
 4.5997030e-001
 4.6194997e-001
 4.6429017e-001
 4.6767274e-001
 4.7459292e-001
 4.7369257e-001
 4.7312859e-001
 4.7355622e-001
 4.7797903e-001
 4.8346898e-001
 4.8809698e-001
 4.8812670e-001
 4.8795050e-001
 4.9228895e-001
 4.9485010e-001
 4.9306425e-001
 4.8906696e-001
 4.8392808e-001
 4.8266289e-001
 4.7761220e-001
 4.7418827e-001
 4.6790904e-001
 4.5513305e-001
 4.4340631e-001
 4.3922684e-001
 4.3518463e-001
 4.2796966e-001
 4.1855004e-001
 4.0544698e-001
 3.9063460e-001
 3.7003452e-001
 3.4763524e-001
 3.3052623e-001
 3.1611851e-001
 2.9994431e-001
 2.7466109e-001
 2.2503030e-001
 2.0158738e-001
 1.9333643e-001
 2.0816621e-001
 2.4013078e-001
 2.6928890e-001
 2.8660721e-001
 2.8573659e-001
 2.7341378e-001
 2.6826954e-001
 2.7671930e-001
 2.9079682e-001
 3.0276310e-001
 3.0739716e-001
 3.0575213e-001
 3.0048606e-001
 2.9427862e-001
 2.8724024e-001
 2.8134257e-001
 2.7704898e-001
 2.7464753e-001
 2.7410570e-001
