s07_AV97 Record=3040: Spessartine WS480 Garnet     NIC4cc RREF
-1.2300000e+034
-1.2300000e+034
-1.2300000e+034
-1.2300000e+034
-1.2300000e+034
-1.2300000e+034
-1.2300000e+034
-1.2300000e+034
-1.2300000e+034
-1.2300000e+034
-1.2300000e+034
-1.2300000e+034
-1.2300000e+034
-1.2300000e+034
-1.2300000e+034
-1.2300000e+034
-1.2300000e+034
-1.2300000e+034
-1.2300000e+034
-1.2300000e+034
-1.2300000e+034
-1.2300000e+034
-1.2300000e+034
-1.2300000e+034
-1.2300000e+034
-1.2300000e+034
-1.2300000e+034
-1.2300000e+034
-1.2300000e+034
-1.2300000e+034
-1.2300000e+034
-1.2300000e+034
-1.2300000e+034
-1.2300000e+034
-1.2300000e+034
-1.2300000e+034
-1.2300000e+034
-1.2300000e+034
-1.2300000e+034
-1.2300000e+034
-1.2300000e+034
-1.2300000e+034
-1.2300000e+034
-1.2300000e+034
-1.2300000e+034
-1.2300000e+034
-1.2300000e+034
-1.2300000e+034
-1.2300000e+034
-1.2300000e+034
-1.2300000e+034
-1.2300000e+034
-1.2300000e+034
-1.2300000e+034
-1.2300000e+034
-1.2300000e+034
-1.2300000e+034
-1.2300000e+034
-1.2300000e+034
-1.2300000e+034
-1.2300000e+034
-1.2300000e+034
-1.2300000e+034
-1.2300000e+034
-1.2300000e+034
-1.2300000e+034
-1.2300000e+034
-1.2300000e+034
-1.2300000e+034
-1.2300000e+034
-1.2300000e+034
-1.2300000e+034
-1.2300000e+034
-1.2300000e+034
-1.2300000e+034
-1.2300000e+034
-1.2300000e+034
-1.2300000e+034
-1.2300000e+034
-1.2300000e+034
-1.2300000e+034
-1.2300000e+034
-1.2300000e+034
-1.2300000e+034
-1.2300000e+034
-1.2300000e+034
-1.2300000e+034
-1.2300000e+034
-1.2300000e+034
-1.2300000e+034
-1.2300000e+034
-1.2300000e+034
-1.2300000e+034
-1.2300000e+034
-1.2300000e+034
-1.2300000e+034
-1.2300000e+034
-1.2300000e+034
-1.2300000e+034
-1.2300000e+034
-1.2300000e+034
-1.2300000e+034
-1.2300000e+034
-1.2300000e+034
-1.2300000e+034
-1.2300000e+034
-1.2300000e+034
-1.2300000e+034
-1.2300000e+034
-1.2300000e+034
-1.2300000e+034
-1.2300000e+034
-1.2300000e+034
-1.2300000e+034
-1.2300000e+034
-1.2300000e+034
-1.2300000e+034
-1.2300000e+034
-1.2300000e+034
-1.2300000e+034
-1.2300000e+034
-1.2300000e+034
-1.2300000e+034
-1.2300000e+034
-1.2300000e+034
-1.2300000e+034
-1.2300000e+034
-1.2300000e+034
-1.2300000e+034
-1.2300000e+034
-1.2300000e+034
 3.2159990e-001
 3.2692543e-001
 3.3281782e-001
 3.3794034e-001
 3.4241509e-001
 3.4650254e-001
 3.5011786e-001
 3.5352179e-001
 3.5642758e-001
 3.5930115e-001
 3.6201558e-001
 3.6464763e-001
 3.6740249e-001
 3.7020719e-001
 3.7297744e-001
 3.7589526e-001
 3.7867010e-001
 3.8119328e-001
 3.8392913e-001
 3.8683990e-001
 3.8975897e-001
 3.9282444e-001
 3.9587030e-001
 3.9889419e-001
 4.0181598e-001
 4.0409550e-001
 4.0647164e-001
 4.0917423e-001
 4.1121790e-001
 4.1056815e-001
 4.1285527e-001
 4.1548559e-001
 4.1782886e-001
 4.1984349e-001
 4.2163774e-001
 4.2320725e-001
 4.2454112e-001
 4.2576742e-001
 4.2706254e-001
 4.2831773e-001
 4.2958048e-001
 4.3092063e-001
 4.3197322e-001
 4.3248487e-001
 4.3279085e-001
 4.3285766e-001
 4.3264952e-001
 4.3233001e-001
 4.3207189e-001
 4.3188724e-001
 4.3181154e-001
 4.3181205e-001
 4.3165869e-001
 4.3131837e-001
 4.3077758e-001
 4.2979878e-001
 4.2869988e-001
 4.2760259e-001
 4.2634529e-001
 4.2517087e-001
 4.2418411e-001
 4.2332649e-001
 4.2267054e-001
 4.2220953e-001
 4.2188597e-001
 4.2144403e-001
 4.2081594e-001
 4.1998461e-001
 4.1938785e-001
 4.1864777e-001
 4.1790929e-001
 4.1706651e-001
 4.1610691e-001
 4.1540548e-001
 4.1534275e-001
 4.1521004e-001
 4.1518506e-001
 4.1522741e-001
 4.1544962e-001
 4.1563299e-001
 4.1582915e-001
 4.1635588e-001
 4.1647294e-001
 4.1673505e-001
 4.1676864e-001
 4.1684511e-001
 4.1700259e-001
 4.1738546e-001
 4.1809088e-001
 4.1904083e-001
 4.2012691e-001
 4.2120963e-001
 4.2245343e-001
