s07_AV97 Record=1809: Kaolinite KGa-1 (wxl)         BECKb AREF
 5.2823371e-001
 5.8171123e-001
 6.2213027e-001
 6.5584099e-001
 6.8269169e-001
 7.0512283e-001
 7.2494411e-001
 7.4383283e-001
 7.5947160e-001
 7.7250832e-001
 7.8463942e-001
 7.9599625e-001
 8.0682755e-001
 8.1729013e-001
 8.2726634e-001
 8.3728933e-001
 8.4565085e-001
 8.5407555e-001
 8.6038768e-001
 8.6696023e-001
 8.7222838e-001
 8.7815791e-001
 8.8285720e-001
 8.8853997e-001
 8.9392161e-001
 8.9827889e-001
 9.0242016e-001
 9.0648550e-001
 9.1004688e-001
 9.1365820e-001
 9.1815156e-001
 9.2150730e-001
 9.1745055e-001
 9.2075312e-001
 9.2420870e-001
 9.2834437e-001
 9.2992383e-001
 9.3434852e-001
 9.3694109e-001
 9.3961000e-001
 9.4086474e-001
 9.4372451e-001
 9.4577181e-001
 9.4582111e-001
 9.4798809e-001
 9.4803011e-001
 9.4798684e-001
 9.5029002e-001
 9.5468104e-001
 9.5635545e-001
 9.5793301e-001
 9.5688903e-001
 9.5407146e-001
 9.5764166e-001
 9.5694023e-001
 9.5307946e-001
 9.5577377e-001
 9.5460463e-001
 9.5765603e-001
 9.6144640e-001
 9.5444983e-001
 9.5321769e-001
 9.4670755e-001
 9.4196570e-001
 9.4831759e-001
 9.6120512e-001
 9.6300507e-001
 9.6525902e-001
 9.6423912e-001
 9.6621877e-001
 9.6566689e-001
 9.6754408e-001
 9.6633899e-001
 9.6658707e-001
 9.6709561e-001
 9.6705014e-001
 9.6745950e-001
 9.6840477e-001
 9.6742296e-001
 9.6678299e-001
 9.6845996e-001
 9.6860850e-001
 9.6856123e-001
 9.6689683e-001
 9.6799845e-001
 9.6843100e-001
 9.7131449e-001
 9.6814537e-001
 9.6503794e-001
 9.6509039e-001
 9.5915073e-001
 9.5091736e-001
 9.4688809e-001
 9.4932145e-001
 9.5387948e-001
 9.5463449e-001
 9.5160919e-001
 9.5440602e-001
 9.5260006e-001
 9.4149315e-001
 9.2777765e-001
 9.1621566e-001
 9.0658170e-001
 8.9925414e-001
 8.9333051e-001
 8.8795412e-001
 8.5802746e-001
 8.4694409e-001
 8.3551770e-001
 7.8009254e-001
 7.0575804e-001
 7.0988947e-001
 7.0233023e-001
 8.4003431e-001
 9.0729159e-001
 9.2639846e-001
 9.3556124e-001
 9.4400471e-001
 9.4825405e-001
 9.5124447e-001
 9.5100063e-001
 9.5376974e-001
 9.5711797e-001
 9.6009010e-001
 9.6166527e-001
 9.6310711e-001
 9.6072578e-001
 9.6206415e-001
 9.6164411e-001
 9.6077025e-001
 9.6394616e-001
 9.6333998e-001
 9.6539903e-001
 9.6252942e-001
 9.6023232e-001
 9.6082932e-001
 9.6124160e-001
 9.5945191e-001
 9.5472491e-001
 9.5572501e-001
 9.5619512e-001
 9.5330375e-001
 9.5270389e-001
 9.4928122e-001
 9.4341803e-001
 9.3968689e-001
 9.4035017e-001
 9.3730187e-001
 9.3111944e-001
 9.2062408e-001
 9.1464990e-001
 9.0851659e-001
 9.0460300e-001
 8.9918578e-001
 9.0556639e-001
 9.0315372e-001
 9.0951347e-001
 9.1569155e-001
 9.0928584e-001
 8.9764780e-001
 9.0179026e-001
 8.8922900e-001
 8.7926668e-001
 8.6758238e-001
 8.5833400e-001
 8.5986292e-001
 8.5754293e-001
 8.5612661e-001
 8.6035162e-001
 8.6227852e-001
 8.6245662e-001
 8.5929203e-001
 8.5834056e-001
 8.5560226e-001
 8.5211962e-001
 8.4540176e-001
 8.3950913e-001
 8.3422559e-001
 8.2620978e-001
 8.1283689e-001
 7.9965800e-001
 7.8514314e-001
 7.7948809e-001
 7.6484388e-001
 7.4209034e-001
 7.3206598e-001
 6.8865907e-001
 6.1206031e-001
 5.5306983e-001
 5.4726297e-001
 5.5671710e-001
 5.5174381e-001
 5.0362384e-001
 4.7451445e-001
 5.8427972e-001
 6.6478610e-001
 6.6330081e-001
 6.5920919e-001
 6.5605992e-001
 6.4248353e-001
 6.2652498e-001
 6.1077315e-001
 5.9297401e-001
 5.7907903e-001
 5.6019205e-001
 5.6640488e-001
 5.6922740e-001
 5.5153990e-001
 5.4005343e-001
 5.3621018e-001
 5.1320958e-001
 5.0989777e-001
 5.2444762e-001
 5.3103274e-001
 5.2411109e-001
 5.0941342e-001
 4.9247733e-001
 4.7816962e-001
 4.6765482e-001
 4.5653442e-001
 4.4462785e-001
 4.3305409e-001
 4.2344162e-001
 4.1680801e-001
