s07_AV97 Record=608: Bronzite HS9.4B              ASDFRc AREF
 1.0992237e-001
 1.1523091e-001
 1.2034615e-001
 1.2450667e-001
 1.2791489e-001
 1.3099721e-001
 1.3502227e-001
 1.4222853e-001
 1.4725773e-001
 1.5235391e-001
 1.5668073e-001
 1.6161074e-001
 1.6915303e-001
 1.7918546e-001
 1.9035487e-001
 2.1179460e-001
 2.2847338e-001
 2.3887812e-001
 2.4191242e-001
 2.4811795e-001
 2.5259021e-001
 2.5440422e-001
 2.5699469e-001
 2.6004428e-001
 2.6392475e-001
 2.6880217e-001
 2.7343911e-001
 2.7714002e-001
 2.7970964e-001
 2.8276077e-001
 2.8623748e-001
 2.9156291e-001
 2.8555399e-001
 2.9025337e-001
 2.9696712e-001
 2.9950020e-001
 3.0248386e-001
 3.0602095e-001
 3.0612141e-001
 3.0101568e-001
 2.8963050e-001
 2.7259842e-001
 2.5144464e-001
 2.2825241e-001
 2.0525661e-001
 1.8410583e-001
 1.6522746e-001
 1.4918630e-001
 1.3571928e-001
 1.2482801e-001
 1.1611426e-001
 1.0935336e-001
 1.0384747e-001
 9.9449821e-002
 9.6038498e-002
 9.3451448e-002
 9.1579765e-002
 9.0335682e-002
 8.9722246e-002
 8.9907125e-002
 9.0757407e-002
 9.2424184e-002
 9.4851099e-002
 9.8331802e-002
 1.0274365e-001
 1.0862828e-001
 1.1600453e-001
 1.2514971e-001
 1.3570763e-001
 1.5082496e-001
 1.6872938e-001
 1.8595733e-001
 2.0706454e-001
 2.2709464e-001
 2.4948259e-001
 2.7145383e-001
 2.9072988e-001
 3.1062496e-001
 3.2882202e-001
 3.4337375e-001
 3.5779420e-001
 3.6882165e-001
 3.7872401e-001
 3.8694015e-001
 3.9339033e-001
 3.9922002e-001
 4.0341005e-001
 4.0727279e-001
 4.1065297e-001
 4.1321179e-001
 4.1504011e-001
 4.1636908e-001
 4.1729587e-001
 4.1730475e-001
 4.1701716e-001
 4.1545525e-001
 4.1719159e-001
 4.1630390e-001
 4.1453788e-001
 4.1246146e-001
 4.0951011e-001
 4.0579608e-001
 4.0170684e-001
 3.9685714e-001
 3.9113548e-001
 3.8444960e-001
 3.7718135e-001
 3.6897027e-001
 3.5889471e-001
 3.4540918e-001
 3.2871905e-001
 3.2795462e-001
 3.2057348e-001
 3.1166509e-001
 3.0206883e-001
 2.9246384e-001
 2.8369012e-001
 2.7379560e-001
 2.6429302e-001
 2.5473624e-001
 2.4502888e-001
 2.3571329e-001
 2.2674613e-001
 2.1842454e-001
 2.1034774e-001
 2.0256320e-001
 1.9523224e-001
 1.8846340e-001
 1.8176028e-001
 1.7550458e-001
 1.6958946e-001
 1.6404946e-001
 1.5835775e-001
 1.5335657e-001
 1.4905730e-001
 1.4505248e-001
 1.4108445e-001
 1.3748515e-001
 1.3402599e-001
 1.3123423e-001
 1.2832832e-001
 1.2599833e-001
 1.2356545e-001
 1.2110594e-001
 1.1879682e-001
 1.1657103e-001
 1.1454259e-001
 1.1278965e-001
 1.1104503e-001
 1.0962055e-001
 1.0863049e-001
 1.0753827e-001
 1.0669608e-001
 1.0578261e-001
 1.0509746e-001
 1.0466865e-001
 1.0458508e-001
 1.0484488e-001
 1.0462155e-001
 1.0454939e-001
 1.0454324e-001
 1.0475578e-001
 1.0508841e-001
 1.0567906e-001
 1.0612568e-001
 1.0700051e-001
 1.0819911e-001
 1.0951178e-001
 1.1083094e-001
 1.1272589e-001
 1.1432942e-001
 1.1648510e-001
 1.1919733e-001
 1.2179976e-001
 1.2461666e-001
 1.2743311e-001
 1.3051872e-001
 1.3397950e-001
 1.3754237e-001
 1.4139938e-001
 1.4522441e-001
 1.4933150e-001
 1.5333293e-001
 1.5734719e-001
 1.6191210e-001
 1.6628800e-001
 1.7082657e-001
 1.7507990e-001
 1.7966765e-001
 1.8414859e-001
 1.8829194e-001
 1.9234662e-001
 1.9624229e-001
 2.0020324e-001
 2.0416918e-001
 2.0724051e-001
 2.1053046e-001
 2.1371542e-001
 2.1725471e-001
 2.2000031e-001
 2.2179784e-001
 2.2193766e-001
 2.2364491e-001
 2.2373259e-001
 2.2800215e-001
 2.3514180e-001
 2.4035570e-001
 2.4400887e-001
 2.4644238e-001
 2.4747898e-001
 2.4745183e-001
 2.4902003e-001
 2.5335637e-001
 2.5767851e-001
 2.6045790e-001
 2.6148203e-001
 2.6278186e-001
 2.6384872e-001
 2.6538223e-001
 2.6694775e-001
 2.6893565e-001
 2.7050203e-001
 2.7057219e-001
-1.2300000e+034
