s07_AV97 Record=2568: Perthite HS415.2B            ASDFRc AREF
 6.1541539e-001
 6.1946225e-001
 6.2437439e-001
 6.3009113e-001
 6.3573343e-001
 6.4198649e-001
 6.4932966e-001
 6.5790176e-001
 6.6662741e-001
 6.7452079e-001
 6.8138915e-001
 6.8756241e-001
 6.9356132e-001
 7.0014948e-001
 7.0674038e-001
 7.1305811e-001
 7.2001410e-001
 7.2875899e-001
 7.4085230e-001
 7.5795174e-001
 7.7955598e-001
 8.0192113e-001
 8.2074016e-001
 8.3350557e-001
 8.4197599e-001
 8.4733760e-001
 8.5153747e-001
 8.5492134e-001
 8.5809815e-001
 8.6116022e-001
 8.6430258e-001
 8.6764050e-001
 8.6376941e-001
 8.6698806e-001
 8.7018973e-001
 8.7378752e-001
 8.7652606e-001
 8.7923670e-001
 8.8171905e-001
 8.8377148e-001
 8.8575590e-001
 8.8728398e-001
 8.8834500e-001
 8.8942170e-001
 8.8989675e-001
 8.9028680e-001
 8.9078754e-001
 8.9089459e-001
 8.9098662e-001
 8.9119524e-001
 8.9171076e-001
 8.9224744e-001
 8.9276779e-001
 8.9373571e-001
 8.9468485e-001
 8.9600724e-001
 8.9752173e-001
 8.9915520e-001
 9.0073162e-001
 9.0256673e-001
 9.0435648e-001
 9.0601480e-001
 9.0773678e-001
 9.0947539e-001
 9.1087818e-001
 9.1252118e-001
 9.1391969e-001
 9.1523272e-001
 9.1642410e-001
 9.1670489e-001
 9.1739976e-001
 9.1829962e-001
 9.1922921e-001
 9.1992402e-001
 9.2095637e-001
 9.2156273e-001
 9.2194480e-001
 9.2229605e-001
 9.2354929e-001
 9.2380488e-001
 9.2462701e-001
 9.2474908e-001
 9.2539555e-001
 9.2573833e-001
 9.2617238e-001
 9.2698181e-001
 9.2733091e-001
 9.2778051e-001
 9.2807984e-001
 9.2849970e-001
 9.2954177e-001
 9.2970020e-001
 9.3074411e-001
 9.3145049e-001
 9.3195009e-001
 9.3226206e-001
 9.3153548e-001
 9.3215138e-001
 9.3238920e-001
 9.3253386e-001
 9.3319041e-001
 9.3360329e-001
 9.3362945e-001
 9.3389511e-001
 9.3406820e-001
 9.3400633e-001
 9.3456244e-001
 9.3516940e-001
 9.3452966e-001
 9.3282932e-001
 9.3057430e-001
 9.2713791e-001
 9.2530274e-001
 9.2869514e-001
 9.3107522e-001
 9.3242598e-001
 9.3363392e-001
 9.3388659e-001
 9.3468440e-001
 9.3575507e-001
 9.3690413e-001
 9.3783522e-001
 9.3863636e-001
 9.3895793e-001
 9.3968481e-001
 9.4027281e-001
 9.4034988e-001
 9.4096202e-001
 9.4158083e-001
 9.4201750e-001
 9.4310319e-001
 9.4316626e-001
 9.4413894e-001
 9.4371003e-001
 9.4392103e-001
 9.4499826e-001
 9.4502985e-001
 9.4636148e-001
 9.4637167e-001
 9.4682992e-001
 9.4745040e-001
 9.4761735e-001
 9.4778520e-001
 9.4796419e-001
 9.4815582e-001
 9.4790483e-001
 9.4751251e-001
 9.4651961e-001
 9.4693965e-001
 9.4866556e-001
 9.4879776e-001
 9.4819129e-001
 9.4847751e-001
 9.4894028e-001
 9.4851100e-001
 9.4868714e-001
 9.4960815e-001
 9.4879925e-001
 9.4785339e-001
 9.4332361e-001
 9.4561440e-001
 9.3884593e-001
 9.2840421e-001
 9.2126167e-001
 9.2078364e-001
 9.2317796e-001
 9.2550141e-001
 9.2600989e-001
 9.2739290e-001
 9.2805558e-001
 9.2891568e-001
 9.3115598e-001
 9.3289101e-001
 9.3559414e-001
 9.3751234e-001
 9.3958354e-001
 9.4084090e-001
 9.4343954e-001
 9.4532967e-001
 9.4683826e-001
 9.4641995e-001
 9.4616121e-001
 9.4554704e-001
 9.4574147e-001
 9.4589525e-001
 9.4538301e-001
 9.4508672e-001
 9.4390273e-001
 9.4176847e-001
 9.3993926e-001
 9.3817073e-001
 9.3439168e-001
 9.2990607e-001
 9.3069106e-001
 9.3268842e-001
 9.3446434e-001
 9.3581015e-001
 9.3802351e-001
 9.3986130e-001
 9.4108349e-001
 9.4238842e-001
 9.4193363e-001
 9.4190288e-001
 9.4294208e-001
 9.4284868e-001
 9.4373798e-001
 9.4424343e-001
 9.4436985e-001
 9.4395775e-001
 9.4217002e-001
 9.3967754e-001
 9.3832660e-001
 9.3677485e-001
 9.3622082e-001
 9.3219548e-001
 9.2948955e-001
 9.2571568e-001
 9.2309803e-001
 9.2194963e-001
 9.2006236e-001
 9.1913009e-001
 9.1686344e-001
 9.1501248e-001
-1.2300000e+034
