s07_AV97 Record=217: Alunite GDS83 Na63           NIC4bb RREF
-1.2300000e+034
-1.2300000e+034
-1.2300000e+034
-1.2300000e+034
-1.2300000e+034
-1.2300000e+034
-1.2300000e+034
-1.2300000e+034
-1.2300000e+034
-1.2300000e+034
-1.2300000e+034
-1.2300000e+034
-1.2300000e+034
-1.2300000e+034
-1.2300000e+034
-1.2300000e+034
-1.2300000e+034
-1.2300000e+034
-1.2300000e+034
-1.2300000e+034
-1.2300000e+034
-1.2300000e+034
-1.2300000e+034
-1.2300000e+034
-1.2300000e+034
-1.2300000e+034
-1.2300000e+034
-1.2300000e+034
-1.2300000e+034
-1.2300000e+034
-1.2300000e+034
-1.2300000e+034
-1.2300000e+034
-1.2300000e+034
-1.2300000e+034
-1.2300000e+034
-1.2300000e+034
-1.2300000e+034
-1.2300000e+034
-1.2300000e+034
-1.2300000e+034
-1.2300000e+034
-1.2300000e+034
-1.2300000e+034
-1.2300000e+034
-1.2300000e+034
-1.2300000e+034
-1.2300000e+034
-1.2300000e+034
-1.2300000e+034
-1.2300000e+034
-1.2300000e+034
-1.2300000e+034
-1.2300000e+034
-1.2300000e+034
-1.2300000e+034
-1.2300000e+034
-1.2300000e+034
-1.2300000e+034
-1.2300000e+034
-1.2300000e+034
-1.2300000e+034
-1.2300000e+034
-1.2300000e+034
-1.2300000e+034
-1.2300000e+034
-1.2300000e+034
-1.2300000e+034
-1.2300000e+034
-1.2300000e+034
-1.2300000e+034
-1.2300000e+034
-1.2300000e+034
-1.2300000e+034
-1.2300000e+034
-1.2300000e+034
-1.2300000e+034
-1.2300000e+034
-1.2300000e+034
-1.2300000e+034
-1.2300000e+034
-1.2300000e+034
-1.2300000e+034
-1.2300000e+034
-1.2300000e+034
-1.2300000e+034
-1.2300000e+034
-1.2300000e+034
-1.2300000e+034
-1.2300000e+034
-1.2300000e+034
-1.2300000e+034
-1.2300000e+034
-1.2300000e+034
-1.2300000e+034
-1.2300000e+034
-1.2300000e+034
-1.2300000e+034
-1.2300000e+034
-1.2300000e+034
-1.2300000e+034
-1.2300000e+034
-1.2300000e+034
-1.2300000e+034
-1.2300000e+034
-1.2300000e+034
-1.2300000e+034
-1.2300000e+034
-1.2300000e+034
-1.2300000e+034
 6.7171025e-001
 6.5624195e-001
 6.3304996e-001
 5.8680087e-001
 5.3410006e-001
 5.4720682e-001
 5.6509066e-001
 5.5420107e-001
 5.3344500e-001
 5.0664234e-001
 5.0634128e-001
 5.4560947e-001
 5.7178092e-001
 5.8631957e-001
 5.9951055e-001
 6.0851520e-001
 6.1470979e-001
 6.2053066e-001
 6.2498105e-001
 6.2850559e-001
 6.3176590e-001
 6.3569021e-001
 6.3976979e-001
 6.4392531e-001
 6.4703447e-001
 6.4934933e-001
 6.5071678e-001
 6.5150988e-001
 6.5197521e-001
 6.5211463e-001
 6.5162879e-001
 6.4979869e-001
 6.4478809e-001
 6.3348770e-001
 6.1520964e-001
 5.9529281e-001
 5.7844031e-001
 5.7154948e-001
 5.7882220e-001
 6.0364646e-001
 6.3404578e-001
 6.5442079e-001
 6.6240174e-001
 6.6509771e-001
 6.6510355e-001
 6.6356593e-001
 6.6167349e-001
 6.5842855e-001
 6.5382141e-001
 6.4831805e-001
 6.5023535e-001
 6.4402020e-001
 6.3823944e-001
 6.3428068e-001
 6.3287020e-001
 6.3364011e-001
 6.3441676e-001
 6.3155752e-001
 6.2601197e-001
 6.2253982e-001
 6.1925602e-001
 6.1049324e-001
 5.9802604e-001
 5.8932793e-001
 5.8632737e-001
 5.8180696e-001
 5.7342333e-001
 5.6608641e-001
 5.6086224e-001
 5.5704528e-001
 5.5261040e-001
 5.4575944e-001
 5.3729028e-001
 5.2623713e-001
 5.0861108e-001
 4.8181471e-001
 4.5155862e-001
 4.2264384e-001
 4.0210027e-001
 3.9565745e-001
 4.0146247e-001
 4.1965812e-001
 4.4607404e-001
 4.5435187e-001
 4.6780485e-001
 5.1245016e-001
 5.5147862e-001
 5.7447720e-001
 5.8244634e-001
 5.8302265e-001
 5.7923108e-001
 5.7099158e-001
 5.5359191e-001
 5.1786500e-001
 4.7639829e-001
 4.6914840e-001
 4.8637348e-001
 5.0356060e-001
 5.1130706e-001
 5.0514203e-001
 4.8060927e-001
 4.4326642e-001
 4.1706297e-001
 4.0960562e-001
 4.0083641e-001
 3.7778619e-001
 3.5150132e-001
 3.4127989e-001
 3.4576133e-001
 3.4785280e-001
 3.4741426e-001
 3.4635860e-001
 3.3429936e-001
 3.1969404e-001
