s07_AV97 Record=843: Chrysotile ML99-12A Coar Fib ASDFRb AREF
 3.7051061e-001
 3.8076934e-001
 3.9105114e-001
 4.0706205e-001
 4.0728384e-001
 4.0462881e-001
 4.0150481e-001
 3.9957926e-001
 4.0364856e-001
 4.0884686e-001
 4.2938998e-001
 4.6002918e-001
 4.7595638e-001
 4.8398909e-001
 4.9366498e-001
 5.0141835e-001
 5.0606674e-001
 5.0916058e-001
 5.1132798e-001
 5.1181632e-001
 5.1022363e-001
 5.0693661e-001
 5.0175798e-001
 4.9426386e-001
 4.8510820e-001
 4.7494438e-001
 4.6446380e-001
 4.5375171e-001
 4.4300824e-001
 4.3286172e-001
 4.2362702e-001
 4.1533035e-001
 4.2503279e-001
 4.1685295e-001
 4.0934461e-001
 4.0230453e-001
 3.9572200e-001
 3.8966838e-001
 3.8409328e-001
 3.7954584e-001
 3.7623969e-001
 3.7408388e-001
 3.7320623e-001
 3.7337050e-001
 3.7418839e-001
 3.7509084e-001
 3.7560254e-001
 3.7533274e-001
 3.7411764e-001
 3.7195808e-001
 3.6901584e-001
 3.6550501e-001
 3.6170059e-001
 3.5782701e-001
 3.5409522e-001
 3.5055721e-001
 3.4733418e-001
 3.4473133e-001
 3.4274131e-001
 3.4101346e-001
 3.3943138e-001
 3.3432192e-001
 3.3170283e-001
 3.3442292e-001
 3.3583257e-001
 3.3537483e-001
 3.3445874e-001
 3.3313420e-001
 3.3171937e-001
 3.2905123e-001
 3.2651305e-001
 3.2420650e-001
 3.2149109e-001
 3.1897151e-001
 3.1633106e-001
 3.1380323e-001
 3.1161672e-001
 3.0939180e-001
 3.0745131e-001
 3.0592334e-001
 3.0443156e-001
 3.0317926e-001
 3.0190140e-001
 3.0094695e-001
 3.0037668e-001
 3.0017942e-001
 3.0020148e-001
 3.0056477e-001
 3.0111170e-001
 3.0167341e-001
 3.0232266e-001
 3.0298591e-001
 3.0360091e-001
 3.0362314e-001
 3.0244806e-001
 3.0058432e-001
 3.0320320e-001
 3.0161798e-001
 2.9910490e-001
 2.9716861e-001
 3.0212271e-001
 3.0646661e-001
 3.0865589e-001
 3.1025469e-001
 3.1022811e-001
 3.0575499e-001
 2.8891775e-001
 2.8367916e-001
 2.6700002e-001
 2.0548595e-001
 1.9069092e-001
 2.3007891e-001
 2.6749432e-001
 2.8161675e-001
 2.8975034e-001
 2.9663348e-001
 3.0044392e-001
 3.0347407e-001
 3.0693167e-001
 3.1036699e-001
 3.1374878e-001
 3.1635433e-001
 3.1862137e-001
 3.2120681e-001
 3.2376888e-001
 3.2640702e-001
 3.2883224e-001
 3.3093390e-001
 3.3293253e-001
 3.3488104e-001
 3.3662799e-001
 3.3814335e-001
 3.3952790e-001
 3.4079376e-001
 3.4191895e-001
 3.4308830e-001
 3.4402496e-001
 3.4473139e-001
 3.4518546e-001
 3.4545293e-001
 3.4538543e-001
 3.4475988e-001
 3.4354177e-001
 3.4189475e-001
 3.4005406e-001
 3.3783370e-001
 3.3485436e-001
 3.3150616e-001
 3.2860816e-001
 3.2665136e-001
 3.2472450e-001
 3.2320642e-001
 3.2108694e-001
 3.2094386e-001
 3.2126382e-001
 3.1765413e-001
 3.1012577e-001
 3.0132267e-001
 2.8440198e-001
 2.5697497e-001
 2.6837859e-001
 2.4023162e-001
 2.1577148e-001
 2.0255856e-001
 2.0078824e-001
 2.0334969e-001
 2.0567998e-001
 2.0496765e-001
 2.0239815e-001
 1.9972369e-001
 1.9869946e-001
 2.0017205e-001
 2.0430352e-001
 2.1103206e-001
 2.1563940e-001
 2.1793507e-001
 2.2268362e-001
 2.3322010e-001
 2.4495457e-001
 2.4832849e-001
 2.3878612e-001
 2.2310069e-001
 2.1405451e-001
 2.1114609e-001
 2.0908587e-001
 2.0662166e-001
 2.1237776e-001
 2.2615775e-001
 2.3746103e-001
 2.4203691e-001
 2.4303655e-001
 2.4220341e-001
 2.3921664e-001
 2.3398803e-001
 2.2267094e-001
 2.0011657e-001
 1.7497548e-001
 1.6453950e-001
 1.5865098e-001
 1.4196244e-001
 1.3500309e-001
 1.3076331e-001
 1.2372784e-001
 1.1280844e-001
 1.0192396e-001
 9.7968750e-002
 1.0103810e-001
 1.1826031e-001
 1.3224569e-001
 1.2632737e-001
 1.1967588e-001
 1.1774021e-001
 1.1512934e-001
 1.1621462e-001
 1.1576872e-001
 1.1328758e-001
 1.1051360e-001
 1.1487782e-001
 1.1927709e-001
 1.1673338e-001
 1.0982095e-001
 1.0710027e-001
 1.0276549e-001
-1.2300000e+034
