s07_AV97 Record=1533: Hornblende HS16.3B           ASDFRb AREF
 4.6752725e-002
 4.7954138e-002
 4.8816495e-002
 4.9941566e-002
 5.0776422e-002
 5.1829126e-002
 5.2958921e-002
 5.3720653e-002
 5.4306820e-002
 5.4943286e-002
 5.5576235e-002
 5.6092735e-002
 5.6272503e-002
 5.6390435e-002
 5.6497384e-002
 5.6331661e-002
 5.6175273e-002
 5.6036599e-002
 5.5639297e-002
 5.5299915e-002
 5.5038594e-002
 5.4878257e-002
 5.4462273e-002
 5.4034792e-002
 5.3780213e-002
 5.3475667e-002
 5.3155810e-002
 5.2840672e-002
 5.2648827e-002
 5.2413829e-002
 5.2317560e-002
 5.2227888e-002
 5.2319162e-002
 5.2238423e-002
 5.2195102e-002
 5.2082039e-002
 5.2116249e-002
 5.2172478e-002
 5.2341197e-002
 5.2570932e-002
 5.2723899e-002
 5.2866384e-002
 5.3154718e-002
 5.3448997e-002
 5.3758688e-002
 5.4143980e-002
 5.4440659e-002
 5.4599356e-002
 5.4839183e-002
 5.4745730e-002
 5.4728437e-002
 5.4866690e-002
 5.4601718e-002
 5.4620910e-002
 5.4525204e-002
 5.4663908e-002
 5.4842539e-002
 5.5086933e-002
 5.5217758e-002
 5.5576473e-002
 5.5796433e-002
 5.6194145e-002
 5.6565758e-002
 5.7148322e-002
 5.7468489e-002
 5.8147483e-002
 5.8642540e-002
 5.9174031e-002
 5.9793226e-002
 6.0304154e-002
 6.1036091e-002
 6.1096489e-002
 6.1580550e-002
 6.2044714e-002
 6.2482547e-002
 6.2979728e-002
 6.3314542e-002
 6.4027891e-002
 6.4721972e-002
 6.4940795e-002
 6.5983139e-002
 6.6600114e-002
 6.7353003e-002
 6.8209723e-002
 6.9209598e-002
 7.0167102e-002
 7.1142457e-002
 7.2182871e-002
 7.3206507e-002
 7.4207604e-002
 7.5639889e-002
 7.7399030e-002
 7.8671224e-002
 8.0454655e-002
 8.2128242e-002
 8.4100299e-002
 8.1151955e-002
 8.3075590e-002
 8.5200369e-002
 8.7225214e-002
 8.9598387e-002
 9.2152476e-002
 9.5030881e-002
 9.8044127e-002
 1.0115299e-001
 1.0423864e-001
 1.0727336e-001
 1.1060772e-001
 1.1362565e-001
 1.1562725e-001
 1.1727349e-001
 1.2150829e-001
 1.2787957e-001
 1.3354050e-001
 1.3823523e-001
 1.4218214e-001
 1.4605686e-001
 1.5059242e-001
 1.5489733e-001
 1.5959905e-001
 1.6417484e-001
 1.6895136e-001
 1.7374460e-001
 1.7848207e-001
 1.8334362e-001
 1.8851750e-001
 1.9333391e-001
 1.9832648e-001
 2.0351166e-001
 2.0847742e-001
 2.1349619e-001
 2.1875226e-001
 2.2402012e-001
 2.2929600e-001
 2.3467198e-001
 2.3982091e-001
 2.4494231e-001
 2.5019559e-001
 2.5541827e-001
 2.5990936e-001
 2.6484311e-001
 2.6992664e-001
 2.7539542e-001
 2.8038815e-001
 2.8502238e-001
 2.8967071e-001
 2.9432666e-001
 2.9889968e-001
 3.0333054e-001
 3.0808967e-001
 3.1272358e-001
 3.1689626e-001
 3.2073116e-001
 3.2470089e-001
 3.2807609e-001
 3.3302411e-001
 3.3740360e-001
 3.4082830e-001
 3.4437835e-001
 3.4876797e-001
 3.4713078e-001
 3.5081050e-001
 3.5223886e-001
 3.5377106e-001
 3.5703909e-001
 3.6165822e-001
 3.6633232e-001
 3.7010106e-001
 3.7309733e-001
 3.7622243e-001
 3.7939319e-001
 3.8284558e-001
 3.8597894e-001
 3.8813677e-001
 3.9036804e-001
 3.9325690e-001
 3.9685020e-001
 4.0029675e-001
 4.0291610e-001
 4.0451047e-001
 4.0540844e-001
 4.0598419e-001
 4.0619966e-001
 4.0697369e-001
 4.0891647e-001
 4.1099095e-001
 4.1245982e-001
 4.1400564e-001
 4.1554892e-001
 4.1770568e-001
 4.2009881e-001
 4.2153236e-001
 4.2256945e-001
 4.2363101e-001
 4.2408887e-001
 4.2463514e-001
 4.2351168e-001
 4.2233735e-001
 4.2003521e-001
 4.1715488e-001
 4.1148290e-001
 3.9953703e-001
 3.7939453e-001
 3.5128060e-001
 3.2783246e-001
 3.2191592e-001
 3.3227509e-001
 3.5040644e-001
 3.6639091e-001
 3.6841321e-001
 3.5560364e-001
 3.4341520e-001
 3.4397280e-001
 3.5689726e-001
 3.7385038e-001
 3.8522536e-001
 3.9168012e-001
 3.9191276e-001
 3.9140525e-001
 3.8937166e-001
 3.8787502e-001
 3.8771901e-001
 3.8721186e-001
-1.2300000e+034
