s07_AV97 Record=1603: Hypersthene PYX02.c 180um     BECKc AREF
 1.1862460e-001
 1.3126603e-001
 1.4478739e-001
 1.5870976e-001
 1.7376722e-001
 1.8428278e-001
 1.8844526e-001
 2.0026100e-001
 2.0452261e-001
 2.1071038e-001
 2.1696998e-001
 2.2346754e-001
 2.3166728e-001
 2.3745881e-001
 2.3589191e-001
 2.5369921e-001
 2.5828928e-001
 2.5813138e-001
 2.5403297e-001
 2.6021108e-001
 2.6754984e-001
 2.7149120e-001
 2.7476922e-001
 2.7794421e-001
 2.8018934e-001
 2.8231931e-001
 2.8522933e-001
 2.8794843e-001
 2.9013544e-001
 2.9230228e-001
 2.9408780e-001
 2.9577419e-001
 2.9378605e-001
 2.9547170e-001
 2.9690087e-001
 2.9725155e-001
 2.9537347e-001
 2.9144403e-001
 2.8416440e-001
 2.7313948e-001
 2.5781786e-001
 2.3855615e-001
 2.1653245e-001
 1.9286045e-001
 1.6877145e-001
 1.4625712e-001
 1.2596649e-001
 1.0882457e-001
 9.4653465e-002
 8.3307639e-002
 7.3745593e-002
 6.7817546e-002
 6.1250731e-002
 5.7803027e-002
 5.5425983e-002
 5.0760519e-002
 5.0544977e-002
 5.1606238e-002
 4.9015462e-002
 4.8808251e-002
 5.2104075e-002
 5.3647969e-002
 5.5976931e-002
 5.9831396e-002
 6.6986613e-002
 7.3683366e-002
 8.2134768e-002
 9.3299359e-002
 1.0723961e-001
 1.2446772e-001
 1.4302334e-001
 1.6397785e-001
 1.8542531e-001
 2.0917228e-001
 2.2904415e-001
 2.4911489e-001
 2.6465929e-001
 2.7925500e-001
 2.9002142e-001
 2.9849130e-001
 3.0521077e-001
 3.1186944e-001
 3.1595170e-001
 3.1853941e-001
 3.2044768e-001
 3.2271793e-001
 3.2482043e-001
 3.2623747e-001
 3.2671162e-001
 3.2757524e-001
 3.2947898e-001
 3.3001903e-001
 3.2992867e-001
 3.3028373e-001
 3.3018133e-001
 3.2969725e-001
 3.3029732e-001
 3.2999822e-001
 3.2939979e-001
 3.2808208e-001
 3.2636133e-001
 3.2416418e-001
 3.2192463e-001
 3.1864154e-001
 3.1506717e-001
 3.1092450e-001
 3.0637974e-001
 3.0167779e-001
 2.9486716e-001
 2.8179038e-001
 2.6860347e-001
 2.6994720e-001
 2.6574534e-001
 2.5942525e-001
 2.5175685e-001
 2.4406025e-001
 2.3668365e-001
 2.2805646e-001
 2.1958651e-001
 2.1153852e-001
 2.0326489e-001
 1.9473615e-001
 1.8725392e-001
 1.8029752e-001
 1.7261668e-001
 1.6543801e-001
 1.5836065e-001
 1.5139231e-001
 1.4425930e-001
 1.3802673e-001
 1.3243747e-001
 1.2665786e-001
 1.2074008e-001
 1.1525810e-001
 1.1147107e-001
 1.0746256e-001
 1.0292289e-001
 9.8411784e-002
 9.5426537e-002
 9.1842137e-002
 8.9010350e-002
 8.6400270e-002
 8.3852351e-002
 8.3106220e-002
 7.9050809e-002
 7.6474145e-002
 7.5084522e-002
 7.4043192e-002
 7.1789287e-002
 7.1624108e-002
 7.1581759e-002
 6.9945931e-002
 6.8545073e-002
 6.8699948e-002
 6.7156494e-002
 6.6832103e-002
 6.7221448e-002
 6.7268893e-002
 6.8157844e-002
 6.8130583e-002
 6.8272233e-002
 6.7734435e-002
 6.8064727e-002
 6.9843911e-002
 7.0646048e-002
 6.9999605e-002
 7.2127581e-002
 7.4183002e-002
 7.4237570e-002
 7.7558681e-002
 7.9476409e-002
 8.1819512e-002
 8.5778981e-002
 8.7950170e-002
 9.1629028e-002
 9.2381559e-002
 9.5876656e-002
 1.0021693e-001
 1.0592734e-001
 1.1236787e-001
 1.1450507e-001
 1.1907541e-001
 1.2474796e-001
 1.3131955e-001
 1.3804829e-001
 1.4216021e-001
 1.4907822e-001
 1.5613203e-001
 1.6310407e-001
 1.6895743e-001
 1.7494202e-001
 1.7989251e-001
 1.8846552e-001
 1.9574915e-001
 2.0064154e-001
 2.0710540e-001
 2.1352223e-001
 2.1971583e-001
 2.2462612e-001
 2.2890376e-001
 2.3254979e-001
 2.3390113e-001
 2.3366047e-001
 2.3297442e-001
 2.3654245e-001
 2.4818172e-001
 2.5670326e-001
 2.6500165e-001
 2.6743475e-001
 2.7303723e-001
 2.7233979e-001
 2.6980874e-001
 2.7578774e-001
 2.8094727e-001
 2.8291225e-001
 2.8390527e-001
 2.8462860e-001
 2.8533334e-001
 2.8594851e-001
 2.8648922e-001
 2.8681922e-001
 2.8709203e-001
 2.8750435e-001
 2.8813496e-001
