s07_AV97 Record=2742: Pyrophyllite PYS1A <850um     NIC4a RREF
-1.2300000e+034
-1.2300000e+034
-1.2300000e+034
-1.2300000e+034
-1.2300000e+034
-1.2300000e+034
-1.2300000e+034
-1.2300000e+034
-1.2300000e+034
-1.2300000e+034
-1.2300000e+034
-1.2300000e+034
-1.2300000e+034
-1.2300000e+034
-1.2300000e+034
-1.2300000e+034
-1.2300000e+034
-1.2300000e+034
-1.2300000e+034
-1.2300000e+034
-1.2300000e+034
-1.2300000e+034
-1.2300000e+034
-1.2300000e+034
-1.2300000e+034
-1.2300000e+034
-1.2300000e+034
-1.2300000e+034
-1.2300000e+034
-1.2300000e+034
-1.2300000e+034
-1.2300000e+034
-1.2300000e+034
-1.2300000e+034
-1.2300000e+034
-1.2300000e+034
-1.2300000e+034
-1.2300000e+034
-1.2300000e+034
-1.2300000e+034
-1.2300000e+034
-1.2300000e+034
-1.2300000e+034
-1.2300000e+034
-1.2300000e+034
-1.2300000e+034
-1.2300000e+034
-1.2300000e+034
-1.2300000e+034
-1.2300000e+034
-1.2300000e+034
-1.2300000e+034
-1.2300000e+034
-1.2300000e+034
-1.2300000e+034
-1.2300000e+034
-1.2300000e+034
-1.2300000e+034
-1.2300000e+034
-1.2300000e+034
-1.2300000e+034
-1.2300000e+034
-1.2300000e+034
-1.2300000e+034
-1.2300000e+034
-1.2300000e+034
-1.2300000e+034
-1.2300000e+034
-1.2300000e+034
-1.2300000e+034
-1.2300000e+034
-1.2300000e+034
-1.2300000e+034
-1.2300000e+034
-1.2300000e+034
-1.2300000e+034
-1.2300000e+034
-1.2300000e+034
-1.2300000e+034
-1.2300000e+034
-1.2300000e+034
-1.2300000e+034
-1.2300000e+034
-1.2300000e+034
-1.2300000e+034
-1.2300000e+034
-1.2300000e+034
-1.2300000e+034
-1.2300000e+034
-1.2300000e+034
-1.2300000e+034
-1.2300000e+034
-1.2300000e+034
-1.2300000e+034
-1.2300000e+034
-1.2300000e+034
-1.2300000e+034
-1.2300000e+034
-1.2300000e+034
-1.2300000e+034
-1.2300000e+034
-1.2300000e+034
-1.2300000e+034
-1.2300000e+034
-1.2300000e+034
 6.5578461e-001
 6.5297699e-001
 6.4114922e-001
 6.3304818e-001
 5.8170855e-001
 4.3373573e-001
 5.4812348e-001
 5.8800715e-001
 5.8859032e-001
 5.8322334e-001
 5.8172458e-001
 5.7789326e-001
 5.7451409e-001
 5.7401532e-001
 5.7448697e-001
 5.7558393e-001
 5.7661098e-001
 5.7750356e-001
 5.7868659e-001
 5.8085775e-001
 5.8389419e-001
 5.8689511e-001
 5.9029055e-001
 5.9300804e-001
 5.9548086e-001
 5.9797424e-001
 6.0087442e-001
 6.0434532e-001
 6.0763180e-001
 6.1026323e-001
 6.1238647e-001
 6.1406147e-001
 6.1620808e-001
 6.1864716e-001
 6.2063485e-001
 6.2301522e-001
 6.2502044e-001
 6.2625897e-001
 6.2677675e-001
 6.2778270e-001
 6.2960809e-001
 6.3160521e-001
 6.3380027e-001
 6.3565648e-001
 6.3661683e-001
 6.3658255e-001
 6.3595271e-001
 6.3644964e-001
 6.3737446e-001
 6.3782400e-001
 6.3838083e-001
 6.3938814e-001
 6.3969308e-001
 6.3843137e-001
 6.3847387e-001
 6.3846457e-001
 6.3762867e-001
 6.3566333e-001
 6.3510686e-001
 6.3563281e-001
 6.3621128e-001
 6.3622332e-001
 6.3540190e-001
 6.3505954e-001
 6.3507491e-001
 6.3435173e-001
 6.3324314e-001
 6.3239306e-001
 6.3170397e-001
 6.3140982e-001
 6.3210487e-001
 6.3311458e-001
 6.2887764e-001
 6.1162478e-001
 5.9538692e-001
 5.6651783e-001
 5.5658937e-001
 5.9533453e-001
 6.0839725e-001
 5.9785593e-001
 5.7720810e-001
 5.5732977e-001
 5.1352966e-001
 4.0463454e-001
 3.2864982e-001
 4.4578105e-001
 5.3070551e-001
 5.5085015e-001
 5.5217963e-001
 5.4269648e-001
 5.5401736e-001
 5.5742121e-001
 5.4872221e-001
 5.3639013e-001
 5.2203608e-001
 4.9976075e-001
 4.7452500e-001
 4.5829573e-001
 4.3547073e-001
 4.0748584e-001
 4.2704225e-001
 4.5260867e-001
 4.4188234e-001
 4.4545317e-001
 4.5494866e-001
 4.4918603e-001
 4.2158985e-001
 4.1657668e-001
 4.1782480e-001
 4.1580120e-001
 4.0357670e-001
 4.0612966e-001
 4.0982702e-001
 4.0375337e-001
 4.0159443e-001
 3.8705456e-001
 3.6491004e-001
 3.5243556e-001
 3.4204081e-001
