s07_AV97 Record=1747: Jarosite SJ-1 H3O 10-20%      BECKb AREF
 1.7312309e-002
 1.7136371e-002
 1.7804150e-002
 2.0562159e-002
 2.8432800e-002
 3.4074299e-002
 3.0004716e-002
 2.8737931e-002
 4.1575901e-002
 6.2551707e-002
 8.3028555e-002
 1.0132471e-001
 1.2073006e-001
 1.4177087e-001
 1.6475391e-001
 1.9061477e-001
 2.1905567e-001
 2.4934629e-001
 2.8062156e-001
 3.1050682e-001
 3.3822328e-001
 3.6085719e-001
 3.7842935e-001
 3.9352116e-001
 4.0812460e-001
 4.2334819e-001
 4.3885162e-001
 4.5345238e-001
 4.6739826e-001
 4.8163611e-001
 4.9767229e-001
 5.1317579e-001
 4.9506411e-001
 5.1023340e-001
 5.2436620e-001
 5.3444910e-001
 5.3925389e-001
 5.3811133e-001
 5.3002465e-001
 5.1714027e-001
 4.9973127e-001
 4.7984481e-001
 4.5963281e-001
 4.3719107e-001
 4.1716698e-001
 3.9739943e-001
 3.7922582e-001
 3.6237940e-001
 3.4726161e-001
 3.3432257e-001
 3.2273132e-001
 3.1137595e-001
 3.0255494e-001
 2.9487795e-001
 2.8855973e-001
 2.8557098e-001
 2.8168008e-001
 2.7857324e-001
 2.7687189e-001
 2.7819517e-001
 2.7906445e-001
 2.8255510e-001
 2.8542021e-001
 2.9180330e-001
 2.9949382e-001
 3.0614832e-001
 3.1370348e-001
 3.2167605e-001
 3.3233514e-001
 3.4128782e-001
 3.5371947e-001
 3.6533156e-001
 3.7799886e-001
 3.8802391e-001
 3.9899853e-001
 4.0993872e-001
 4.2032757e-001
 4.3146220e-001
 4.4031659e-001
 4.4939947e-001
 4.5879173e-001
 4.6826938e-001
 4.7690150e-001
 4.8593506e-001
 4.9441364e-001
 5.0329018e-001
 5.1377118e-001
 5.2305442e-001
 5.3222740e-001
 5.4256648e-001
 5.5296129e-001
 5.6372559e-001
 5.7460850e-001
 5.8570284e-001
 5.9543240e-001
 6.0558122e-001
 5.9062570e-001
 6.0035586e-001
 6.1112946e-001
 6.2279129e-001
 6.3366157e-001
 6.4431030e-001
 6.5416026e-001
 6.6477960e-001
 6.7422926e-001
 6.8175089e-001
 6.8863136e-001
 6.9479716e-001
 7.0078379e-001
 7.0330101e-001
 7.0361364e-001
 6.9866550e-001
 6.8647325e-001
 6.6905671e-001
 6.5030456e-001
 6.3330603e-001
 6.0884237e-001
 5.7754129e-001
 5.6557536e-001
 5.7596350e-001
 5.8045930e-001
 5.8477718e-001
 5.9034830e-001
 5.9566236e-001
 6.0263807e-001
 6.1139393e-001
 6.1853057e-001
 6.2416869e-001
 6.2845552e-001
 6.3249266e-001
 6.3644230e-001
 6.3845193e-001
 6.3927668e-001
 6.4028913e-001
 6.4119643e-001
 6.4153272e-001
 6.4069694e-001
 6.3935745e-001
 6.3944685e-001
 6.3820797e-001
 6.3870603e-001
 6.3841015e-001
 6.3587719e-001
 6.3389349e-001
 6.3123554e-001
 6.2914121e-001
 6.2736237e-001
 6.2344211e-001
 6.1864102e-001
 6.1714369e-001
 6.1539787e-001
 6.0871643e-001
 6.0254359e-001
 5.9481335e-001
 5.7839066e-001
 5.4811710e-001
 5.3168041e-001
 5.3867400e-001
 5.6237400e-001
 5.7414889e-001
 5.7296133e-001
 5.6696814e-001
 5.4233259e-001
 5.0758922e-001
 4.7083601e-001
 4.4029799e-001
 4.2161664e-001
 4.1263413e-001
 4.0367454e-001
 3.9582610e-001
 3.9537176e-001
 3.9809880e-001
 4.0356562e-001
 4.0796214e-001
 4.1240224e-001
 4.1574919e-001
 4.1820553e-001
 4.2157888e-001
 4.2608222e-001
 4.2949718e-001
 4.3195096e-001
 4.3713087e-001
 4.4208789e-001
 4.4753629e-001
 4.4888452e-001
 4.4946426e-001
 4.4870359e-001
 4.4535479e-001
 4.4136220e-001
 4.3881273e-001
 4.3178818e-001
 4.2096329e-001
 4.1138756e-001
 4.0551308e-001
 4.0043303e-001
 3.9705437e-001
 3.8688233e-001
 3.6489898e-001
 3.3956850e-001
 3.3131412e-001
 3.4419233e-001
 3.6599028e-001
 3.8510001e-001
 4.0430683e-001
 4.1767642e-001
 4.1892314e-001
 4.1552782e-001
 4.0781936e-001
 3.9724949e-001
 3.8535076e-001
 3.6653969e-001
 3.4831718e-001
 3.3389831e-001
 3.1993791e-001
 3.0645567e-001
 2.9496804e-001
 2.8453293e-001
 2.7374187e-001
 2.6386130e-001
 2.5357598e-001
 2.4476215e-001
 2.3759112e-001
 2.3211358e-001
 2.2827066e-001
