s07_AV97 Record=2836: Rhodochrosite HS338.3B        BECKb AREF
 4.0142921e-001
 4.5327035e-001
 4.5884487e-001
 4.2252040e-001
 3.0969557e-001
 4.7809517e-001
 4.9162364e-001
 4.7017419e-001
 4.7029239e-001
 4.9568388e-001
 5.3750020e-001
 5.8093458e-001
 6.0625082e-001
 6.1306298e-001
 6.0709357e-001
 5.8882701e-001
 5.6269294e-001
 5.3905863e-001
 5.2739650e-001
 5.3364074e-001
 5.5891353e-001
 5.9723514e-001
 6.4035004e-001
 6.8175322e-001
 7.1246600e-001
 7.3180217e-001
 7.4385375e-001
 7.5191903e-001
 7.5802153e-001
 7.6334709e-001
 7.6758194e-001
 7.7224690e-001
 7.6663369e-001
 7.7157170e-001
 7.7542031e-001
 7.7856600e-001
 7.8173721e-001
 7.8543198e-001
 7.8820843e-001
 7.9121536e-001
 7.9291183e-001
 7.9544771e-001
 7.9771715e-001
 7.9942077e-001
 8.0034369e-001
 8.0077648e-001
 8.0212182e-001
 8.0148304e-001
 8.0106294e-001
 7.9760343e-001
 7.9534400e-001
 7.9898500e-001
 7.9446548e-001
 7.8915918e-001
 7.8964424e-001
 7.8331733e-001
 7.8183997e-001
 7.7806222e-001
 7.7360517e-001
 7.6760870e-001
 7.6124686e-001
 7.5980955e-001
 7.5222236e-001
 7.4972868e-001
 7.4580902e-001
 7.4202222e-001
 7.3720044e-001
 7.3261136e-001
 7.2971237e-001
 7.2761303e-001
 7.2666591e-001
 7.2608739e-001
 7.2581136e-001
 7.2619724e-001
 7.2451776e-001
 7.2513992e-001
 7.2735065e-001
 7.2845632e-001
 7.2997284e-001
 7.3076546e-001
 7.3259729e-001
 7.3536360e-001
 7.3410934e-001
 7.3536748e-001
 7.3560679e-001
 7.3554301e-001
 7.3739851e-001
 7.3760414e-001
 7.3733920e-001
 7.3684835e-001
 7.3781508e-001
 7.3747510e-001
 7.3638815e-001
 7.3822796e-001
 7.3842257e-001
 7.3969531e-001
 7.3813075e-001
 7.3909533e-001
 7.3981214e-001
 7.3973048e-001
 7.3907095e-001
 7.4079591e-001
 7.4157500e-001
 7.4292731e-001
 7.4559915e-001
 7.4692565e-001
 7.4808031e-001
 7.5117475e-001
 7.5313419e-001
 7.5507826e-001
 7.5319529e-001
 7.5360918e-001
 7.5228709e-001
 7.5351328e-001
 7.5591832e-001
 7.5780970e-001
 7.6134533e-001
 7.6392025e-001
 7.6734960e-001
 7.7178985e-001
 7.7663082e-001
 7.8156561e-001
 7.8595221e-001
 7.8922313e-001
 7.9386997e-001
 7.9847592e-001
 7.9840833e-001
 8.0168897e-001
 8.0457860e-001
 8.0536336e-001
 8.0856955e-001
 8.1105256e-001
 8.1040108e-001
 8.1166029e-001
 8.1083113e-001
 8.1187969e-001
 8.1171501e-001
 8.1368214e-001
 8.1294644e-001
 8.1609929e-001
 8.1488174e-001
 8.1717962e-001
 8.1050152e-001
 8.1062382e-001
 8.1001890e-001
 8.0831087e-001
 8.1190866e-001
 8.1081444e-001
 8.0747479e-001
 8.1223577e-001
 8.1202924e-001
 8.1231433e-001
 8.1068629e-001
 8.0619687e-001
 8.0561161e-001
 7.9818386e-001
 7.9097170e-001
 7.8255486e-001
 7.6977271e-001
 7.4941427e-001
 7.5691330e-001
 7.3412222e-001
 7.2448272e-001
 7.2832656e-001
 7.2573096e-001
 7.2049081e-001
 7.2154629e-001
 7.2416103e-001
 7.2641563e-001
 7.2646105e-001
 7.2588879e-001
 7.3042464e-001
 7.2638798e-001
 7.2010213e-001
 7.3593068e-001
 7.5794280e-001
 7.6912677e-001
 7.7726501e-001
 7.8593946e-001
 7.8396571e-001
 7.8327835e-001
 7.8557384e-001
 7.8386652e-001
 7.8370631e-001
 7.8050911e-001
 7.7862644e-001
 7.7421135e-001
 7.5932544e-001
 7.4862999e-001
 7.4228394e-001
 7.4458486e-001
 7.4838829e-001
 7.4429393e-001
 7.3882407e-001
 7.3335963e-001
 7.2218192e-001
 7.0261765e-001
 6.9159776e-001
 6.6929412e-001
 6.4648324e-001
 6.2275046e-001
 5.9176362e-001
 5.5788636e-001
 5.3093636e-001
 5.1450825e-001
 4.9836767e-001
 4.8828071e-001
 4.7136226e-001
 4.4975439e-001
 4.6230975e-001
 5.2490562e-001
 6.1258835e-001
 6.5959221e-001
 6.6780418e-001
 6.5502429e-001
 6.3799226e-001
 6.1829114e-001
 5.9363103e-001
 5.6674653e-001
 5.3197300e-001
 4.9341288e-001
 4.5577371e-001
 4.2441836e-001
 4.0246898e-001
