s07_AV97 Record=655: Bytownite HS105.3B Plagio   NIC4bbb RREF
-1.2300000e+034
-1.2300000e+034
-1.2300000e+034
-1.2300000e+034
-1.2300000e+034
-1.2300000e+034
-1.2300000e+034
-1.2300000e+034
-1.2300000e+034
-1.2300000e+034
-1.2300000e+034
-1.2300000e+034
-1.2300000e+034
-1.2300000e+034
-1.2300000e+034
-1.2300000e+034
-1.2300000e+034
-1.2300000e+034
-1.2300000e+034
-1.2300000e+034
-1.2300000e+034
-1.2300000e+034
-1.2300000e+034
-1.2300000e+034
-1.2300000e+034
-1.2300000e+034
-1.2300000e+034
-1.2300000e+034
-1.2300000e+034
-1.2300000e+034
-1.2300000e+034
-1.2300000e+034
-1.2300000e+034
-1.2300000e+034
-1.2300000e+034
-1.2300000e+034
-1.2300000e+034
-1.2300000e+034
-1.2300000e+034
-1.2300000e+034
-1.2300000e+034
-1.2300000e+034
-1.2300000e+034
-1.2300000e+034
-1.2300000e+034
-1.2300000e+034
-1.2300000e+034
-1.2300000e+034
-1.2300000e+034
-1.2300000e+034
-1.2300000e+034
-1.2300000e+034
-1.2300000e+034
-1.2300000e+034
-1.2300000e+034
-1.2300000e+034
-1.2300000e+034
-1.2300000e+034
-1.2300000e+034
-1.2300000e+034
-1.2300000e+034
-1.2300000e+034
-1.2300000e+034
-1.2300000e+034
-1.2300000e+034
-1.2300000e+034
-1.2300000e+034
-1.2300000e+034
-1.2300000e+034
-1.2300000e+034
-1.2300000e+034
-1.2300000e+034
-1.2300000e+034
-1.2300000e+034
-1.2300000e+034
-1.2300000e+034
-1.2300000e+034
-1.2300000e+034
-1.2300000e+034
-1.2300000e+034
-1.2300000e+034
-1.2300000e+034
-1.2300000e+034
-1.2300000e+034
-1.2300000e+034
-1.2300000e+034
-1.2300000e+034
-1.2300000e+034
-1.2300000e+034
-1.2300000e+034
-1.2300000e+034
-1.2300000e+034
-1.2300000e+034
-1.2300000e+034
-1.2300000e+034
-1.2300000e+034
-1.2300000e+034
-1.2300000e+034
-1.2300000e+034
-1.2300000e+034
-1.2300000e+034
-1.2300000e+034
-1.2300000e+034
-1.2300000e+034
-1.2300000e+034
-1.2300000e+034
-1.2300000e+034
-1.2300000e+034
-1.2300000e+034
-1.2300000e+034
-1.2300000e+034
-1.2300000e+034
-1.2300000e+034
-1.2300000e+034
-1.2300000e+034
-1.2300000e+034
-1.2300000e+034
-1.2300000e+034
-1.2300000e+034
-1.2300000e+034
-1.2300000e+034
 3.2786134e-001
 3.2575837e-001
 3.2540044e-001
 3.2684574e-001
 3.2938290e-001
 3.3208436e-001
 3.3514675e-001
 3.3809629e-001
 3.4127417e-001
 3.4449682e-001
 3.4802377e-001
 3.5114849e-001
 3.5417432e-001
 3.5677660e-001
 3.5901713e-001
 3.6110601e-001
 3.6345851e-001
 3.6602816e-001
 3.6838880e-001
 3.7060592e-001
 3.7235841e-001
 3.7384757e-001
 3.7513307e-001
 3.7661868e-001
 3.7841463e-001
 3.8038784e-001
 3.8205656e-001
 3.8373032e-001
 3.8469902e-001
 3.8557455e-001
 3.8629100e-001
 3.8701716e-001
 3.8792768e-001
 3.8922724e-001
 3.9062360e-001
 3.9200991e-001
 3.9307514e-001
 3.9328149e-001
 3.9386550e-001
 3.9370871e-001
 3.9382806e-001
 3.9347389e-001
 3.9346999e-001
 3.9418158e-001
 3.9557457e-001
 3.9707187e-001
 3.9830732e-001
 3.9924070e-001
 3.9976898e-001
 4.0000853e-001
 4.0024090e-001
 4.0073085e-001
 4.0158585e-001
 4.0262857e-001
 4.0380597e-001
 4.0508810e-001
 4.0611961e-001
 4.0670830e-001
 4.0708154e-001
 4.0708056e-001
 4.0696386e-001
 4.0692538e-001
 4.0691867e-001
 4.0734160e-001
 4.0788999e-001
 4.0865690e-001
 4.0918028e-001
 4.0919605e-001
 4.0804017e-001
 4.0728045e-001
 4.0612236e-001
 4.0566438e-001
 4.0623844e-001
 4.0677503e-001
 4.0646192e-001
 4.0552893e-001
 4.0439361e-001
 4.0371165e-001
 4.0392506e-001
 4.0381452e-001
 4.0286070e-001
 4.0231130e-001
 4.0140978e-001
 3.9977473e-001
 3.9751837e-001
 3.9685926e-001
 3.9768243e-001
 3.9923573e-001
 4.0070626e-001
 4.0147451e-001
 4.0202677e-001
 4.0236688e-001
 4.0262035e-001
 4.0269569e-001
 4.0268731e-001
 4.0259877e-001
 4.0265977e-001
 4.0306839e-001
 4.0313178e-001
 4.0306535e-001
 4.0291038e-001
 4.0262979e-001
 4.0262768e-001
