s07_AV97 Record=1849: Knebelite HS419.3B            BECKc AREF
 7.8805111e-002
 8.4682688e-002
 8.9930147e-002
 9.3514480e-002
 8.8504694e-002
 9.3004540e-002
 1.0054352e-001
 1.0299546e-001
 1.0456568e-001
 1.0537384e-001
 1.1062644e-001
 1.1714562e-001
 1.2021897e-001
 1.2330319e-001
 1.2765153e-001
 1.3228829e-001
 1.3525756e-001
 1.3899934e-001
 1.4355461e-001
 1.4791876e-001
 1.5428516e-001
 1.5954819e-001
 1.6532478e-001
 1.6925804e-001
 1.7328830e-001
 1.8033548e-001
 1.8784852e-001
 1.9947256e-001
 2.1145242e-001
 2.2288781e-001
 2.3161656e-001
 2.3851377e-001
 2.3058988e-001
 2.3757623e-001
 2.4159150e-001
 2.4548195e-001
 2.4946241e-001
 2.5072533e-001
 2.5259519e-001
 2.5396755e-001
 2.5372845e-001
 2.5195906e-001
 2.4806450e-001
 2.4385582e-001
 2.3795862e-001
 2.3195443e-001
 2.2278021e-001
 2.1623102e-001
 2.0807910e-001
 1.9910713e-001
 1.8618999e-001
 1.8097493e-001
 1.7410380e-001
 1.6599673e-001
 1.6045327e-001
 1.5615998e-001
 1.5168603e-001
 1.4898227e-001
 1.4425096e-001
 1.4246958e-001
 1.4031217e-001
 1.3707978e-001
 1.3592024e-001
 1.3562582e-001
 1.3324784e-001
 1.3534355e-001
 1.3650402e-001
 1.3561210e-001
 1.3742931e-001
 1.3745902e-001
 1.3822468e-001
 1.3995722e-001
 1.3923348e-001
 1.4175187e-001
 1.4038964e-001
 1.4142054e-001
 1.4012781e-001
 1.3920180e-001
 1.3912465e-001
 1.3889317e-001
 1.3836706e-001
 1.3756469e-001
 1.3788119e-001
 1.3776961e-001
 1.3767555e-001
 1.3741703e-001
 1.4094916e-001
 1.4026414e-001
 1.4050166e-001
 1.4293769e-001
 1.4157274e-001
 1.4432299e-001
 1.4550923e-001
 1.4741004e-001
 1.4616935e-001
 1.4793596e-001
 1.4689147e-001
 1.4731942e-001
 1.4909425e-001
 1.5071920e-001
 1.5325524e-001
 1.5595919e-001
 1.5691838e-001
 1.5744954e-001
 1.6014953e-001
 1.6319838e-001
 1.6551577e-001
 1.6784637e-001
 1.6954117e-001
 1.7207429e-001
 1.7496614e-001
 1.7712598e-001
 1.8007508e-001
 1.8497996e-001
 1.9070256e-001
 1.9110125e-001
 1.9532694e-001
 2.0184903e-001
 2.0616861e-001
 2.1076249e-001
 2.1683897e-001
 2.1897234e-001
 2.2249573e-001
 2.2931485e-001
 2.3381442e-001
 2.3784727e-001
 2.4118628e-001
 2.4581814e-001
 2.4995920e-001
 2.5298208e-001
 2.5849664e-001
 2.6219612e-001
 2.6798826e-001
 2.6965213e-001
 2.7418622e-001
 2.7511337e-001
 2.8006390e-001
 2.8376386e-001
 2.8582862e-001
 2.8941235e-001
 2.9154295e-001
 2.9298702e-001
 2.9846033e-001
 2.9951498e-001
 2.9924306e-001
 2.9937580e-001
 3.0296162e-001
 3.0358934e-001
 3.0536047e-001
 3.0777195e-001
 3.0542129e-001
 3.0655327e-001
 3.0522373e-001
 3.0583575e-001
 3.0715370e-001
 3.0839571e-001
 3.0858436e-001
 3.0403367e-001
 3.0642581e-001
 3.0341509e-001
 3.0556050e-001
 3.0293998e-001
 3.0319241e-001
 2.9716000e-001
 2.9837921e-001
 2.9695725e-001
 2.9513970e-001
 2.9474050e-001
 2.9541761e-001
 2.9589325e-001
 2.9568389e-001
 2.9482868e-001
 2.9403192e-001
 2.9549044e-001
 2.9442900e-001
 2.9466659e-001
 2.9635429e-001
 2.9554617e-001
 2.9272133e-001
 2.9304338e-001
 2.9442400e-001
 2.9624066e-001
 2.9513836e-001
 2.9252774e-001
 2.9409748e-001
 2.9566607e-001
 2.9118997e-001
 2.9241073e-001
 2.9225323e-001
 2.9101861e-001
 2.8960884e-001
 2.8881776e-001
 2.8699982e-001
 2.8425783e-001
 2.8498456e-001
 2.8657505e-001
 2.8245398e-001
 2.8107673e-001
 2.7694318e-001
 2.7670273e-001
 2.7837902e-001
 2.7576733e-001
 2.7206969e-001
 2.6792708e-001
 2.6906115e-001
 2.6762623e-001
 2.6345345e-001
 2.6181844e-001
 2.6128963e-001
 2.6314795e-001
 2.6791233e-001
 2.7337259e-001
 2.7309743e-001
 2.7392069e-001
 2.7587834e-001
 2.7554107e-001
 2.7341384e-001
 2.7096826e-001
 2.6903823e-001
 2.6742119e-001
 2.6648739e-001
 2.6603135e-001
 2.6577947e-001
 2.6552317e-001
