s07_AV97 Record=3444: Vermiculite VTx-1.fls         BECKb AREF
 4.1014987e-001
 4.3270248e-001
 4.4942135e-001
 4.6015155e-001
 4.6686578e-001
 4.7374088e-001
 4.8182166e-001
 4.9161097e-001
 5.0152946e-001
 5.1014715e-001
 5.1681310e-001
 5.2535695e-001
 5.3627342e-001
 5.4863644e-001
 5.5963564e-001
 5.6968713e-001
 5.7774526e-001
 5.8380419e-001
 5.8914298e-001
 5.9255600e-001
 5.9546059e-001
 5.9887034e-001
 6.0291809e-001
 6.0850286e-001
 6.1434138e-001
 6.1958832e-001
 6.2545866e-001
 6.3245076e-001
 6.3922161e-001
 6.4506894e-001
 6.4935988e-001
 6.5415525e-001
 6.4869452e-001
 6.5311778e-001
 6.5681517e-001
 6.5807366e-001
 6.6093111e-001
 6.6292900e-001
 6.6367924e-001
 6.6379094e-001
 6.6656750e-001
 6.6754901e-001
 6.6978693e-001
 6.7158657e-001
 6.7278260e-001
 6.7638868e-001
 6.7687196e-001
 6.7747247e-001
 6.7646462e-001
 6.7734468e-001
 6.7571920e-001
 6.7854661e-001
 6.8414742e-001
 6.8038666e-001
 6.7603374e-001
 6.7640173e-001
 6.8012512e-001
 6.7385334e-001
 6.7204380e-001
 6.6947246e-001
 6.6899806e-001
 6.5354568e-001
 6.2831253e-001
 6.3533121e-001
 6.3395357e-001
 6.3450176e-001
 6.3702834e-001
 6.3862771e-001
 6.4097846e-001
 6.4383155e-001
 6.4512479e-001
 6.4562827e-001
 6.4501888e-001
 6.4577508e-001
 6.4502740e-001
 6.4322573e-001
 6.4133894e-001
 6.3779783e-001
 6.3378668e-001
 6.3168067e-001
 6.2754339e-001
 6.2000978e-001
 6.0530514e-001
 5.8343774e-001
 5.7147574e-001
 5.6926620e-001
 5.6964689e-001
 5.6946212e-001
 5.6760293e-001
 5.6681991e-001
 5.6724089e-001
 5.6696510e-001
 5.6611669e-001
 5.6478161e-001
 5.6207460e-001
 5.5811971e-001
 5.6343001e-001
 5.6014407e-001
 5.5524433e-001
 5.5265951e-001
 5.4889798e-001
 5.4221714e-001
 5.3413182e-001
 5.2324665e-001
 5.0860184e-001
 4.9465647e-001
 4.8292097e-001
 4.7336283e-001
 4.5688021e-001
 4.1012490e-001
 3.6564618e-001
 3.4740523e-001
 3.1558722e-001
 2.9740721e-001
 2.9150823e-001
 2.9319194e-001
 2.9652604e-001
 2.9818842e-001
 3.0075315e-001
 3.0453387e-001
 3.0992201e-001
 3.1584030e-001
 3.2249403e-001
 3.2899857e-001
 3.3481970e-001
 3.4125823e-001
 3.4706399e-001
 3.5108590e-001
 3.5472894e-001
 3.5650873e-001
 3.5746476e-001
 3.5786003e-001
 3.5678333e-001
 3.5687494e-001
 3.5681698e-001
 3.5397255e-001
 3.5383621e-001
 3.5230720e-001
 3.5236749e-001
 3.4970328e-001
 3.4691048e-001
 3.4720093e-001
 3.4639925e-001
 3.4514657e-001
 3.4519935e-001
 3.4341824e-001
 3.4319872e-001
 3.4419060e-001
 3.4281811e-001
 3.4455645e-001
 3.4653065e-001
 3.4766787e-001
 3.4931692e-001
 3.4860390e-001
 3.4696943e-001
 3.4564593e-001
 3.4173349e-001
 3.3099779e-001
 3.1305477e-001
 2.8890643e-001
 2.9745078e-001
 2.6590937e-001
 2.2269166e-001
 1.8382193e-001
 1.6655648e-001
 1.6442856e-001
 1.6840994e-001
 1.7387253e-001
 1.7819157e-001
 1.8334235e-001
 1.8493102e-001
 1.8816708e-001
 1.9310316e-001
 2.0141740e-001
 2.0558681e-001
 2.0721617e-001
 2.1177278e-001
 2.1775906e-001
 2.2071759e-001
 2.2215484e-001
 2.2659205e-001
 2.3137963e-001
 2.3393470e-001
 2.3491094e-001
 2.4154869e-001
 2.4952661e-001
 2.5427771e-001
 2.5465450e-001
 2.5801608e-001
 2.6054686e-001
 2.6461330e-001
 2.6964647e-001
 2.6942497e-001
 2.7031493e-001
 2.7030376e-001
 2.6249585e-001
 2.3220442e-001
 2.0709150e-001
 2.3107024e-001
 2.3258877e-001
 2.1151955e-001
 1.7558998e-001
 1.5258713e-001
 1.5331794e-001
 1.4440575e-001
 1.4034045e-001
 1.5051642e-001
 1.5944855e-001
 1.5980946e-001
 1.5513451e-001
 1.4728327e-001
 1.3715085e-001
 1.3464803e-001
 1.3429374e-001
 1.3346885e-001
 1.3214938e-001
 1.3009545e-001
 1.2708388e-001
 1.2388635e-001
 1.2045030e-001
 1.1762685e-001
 1.1527792e-001
 1.1313578e-001
 1.1104103e-001
