s07_AV97 Record=591: Biotite WS660               NIC4ccu RREF
-1.2300000e+034
-1.2300000e+034
-1.2300000e+034
-1.2300000e+034
-1.2300000e+034
-1.2300000e+034
-1.2300000e+034
-1.2300000e+034
-1.2300000e+034
-1.2300000e+034
-1.2300000e+034
-1.2300000e+034
-1.2300000e+034
-1.2300000e+034
-1.2300000e+034
-1.2300000e+034
-1.2300000e+034
-1.2300000e+034
-1.2300000e+034
-1.2300000e+034
-1.2300000e+034
-1.2300000e+034
-1.2300000e+034
-1.2300000e+034
-1.2300000e+034
-1.2300000e+034
-1.2300000e+034
-1.2300000e+034
-1.2300000e+034
-1.2300000e+034
-1.2300000e+034
-1.2300000e+034
-1.2300000e+034
-1.2300000e+034
-1.2300000e+034
-1.2300000e+034
-1.2300000e+034
-1.2300000e+034
-1.2300000e+034
-1.2300000e+034
-1.2300000e+034
-1.2300000e+034
-1.2300000e+034
-1.2300000e+034
-1.2300000e+034
-1.2300000e+034
-1.2300000e+034
-1.2300000e+034
-1.2300000e+034
-1.2300000e+034
-1.2300000e+034
-1.2300000e+034
-1.2300000e+034
-1.2300000e+034
-1.2300000e+034
-1.2300000e+034
-1.2300000e+034
-1.2300000e+034
-1.2300000e+034
-1.2300000e+034
-1.2300000e+034
-1.2300000e+034
-1.2300000e+034
-1.2300000e+034
-1.2300000e+034
-1.2300000e+034
-1.2300000e+034
-1.2300000e+034
-1.2300000e+034
-1.2300000e+034
-1.2300000e+034
-1.2300000e+034
-1.2300000e+034
-1.2300000e+034
-1.2300000e+034
-1.2300000e+034
-1.2300000e+034
-1.2300000e+034
-1.2300000e+034
-1.2300000e+034
-1.2300000e+034
-1.2300000e+034
-1.2300000e+034
-1.2300000e+034
-1.2300000e+034
-1.2300000e+034
-1.2300000e+034
-1.2300000e+034
-1.2300000e+034
-1.2300000e+034
-1.2300000e+034
-1.2300000e+034
-1.2300000e+034
-1.2300000e+034
-1.2300000e+034
-1.2300000e+034
-1.2300000e+034
-1.2300000e+034
-1.2300000e+034
-1.2300000e+034
-1.2300000e+034
-1.2300000e+034
-1.2300000e+034
-1.2300000e+034
-1.2300000e+034
-1.2300000e+034
-1.2300000e+034
-1.2300000e+034
-1.2300000e+034
-1.2300000e+034
-1.2300000e+034
-1.2300000e+034
-1.2300000e+034
-1.2300000e+034
-1.2300000e+034
 1.8964797e-001
 1.9413739e-001
 1.9855164e-001
 2.0304988e-001
 2.0764802e-001
 2.1212219e-001
 2.1640030e-001
 2.2061802e-001
 2.2481494e-001
 2.2893909e-001
 2.3330912e-001
 2.3768672e-001
 2.4211845e-001
 2.4626847e-001
 2.5036550e-001
 2.5438368e-001
 2.5862834e-001
 2.6292983e-001
 2.6715288e-001
 2.7141976e-001
 2.7553552e-001
 2.7960247e-001
 2.8366619e-001
 2.8795558e-001
 2.9229710e-001
 2.9664925e-001
 3.0075520e-001
 3.0481514e-001
 3.0880097e-001
 3.1285906e-001
 3.1711197e-001
 3.2146940e-001
 3.2578805e-001
 3.3003193e-001
 3.3413890e-001
 3.3808783e-001
 3.4198719e-001
 3.4598178e-001
 3.5017553e-001
 3.5443103e-001
 3.5860223e-001
 3.6290023e-001
 3.6691311e-001
 3.7053061e-001
 3.7410793e-001
 3.7293407e-001
 3.7657216e-001
 3.7997732e-001
 3.8359514e-001
 3.8750619e-001
 3.9145666e-001
 3.9553756e-001
 3.9953867e-001
 4.0321487e-001
 4.0666914e-001
 4.1021115e-001
 4.1366848e-001
 4.1716275e-001
 4.2095244e-001
 4.2459491e-001
 4.2819399e-001
 4.3174610e-001
 4.3526480e-001
 4.3845549e-001
 4.4138098e-001
 4.4403437e-001
 4.4641095e-001
 4.4881171e-001
 4.5175353e-001
 4.5510867e-001
 4.5859671e-001
 4.6199226e-001
 4.6531910e-001
 4.6845871e-001
 4.7144917e-001
 4.7415024e-001
 4.7682503e-001
 4.7930896e-001
 4.8175731e-001
 4.8422092e-001
 4.8657697e-001
 4.8892298e-001
 4.9129659e-001
 4.9373287e-001
 4.9614415e-001
 4.9802184e-001
 4.9874979e-001
 4.9795038e-001
 4.9504879e-001
 4.9010748e-001
 4.8637676e-001
 4.8696584e-001
 4.9081030e-001
 4.9525306e-001
 4.9807790e-001
 4.9746192e-001
 4.9566153e-001
 4.9676985e-001
 5.0111985e-001
 5.0632960e-001
 5.1062351e-001
 5.1396608e-001
 5.1650643e-001
 5.1907223e-001
 5.2181768e-001
 5.2391791e-001
 5.2553856e-001
 5.2728230e-001
 5.2865463e-001
