s07_AV97 Record=2057: Microcline HS151.3B Feldsp   NIC4cc RREF
-1.2300000e+034
-1.2300000e+034
-1.2300000e+034
-1.2300000e+034
-1.2300000e+034
-1.2300000e+034
-1.2300000e+034
-1.2300000e+034
-1.2300000e+034
-1.2300000e+034
-1.2300000e+034
-1.2300000e+034
-1.2300000e+034
-1.2300000e+034
-1.2300000e+034
-1.2300000e+034
-1.2300000e+034
-1.2300000e+034
-1.2300000e+034
-1.2300000e+034
-1.2300000e+034
-1.2300000e+034
-1.2300000e+034
-1.2300000e+034
-1.2300000e+034
-1.2300000e+034
-1.2300000e+034
-1.2300000e+034
-1.2300000e+034
-1.2300000e+034
-1.2300000e+034
-1.2300000e+034
-1.2300000e+034
-1.2300000e+034
-1.2300000e+034
-1.2300000e+034
-1.2300000e+034
-1.2300000e+034
-1.2300000e+034
-1.2300000e+034
-1.2300000e+034
-1.2300000e+034
-1.2300000e+034
-1.2300000e+034
-1.2300000e+034
-1.2300000e+034
-1.2300000e+034
-1.2300000e+034
-1.2300000e+034
-1.2300000e+034
-1.2300000e+034
-1.2300000e+034
-1.2300000e+034
-1.2300000e+034
-1.2300000e+034
-1.2300000e+034
-1.2300000e+034
-1.2300000e+034
-1.2300000e+034
-1.2300000e+034
-1.2300000e+034
-1.2300000e+034
-1.2300000e+034
-1.2300000e+034
-1.2300000e+034
-1.2300000e+034
-1.2300000e+034
-1.2300000e+034
-1.2300000e+034
-1.2300000e+034
-1.2300000e+034
-1.2300000e+034
-1.2300000e+034
-1.2300000e+034
-1.2300000e+034
-1.2300000e+034
-1.2300000e+034
-1.2300000e+034
-1.2300000e+034
-1.2300000e+034
-1.2300000e+034
-1.2300000e+034
-1.2300000e+034
-1.2300000e+034
-1.2300000e+034
-1.2300000e+034
-1.2300000e+034
-1.2300000e+034
-1.2300000e+034
-1.2300000e+034
-1.2300000e+034
-1.2300000e+034
-1.2300000e+034
-1.2300000e+034
-1.2300000e+034
-1.2300000e+034
-1.2300000e+034
-1.2300000e+034
-1.2300000e+034
-1.2300000e+034
-1.2300000e+034
-1.2300000e+034
-1.2300000e+034
-1.2300000e+034
-1.2300000e+034
-1.2300000e+034
-1.2300000e+034
-1.2300000e+034
-1.2300000e+034
-1.2300000e+034
-1.2300000e+034
-1.2300000e+034
-1.2300000e+034
-1.2300000e+034
-1.2300000e+034
-1.2300000e+034
-1.2300000e+034
-1.2300000e+034
-1.2300000e+034
-1.2300000e+034
-1.2300000e+034
-1.2300000e+034
-1.2300000e+034
-1.2300000e+034
-1.2300000e+034
-1.2300000e+034
-1.2300000e+034
-1.2300000e+034
-1.2300000e+034
-1.2300000e+034
-1.2300000e+034
-1.2300000e+034
 7.2276771e-001
 7.2874367e-001
 7.3446143e-001
 7.3929900e-001
 7.4417710e-001
 7.4901056e-001
 7.5421745e-001
 7.5908428e-001
 7.6366431e-001
 7.6708233e-001
 7.6987219e-001
 7.7273703e-001
 7.7574897e-001
 7.7902520e-001
 7.8265405e-001
 7.8600556e-001
 7.8917110e-001
 7.9136515e-001
 7.9267830e-001
 7.9409498e-001
 7.9582500e-001
 7.9831225e-001
 8.0095661e-001
 8.0363816e-001
 8.0587077e-001
 8.0744433e-001
 8.0798733e-001
 8.0641311e-001
 8.0706513e-001
 8.0458456e-001
 8.0099720e-001
 7.9804826e-001
 7.9745525e-001
 7.9836357e-001
 8.0061227e-001
 8.0300432e-001
 8.0534142e-001
 8.0714881e-001
 8.0884498e-001
 8.1044990e-001
 8.1237286e-001
 8.1437844e-001
 8.1678396e-001
 8.1944138e-001
 8.2201260e-001
 8.2417524e-001
 8.2555586e-001
 8.2633966e-001
 8.2654786e-001
 8.2671851e-001
 8.2664329e-001
 8.2683873e-001
 8.2756555e-001
 8.2861197e-001
 8.3003336e-001
 8.3186847e-001
 8.3303314e-001
 8.3363438e-001
 8.3324027e-001
 8.3203161e-001
 8.3104229e-001
 8.3115202e-001
 8.3126932e-001
 8.3172649e-001
 8.3241427e-001
 8.3321321e-001
 8.3449703e-001
 8.3556998e-001
 8.3648378e-001
 8.3724552e-001
 8.3746672e-001
 8.3707666e-001
 8.3684939e-001
 8.3643162e-001
 8.3590734e-001
 8.3531463e-001
 8.3492196e-001
 8.3457839e-001
 8.3374017e-001
 8.3304125e-001
 8.3218098e-001
 8.3134842e-001
 8.3007294e-001
 8.2862878e-001
 8.2705039e-001
 8.2629830e-001
 8.2537824e-001
 8.2501310e-001
 8.2421446e-001
 8.2353789e-001
 8.2276809e-001
 8.2193786e-001
