s07_AV97 Record=571: Beryl HS180.3B               ASDFRa AREF
 5.6835395e-001
 5.8215046e-001
 5.9674060e-001
 6.1253226e-001
 6.2811118e-001
 6.4111662e-001
 6.5424061e-001
 6.7011911e-001
 6.8465692e-001
 6.9530958e-001
 7.0379251e-001
 7.1052998e-001
 7.1506637e-001
 7.1880800e-001
 7.2222775e-001
 7.2438675e-001
 7.2619468e-001
 7.2679168e-001
 7.2908473e-001
 7.2909480e-001
 7.2780323e-001
 7.2739309e-001
 7.2801685e-001
 7.2767657e-001
 7.2565788e-001
 7.2223169e-001
 7.1583432e-001
 7.0712531e-001
 6.9566202e-001
 6.8102956e-001
 6.6373003e-001
 6.4449131e-001
 6.6667145e-001
 6.4838874e-001
 6.2820500e-001
 6.0763359e-001
 5.8133918e-001
 5.5469298e-001
 5.2815139e-001
 5.0216115e-001
 4.7767493e-001
 4.5503411e-001
 4.3449360e-001
 4.1672704e-001
 4.0174121e-001
 3.8959861e-001
 3.8026392e-001
 3.7390086e-001
 3.7066329e-001
 3.7077492e-001
 3.7429392e-001
 3.8138637e-001
 3.9148927e-001
 4.0462708e-001
 4.2054939e-001
 4.3874955e-001
 4.5855239e-001
 4.7936207e-001
 5.0046033e-001
 5.2060437e-001
 5.4009414e-001
 5.5664963e-001
 5.7085520e-001
 5.7888740e-001
 5.9714878e-001
 6.0794806e-001
 6.1912048e-001
 6.2766880e-001
 6.3494045e-001
 6.4118290e-001
 6.4981961e-001
 6.5511012e-001
 6.6299433e-001
 6.7078346e-001
 6.7784572e-001
 6.8564022e-001
 6.9258296e-001
 7.0034283e-001
 7.0644975e-001
 7.1017075e-001
 7.0717889e-001
 7.1097201e-001
 6.9167513e-001
 6.9435132e-001
 7.2656643e-001
 7.3631936e-001
 7.4427563e-001
 7.4970800e-001
 7.5178021e-001
 7.5618929e-001
 7.6024228e-001
 7.6265407e-001
 7.6463377e-001
 7.6553500e-001
 7.6724225e-001
 7.6773596e-001
 7.6596093e-001
 7.6744211e-001
 7.6789123e-001
 7.6721889e-001
 7.6707995e-001
 7.6589215e-001
 7.6183486e-001
 7.5498009e-001
 7.4262232e-001
 7.2548348e-001
 6.8684477e-001
 6.3375926e-001
 6.2431729e-001
 6.3248730e-001
 5.3779370e-001
 4.7024736e-001
 5.5087191e-001
 6.0933310e-001
 6.4327788e-001
 6.7385560e-001
 6.9209808e-001
 6.6159594e-001
 6.8932611e-001
 7.3275346e-001
 7.4306297e-001
 7.4743551e-001
 7.5335413e-001
 7.6068836e-001
 7.6432723e-001
 7.6593906e-001
 7.6730984e-001
 7.6754671e-001
 7.6739496e-001
 7.6671231e-001
 7.6609421e-001
 7.6518792e-001
 7.6390862e-001
 7.6280439e-001
 7.6134181e-001
 7.5983381e-001
 7.5802201e-001
 7.5595862e-001
 7.5356847e-001
 7.5098008e-001
 7.4845856e-001
 7.4550879e-001
 7.4236012e-001
 7.3839015e-001
 7.3351336e-001
 7.2803718e-001
 7.2051871e-001
 7.1032071e-001
 6.9458091e-001
 6.7481178e-001
 6.5641803e-001
 6.3945013e-001
 5.9706938e-001
 5.2845311e-001
 4.9541667e-001
 4.9837384e-001
 5.1920003e-001
 5.2417028e-001
 5.0513071e-001
 4.3912116e-001
 4.7658938e-001
 3.4226078e-001
 2.8154629e-001
 4.4021234e-001
 5.0464529e-001
 5.2687997e-001
 5.3919709e-001
 5.3607792e-001
 5.3816199e-001
 5.5304414e-001
 5.8395851e-001
 6.1436760e-001
 6.2908685e-001
 6.3369125e-001
 6.3757765e-001
 6.4000797e-001
 6.3808274e-001
 6.2804967e-001
 6.3024592e-001
 6.3445711e-001
 6.3442367e-001
 6.4023685e-001
 6.4802402e-001
 6.5124601e-001
 6.5208721e-001
 6.5145010e-001
 6.4486045e-001
 6.2978733e-001
 6.3573247e-001
 6.4450723e-001
 6.4633572e-001
 6.4633673e-001
 6.4406580e-001
 6.5363520e-001
 6.6177738e-001
 6.6464084e-001
 6.6735578e-001
 6.6787905e-001
 6.6635126e-001
 6.6421646e-001
 6.5945596e-001
 6.5508908e-001
 6.5030807e-001
 6.4364547e-001
 6.3339126e-001
 6.2156653e-001
 6.1282074e-001
 6.0670000e-001
 6.0241312e-001
 5.9429348e-001
 5.8937794e-001
 5.8292270e-001
 5.8127987e-001
 5.6957352e-001
 5.5795568e-001
 5.4479504e-001
 5.2376080e-001
 5.0232661e-001
 4.8180601e-001
 4.5809039e-001
 4.2601943e-001
 3.9624885e-001
 3.6513570e-001
-1.2300000e+034
