s07_AV97 Record=2931: Sepiolite SepNev-1            BECKb AREF
 7.3697609e-001
 7.4644315e-001
 7.5663680e-001
 7.6556045e-001
 7.7292329e-001
 7.7982944e-001
 7.8596711e-001
 7.9315531e-001
 7.9959434e-001
 8.0593896e-001
 8.1162786e-001
 8.1762284e-001
 8.2298279e-001
 8.2888424e-001
 8.3401370e-001
 8.3961803e-001
 8.4554607e-001
 8.5068381e-001
 8.5631108e-001
 8.6281449e-001
 8.6977267e-001
 8.7567860e-001
 8.8087338e-001
 8.8689935e-001
 8.9288527e-001
 8.9703012e-001
 9.0020275e-001
 9.0309519e-001
 9.0629750e-001
 9.0909368e-001
 9.1220015e-001
 9.1438800e-001
 9.1158646e-001
 9.1389036e-001
 9.1715372e-001
 9.2011321e-001
 9.2155939e-001
 9.2339063e-001
 9.2436236e-001
 9.2602682e-001
 9.2703366e-001
 9.2909223e-001
 9.3074912e-001
 9.2977464e-001
 9.3110502e-001
 9.3299776e-001
 9.3235004e-001
 9.3235397e-001
 9.3517178e-001
 9.3522167e-001
 9.3466127e-001
 9.3704826e-001
 9.3141717e-001
 9.3439037e-001
 9.3325561e-001
 9.2765713e-001
 9.2756295e-001
 9.3092948e-001
 9.3152308e-001
 9.3549764e-001
 9.3072611e-001
 9.2437845e-001
 9.2278332e-001
 9.1799837e-001
 9.1588461e-001
 9.1946679e-001
 9.2317337e-001
 9.2655689e-001
 9.2574531e-001
 9.2893690e-001
 9.3207955e-001
 9.3204677e-001
 9.3231922e-001
 9.3231976e-001
 9.3059373e-001
 9.3209267e-001
 9.3041235e-001
 9.3132734e-001
 9.2953134e-001
 9.2851824e-001
 9.2663342e-001
 9.2091548e-001
 9.0932727e-001
 8.9677852e-001
 8.9529037e-001
 8.9912319e-001
 9.0465069e-001
 9.0528655e-001
 9.0463334e-001
 9.0699619e-001
 9.0563631e-001
 9.0707856e-001
 9.0851015e-001
 9.0826690e-001
 9.0872437e-001
 9.0670538e-001
 9.0878773e-001
 9.0787804e-001
 9.0611142e-001
 9.0438616e-001
 9.0233803e-001
 8.9811176e-001
 8.9035332e-001
 8.7978745e-001
 8.6703289e-001
 8.5564679e-001
 8.4484369e-001
 8.3323735e-001
 7.9415935e-001
 7.1281886e-001
 7.0250440e-001
 6.6581064e-001
 6.2966216e-001
 6.3545990e-001
 6.4395523e-001
 6.4611953e-001
 6.5781415e-001
 6.6901410e-001
 6.8235719e-001
 7.0315868e-001
 7.2248834e-001
 7.3698074e-001
 7.4806142e-001
 7.5721377e-001
 7.6349938e-001
 7.7102858e-001
 7.7832669e-001
 7.8615570e-001
 7.9062903e-001
 7.9473627e-001
 7.9759222e-001
 8.0194616e-001
 8.0499530e-001
 8.0533522e-001
 8.0907100e-001
 8.1191891e-001
 8.1328017e-001
 8.1268352e-001
 8.1299788e-001
 8.1451041e-001
 8.1100249e-001
 8.0884427e-001
 8.0185926e-001
 7.9355466e-001
 7.8604060e-001
 7.8057235e-001
 7.7708417e-001
 7.6986283e-001
 7.6608849e-001
 7.5890076e-001
 7.5900483e-001
 7.5571978e-001
 7.5875014e-001
 7.5671417e-001
 7.5207287e-001
 7.4684274e-001
 7.3044509e-001
 7.0420694e-001
 6.5212643e-001
 5.6459743e-001
 5.9612453e-001
 4.8462996e-001
 3.7222788e-001
 3.2205051e-001
 3.2772276e-001
 3.6822987e-001
 4.2239276e-001
 4.4477919e-001
 4.5650440e-001
 4.6843427e-001
 4.7479561e-001
 4.9081147e-001
 5.1832372e-001
 5.4708320e-001
 5.6854975e-001
 5.8695984e-001
 6.0126269e-001
 6.0885978e-001
 6.1629272e-001
 6.2017322e-001
 6.2590700e-001
 6.2691075e-001
 6.3185459e-001
 6.3780016e-001
 6.4258325e-001
 6.4749998e-001
 6.4183229e-001
 6.3872463e-001
 6.3341838e-001
 6.3333422e-001
 6.2622827e-001
 6.1754364e-001
 6.1741132e-001
 6.1609197e-001
 6.1153626e-001
 6.0605103e-001
 6.0408378e-001
 6.0155863e-001
 5.9173894e-001
 5.7837397e-001
 5.5263239e-001
 5.1525587e-001
 4.8913252e-001
 4.5473939e-001
 4.5796210e-001
 4.9518916e-001
 5.0358170e-001
 4.9212742e-001
 4.7580913e-001
 4.5447266e-001
 4.1975880e-001
 3.9743248e-001
 3.8935155e-001
 3.8324258e-001
 3.7600338e-001
 3.6940420e-001
 3.6350155e-001
 3.5785493e-001
 3.5246086e-001
 3.4543759e-001
 3.3688697e-001
 3.2722291e-001
 3.1703368e-001
 3.0701461e-001
