s07_AV97 Record=233: Alunite GDS96 K  Syn (250C)   NIC4a RREF
-1.2300000e+034
-1.2300000e+034
-1.2300000e+034
-1.2300000e+034
-1.2300000e+034
-1.2300000e+034
-1.2300000e+034
-1.2300000e+034
-1.2300000e+034
-1.2300000e+034
-1.2300000e+034
-1.2300000e+034
-1.2300000e+034
-1.2300000e+034
-1.2300000e+034
-1.2300000e+034
-1.2300000e+034
-1.2300000e+034
-1.2300000e+034
-1.2300000e+034
-1.2300000e+034
-1.2300000e+034
-1.2300000e+034
-1.2300000e+034
-1.2300000e+034
-1.2300000e+034
-1.2300000e+034
-1.2300000e+034
-1.2300000e+034
-1.2300000e+034
-1.2300000e+034
-1.2300000e+034
-1.2300000e+034
-1.2300000e+034
-1.2300000e+034
-1.2300000e+034
-1.2300000e+034
-1.2300000e+034
-1.2300000e+034
-1.2300000e+034
-1.2300000e+034
-1.2300000e+034
-1.2300000e+034
-1.2300000e+034
-1.2300000e+034
-1.2300000e+034
-1.2300000e+034
-1.2300000e+034
-1.2300000e+034
-1.2300000e+034
-1.2300000e+034
-1.2300000e+034
-1.2300000e+034
-1.2300000e+034
-1.2300000e+034
-1.2300000e+034
-1.2300000e+034
-1.2300000e+034
-1.2300000e+034
-1.2300000e+034
-1.2300000e+034
-1.2300000e+034
-1.2300000e+034
-1.2300000e+034
-1.2300000e+034
-1.2300000e+034
-1.2300000e+034
-1.2300000e+034
-1.2300000e+034
-1.2300000e+034
-1.2300000e+034
-1.2300000e+034
-1.2300000e+034
-1.2300000e+034
-1.2300000e+034
-1.2300000e+034
-1.2300000e+034
-1.2300000e+034
-1.2300000e+034
-1.2300000e+034
-1.2300000e+034
-1.2300000e+034
-1.2300000e+034
-1.2300000e+034
-1.2300000e+034
-1.2300000e+034
-1.2300000e+034
-1.2300000e+034
-1.2300000e+034
-1.2300000e+034
-1.2300000e+034
-1.2300000e+034
-1.2300000e+034
-1.2300000e+034
-1.2300000e+034
-1.2300000e+034
-1.2300000e+034
-1.2300000e+034
-1.2300000e+034
-1.2300000e+034
-1.2300000e+034
 6.7581594e-001
 6.8240935e-001
 6.8647325e-001
 6.8848991e-001
 6.8957180e-001
 6.9161457e-001
 6.9174159e-001
 6.8936932e-001
 6.8793339e-001
 6.7700940e-001
 6.6486311e-001
 6.4617604e-001
 5.9530354e-001
 6.0250962e-001
 6.2552738e-001
 6.1243308e-001
 6.0558665e-001
 5.6466579e-001
 5.9436256e-001
 6.4345479e-001
 6.5794891e-001
 6.7207372e-001
 6.7876405e-001
 6.8288100e-001
 6.8611366e-001
 6.8781328e-001
 6.8889099e-001
 6.8914300e-001
 6.8958586e-001
 6.9040233e-001
 6.9038069e-001
 6.9075191e-001
 6.9095248e-001
 6.9065201e-001
 6.8952912e-001
 6.8893731e-001
 6.8787396e-001
 6.8602651e-001
 6.8274009e-001
 6.7899323e-001
 6.7694986e-001
 6.7313093e-001
 6.6683531e-001
 6.5547270e-001
 6.4200455e-001
 6.2801671e-001
 6.1855710e-001
 6.1982256e-001
 6.3332546e-001
 6.5345168e-001
 6.6425633e-001
 6.6688913e-001
 6.6679889e-001
 6.6493797e-001
 6.6246712e-001
 6.5932971e-001
 6.5406710e-001
 6.4593709e-001
 6.3278002e-001
 6.3757479e-001
 6.2001973e-001
 5.9799188e-001
 5.8068085e-001
 5.7211012e-001
 5.7012349e-001
 5.7112640e-001
 5.7214534e-001
 5.7311684e-001
 5.7628137e-001
 5.8043164e-001
 5.8073086e-001
 5.7611817e-001
 5.7163894e-001
 5.7164109e-001
 5.7123441e-001
 5.6771088e-001
 5.6404424e-001
 5.5987275e-001
 5.5811125e-001
 5.5873281e-001
 5.5673170e-001
 5.4852343e-001
 5.3181243e-001
 5.0323224e-001
 4.7456774e-001
 4.5893270e-001
 4.4384649e-001
 4.2669451e-001
 4.2697009e-001
 4.2819715e-001
 4.4963655e-001
 4.8478949e-001
 4.6627414e-001
 5.1721859e-001
 5.6860000e-001
 5.8011818e-001
 5.8188522e-001
 5.8040059e-001
 5.7829273e-001
 5.7510895e-001
 5.6973964e-001
 5.5843139e-001
 5.2789217e-001
 4.9010301e-001
 4.9868467e-001
 5.2746677e-001
 5.4428685e-001
 5.4509568e-001
 5.3377825e-001
 5.0526208e-001
 4.6287516e-001
 4.4083521e-001
 4.3671194e-001
 4.1800871e-001
 3.9261186e-001
 3.9668909e-001
 4.1428468e-001
 4.0429363e-001
 3.8320094e-001
 3.9746386e-001
 4.0165460e-001
 3.7098300e-001
 3.2698220e-001
