s07_AV97 Record=1387: Gypsum HS333.3B (Selenite)  NIC4aaa RREF
-1.2300000e+034
-1.2300000e+034
-1.2300000e+034
-1.2300000e+034
-1.2300000e+034
-1.2300000e+034
-1.2300000e+034
-1.2300000e+034
-1.2300000e+034
-1.2300000e+034
-1.2300000e+034
-1.2300000e+034
-1.2300000e+034
-1.2300000e+034
-1.2300000e+034
-1.2300000e+034
-1.2300000e+034
-1.2300000e+034
-1.2300000e+034
-1.2300000e+034
-1.2300000e+034
-1.2300000e+034
-1.2300000e+034
-1.2300000e+034
-1.2300000e+034
-1.2300000e+034
-1.2300000e+034
-1.2300000e+034
-1.2300000e+034
-1.2300000e+034
-1.2300000e+034
-1.2300000e+034
-1.2300000e+034
-1.2300000e+034
-1.2300000e+034
-1.2300000e+034
-1.2300000e+034
-1.2300000e+034
-1.2300000e+034
-1.2300000e+034
-1.2300000e+034
-1.2300000e+034
-1.2300000e+034
-1.2300000e+034
-1.2300000e+034
-1.2300000e+034
-1.2300000e+034
-1.2300000e+034
-1.2300000e+034
-1.2300000e+034
-1.2300000e+034
-1.2300000e+034
-1.2300000e+034
-1.2300000e+034
-1.2300000e+034
-1.2300000e+034
-1.2300000e+034
-1.2300000e+034
-1.2300000e+034
-1.2300000e+034
-1.2300000e+034
-1.2300000e+034
-1.2300000e+034
-1.2300000e+034
-1.2300000e+034
-1.2300000e+034
-1.2300000e+034
-1.2300000e+034
-1.2300000e+034
-1.2300000e+034
-1.2300000e+034
-1.2300000e+034
-1.2300000e+034
-1.2300000e+034
-1.2300000e+034
-1.2300000e+034
-1.2300000e+034
-1.2300000e+034
-1.2300000e+034
-1.2300000e+034
-1.2300000e+034
-1.2300000e+034
-1.2300000e+034
-1.2300000e+034
-1.2300000e+034
-1.2300000e+034
-1.2300000e+034
-1.2300000e+034
-1.2300000e+034
-1.2300000e+034
-1.2300000e+034
-1.2300000e+034
-1.2300000e+034
-1.2300000e+034
-1.2300000e+034
-1.2300000e+034
-1.2300000e+034
-1.2300000e+034
-1.2300000e+034
-1.2300000e+034
-1.2300000e+034
-1.2300000e+034
-1.2300000e+034
-1.2300000e+034
-1.2300000e+034
-1.2300000e+034
-1.2300000e+034
-1.2300000e+034
-1.2300000e+034
-1.2300000e+034
-1.2300000e+034
-1.2300000e+034
 3.4233895e-001
 3.0993894e-001
 2.7719495e-001
 2.4103864e-001
 2.4513723e-001
 2.6155129e-001
 2.6863751e-001
 2.6831859e-001
 2.6997387e-001
 2.8586969e-001
 2.9730776e-001
 3.0036899e-001
 3.0036855e-001
 3.0604580e-001
 3.2086316e-001
 3.3608949e-001
 3.4794322e-001
 3.5760722e-001
 3.6660448e-001
 3.7616977e-001
 3.8534495e-001
 3.9339310e-001
 4.0065154e-001
 4.0701982e-001
 4.1203719e-001
 4.1605860e-001
 4.1893774e-001
 4.1996309e-001
 4.1798586e-001
 4.1115487e-001
 3.9831632e-001
 3.8062054e-001
 3.6129758e-001
 3.4606919e-001
 3.4351912e-001
 3.5212988e-001
 3.5868055e-001
 3.6516857e-001
 3.7623921e-001
 3.8614458e-001
 3.9239728e-001
 3.9633179e-001
 3.9814645e-001
 3.9682564e-001
 3.9021543e-001
 3.7457332e-001
 3.4821033e-001
 3.1252569e-001
 3.2473508e-001
 2.8588951e-001
 2.4672769e-001
 2.0911328e-001
 1.7380701e-001
 1.4100781e-001
 1.2163335e-001
 1.2208354e-001
 1.4278433e-001
 1.5676561e-001
 1.6449264e-001
 1.8247305e-001
 2.2092095e-001
 2.6210856e-001
 2.8912461e-001
 3.0612242e-001
 3.1722191e-001
 3.2389465e-001
 3.2538220e-001
 3.2484978e-001
 3.2475537e-001
 3.2158849e-001
 3.1531873e-001
 3.0714226e-001
 2.9847175e-001
 2.9022476e-001
 2.8388572e-001
 2.7715242e-001
 2.7021834e-001
 2.6334697e-001
 2.5892469e-001
 2.5638786e-001
 2.5089785e-001
 2.4287063e-001
 2.3964502e-001
 2.4860436e-001
 2.5632167e-001
 2.5797692e-001
 2.5475323e-001
 2.5117248e-001
 2.5741795e-001
 2.6483196e-001
 2.6802969e-001
 2.6894429e-001
 2.6778460e-001
 2.6483384e-001
 2.5858420e-001
 2.5016645e-001
 2.3930019e-001
 2.2556300e-001
 2.0824994e-001
 1.8865147e-001
 1.6776064e-001
 1.4960279e-001
 1.3734633e-001
 1.3029912e-001
 1.2583582e-001
 1.2365592e-001
 1.2126200e-001
 1.1680949e-001
 1.1283731e-001
 1.1136246e-001
 1.1181122e-001
 1.1360493e-001
