s07_AV97 Record=466: Antigorite NMNH96917.c 120um  BECKb AREF
 1.8575875e-001
 1.8302785e-001
 1.8570359e-001
 1.9127791e-001
 1.9444507e-001
 2.0412725e-001
 2.1417925e-001
 2.2342946e-001
 2.2542132e-001
 2.3345269e-001
 2.4624519e-001
 2.5879517e-001
 2.6945671e-001
 2.7508926e-001
 2.8298867e-001
 2.8419697e-001
 2.8145266e-001
 2.7838928e-001
 2.7819937e-001
 2.7358395e-001
 2.6952437e-001
 2.6271653e-001
 2.5958762e-001
 2.5227162e-001
 2.4627836e-001
 2.4045593e-001
 2.3398235e-001
 2.2748159e-001
 2.2071584e-001
 2.1783732e-001
 2.1358477e-001
 2.1237753e-001
 2.1410273e-001
 2.1307689e-001
 2.0916654e-001
 2.0574977e-001
 2.0469853e-001
 2.0295520e-001
 2.0424953e-001
 2.0520468e-001
 2.0514213e-001
 2.0886090e-001
 2.1522211e-001
 2.2239375e-001
 2.2961275e-001
 2.3351511e-001
 2.3745885e-001
 2.4210235e-001
 2.4469219e-001
 2.3895323e-001
 2.3612298e-001
 2.4241550e-001
 2.4474327e-001
 2.3214035e-001
 2.3272677e-001
 2.3062152e-001
 2.3644313e-001
 2.2766744e-001
 2.2777160e-001
 2.2343503e-001
 2.2772315e-001
 2.3119070e-001
 2.2704023e-001
 2.3298414e-001
 2.3417166e-001
 2.3188196e-001
 2.3458944e-001
 2.3625244e-001
 2.3079516e-001
 2.3460515e-001
 2.3160377e-001
 2.3567922e-001
 2.3128879e-001
 2.3453225e-001
 2.3505063e-001
 2.3599562e-001
 2.3664059e-001
 2.3731284e-001
 2.4049073e-001
 2.4255539e-001
 2.4536377e-001
 2.4739875e-001
 2.5123575e-001
 2.5331327e-001
 2.5773826e-001
 2.6007462e-001
 2.6499352e-001
 2.6952830e-001
 2.7346972e-001
 2.7856040e-001
 2.8805313e-001
 2.9344127e-001
 2.9262686e-001
 2.9926661e-001
 3.0538201e-001
 3.0739579e-001
 3.0257693e-001
 3.0633116e-001
 3.0852598e-001
 3.1532776e-001
 3.2404655e-001
 3.3038595e-001
 3.3409375e-001
 3.4120688e-001
 3.4593102e-001
 3.5099301e-001
 3.5561311e-001
 3.5843486e-001
 3.5562301e-001
 3.1163114e-001
 2.9254016e-001
 3.0741537e-001
 3.4724796e-001
 3.7423971e-001
 3.8717684e-001
 3.9449903e-001
 4.0242821e-001
 4.1117936e-001
 4.1836646e-001
 4.2060322e-001
 4.2486694e-001
 4.3449566e-001
 4.3784532e-001
 4.3879783e-001
 4.4626057e-001
 4.5341402e-001
 4.5424339e-001
 4.5466897e-001
 4.5704198e-001
 4.6256578e-001
 4.7102690e-001
 4.6978357e-001
 4.7317809e-001
 4.7845098e-001
 4.7906312e-001
 4.8239666e-001
 4.8340788e-001
 4.8692429e-001
 4.9014601e-001
 4.9292046e-001
 4.9359712e-001
 4.9493530e-001
 4.9762574e-001
 4.9830088e-001
 4.9859783e-001
 4.9493793e-001
 4.9087989e-001
 4.9819416e-001
 5.0190985e-001
 5.0234222e-001
 5.0430542e-001
 5.0177789e-001
 5.0903428e-001
 5.0384045e-001
 5.0143951e-001
 5.0706542e-001
 5.0644386e-001
 4.9897552e-001
 5.0678992e-001
 5.0723594e-001
 5.0938386e-001
 4.9934885e-001
 4.9089426e-001
 4.8341060e-001
 4.7374278e-001
 4.6390194e-001
 4.5803487e-001
 4.5622945e-001
 4.4443327e-001
 4.3772915e-001
 4.3734387e-001
 4.4385168e-001
 4.4802353e-001
 4.5254463e-001
 4.6327469e-001
 4.6610412e-001
 4.7700539e-001
 4.8582658e-001
 4.8676237e-001
 4.8901492e-001
 4.8564631e-001
 4.7247490e-001
 4.6251890e-001
 4.6280879e-001
 4.6268666e-001
 4.6306425e-001
 4.6289054e-001
 4.7145572e-001
 4.7284809e-001
 4.8005232e-001
 4.8621535e-001
 4.7929817e-001
 4.7748289e-001
 4.7537589e-001
 4.6212414e-001
 4.2815429e-001
 3.8926536e-001
 3.7178960e-001
 3.5328150e-001
 3.4760943e-001
 3.0892429e-001
 2.7914232e-001
 2.6855990e-001
 2.3508932e-001
 2.2153991e-001
 2.0963494e-001
 2.3892185e-001
 2.7497974e-001
 3.1195387e-001
 3.1215987e-001
 2.9390040e-001
 2.8556684e-001
 2.8824341e-001
 2.8341827e-001
 2.7228311e-001
 2.6465666e-001
 2.6057500e-001
 2.5760624e-001
 2.5512260e-001
 2.5242361e-001
 2.4965106e-001
 2.4670839e-001
 2.4350795e-001
 2.4025671e-001
