s07_AV97 Record=433: Anorthite HS349.4B Plagio    ASDFRc AREF
 3.0683461e-001
 3.0831519e-001
 3.2003516e-001
 3.4590563e-001
 3.5935897e-001
 3.6288717e-001
 3.7268129e-001
 3.8098255e-001
 3.8405770e-001
 3.9232713e-001
 4.0326422e-001
 4.1171169e-001
 4.1771248e-001
 4.2300886e-001
 4.2900997e-001
 4.3428263e-001
 4.3801209e-001
 4.4093528e-001
 4.4281977e-001
 4.4351286e-001
 4.4317824e-001
 4.4264257e-001
 4.4177550e-001
 4.4030559e-001
 4.3935910e-001
 4.3828642e-001
 4.3750632e-001
 4.3727756e-001
 4.3642816e-001
 4.3581775e-001
 4.3509284e-001
 4.3429968e-001
 4.3521813e-001
 4.3444613e-001
 4.3366703e-001
 4.3295139e-001
 4.3222821e-001
 4.3142447e-001
 4.3050402e-001
 4.2943922e-001
 4.2829499e-001
 4.2695796e-001
 4.2541456e-001
 4.2359483e-001
 4.2169046e-001
 4.1945317e-001
 4.1707924e-001
 4.1471547e-001
 4.1227621e-001
 4.0989834e-001
 4.0760979e-001
 4.0563536e-001
 4.0388483e-001
 4.0237001e-001
 4.0124026e-001
 4.0032598e-001
 3.9948490e-001
 3.9872229e-001
 3.9793721e-001
 3.9713839e-001
 3.9622089e-001
 3.9497086e-001
 3.9306995e-001
 3.9054742e-001
 3.8844475e-001
 3.8601443e-001
 3.8333434e-001
 3.8039505e-001
 3.7747446e-001
 3.7373704e-001
 3.7051094e-001
 3.6767858e-001
 3.6465168e-001
 3.6239290e-001
 3.6004004e-001
 3.5837346e-001
 3.5686231e-001
 3.5525799e-001
 3.5397658e-001
 3.5290316e-001
 3.5220909e-001
 3.5159776e-001
 3.5119548e-001
 3.5076210e-001
 3.5054228e-001
 3.5081583e-001
 3.5127831e-001
 3.5195845e-001
 3.5305366e-001
 3.5391337e-001
 3.5527146e-001
 3.5698342e-001
 3.5857683e-001
 3.6061522e-001
 3.6242983e-001
 3.6441526e-001
 3.6125565e-001
 3.6337337e-001
 3.6553803e-001
 3.6792368e-001
 3.7016916e-001
 3.7232214e-001
 3.7486136e-001
 3.7744075e-001
 3.8030592e-001
 3.8309607e-001
 3.8601547e-001
 3.8871634e-001
 3.9033023e-001
 3.8807762e-001
 3.7626421e-001
 3.6370546e-001
 3.6968058e-001
 3.8359505e-001
 3.8913038e-001
 3.9290556e-001
 3.9597556e-001
 3.9892250e-001
 4.0060022e-001
 4.0540078e-001
 4.1214874e-001
 4.1618145e-001
 4.1980359e-001
 4.2377234e-001
 4.2755601e-001
 4.3073264e-001
 4.3339136e-001
 4.3556243e-001
 4.3806449e-001
 4.4072086e-001
 4.4323564e-001
 4.4575599e-001
 4.4771257e-001
 4.4944924e-001
 4.5071915e-001
 4.5193151e-001
 4.5304444e-001
 4.5387077e-001
 4.5460907e-001
 4.5490274e-001
 4.5501822e-001
 4.5543733e-001
 4.5633963e-001
 4.5707127e-001
 4.5727760e-001
 4.5750237e-001
 4.5755082e-001
 4.5763585e-001
 4.5809248e-001
 4.5864800e-001
 4.5843467e-001
 4.5860997e-001
 4.5846823e-001
 4.5779383e-001
 4.5727006e-001
 4.5688182e-001
 4.5598596e-001
 4.5361346e-001
 4.4837168e-001
 4.3816146e-001
 4.4305295e-001
 4.2813689e-001
 4.0331030e-001
 3.8113573e-001
 3.7528488e-001
 3.7868813e-001
 3.8378748e-001
 3.8709044e-001
 3.9026088e-001
 3.9355066e-001
 3.9770496e-001
 4.0211272e-001
 4.0727800e-001
 4.1230536e-001
 4.1805065e-001
 4.2309615e-001
 4.2698950e-001
 4.2992690e-001
 4.3214208e-001
 4.3385166e-001
 4.3528435e-001
 4.3601853e-001
 4.3590230e-001
 4.3558455e-001
 4.3478459e-001
 4.3344593e-001
 4.3100584e-001
 4.2700225e-001
 4.1873819e-001
 4.0675721e-001
 3.9593920e-001
 3.8816577e-001
 3.8642561e-001
 3.9008221e-001
 3.8689122e-001
 3.7246060e-001
 3.5474792e-001
 3.4001952e-001
 3.3137360e-001
 3.3392349e-001
 3.3352539e-001
 3.2655200e-001
 3.2076114e-001
 3.1303859e-001
 2.9714614e-001
 2.7717692e-001
 2.6800013e-001
 2.6740372e-001
 2.6826480e-001
 2.8014308e-001
 2.9238179e-001
 2.9863435e-001
 3.0279508e-001
 3.0423099e-001
 3.0343232e-001
 3.0026779e-001
 2.9606891e-001
 2.9211342e-001
 2.8691962e-001
 2.8192386e-001
 2.7850920e-001
 2.7549753e-001
 2.7498430e-001
-1.2300000e+034
