s07_AV97 Record=3252: Topaz Glen_Cove_#8           NIC4bb RREF
-1.2300000e+034
-1.2300000e+034
-1.2300000e+034
-1.2300000e+034
-1.2300000e+034
-1.2300000e+034
-1.2300000e+034
-1.2300000e+034
-1.2300000e+034
-1.2300000e+034
-1.2300000e+034
-1.2300000e+034
-1.2300000e+034
-1.2300000e+034
-1.2300000e+034
-1.2300000e+034
-1.2300000e+034
-1.2300000e+034
-1.2300000e+034
-1.2300000e+034
-1.2300000e+034
-1.2300000e+034
-1.2300000e+034
-1.2300000e+034
-1.2300000e+034
-1.2300000e+034
-1.2300000e+034
-1.2300000e+034
-1.2300000e+034
-1.2300000e+034
-1.2300000e+034
-1.2300000e+034
-1.2300000e+034
-1.2300000e+034
-1.2300000e+034
-1.2300000e+034
-1.2300000e+034
-1.2300000e+034
-1.2300000e+034
-1.2300000e+034
-1.2300000e+034
-1.2300000e+034
-1.2300000e+034
-1.2300000e+034
-1.2300000e+034
-1.2300000e+034
-1.2300000e+034
-1.2300000e+034
-1.2300000e+034
-1.2300000e+034
-1.2300000e+034
-1.2300000e+034
-1.2300000e+034
-1.2300000e+034
-1.2300000e+034
-1.2300000e+034
-1.2300000e+034
-1.2300000e+034
-1.2300000e+034
-1.2300000e+034
-1.2300000e+034
-1.2300000e+034
-1.2300000e+034
-1.2300000e+034
-1.2300000e+034
-1.2300000e+034
-1.2300000e+034
-1.2300000e+034
-1.2300000e+034
-1.2300000e+034
-1.2300000e+034
-1.2300000e+034
-1.2300000e+034
-1.2300000e+034
-1.2300000e+034
-1.2300000e+034
-1.2300000e+034
-1.2300000e+034
-1.2300000e+034
-1.2300000e+034
-1.2300000e+034
-1.2300000e+034
-1.2300000e+034
-1.2300000e+034
-1.2300000e+034
-1.2300000e+034
-1.2300000e+034
-1.2300000e+034
-1.2300000e+034
-1.2300000e+034
-1.2300000e+034
-1.2300000e+034
-1.2300000e+034
-1.2300000e+034
-1.2300000e+034
-1.2300000e+034
-1.2300000e+034
-1.2300000e+034
-1.2300000e+034
-1.2300000e+034
-1.2300000e+034
-1.2300000e+034
-1.2300000e+034
-1.2300000e+034
-1.2300000e+034
-1.2300000e+034
-1.2300000e+034
-1.2300000e+034
-1.2300000e+034
 8.3621913e-001
 8.1791049e-001
 7.6813370e-001
 7.8474730e-001
 7.8389132e-001
 7.7551347e-001
 7.6838750e-001
 7.6206279e-001
 7.5694460e-001
 7.5384104e-001
 7.5261039e-001
 7.5265640e-001
 7.5359994e-001
 7.5466335e-001
 7.5571173e-001
 7.5767326e-001
 7.6121897e-001
 7.6512915e-001
 7.6886779e-001
 7.7189690e-001
 7.7444166e-001
 7.7710664e-001
 7.8067392e-001
 7.8481555e-001
 7.8929275e-001
 7.9294193e-001
 7.9574263e-001
 7.9808772e-001
 8.0047512e-001
 8.0284905e-001
 8.0293810e-001
 8.0903238e-001
 8.1277251e-001
 8.1409419e-001
 8.1501055e-001
 8.1675375e-001
 8.1903529e-001
 8.2164794e-001
 8.2394868e-001
 8.2625604e-001
 8.2770216e-001
 8.2807934e-001
 8.2866251e-001
 8.2956755e-001
 8.3159012e-001
 8.3390170e-001
 8.3628875e-001
 8.3731681e-001
 8.3757752e-001
 8.3881313e-001
 8.3589280e-001
 8.3687264e-001
 8.3509934e-001
 8.3518744e-001
 8.3557636e-001
 8.3603185e-001
 8.3623922e-001
 8.3695269e-001
 8.3730555e-001
 8.3708227e-001
 8.3633375e-001
 8.3575851e-001
 8.3518285e-001
 8.3451229e-001
 8.3464605e-001
 8.3584654e-001
 8.3654761e-001
 8.3629882e-001
 8.3376175e-001
 8.2539338e-001
 7.8752780e-001
 6.4652246e-001
 6.8369555e-001
 7.9112476e-001
 8.1527203e-001
 8.2094151e-001
 8.1715930e-001
 8.0345470e-001
 7.9387742e-001
 7.9782575e-001
 8.0580324e-001
 8.0911231e-001
 8.1232113e-001
 8.0823028e-001
 8.0523509e-001
 8.1163126e-001
 8.1927645e-001
 8.2095474e-001
 8.1911749e-001
 8.0759853e-001
 8.1220627e-001
 8.1853503e-001
 8.1569529e-001
 8.0765468e-001
 8.0204624e-001
 7.9615039e-001
 7.8979200e-001
 7.8781223e-001
 7.8660798e-001
 7.8539848e-001
 7.8120774e-001
 7.8009182e-001
 7.8038079e-001
 7.7619481e-001
 7.7107352e-001
 7.6199216e-001
 7.5935221e-001
 7.6056731e-001
 7.5515252e-001
 7.4046165e-001
 7.2437829e-001
 7.1858341e-001
 7.0637369e-001
 6.8077952e-001
 6.6336811e-001
