s07_AV97 Record=317: Analcime GDS1 Zeolite         BECKa AREF
 7.7592987e-001
 7.8223181e-001
 7.9100966e-001
 7.9682291e-001
 8.0252010e-001
 8.0873120e-001
 8.1355393e-001
 8.1910056e-001
 8.2539451e-001
 8.2862502e-001
 8.3165962e-001
 8.3735949e-001
 8.3987224e-001
 8.4539133e-001
 8.4653205e-001
 8.5093528e-001
 8.5356641e-001
 8.5717005e-001
 8.6055595e-001
 8.6245310e-001
 8.6540651e-001
 8.7091064e-001
 8.7368262e-001
 8.7351894e-001
 8.7563330e-001
 8.7742144e-001
 8.8090879e-001
 8.8194400e-001
 8.8268948e-001
 8.8652188e-001
 8.8622737e-001
 8.8636696e-001
 8.8657737e-001
 8.8621789e-001
 8.8725126e-001
 8.8934070e-001
 8.9130282e-001
 8.8938934e-001
 8.9282578e-001
 8.9407998e-001
 8.9255583e-001
 8.9425302e-001
 8.9902490e-001
 9.0041256e-001
 9.0255380e-001
 9.0346932e-001
 9.0636998e-001
 9.0441847e-001
 9.1052520e-001
 9.0937644e-001
 9.0491241e-001
 9.0519673e-001
 9.1181177e-001
 9.0919799e-001
 9.1150123e-001
 9.0898412e-001
 9.0670621e-001
 9.1132635e-001
 9.0648222e-001
 9.0370053e-001
 8.9739186e-001
 8.9082015e-001
 8.8760710e-001
 8.7212783e-001
 8.4577066e-001
 8.5678166e-001
 8.7412971e-001
 8.8607985e-001
 8.9502448e-001
 8.9912403e-001
 9.0151483e-001
 8.9892089e-001
 9.0193582e-001
 8.9955461e-001
 8.9917207e-001
 8.9855868e-001
 8.9766341e-001
 8.9574307e-001
 8.9012647e-001
 8.8617277e-001
 8.8355589e-001
 8.7841517e-001
 8.6709738e-001
 8.1552553e-001
 7.7693021e-001
 8.2643682e-001
 8.5432118e-001
 8.5815263e-001
 8.6477149e-001
 8.7595916e-001
 8.8037187e-001
 8.8047296e-001
 8.8045722e-001
 8.8460153e-001
 8.8426125e-001
 8.8498449e-001
 8.8462299e-001
 8.8490224e-001
 8.8516515e-001
 8.8225025e-001
 8.7574595e-001
 8.7113005e-001
 8.6519772e-001
 8.4991974e-001
 8.2056189e-001
 7.9274160e-001
 7.7405792e-001
 7.6614571e-001
 7.6054478e-001
 7.3846108e-001
 6.9841260e-001
 6.3097888e-001
 5.0835276e-001
 4.3087009e-001
 4.8941466e-001
 5.8240235e-001
 6.3839495e-001
 6.2810498e-001
 6.5075326e-001
 7.1762908e-001
 7.6119089e-001
 7.8808308e-001
 8.0559313e-001
 8.2280499e-001
 8.3580405e-001
 8.4382391e-001
 8.5343975e-001
 8.5922718e-001
 8.6321872e-001
 8.6955804e-001
 8.7566584e-001
 8.7542015e-001
 8.7943417e-001
 8.8318551e-001
 8.8402408e-001
 8.8422245e-001
 8.8543367e-001
 8.8322973e-001
 8.8077074e-001
 8.7626612e-001
 8.7080258e-001
 8.6746544e-001
 8.5614014e-001
 8.4380567e-001
 8.2723421e-001
 8.0266923e-001
 7.6750666e-001
 7.3095107e-001
 6.9747776e-001
 6.7968369e-001
 6.7521101e-001
 6.6845948e-001
 6.8441564e-001
 7.1226043e-001
 7.2964245e-001
 7.3157018e-001
 7.2134560e-001
 6.9963765e-001
 6.5565896e-001
 5.7146120e-001
 6.0250950e-001
 5.0020921e-001
 3.6372080e-001
 2.3056282e-001
 2.4091078e-001
 3.4608269e-001
 4.2472094e-001
 4.8127347e-001
 5.3131729e-001
 5.8305955e-001
 6.2717676e-001
 6.6428941e-001
 6.8598360e-001
 6.9932348e-001
 7.0990533e-001
 7.1506500e-001
 7.1541578e-001
 7.1944940e-001
 7.1876860e-001
 7.2125334e-001
 7.2251093e-001
 7.2003174e-001
 7.1492547e-001
 7.0561635e-001
 6.9290465e-001
 6.8613017e-001
 6.8286991e-001
 6.8558091e-001
 6.8654233e-001
 6.9359088e-001
 6.9874549e-001
 6.9527346e-001
 6.9703090e-001
 6.9811517e-001
 6.9547492e-001
 6.9085222e-001
 6.8685871e-001
 6.8422633e-001
 6.8306947e-001
 6.7731833e-001
 6.7346132e-001
 6.6481954e-001
 6.5571856e-001
 6.4557934e-001
 6.4099997e-001
 6.3812852e-001
 6.2470943e-001
 6.1880881e-001
 6.1000568e-001
 5.9556711e-001
 5.7731736e-001
 5.5291939e-001
 5.2926099e-001
 4.9685720e-001
 4.5666131e-001
 4.1504589e-001
 3.7402928e-001
 3.3457041e-001
 3.0198988e-001
 2.7128154e-001
 2.4790770e-001
 2.3095578e-001
 2.1900566e-001
 2.1080086e-001
