s07_AV97 Record=2915: Sauconite GDS135            NIC4bbu RREF
-1.2300000e+034
-1.2300000e+034
-1.2300000e+034
-1.2300000e+034
-1.2300000e+034
-1.2300000e+034
-1.2300000e+034
-1.2300000e+034
-1.2300000e+034
-1.2300000e+034
-1.2300000e+034
-1.2300000e+034
-1.2300000e+034
-1.2300000e+034
-1.2300000e+034
-1.2300000e+034
-1.2300000e+034
-1.2300000e+034
-1.2300000e+034
-1.2300000e+034
-1.2300000e+034
-1.2300000e+034
-1.2300000e+034
-1.2300000e+034
-1.2300000e+034
-1.2300000e+034
-1.2300000e+034
-1.2300000e+034
-1.2300000e+034
-1.2300000e+034
-1.2300000e+034
-1.2300000e+034
-1.2300000e+034
-1.2300000e+034
-1.2300000e+034
-1.2300000e+034
-1.2300000e+034
-1.2300000e+034
-1.2300000e+034
-1.2300000e+034
-1.2300000e+034
-1.2300000e+034
-1.2300000e+034
-1.2300000e+034
-1.2300000e+034
-1.2300000e+034
-1.2300000e+034
-1.2300000e+034
-1.2300000e+034
-1.2300000e+034
-1.2300000e+034
-1.2300000e+034
-1.2300000e+034
-1.2300000e+034
-1.2300000e+034
-1.2300000e+034
-1.2300000e+034
-1.2300000e+034
-1.2300000e+034
-1.2300000e+034
-1.2300000e+034
-1.2300000e+034
-1.2300000e+034
-1.2300000e+034
-1.2300000e+034
-1.2300000e+034
-1.2300000e+034
-1.2300000e+034
-1.2300000e+034
-1.2300000e+034
-1.2300000e+034
-1.2300000e+034
-1.2300000e+034
-1.2300000e+034
-1.2300000e+034
-1.2300000e+034
-1.2300000e+034
-1.2300000e+034
-1.2300000e+034
-1.2300000e+034
-1.2300000e+034
-1.2300000e+034
-1.2300000e+034
-1.2300000e+034
-1.2300000e+034
-1.2300000e+034
-1.2300000e+034
-1.2300000e+034
-1.2300000e+034
-1.2300000e+034
-1.2300000e+034
-1.2300000e+034
-1.2300000e+034
-1.2300000e+034
-1.2300000e+034
-1.2300000e+034
-1.2300000e+034
-1.2300000e+034
-1.2300000e+034
-1.2300000e+034
-1.2300000e+034
-1.2300000e+034
-1.2300000e+034
-1.2300000e+034
-1.2300000e+034
-1.2300000e+034
-1.2300000e+034
-1.2300000e+034
-1.2300000e+034
-1.2300000e+034
-1.2300000e+034
-1.2300000e+034
-1.2300000e+034
-1.2300000e+034
-1.2300000e+034
-1.2300000e+034
-1.2300000e+034
-1.2300000e+034
-1.2300000e+034
-1.2300000e+034
-1.2300000e+034
-1.2300000e+034
-1.2300000e+034
-1.2300000e+034
-1.2300000e+034
-1.2300000e+034
-1.2300000e+034
-1.2300000e+034
-1.2300000e+034
-1.2300000e+034
-1.2300000e+034
-1.2300000e+034
-1.2300000e+034
-1.2300000e+034
-1.2300000e+034
-1.2300000e+034
-1.2300000e+034
-1.2300000e+034
-1.2300000e+034
-1.2300000e+034
-1.2300000e+034
 4.1327006e-001
 4.1452426e-001
 4.1524139e-001
 4.1567162e-001
 4.1593665e-001
 4.1600624e-001
 4.1582939e-001
 4.1534248e-001
 4.1421497e-001
 4.1323274e-001
 4.1245687e-001
 4.1186300e-001
 4.1099432e-001
 4.0960851e-001
 4.0705279e-001
 4.0219313e-001
 3.9218056e-001
 3.7137869e-001
 3.3401394e-001
 3.4805673e-001
 2.9649898e-001
 2.3749253e-001
 2.1272928e-001
 2.2331516e-001
 2.4355231e-001
 2.6128876e-001
 2.7465749e-001
 2.8474274e-001
 2.9310292e-001
 3.0156213e-001
 3.1072000e-001
 3.2074153e-001
 3.3118242e-001
 3.4134734e-001
 3.5060683e-001
 3.5831025e-001
 3.6475560e-001
 3.6994016e-001
 3.7369794e-001
 3.7650231e-001
 3.7839922e-001
 3.7890336e-001
 3.7844893e-001
 3.7987319e-001
 3.8164920e-001
 3.8258576e-001
 3.8281283e-001
 3.8258532e-001
 3.8158426e-001
 3.7942010e-001
 3.7649730e-001
 3.7397298e-001
 3.7286875e-001
 3.7290829e-001
 3.7242976e-001
 3.6924130e-001
 3.6057815e-001
 3.5428950e-001
 3.5497138e-001
 3.5369569e-001
 3.4738716e-001
 3.3408991e-001
 3.1160408e-001
 2.8458109e-001
 2.6586312e-001
 2.5372675e-001
 2.5635010e-001
 2.7192456e-001
 2.8289235e-001
 2.8589854e-001
 2.8199220e-001
 2.7182230e-001
 2.5803131e-001
 2.4787982e-001
 2.4435154e-001
 2.4733773e-001
 2.4702890e-001
 2.4279794e-001
 2.3907499e-001
 2.3594092e-001
 2.3162715e-001
 2.2670995e-001
 2.2229017e-001
