s07_AV97 Record=3370: Tremolite HS18.1B            ASDFRc AREF
 7.7786338e-001
 7.8928012e-001
 8.0028075e-001
 8.1066883e-001
 8.1932026e-001
 8.2762408e-001
 8.3510274e-001
 8.4127969e-001
 8.4699166e-001
 8.5204214e-001
 8.5692334e-001
 8.6177796e-001
 8.6626571e-001
 8.7032533e-001
 8.7388390e-001
 8.7730348e-001
 8.8016945e-001
 8.8247406e-001
 8.8494658e-001
 8.8733041e-001
 8.9008439e-001
 8.9336926e-001
 8.9692795e-001
 9.0062386e-001
 9.0497994e-001
 9.0884894e-001
 9.1244835e-001
 9.1547722e-001
 9.1769129e-001
 9.1975284e-001
 9.2158979e-001
 9.2288393e-001
 9.2133576e-001
 9.2270148e-001
 9.2372823e-001
 9.2509234e-001
 9.2628634e-001
 9.2746645e-001
 9.2813390e-001
 9.2883188e-001
 9.2974263e-001
 9.3035263e-001
 9.3107933e-001
 9.3136799e-001
 9.3151581e-001
 9.3172586e-001
 9.3151987e-001
 9.3143970e-001
 9.3079919e-001
 9.3036115e-001
 9.2998719e-001
 9.2914546e-001
 9.2820549e-001
 9.2777181e-001
 9.2646402e-001
 9.2600596e-001
 9.2459154e-001
 9.2342776e-001
 9.2235184e-001
 9.2047226e-001
 9.1809016e-001
 9.1549313e-001
 9.0992862e-001
 9.1023463e-001
 9.0711200e-001
 9.0378696e-001
 9.0061092e-001
 8.9706957e-001
 8.9488488e-001
 8.9301085e-001
 8.9260942e-001
 8.9263117e-001
 8.9440221e-001
 8.9673871e-001
 9.0187192e-001
 9.0752327e-001
 9.1311151e-001
 9.1794211e-001
 9.2301190e-001
 9.2644560e-001
 9.2956978e-001
 9.3145430e-001
 9.3349415e-001
 9.3535262e-001
 9.3700302e-001
 9.3828422e-001
 9.3913478e-001
 9.3946975e-001
 9.4032156e-001
 9.4178563e-001
 9.4271529e-001
 9.4428146e-001
 9.4542062e-001
 9.4661182e-001
 9.4765747e-001
 9.4739568e-001
 9.4738322e-001
 9.4761693e-001
 9.4749659e-001
 9.4883549e-001
 9.4906169e-001
 9.5051247e-001
 9.5136476e-001
 9.5137769e-001
 9.5216441e-001
 9.5307529e-001
 9.5178270e-001
 9.4937867e-001
 9.4280988e-001
 9.2164963e-001
 8.7336606e-001
 9.2908233e-001
 9.4187593e-001
 9.4388068e-001
 9.4497454e-001
 9.4628900e-001
 9.4758677e-001
 9.4817871e-001
 9.4902307e-001
 9.4912517e-001
 9.4996899e-001
 9.5097435e-001
 9.5247406e-001
 9.5270306e-001
 9.5373303e-001
 9.5480233e-001
 9.5536804e-001
 9.5504224e-001
 9.5568091e-001
 9.5547044e-001
 9.5531279e-001
 9.5549911e-001
 9.5628828e-001
 9.5778745e-001
 9.5806998e-001
 9.5817846e-001
 9.5808464e-001
 9.5789325e-001
 9.5756930e-001
 9.5806319e-001
 9.5712787e-001
 9.5533931e-001
 9.5570451e-001
 9.5504028e-001
 9.5457208e-001
 9.5368189e-001
 9.5234698e-001
 9.5107967e-001
 9.5183325e-001
 9.5381492e-001
 9.5333666e-001
 9.5260149e-001
 9.5150757e-001
 9.5045221e-001
 9.4981110e-001
 9.4854057e-001
 9.4866908e-001
 9.4735307e-001
 9.4450128e-001
 9.4030738e-001
 9.4212532e-001
 9.3712568e-001
 9.2838234e-001
 9.1925973e-001
 9.1605234e-001
 9.1643578e-001
 9.2009240e-001
 9.2148262e-001
 9.2199343e-001
 9.2258900e-001
 9.2202634e-001
 9.2161411e-001
 9.2260778e-001
 9.2372507e-001
 9.2586046e-001
 9.2942339e-001
 9.2800653e-001
 9.2722833e-001
 9.2593002e-001
 9.2571557e-001
 9.2603123e-001
 9.2389876e-001
 9.2290610e-001
 9.1436559e-001
 9.1382569e-001
 9.1578269e-001
 9.1980308e-001
 9.2011333e-001
 9.2077154e-001
 9.2202824e-001
 9.1958797e-001
 9.2018855e-001
 9.1869199e-001
 9.1535437e-001
 9.1266769e-001
 9.0920126e-001
 9.0021396e-001
 8.9366663e-001
 8.8806337e-001
 8.6579365e-001
 8.3405030e-001
 7.9964322e-001
 7.5979680e-001
 7.5190175e-001
 7.5895470e-001
 8.3038557e-001
 8.6960286e-001
 8.6930078e-001
 8.6142474e-001
 8.3883929e-001
 8.0107653e-001
 7.9069012e-001
 8.2988673e-001
 8.5124016e-001
 8.5202593e-001
 8.5530543e-001
 8.4852046e-001
 8.4168351e-001
 8.3713657e-001
 8.3548015e-001
 8.3542520e-001
 8.3568895e-001
 8.3665317e-001
-1.2300000e+034
