s07_AV97 Record=2673: Psilomelane HS139.3B          BECKb AREF
 4.6497740e-002
 4.6553969e-002
 4.6846412e-002
 4.6456013e-002
 4.6557240e-002
 4.6458051e-002
 4.6263732e-002
 4.5929711e-002
 4.5608431e-002
 4.4852648e-002
 4.4429861e-002
 4.4137545e-002
 4.3738164e-002
 4.3355342e-002
 4.3040786e-002
 4.2787157e-002
 4.2443536e-002
 4.2253446e-002
 4.1745134e-002
 4.1103777e-002
 4.0973589e-002
 4.1126773e-002
 4.0976312e-002
 4.0615533e-002
 4.0216140e-002
 4.0278971e-002
 3.9900862e-002
 3.9852507e-002
 3.9967727e-002
 4.0029690e-002
 4.0202681e-002
 4.0360585e-002
 4.0180121e-002
 4.0332146e-002
 4.0119179e-002
 4.0236231e-002
 4.0345721e-002
 4.0176470e-002
 4.0468484e-002
 4.0583763e-002
 4.0466741e-002
 4.0721409e-002
 4.0680647e-002
 4.0692732e-002
 4.0492289e-002
 4.0528677e-002
 4.0506810e-002
 4.0669542e-002
 4.0805042e-002
 4.0743753e-002
 4.1305017e-002
 4.0766522e-002
 4.0281639e-002
 4.1382615e-002
 4.2568326e-002
 4.1962568e-002
-1.2300000e+034
-1.2300000e+034
 4.1409615e-002
 4.3178603e-002
 3.9908059e-002
 4.1962139e-002
 4.2239536e-002
 4.1340809e-002
 4.2182703e-002
 4.1114438e-002
 4.0921841e-002
 4.1453395e-002
 4.1454304e-002
 4.0389210e-002
 4.1157607e-002
 4.2089585e-002
 4.0866766e-002
 4.2782031e-002
 4.2466663e-002
 4.1636344e-002
 4.2348173e-002
 4.2845000e-002
 4.2274252e-002
 4.2029403e-002
 4.1690171e-002
 4.2942699e-002
 4.1838333e-002
 4.2010888e-002
 4.2139784e-002
 4.1454401e-002
 4.2677149e-002
 4.3798491e-002
 4.2574897e-002
 4.2762425e-002
 4.3128829e-002
 4.3472443e-002
 4.2887442e-002
 4.3553695e-002
 4.3874923e-002
 4.4643093e-002
 4.3261401e-002
 4.4445135e-002
 4.4140570e-002
 4.3714102e-002
 4.4304553e-002
 4.3967877e-002
 4.4439323e-002
 4.3887123e-002
 4.3896042e-002
 4.4041902e-002
 4.4674195e-002
 4.4681080e-002
 4.5093939e-002
 4.5510735e-002
 4.5854140e-002
 4.4693168e-002
 4.5729723e-002
 4.5530893e-002
 4.5233414e-002
 4.6801113e-002
 4.6889883e-002
 4.6158355e-002
 4.5474511e-002
 4.8035935e-002
 4.6671893e-002
 4.5989960e-002
 4.7386006e-002
 4.7668353e-002
 4.7510494e-002
 4.8394598e-002
 4.9294490e-002
 4.8258271e-002
 4.9021479e-002
 4.8446681e-002
 4.9780779e-002
 4.9554385e-002
 4.9704798e-002
 4.9781464e-002
 4.9664829e-002
 5.0794885e-002
 5.0219759e-002
 4.9072038e-002
 5.0074417e-002
 5.2194461e-002
 5.2547067e-002
 5.0897405e-002
 5.1689863e-002
 4.9845383e-002
 5.0073992e-002
 5.2486654e-002
 5.3315409e-002
 5.2382719e-002
 5.2742030e-002
 5.4684620e-002
 5.4992288e-002
 5.3139593e-002
 5.3289607e-002
 5.2895289e-002
 5.5244628e-002
 5.3808838e-002
 5.4081202e-002
 5.5621330e-002
 5.6356866e-002
 5.5167455e-002
 5.5839941e-002
 5.4050140e-002
 5.6457750e-002
 5.7449482e-002
 5.5339232e-002
 5.8743495e-002
 5.7352357e-002
 5.5682138e-002
 5.7271320e-002
 5.6858502e-002
 5.6666296e-002
 5.6785662e-002
 5.7594195e-002
 5.8959670e-002
 5.7921499e-002
 5.6507174e-002
 5.8161028e-002
 5.8205094e-002
 5.7110112e-002
 6.0322601e-002
 5.9612986e-002
 6.0880847e-002
 6.1612569e-002
 5.9673499e-002
 6.1236259e-002
 6.1534315e-002
 6.2518775e-002
 6.3235782e-002
 6.1094865e-002
 6.1403941e-002
 5.9536390e-002
 6.2529407e-002
 6.4606495e-002
 6.4144224e-002
 6.6074051e-002
 6.5130644e-002
 6.3646436e-002
 6.3378744e-002
 6.6096798e-002
 6.7384228e-002
 6.6227756e-002
 6.4677641e-002
 6.7378722e-002
 6.5769337e-002
 6.7316703e-002
 6.9626197e-002
 6.7186743e-002
 6.7448117e-002
 6.6508085e-002
 6.6891946e-002
 6.9633730e-002
 6.7795008e-002
 6.8007715e-002
 6.8303421e-002
 6.8190388e-002
 6.8443716e-002
 6.8769366e-002
 6.8669893e-002
 6.8378091e-002
 6.8329014e-002
 6.8886332e-002
 6.9711201e-002
 7.0331052e-002
 7.0444621e-002
