s07_AV97 Record=1962: Magnetite HS195.2B           ASDFRb AREF
 8.4135704e-002
 8.4107466e-002
 8.3909065e-002
 8.3540209e-002
 8.2944795e-002
 8.2285613e-002
 8.1482455e-002
 8.0541670e-002
 7.9605289e-002
 7.8892678e-002
 7.8463085e-002
 7.8226708e-002
 7.7941172e-002
 7.7602945e-002
 7.7268429e-002
 7.6965675e-002
 7.6770894e-002
 7.6641828e-002
 7.6601699e-002
 7.6640591e-002
 7.6708913e-002
 7.6744273e-002
 7.6769046e-002
 7.6790966e-002
 7.6801479e-002
 7.6826796e-002
 7.6839618e-002
 7.6807819e-002
 7.6708056e-002
 7.6534994e-002
 7.6295853e-002
 7.6012142e-002
 7.6336801e-002
 7.6076210e-002
 7.5749151e-002
 7.5388342e-002
 7.4962437e-002
 7.4518733e-002
 7.4039511e-002
 7.3511355e-002
 7.2964765e-002
 7.2373837e-002
 7.1767107e-002
 7.1125194e-002
 7.0475169e-002
 6.9797568e-002
 6.9105566e-002
 6.8437293e-002
 6.7744881e-002
 6.7057878e-002
 6.6398934e-002
 6.5753147e-002
 6.5118991e-002
 6.4520665e-002
 6.3948326e-002
 6.3399762e-002
 6.2888578e-002
 6.2404837e-002
 6.1947711e-002
 6.1529104e-002
 6.1151430e-002
 6.0815543e-002
 6.0496863e-002
 6.0240846e-002
 5.9960436e-002
 5.9723932e-002
 5.9553668e-002
 5.9560310e-002
 5.9176542e-002
 5.9335176e-002
 5.9112757e-002
 5.9007347e-002
 5.8991116e-002
 5.8998149e-002
 5.9107587e-002
 5.9144486e-002
 5.9335820e-002
 5.9385054e-002
 5.9565850e-002
 5.9805553e-002
 6.0011692e-002
 6.0301371e-002
 6.0605444e-002
 6.0990028e-002
 6.1250847e-002
 6.1608914e-002
 6.1965823e-002
 6.2345095e-002
 6.2832326e-002
 6.3274272e-002
 6.3732259e-002
 6.4302951e-002
 6.4717866e-002
 6.5273479e-002
 6.5756641e-002
 6.6285960e-002
 6.5486126e-002
 6.6011555e-002
 6.6527173e-002
 6.7086905e-002
 6.7675188e-002
 6.8193369e-002
 6.8808444e-002
 6.9326438e-002
 6.9905296e-002
 7.0470326e-002
 7.1034513e-002
 7.1613245e-002
 7.2208904e-002
 7.2794855e-002
 7.3357202e-002
 7.3890798e-002
 7.4417256e-002
 7.5036764e-002
 7.5622946e-002
 7.6229542e-002
 7.6707259e-002
 7.7243477e-002
 7.7814534e-002
 7.8339420e-002
 7.8860454e-002
 7.9373397e-002
 7.9932965e-002
 8.0532201e-002
 8.1026308e-002
 8.1550241e-002
 8.2098730e-002
 8.2635447e-002
 8.3176374e-002
 8.3645336e-002
 8.4193215e-002
 8.4750861e-002
 8.5293986e-002
 8.5747913e-002
 8.6248137e-002
 8.6734444e-002
 8.7239958e-002
 8.7727845e-002
 8.8268138e-002
 8.8689484e-002
 8.9165129e-002
 8.9681797e-002
 9.0132006e-002
 9.0609871e-002
 9.0995476e-002
 9.1350473e-002
 9.1756605e-002
 9.2154250e-002
 9.2600331e-002
 9.2989959e-002
 9.3408406e-002
 9.3724564e-002
 9.4126843e-002
 9.4470516e-002
 9.4832808e-002
 9.5258355e-002
 9.5686100e-002
 9.6075334e-002
 9.6383162e-002
 9.6790038e-002
 9.6705049e-002
 9.7005479e-002
 9.7257063e-002
 9.7608924e-002
 9.7886868e-002
 9.8204598e-002
 9.8600119e-002
 9.8940700e-002
 9.9184267e-002
 9.9412426e-002
 9.9681951e-002
 1.0001149e-001
 1.0033737e-001
 1.0074988e-001
 1.0110725e-001
 1.0153325e-001
 1.0198767e-001
 1.0233738e-001
 1.0275191e-001
 1.0316171e-001
 1.0351115e-001
 1.0377575e-001
 1.0402305e-001
 1.0439368e-001
 1.0468717e-001
 1.0487115e-001
 1.0517679e-001
 1.0534792e-001
 1.0554707e-001
 1.0584541e-001
 1.0591820e-001
 1.0611547e-001
 1.0644567e-001
 1.0680786e-001
 1.0704520e-001
 1.0721315e-001
 1.0745173e-001
 1.0774901e-001
 1.0789982e-001
 1.0825613e-001
 1.0843941e-001
 1.0860036e-001
 1.0887690e-001
 1.0899733e-001
 1.0929742e-001
 1.0955904e-001
 1.0977988e-001
 1.0995056e-001
 1.1008597e-001
 1.1023982e-001
 1.1046063e-001
 1.1063091e-001
 1.1087380e-001
 1.1117329e-001
 1.1118709e-001
 1.1104896e-001
 1.1139026e-001
 1.1149532e-001
 1.1159322e-001
 1.1123764e-001
 1.1195508e-001
 1.1151355e-001
 1.1102737e-001
-1.2300000e+034
