s07_AV97 Record=808: Chlorite SMR-13.d 30-45um     BECKa AREF
 1.7157669e-001
 1.7955804e-001
 1.8872789e-001
 1.9621204e-001
 2.0273446e-001
 2.1599209e-001
 2.3184000e-001
 2.4547644e-001
 2.5715393e-001
 2.6667795e-001
 2.7781951e-001
 2.9195279e-001
 3.0534542e-001
 3.1433409e-001
 3.2596120e-001
 3.3504811e-001
 3.4076300e-001
 3.4505916e-001
 3.5103959e-001
 3.5535321e-001
 3.5778016e-001
 3.6064765e-001
 3.5969466e-001
 3.5515469e-001
 3.4996200e-001
 3.4380004e-001
 3.3803633e-001
 3.3044314e-001
 3.2405889e-001
 3.1878114e-001
 3.1276715e-001
 3.0722821e-001
 3.1393754e-001
 3.0780452e-001
 3.0381069e-001
 3.0006185e-001
 2.9940215e-001
 2.9980016e-001
 3.0224767e-001
 3.0661592e-001
 3.1239742e-001
 3.1906277e-001
 3.2642254e-001
 3.3473024e-001
 3.4337384e-001
 3.5043785e-001
 3.5494253e-001
 3.5756755e-001
 3.5611761e-001
 3.5303465e-001
 3.5234916e-001
 3.4199253e-001
 3.3418059e-001
 3.3674198e-001
 3.3463588e-001
 3.3390352e-001
 3.3102989e-001
 3.3435854e-001
 3.3627567e-001
 3.3866447e-001
 3.4188628e-001
 3.4835458e-001
 3.5029325e-001
 3.5192275e-001
 3.6350855e-001
 3.6605328e-001
 3.6761191e-001
 3.6880201e-001
 3.6876386e-001
 3.7031308e-001
 3.7045464e-001
 3.6825538e-001
 3.7125602e-001
 3.6914444e-001
 3.7272897e-001
 3.7461564e-001
 3.7453923e-001
 3.7540480e-001
 3.7349695e-001
 3.8066643e-001
 3.8442183e-001
 3.8732138e-001
 3.8910511e-001
 3.9486924e-001
 4.0260863e-001
 4.0523681e-001
 4.1317743e-001
 4.1893125e-001
 4.2469996e-001
 4.3531278e-001
 4.4040537e-001
 4.4660661e-001
 4.5369700e-001
 4.6245018e-001
 4.6786493e-001
 4.7560903e-001
 4.6493095e-001
 4.7226590e-001
 4.8241153e-001
 4.8966524e-001
 5.0151861e-001
 5.0256246e-001
 5.1083618e-001
 5.1694518e-001
 5.2652186e-001
 5.3446817e-001
 5.4261065e-001
 5.5042320e-001
 5.5034375e-001
 5.1237261e-001
 5.1984435e-001
 5.4543716e-001
 5.5452633e-001
 5.6453562e-001
 5.6952494e-001
 5.7818627e-001
 5.8398986e-001
 5.9582692e-001
 6.0526240e-001
 6.0957760e-001
 6.1612415e-001
 6.2198842e-001
 6.2821651e-001
 6.3745451e-001
 6.4259988e-001
 6.4653605e-001
 6.5859753e-001
 6.6250700e-001
 6.7170143e-001
 6.7775434e-001
 6.8943048e-001
 6.9142526e-001
 6.9947040e-001
 7.0745504e-001
 7.1493560e-001
 7.2260684e-001
 7.2789103e-001
 7.3346007e-001
 7.4195898e-001
 7.5073993e-001
 7.5681168e-001
 7.5888085e-001
 7.5883424e-001
 7.7327794e-001
 7.7572298e-001
 7.8098178e-001
 7.8617150e-001
 7.8544098e-001
 7.8450310e-001
 7.8370446e-001
 7.9280955e-001
 7.8773171e-001
 7.9160005e-001
 7.9562998e-001
 7.9417354e-001
 7.8929049e-001
 7.8165245e-001
 7.7310580e-001
 7.6704055e-001
 7.5985265e-001
 7.6242667e-001
 7.5614101e-001
 7.4256146e-001
 7.2484469e-001
 7.2687715e-001
 7.2772443e-001
 7.2461450e-001
 7.2049457e-001
 7.2249681e-001
 7.2855854e-001
 7.2265589e-001
 7.2290224e-001
 7.2524261e-001
 7.3560739e-001
 7.6065558e-001
 7.7801937e-001
 7.9024941e-001
 8.0471671e-001
 8.0911899e-001
 8.1300229e-001
 8.2948780e-001
 8.2877219e-001
 8.2369709e-001
 8.2280570e-001
 8.2556105e-001
 8.2464427e-001
 8.2156706e-001
 8.2860088e-001
 8.2456887e-001
 8.1523597e-001
 8.0434853e-001
 7.9670244e-001
 7.7912784e-001
 7.5766790e-001
 7.3761958e-001
 6.8999529e-001
 6.2873089e-001
 6.0369271e-001
 6.1269748e-001
 6.0890323e-001
 5.7537186e-001
 5.4815310e-001
 5.3394622e-001
 5.1683491e-001
 4.7548184e-001
 4.6466672e-001
 4.8385933e-001
 5.0099647e-001
 5.3115845e-001
 5.6011176e-001
 5.7346147e-001
 5.6599277e-001
 5.7650423e-001
 5.9201676e-001
 5.9905702e-001
 5.9110343e-001
 5.7390553e-001
 5.5594581e-001
 5.4240131e-001
 5.3180021e-001
 5.2656829e-001
 5.2452892e-001
 5.2292544e-001
 5.1971269e-001
