s07_AV97 Record=1331: Goethite WS220               NIC4cd RREF
-1.2300000e+034
-1.2300000e+034
-1.2300000e+034
-1.2300000e+034
-1.2300000e+034
-1.2300000e+034
-1.2300000e+034
-1.2300000e+034
-1.2300000e+034
-1.2300000e+034
-1.2300000e+034
-1.2300000e+034
-1.2300000e+034
-1.2300000e+034
-1.2300000e+034
-1.2300000e+034
-1.2300000e+034
-1.2300000e+034
-1.2300000e+034
-1.2300000e+034
-1.2300000e+034
-1.2300000e+034
-1.2300000e+034
-1.2300000e+034
-1.2300000e+034
-1.2300000e+034
-1.2300000e+034
-1.2300000e+034
-1.2300000e+034
-1.2300000e+034
-1.2300000e+034
-1.2300000e+034
-1.2300000e+034
-1.2300000e+034
-1.2300000e+034
-1.2300000e+034
-1.2300000e+034
-1.2300000e+034
-1.2300000e+034
-1.2300000e+034
-1.2300000e+034
-1.2300000e+034
-1.2300000e+034
-1.2300000e+034
-1.2300000e+034
-1.2300000e+034
-1.2300000e+034
-1.2300000e+034
-1.2300000e+034
-1.2300000e+034
-1.2300000e+034
-1.2300000e+034
-1.2300000e+034
-1.2300000e+034
-1.2300000e+034
-1.2300000e+034
-1.2300000e+034
-1.2300000e+034
-1.2300000e+034
-1.2300000e+034
-1.2300000e+034
-1.2300000e+034
-1.2300000e+034
-1.2300000e+034
-1.2300000e+034
-1.2300000e+034
-1.2300000e+034
-1.2300000e+034
-1.2300000e+034
-1.2300000e+034
-1.2300000e+034
-1.2300000e+034
-1.2300000e+034
-1.2300000e+034
-1.2300000e+034
-1.2300000e+034
-1.2300000e+034
-1.2300000e+034
-1.2300000e+034
-1.2300000e+034
-1.2300000e+034
-1.2300000e+034
-1.2300000e+034
-1.2300000e+034
-1.2300000e+034
-1.2300000e+034
-1.2300000e+034
-1.2300000e+034
-1.2300000e+034
-1.2300000e+034
-1.2300000e+034
-1.2300000e+034
-1.2300000e+034
-1.2300000e+034
-1.2300000e+034
-1.2300000e+034
-1.2300000e+034
-1.2300000e+034
-1.2300000e+034
-1.2300000e+034
-1.2300000e+034
-1.2300000e+034
-1.2300000e+034
-1.2300000e+034
-1.2300000e+034
-1.2300000e+034
-1.2300000e+034
-1.2300000e+034
-1.2300000e+034
-1.2300000e+034
-1.2300000e+034
-1.2300000e+034
-1.2300000e+034
 6.6182721e-001
 6.5705895e-001
 6.5383577e-001
 6.5198833e-001
 6.5047169e-001
 6.5010655e-001
 6.5132707e-001
 6.5332931e-001
 6.5587586e-001
 6.5812284e-001
 6.5995932e-001
 6.6163993e-001
 6.6370112e-001
 6.6582346e-001
 6.6784763e-001
 6.6875184e-001
 6.6894597e-001
 6.6834509e-001
 6.6780090e-001
 6.6729534e-001
 6.6670543e-001
 6.6611749e-001
 6.6535401e-001
 6.6420287e-001
 6.6328609e-001
 6.6314620e-001
 6.6331953e-001
 6.6382259e-001
 6.6414541e-001
 6.6392946e-001
 6.6324216e-001
 6.6232544e-001
 6.6141123e-001
 6.6035092e-001
 6.5945041e-001
 6.5878922e-001
 6.5828365e-001
 6.5775973e-001
 6.5744418e-001
 6.5719050e-001
 6.5714276e-001
 6.5710187e-001
 6.5692252e-001
 6.5646625e-001
 6.5528256e-001
 6.5240473e-001
 6.4715052e-001
 6.4908785e-001
 6.4270014e-001
 6.3523740e-001
 6.2758666e-001
 6.2225366e-001
 6.1931902e-001
 6.1802238e-001
 6.1756611e-001
 6.1748612e-001
 6.1752737e-001
 6.1765128e-001
 6.1794859e-001
 6.1861402e-001
 6.1993128e-001
 6.2192786e-001
 6.2428290e-001
 6.2663585e-001
 6.2881577e-001
 6.3025892e-001
 6.3082719e-001
 6.3069189e-001
 6.3018095e-001
 6.2916809e-001
 6.2824744e-001
 6.2688285e-001
 6.2477523e-001
 6.2240595e-001
 6.1964339e-001
 6.1667752e-001
 6.1317682e-001
 6.0902321e-001
 6.0444033e-001
 6.0005862e-001
 5.9572393e-001
 5.9098953e-001
 5.8528024e-001
 5.7943344e-001
 5.7372516e-001
 5.6820697e-001
 5.6271148e-001
 5.5728900e-001
 5.5147833e-001
 5.4565990e-001
 5.4003245e-001
 5.3475529e-001
 5.3001678e-001
 5.2542633e-001
 5.2117920e-001
 5.1585883e-001
 5.0995469e-001
 5.0362682e-001
 4.9750617e-001
 4.9187991e-001
 4.8762494e-001
 4.8471585e-001
 4.8227498e-001
 4.7995338e-001
 4.7797570e-001
 4.7658810e-001
 4.7492644e-001
 4.7354835e-001
 4.7200909e-001
 4.7057384e-001
 4.6894938e-001
