s07_AV97 Record=1580: Hydroxyl-Apatite WS425        BECKb AREF
 4.1167192e-002
 4.2767163e-002
 4.4662919e-002
 4.6470989e-002
 4.8544239e-002
 5.0272543e-002
 5.2188352e-002
 5.3987511e-002
 5.5740546e-002
 5.7465546e-002
 5.9222147e-002
 6.0887255e-002
 6.2514648e-002
 6.4631552e-002
 6.6724978e-002
 6.9197714e-002
 7.1440652e-002
 7.4150600e-002
 7.6902084e-002
 7.9501167e-002
 8.2590260e-002
 8.5242122e-002
 8.8256128e-002
 9.1305330e-002
 9.4097838e-002
 9.7340859e-002
 1.0075596e-001
 1.0422716e-001
 1.0803604e-001
 1.1203822e-001
 1.1594789e-001
 1.2010276e-001
 1.1532986e-001
 1.1927574e-001
 1.2364434e-001
 1.2766401e-001
 1.3185599e-001
 1.3622895e-001
 1.4084272e-001
 1.4565486e-001
 1.5035874e-001
 1.5482123e-001
 1.5967126e-001
 1.6451684e-001
 1.6877589e-001
 1.7359336e-001
 1.7824736e-001
 1.8342784e-001
 1.8729457e-001
 1.9197510e-001
 1.9545305e-001
 2.0112087e-001
 2.0632721e-001
 2.0742579e-001
 2.1064976e-001
 2.1544097e-001
 2.2016855e-001
 2.2413744e-001
 2.2611460e-001
 2.2924247e-001
 2.3253597e-001
 2.3684311e-001
 2.3751654e-001
 2.4345356e-001
 2.4760981e-001
 2.5105613e-001
 2.5383359e-001
 2.5767758e-001
 2.6165363e-001
 2.6375306e-001
 2.6870072e-001
 2.7310738e-001
 2.7552113e-001
 2.7912429e-001
 2.8361025e-001
 2.8718519e-001
 2.9024068e-001
 2.9487064e-001
 2.9774523e-001
 3.0077046e-001
 3.0526891e-001
 3.0895618e-001
 3.1227008e-001
 3.1583813e-001
 3.1880838e-001
 3.2229182e-001
 3.2692420e-001
 3.3020902e-001
 3.3303604e-001
 3.3726722e-001
 3.4079447e-001
 3.4426194e-001
 3.4781227e-001
 3.5120964e-001
 3.5483855e-001
 3.5776624e-001
 3.5303205e-001
 3.5652071e-001
 3.5971770e-001
 3.6345878e-001
 3.6663741e-001
 3.7007350e-001
 3.7341344e-001
 3.7688556e-001
 3.8069639e-001
 3.8340607e-001
 3.8761407e-001
 3.9103633e-001
 3.9356786e-001
 3.9663324e-001
 3.9960918e-001
 4.0146023e-001
 4.0465987e-001
 4.0636602e-001
 4.0933141e-001
 4.1364866e-001
 4.1777331e-001
 4.1965079e-001
 4.2375129e-001
 4.2612678e-001
 4.3003717e-001
 4.3425858e-001
 4.3814659e-001
 4.4140089e-001
 4.4419530e-001
 4.4845879e-001
 4.5181960e-001
 4.5335668e-001
 4.5581910e-001
 4.5942041e-001
 4.6277130e-001
 4.6431366e-001
 4.6762592e-001
 4.7004792e-001
 4.7254804e-001
 4.7563380e-001
 4.7797599e-001
 4.7914886e-001
 4.8201659e-001
 4.8432139e-001
 4.8820606e-001
 4.9218670e-001
 4.9448717e-001
 4.9599385e-001
 4.9597222e-001
 5.0077659e-001
 5.0267851e-001
 5.0375640e-001
 5.0623482e-001
 5.1017714e-001
 5.1230335e-001
 5.1330584e-001
 5.1503223e-001
 5.1595485e-001
 5.1620167e-001
 5.2069110e-001
 5.2199590e-001
 5.2275378e-001
 5.2382988e-001
 5.2010345e-001
 5.2187395e-001
 5.1346922e-001
 5.0138479e-001
 4.8913205e-001
 4.7896388e-001
 4.7731408e-001
 4.7798726e-001
 4.8038107e-001
 4.8547372e-001
 4.8979738e-001
 4.9401119e-001
 4.9818069e-001
 5.0541925e-001
 5.1096159e-001
 5.1455903e-001
 5.1813447e-001
 5.2152443e-001
 5.2589405e-001
 5.2823156e-001
 5.3026080e-001
 5.3352022e-001
 5.3396553e-001
 5.3766412e-001
 5.3911495e-001
 5.3970945e-001
 5.4350322e-001
 5.4465508e-001
 5.4581702e-001
 5.4602671e-001
 5.4614353e-001
 5.4839391e-001
 5.4714334e-001
 5.4402542e-001
 5.4393572e-001
 5.4554081e-001
 5.4520571e-001
 5.4757220e-001
 5.4898906e-001
 5.4945129e-001
 5.5091196e-001
 5.5309647e-001
 5.5108243e-001
 5.4955107e-001
 5.5012470e-001
 5.5040681e-001
 5.4541409e-001
 5.4217941e-001
 5.4062593e-001
 5.3746742e-001
 5.3221637e-001
 5.2973551e-001
 5.2524561e-001
 5.2094555e-001
 5.1605237e-001
 5.1073557e-001
 5.0574112e-001
 5.0100881e-001
 4.9631289e-001
 4.9227336e-001
 4.8835748e-001
 4.8524106e-001
 4.8253325e-001
 4.7972387e-001
 4.7657487e-001
