s07_AV97 Record=2619: Pigeonite HS199.3B           ASDFRc AREF
 1.2412511e-001
 1.2972064e-001
 1.3533723e-001
 1.4075920e-001
 1.4452113e-001
 1.4800559e-001
 1.5152207e-001
 1.5499663e-001
 1.5803537e-001
 1.6087657e-001
 1.6335440e-001
 1.6546537e-001
 1.6749579e-001
 1.6954346e-001
 1.7128654e-001
 1.7412531e-001
 1.7653868e-001
 1.7818321e-001
 1.7932464e-001
 1.8058804e-001
 1.8178770e-001
 1.8250822e-001
 1.8303613e-001
 1.8352157e-001
 1.8393429e-001
 1.8438236e-001
 1.8463343e-001
 1.8491331e-001
 1.8527526e-001
 1.8564823e-001
 1.8605755e-001
 1.8652914e-001
 1.8598641e-001
 1.8643863e-001
 1.8686882e-001
 1.8734312e-001
 1.8779685e-001
 1.8827687e-001
 1.8868850e-001
 1.8905164e-001
 1.8931130e-001
 1.8942636e-001
 1.8942648e-001
 1.8918833e-001
 1.8862608e-001
 1.8783191e-001
 1.8666033e-001
 1.8518639e-001
 1.8348747e-001
 1.8159509e-001
 1.7958130e-001
 1.7760473e-001
 1.7567039e-001
 1.7381038e-001
 1.7211746e-001
 1.7051801e-001
 1.6910391e-001
 1.6783346e-001
 1.6682301e-001
 1.6599277e-001
 1.6530740e-001
 1.6482775e-001
 1.6442844e-001
 1.6419379e-001
 1.6410781e-001
 1.6417429e-001
 1.6424529e-001
 1.6440935e-001
 1.6452944e-001
 1.6384362e-001
 1.6539790e-001
 1.6530864e-001
 1.6624992e-001
 1.6777708e-001
 1.6859953e-001
 1.7061263e-001
 1.7213856e-001
 1.7408329e-001
 1.7629899e-001
 1.7786123e-001
 1.7985734e-001
 1.8084687e-001
 1.8257420e-001
 1.8400756e-001
 1.8516706e-001
 1.8639210e-001
 1.8729272e-001
 1.8823387e-001
 1.8910378e-001
 1.9006562e-001
 1.9097009e-001
 1.9240880e-001
 1.9333167e-001
 1.9443984e-001
 1.9541189e-001
 1.9640622e-001
 1.9471279e-001
 1.9608478e-001
 1.9717886e-001
 1.9837114e-001
 1.9947308e-001
 2.0071375e-001
 2.0223467e-001
 2.0352870e-001
 2.0480661e-001
 2.0593823e-001
 2.0743813e-001
 2.0896761e-001
 2.1020469e-001
 2.1073282e-001
 2.1030509e-001
 2.0988981e-001
 2.1120897e-001
 2.1353167e-001
 2.1505781e-001
 2.1612373e-001
 2.1694125e-001
 2.1780565e-001
 2.1823901e-001
 2.1862099e-001
 2.1935678e-001
 2.1975946e-001
 2.2014621e-001
 2.2019705e-001
 2.2020240e-001
 2.2022480e-001
 2.2011177e-001
 2.1976095e-001
 2.1943207e-001
 2.1912420e-001
 2.1857636e-001
 2.1785672e-001
 2.1710475e-001
 2.1650788e-001
 2.1574396e-001
 2.1482722e-001
 2.1404953e-001
 2.1326186e-001
 2.1236466e-001
 2.1147382e-001
 2.1053025e-001
 2.0967996e-001
 2.0876150e-001
 2.0768249e-001
 2.0658091e-001
 2.0551038e-001
 2.0474111e-001
 2.0369104e-001
 2.0287509e-001
 2.0232195e-001
 2.0137300e-001
 2.0066901e-001
 2.0007639e-001
 1.9948007e-001
 1.9886982e-001
 1.9839461e-001
 1.9750607e-001
 1.9699225e-001
 1.9616525e-001
 1.9517504e-001
 1.9567971e-001
 1.9445240e-001
 1.9314460e-001
 1.9143838e-001
 1.9080098e-001
 1.9035026e-001
 1.9017980e-001
 1.9020423e-001
 1.9008292e-001
 1.8979043e-001
 1.8961899e-001
 1.8984805e-001
 1.9026172e-001
 1.9051394e-001
 1.9066019e-001
 1.9087334e-001
 1.9126880e-001
 1.9126835e-001
 1.9203348e-001
 1.9254810e-001
 1.9295909e-001
 1.9302531e-001
 1.9339482e-001
 1.9338201e-001
 1.9393930e-001
 1.9411798e-001
 1.9418530e-001
 1.9444488e-001
 1.9457066e-001
 1.9456069e-001
 1.9432913e-001
 1.9362962e-001
 1.9357432e-001
 1.9427186e-001
 1.9518541e-001
 1.9571421e-001
 1.9651869e-001
 1.9705695e-001
 1.9768430e-001
 1.9872710e-001
 1.9913110e-001
 1.9921160e-001
 1.9913851e-001
 1.9871457e-001
 1.9819611e-001
 1.9764443e-001
 1.9700201e-001
 1.9764888e-001
 1.9895883e-001
 2.0105164e-001
 2.0198646e-001
 2.0253853e-001
 2.0406461e-001
 2.0487063e-001
 2.0607297e-001
 2.0673050e-001
 2.0893681e-001
 2.0822828e-001
 2.0955783e-001
 2.1068855e-001
 2.1013914e-001
 2.1549703e-001
 2.1530078e-001
-1.2300000e+034
