s07_AV97 Record=1456: Hedenbergite HS10.3B        NIC4ccc RREF
-1.2300000e+034
-1.2300000e+034
-1.2300000e+034
-1.2300000e+034
-1.2300000e+034
-1.2300000e+034
-1.2300000e+034
-1.2300000e+034
-1.2300000e+034
-1.2300000e+034
-1.2300000e+034
-1.2300000e+034
-1.2300000e+034
-1.2300000e+034
-1.2300000e+034
-1.2300000e+034
-1.2300000e+034
-1.2300000e+034
-1.2300000e+034
-1.2300000e+034
-1.2300000e+034
-1.2300000e+034
-1.2300000e+034
-1.2300000e+034
-1.2300000e+034
-1.2300000e+034
-1.2300000e+034
-1.2300000e+034
-1.2300000e+034
-1.2300000e+034
-1.2300000e+034
-1.2300000e+034
-1.2300000e+034
-1.2300000e+034
-1.2300000e+034
-1.2300000e+034
-1.2300000e+034
-1.2300000e+034
-1.2300000e+034
-1.2300000e+034
-1.2300000e+034
-1.2300000e+034
-1.2300000e+034
-1.2300000e+034
-1.2300000e+034
-1.2300000e+034
-1.2300000e+034
-1.2300000e+034
-1.2300000e+034
-1.2300000e+034
-1.2300000e+034
-1.2300000e+034
-1.2300000e+034
-1.2300000e+034
-1.2300000e+034
-1.2300000e+034
-1.2300000e+034
-1.2300000e+034
-1.2300000e+034
-1.2300000e+034
-1.2300000e+034
-1.2300000e+034
-1.2300000e+034
-1.2300000e+034
-1.2300000e+034
-1.2300000e+034
-1.2300000e+034
-1.2300000e+034
-1.2300000e+034
-1.2300000e+034
-1.2300000e+034
-1.2300000e+034
-1.2300000e+034
-1.2300000e+034
-1.2300000e+034
-1.2300000e+034
-1.2300000e+034
-1.2300000e+034
-1.2300000e+034
-1.2300000e+034
-1.2300000e+034
-1.2300000e+034
-1.2300000e+034
-1.2300000e+034
-1.2300000e+034
-1.2300000e+034
-1.2300000e+034
-1.2300000e+034
-1.2300000e+034
-1.2300000e+034
-1.2300000e+034
-1.2300000e+034
-1.2300000e+034
-1.2300000e+034
-1.2300000e+034
-1.2300000e+034
-1.2300000e+034
-1.2300000e+034
-1.2300000e+034
-1.2300000e+034
-1.2300000e+034
-1.2300000e+034
-1.2300000e+034
-1.2300000e+034
-1.2300000e+034
-1.2300000e+034
-1.2300000e+034
-1.2300000e+034
-1.2300000e+034
-1.2300000e+034
-1.2300000e+034
-1.2300000e+034
-1.2300000e+034
-1.2300000e+034
-1.2300000e+034
-1.2300000e+034
-1.2300000e+034
-1.2300000e+034
-1.2300000e+034
-1.2300000e+034
-1.2300000e+034
-1.2300000e+034
-1.2300000e+034
-1.2300000e+034
-1.2300000e+034
-1.2300000e+034
-1.2300000e+034
-1.2300000e+034
-1.2300000e+034
-1.2300000e+034
-1.2300000e+034
-1.2300000e+034
-1.2300000e+034
-1.2300000e+034
 1.4770669e-001
 1.5208222e-001
 1.5621220e-001
 1.6014405e-001
 1.6386694e-001
 1.6755177e-001
 1.7094930e-001
 1.7436178e-001
 1.7782517e-001
 1.8094404e-001
 1.8403234e-001
 1.8707079e-001
 1.9008204e-001
 1.9299622e-001
 1.9560608e-001
 1.9828071e-001
 2.0100574e-001
 2.0382255e-001
 2.0646515e-001
 2.0907944e-001
 2.1161094e-001
 2.1384898e-001
 2.1603891e-001
 2.1824530e-001
 2.1981303e-001
 2.2064090e-001
 2.2045182e-001
 2.2033279e-001
 2.1872851e-001
 2.1798566e-001
 2.1988475e-001
 2.2318764e-001
 2.2657250e-001
 2.2967532e-001
 2.3261808e-001
 2.3540020e-001
 2.3824106e-001
 2.4109386e-001
 2.4382170e-001
 2.4660619e-001
 2.4907066e-001
 2.5132057e-001
 2.5360239e-001
 2.5550440e-001
 2.5751162e-001
 2.5930735e-001
 2.6117298e-001
 2.6314798e-001
 2.6502487e-001
 2.6693338e-001
 2.6868290e-001
 2.7048737e-001
 2.7205533e-001
 2.7340540e-001
 2.7448839e-001
 2.7546054e-001
 2.7607051e-001
 2.7638337e-001
 2.7722570e-001
 2.7817905e-001
 2.7915141e-001
 2.8011402e-001
 2.8106439e-001
 2.8169844e-001
 2.8147313e-001
 2.8027269e-001
 2.7722400e-001
 2.7247185e-001
 2.6930401e-001
 2.7057582e-001
 2.7444661e-001
 2.7746344e-001
 2.7845335e-001
 2.7847505e-001
 2.7939606e-001
 2.7945584e-001
 2.7898419e-001
 2.7852932e-001
 2.7832913e-001
 2.7835748e-001
 2.7842706e-001
 2.7862844e-001
 2.7844366e-001
 2.7773803e-001
 2.7671215e-001
 2.7505252e-001
 2.7352184e-001
 2.7214757e-001
 2.7087438e-001
 2.6993245e-001
