s07_AV97 Record=812: Chlorite SMR-13.e <30um      NIC4bb RREF
-1.2300000e+034
-1.2300000e+034
-1.2300000e+034
-1.2300000e+034
-1.2300000e+034
-1.2300000e+034
-1.2300000e+034
-1.2300000e+034
-1.2300000e+034
-1.2300000e+034
-1.2300000e+034
-1.2300000e+034
-1.2300000e+034
-1.2300000e+034
-1.2300000e+034
-1.2300000e+034
-1.2300000e+034
-1.2300000e+034
-1.2300000e+034
-1.2300000e+034
-1.2300000e+034
-1.2300000e+034
-1.2300000e+034
-1.2300000e+034
-1.2300000e+034
-1.2300000e+034
-1.2300000e+034
-1.2300000e+034
-1.2300000e+034
-1.2300000e+034
-1.2300000e+034
-1.2300000e+034
-1.2300000e+034
-1.2300000e+034
-1.2300000e+034
-1.2300000e+034
-1.2300000e+034
-1.2300000e+034
-1.2300000e+034
-1.2300000e+034
-1.2300000e+034
-1.2300000e+034
-1.2300000e+034
-1.2300000e+034
-1.2300000e+034
-1.2300000e+034
-1.2300000e+034
-1.2300000e+034
-1.2300000e+034
-1.2300000e+034
-1.2300000e+034
-1.2300000e+034
-1.2300000e+034
-1.2300000e+034
-1.2300000e+034
-1.2300000e+034
-1.2300000e+034
-1.2300000e+034
-1.2300000e+034
-1.2300000e+034
-1.2300000e+034
-1.2300000e+034
-1.2300000e+034
-1.2300000e+034
-1.2300000e+034
-1.2300000e+034
-1.2300000e+034
-1.2300000e+034
-1.2300000e+034
-1.2300000e+034
-1.2300000e+034
-1.2300000e+034
-1.2300000e+034
-1.2300000e+034
-1.2300000e+034
-1.2300000e+034
-1.2300000e+034
-1.2300000e+034
-1.2300000e+034
-1.2300000e+034
-1.2300000e+034
-1.2300000e+034
-1.2300000e+034
-1.2300000e+034
-1.2300000e+034
-1.2300000e+034
-1.2300000e+034
-1.2300000e+034
-1.2300000e+034
-1.2300000e+034
-1.2300000e+034
-1.2300000e+034
-1.2300000e+034
-1.2300000e+034
-1.2300000e+034
-1.2300000e+034
-1.2300000e+034
-1.2300000e+034
-1.2300000e+034
-1.2300000e+034
-1.2300000e+034
-1.2300000e+034
-1.2300000e+034
-1.2300000e+034
-1.2300000e+034
-1.2300000e+034
-1.2300000e+034
-1.2300000e+034
-1.2300000e+034
 6.4270991e-001
 6.2350714e-001
 6.2838948e-001
 6.2412930e-001
 6.2136865e-001
 6.1788350e-001
 6.1629313e-001
 6.1687368e-001
 6.1864489e-001
 6.2096721e-001
 6.2407720e-001
 6.2756509e-001
 6.3110137e-001
 6.3470811e-001
 6.3870013e-001
 6.4357191e-001
 6.4952540e-001
 6.5567333e-001
 6.6184592e-001
 6.6774064e-001
 6.7348105e-001
 6.7937672e-001
 6.8591672e-001
 6.9255817e-001
 6.9884431e-001
 7.0449591e-001
 7.0967340e-001
 7.1444219e-001
 7.1924573e-001
 7.2431576e-001
 7.2931004e-001
 7.3407394e-001
 7.3804438e-001
 7.4145585e-001
 7.4459249e-001
 7.4827963e-001
 7.5241262e-001
 7.5638235e-001
 7.6041567e-001
 7.6442683e-001
 7.6735026e-001
 7.6952499e-001
 7.7123618e-001
 7.7287364e-001
 7.7500129e-001
 7.7744752e-001
 7.7940875e-001
 7.8038585e-001
 7.8071761e-001
 7.8105897e-001
 7.7972639e-001
 7.8011942e-001
 7.7963883e-001
 7.7919060e-001
 7.7857125e-001
 7.7928805e-001
 7.8059888e-001
 7.8173298e-001
 7.8144425e-001
 7.8048325e-001
 7.7925545e-001
 7.7739602e-001
 7.7640241e-001
 7.7716780e-001
 7.7977556e-001
 7.8420019e-001
 7.8968465e-001
 7.9494047e-001
 7.9915404e-001
 8.0204886e-001
 8.0351847e-001
 8.0399311e-001
 8.0386120e-001
 8.0185300e-001
 7.9928899e-001
 7.9839635e-001
 7.9840767e-001
 7.9739714e-001
 7.9664761e-001
 7.9526842e-001
 7.9315245e-001
 7.9059500e-001
 7.8644913e-001
 7.8045470e-001
 7.7329934e-001
 7.6487416e-001
 7.4936467e-001
 7.2435117e-001
 7.0783257e-001
 7.0629710e-001
 7.0393997e-001
 6.9515419e-001
 6.7210597e-001
 6.5419555e-001
 6.4694381e-001
 6.3539106e-001
 6.2934828e-001
 6.3373029e-001
 6.4482605e-001
 6.5783626e-001
 6.7084700e-001
 6.7717659e-001
 6.7667383e-001
 6.8066394e-001
 6.9041008e-001
 6.9462389e-001
 6.8973345e-001
 6.8339354e-001
 6.7692530e-001
 6.6776979e-001
 6.6068983e-001
 6.5878218e-001
 6.5914798e-001
 6.5851295e-001
 6.5725541e-001
