s07_AV97 Record=3091: Spodumene HS210.1B           ASDFRc AREF
 5.1827240e-001
 5.3395319e-001
 5.5210245e-001
 5.7203656e-001
 5.9039730e-001
 6.0685921e-001
 6.2073910e-001
 6.3298380e-001
 6.4520246e-001
 6.5559846e-001
 6.6528797e-001
 6.7464036e-001
 6.8376476e-001
 6.9268900e-001
 7.0093477e-001
 7.0876551e-001
 7.1603483e-001
 7.2267258e-001
 7.2862202e-001
 7.3448634e-001
 7.4000925e-001
 7.4591601e-001
 7.5198722e-001
 7.5786000e-001
 7.6404548e-001
 7.6927143e-001
 7.7511162e-001
 7.8021801e-001
 7.8429431e-001
 7.8802842e-001
 7.9141164e-001
 7.9447246e-001
 7.9090667e-001
 7.9390562e-001
 7.9654032e-001
 7.9887855e-001
 8.0089009e-001
 8.0273587e-001
 8.0434549e-001
 8.0576521e-001
 8.0705285e-001
 8.0824935e-001
 8.0943084e-001
 8.1038755e-001
 8.1114197e-001
 8.1168044e-001
 8.1213927e-001
 8.1238657e-001
 8.1264460e-001
 8.1278372e-001
 8.1296057e-001
 8.1322938e-001
 8.1350422e-001
 8.1363159e-001
 8.1404614e-001
 8.1460255e-001
 8.1513506e-001
 8.1558990e-001
 8.1604058e-001
 8.1651551e-001
 8.1708807e-001
 8.1724674e-001
 8.1754345e-001
 8.1766027e-001
 8.1806028e-001
 8.1837416e-001
 8.1863332e-001
 8.1898516e-001
 8.1990057e-001
 8.2013822e-001
 8.1985438e-001
 8.2037592e-001
 8.2049191e-001
 8.2123387e-001
 8.2112938e-001
 8.2177407e-001
 8.2296884e-001
 8.2386076e-001
 8.2455456e-001
 8.2502919e-001
 8.2616377e-001
 8.2693690e-001
 8.2771611e-001
 8.2819915e-001
 8.2896304e-001
 8.2957053e-001
 8.3007085e-001
 8.3062941e-001
 8.3139217e-001
 8.3225924e-001
 8.3255714e-001
 8.3368599e-001
 8.3417797e-001
 8.3515805e-001
 8.3572996e-001
 8.3591801e-001
 8.3529001e-001
 8.3595765e-001
 8.3618206e-001
 8.3626747e-001
 8.3686596e-001
 8.3723813e-001
 8.3776510e-001
 8.3789027e-001
 8.3758473e-001
 8.3785057e-001
 8.3706558e-001
 8.3657372e-001
 8.3614349e-001
 8.3557540e-001
 8.3384377e-001
 8.3132964e-001
 8.3020180e-001
 8.3147961e-001
 8.3246756e-001
 8.3318704e-001
 8.3354920e-001
 8.3373898e-001
 8.3419681e-001
 8.3453059e-001
 8.3490467e-001
 8.3519638e-001
 8.3536851e-001
 8.3525199e-001
 8.3560097e-001
 8.3584619e-001
 8.3630306e-001
 8.3598876e-001
 8.3640850e-001
 8.3615708e-001
 8.3634800e-001
 8.3642286e-001
 8.3611983e-001
 8.3604997e-001
 8.3638799e-001
 8.3613038e-001
 8.3649999e-001
 8.3661538e-001
 8.3692795e-001
 8.3697414e-001
 8.3770519e-001
 8.3790100e-001
 8.3828318e-001
 8.3853883e-001
 8.3856136e-001
 8.3830172e-001
 8.3859539e-001
 8.3908105e-001
 8.3970588e-001
 8.4094524e-001
 8.4172356e-001
 8.4220290e-001
 8.4312552e-001
 8.4328407e-001
 8.4340370e-001
 8.4322649e-001
 8.4398270e-001
 8.4430224e-001
 8.4318125e-001
 8.4230649e-001
 8.4320307e-001
 8.3944237e-001
 8.3243752e-001
 8.2604796e-001
 8.2328159e-001
 8.2459784e-001
 8.2552683e-001
 8.2761973e-001
 8.2864082e-001
 8.3028072e-001
 8.3233625e-001
 8.3374727e-001
 8.3500516e-001
 8.3738458e-001
 8.3861607e-001
 8.3991539e-001
 8.4132189e-001
 8.4258521e-001
 8.4492058e-001
 8.4574509e-001
 8.4689564e-001
 8.4813911e-001
 8.4823543e-001
 8.4914351e-001
 8.4899116e-001
 8.4778219e-001
 8.4734190e-001
 8.4523129e-001
 8.4340441e-001
 8.4163672e-001
 8.3886415e-001
 8.3517271e-001
 8.3307225e-001
 8.3417755e-001
 8.3511144e-001
 8.3366632e-001
 8.3359534e-001
 8.3456224e-001
 8.3489579e-001
 8.3379591e-001
 8.3288783e-001
 8.3069271e-001
 8.2824540e-001
 8.2967871e-001
 8.2966924e-001
 8.3063489e-001
 8.2888657e-001
 8.2808894e-001
 8.2642800e-001
 8.2547688e-001
 8.2359755e-001
 8.2214588e-001
 8.2130849e-001
 8.1719071e-001
 8.1616837e-001
 8.1303042e-001
 8.1012106e-001
 8.0792677e-001
 8.0703801e-001
 8.0292207e-001
 8.0065125e-001
 8.0077004e-001
 8.0513865e-001
-1.2300000e+034
