s07_AV97 Record=3060: Sphalerite S102-7             BECKc AREF
 7.4245170e-002
 8.2951061e-002
 9.1238707e-002
 9.8700188e-002
 1.0517851e-001
 1.1018632e-001
 1.1278601e-001
 1.1436286e-001
 1.1705625e-001
 1.2077685e-001
 1.2429737e-001
 1.2779294e-001
 1.3188408e-001
 1.3671860e-001
 1.4165224e-001
 1.4701879e-001
 1.5223415e-001
 1.5795743e-001
 1.6338243e-001
 1.6804153e-001
 1.7266999e-001
 1.7671365e-001
 1.8123037e-001
 1.8448810e-001
 1.8714777e-001
 1.8954976e-001
 1.9122241e-001
 1.9276997e-001
 1.9498248e-001
 1.9716424e-001
 1.9936408e-001
 2.0155473e-001
 1.9912428e-001
 2.0091596e-001
 2.0379782e-001
 2.0475256e-001
 2.0683223e-001
 2.0940152e-001
 2.1166117e-001
 2.1456662e-001
 2.1885453e-001
 2.2274491e-001
 2.2648948e-001
 2.2929934e-001
 2.3139656e-001
 2.3292014e-001
 2.3405574e-001
 2.3600978e-001
 2.3697256e-001
 2.3726717e-001
 2.3799829e-001
 2.3859690e-001
 2.4194297e-001
 2.4248664e-001
 2.4015357e-001
 2.4225441e-001
 2.3989512e-001
 2.4537115e-001
 2.4399522e-001
 2.4377358e-001
 2.4457338e-001
 2.4281785e-001
 2.4290356e-001
 2.4374247e-001
 2.4372497e-001
 2.4460533e-001
 2.4373642e-001
 2.4357086e-001
 2.4402902e-001
 2.4352305e-001
 2.4319153e-001
 2.4581181e-001
 2.4519388e-001
 2.4500279e-001
 2.4464492e-001
 2.4554265e-001
 2.4614133e-001
 2.4659409e-001
 2.4781963e-001
 2.4711476e-001
 2.4842094e-001
 2.4898286e-001
 2.4878348e-001
 2.4924839e-001
 2.4939065e-001
 2.4926260e-001
 2.5067198e-001
 2.5056690e-001
 2.5107369e-001
 2.5228277e-001
 2.5170511e-001
 2.5310972e-001
 2.5299436e-001
 2.5335565e-001
 2.5371996e-001
 2.5397617e-001
 2.5350383e-001
 2.5400609e-001
 2.5427619e-001
 2.5472143e-001
 2.5468332e-001
 2.5511065e-001
 2.5671238e-001
 2.5631487e-001
 2.5616831e-001
 2.5704175e-001
 2.5650689e-001
 2.5726473e-001
 2.5849521e-001
 2.5931278e-001
 2.5986505e-001
 2.6127982e-001
 2.6111397e-001
 2.6173866e-001
 2.6264703e-001
 2.6424670e-001
 2.6570958e-001
 2.6610124e-001
 2.6684675e-001
 2.6684359e-001
 2.6636395e-001
 2.6793149e-001
 2.6862893e-001
 2.6999399e-001
 2.7042443e-001
 2.7210858e-001
 2.7304402e-001
 2.7382618e-001
 2.7420449e-001
 2.7653831e-001
 2.7600697e-001
 2.7863222e-001
 2.7905667e-001
 2.7956381e-001
 2.8128409e-001
 2.8184074e-001
 2.8415063e-001
 2.8542778e-001
 2.8641835e-001
 2.8892270e-001
 2.9204807e-001
 2.9549795e-001
 2.9676077e-001
 2.9880595e-001
 3.0124196e-001
 3.0710915e-001
 3.0877876e-001
 3.1009987e-001
 3.1340316e-001
 3.1618413e-001
 3.1750193e-001
 3.1904250e-001
 3.1959233e-001
 3.2089925e-001
 3.2249638e-001
 3.2420605e-001
 3.2228667e-001
 3.2501152e-001
 3.2693756e-001
 3.2472357e-001
 3.2541662e-001
 3.2424405e-001
 3.2402134e-001
 3.2280371e-001
 3.2169154e-001
 3.1925419e-001
 3.1639263e-001
 3.1422654e-001
 3.1196380e-001
 3.0899814e-001
 3.0542430e-001
 3.0227146e-001
 2.9700068e-001
 2.9305387e-001
 2.9017678e-001
 2.8440747e-001
 2.7925611e-001
 2.7124920e-001
 2.6591814e-001
 2.6395953e-001
 2.5772852e-001
 2.5059447e-001
 2.4354191e-001
 2.4036312e-001
 2.3620458e-001
 2.2802602e-001
 2.2046618e-001
 2.1601953e-001
 2.0969625e-001
 2.0424311e-001
 1.9826078e-001
 1.9064566e-001
 1.8588349e-001
 1.8487515e-001
 1.8347758e-001
 1.7485483e-001
 1.6646619e-001
 1.6726905e-001
 1.6278377e-001
 1.5767647e-001
 1.5511951e-001
 1.5062767e-001
 1.4651272e-001
 1.4921728e-001
 1.3929458e-001
 1.3702433e-001
 1.3643076e-001
 1.3015324e-001
 1.2875746e-001
 1.2978429e-001
 1.2955937e-001
 1.2037567e-001
 1.2017743e-001
 1.1887092e-001
 1.1507616e-001
 1.1296433e-001
 1.1196665e-001
 1.1042134e-001
 1.0847863e-001
 1.0633694e-001
 1.0469157e-001
 1.0344014e-001
 1.0236023e-001
 1.0129680e-001
