s07_AV97 Record=940: Cookeite CAr-1.b 60-104um    NIC4bb RREF
-1.2300000e+034
-1.2300000e+034
-1.2300000e+034
-1.2300000e+034
-1.2300000e+034
-1.2300000e+034
-1.2300000e+034
-1.2300000e+034
-1.2300000e+034
-1.2300000e+034
-1.2300000e+034
-1.2300000e+034
-1.2300000e+034
-1.2300000e+034
-1.2300000e+034
-1.2300000e+034
-1.2300000e+034
-1.2300000e+034
-1.2300000e+034
-1.2300000e+034
-1.2300000e+034
-1.2300000e+034
-1.2300000e+034
-1.2300000e+034
-1.2300000e+034
-1.2300000e+034
-1.2300000e+034
-1.2300000e+034
-1.2300000e+034
-1.2300000e+034
-1.2300000e+034
-1.2300000e+034
-1.2300000e+034
-1.2300000e+034
-1.2300000e+034
-1.2300000e+034
-1.2300000e+034
-1.2300000e+034
-1.2300000e+034
-1.2300000e+034
-1.2300000e+034
-1.2300000e+034
-1.2300000e+034
-1.2300000e+034
-1.2300000e+034
-1.2300000e+034
-1.2300000e+034
-1.2300000e+034
-1.2300000e+034
-1.2300000e+034
-1.2300000e+034
-1.2300000e+034
-1.2300000e+034
-1.2300000e+034
-1.2300000e+034
-1.2300000e+034
-1.2300000e+034
-1.2300000e+034
-1.2300000e+034
-1.2300000e+034
-1.2300000e+034
-1.2300000e+034
-1.2300000e+034
-1.2300000e+034
-1.2300000e+034
-1.2300000e+034
-1.2300000e+034
-1.2300000e+034
-1.2300000e+034
-1.2300000e+034
-1.2300000e+034
-1.2300000e+034
-1.2300000e+034
-1.2300000e+034
-1.2300000e+034
-1.2300000e+034
-1.2300000e+034
-1.2300000e+034
-1.2300000e+034
-1.2300000e+034
-1.2300000e+034
-1.2300000e+034
-1.2300000e+034
-1.2300000e+034
-1.2300000e+034
-1.2300000e+034
-1.2300000e+034
-1.2300000e+034
-1.2300000e+034
-1.2300000e+034
-1.2300000e+034
-1.2300000e+034
-1.2300000e+034
-1.2300000e+034
-1.2300000e+034
-1.2300000e+034
-1.2300000e+034
-1.2300000e+034
-1.2300000e+034
-1.2300000e+034
-1.2300000e+034
-1.2300000e+034
-1.2300000e+034
-1.2300000e+034
-1.2300000e+034
-1.2300000e+034
-1.2300000e+034
-1.2300000e+034
-1.2300000e+034
 4.3878305e-001
 4.1609135e-001
 4.0544230e-001
 4.2085877e-001
 4.3251920e-001
 4.3376997e-001
 4.3688267e-001
 4.3715525e-001
 4.3535933e-001
 4.3453878e-001
 4.3540382e-001
 4.3758535e-001
 4.3983412e-001
 4.4118711e-001
 4.4115102e-001
 4.4040203e-001
 4.3941087e-001
 4.3810868e-001
 4.3659145e-001
 4.3497860e-001
 4.3408656e-001
 4.3447080e-001
 4.3617326e-001
 4.3848446e-001
 4.4102162e-001
 4.4323093e-001
 4.4510508e-001
 4.4676748e-001
 4.4845867e-001
 4.5049819e-001
 4.5248520e-001
 4.5431674e-001
 4.5558846e-001
 4.5623767e-001
 4.5658544e-001
 4.5690641e-001
 4.5746532e-001
 4.5814499e-001
 4.5864168e-001
 4.5866546e-001
 4.5797378e-001
 4.5644823e-001
 4.5441037e-001
 4.5216513e-001
 4.5041785e-001
 4.4986302e-001
 4.5088944e-001
 4.5410305e-001
 4.5673087e-001
 4.5726663e-001
 4.5604622e-001
 4.5651123e-001
 4.5496154e-001
 4.5316467e-001
 4.5206815e-001
 4.5206228e-001
 4.5231766e-001
 4.5229787e-001
 4.5163685e-001
 4.4983169e-001
 4.4662294e-001
 4.4247508e-001
 4.3808439e-001
 4.3411648e-001
 4.3170774e-001
 4.3053636e-001
 4.3045864e-001
 4.3175972e-001
 4.3379700e-001
 4.3571624e-001
 4.3642354e-001
 4.3581188e-001
 4.3455201e-001
 4.3346423e-001
 4.3267295e-001
 4.3212533e-001
 4.3079010e-001
 4.2628634e-001
 4.1461444e-001
 3.8982365e-001
 3.6142167e-001
 3.4545147e-001
 3.4574947e-001
 3.5140300e-001
 3.4798330e-001
 3.4806669e-001
 3.6107114e-001
 3.6638868e-001
 3.6767417e-001
 3.7091130e-001
 3.7656802e-001
 3.8067845e-001
 3.8044736e-001
 3.7596935e-001
 3.6767331e-001
 3.5809344e-001
 3.4841290e-001
 3.3716387e-001
 3.2242596e-001
 3.0988795e-001
 3.1026980e-001
 3.1928101e-001
 3.2883546e-001
 3.3524013e-001
 3.3854681e-001
 3.3980435e-001
 3.3762908e-001
 3.3431357e-001
 3.3342621e-001
 3.3450061e-001
 3.3493385e-001
 3.3294865e-001
 3.2950136e-001
 3.2797167e-001
 3.2797015e-001
