s07_AV97 Record=2923: Scolecite GDS7 Zeolite        BECKb AREF
 8.0608368e-001
 8.1490725e-001
 8.2218546e-001
 8.2770431e-001
 8.3366072e-001
 8.3829480e-001
 8.4081447e-001
 8.4561545e-001
 8.4867305e-001
 8.5345829e-001
 8.5921270e-001
 8.6250824e-001
 8.6426246e-001
 8.6725438e-001
 8.7115002e-001
 8.7226647e-001
 8.7727123e-001
 8.8128489e-001
 8.8487267e-001
 8.9047545e-001
 8.9468503e-001
 8.9801621e-001
 9.0365511e-001
 9.0456945e-001
 9.0659440e-001
 9.0696651e-001
 9.0829951e-001
 9.0921378e-001
 9.1133225e-001
 9.1108698e-001
 9.1314292e-001
 9.1535723e-001
 9.1323644e-001
 9.1469252e-001
 9.1652608e-001
 9.1686463e-001
 9.1703176e-001
 9.1921586e-001
 9.1771466e-001
 9.1678178e-001
 9.1829264e-001
 9.1648275e-001
 9.1817969e-001
 9.1696537e-001
 9.1649026e-001
 9.2117387e-001
 9.2143798e-001
 9.1913271e-001
 9.2003608e-001
 9.1858220e-001
 9.1948986e-001
 9.1611099e-001
 9.1988987e-001
 9.2098713e-001
 9.1727358e-001
 9.1149396e-001
 9.1097689e-001
 9.1165459e-001
 9.1541404e-001
 9.1134918e-001
 9.0377378e-001
 8.9794707e-001
 8.8932824e-001
 8.7590843e-001
 8.7116885e-001
 8.7006372e-001
 8.7620485e-001
 8.7944436e-001
 8.8585120e-001
 8.9706755e-001
 9.0302330e-001
 9.0622437e-001
 9.1398269e-001
 9.1435057e-001
 9.1467226e-001
 9.1321695e-001
 9.0648699e-001
 9.0875435e-001
 9.0640020e-001
 9.0077257e-001
 8.9682376e-001
 8.9741886e-001
 8.8018101e-001
 8.5529721e-001
 8.3099222e-001
 8.1282812e-001
 8.2005876e-001
 8.3181047e-001
 8.3164376e-001
 8.4154338e-001
 8.4253711e-001
 8.4265721e-001
 8.4644932e-001
 8.4335244e-001
 8.4512067e-001
 8.4265333e-001
 8.4399670e-001
 8.4389126e-001
 8.4091622e-001
 8.3727366e-001
 8.3475184e-001
 8.2943314e-001
 8.1855381e-001
 8.0042690e-001
 7.8224885e-001
 7.6286769e-001
 7.4657619e-001
 7.3254162e-001
 7.2106522e-001
 7.0044410e-001
 6.6746461e-001
 6.2455928e-001
 5.7771188e-001
 5.4155284e-001
 5.0748152e-001
 4.9287823e-001
 5.1508093e-001
 5.3297687e-001
 5.4936039e-001
 5.3864890e-001
 5.6558889e-001
 5.9451002e-001
 6.1068541e-001
 6.1572754e-001
 6.0906196e-001
 6.1053801e-001
 6.1453217e-001
 6.1740822e-001
 6.1308861e-001
 6.0711849e-001
 6.0590100e-001
 6.0257322e-001
 5.9960097e-001
 5.9771770e-001
 5.9760296e-001
 6.0587066e-001
 6.1379772e-001
 6.2422216e-001
 6.3122624e-001
 6.3438314e-001
 6.3824463e-001
 6.4261127e-001
 6.4192629e-001
 6.2997222e-001
 6.2575454e-001
 6.2912601e-001
 6.3252574e-001
 6.3773638e-001
 6.4594042e-001
 6.4690953e-001
 6.5059912e-001
 6.5547580e-001
 6.5801883e-001
 6.5953523e-001
 6.5774459e-001
 6.5026993e-001
 6.4045525e-001
 6.2257731e-001
 5.8659101e-001
 5.3662187e-001
 5.5404240e-001
 4.8989141e-001
 4.0733388e-001
 3.3762738e-001
 2.8955320e-001
 2.3120859e-001
 1.7869321e-001
 2.0737945e-001
 2.7695024e-001
 2.9151171e-001
 2.9862431e-001
 3.4035110e-001
 3.6235964e-001
 3.6504653e-001
 3.7155584e-001
 3.7860993e-001
 3.8319921e-001
 3.9263794e-001
 3.9846444e-001
 4.1456741e-001
 4.4936168e-001
 4.6983325e-001
 4.8564631e-001
 4.9515328e-001
 4.9783564e-001
 4.9345338e-001
 4.8829934e-001
 4.8240146e-001
 4.7472152e-001
 4.6935025e-001
 4.7228095e-001
 4.7458974e-001
 4.7729340e-001
 4.7867200e-001
 4.8455361e-001
 4.9061367e-001
 4.9080801e-001
 4.9411270e-001
 4.9579853e-001
 4.9424776e-001
 4.9248198e-001
 4.8738000e-001
 4.8312446e-001
 4.7395149e-001
 4.5715529e-001
 4.4443923e-001
 4.2549244e-001
 4.0305650e-001
 3.7951273e-001
 3.4981030e-001
 3.1375164e-001
 2.8016540e-001
 2.5593239e-001
 2.4112183e-001
 2.3164991e-001
 2.2284196e-001
 2.1443868e-001
 2.0734419e-001
 2.0261712e-001
 1.9968946e-001
 1.9925779e-001
 1.9993111e-001
 2.0002922e-001
 1.9839883e-001
