s07_AV97 Record=101: Albite HS143.1B Plagioclase  ASDFRb AREF
 4.9608356e-001
 5.0650018e-001
 5.2083999e-001
 5.3495437e-001
 5.4705542e-001
 5.5864084e-001
 5.6953341e-001
 5.7926285e-001
 5.8794469e-001
 5.9575617e-001
 6.0280925e-001
 6.0940361e-001
 6.1584103e-001
 6.2190324e-001
 6.2758672e-001
 6.3283271e-001
 6.3752091e-001
 6.4183468e-001
 6.4587343e-001
 6.4949453e-001
 6.5293318e-001
 6.5587109e-001
 6.5878654e-001
 6.6188455e-001
 6.6474313e-001
 6.6739297e-001
 6.6898310e-001
 6.7051029e-001
 6.7208242e-001
 6.7354411e-001
 6.7480773e-001
 6.7596936e-001
 6.7461365e-001
 6.7576814e-001
 6.7672640e-001
 6.7776006e-001
 6.7847961e-001
 6.7930293e-001
 6.7991418e-001
 6.8041122e-001
 6.8091607e-001
 6.8138897e-001
 6.8177557e-001
 6.8218446e-001
 6.8247122e-001
 6.8266338e-001
 6.8276989e-001
 6.8299079e-001
 6.8321520e-001
 6.8332165e-001
 6.8368274e-001
 6.8408138e-001
 6.8449569e-001
 6.8501586e-001
 6.8565089e-001
 6.8610775e-001
 6.8657100e-001
 6.8712491e-001
 6.8771923e-001
 6.8799436e-001
 6.8858820e-001
 6.8892479e-001
 6.8938762e-001
 6.8976563e-001
 6.8999499e-001
 6.9026959e-001
 6.9059724e-001
 6.9105631e-001
 6.9111097e-001
 6.9038212e-001
 6.9222522e-001
 6.9153494e-001
 6.9230115e-001
 6.9279748e-001
 6.9248444e-001
 6.9270778e-001
 6.9320899e-001
 6.9339937e-001
 6.9357556e-001
 6.9367945e-001
 6.9412053e-001
 6.9404423e-001
 6.9425219e-001
 6.9435972e-001
 6.9449133e-001
 6.9437432e-001
 6.9432431e-001
 6.9459176e-001
 6.9499105e-001
 6.9491035e-001
 6.9566244e-001
 6.9608879e-001
 6.9644755e-001
 6.9714755e-001
 6.9742423e-001
 6.9794124e-001
 6.9714952e-001
 6.9774872e-001
 6.9800663e-001
 6.9813335e-001
 6.9857866e-001
 6.9830817e-001
 6.9856513e-001
 6.9862920e-001
 6.9881356e-001
 6.9884551e-001
 6.9883358e-001
 6.9928706e-001
 6.9938087e-001
 6.9917297e-001
 6.9899094e-001
 6.9862831e-001
 6.9881719e-001
 6.9936192e-001
 7.0014954e-001
 7.0094752e-001
 7.0152849e-001
 7.0214605e-001
 7.0235229e-001
 7.0313507e-001
 7.0378369e-001
 7.0404363e-001
 7.0470923e-001
 7.0547229e-001
 7.0559376e-001
 7.0569116e-001
 7.0640767e-001
 7.0626771e-001
 7.0668423e-001
 7.0685786e-001
 7.0695508e-001
 7.0728678e-001
 7.0757794e-001
 7.0799488e-001
 7.0784700e-001
 7.0807606e-001
 7.0829338e-001
 7.0850641e-001
 7.0896411e-001
 7.0929193e-001
 7.0905399e-001
 7.0893699e-001
 7.0944607e-001
 7.0970315e-001
 7.0922983e-001
 7.0866156e-001
 7.0894033e-001
 7.0852989e-001
 7.0923460e-001
 7.1018368e-001
 7.1004993e-001
 7.1002752e-001
 7.1056199e-001
 7.1013314e-001
 7.1051818e-001
 7.1047223e-001
 7.1100873e-001
 7.1106994e-001
 7.1069479e-001
 7.0974422e-001
 7.1019202e-001
 7.0848852e-001
 7.0490688e-001
 7.0094776e-001
 6.9823724e-001
 6.9835675e-001
 7.0004869e-001
 7.0168549e-001
 7.0295304e-001
 7.0370770e-001
 7.0436764e-001
 7.0510960e-001
 7.0619684e-001
 7.0741367e-001
 7.0898080e-001
 7.1013767e-001
 7.1065402e-001
 7.1216220e-001
 7.1259671e-001
 7.1410841e-001
 7.1538985e-001
 7.1550781e-001
 7.1620649e-001
 7.1684885e-001
 7.1741456e-001
 7.1694440e-001
 7.1544546e-001
 7.1555012e-001
 7.1469098e-001
 7.1435499e-001
 7.1346456e-001
 7.1205026e-001
 7.1111524e-001
 7.1100104e-001
 7.0979685e-001
 7.0877331e-001
 7.0854276e-001
 7.0895582e-001
 7.0910430e-001
 7.0939958e-001
 7.0875567e-001
 7.0751661e-001
 7.0697218e-001
 7.0748025e-001
 7.0813739e-001
 7.0894337e-001
 7.0875013e-001
 7.0894223e-001
 7.0853078e-001
 7.0978832e-001
 7.0852435e-001
 7.0901662e-001
 7.0776957e-001
 7.0656472e-001
 7.0648307e-001
 7.0438010e-001
 7.0089018e-001
 6.9698000e-001
 6.9627833e-001
 6.9495380e-001
 6.9448799e-001
 6.9626105e-001
 6.9198656e-001
-1.2300000e+034
