s07_AV97 Record=3243: Topaz Glen_Cove_#6            BECKb AREF
 8.7321699e-001
 8.7605113e-001
 8.7911403e-001
 8.8218087e-001
 8.8432139e-001
 8.8948917e-001
 8.9250803e-001
 8.9700824e-001
 9.0120578e-001
 9.0439028e-001
 9.0719247e-001
 9.0879875e-001
 9.1193712e-001
 9.1338718e-001
 9.1545945e-001
 9.1604728e-001
 9.1653091e-001
 9.1712254e-001
 9.1830790e-001
 9.1985035e-001
 9.2062056e-001
 9.2318523e-001
 9.2746884e-001
 9.3409300e-001
 9.3815660e-001
 9.4271147e-001
 9.4469011e-001
 9.4570673e-001
 9.4760591e-001
 9.5038718e-001
 9.5252019e-001
 9.5403737e-001
 9.5258808e-001
 9.5355660e-001
 9.5507228e-001
 9.5666593e-001
 9.5531374e-001
 9.5461613e-001
 9.5461589e-001
 9.5611233e-001
 9.5494020e-001
 9.5506454e-001
 9.5382553e-001
 9.5578378e-001
 9.5341158e-001
 9.5338565e-001
 9.5201701e-001
 9.4916201e-001
 9.4913131e-001
 9.4312924e-001
 9.3983340e-001
 9.3984157e-001
 9.4010264e-001
 9.4134337e-001
 9.4070232e-001
 9.3952560e-001
 9.4112819e-001
 9.4251090e-001
 9.3406475e-001
 9.4248378e-001
 9.4322735e-001
 9.4291985e-001
 9.4301403e-001
 9.4412696e-001
 9.4470894e-001
 9.4353586e-001
 9.4573969e-001
 9.4427758e-001
 9.4752139e-001
 9.4826615e-001
 9.4975793e-001
 9.5055181e-001
 9.4615960e-001
 9.4962126e-001
 9.5037955e-001
 9.5159537e-001
 9.5447946e-001
 9.5418715e-001
 9.5240325e-001
 9.5447969e-001
 9.5787138e-001
 9.5323575e-001
 9.5484680e-001
 9.5005876e-001
 9.5508224e-001
 9.5453417e-001
 9.4877166e-001
 9.5237142e-001
 9.5405048e-001
 9.5157570e-001
 9.5454121e-001
 9.5508659e-001
 9.5358813e-001
 9.5582318e-001
 9.5761728e-001
 9.5314264e-001
 9.5682365e-001
 9.5557928e-001
 9.5461041e-001
 9.5546949e-001
 9.5645672e-001
 9.5787919e-001
 9.5567250e-001
 9.5423597e-001
 9.5330995e-001
 9.4994503e-001
 9.5063102e-001
 9.5152038e-001
 9.4985276e-001
 9.4960135e-001
 9.3642187e-001
 8.6194587e-001
 9.2458946e-001
 9.5172101e-001
 9.5062995e-001
 9.5219129e-001
 9.5587176e-001
 9.5384508e-001
 9.5598012e-001
 9.5636261e-001
 9.5813531e-001
 9.5680922e-001
 9.5671445e-001
 9.5687777e-001
 9.5673126e-001
 9.5738226e-001
 9.5965159e-001
 9.6049654e-001
 9.5876050e-001
 9.5886481e-001
 9.5863545e-001
 9.5963895e-001
 9.5995408e-001
 9.6266574e-001
 9.5813662e-001
 9.5825040e-001
 9.6168375e-001
 9.5934933e-001
 9.5602596e-001
 9.4090104e-001
 9.4631660e-001
 9.4956893e-001
 9.5035446e-001
 9.5309317e-001
 9.5170856e-001
 9.5138425e-001
 9.4748104e-001
 9.5047402e-001
 9.5514196e-001
 9.5173877e-001
 9.5469320e-001
 9.5598388e-001
 9.5733041e-001
 9.5933133e-001
 9.5822608e-001
 9.5673770e-001
 9.5235950e-001
 9.5363563e-001
 9.4967866e-001
 9.4974846e-001
 9.4853264e-001
 9.5097864e-001
 9.4674087e-001
 9.4066757e-001
 9.3984622e-001
 9.4324094e-001
 9.3929905e-001
 9.3789333e-001
 9.4047749e-001
 9.4059145e-001
 9.4202805e-001
 9.4345802e-001
 9.4480491e-001
 9.4399774e-001
 9.4436556e-001
 9.4602615e-001
 9.3992954e-001
 9.3194872e-001
 9.2153621e-001
 8.6529499e-001
 6.7668635e-001
 6.4405560e-001
 8.5874081e-001
 9.0124118e-001
 9.1701961e-001
 9.1010338e-001
 8.9195311e-001
 8.6618859e-001
 8.6738712e-001
 8.8271767e-001
 8.9180750e-001
 9.0216786e-001
 8.9300126e-001
 8.8065213e-001
 8.9622253e-001
 9.1697329e-001
 9.2282885e-001
 9.1831028e-001
 8.8793075e-001
 8.7721431e-001
 8.9761162e-001
 8.9024627e-001
 8.9524370e-001
 8.8551986e-001
 8.7727904e-001
 8.7053007e-001
 8.6437035e-001
 8.6284208e-001
 8.6525530e-001
 8.5051608e-001
 8.4511572e-001
 8.4939510e-001
 8.5048538e-001
 8.3728248e-001
 8.2101375e-001
 8.1791925e-001
 8.1950516e-001
 8.1225985e-001
 7.9794765e-001
 7.7924639e-001
 7.6178282e-001
 7.4351043e-001
 7.2110212e-001
 6.9299704e-001
