s07_AV97 Record=2743: Pyrophyllite PYS1A <850um   NIC4aaa RREF
-1.2300000e+034
-1.2300000e+034
-1.2300000e+034
-1.2300000e+034
-1.2300000e+034
-1.2300000e+034
-1.2300000e+034
-1.2300000e+034
-1.2300000e+034
-1.2300000e+034
-1.2300000e+034
-1.2300000e+034
-1.2300000e+034
-1.2300000e+034
-1.2300000e+034
-1.2300000e+034
-1.2300000e+034
-1.2300000e+034
-1.2300000e+034
-1.2300000e+034
-1.2300000e+034
-1.2300000e+034
-1.2300000e+034
-1.2300000e+034
-1.2300000e+034
-1.2300000e+034
-1.2300000e+034
-1.2300000e+034
-1.2300000e+034
-1.2300000e+034
-1.2300000e+034
-1.2300000e+034
-1.2300000e+034
-1.2300000e+034
-1.2300000e+034
-1.2300000e+034
-1.2300000e+034
-1.2300000e+034
-1.2300000e+034
-1.2300000e+034
-1.2300000e+034
-1.2300000e+034
-1.2300000e+034
-1.2300000e+034
-1.2300000e+034
-1.2300000e+034
-1.2300000e+034
-1.2300000e+034
-1.2300000e+034
-1.2300000e+034
-1.2300000e+034
-1.2300000e+034
-1.2300000e+034
-1.2300000e+034
-1.2300000e+034
-1.2300000e+034
-1.2300000e+034
-1.2300000e+034
-1.2300000e+034
-1.2300000e+034
-1.2300000e+034
-1.2300000e+034
-1.2300000e+034
-1.2300000e+034
-1.2300000e+034
-1.2300000e+034
-1.2300000e+034
-1.2300000e+034
-1.2300000e+034
-1.2300000e+034
-1.2300000e+034
-1.2300000e+034
-1.2300000e+034
-1.2300000e+034
-1.2300000e+034
-1.2300000e+034
-1.2300000e+034
-1.2300000e+034
-1.2300000e+034
-1.2300000e+034
-1.2300000e+034
-1.2300000e+034
-1.2300000e+034
-1.2300000e+034
-1.2300000e+034
-1.2300000e+034
-1.2300000e+034
-1.2300000e+034
-1.2300000e+034
-1.2300000e+034
-1.2300000e+034
-1.2300000e+034
-1.2300000e+034
-1.2300000e+034
-1.2300000e+034
-1.2300000e+034
-1.2300000e+034
-1.2300000e+034
-1.2300000e+034
-1.2300000e+034
-1.2300000e+034
-1.2300000e+034
-1.2300000e+034
-1.2300000e+034
 6.8836135e-001
 7.0055670e-001
 6.9971466e-001
 6.8705624e-001
 6.7837518e-001
 6.2335956e-001
 4.6479172e-001
 5.8736974e-001
 6.3010913e-001
 6.3073409e-001
 6.2498283e-001
 6.2337679e-001
 6.1927110e-001
 6.1565000e-001
 6.1511546e-001
 6.1562091e-001
 6.1679643e-001
 6.1789697e-001
 6.1885351e-001
 6.2012124e-001
 6.2244785e-001
 6.2570167e-001
 6.2891746e-001
 6.3255602e-001
 6.3546813e-001
 6.3811797e-001
 6.4078987e-001
 6.4389777e-001
 6.4761716e-001
 6.5113896e-001
 6.5395874e-001
 6.5623403e-001
 6.5802896e-001
 6.6032934e-001
 6.6294307e-001
 6.6507304e-001
 6.6762382e-001
 6.6977262e-001
 6.7109990e-001
 6.7165470e-001
 6.7273271e-001
 6.7468882e-001
 6.7682886e-001
 6.7918110e-001
 6.8117028e-001
 6.8219936e-001
 6.8216258e-001
 6.8148762e-001
 6.8202019e-001
 6.8301123e-001
 6.8349296e-001
 6.8408966e-001
 6.8516910e-001
 6.8549585e-001
 6.8414378e-001
 6.8418932e-001
 6.8417937e-001
 6.8328369e-001
 6.8117762e-001
 6.8058121e-001
 6.8114483e-001
 6.8176472e-001
 6.8177772e-001
 6.8089741e-001
 6.8053061e-001
 6.8054706e-001
 6.7977208e-001
 6.7858410e-001
 6.7767316e-001
 6.7693472e-001
 6.7661953e-001
 6.7736435e-001
 6.7844635e-001
 6.7390603e-001
 6.5541780e-001
 6.3801736e-001
 6.0708117e-001
 5.9644181e-001
 6.3796115e-001
 6.5195924e-001
 6.4066309e-001
 6.1853689e-001
 5.9723526e-001
 5.5029899e-001
 4.3360683e-001
 3.5218152e-001
 4.7769952e-001
 5.6870466e-001
 5.9029168e-001
 5.9171635e-001
 5.8155417e-001
 5.9368563e-001
 5.9733325e-001
 5.8801138e-001
 5.7479632e-001
 5.5941451e-001
 5.3554422e-001
 5.0850159e-001
 4.9111027e-001
 4.6665093e-001
 4.3666229e-001
 4.5761898e-001
 4.8501599e-001
 4.7352165e-001
 4.7734815e-001
 4.8752353e-001
 4.8134828e-001
 4.5177618e-001
 4.4640407e-001
 4.4774154e-001
 4.4557306e-001
 4.3247327e-001
 4.3520901e-001
 4.3917114e-001
 4.3266258e-001
 4.3034905e-001
 4.1476813e-001
 3.9103800e-001
 3.7767035e-001
 3.6653134e-001
