s07_AV97 Record=2853: Richterite HS336.2B Amphibol ASDFRc AREF
 1.4644586e-001
 1.5203218e-001
 1.5777959e-001
 1.6391917e-001
 1.6985753e-001
 1.7363276e-001
 1.7635255e-001
 1.7948671e-001
 1.8364206e-001
 1.8924774e-001
 1.9537279e-001
 2.0141298e-001
 2.0741093e-001
 2.1291856e-001
 2.1790330e-001
 2.2245620e-001
 2.2682367e-001
 2.3092960e-001
 2.3503408e-001
 2.3912598e-001
 2.4320988e-001
 2.4721667e-001
 2.5100160e-001
 2.5433201e-001
 2.5751919e-001
 2.6044935e-001
 2.6312473e-001
 2.6658195e-001
 2.6939645e-001
 2.7212286e-001
 2.7477083e-001
 2.7730727e-001
 2.7434385e-001
 2.7683932e-001
 2.7923763e-001
 2.8152388e-001
 2.8369525e-001
 2.8569931e-001
 2.8760675e-001
 2.8952891e-001
 2.9113603e-001
 2.9281333e-001
 2.9433006e-001
 2.9560283e-001
 2.9690945e-001
 2.9813829e-001
 2.9902300e-001
 3.0022031e-001
 3.0113098e-001
 3.0192947e-001
 3.0281082e-001
 3.0347419e-001
 3.0395016e-001
 3.0460185e-001
 3.0541256e-001
 3.0574149e-001
 3.0621299e-001
 3.0662081e-001
 3.0714619e-001
 3.0770680e-001
 3.0783141e-001
 3.0815548e-001
 3.0872190e-001
 3.0912626e-001
 3.0941606e-001
 3.0999982e-001
 3.1055143e-001
 3.1106958e-001
 3.1164315e-001
 3.1167036e-001
 3.1166813e-001
 3.1143910e-001
 3.1141490e-001
 3.1139979e-001
 3.1173068e-001
 3.1192118e-001
 3.1165618e-001
 3.1200248e-001
 3.1235999e-001
 3.1240106e-001
 3.1232482e-001
 3.1225282e-001
 3.1246266e-001
 3.1251070e-001
 3.1234580e-001
 3.1206584e-001
 3.1196523e-001
 3.1171948e-001
 3.1149971e-001
 3.1140557e-001
 3.1151706e-001
 3.1178123e-001
 3.1175604e-001
 3.1164485e-001
 3.1149706e-001
 3.1151909e-001
 3.1154194e-001
 3.1148079e-001
 3.1156981e-001
 3.1134459e-001
 3.1153539e-001
 3.1122449e-001
 3.1131127e-001
 3.1103548e-001
 3.1064630e-001
 3.1026492e-001
 3.0993661e-001
 3.0908355e-001
 3.0680826e-001
 3.0657396e-001
 3.0687466e-001
 3.0859536e-001
 3.0848512e-001
 3.0858776e-001
 3.0865735e-001
 3.0853736e-001
 3.0869159e-001
 3.0863419e-001
 3.0847132e-001
 3.0811366e-001
 3.0792546e-001
 3.0798200e-001
 3.0787024e-001
 3.0756512e-001
 3.0743811e-001
 3.0743420e-001
 3.0764982e-001
 3.0739582e-001
 3.0712873e-001
 3.0725724e-001
 3.0711710e-001
 3.0664757e-001
 3.0662936e-001
 3.0639386e-001
 3.0642554e-001
 3.0585676e-001
 3.0573565e-001
 3.0610114e-001
 3.0553654e-001
 3.0574945e-001
 3.0535802e-001
 3.0505610e-001
 3.0453673e-001
 3.0403942e-001
 3.0374891e-001
 3.0320644e-001
 3.0291855e-001
 3.0253190e-001
 3.0261180e-001
 3.0217320e-001
 3.0232766e-001
 3.0218935e-001
 3.0254143e-001
 3.0241090e-001
 3.0154011e-001
 3.0233884e-001
 3.0251914e-001
 3.0218655e-001
 3.0261737e-001
 3.0237648e-001
 3.0245057e-001
 3.0242985e-001
 3.0171356e-001
 3.0130073e-001
 3.0098695e-001
 3.0120146e-001
 3.0111474e-001
 3.0112490e-001
 3.0097416e-001
 3.0045444e-001
 3.0053878e-001
 3.0054998e-001
 3.0083936e-001
 3.0110997e-001
 3.0111516e-001
 3.0162755e-001
 3.0169764e-001
 3.0195341e-001
 3.0175257e-001
 3.0116674e-001
 3.0107558e-001
 3.0142251e-001
 3.0185151e-001
 3.0116972e-001
 3.0145654e-001
 3.0144981e-001
 3.0166391e-001
 3.0186847e-001
 3.0159572e-001
 3.0195266e-001
 3.0121973e-001
 3.0120146e-001
 3.0136460e-001
 3.0096698e-001
 3.0044574e-001
 3.0019599e-001
 3.0019966e-001
 3.0089876e-001
 3.0009878e-001
 2.9842487e-001
 2.9670817e-001
 2.9525694e-001
 2.9119363e-001
 2.8544435e-001
 2.8665924e-001
 2.9258177e-001
 2.9360050e-001
 2.9350400e-001
 2.9274192e-001
 2.8928217e-001
 2.8743845e-001
 2.8964224e-001
 2.9276156e-001
 2.9379767e-001
 2.9329222e-001
 2.9332644e-001
 2.9220995e-001
 2.9180014e-001
 2.9141000e-001
 2.8972253e-001
 2.8932700e-001
 2.8849351e-001
 2.8805164e-001
-1.2300000e+034
