s07_AV97 Record=1445: Hectorite SHCa-1.Ac-B        NIC4bb RREF
-1.2300000e+034
-1.2300000e+034
-1.2300000e+034
-1.2300000e+034
-1.2300000e+034
-1.2300000e+034
-1.2300000e+034
-1.2300000e+034
-1.2300000e+034
-1.2300000e+034
-1.2300000e+034
-1.2300000e+034
-1.2300000e+034
-1.2300000e+034
-1.2300000e+034
-1.2300000e+034
-1.2300000e+034
-1.2300000e+034
-1.2300000e+034
-1.2300000e+034
-1.2300000e+034
-1.2300000e+034
-1.2300000e+034
-1.2300000e+034
-1.2300000e+034
-1.2300000e+034
-1.2300000e+034
-1.2300000e+034
-1.2300000e+034
-1.2300000e+034
-1.2300000e+034
-1.2300000e+034
-1.2300000e+034
-1.2300000e+034
-1.2300000e+034
-1.2300000e+034
-1.2300000e+034
-1.2300000e+034
-1.2300000e+034
-1.2300000e+034
-1.2300000e+034
-1.2300000e+034
-1.2300000e+034
-1.2300000e+034
-1.2300000e+034
-1.2300000e+034
-1.2300000e+034
-1.2300000e+034
-1.2300000e+034
-1.2300000e+034
-1.2300000e+034
-1.2300000e+034
-1.2300000e+034
-1.2300000e+034
-1.2300000e+034
-1.2300000e+034
-1.2300000e+034
-1.2300000e+034
-1.2300000e+034
-1.2300000e+034
-1.2300000e+034
-1.2300000e+034
-1.2300000e+034
-1.2300000e+034
-1.2300000e+034
-1.2300000e+034
-1.2300000e+034
-1.2300000e+034
-1.2300000e+034
-1.2300000e+034
-1.2300000e+034
-1.2300000e+034
-1.2300000e+034
-1.2300000e+034
-1.2300000e+034
-1.2300000e+034
-1.2300000e+034
-1.2300000e+034
-1.2300000e+034
-1.2300000e+034
-1.2300000e+034
-1.2300000e+034
-1.2300000e+034
-1.2300000e+034
-1.2300000e+034
-1.2300000e+034
-1.2300000e+034
-1.2300000e+034
-1.2300000e+034
-1.2300000e+034
-1.2300000e+034
-1.2300000e+034
-1.2300000e+034
-1.2300000e+034
-1.2300000e+034
-1.2300000e+034
-1.2300000e+034
-1.2300000e+034
-1.2300000e+034
-1.2300000e+034
-1.2300000e+034
-1.2300000e+034
-1.2300000e+034
-1.2300000e+034
-1.2300000e+034
-1.2300000e+034
-1.2300000e+034
-1.2300000e+034
-1.2300000e+034
 4.5224550e-001
 4.3129191e-001
 4.3437731e-001
 4.2282337e-001
 4.2423573e-001
 4.3139091e-001
 4.3652353e-001
 4.3732199e-001
 4.3636239e-001
 4.3921226e-001
 4.4395146e-001
 4.4801378e-001
 4.5142373e-001
 4.5441768e-001
 4.5683342e-001
 4.5953628e-001
 4.6282995e-001
 4.6621907e-001
 4.6944043e-001
 4.7243482e-001
 4.7509503e-001
 4.7764081e-001
 4.8045462e-001
 4.8343068e-001
 4.8633361e-001
 4.8882490e-001
 4.9107906e-001
 4.9290821e-001
 4.9468738e-001
 4.9651232e-001
 4.9824172e-001
 5.0027519e-001
 5.0166589e-001
 5.0230151e-001
 5.0254810e-001
 5.0312728e-001
 5.0400925e-001
 5.0461370e-001
 5.0516516e-001
 5.0571847e-001
 5.0578105e-001
 5.0542188e-001
 5.0517088e-001
 5.0482315e-001
 5.0442344e-001
 5.0372243e-001
 5.0229472e-001
 4.9965990e-001
 4.9352190e-001
 4.7781086e-001
 4.4599003e-001
 4.5827532e-001
 4.1232073e-001
 3.6641461e-001
 3.5532686e-001
 3.7635487e-001
 4.0207934e-001
 4.2029828e-001
 4.3253604e-001
 4.4122761e-001
 4.4822621e-001
 4.5483795e-001
 4.6132129e-001
 4.6764457e-001
 4.7370026e-001
 4.7917092e-001
 4.8367512e-001
 4.8694354e-001
 4.8879114e-001
 4.8933327e-001
 4.8866105e-001
 4.8793161e-001
 4.8775196e-001
 4.8793465e-001
 4.8847899e-001
 4.8904377e-001
 4.8987722e-001
 4.9078497e-001
 4.9099216e-001
 4.9001577e-001
 4.8819202e-001
 4.8563257e-001
 4.8218870e-001
 4.7873521e-001
 4.7512880e-001
 4.7233513e-001
 4.7063124e-001
 4.7020718e-001
 4.6906230e-001
 4.6538571e-001
 4.5725173e-001
 4.4063133e-001
 4.1381299e-001
 3.8815510e-001
 3.5687298e-001
 3.8479096e-001
 4.2899480e-001
 4.3408683e-001
 4.2785621e-001
 4.1943845e-001
 4.0889439e-001
 3.9412543e-001
 3.8145897e-001
 3.8773689e-001
 3.9159682e-001
 3.8475832e-001
 3.7804535e-001
 3.7129432e-001
 3.6480239e-001
 3.6031824e-001
 3.5819837e-001
 3.5653257e-001
 3.5204914e-001
 3.4693125e-001
 3.4203970e-001
