s07_AV97 Record=2752: Pyrophyllite SU1421           BECKb AREF
 6.2521482e-001
 6.3685751e-001
 6.5030402e-001
 6.5980667e-001
 6.6518152e-001
 6.6677153e-001
 6.6513711e-001
 6.6976583e-001
 6.8087161e-001
 6.9004214e-001
 6.9463545e-001
 6.9937843e-001
 7.0338780e-001
 7.0770484e-001
 7.1166641e-001
 7.1463633e-001
 7.1770006e-001
 7.2026163e-001
 7.2292888e-001
 7.2379732e-001
 7.2463697e-001
 7.2779518e-001
 7.3143756e-001
 7.3233861e-001
 7.3131669e-001
 7.3132610e-001
 7.3255259e-001
 7.3508781e-001
 7.3645800e-001
 7.3861730e-001
 7.4146718e-001
 7.4378169e-001
 7.4091792e-001
 7.4345517e-001
 7.4519688e-001
 7.4836898e-001
 7.5114095e-001
 7.5431097e-001
 7.5558925e-001
 7.5642502e-001
 7.5829011e-001
 7.5858289e-001
 7.5969267e-001
 7.6170260e-001
 7.6207900e-001
 7.6330829e-001
 7.6402152e-001
 7.6527643e-001
 7.6543248e-001
 7.6448387e-001
 7.6188207e-001
 7.7240860e-001
 7.8364384e-001
 7.7805394e-001
 7.7862734e-001
 7.8216279e-001
 7.8649187e-001
 7.8393364e-001
 7.7753866e-001
 7.7877712e-001
 7.7547508e-001
 7.6916772e-001
 7.5381774e-001
 7.6858920e-001
 7.7370071e-001
 7.7591479e-001
 7.7319032e-001
 7.7265549e-001
 7.7314830e-001
 7.7315897e-001
 7.7254641e-001
 7.7333355e-001
 7.7262682e-001
 7.7358878e-001
 7.7394611e-001
 7.7357620e-001
 7.7319455e-001
 7.7358067e-001
 7.7195036e-001
 7.7453840e-001
 7.7573603e-001
 7.7528036e-001
 7.7635139e-001
 7.7575827e-001
 7.7438176e-001
 7.7409422e-001
 7.7717590e-001
 7.7812797e-001
 7.7744401e-001
 7.7629191e-001
 7.7878785e-001
 7.6995975e-001
 7.7701837e-001
 7.8274465e-001
 7.8546143e-001
 7.8598797e-001
 7.8402305e-001
 7.8595841e-001
 7.8646451e-001
 7.8498650e-001
 7.8351086e-001
 7.8263754e-001
 7.7882814e-001
 7.7063447e-001
 7.6392549e-001
 7.7035695e-001
 7.6715010e-001
 7.5636232e-001
 7.5214344e-001
 6.8161505e-001
 4.9669215e-001
 6.1876953e-001
 6.7770052e-001
 7.3112565e-001
 7.4764180e-001
 7.4509305e-001
 7.5267428e-001
 7.6420641e-001
 7.7256227e-001
 7.7681750e-001
 7.7769703e-001
 7.8171426e-001
 7.8822339e-001
 7.9028279e-001
 7.8857094e-001
 7.9125363e-001
 7.9751056e-001
 8.0531180e-001
 8.0870658e-001
 8.1173909e-001
 8.1303412e-001
 8.1465942e-001
 8.1442356e-001
 8.1849450e-001
 8.1857985e-001
 8.1981885e-001
 8.2236505e-001
 8.2323271e-001
 8.2046229e-001
 8.2065642e-001
 8.1501758e-001
 8.2037741e-001
 8.1284887e-001
 8.0509102e-001
 7.9830348e-001
 7.9262638e-001
 7.9437804e-001
 7.9369557e-001
 7.9546118e-001
 7.9951775e-001
 8.0664092e-001
 8.0478323e-001
 8.0603999e-001
 8.0696219e-001
 8.0705595e-001
 8.0620700e-001
 8.0408442e-001
 7.9754740e-001
 7.8589696e-001
 7.6958930e-001
 7.7532756e-001
 7.5607497e-001
 7.3330331e-001
 7.0587987e-001
 6.7264044e-001
 6.3313985e-001
 5.9995717e-001
 5.9739226e-001
 6.2267315e-001
 6.4679796e-001
 6.5386015e-001
 6.6737437e-001
 6.9942266e-001
 7.2611701e-001
 7.3943394e-001
 7.4398106e-001
 7.5183624e-001
 7.4799222e-001
 7.1477723e-001
 6.9490504e-001
 6.9385815e-001
 7.0439285e-001
 7.2348195e-001
 7.1310067e-001
 6.8619019e-001
 6.5129936e-001
 6.1914712e-001
 5.6558591e-001
 4.3272310e-001
 3.5659492e-001
 4.5382816e-001
 5.2090979e-001
 5.2111822e-001
 5.3552938e-001
 5.6160945e-001
 5.8582419e-001
 6.0220957e-001
 5.9253043e-001
 5.8202291e-001
 5.6549966e-001
 5.3746963e-001
 5.0633973e-001
 4.8469064e-001
 4.5463437e-001
 4.2761129e-001
 4.4476956e-001
 4.6388340e-001
 4.4969964e-001
 4.5520028e-001
 4.6444634e-001
 4.5580101e-001
 4.2627952e-001
 4.1706866e-001
 4.1115463e-001
 4.0228885e-001
 3.9400396e-001
 3.8853452e-001
 3.8722330e-001
 3.8729522e-001
 3.8429460e-001
 3.7550730e-001
 3.6515611e-001
 3.5883820e-001
 3.6016732e-001
