s07_AV97 Record=793: Chlorite HS197.3B           NIC4bbb RREF
-1.2300000e+034
-1.2300000e+034
-1.2300000e+034
-1.2300000e+034
-1.2300000e+034
-1.2300000e+034
-1.2300000e+034
-1.2300000e+034
-1.2300000e+034
-1.2300000e+034
-1.2300000e+034
-1.2300000e+034
-1.2300000e+034
-1.2300000e+034
-1.2300000e+034
-1.2300000e+034
-1.2300000e+034
-1.2300000e+034
-1.2300000e+034
-1.2300000e+034
-1.2300000e+034
-1.2300000e+034
-1.2300000e+034
-1.2300000e+034
-1.2300000e+034
-1.2300000e+034
-1.2300000e+034
-1.2300000e+034
-1.2300000e+034
-1.2300000e+034
-1.2300000e+034
-1.2300000e+034
-1.2300000e+034
-1.2300000e+034
-1.2300000e+034
-1.2300000e+034
-1.2300000e+034
-1.2300000e+034
-1.2300000e+034
-1.2300000e+034
-1.2300000e+034
-1.2300000e+034
-1.2300000e+034
-1.2300000e+034
-1.2300000e+034
-1.2300000e+034
-1.2300000e+034
-1.2300000e+034
-1.2300000e+034
-1.2300000e+034
-1.2300000e+034
-1.2300000e+034
-1.2300000e+034
-1.2300000e+034
-1.2300000e+034
-1.2300000e+034
-1.2300000e+034
-1.2300000e+034
-1.2300000e+034
-1.2300000e+034
-1.2300000e+034
-1.2300000e+034
-1.2300000e+034
-1.2300000e+034
-1.2300000e+034
-1.2300000e+034
-1.2300000e+034
-1.2300000e+034
-1.2300000e+034
-1.2300000e+034
-1.2300000e+034
-1.2300000e+034
-1.2300000e+034
-1.2300000e+034
-1.2300000e+034
-1.2300000e+034
-1.2300000e+034
-1.2300000e+034
-1.2300000e+034
-1.2300000e+034
-1.2300000e+034
-1.2300000e+034
-1.2300000e+034
-1.2300000e+034
-1.2300000e+034
-1.2300000e+034
-1.2300000e+034
-1.2300000e+034
-1.2300000e+034
-1.2300000e+034
-1.2300000e+034
-1.2300000e+034
-1.2300000e+034
-1.2300000e+034
-1.2300000e+034
-1.2300000e+034
-1.2300000e+034
-1.2300000e+034
-1.2300000e+034
-1.2300000e+034
-1.2300000e+034
-1.2300000e+034
-1.2300000e+034
-1.2300000e+034
-1.2300000e+034
-1.2300000e+034
-1.2300000e+034
-1.2300000e+034
-1.2300000e+034
-1.2300000e+034
 2.3732139e-001
 2.4718507e-001
 2.4959548e-001
 2.5120115e-001
 2.4998325e-001
 2.5019419e-001
 2.5322205e-001
 2.5720772e-001
 2.6092294e-001
 2.6425251e-001
 2.6733604e-001
 2.7013892e-001
 2.7278811e-001
 2.7560052e-001
 2.7907050e-001
 2.8314525e-001
 2.8743580e-001
 2.9193184e-001
 2.9667124e-001
 3.0129936e-001
 3.0595243e-001
 3.1089827e-001
 3.1587577e-001
 3.2076928e-001
 3.2543617e-001
 3.2986042e-001
 3.3407316e-001
 3.3804631e-001
 3.4216854e-001
 3.4619412e-001
 3.5004172e-001
 3.5369700e-001
 3.5710105e-001
 3.6022404e-001
 3.6319357e-001
 3.6638772e-001
 3.6940932e-001
 3.7216792e-001
 3.7477124e-001
 3.7696025e-001
 3.7877864e-001
 3.8014203e-001
 3.8115531e-001
 3.8223711e-001
 3.8322967e-001
 3.8343856e-001
 3.8251716e-001
 3.8129225e-001
 3.7983304e-001
 3.7898827e-001
 3.7903762e-001
 3.8009247e-001
 3.8150501e-001
 3.8125625e-001
 3.8119981e-001
 3.8161734e-001
 3.8109967e-001
 3.7894455e-001
 3.7693301e-001
 3.7509903e-001
 3.7201393e-001
 3.6994705e-001
 3.7064180e-001
 3.7385017e-001
 3.7977344e-001
 3.8757244e-001
 3.9504060e-001
 4.0108675e-001
 4.0549704e-001
 4.0834865e-001
 4.0992728e-001
 4.1026646e-001
 4.0752214e-001
 4.0500444e-001
 4.0464857e-001
 4.0562549e-001
 4.0604746e-001
 4.0498650e-001
 4.0277132e-001
 4.0026763e-001
 3.9656445e-001
 3.9117238e-001
 3.8455522e-001
 3.7619174e-001
 3.6516288e-001
 3.4500203e-001
 3.1369701e-001
 2.9377195e-001
 2.9473269e-001
 2.9643583e-001
 2.9005149e-001
 2.6898479e-001
 2.5413096e-001
 2.4892141e-001
 2.3712291e-001
 2.3019728e-001
 2.3255846e-001
 2.4206190e-001
 2.5494823e-001
 2.6947865e-001
 2.7771577e-001
 2.7793822e-001
 2.8234860e-001
 2.9268685e-001
 2.9737291e-001
 2.9240197e-001
 2.8684106e-001
 2.8108814e-001
 2.7258262e-001
 2.6548943e-001
 2.6334941e-001
 2.6341173e-001
 2.6298726e-001
 2.6222718e-001
