s07_AV97 Record=3013: Smaragdite HS290.6  Amphibol ASDFRb AREF
 1.1691962e-001
 1.1820059e-001
 1.1800734e-001
 1.1795893e-001
 1.1763387e-001
 1.1843466e-001
 1.1954821e-001
 1.2008518e-001
 1.1942548e-001
 1.1983560e-001
 1.2044831e-001
 1.2112524e-001
 1.2128799e-001
 1.2072056e-001
 1.2064575e-001
 1.2025939e-001
 1.1934504e-001
 1.1826923e-001
 1.1711879e-001
 1.1574272e-001
 1.1420339e-001
 1.1251153e-001
 1.1099104e-001
 1.0918028e-001
 1.0857114e-001
 1.0713672e-001
 1.0560929e-001
 1.0452223e-001
 1.0327916e-001
 1.0239410e-001
 1.0164194e-001
 1.0094876e-001
 1.0174441e-001
 1.0109448e-001
 1.0038619e-001
 9.9589974e-002
 9.9239163e-002
 9.8895520e-002
 9.8569334e-002
 9.8354891e-002
 9.8136552e-002
 9.8227449e-002
 9.8305404e-002
 9.8294005e-002
 9.8125435e-002
 9.7670414e-002
 9.7186163e-002
 9.6569359e-002
 9.5786504e-002
 9.4932780e-002
 9.4139911e-002
 9.3384802e-002
 9.2747778e-002
 9.1901191e-002
 9.1209874e-002
 9.0633035e-002
 9.0039484e-002
 8.9654371e-002
 8.9011662e-002
 8.8656180e-002
 8.8336281e-002
 8.7748557e-002
 8.7166362e-002
 8.6570375e-002
 8.6039573e-002
 8.5519776e-002
 8.5056439e-002
 8.4637150e-002
 8.4192932e-002
 8.3289519e-002
 8.3122902e-002
 8.2689658e-002
 8.2583651e-002
 8.3096050e-002
 8.2745343e-002
 8.3219841e-002
 8.3303340e-002
 8.3513200e-002
 8.3764859e-002
 8.3931193e-002
 8.4107965e-002
 8.4088296e-002
 8.4263772e-002
 8.4563091e-002
 8.4923990e-002
 8.5237324e-002
 8.5839361e-002
 8.6138986e-002
 8.6489633e-002
 8.7138355e-002
 8.8044398e-002
 8.9022443e-002
 8.9745261e-002
 9.1076270e-002
 9.2357352e-002
 9.3764529e-002
 9.1408722e-002
 9.3034148e-002
 9.4532736e-002
 9.6138716e-002
 9.8206513e-002
 1.0031589e-001
 1.0271381e-001
 1.0527448e-001
 1.0806955e-001
 1.1085055e-001
 1.1378331e-001
 1.1633220e-001
 1.1374278e-001
 1.0860306e-001
 9.8083168e-002
 9.9731930e-002
 1.1214814e-001
 1.3015313e-001
 1.4074402e-001
 1.4624748e-001
 1.5067030e-001
 1.5555792e-001
 1.6056462e-001
 1.6596894e-001
 1.7151004e-001
 1.7729075e-001
 1.8287131e-001
 1.8821794e-001
 1.9338235e-001
 1.9841810e-001
 2.0365244e-001
 2.0872588e-001
 2.1395567e-001
 2.1931754e-001
 2.2457108e-001
 2.2940680e-001
 2.3377936e-001
 2.3815098e-001
 2.4230039e-001
 2.4603623e-001
 2.4943189e-001
 2.5289598e-001
 2.5625119e-001
 2.5890973e-001
 2.6129684e-001
 2.6364177e-001
 2.6603144e-001
 2.6785302e-001
 2.6919752e-001
 2.7091467e-001
 2.7229440e-001
 2.7301639e-001
 2.7375066e-001
 2.7433550e-001
 2.7429995e-001
 2.7401021e-001
 2.7308011e-001
 2.7125040e-001
 2.6847616e-001
 2.6399747e-001
 2.5918815e-001
 2.5484964e-001
 2.4945942e-001
 2.3975271e-001
 2.4429233e-001
 2.3097563e-001
 2.1046230e-001
 1.8878007e-001
 1.7545369e-001
 1.7167416e-001
 1.7359892e-001
 1.7606452e-001
 1.7665987e-001
 1.7585514e-001
 1.7438020e-001
 1.7228666e-001
 1.7048892e-001
 1.6937593e-001
 1.6909763e-001
 1.6824256e-001
 1.6566588e-001
 1.6114932e-001
 1.5672901e-001
 1.5258868e-001
 1.4813694e-001
 1.4238691e-001
 1.3696735e-001
 1.2964055e-001
 1.2442303e-001
 1.2260675e-001
 1.2281456e-001
 1.2284528e-001
 1.2270286e-001
 1.2200622e-001
 1.2009938e-001
 1.1847726e-001
 1.1692185e-001
 1.1538896e-001
 1.1251402e-001
 1.0608860e-001
 8.8765517e-002
 7.2983019e-002
 7.3358446e-002
 7.5005263e-002
 6.6384569e-002
 5.7194907e-002
 5.2274216e-002
 5.1057048e-002
 5.0115544e-002
 5.2369885e-002
 5.5488333e-002
 5.8958039e-002
 6.0591340e-002
 5.8626756e-002
 5.4563221e-002
 5.2199990e-002
 5.4231443e-002
 5.7041269e-002
 6.0014877e-002
 6.1551742e-002
 6.2474698e-002
 6.2042348e-002
 6.1663847e-002
 5.9371531e-002
 5.8918554e-002
 5.8616325e-002
 5.8342703e-002
-1.2300000e+034
