s07_AV97 Record=1472: Hematite GDS27                BECKa AREF
 1.8106217e-002
 1.8645506e-002
 1.9532636e-002
 1.9867703e-002
 2.0354176e-002
 2.0581063e-002
 2.0644622e-002
 2.0606643e-002
 2.0428708e-002
 2.0329027e-002
 2.0119015e-002
 2.0321734e-002
 2.0586152e-002
 2.0786686e-002
 2.1258334e-002
 2.1902561e-002
 2.2559294e-002
 2.4028769e-002
 2.6523570e-002
 3.2543402e-002
 4.5654818e-002
 6.9079936e-002
 1.0115268e-001
 1.3356501e-001
 1.5799053e-001
 1.7257181e-001
 1.8119211e-001
 1.8742341e-001
 1.9334930e-001
 2.0073612e-001
 2.0984016e-001
 2.2110067e-001
 2.0828193e-001
 2.1864726e-001
 2.3162414e-001
 2.4571207e-001
 2.6169914e-001
 2.7777064e-001
 2.9239765e-001
 3.0424699e-001
 3.1056193e-001
 3.1090212e-001
 3.0577073e-001
 2.9740849e-001
 2.8683743e-001
 2.7598757e-001
 2.6512352e-001
 2.5592694e-001
 2.4801305e-001
 2.3994505e-001
 2.3375566e-001
 2.3199086e-001
 2.3336947e-001
 2.3060377e-001
 2.3159850e-001
 2.3495822e-001
 2.3684749e-001
 2.4144165e-001
 2.4808849e-001
 2.5392455e-001
 2.6813215e-001
 2.7881280e-001
 2.9007384e-001
 3.0960533e-001
 3.2751504e-001
 3.4626779e-001
 3.6538145e-001
 3.8665664e-001
 4.0761861e-001
 4.2655018e-001
 4.4424033e-001
 4.6029159e-001
 4.7513264e-001
 4.8776829e-001
 5.0196934e-001
 5.1536584e-001
 5.3044051e-001
 5.4470229e-001
 5.6072259e-001
 5.7727456e-001
 5.9326160e-001
 6.1253947e-001
 6.3148952e-001
 6.4978027e-001
 6.6894048e-001
 6.8735397e-001
 7.0747149e-001
 7.2465110e-001
 7.3896855e-001
 7.5191993e-001
 7.6489443e-001
 7.7345568e-001
 7.8262579e-001
 7.9212046e-001
 7.9737377e-001
 8.0352515e-001
 7.9454005e-001
 8.0103624e-001
 8.0497909e-001
 8.0896181e-001
 8.1241554e-001
 8.1523907e-001
 8.1726527e-001
 8.1984282e-001
 8.2088506e-001
 8.2154894e-001
 8.2256347e-001
 8.2395047e-001
 8.2132703e-001
 8.1420159e-001
 8.1560695e-001
 8.1486672e-001
 8.1440198e-001
 8.1738341e-001
 8.1587642e-001
 8.1911981e-001
 8.1734735e-001
 8.2117784e-001
 8.2223821e-001
 8.2507974e-001
 8.2813138e-001
 8.2611698e-001
 8.2714564e-001
 8.2987344e-001
 8.2931668e-001
 8.3288521e-001
 8.3243817e-001
 8.3495313e-001
 8.3298188e-001
 8.3425188e-001
 8.3437777e-001
 8.3370155e-001
 8.3532733e-001
 8.3444822e-001
 8.3356553e-001
 8.3392364e-001
 8.3471984e-001
 8.3398509e-001
 8.3295155e-001
 8.3087623e-001
 8.3537847e-001
 8.3824581e-001
 8.3855367e-001
 8.3316642e-001
 8.3265406e-001
 8.3667636e-001
 8.3410627e-001
 8.3308983e-001
 8.3278072e-001
 8.3444083e-001
 8.3521760e-001
 8.3278227e-001
 8.3174980e-001
 8.3064783e-001
 8.2755738e-001
 8.2752824e-001
 8.2806104e-001
 8.2494509e-001
 8.1314832e-001
 7.8664887e-001
 7.9571074e-001
 7.8226274e-001
 7.9333043e-001
 7.9554439e-001
 7.9237479e-001
 7.8757316e-001
 7.9107112e-001
 7.8933442e-001
 7.9097843e-001
 7.9566872e-001
 7.9469162e-001
 7.9901832e-001
 8.0062109e-001
 8.0110276e-001
 8.0469406e-001
 8.0578607e-001
 8.0669814e-001
 8.1108153e-001
 8.1181741e-001
 8.1397992e-001
 8.1548935e-001
 8.1358826e-001
 8.1726819e-001
 8.2148367e-001
 8.2160228e-001
 8.2520849e-001
 8.2614303e-001
 8.2340211e-001
 8.2336938e-001
 8.2384944e-001
 8.1972951e-001
 8.1502968e-001
 8.1396985e-001
 8.1323606e-001
 8.1120420e-001
 8.0892920e-001
 8.0600566e-001
 8.0427206e-001
 8.0405325e-001
 8.0114734e-001
 8.0101264e-001
 7.9670250e-001
 7.9608476e-001
 7.9375887e-001
 7.9776007e-001
 7.9203665e-001
 7.8590155e-001
 7.8132212e-001
 7.7913260e-001
 7.7772886e-001
 7.7596879e-001
 7.7016217e-001
 7.6600927e-001
 7.6368159e-001
 7.6121902e-001
 7.5677633e-001
 7.5134802e-001
 7.4656957e-001
 7.4335015e-001
 7.4109471e-001
 7.4009979e-001
 7.3942918e-001
 7.3798567e-001
 7.3507321e-001
