s07_AV97 Record=662: Bytownite HS106.3B Plagio     BECKc AREF
 3.2351711e-001
 3.3658624e-001
 3.5260406e-001
 3.7366551e-001
 3.8776222e-001
 3.9577514e-001
 4.0700403e-001
 4.2265517e-001
 4.3595335e-001
 4.4856822e-001
 4.5861262e-001
 4.6625656e-001
 4.7287565e-001
 4.8120371e-001
 4.9215105e-001
 5.0378835e-001
 5.1276529e-001
 5.2186435e-001
 5.2646840e-001
 5.3248459e-001
 5.3388423e-001
 5.3637815e-001
 5.3765613e-001
 5.3963608e-001
 5.4108357e-001
 5.4131788e-001
 5.4257399e-001
 5.4565859e-001
 5.4769975e-001
 5.4993016e-001
 5.5267286e-001
 5.5492151e-001
 5.5221951e-001
 5.5440497e-001
 5.5656433e-001
 5.6033069e-001
 5.6265372e-001
 5.6504142e-001
 5.6774974e-001
 5.7342052e-001
 5.7709110e-001
 5.8013719e-001
 5.8276421e-001
 5.8797652e-001
 5.9118688e-001
 5.9369934e-001
 5.9483069e-001
 5.9536594e-001
 5.9353769e-001
 5.9090483e-001
 5.9152800e-001
 5.9020919e-001
 5.8850360e-001
 5.8775645e-001
 5.8450419e-001
 5.7977235e-001
 5.7935625e-001
 5.8043450e-001
 5.7618278e-001
 5.7692802e-001
 5.7372165e-001
 5.7286114e-001
 5.7238013e-001
 5.7360673e-001
 5.6635851e-001
 5.6673729e-001
 5.6232572e-001
 5.5991101e-001
 5.5794823e-001
 5.5290323e-001
 5.4833061e-001
 5.4629147e-001
 5.4047960e-001
 5.3838700e-001
 5.3448308e-001
 5.3094840e-001
 5.2699590e-001
 5.2606052e-001
 5.2127409e-001
 5.1832986e-001
 5.1767391e-001
 5.1570916e-001
 5.1238555e-001
 5.1192719e-001
 5.0980562e-001
 5.0683528e-001
 5.0525868e-001
 5.0370878e-001
 5.0348061e-001
 5.0270480e-001
 5.0253880e-001
 5.0282413e-001
 5.0370276e-001
 5.0476795e-001
 5.0350899e-001
 5.0539458e-001
 5.0368130e-001
 5.0449640e-001
 5.0512058e-001
 5.0472802e-001
 5.0621712e-001
 5.0975597e-001
 5.1170588e-001
 5.1263487e-001
 5.1600850e-001
 5.1847011e-001
 5.2088839e-001
 5.2410662e-001
 5.2898616e-001
 5.2920532e-001
 5.2656960e-001
 5.2876872e-001
 5.3165400e-001
 5.3534740e-001
 5.4048294e-001
 5.4075313e-001
 5.4660732e-001
 5.5444914e-001
 5.5907995e-001
 5.6441641e-001
 5.7215530e-001
 5.8021307e-001
 5.8140260e-001
 5.8784115e-001
 5.9657699e-001
 6.0022020e-001
 6.0304445e-001
 6.0963672e-001
 6.1134952e-001
 6.1278337e-001
 6.1908317e-001
 6.2144941e-001
 6.2541336e-001
 6.2857741e-001
 6.3241917e-001
 6.3289130e-001
 6.3539350e-001
 6.4100981e-001
 6.4293933e-001
 6.4464349e-001
 6.4581960e-001
 6.5244871e-001
 6.4973533e-001
 6.5191001e-001
 6.5167564e-001
 6.5362716e-001
 6.5880644e-001
 6.5481406e-001
 6.5796459e-001
 6.5819079e-001
 6.6223729e-001
 6.6181809e-001
 6.6034228e-001
 6.6141182e-001
 6.6398853e-001
 6.6307986e-001
 6.6315508e-001
 6.6036910e-001
 6.5444428e-001
 6.3864386e-001
 6.4451575e-001
 6.3447410e-001
 6.0872638e-001
 5.5779767e-001
 5.4423213e-001
 5.2738208e-001
 5.1275826e-001
 5.0995100e-001
 5.1407921e-001
 5.3018528e-001
 5.4114044e-001
 5.4835171e-001
 5.6121874e-001
 5.7577479e-001
 5.8350575e-001
 5.9116769e-001
 6.0121596e-001
 6.0560066e-001
 6.1274296e-001
 6.2313825e-001
 6.2270480e-001
 6.2676936e-001
 6.3190931e-001
 6.3444477e-001
 6.4033270e-001
 6.4203227e-001
 6.4515537e-001
 6.4938253e-001
 6.5096962e-001
 6.5062720e-001
 6.4713651e-001
 6.4763218e-001
 6.4958966e-001
 6.5087509e-001
 6.5205777e-001
 6.4981282e-001
 6.4092445e-001
 6.4465350e-001
 6.4619184e-001
 6.4129633e-001
 6.4307791e-001
 6.3650012e-001
 6.3040340e-001
 6.1920750e-001
 6.1358082e-001
 6.1620790e-001
 6.1205977e-001
 6.1238915e-001
 6.1092013e-001
 6.0586524e-001
 5.9934455e-001
 5.8653909e-001
 5.7743597e-001
 5.6574148e-001
 5.5331773e-001
 5.4574448e-001
 5.4145050e-001
 5.3727216e-001
 5.3326023e-001
 5.2940297e-001
 5.2685589e-001
 5.2551007e-001
 5.2509403e-001
 5.2522266e-001
