s07_AV97 Record=3303: Topaz Little_3_Mine_#41      NIC4bb RREF
-1.2300000e+034
-1.2300000e+034
-1.2300000e+034
-1.2300000e+034
-1.2300000e+034
-1.2300000e+034
-1.2300000e+034
-1.2300000e+034
-1.2300000e+034
-1.2300000e+034
-1.2300000e+034
-1.2300000e+034
-1.2300000e+034
-1.2300000e+034
-1.2300000e+034
-1.2300000e+034
-1.2300000e+034
-1.2300000e+034
-1.2300000e+034
-1.2300000e+034
-1.2300000e+034
-1.2300000e+034
-1.2300000e+034
-1.2300000e+034
-1.2300000e+034
-1.2300000e+034
-1.2300000e+034
-1.2300000e+034
-1.2300000e+034
-1.2300000e+034
-1.2300000e+034
-1.2300000e+034
-1.2300000e+034
-1.2300000e+034
-1.2300000e+034
-1.2300000e+034
-1.2300000e+034
-1.2300000e+034
-1.2300000e+034
-1.2300000e+034
-1.2300000e+034
-1.2300000e+034
-1.2300000e+034
-1.2300000e+034
-1.2300000e+034
-1.2300000e+034
-1.2300000e+034
-1.2300000e+034
-1.2300000e+034
-1.2300000e+034
-1.2300000e+034
-1.2300000e+034
-1.2300000e+034
-1.2300000e+034
-1.2300000e+034
-1.2300000e+034
-1.2300000e+034
-1.2300000e+034
-1.2300000e+034
-1.2300000e+034
-1.2300000e+034
-1.2300000e+034
-1.2300000e+034
-1.2300000e+034
-1.2300000e+034
-1.2300000e+034
-1.2300000e+034
-1.2300000e+034
-1.2300000e+034
-1.2300000e+034
-1.2300000e+034
-1.2300000e+034
-1.2300000e+034
-1.2300000e+034
-1.2300000e+034
-1.2300000e+034
-1.2300000e+034
-1.2300000e+034
-1.2300000e+034
-1.2300000e+034
-1.2300000e+034
-1.2300000e+034
-1.2300000e+034
-1.2300000e+034
-1.2300000e+034
-1.2300000e+034
-1.2300000e+034
-1.2300000e+034
-1.2300000e+034
-1.2300000e+034
-1.2300000e+034
-1.2300000e+034
-1.2300000e+034
-1.2300000e+034
-1.2300000e+034
-1.2300000e+034
-1.2300000e+034
-1.2300000e+034
-1.2300000e+034
-1.2300000e+034
-1.2300000e+034
-1.2300000e+034
-1.2300000e+034
-1.2300000e+034
-1.2300000e+034
-1.2300000e+034
-1.2300000e+034
-1.2300000e+034
-1.2300000e+034
 8.8845122e-001
 8.6330390e-001
 7.8665179e-001
 8.1869525e-001
 8.3138019e-001
 8.2363617e-001
 8.1612486e-001
 8.1000733e-001
 8.0499899e-001
 8.0203164e-001
 8.0137920e-001
 8.0204988e-001
 8.0369824e-001
 8.0536306e-001
 8.0730379e-001
 8.1014031e-001
 8.1414437e-001
 8.1880665e-001
 8.2344478e-001
 8.2719988e-001
 8.3040875e-001
 8.3358699e-001
 8.3734131e-001
 8.4225559e-001
 8.4759456e-001
 8.5206044e-001
 8.5552478e-001
 8.5862511e-001
 8.6166900e-001
 8.6338729e-001
 8.6028838e-001
 8.6891830e-001
 8.7489152e-001
 8.7698799e-001
 8.7797117e-001
 8.8023949e-001
 8.8327277e-001
 8.8588905e-001
 8.8829756e-001
 8.9108801e-001
 8.9310551e-001
 8.9393800e-001
 8.9474094e-001
 8.9574099e-001
 8.9698756e-001
 8.9855093e-001
 9.0029448e-001
 9.0190440e-001
 9.0241343e-001
 9.0292263e-001
 9.0182769e-001
 9.0224361e-001
 9.0119374e-001
 9.0066987e-001
 9.0070605e-001
 9.0091217e-001
 9.0133172e-001
 9.0213764e-001
 9.0280557e-001
 9.0275753e-001
 9.0258312e-001
 9.0267086e-001
 9.0225488e-001
 9.0096164e-001
 9.0048468e-001
 9.0154618e-001
 9.0208405e-001
 9.0073204e-001
 8.9574695e-001
 8.8056296e-001
 8.1877923e-001
 6.3157648e-001
 6.5136832e-001
 8.1219435e-001
 8.6057556e-001
 8.7488073e-001
 8.7024134e-001
 8.4590971e-001
 8.2779330e-001
 8.3116519e-001
 8.4601486e-001
 8.5323936e-001
 8.6115569e-001
 8.5723507e-001
 8.5283601e-001
 8.5985208e-001
 8.7459934e-001
 8.7918526e-001
 8.7568283e-001
 8.5372043e-001
 8.5621941e-001
 8.7019706e-001
 8.6720669e-001
 8.5294229e-001
 8.4166819e-001
 8.3143818e-001
 8.2076430e-001
 8.1756461e-001
 8.1701100e-001
 8.1578118e-001
 8.0819905e-001
 8.0294627e-001
 8.0119085e-001
 7.9453909e-001
 7.8512406e-001
 7.7022862e-001
 7.6594478e-001
 7.6850623e-001
 7.6105541e-001
 7.3844016e-001
 7.1394420e-001
 7.0347452e-001
 6.8690097e-001
 6.5397984e-001
 6.2867099e-001
