s07_AV97 Record=2202: Muscovite CU93-1 low-Al Phyl  NIC4b RREF
-1.2300000e+034
-1.2300000e+034
-1.2300000e+034
-1.2300000e+034
-1.2300000e+034
-1.2300000e+034
-1.2300000e+034
-1.2300000e+034
-1.2300000e+034
-1.2300000e+034
-1.2300000e+034
-1.2300000e+034
-1.2300000e+034
-1.2300000e+034
-1.2300000e+034
-1.2300000e+034
-1.2300000e+034
-1.2300000e+034
-1.2300000e+034
-1.2300000e+034
-1.2300000e+034
-1.2300000e+034
-1.2300000e+034
-1.2300000e+034
-1.2300000e+034
-1.2300000e+034
-1.2300000e+034
-1.2300000e+034
-1.2300000e+034
-1.2300000e+034
-1.2300000e+034
-1.2300000e+034
-1.2300000e+034
-1.2300000e+034
-1.2300000e+034
-1.2300000e+034
-1.2300000e+034
-1.2300000e+034
-1.2300000e+034
-1.2300000e+034
-1.2300000e+034
-1.2300000e+034
-1.2300000e+034
-1.2300000e+034
-1.2300000e+034
-1.2300000e+034
-1.2300000e+034
-1.2300000e+034
-1.2300000e+034
-1.2300000e+034
-1.2300000e+034
-1.2300000e+034
-1.2300000e+034
-1.2300000e+034
-1.2300000e+034
-1.2300000e+034
-1.2300000e+034
-1.2300000e+034
-1.2300000e+034
-1.2300000e+034
-1.2300000e+034
-1.2300000e+034
-1.2300000e+034
-1.2300000e+034
-1.2300000e+034
-1.2300000e+034
-1.2300000e+034
-1.2300000e+034
-1.2300000e+034
-1.2300000e+034
-1.2300000e+034
-1.2300000e+034
-1.2300000e+034
-1.2300000e+034
-1.2300000e+034
-1.2300000e+034
-1.2300000e+034
-1.2300000e+034
-1.2300000e+034
-1.2300000e+034
-1.2300000e+034
-1.2300000e+034
-1.2300000e+034
-1.2300000e+034
-1.2300000e+034
-1.2300000e+034
-1.2300000e+034
-1.2300000e+034
-1.2300000e+034
-1.2300000e+034
-1.2300000e+034
-1.2300000e+034
-1.2300000e+034
-1.2300000e+034
-1.2300000e+034
-1.2300000e+034
-1.2300000e+034
-1.2300000e+034
-1.2300000e+034
-1.2300000e+034
-1.2300000e+034
-1.2300000e+034
-1.2300000e+034
-1.2300000e+034
-1.2300000e+034
-1.2300000e+034
-1.2300000e+034
-1.2300000e+034
-1.2300000e+034
-1.2300000e+034
-1.2300000e+034
-1.2300000e+034
-1.2300000e+034
-1.2300000e+034
-1.2300000e+034
-1.2300000e+034
-1.2300000e+034
-1.2300000e+034
-1.2300000e+034
-1.2300000e+034
 3.5840198e-001
 3.6213040e-001
 3.7004998e-001
 3.8091016e-001
 3.9266759e-001
 4.0458968e-001
 4.1513905e-001
 4.2493927e-001
 4.3370280e-001
 4.4150645e-001
 4.4829735e-001
 4.5430538e-001
 4.5940661e-001
 4.6361780e-001
 4.6702746e-001
 4.7005817e-001
 4.7299469e-001
 4.7627267e-001
 4.7903711e-001
 4.8118514e-001
 4.8295686e-001
 4.8418248e-001
 4.8549542e-001
 4.8633012e-001
 4.8754820e-001
 4.8882511e-001
 4.8992816e-001
 4.9060735e-001
 4.9101266e-001
 4.9101681e-001
 4.9106759e-001
 4.9136508e-001
 4.9193683e-001
 4.9249202e-001
 4.9273565e-001
 4.9234951e-001
 4.9177212e-001
 4.9022496e-001
 4.8568925e-001
 4.7501850e-001
 4.7922155e-001
 4.6224806e-001
 4.3652320e-001
 4.2026293e-001
 4.2337161e-001
 4.3230149e-001
 4.3938369e-001
 4.4384721e-001
 4.4658741e-001
 4.4851679e-001
 4.5013288e-001
 4.5153698e-001
 4.5290288e-001
 4.5473829e-001
 4.5706764e-001
 4.5936933e-001
 4.6101809e-001
 4.6152884e-001
 4.6101841e-001
 4.5963529e-001
 4.5706058e-001
 4.5316240e-001
 4.4856870e-001
 4.4408500e-001
 4.4152403e-001
 4.4109577e-001
 4.4098344e-001
 4.3859997e-001
 4.3277764e-001
 4.2259556e-001
 4.0405503e-001
 3.7515134e-001
 3.4692839e-001
 3.3506900e-001
 3.4293690e-001
 3.6034739e-001
 3.7374073e-001
 3.8187039e-001
 3.9154473e-001
 3.9884198e-001
 3.9994594e-001
 3.9712149e-001
 3.9166573e-001
 3.8302317e-001
 3.7091836e-001
 3.5624960e-001
 3.4118229e-001
 3.3123440e-001
 3.3071116e-001
 3.3336118e-001
 3.3366334e-001
 3.3363855e-001
 3.3345881e-001
 3.3029222e-001
 3.2408875e-001
 3.1647694e-001
 3.1012243e-001
 3.0784231e-001
 3.0832973e-001
 3.0968437e-001
 3.1081185e-001
 3.1083965e-001
 3.1081498e-001
 3.1130034e-001
