s07_AV97 Record=2180: Montmorillonite STx-1         BECKb AREF
 6.3995433e-001
 6.7011976e-001
 7.0022869e-001
 7.2274935e-001
 7.3961097e-001
 7.5522757e-001
 7.6979262e-001
 7.8365660e-001
 7.9678893e-001
 8.0641586e-001
 8.1044316e-001
 8.1516564e-001
 8.2013202e-001
 8.2695341e-001
 8.3319765e-001
 8.4014112e-001
 8.4659511e-001
 8.5295206e-001
 8.5919303e-001
 8.6552179e-001
 8.7119329e-001
 8.7547135e-001
 8.7909383e-001
 8.8295877e-001
 8.8629609e-001
 8.8895410e-001
 8.9180022e-001
 8.9356565e-001
 8.9577150e-001
 8.9798337e-001
 9.0038490e-001
 9.0262324e-001
 8.9991838e-001
 9.0231895e-001
 9.0396947e-001
 9.0760857e-001
 9.0904373e-001
 9.1119468e-001
 9.1077697e-001
 9.1206157e-001
 9.1234571e-001
 9.1326624e-001
 9.1437685e-001
 9.1301239e-001
 9.1503024e-001
 9.1504979e-001
 9.1334569e-001
 9.1528368e-001
 9.1706234e-001
 9.1625190e-001
 9.1767371e-001
 9.1890925e-001
 9.2027247e-001
 9.2264426e-001
 9.2049927e-001
 9.1898197e-001
 9.2208564e-001
 9.1724128e-001
 9.1782027e-001
 9.1998035e-001
 9.1952294e-001
 9.1850561e-001
 9.1041929e-001
 9.0925556e-001
 9.0897655e-001
 9.1505903e-001
 9.1851223e-001
 9.2069626e-001
 9.2201018e-001
 9.2249131e-001
 9.2655903e-001
 9.2681092e-001
 9.2388058e-001
 9.2605132e-001
 9.2740738e-001
 9.2825437e-001
 9.2891556e-001
 9.2732668e-001
 9.2796981e-001
 9.2625260e-001
 9.2551941e-001
 9.2491192e-001
 9.1617310e-001
 9.0650600e-001
 9.1109574e-001
 9.1729349e-001
 9.1741997e-001
 9.1759318e-001
 9.1789734e-001
 9.2167878e-001
 9.2025912e-001
 9.2184800e-001
 9.2163152e-001
 9.2078263e-001
 9.2038542e-001
 9.2147201e-001
 9.2089754e-001
 9.2078930e-001
 9.2019105e-001
 9.1883361e-001
 9.1421533e-001
 9.0970832e-001
 9.0382457e-001
 8.9757591e-001
 8.9121640e-001
 8.8394463e-001
 8.7578708e-001
 8.6423385e-001
 8.4024310e-001
 8.0117667e-001
 7.3824716e-001
 6.7853647e-001
 6.4863801e-001
 6.7886478e-001
 7.2212261e-001
 7.4129528e-001
 7.4975663e-001
 7.5294542e-001
 7.6702970e-001
 7.8579366e-001
 8.0154836e-001
 8.1246483e-001
 8.2158613e-001
 8.2823789e-001
 8.3418137e-001
 8.4152263e-001
 8.4539241e-001
 8.5011041e-001
 8.5381407e-001
 8.5673738e-001
 8.5913759e-001
 8.6169547e-001
 8.6414289e-001
 8.6672688e-001
 8.6700565e-001
 8.6823571e-001
 8.6826473e-001
 8.6941457e-001
 8.7200344e-001
 8.7008280e-001
 8.6865002e-001
 8.6593801e-001
 8.6404872e-001
 8.5764843e-001
 8.5644025e-001
 8.5010040e-001
 8.4085721e-001
 8.3841085e-001
 8.3551383e-001
 8.2874656e-001
 8.2482588e-001
 8.2195443e-001
 8.2121873e-001
 8.1936079e-001
 8.1505930e-001
 8.0927962e-001
 7.9702669e-001
 7.7718943e-001
 7.2952074e-001
 6.5181714e-001
 6.7957324e-001
 5.7773793e-001
 4.6568313e-001
 4.2107385e-001
 4.5656160e-001
 5.0719702e-001
 5.3503472e-001
 5.5323648e-001
 5.6458199e-001
 5.7420129e-001
 5.9119976e-001
 6.0682988e-001
 6.2451410e-001
 6.4924496e-001
 6.6919035e-001
 6.7815602e-001
-1.2300000e+034
-1.2300000e+034
-1.2300000e+034
-1.2300000e+034
-1.2300000e+034
-1.2300000e+034
-1.2300000e+034
-1.2300000e+034
-1.2300000e+034
-1.2300000e+034
-1.2300000e+034
-1.2300000e+034
-1.2300000e+034
-1.2300000e+034
-1.2300000e+034
-1.2300000e+034
-1.2300000e+034
-1.2300000e+034
-1.2300000e+034
-1.2300000e+034
-1.2300000e+034
-1.2300000e+034
-1.2300000e+034
-1.2300000e+034
-1.2300000e+034
-1.2300000e+034
-1.2300000e+034
-1.2300000e+034
-1.2300000e+034
-1.2300000e+034
-1.2300000e+034
-1.2300000e+034
-1.2300000e+034
-1.2300000e+034
-1.2300000e+034
-1.2300000e+034
-1.2300000e+034
-1.2300000e+034
-1.2300000e+034
-1.2300000e+034
-1.2300000e+034
-1.2300000e+034
-1.2300000e+034
-1.2300000e+034
-1.2300000e+034
-1.2300000e+034
-1.2300000e+034
-1.2300000e+034
