s07_AV97 Record=805: Chlorite SMR-13.c 45-60um     BECKa AREF
 1.6874161e-001
 1.7634360e-001
 1.8327996e-001
 1.8943064e-001
 1.9559835e-001
 2.0728026e-001
 2.2067763e-001
 2.3204716e-001
 2.4277225e-001
 2.4985538e-001
 2.6151398e-001
 2.7572465e-001
 2.8685722e-001
 2.9448438e-001
 3.0570740e-001
 3.1269541e-001
 3.1613308e-001
 3.1957236e-001
 3.2436249e-001
 3.2728443e-001
 3.2877702e-001
 3.2866624e-001
 3.2502112e-001
 3.2212114e-001
 3.1655911e-001
 3.1099543e-001
 3.0354458e-001
 2.9481444e-001
 2.8785384e-001
 2.8251982e-001
 2.7664578e-001
 2.7069795e-001
 2.7772811e-001
 2.7164540e-001
 2.6801243e-001
 2.6497573e-001
 2.6427734e-001
 2.6459351e-001
 2.6683557e-001
 2.7228028e-001
 2.7657187e-001
 2.8091967e-001
 2.8835723e-001
 2.9659736e-001
 3.0450451e-001
 3.0968145e-001
 3.1593695e-001
 3.1709218e-001
 3.1792566e-001
 3.1700036e-001
 3.1109762e-001
 3.0540884e-001
 3.0212337e-001
 3.0528760e-001
 3.0242419e-001
 2.8970757e-001
 2.8638828e-001
 2.9216197e-001
 2.9563904e-001
 3.0381876e-001
 3.0078644e-001
 3.0541030e-001
 3.0765572e-001
 3.1472698e-001
 3.2138336e-001
 3.2029620e-001
 3.2335699e-001
 3.2446775e-001
 3.2835877e-001
 3.2558709e-001
 3.2636681e-001
 3.2910696e-001
 3.2953322e-001
 3.2787409e-001
 3.2960820e-001
 3.3018094e-001
 3.2954088e-001
 3.3077276e-001
 3.3333454e-001
 3.3615020e-001
 3.3789748e-001
 3.4106681e-001
 3.4977204e-001
 3.5028610e-001
 3.5814294e-001
 3.6216566e-001
 3.6774415e-001
 3.7463030e-001
 3.7826204e-001
 3.8766220e-001
 3.9370409e-001
 4.0261284e-001
 4.0915072e-001
 4.1677976e-001
 4.1935411e-001
 4.3071800e-001
 4.1746843e-001
 4.2500234e-001
 4.3533695e-001
 4.4442147e-001
 4.5087215e-001
 4.5547029e-001
 4.6511248e-001
 4.7426307e-001
 4.8011273e-001
 4.8869956e-001
 4.9937734e-001
 5.0589150e-001
 5.0481743e-001
 4.6523356e-001
 4.7612423e-001
 5.0127643e-001
 5.1001906e-001
 5.1722342e-001
 5.2035606e-001
 5.3107584e-001
 5.3662211e-001
 5.4873937e-001
 5.5913401e-001
 5.6415570e-001
 5.7354105e-001
 5.8102423e-001
 5.8318466e-001
 5.9332025e-001
 5.9639937e-001
 6.0250378e-001
 6.0905510e-001
 6.1710715e-001
 6.2626731e-001
 6.3017648e-001
 6.4207578e-001
 6.5190125e-001
 6.5933019e-001
 6.6263455e-001
 6.7150462e-001
 6.8220854e-001
 6.9072628e-001
 6.9796288e-001
 7.0406580e-001
 7.0870525e-001
 7.1431285e-001
 7.1961427e-001
 7.2438359e-001
 7.3230016e-001
 7.3985285e-001
 7.4275398e-001
 7.4420679e-001
 7.4538076e-001
 7.4877959e-001
 7.5375050e-001
 7.5863093e-001
 7.4745786e-001
 7.5371408e-001
 7.5300187e-001
 7.4938542e-001
 7.5406122e-001
 7.5288200e-001
 7.4419540e-001
 7.3256826e-001
 7.2759557e-001
 7.2840875e-001
 7.2200352e-001
 7.0337510e-001
 6.9334859e-001
 6.9760871e-001
 7.0176679e-001
 7.0089781e-001
 6.9002581e-001
 6.9195956e-001
 6.9114524e-001
 6.8192035e-001
 6.8290621e-001
 6.8687660e-001
 7.0130330e-001
 7.2050339e-001
 7.3919940e-001
 7.5534791e-001
 7.6968455e-001
 7.8206342e-001
 7.8425485e-001
 7.9472876e-001
 7.9883069e-001
 7.9549515e-001
 7.8158355e-001
 7.9002649e-001
 7.9770637e-001
 7.9351676e-001
 7.9633880e-001
 7.8485554e-001
 7.7693391e-001
 7.6772672e-001
 7.5039077e-001
 7.3295212e-001
 7.1498555e-001
 6.9561476e-001
 6.4762378e-001
 5.8515972e-001
 5.5837005e-001
 5.5517018e-001
 5.6038880e-001
 5.3248250e-001
 4.8897430e-001
 4.6627119e-001
 4.5185092e-001
 4.2736819e-001
 4.2762074e-001
 4.3808609e-001
 4.5468968e-001
 4.8176345e-001
 5.1049411e-001
 5.3007883e-001
 5.3451651e-001
 5.4059345e-001
 5.5091447e-001
 5.5746520e-001
 5.5120558e-001
 5.3551757e-001
 5.1686710e-001
 5.0108492e-001
 4.8758045e-001
 4.8024157e-001
 4.7746742e-001
 4.7693610e-001
 4.7667310e-001
