s07_AV97 Record=3281: Topaz HS184.3B                BECKb AREF
 7.7903223e-001
 7.8899688e-001
 7.9956812e-001
 8.0792058e-001
 8.1650001e-001
 8.2388115e-001
 8.3060443e-001
 8.4084606e-001
 8.4857315e-001
 8.5294092e-001
 8.5770202e-001
 8.6140537e-001
 8.6627054e-001
 8.7080532e-001
 8.7487686e-001
 8.7680829e-001
 8.8116533e-001
 8.8314819e-001
 8.8417518e-001
 8.8596958e-001
 8.8929820e-001
 8.9134461e-001
 8.9040005e-001
 8.9330530e-001
 8.9645892e-001
 8.9510643e-001
 8.9647925e-001
 8.9916533e-001
 8.9885038e-001
 9.0059972e-001
 9.0372854e-001
 9.0648156e-001
 9.0315086e-001
 9.0593284e-001
 9.0841788e-001
 9.1380376e-001
 9.1204566e-001
 9.1196918e-001
 9.1489166e-001
 9.1663027e-001
 9.1849011e-001
 9.1947973e-001
 9.2436677e-001
 9.2345977e-001
 9.2593050e-001
 9.2818391e-001
 9.2667997e-001
 9.2914754e-001
 9.2889953e-001
 9.3082368e-001
 9.3626451e-001
 9.3727428e-001
 9.3639266e-001
 9.3992186e-001
 9.3599296e-001
 9.3430758e-001
 9.3616605e-001
 9.3548340e-001
 9.3827468e-001
 9.3662304e-001
 9.3532479e-001
 9.2892826e-001
 9.2586887e-001
 9.2268568e-001
 9.3577111e-001
 9.3590850e-001
 9.3581623e-001
 9.3628699e-001
 9.3708426e-001
 9.3537307e-001
 9.3731689e-001
 9.4083494e-001
 9.3846619e-001
 9.4031060e-001
 9.3584424e-001
 9.3696994e-001
 9.3685764e-001
 9.3878222e-001
 9.4009793e-001
 9.3673933e-001
 9.4232142e-001
 9.3934113e-001
 9.3768179e-001
 9.3536919e-001
 9.3564636e-001
 9.3676442e-001
 9.3767589e-001
 9.3572706e-001
 9.3199652e-001
 9.2295730e-001
 9.3670595e-001
 9.3690974e-001
 9.3697387e-001
 9.3550771e-001
 9.3797457e-001
 9.3708313e-001
 9.3709409e-001
 9.3697506e-001
 9.3761998e-001
 9.3421596e-001
 9.2931026e-001
 9.2840457e-001
 9.2699677e-001
 9.2517334e-001
 9.1656572e-001
 9.0236932e-001
 8.9735371e-001
 9.0475643e-001
 8.9936858e-001
 9.0171951e-001
 8.4915459e-001
 6.5487540e-001
 7.9003966e-001
 8.9725733e-001
 9.1725868e-001
 9.2128217e-001
 9.2292446e-001
 9.2470765e-001
 9.2568630e-001
 9.3308371e-001
 9.3577099e-001
 9.3561965e-001
 9.3791044e-001
 9.3693858e-001
 9.3701887e-001
 9.3786263e-001
 9.3967825e-001
 9.3828654e-001
 9.3969399e-001
 9.3555385e-001
 9.3451387e-001
 9.3003011e-001
 9.3035346e-001
 9.3389326e-001
 9.3626165e-001
 9.3768179e-001
 9.3193066e-001
 9.3363410e-001
 9.1932738e-001
 8.7148070e-001
 8.9900780e-001
 9.3049401e-001
 9.2670810e-001
 9.1897845e-001
 9.2178047e-001
 9.2320454e-001
 9.2057264e-001
 9.1554892e-001
 9.2405200e-001
 9.2481548e-001
 9.2565137e-001
 9.2447907e-001
 9.2370480e-001
 9.2226946e-001
 9.1834992e-001
 9.1346711e-001
 9.1731691e-001
 9.0932685e-001
 9.0216237e-001
 8.9508098e-001
 8.9849102e-001
 8.8589275e-001
 8.7498814e-001
 8.7137443e-001
 8.6780399e-001
 8.5650796e-001
 8.5006464e-001
 8.5556871e-001
 8.5776865e-001
 8.6089247e-001
 8.6937588e-001
 8.6784095e-001
 8.6211455e-001
 8.5743809e-001
 8.5869211e-001
 8.5937941e-001
 8.4649694e-001
 8.1813931e-001
 7.5976735e-001
 5.9281123e-001
 3.2771358e-001
 3.3701369e-001
 5.9388423e-001
 7.0867282e-001
 7.5757116e-001
 7.4493003e-001
 6.7636955e-001
 6.3197780e-001
 6.4366049e-001
 6.7755705e-001
 6.9648218e-001
 7.0927459e-001
 6.9692218e-001
 6.9028181e-001
 7.1573579e-001
 7.7131188e-001
 7.9633266e-001
 7.7914500e-001
 7.1915025e-001
 7.1682990e-001
 7.7477157e-001
 7.5778621e-001
 7.1521127e-001
 6.8663329e-001
 6.5436095e-001
 6.3511646e-001
 6.2827933e-001
 6.2890154e-001
 6.2726712e-001
 6.1225760e-001
 6.0653526e-001
 6.0352570e-001
 5.9185869e-001
 5.6831777e-001
 5.4494917e-001
 5.3533834e-001
 5.3010476e-001
 5.1530617e-001
 4.9302357e-001
 4.6345258e-001
 4.3298116e-001
 4.0184623e-001
 3.6946490e-001
 3.3641207e-001
