s07_AV97 Record=2065: Microcline HS82.3B Feldspr  NIC4ccu RREF
-1.2300000e+034
-1.2300000e+034
-1.2300000e+034
-1.2300000e+034
-1.2300000e+034
-1.2300000e+034
-1.2300000e+034
-1.2300000e+034
-1.2300000e+034
-1.2300000e+034
-1.2300000e+034
-1.2300000e+034
-1.2300000e+034
-1.2300000e+034
-1.2300000e+034
-1.2300000e+034
-1.2300000e+034
-1.2300000e+034
-1.2300000e+034
-1.2300000e+034
-1.2300000e+034
-1.2300000e+034
-1.2300000e+034
-1.2300000e+034
-1.2300000e+034
-1.2300000e+034
-1.2300000e+034
-1.2300000e+034
-1.2300000e+034
-1.2300000e+034
-1.2300000e+034
-1.2300000e+034
-1.2300000e+034
-1.2300000e+034
-1.2300000e+034
-1.2300000e+034
-1.2300000e+034
-1.2300000e+034
-1.2300000e+034
-1.2300000e+034
-1.2300000e+034
-1.2300000e+034
-1.2300000e+034
-1.2300000e+034
-1.2300000e+034
-1.2300000e+034
-1.2300000e+034
-1.2300000e+034
-1.2300000e+034
-1.2300000e+034
-1.2300000e+034
-1.2300000e+034
-1.2300000e+034
-1.2300000e+034
-1.2300000e+034
-1.2300000e+034
-1.2300000e+034
-1.2300000e+034
-1.2300000e+034
-1.2300000e+034
-1.2300000e+034
-1.2300000e+034
-1.2300000e+034
-1.2300000e+034
-1.2300000e+034
-1.2300000e+034
-1.2300000e+034
-1.2300000e+034
-1.2300000e+034
-1.2300000e+034
-1.2300000e+034
-1.2300000e+034
-1.2300000e+034
-1.2300000e+034
-1.2300000e+034
-1.2300000e+034
-1.2300000e+034
-1.2300000e+034
-1.2300000e+034
-1.2300000e+034
-1.2300000e+034
-1.2300000e+034
-1.2300000e+034
-1.2300000e+034
-1.2300000e+034
-1.2300000e+034
-1.2300000e+034
-1.2300000e+034
-1.2300000e+034
-1.2300000e+034
-1.2300000e+034
-1.2300000e+034
-1.2300000e+034
-1.2300000e+034
-1.2300000e+034
-1.2300000e+034
-1.2300000e+034
-1.2300000e+034
-1.2300000e+034
-1.2300000e+034
-1.2300000e+034
-1.2300000e+034
-1.2300000e+034
-1.2300000e+034
-1.2300000e+034
-1.2300000e+034
-1.2300000e+034
-1.2300000e+034
-1.2300000e+034
-1.2300000e+034
-1.2300000e+034
-1.2300000e+034
-1.2300000e+034
-1.2300000e+034
-1.2300000e+034
-1.2300000e+034
-1.2300000e+034
-1.2300000e+034
-1.2300000e+034
-1.2300000e+034
-1.2300000e+034
-1.2300000e+034
-1.2300000e+034
-1.2300000e+034
-1.2300000e+034
-1.2300000e+034
-1.2300000e+034
-1.2300000e+034
-1.2300000e+034
-1.2300000e+034
-1.2300000e+034
-1.2300000e+034
-1.2300000e+034
-1.2300000e+034
-1.2300000e+034
-1.2300000e+034
-1.2300000e+034
-1.2300000e+034
-1.2300000e+034
-1.2300000e+034
-1.2300000e+034
-1.2300000e+034
-1.2300000e+034
-1.2300000e+034
-1.2300000e+034
-1.2300000e+034
-1.2300000e+034
-1.2300000e+034
-1.2300000e+034
-1.2300000e+034
-1.2300000e+034
-1.2300000e+034
-1.2300000e+034
-1.2300000e+034
-1.2300000e+034
-1.2300000e+034
-1.2300000e+034
-1.2300000e+034
 7.2895050e-001
 7.2939301e-001
 7.2923762e-001
 7.2941923e-001
 7.2878307e-001
 7.2869784e-001
 7.2946393e-001
 7.3062634e-001
 7.3204744e-001
 7.3313636e-001
 7.3357862e-001
 7.3370957e-001
 7.3418826e-001
 7.3515779e-001
 7.3644656e-001
 7.3812312e-001
 7.3993134e-001
 7.4154508e-001
 7.4265224e-001
 7.4313390e-001
 7.4323076e-001
 7.4283612e-001
 7.4208122e-001
 7.4193680e-001
 7.4254549e-001
 7.4304330e-001
 7.4424809e-001
 7.4550039e-001
 7.4656594e-001
 7.4719054e-001
 7.4729729e-001
 7.4688357e-001
 7.4582654e-001
 7.4396443e-001
 7.4280107e-001
 7.4270403e-001
 7.4373925e-001
 7.4491268e-001
 7.4603379e-001
 7.4731600e-001
 7.4876100e-001
 7.4891752e-001
 7.4854547e-001
 7.4815601e-001
 7.4750656e-001
 7.4710953e-001
 7.4623060e-001
 7.4527091e-001
 7.4479407e-001
 7.4471486e-001
 7.4515551e-001
 7.4568635e-001
 7.4621594e-001
 7.4657911e-001
 7.4667215e-001
 7.4645555e-001
 7.4594957e-001
 7.4484867e-001
 7.4368483e-001
 7.4277300e-001
 7.4189323e-001
 7.4149454e-001
 7.4074250e-001
 7.4012941e-001
 7.4004769e-001
 7.4031031e-001
