s07_AV97 Record=439: Anthophyllite HS286.1B       ASDFRc AREF
 5.5470753e-001
 5.7050562e-001
 5.8882290e-001
 6.0537791e-001
 6.2003213e-001
 6.3502294e-001
 6.5270621e-001
 6.7150223e-001
 6.8505210e-001
 6.9117141e-001
 6.9469714e-001
 7.0060748e-001
 7.1080410e-001
 7.2377479e-001
 7.3673588e-001
 7.4978060e-001
 7.6178914e-001
 7.7272171e-001
 7.8214073e-001
 7.9108459e-001
 7.9783905e-001
 8.0336219e-001
 8.0784702e-001
 8.1068563e-001
 8.1264675e-001
 8.1417465e-001
 8.1599772e-001
 8.1746203e-001
 8.1824279e-001
 8.1912756e-001
 8.1975895e-001
 8.2061821e-001
 8.1966078e-001
 8.2039630e-001
 8.2133394e-001
 8.2225794e-001
 8.2305086e-001
 8.2388794e-001
 8.2511050e-001
 8.2603735e-001
 8.2722354e-001
 8.2790935e-001
 8.2780004e-001
 8.2717127e-001
 8.2559723e-001
 8.2317185e-001
 8.1929231e-001
 8.1440109e-001
 8.0835199e-001
 8.0055833e-001
 7.9186177e-001
 7.8214097e-001
 7.7179223e-001
 7.6063997e-001
 7.4947894e-001
 7.3846906e-001
 7.2813630e-001
 7.1839708e-001
 7.1018517e-001
 7.0405537e-001
 7.0039517e-001
 6.9911706e-001
 6.9977069e-001
 7.0422035e-001
 7.1177322e-001
 7.2227401e-001
 7.3512805e-001
 7.4998271e-001
 7.6370817e-001
 7.7659690e-001
 7.8766876e-001
 7.9595888e-001
 8.0235267e-001
 8.0736589e-001
 8.1196082e-001
 8.1523633e-001
 8.1686437e-001
 8.1939822e-001
 8.2065272e-001
 8.2223922e-001
 8.2322043e-001
 8.2380098e-001
 8.2398653e-001
 8.2348531e-001
 8.2320070e-001
 8.2355142e-001
 8.2317883e-001
 8.2323122e-001
 8.2368231e-001
 8.2268977e-001
 8.2257855e-001
 8.2278574e-001
 8.2236010e-001
 8.2201475e-001
 8.2173347e-001
 8.2079208e-001
 8.2186693e-001
 8.2133216e-001
 8.2050198e-001
 8.2082820e-001
 8.2029468e-001
 8.1960469e-001
 8.1885171e-001
 8.1788033e-001
 8.1743312e-001
 8.1743354e-001
 8.1737316e-001
 8.1663358e-001
 8.1580520e-001
 8.0751836e-001
 7.8763026e-001
 8.0765861e-001
 8.1082940e-001
 8.1156099e-001
 8.1199950e-001
 8.1296766e-001
 8.1327713e-001
 8.1303239e-001
 8.1275457e-001
 8.1177294e-001
 8.1196469e-001
 8.1228417e-001
 8.1190211e-001
 8.1152618e-001
 8.1145710e-001
 8.1101233e-001
 8.1060106e-001
 8.0926085e-001
 8.0951917e-001
 8.0906796e-001
 8.0789751e-001
 8.0783099e-001
 8.0699891e-001
 8.0598348e-001
 8.0619377e-001
 8.0625540e-001
 8.0581337e-001
 8.0508012e-001
 8.0420107e-001
 8.0365777e-001
 8.0189574e-001
 8.0111510e-001
 8.0101895e-001
 8.0053431e-001
 7.9862654e-001
 7.9695141e-001
 7.9518223e-001
 7.9425192e-001
 7.9315621e-001
 7.9162532e-001
 7.8959841e-001
 7.8821248e-001
 7.8650087e-001
 7.8413725e-001
 7.8249884e-001
 7.8122437e-001
 7.7939814e-001
 7.7820247e-001
 7.7666295e-001
 7.7504289e-001
 7.7595150e-001
 7.7326137e-001
 7.6969337e-001
 7.6621574e-001
 7.6232100e-001
 7.6071388e-001
 7.5980389e-001
 7.5816309e-001
 7.5526333e-001
 7.5268477e-001
 7.5159210e-001
 7.4985600e-001
 7.4867332e-001
 7.4709100e-001
 7.4571270e-001
 7.4396241e-001
 7.4122453e-001
 7.3921561e-001
 7.3871952e-001
 7.3652858e-001
 7.3362678e-001
 7.3160368e-001
 7.2904527e-001
 7.2681397e-001
 7.2318751e-001
 7.2112334e-001
 7.1812439e-001
 7.1437287e-001
 7.1093237e-001
 7.0735019e-001
 7.0449251e-001
 7.0069665e-001
 6.9613963e-001
 6.9303095e-001
 6.9001198e-001
 6.8471676e-001
 6.8267602e-001
 6.8064666e-001
 6.7590475e-001
 6.6703099e-001
 6.4773607e-001
 6.1509848e-001
 6.0767931e-001
 5.7146925e-001
 5.8852774e-001
 6.3570476e-001
 6.5643555e-001
 6.5699458e-001
 6.5371394e-001
 6.4514506e-001
 6.3026649e-001
 6.2157637e-001
 6.3242257e-001
 6.4727026e-001
 6.4990658e-001
 6.4761907e-001
 6.4772284e-001
 6.4951235e-001
 6.4695740e-001
 6.4333194e-001
 6.5096277e-001
 6.5356362e-001
 6.5566665e-001
-1.2300000e+034
