s07_AV97 Record=3316: Topaz Tarryalls_#4           NIC4bb RREF
-1.2300000e+034
-1.2300000e+034
-1.2300000e+034
-1.2300000e+034
-1.2300000e+034
-1.2300000e+034
-1.2300000e+034
-1.2300000e+034
-1.2300000e+034
-1.2300000e+034
-1.2300000e+034
-1.2300000e+034
-1.2300000e+034
-1.2300000e+034
-1.2300000e+034
-1.2300000e+034
-1.2300000e+034
-1.2300000e+034
-1.2300000e+034
-1.2300000e+034
-1.2300000e+034
-1.2300000e+034
-1.2300000e+034
-1.2300000e+034
-1.2300000e+034
-1.2300000e+034
-1.2300000e+034
-1.2300000e+034
-1.2300000e+034
-1.2300000e+034
-1.2300000e+034
-1.2300000e+034
-1.2300000e+034
-1.2300000e+034
-1.2300000e+034
-1.2300000e+034
-1.2300000e+034
-1.2300000e+034
-1.2300000e+034
-1.2300000e+034
-1.2300000e+034
-1.2300000e+034
-1.2300000e+034
-1.2300000e+034
-1.2300000e+034
-1.2300000e+034
-1.2300000e+034
-1.2300000e+034
-1.2300000e+034
-1.2300000e+034
-1.2300000e+034
-1.2300000e+034
-1.2300000e+034
-1.2300000e+034
-1.2300000e+034
-1.2300000e+034
-1.2300000e+034
-1.2300000e+034
-1.2300000e+034
-1.2300000e+034
-1.2300000e+034
-1.2300000e+034
-1.2300000e+034
-1.2300000e+034
-1.2300000e+034
-1.2300000e+034
-1.2300000e+034
-1.2300000e+034
-1.2300000e+034
-1.2300000e+034
-1.2300000e+034
-1.2300000e+034
-1.2300000e+034
-1.2300000e+034
-1.2300000e+034
-1.2300000e+034
-1.2300000e+034
-1.2300000e+034
-1.2300000e+034
-1.2300000e+034
-1.2300000e+034
-1.2300000e+034
-1.2300000e+034
-1.2300000e+034
-1.2300000e+034
-1.2300000e+034
-1.2300000e+034
-1.2300000e+034
-1.2300000e+034
-1.2300000e+034
-1.2300000e+034
-1.2300000e+034
-1.2300000e+034
-1.2300000e+034
-1.2300000e+034
-1.2300000e+034
-1.2300000e+034
-1.2300000e+034
-1.2300000e+034
-1.2300000e+034
-1.2300000e+034
-1.2300000e+034
-1.2300000e+034
-1.2300000e+034
-1.2300000e+034
-1.2300000e+034
-1.2300000e+034
-1.2300000e+034
-1.2300000e+034
 8.7334496e-001
 8.5262406e-001
 7.9952586e-001
 8.1519741e-001
 8.1548840e-001
 8.0619997e-001
 7.9809415e-001
 7.9164791e-001
 7.8626388e-001
 7.8276759e-001
 7.8139788e-001
 7.8142285e-001
 7.8241134e-001
 7.8383023e-001
 7.8540272e-001
 7.8773248e-001
 7.9109657e-001
 7.9515368e-001
 7.9925340e-001
 8.0267859e-001
 8.0582285e-001
 8.0887961e-001
 8.1248760e-001
 8.1674939e-001
 8.2159019e-001
 8.2574463e-001
 8.2905120e-001
 8.3195394e-001
 8.3468378e-001
 8.3676124e-001
 8.3592129e-001
 8.4226137e-001
 8.4661669e-001
 8.4843212e-001
 8.4969360e-001
 8.5172451e-001
 8.5414076e-001
 8.5660052e-001
 8.5877079e-001
 8.6115897e-001
 8.6293858e-001
 8.6381155e-001
 8.6466485e-001
 8.6547256e-001
 8.6639535e-001
 8.6772722e-001
 8.6919230e-001
 8.7052315e-001
 8.7123722e-001
 8.7142235e-001
 8.7069809e-001
 8.7096727e-001
 8.7005413e-001
 8.6907244e-001
 8.6852616e-001
 8.6845732e-001
 8.6886448e-001
 8.6971587e-001
 8.7038201e-001
 8.7066770e-001
 8.7065887e-001
 8.7074339e-001
 8.7042600e-001
 8.6971766e-001
 8.6944175e-001
 8.7008458e-001
 8.7030667e-001
 8.6955959e-001
 8.6660045e-001
 8.5745972e-001
 8.1899953e-001
 6.8611759e-001
 7.1415508e-001
 8.2013565e-001
 8.4590828e-001
 8.5228544e-001
 8.4872669e-001
 8.3451140e-001
 8.2399100e-001
 8.2742190e-001
 8.3561456e-001
 8.4020537e-001
 8.4414512e-001
 8.4103197e-001
 8.3881503e-001
 8.4391952e-001
 8.5191488e-001
 8.5341293e-001
 8.5081446e-001
 8.3698267e-001
 8.4001058e-001
 8.4720558e-001
 8.4464973e-001
 8.3619225e-001
 8.2993424e-001
 8.2447386e-001
 8.1826329e-001
 8.1598991e-001
 8.1540060e-001
 8.1407607e-001
 8.0923396e-001
 8.0615592e-001
 8.0494714e-001
 8.0046368e-001
 7.9462224e-001
 7.8531587e-001
 7.8284979e-001
 7.8427440e-001
 7.7866375e-001
 7.6435268e-001
 7.4880868e-001
 7.4258173e-001
 7.3121256e-001
 7.0791936e-001
 6.9098568e-001
