s07_AV97 Record=115: Albite HS324.3B Plagioclase   BECKc AREF
 7.4299115e-001
 7.5398284e-001
 7.6674902e-001
 7.7636564e-001
 7.8338605e-001
 7.8911614e-001
 7.9693156e-001
 8.0202949e-001
 8.0647790e-001
 8.1100708e-001
 8.1674993e-001
 8.1987137e-001
 8.2322788e-001
 8.2558876e-001
 8.2696033e-001
 8.2986116e-001
 8.3247805e-001
 8.3403987e-001
 8.3405137e-001
 8.3250743e-001
 8.3240628e-001
 8.3157623e-001
 8.3021826e-001
 8.3076286e-001
 8.3006674e-001
 8.2923061e-001
 8.2801098e-001
 8.3010614e-001
 8.3011562e-001
 8.3094019e-001
 8.3308387e-001
 8.3597386e-001
 8.3256656e-001
 8.3555460e-001
 8.3681810e-001
 8.4028935e-001
 8.4373534e-001
 8.4519893e-001
 8.4971911e-001
 8.5575747e-001
 8.5713553e-001
 8.6120313e-001
 8.6306220e-001
 8.6830664e-001
 8.7229711e-001
 8.7472928e-001
 8.7521023e-001
 8.8173342e-001
 8.8053995e-001
 8.8143140e-001
 8.8136703e-001
 8.9181590e-001
 8.8948786e-001
 8.8767284e-001
 8.9078927e-001
 8.8741630e-001
 8.9031565e-001
 8.9385498e-001
 8.9052838e-001
 8.9408463e-001
 8.9369655e-001
 8.8738567e-001
 8.9232045e-001
 8.8823205e-001
 8.9010680e-001
 8.9426345e-001
 8.9088660e-001
 8.9379036e-001
 8.9431131e-001
 8.9182252e-001
 8.9243877e-001
 8.9377016e-001
 8.9345497e-001
 8.9777482e-001
 8.9434105e-001
 8.9299631e-001
 8.9355254e-001
 8.9554399e-001
 8.9423990e-001
 8.9373225e-001
 8.9589208e-001
 8.9675766e-001
 8.9506954e-001
 8.9651006e-001
 8.9299566e-001
 8.9203125e-001
 8.9300758e-001
 8.9250469e-001
 8.9547735e-001
 8.9487773e-001
 8.9635944e-001
 8.9481348e-001
 8.9564282e-001
 8.9600945e-001
 8.9762920e-001
 8.9640772e-001
 8.9570695e-001
 8.9652628e-001
 8.9684784e-001
 8.9434743e-001
 8.9424580e-001
 8.9499539e-001
 8.9386994e-001
 8.9606941e-001
 8.9237618e-001
 8.9189714e-001
 8.9320558e-001
 8.8897002e-001
 8.8911366e-001
 8.8221192e-001
 8.5506469e-001
 8.1673348e-001
 8.1536973e-001
 8.5649729e-001
 8.7411577e-001
 8.7551951e-001
 8.7849718e-001
 8.8015795e-001
 8.8140821e-001
 8.8065374e-001
 8.8451213e-001
 8.8529849e-001
 8.8618422e-001
 8.8961542e-001
 8.9106959e-001
 8.9027995e-001
 8.9232451e-001
 8.9457417e-001
 8.9514410e-001
 8.9404523e-001
 8.9486122e-001
 8.9648449e-001
 8.9606130e-001
 8.9317322e-001
 8.9526457e-001
 8.9764589e-001
 8.9467537e-001
 8.9637357e-001
 8.9648408e-001
 8.9454406e-001
 8.8940537e-001
 8.9826614e-001
 8.9412051e-001
 8.9491093e-001
 8.9186853e-001
 8.9008915e-001
 8.9776129e-001
 8.9542979e-001
 8.9478272e-001
 8.9398903e-001
 8.9057231e-001
 8.9248663e-001
 8.9092088e-001
 8.8970637e-001
 8.8815236e-001
 8.8743907e-001
 8.9217311e-001
 8.8746566e-001
 8.8169551e-001
 8.7500262e-001
 8.7768561e-001
 8.7249380e-001
 8.5598522e-001
 8.3102053e-001
 8.2829624e-001
 8.2051474e-001
 8.2040524e-001
 8.2300544e-001
 8.2261574e-001
 8.2889611e-001
 8.3911908e-001
 8.4367424e-001
 8.4923124e-001
 8.5390413e-001
 8.5780203e-001
 8.6024904e-001
 8.6457485e-001
 8.6936206e-001
 8.7281388e-001
 8.7515503e-001
 8.7410104e-001
 8.7293583e-001
 8.6797869e-001
 8.6529064e-001
 8.6984712e-001
 8.6960036e-001
 8.6745459e-001
 8.6494315e-001
 8.5903555e-001
 8.3275497e-001
 7.9795730e-001
 7.5453985e-001
 7.4957663e-001
 7.6890862e-001
 7.8648794e-001
 8.2910705e-001
 8.4141970e-001
 8.4477288e-001
 8.4500003e-001
 8.4118837e-001
 8.4663850e-001
 8.3760917e-001
 8.3192128e-001
 8.2316297e-001
 8.0890548e-001
 7.9545701e-001
 7.8431815e-001
 7.7893645e-001
 7.8111899e-001
 7.8862649e-001
 7.8820354e-001
 7.8680068e-001
 7.8165191e-001
 7.7429634e-001
 7.6509613e-001
 7.5410658e-001
 7.4444258e-001
 7.3959333e-001
 7.3927414e-001
 7.4167770e-001
 7.4542201e-001
 7.4976027e-001
 7.5412071e-001
 7.5793529e-001
