s07_AV97 Record=2487: Olivine KI3377 Fo18 <60um   NIC4bbb RREF
-1.2300000e+034
-1.2300000e+034
-1.2300000e+034
-1.2300000e+034
-1.2300000e+034
-1.2300000e+034
-1.2300000e+034
-1.2300000e+034
-1.2300000e+034
-1.2300000e+034
-1.2300000e+034
-1.2300000e+034
-1.2300000e+034
-1.2300000e+034
-1.2300000e+034
-1.2300000e+034
-1.2300000e+034
-1.2300000e+034
-1.2300000e+034
-1.2300000e+034
-1.2300000e+034
-1.2300000e+034
-1.2300000e+034
-1.2300000e+034
-1.2300000e+034
-1.2300000e+034
-1.2300000e+034
-1.2300000e+034
-1.2300000e+034
-1.2300000e+034
-1.2300000e+034
-1.2300000e+034
-1.2300000e+034
-1.2300000e+034
-1.2300000e+034
-1.2300000e+034
-1.2300000e+034
-1.2300000e+034
-1.2300000e+034
-1.2300000e+034
-1.2300000e+034
-1.2300000e+034
-1.2300000e+034
-1.2300000e+034
-1.2300000e+034
-1.2300000e+034
-1.2300000e+034
-1.2300000e+034
-1.2300000e+034
-1.2300000e+034
-1.2300000e+034
-1.2300000e+034
-1.2300000e+034
-1.2300000e+034
-1.2300000e+034
-1.2300000e+034
-1.2300000e+034
-1.2300000e+034
-1.2300000e+034
-1.2300000e+034
-1.2300000e+034
-1.2300000e+034
-1.2300000e+034
-1.2300000e+034
-1.2300000e+034
-1.2300000e+034
-1.2300000e+034
-1.2300000e+034
-1.2300000e+034
-1.2300000e+034
-1.2300000e+034
-1.2300000e+034
-1.2300000e+034
-1.2300000e+034
-1.2300000e+034
-1.2300000e+034
-1.2300000e+034
-1.2300000e+034
-1.2300000e+034
-1.2300000e+034
-1.2300000e+034
-1.2300000e+034
-1.2300000e+034
-1.2300000e+034
-1.2300000e+034
-1.2300000e+034
-1.2300000e+034
-1.2300000e+034
-1.2300000e+034
-1.2300000e+034
-1.2300000e+034
-1.2300000e+034
-1.2300000e+034
-1.2300000e+034
-1.2300000e+034
-1.2300000e+034
-1.2300000e+034
-1.2300000e+034
-1.2300000e+034
 1.6456480e-001
 1.6514164e-001
 1.6602568e-001
 1.6717631e-001
 1.6855347e-001
 1.7000464e-001
 1.7165661e-001
 1.7304391e-001
 1.7493145e-001
 1.7778578e-001
 1.8163167e-001
 1.8630247e-001
 1.9164388e-001
 1.9764665e-001
 2.0426862e-001
 2.1137202e-001
 2.1896769e-001
 2.2701301e-001
 2.3550400e-001
 2.4446709e-001
 2.5387520e-001
 2.6371339e-001
 2.7403975e-001
 2.8481010e-001
 2.9602692e-001
 3.0772305e-001
 3.1981134e-001
 3.3229998e-001
 3.4518066e-001
 3.5838777e-001
 3.7188262e-001
 3.8564649e-001
 3.9959162e-001
 4.1369620e-001
 4.2786211e-001
 4.4206411e-001
 4.5620689e-001
 4.7021502e-001
 4.8399395e-001
 4.9755046e-001
 5.1084477e-001
 5.2383828e-001
 5.3645092e-001
 5.4867840e-001
 5.6030279e-001
 5.7157660e-001
 5.8276641e-001
 5.9332806e-001
 6.0323471e-001
 6.1280513e-001
 6.2186599e-001
 6.3034219e-001
 6.3833791e-001
 6.4580584e-001
 6.5277022e-001
 6.5927386e-001
 6.6528678e-001
 6.7101341e-001
 6.7624664e-001
 6.8093956e-001
 6.8524462e-001
 6.8390954e-001
 6.8767220e-001
 6.9050747e-001
 6.9286978e-001
 6.9540757e-001
 6.9820118e-001
 7.0097131e-001
 7.0346582e-001
 7.0569128e-001
 7.0775825e-001
 7.0967180e-001
 7.1150440e-001
 7.1318614e-001
 7.1471000e-001
 7.1603292e-001
 7.1722442e-001
 7.1822953e-001
 7.1905857e-001
 7.1989447e-001
 7.2075289e-001
 7.2158509e-001
 7.2222364e-001
 7.2275352e-001
 7.2328025e-001
 7.2374356e-001
 7.2405392e-001
 7.2420096e-001
 7.2444755e-001
 7.2466540e-001
 7.2477740e-001
 7.2502118e-001
 7.2521746e-001
 7.2543645e-001
 7.2543842e-001
 7.2539949e-001
 7.2522718e-001
 7.2467202e-001
 7.2355616e-001
 7.2219890e-001
 7.2072101e-001
 7.1924675e-001
 7.1793050e-001
 7.1661377e-001
 7.1507746e-001
 7.1599591e-001
 7.1715492e-001
 7.1659595e-001
 7.1531552e-001
 7.1578199e-001
 7.1615553e-001
 7.1591181e-001
 7.1541095e-001
 7.1497583e-001
 7.1460479e-001
 7.1430725e-001
 7.1380895e-001
 7.1301919e-001
 7.1214056e-001
 7.1102142e-001
 7.0980555e-001
 7.0884776e-001
 7.0834899e-001
 7.0787549e-001
 7.0721525e-001
