s07_AV97 Record=92: Albite HS66.3B Plagioclase    BECKc AREF
 7.5932258e-001
 7.6909947e-001
 7.8044373e-001
 7.9157120e-001
 7.9967016e-001
 8.0774462e-001
 8.1717616e-001
 8.2483244e-001
 8.3098227e-001
 8.3736235e-001
 8.4336048e-001
 8.4687006e-001
 8.5041082e-001
 8.5614604e-001
 8.5980868e-001
 8.6610037e-001
 8.6812198e-001
 8.7331003e-001
 8.7669539e-001
 8.7732416e-001
 8.7875980e-001
 8.7895435e-001
 8.8017857e-001
 8.8211930e-001
 8.8187140e-001
 8.8186240e-001
 8.8145387e-001
 8.8233697e-001
 8.8387889e-001
 8.8475531e-001
 8.8846105e-001
 8.9108151e-001
 8.8743371e-001
 8.9124095e-001
 8.9101255e-001
 8.9355171e-001
 8.9335126e-001
 8.9584023e-001
 8.9835101e-001
 9.0268117e-001
 9.0235043e-001
 9.0513802e-001
 9.0652984e-001
 9.0836650e-001
 9.1077179e-001
 9.1425872e-001
 9.1447669e-001
 9.1407108e-001
 9.1908234e-001
 9.1623574e-001
 9.1611910e-001
 9.2129439e-001
 9.1565686e-001
 9.1523933e-001
 9.1987151e-001
 9.1362309e-001
 9.0898341e-001
 9.1167516e-001
 9.1192740e-001
 9.1222149e-001
 9.1237372e-001
 9.0450358e-001
 9.0796292e-001
 9.0867484e-001
 9.0722001e-001
 9.0922207e-001
 9.0638310e-001
 9.0648979e-001
 9.0516907e-001
 9.0504348e-001
 9.0477341e-001
 9.0402502e-001
 9.0548348e-001
 9.0488076e-001
 9.0350258e-001
 9.0425503e-001
 9.0064782e-001
 9.0208536e-001
 9.0130514e-001
 9.0200734e-001
 9.0322793e-001
 9.0067989e-001
 9.0445524e-001
 9.0337831e-001
 9.0123498e-001
 8.9924192e-001
 9.0156382e-001
 9.0201175e-001
 9.0325129e-001
 9.0440613e-001
 9.0381730e-001
 9.0477526e-001
 9.0688109e-001
 9.0792215e-001
 9.0523082e-001
 9.0675861e-001
 9.0599608e-001
 9.0544379e-001
 9.0646392e-001
 9.0472603e-001
 9.0466344e-001
 9.0750551e-001
 9.0504193e-001
 9.0612423e-001
 9.0387213e-001
 9.0586817e-001
 9.0654492e-001
 9.0445489e-001
 9.0540999e-001
 9.0355933e-001
 8.9644635e-001
 8.8547236e-001
 8.8340741e-001
 8.9011955e-001
 8.9234161e-001
 8.9396209e-001
 8.9359897e-001
 8.9527589e-001
 8.9410859e-001
 8.9373225e-001
 8.9797497e-001
 8.9810455e-001
 8.9688849e-001
 8.9861876e-001
 9.0211302e-001
 9.0274680e-001
 9.0208656e-001
 9.0506327e-001
 9.0405613e-001
 9.0367848e-001
 9.0355575e-001
 9.0321153e-001
 9.0526223e-001
 9.0329432e-001
 9.0444750e-001
 9.0290534e-001
 9.0243596e-001
 9.0393019e-001
 8.9962929e-001
 9.0171593e-001
 8.9984882e-001
 9.0229952e-001
 9.0487635e-001
 9.0213674e-001
 8.9619023e-001
 8.9929307e-001
 9.0264231e-001
 9.0173531e-001
 9.0306377e-001
 8.9930326e-001
 8.9823335e-001
 9.0029597e-001
 8.9913487e-001
 8.9609039e-001
 8.9819884e-001
 8.9968204e-001
 8.9850700e-001
 8.9367181e-001
 8.9075410e-001
 8.8358754e-001
 8.8648009e-001
 8.8271278e-001
 8.7438053e-001
 8.5549802e-001
 8.5335201e-001
 8.5245007e-001
 8.5493183e-001
 8.5514331e-001
 8.5748017e-001
 8.6013710e-001
 8.6780953e-001
 8.7040430e-001
 8.7399668e-001
 8.7674063e-001
 8.7532032e-001
 8.8008326e-001
 8.8293296e-001
 8.8679057e-001
 8.9023149e-001
 8.8725257e-001
 8.8911408e-001
 8.9214975e-001
 8.9310980e-001
 8.9578205e-001
 8.9804935e-001
 8.9377987e-001
 8.9295757e-001
 8.9244115e-001
 8.8945639e-001
 8.8447112e-001
 8.7513262e-001
 8.6152792e-001
 8.6072475e-001
 8.6809039e-001
 8.6799711e-001
 8.7657744e-001
 8.7655061e-001
 8.7576759e-001
 8.7875277e-001
 8.7845874e-001
 8.7940359e-001
 8.7720227e-001
 8.7893814e-001
 8.7061530e-001
 8.7431991e-001
 8.7543476e-001
 8.7195098e-001
 8.7051427e-001
 8.6626703e-001
 8.6631733e-001
 8.6745477e-001
 8.6805308e-001
 8.6270362e-001
 8.5974473e-001
 8.5797238e-001
 8.5213524e-001
 8.4441876e-001
 8.3867693e-001
 8.3610654e-001
 8.3586967e-001
 8.3779955e-001
 8.4033847e-001
 8.4173852e-001
 8.4085029e-001
