s07_AV97 Record=927: Colemanite GDS143             BECKb AREF
 6.4610940e-001
 6.6079158e-001
 6.7337686e-001
 6.8371677e-001
 6.9314146e-001
 7.0201916e-001
 7.1145982e-001
 7.2055221e-001
 7.2900552e-001
 7.3703027e-001
 7.4331307e-001
 7.4904287e-001
 7.5492454e-001
 7.6107079e-001
 7.6785022e-001
 7.7375263e-001
 7.8000885e-001
 7.8462690e-001
 7.8864187e-001
 7.9195011e-001
 7.9438627e-001
 7.9684120e-001
 7.9890376e-001
 7.9957169e-001
 8.0060095e-001
 8.0117029e-001
 8.0200422e-001
 8.0395496e-001
 8.0503404e-001
 8.0559826e-001
 8.0635023e-001
 8.0669272e-001
 8.0627930e-001
 8.0651361e-001
 8.0751705e-001
 8.0893916e-001
 8.0993444e-001
 8.1048423e-001
 8.1100315e-001
 8.1190640e-001
 8.1158841e-001
 8.1174761e-001
 8.1508654e-001
 8.1745553e-001
 8.1952560e-001
 8.2195181e-001
 8.2357341e-001
 8.2443529e-001
 8.2440007e-001
 8.2465792e-001
 8.2322490e-001
 8.2424992e-001
 8.2454884e-001
 8.2380956e-001
 8.2416207e-001
 8.2551348e-001
 8.2482749e-001
 8.2286268e-001
 8.2099146e-001
 8.1649983e-001
 8.1716388e-001
 8.1415206e-001
 8.0493200e-001
 7.8472614e-001
 7.6085287e-001
 7.7536637e-001
 7.9093987e-001
 7.9962623e-001
 8.0470878e-001
 8.0596155e-001
 8.0876565e-001
 8.0939490e-001
 8.0927360e-001
 8.0951595e-001
 8.0805272e-001
 8.0651748e-001
 8.0510032e-001
 8.0353916e-001
 8.0265653e-001
 8.0086076e-001
 7.9974240e-001
 7.9703909e-001
 7.9273415e-001
 7.8646743e-001
 7.7716750e-001
 7.6724160e-001
 7.6089483e-001
 7.5931114e-001
 7.5823462e-001
 7.5565124e-001
 7.4818933e-001
 7.4343646e-001
 7.4422383e-001
 7.4492365e-001
 7.4512744e-001
 7.4319440e-001
 7.4501103e-001
 7.4445641e-001
 7.4132401e-001
 7.3648918e-001
 7.3051417e-001
 7.2325426e-001
 7.1108705e-001
 6.9580984e-001
 6.8243396e-001
 6.7541617e-001
 6.6955703e-001
 6.5749532e-001
 6.3830394e-001
 6.0658503e-001
 5.6161124e-001
 4.8332623e-001
 3.7571588e-001
 3.2654029e-001
 4.0031615e-001
 4.2685351e-001
 4.3276161e-001
 4.4666472e-001
 4.6002901e-001
 4.6474808e-001
 4.6063620e-001
 4.5412952e-001
 4.4389933e-001
 4.3203694e-001
 4.1716951e-001
 4.0228918e-001
 3.9400029e-001
 3.9196241e-001
 3.9312637e-001
 3.9447570e-001
 3.9254183e-001
 3.8560489e-001
 3.7466425e-001
 3.6294529e-001
 3.5173637e-001
 3.4176096e-001
 3.3518991e-001
 3.3197361e-001
 3.3119616e-001
 3.3251491e-001
 3.3443853e-001
 3.3869639e-001
 3.4303185e-001
 3.4650290e-001
 3.4845534e-001
 3.4719825e-001
 3.4560412e-001
 3.4417769e-001
 3.4229404e-001
 3.4080085e-001
 3.4388372e-001
 3.4156922e-001
 3.4080052e-001
 3.3999217e-001
 3.4160092e-001
 3.4310842e-001
 3.4414059e-001
 3.4056252e-001
 3.3557683e-001
 3.2828775e-001
 3.3113965e-001
 3.2126683e-001
 3.0911723e-001
 2.9401970e-001
 2.7619958e-001
 2.5499874e-001
 2.3328683e-001
 2.1608758e-001
 2.0748872e-001
 2.0713383e-001
 2.1014285e-001
 2.1378733e-001
 2.1531397e-001
 2.2012596e-001
 2.2409308e-001
 2.2486632e-001
 2.2746417e-001
 2.2927542e-001
 2.2723265e-001
 2.2517426e-001
 2.2138068e-001
 1.9949748e-001
 1.6555557e-001
 1.5233158e-001
 1.6184045e-001
 1.8033066e-001
 1.9514638e-001
 1.9599983e-001
 1.8691006e-001
 1.7959866e-001
 1.7497140e-001
 1.7389302e-001
 1.6662039e-001
 1.6466454e-001
 1.7301869e-001
 1.8182352e-001
 1.8709134e-001
 1.9655165e-001
 2.0435804e-001
 2.0952745e-001
 2.1510667e-001
 2.1798058e-001
 2.1689534e-001
 2.1896036e-001
 2.1665597e-001
 2.1199986e-001
 2.0690364e-001
 1.9719991e-001
 1.8928529e-001
 1.7917280e-001
 1.6808136e-001
 1.6044919e-001
 1.5041861e-001
 1.4111805e-001
 1.3441154e-001
 1.3045010e-001
 1.2812077e-001
 1.2611325e-001
 1.2441764e-001
 1.2299028e-001
 1.2225703e-001
 1.2199532e-001
 1.2189346e-001
 1.2160135e-001
