s07_AV97 Record=127: Albite NMNHC5390 74-250um    NIC4bb RREF
-1.2300000e+034
-1.2300000e+034
-1.2300000e+034
-1.2300000e+034
-1.2300000e+034
-1.2300000e+034
-1.2300000e+034
-1.2300000e+034
-1.2300000e+034
-1.2300000e+034
-1.2300000e+034
-1.2300000e+034
-1.2300000e+034
-1.2300000e+034
-1.2300000e+034
-1.2300000e+034
-1.2300000e+034
-1.2300000e+034
-1.2300000e+034
-1.2300000e+034
-1.2300000e+034
-1.2300000e+034
-1.2300000e+034
-1.2300000e+034
-1.2300000e+034
-1.2300000e+034
-1.2300000e+034
-1.2300000e+034
-1.2300000e+034
-1.2300000e+034
-1.2300000e+034
-1.2300000e+034
-1.2300000e+034
-1.2300000e+034
-1.2300000e+034
-1.2300000e+034
-1.2300000e+034
-1.2300000e+034
-1.2300000e+034
-1.2300000e+034
-1.2300000e+034
-1.2300000e+034
-1.2300000e+034
-1.2300000e+034
-1.2300000e+034
-1.2300000e+034
-1.2300000e+034
-1.2300000e+034
-1.2300000e+034
-1.2300000e+034
-1.2300000e+034
-1.2300000e+034
-1.2300000e+034
-1.2300000e+034
-1.2300000e+034
-1.2300000e+034
-1.2300000e+034
-1.2300000e+034
-1.2300000e+034
-1.2300000e+034
-1.2300000e+034
-1.2300000e+034
-1.2300000e+034
-1.2300000e+034
-1.2300000e+034
-1.2300000e+034
-1.2300000e+034
-1.2300000e+034
-1.2300000e+034
-1.2300000e+034
-1.2300000e+034
-1.2300000e+034
-1.2300000e+034
-1.2300000e+034
-1.2300000e+034
-1.2300000e+034
-1.2300000e+034
-1.2300000e+034
-1.2300000e+034
-1.2300000e+034
-1.2300000e+034
-1.2300000e+034
-1.2300000e+034
-1.2300000e+034
-1.2300000e+034
-1.2300000e+034
-1.2300000e+034
-1.2300000e+034
-1.2300000e+034
-1.2300000e+034
-1.2300000e+034
-1.2300000e+034
-1.2300000e+034
-1.2300000e+034
-1.2300000e+034
-1.2300000e+034
-1.2300000e+034
-1.2300000e+034
-1.2300000e+034
-1.2300000e+034
-1.2300000e+034
-1.2300000e+034
-1.2300000e+034
-1.2300000e+034
-1.2300000e+034
-1.2300000e+034
-1.2300000e+034
-1.2300000e+034
-1.2300000e+034
-1.2300000e+034
-1.2300000e+034
-1.2300000e+034
-1.2300000e+034
-1.2300000e+034
-1.2300000e+034
-1.2300000e+034
-1.2300000e+034
-1.2300000e+034
-1.2300000e+034
-1.2300000e+034
 8.2363749e-001
 8.2390195e-001
 8.2399958e-001
 8.2407916e-001
 8.2454294e-001
 8.2574064e-001
 8.2749283e-001
 8.2915187e-001
 8.3021724e-001
 8.3105898e-001
 8.3195686e-001
 8.3359301e-001
 8.3546716e-001
 8.3734477e-001
 8.3899289e-001
 8.4006643e-001
 8.4081572e-001
 8.4176272e-001
 8.4298038e-001
 8.4448254e-001
 8.4603792e-001
 8.4733605e-001
 8.4800154e-001
 8.4843934e-001
 8.4894460e-001
 8.4975445e-001
 8.5091770e-001
 8.5213137e-001
 8.5351920e-001
 8.5427856e-001
 8.5464835e-001
 8.5464948e-001
 8.5464406e-001
 8.5498679e-001
 8.5566658e-001
 8.5646510e-001
 8.5736871e-001
 8.5809320e-001
 8.5815865e-001
 8.5759860e-001
 8.5784286e-001
 8.5675478e-001
 8.5471499e-001
 8.5289675e-001
 8.5268837e-001
 8.5368758e-001
 8.5507011e-001
 8.5628843e-001
 8.5703337e-001
 8.5727870e-001
 8.5740334e-001
 8.5738009e-001
 8.5735738e-001
 8.5747558e-001
 8.5781300e-001
 8.5831732e-001
 8.5894382e-001
 8.5930198e-001
 8.5951942e-001
 8.5942924e-001
 8.5914218e-001
 8.5874516e-001
 8.5826904e-001
 8.5798001e-001
 8.5746062e-001
 8.5697865e-001
 8.5622692e-001
 8.5592556e-001
 8.5589939e-001
 8.5587209e-001
 8.5552281e-001
 8.5575873e-001
 8.5562897e-001
 8.5524315e-001
 8.5504514e-001
 8.5469657e-001
 8.5377437e-001
 8.5308075e-001
 8.5271758e-001
 8.5259163e-001
 8.5290164e-001
 8.5308909e-001
 8.5306698e-001
 8.5395807e-001
 8.5511959e-001
 8.5619581e-001
 8.5669041e-001
 8.5698295e-001
 8.5701752e-001
 8.5656220e-001
 8.5582304e-001
 8.5523987e-001
 8.5454398e-001
 8.5353374e-001
 8.5299343e-001
 8.5220844e-001
 8.5177529e-001
 8.5121936e-001
 8.5134077e-001
 8.5126680e-001
 8.5164809e-001
 8.5191965e-001
 8.5204160e-001
 8.5164112e-001
