s07_AV97 Record=733: Celestite HS251.2B Barite    ASDFRb AREF
 7.4543035e-001
 7.5237870e-001
 7.5760233e-001
 7.6287544e-001
 7.6725870e-001
 7.7131087e-001
 7.7472854e-001
 7.7784741e-001
 7.8071970e-001
 7.8307420e-001
 7.8513330e-001
 7.8646481e-001
 7.8725356e-001
 7.8762138e-001
 7.8736567e-001
 7.8675371e-001
 7.8558844e-001
 7.8413045e-001
 7.8237903e-001
 7.8071064e-001
 7.7898115e-001
 7.7733189e-001
 7.7601159e-001
 7.7519035e-001
 7.7487427e-001
 7.7517045e-001
 7.7620840e-001
 7.7819687e-001
 7.8091532e-001
 7.8421396e-001
 7.8767073e-001
 7.9119271e-001
 7.8711247e-001
 7.9052258e-001
 7.9378986e-001
 7.9687929e-001
 7.9969513e-001
 8.0235904e-001
 8.0499858e-001
 8.0758375e-001
 8.1024617e-001
 8.1271756e-001
 8.1550556e-001
 8.1818020e-001
 8.2095098e-001
 8.2354879e-001
 8.2608104e-001
 8.2833177e-001
 8.3030993e-001
 8.3205861e-001
 8.3354533e-001
 8.3482724e-001
 8.3592039e-001
 8.3685476e-001
 8.3772570e-001
 8.3847880e-001
 8.3919203e-001
 8.3974957e-001
 8.4030843e-001
 8.4078681e-001
 8.4121054e-001
 8.4140605e-001
 8.4176219e-001
 8.4199423e-001
 8.4235102e-001
 8.4253383e-001
 8.4286386e-001
 8.4316802e-001
 8.4370434e-001
 8.4329677e-001
 8.4373313e-001
 8.4371197e-001
 8.4330082e-001
 8.4391618e-001
 8.4354711e-001
 8.4345049e-001
 8.4394741e-001
 8.4394950e-001
 8.4414625e-001
 8.4383535e-001
 8.4427810e-001
 8.4385371e-001
 8.4396815e-001
 8.4340066e-001
 8.4343797e-001
 8.4324074e-001
 8.4292388e-001
 8.4274805e-001
 8.4240526e-001
 8.4303045e-001
 8.4296125e-001
 8.4342515e-001
 8.4332579e-001
 8.4392542e-001
 8.4376627e-001
 8.4357965e-001
 8.4388077e-001
 8.4372878e-001
 8.4381014e-001
 8.4337097e-001
 8.4345502e-001
 8.4316790e-001
 8.4309417e-001
 8.4291500e-001
 8.4275508e-001
 8.4289324e-001
 8.4250575e-001
 8.4206796e-001
 8.4162390e-001
 8.4155023e-001
 8.4142756e-001
 8.4132028e-001
 8.4101099e-001
 8.4080005e-001
 8.4077078e-001
 8.4074229e-001
 8.4122860e-001
 8.4154689e-001
 8.4194976e-001
 8.4240001e-001
 8.4275752e-001
 8.4328860e-001
 8.4373468e-001
 8.4367001e-001
 8.4374815e-001
 8.4438980e-001
 8.4484142e-001
 8.4460038e-001
 8.4510463e-001
 8.4520304e-001
 8.4545124e-001
 8.4573740e-001
 8.4595847e-001
 8.4575200e-001
 8.4587771e-001
 8.4605753e-001
 8.4659684e-001
 8.4627587e-001
 8.4657604e-001
 8.4661722e-001
 8.4683502e-001
 8.4716505e-001
 8.4694916e-001
 8.4673870e-001
 8.4678686e-001
 8.4585571e-001
 8.4580374e-001
 8.4535116e-001
 8.4529114e-001
 8.4563619e-001
 8.4581262e-001
 8.4588659e-001
 8.4558779e-001
 8.4464425e-001
 8.4421879e-001
 8.4435004e-001
 8.4525406e-001
 8.4578234e-001
 8.4408861e-001
 8.4277499e-001
 8.4337693e-001
 8.4166187e-001
 8.3915156e-001
 8.3608162e-001
 8.3331084e-001
 8.3254290e-001
 8.3091378e-001
 8.3176267e-001
 8.3285034e-001
 8.3419907e-001
 8.3527768e-001
 8.3590955e-001
 8.3727503e-001
 8.3917254e-001
 8.4010786e-001
 8.4151554e-001
 8.4271783e-001
 8.4387183e-001
 8.4567171e-001
 8.4665263e-001
 8.4710890e-001
 8.4762871e-001
 8.4767199e-001
 8.4837437e-001
 8.4792477e-001
 8.4765148e-001
 8.4742850e-001
 8.4660101e-001
 8.4613591e-001
 8.4596401e-001
 8.4521407e-001
 8.4505749e-001
 8.4508330e-001
 8.4614676e-001
 8.4525383e-001
 8.4350348e-001
 8.4415501e-001
 8.4454989e-001
 8.4518170e-001
 8.4497964e-001
 8.4433353e-001
 8.4347707e-001
 8.4244114e-001
 8.4357667e-001
 8.4244627e-001
 8.4235227e-001
 8.4020787e-001
 8.4009087e-001
 8.3986557e-001
 8.4051698e-001
 8.4009063e-001
 8.4000051e-001
 8.3856630e-001
 8.3593851e-001
 8.3636689e-001
 8.3386767e-001
 8.3175343e-001
 8.3077955e-001
 8.3124709e-001
 8.2622045e-001
 8.2196617e-001
 8.2558095e-001
 8.2857472e-001
-1.2300000e+034
