s07_AV97 Record=2471: Olivine KI3189 Fo60 <60um     BECKb AREF
 1.8251438e-001
 2.1530417e-001
 2.4276631e-001
 2.6095650e-001
 2.8541288e-001
 3.0426106e-001
 3.1412429e-001
 3.2235080e-001
 3.2435527e-001
 3.2960814e-001
 3.4233725e-001
 3.6047974e-001
 3.6978817e-001
 3.7820211e-001
 4.0008697e-001
 4.1539726e-001
 4.2584082e-001
 4.3963984e-001
 4.5332658e-001
 4.6375352e-001
 4.6823630e-001
 4.7232598e-001
 4.7438726e-001
 4.7520807e-001
 4.7582978e-001
 4.7600332e-001
 4.7858542e-001
 4.8300585e-001
 4.9122804e-001
 4.9874562e-001
 5.0306523e-001
 5.0329697e-001
 5.0286967e-001
 5.0339907e-001
 5.0259745e-001
 5.0035667e-001
 4.9580872e-001
 4.8753953e-001
 4.8012447e-001
 4.7145081e-001
 4.5992300e-001
 4.4871143e-001
 4.3686506e-001
 4.2433971e-001
 4.1217110e-001
 3.9957413e-001
 3.8858747e-001
 3.7545422e-001
 3.6380744e-001
 3.5401908e-001
 3.4764996e-001
 3.3239850e-001
 3.1578162e-001
 3.1594115e-001
 3.0758691e-001
 2.9869249e-001
 2.9495630e-001
 2.9335880e-001
 2.8871155e-001
 2.8419048e-001
 2.7375534e-001
 2.6992601e-001
 2.6170719e-001
 2.5505432e-001
 2.4448243e-001
 2.4088161e-001
 2.3108405e-001
 2.2557364e-001
 2.2292921e-001
 2.2014679e-001
 2.1468513e-001
 2.0849773e-001
 2.0755650e-001
 2.0671295e-001
 2.0555876e-001
 2.0774201e-001
 2.0706408e-001
 2.0965092e-001
 2.1263173e-001
 2.1639648e-001
 2.2130390e-001
 2.2466950e-001
 2.3199672e-001
 2.3262447e-001
 2.3665386e-001
 2.3878725e-001
 2.3994619e-001
 2.4060969e-001
 2.4601698e-001
 2.4699743e-001
 2.4794473e-001
 2.5225598e-001
 2.5094730e-001
 2.5251016e-001
 2.5640535e-001
 2.5837034e-001
 2.5378934e-001
 2.5743160e-001
 2.5960442e-001
 2.6514754e-001
 2.6707929e-001
 2.6930138e-001
 2.7478656e-001
 2.7915156e-001
 2.8288603e-001
 2.8772441e-001
 2.9377663e-001
 3.0029637e-001
 3.0657482e-001
 3.1372136e-001
 3.2056001e-001
 3.2808855e-001
 3.3718064e-001
 3.4552583e-001
 3.5425308e-001
 3.6406198e-001
 3.7348992e-001
 3.8344607e-001
 3.9288339e-001
 4.0189302e-001
 4.1332373e-001
 4.2444688e-001
 4.3325669e-001
 4.4408670e-001
 4.5290768e-001
 4.6365750e-001
 4.7423652e-001
 4.8522544e-001
 4.9446300e-001
 5.0099045e-001
 5.1344746e-001
 5.1764137e-001
 5.2665281e-001
 5.3435898e-001
 5.4120165e-001
 5.4870468e-001
 5.5509537e-001
 5.5842912e-001
 5.6413144e-001
 5.7128036e-001
 5.7494766e-001
 5.8027142e-001
 5.8396834e-001
 5.8991718e-001
 5.9340835e-001
 5.9635687e-001
 5.9795308e-001
 6.0466325e-001
 6.0451633e-001
 6.0768741e-001
 6.1467195e-001
 6.1811972e-001
 6.1356431e-001
 6.1682636e-001
 6.1882806e-001
 6.2085706e-001
 6.2038225e-001
 6.2588668e-001
 6.2537438e-001
 6.2007928e-001
 6.2117422e-001
 6.2094998e-001
 6.2490296e-001
 6.2302518e-001
 6.1911768e-001
 6.2539166e-001
 6.2598819e-001
 6.2085682e-001
 6.2479144e-001
 6.2536997e-001
 6.2675917e-001
 6.2902474e-001
 6.2967151e-001
 6.2666219e-001
 6.3006270e-001
 6.3415676e-001
 6.2969357e-001
 6.3172394e-001
 6.3133854e-001
 6.2996733e-001
 6.3205606e-001
 6.3256866e-001
 6.3225096e-001
 6.3434005e-001
 6.3234931e-001
 6.3048077e-001
 6.3453889e-001
 6.3411981e-001
 6.3507670e-001
 6.3528693e-001
 6.3130617e-001
 6.3576537e-001
 6.3546330e-001
 6.3450927e-001
 6.3100767e-001
 6.3253832e-001
 6.3477349e-001
 6.3321811e-001
 6.3335681e-001
 6.3327181e-001
 6.3521016e-001
 6.3542420e-001
 6.3622683e-001
 6.3580084e-001
 6.3445216e-001
 6.3371152e-001
 6.3110846e-001
 6.3176960e-001
 6.3173926e-001
 6.3116688e-001
 6.3231403e-001
 6.2942100e-001
 6.2861484e-001
 6.3093787e-001
 6.3335484e-001
 6.3249034e-001
 6.2997490e-001
 6.2849957e-001
 6.2837362e-001
 6.2884486e-001
 6.2932736e-001
 6.2960148e-001
 6.2953460e-001
 6.2888199e-001
