s07_AV97 Record=902: Clinochlore_Fe SC-CCa-1.c     BECKa AREF
 1.2597433e-001
 1.3171588e-001
 1.3769726e-001
 1.4447978e-001
 1.5057044e-001
 1.6148007e-001
 1.7335211e-001
 1.8663855e-001
 1.9470319e-001
 1.9858795e-001
 2.0686606e-001
 2.1839993e-001
 2.3135826e-001
 2.3780967e-001
 2.4889626e-001
 2.5532842e-001
 2.5470057e-001
 2.5426686e-001
 2.5555545e-001
 2.5367603e-001
 2.5055310e-001
 2.4798867e-001
 2.4186225e-001
 2.3513548e-001
 2.2886340e-001
 2.2058073e-001
 2.1326818e-001
 2.0705482e-001
 2.0052469e-001
 1.9367464e-001
 1.8825363e-001
 1.8323836e-001
 1.8984541e-001
 1.8397582e-001
 1.8347333e-001
 1.8023913e-001
 1.7772609e-001
 1.7600065e-001
 1.7621814e-001
 1.7911066e-001
 1.7946148e-001
 1.8319589e-001
 1.8886903e-001
 1.9252910e-001
 1.9848040e-001
 2.0230961e-001
 2.0760737e-001
 2.1160486e-001
 2.1064024e-001
 2.0927840e-001
 2.0503193e-001
 1.9809008e-001
 2.0869286e-001
 2.1352132e-001
 2.0874158e-001
 2.0964484e-001
 2.1045315e-001
 2.1458235e-001
 2.1319750e-001
 2.0669690e-001
 2.1635556e-001
 2.1589561e-001
 2.2512653e-001
 2.2250572e-001
 2.3285998e-001
 2.3024602e-001
 2.3058803e-001
 2.3414139e-001
 2.3359394e-001
 2.4118721e-001
 2.3905468e-001
 2.4235347e-001
 2.4424103e-001
 2.4083674e-001
 2.4326649e-001
 2.4107412e-001
 2.4590607e-001
 2.4869636e-001
 2.4220149e-001
 2.4872482e-001
 2.5367105e-001
 2.5202301e-001
 2.5538808e-001
 2.5911245e-001
 2.6561892e-001
 2.6598790e-001
 2.7365291e-001
 2.7665058e-001
 2.8072116e-001
 2.8618851e-001
 2.9101521e-001
 2.9858965e-001
 3.0267218e-001
 3.0726549e-001
 3.1515887e-001
 3.1865221e-001
 3.1248567e-001
 3.1509587e-001
 3.2519993e-001
 3.3373961e-001
 3.3915544e-001
 3.4477949e-001
 3.5266024e-001
 3.5840911e-001
 3.6512503e-001
 3.7063900e-001
 3.7809736e-001
 3.8152695e-001
 3.8784108e-001
 3.9554739e-001
 3.9298898e-001
 3.9225101e-001
 4.0210956e-001
 4.1220319e-001
 4.1695571e-001
 4.2590874e-001
 4.3164068e-001
 4.3736774e-001
 4.4320357e-001
 4.4869849e-001
 4.5469335e-001
 4.6034962e-001
 4.6194717e-001
 4.7353029e-001
 4.7708863e-001
 4.8082042e-001
 4.8551795e-001
 4.9416554e-001
 4.9879494e-001
 5.0496548e-001
 5.1029396e-001
 5.1299775e-001
 5.2040517e-001
 5.2332401e-001
 5.2987981e-001
 5.3758997e-001
 5.4448098e-001
 5.4730189e-001
 5.5268461e-001
 5.5497783e-001
 5.6337881e-001
 5.6165075e-001
 5.6962079e-001
 5.7327825e-001
 5.7554239e-001
 5.8596104e-001
 5.8824122e-001
 5.9189934e-001
 5.9711844e-001
 6.0215932e-001
 6.0069227e-001
 6.0041612e-001
 6.0669911e-001
 6.0933048e-001
 6.0745859e-001
 6.1350358e-001
 6.1757219e-001
 6.1855227e-001
 6.2102997e-001
 6.1453158e-001
 6.1744088e-001
 6.1359185e-001
 6.2156516e-001
 6.2719709e-001
 6.2983853e-001
 6.2937820e-001
 6.2664491e-001
 6.2558013e-001
 6.2718207e-001
 6.3447177e-001
 6.3632774e-001
 6.3096750e-001
 6.3606471e-001
 6.3828725e-001
 6.4594173e-001
 6.5282929e-001
 6.5759557e-001
 6.6501808e-001
 6.6630828e-001
 6.7213225e-001
 6.7830950e-001
 6.8222046e-001
 6.7972201e-001
 6.7924178e-001
 6.8648463e-001
 6.8814546e-001
 6.8526769e-001
 6.8924695e-001
 6.8460172e-001
 6.7712539e-001
 6.7919052e-001
 6.7912579e-001
 6.7506588e-001
 6.7378730e-001
 6.6605085e-001
 6.4458936e-001
 6.1391854e-001
 5.8580428e-001
 5.9736961e-001
 6.0836911e-001
 6.0086733e-001
 5.8860737e-001
 5.7957983e-001
 5.7127833e-001
 5.6348652e-001
 5.5402988e-001
 5.4916304e-001
 5.5162793e-001
 5.6700641e-001
 5.8576643e-001
 6.0289401e-001
 6.1122692e-001
 6.1848319e-001
 6.2444192e-001
 6.2690723e-001
 6.2450200e-001
 6.2023818e-001
 6.1776990e-001
 6.1656612e-001
 6.1380130e-001
 6.0793573e-001
 6.0080725e-001
 5.9495330e-001
 5.9204203e-001
