s07_AV97 Record=1345: Grossular HS113.3B-HCL      NIC4ccc RREF
-1.2300000e+034
-1.2300000e+034
-1.2300000e+034
-1.2300000e+034
-1.2300000e+034
-1.2300000e+034
-1.2300000e+034
-1.2300000e+034
-1.2300000e+034
-1.2300000e+034
-1.2300000e+034
-1.2300000e+034
-1.2300000e+034
-1.2300000e+034
-1.2300000e+034
-1.2300000e+034
-1.2300000e+034
-1.2300000e+034
-1.2300000e+034
-1.2300000e+034
-1.2300000e+034
-1.2300000e+034
-1.2300000e+034
-1.2300000e+034
-1.2300000e+034
-1.2300000e+034
-1.2300000e+034
-1.2300000e+034
-1.2300000e+034
-1.2300000e+034
-1.2300000e+034
-1.2300000e+034
-1.2300000e+034
-1.2300000e+034
-1.2300000e+034
-1.2300000e+034
-1.2300000e+034
-1.2300000e+034
-1.2300000e+034
-1.2300000e+034
-1.2300000e+034
-1.2300000e+034
-1.2300000e+034
-1.2300000e+034
-1.2300000e+034
-1.2300000e+034
-1.2300000e+034
-1.2300000e+034
-1.2300000e+034
-1.2300000e+034
-1.2300000e+034
-1.2300000e+034
-1.2300000e+034
-1.2300000e+034
-1.2300000e+034
-1.2300000e+034
-1.2300000e+034
-1.2300000e+034
-1.2300000e+034
-1.2300000e+034
-1.2300000e+034
-1.2300000e+034
-1.2300000e+034
-1.2300000e+034
-1.2300000e+034
-1.2300000e+034
-1.2300000e+034
-1.2300000e+034
-1.2300000e+034
-1.2300000e+034
-1.2300000e+034
-1.2300000e+034
-1.2300000e+034
-1.2300000e+034
-1.2300000e+034
-1.2300000e+034
-1.2300000e+034
-1.2300000e+034
-1.2300000e+034
-1.2300000e+034
-1.2300000e+034
-1.2300000e+034
-1.2300000e+034
-1.2300000e+034
-1.2300000e+034
-1.2300000e+034
-1.2300000e+034
-1.2300000e+034
-1.2300000e+034
-1.2300000e+034
-1.2300000e+034
-1.2300000e+034
-1.2300000e+034
-1.2300000e+034
-1.2300000e+034
-1.2300000e+034
-1.2300000e+034
-1.2300000e+034
-1.2300000e+034
-1.2300000e+034
-1.2300000e+034
-1.2300000e+034
-1.2300000e+034
-1.2300000e+034
-1.2300000e+034
-1.2300000e+034
-1.2300000e+034
-1.2300000e+034
-1.2300000e+034
-1.2300000e+034
-1.2300000e+034
-1.2300000e+034
-1.2300000e+034
-1.2300000e+034
-1.2300000e+034
-1.2300000e+034
-1.2300000e+034
-1.2300000e+034
-1.2300000e+034
-1.2300000e+034
-1.2300000e+034
-1.2300000e+034
-1.2300000e+034
-1.2300000e+034
-1.2300000e+034
-1.2300000e+034
-1.2300000e+034
-1.2300000e+034
-1.2300000e+034
 3.8660327e-001
 3.9153489e-001
 3.9572221e-001
 3.9964038e-001
 4.0267369e-001
 4.0517181e-001
 4.0715834e-001
 4.0883291e-001
 4.1041300e-001
 4.1196319e-001
 4.1336831e-001
 4.1490066e-001
 4.1657698e-001
 4.1833463e-001
 4.2008856e-001
 4.2163023e-001
 4.2315084e-001
 4.2462024e-001
 4.2587402e-001
 4.2706463e-001
 4.2773268e-001
 4.2818949e-001
 4.2853066e-001
 4.2900226e-001
 4.2973402e-001
 4.3080038e-001
 4.3140283e-001
 4.3224564e-001
 4.3265438e-001
 4.3208104e-001
 4.3126318e-001
 4.3158609e-001
 4.3004304e-001
 4.2758128e-001
 4.2520055e-001
 4.2446551e-001
 4.2532146e-001
 4.2619288e-001
 4.2719778e-001
 4.2818457e-001
 4.2878711e-001
 4.2894310e-001
 4.2902511e-001
 4.2923185e-001
 4.2978776e-001
 4.3027589e-001
 4.3071225e-001
 4.3101120e-001
 4.3113631e-001
 4.3094483e-001
 4.3039197e-001
 4.2940474e-001
 4.2813367e-001
 4.2648366e-001
 4.2400426e-001
 4.2059761e-001
 4.1625395e-001
 4.1012460e-001
 3.9974892e-001
 3.8322103e-001
 3.6710069e-001
 3.5688758e-001
 3.4708735e-001
 3.3631891e-001
 3.2761711e-001
 3.2379183e-001
 3.1941274e-001
 3.1318012e-001
 3.0899361e-001
 3.0824068e-001
 3.1273028e-001
 3.1631514e-001
 3.1221005e-001
 3.0961680e-001
 3.0660018e-001
 2.9594854e-001
 2.8106835e-001
 2.7059138e-001
 2.6530063e-001
 2.5960445e-001
 2.5720391e-001
 2.6112059e-001
 2.6845229e-001
 2.7669892e-001
 2.8229427e-001
 2.8477779e-001
 2.8203315e-001
 2.7571863e-001
 2.6818618e-001
 2.5956124e-001
 2.5328001e-001
 2.4911128e-001
 2.4513431e-001
 2.4105230e-001
 2.3812170e-001
