s07_AV97 Record=1530: Hornblende HS16.2B           ASDFRb AREF
 5.8439866e-002
 6.2048063e-002
 6.5475531e-002
 6.9177076e-002
 7.3016800e-002
 7.7738270e-002
 8.2473874e-002
 8.6104050e-002
 8.9361027e-002
 9.3457833e-002
 9.6856378e-002
 9.9806502e-002
 1.0168888e-001
 1.0273527e-001
 1.0339800e-001
 1.0337341e-001
 1.0285510e-001
 1.0210854e-001
 1.0132575e-001
 1.0036047e-001
 9.9330343e-002
 9.8422043e-002
 9.7514533e-002
 9.6719556e-002
 9.6034504e-002
 9.5576979e-002
 9.5014304e-002
 9.4687566e-002
 9.4612829e-002
 9.4847776e-002
 9.5185742e-002
 9.5757462e-002
 9.5113441e-002
 9.5631167e-002
 9.6340433e-002
 9.7390138e-002
 9.8655201e-002
 9.9968851e-002
 1.0154450e-001
 1.0340361e-001
 1.0559124e-001
 1.0795013e-001
 1.1034563e-001
 1.1296245e-001
 1.1554731e-001
 1.1819410e-001
 1.2052501e-001
 1.2248719e-001
 1.2413399e-001
 1.2547648e-001
 1.2643175e-001
 1.2735790e-001
 1.2827039e-001
 1.2916569e-001
 1.3011229e-001
 1.3122906e-001
 1.3265179e-001
 1.3434190e-001
 1.3621631e-001
 1.3866325e-001
 1.4145318e-001
 1.4450102e-001
 1.4755064e-001
 1.5088549e-001
 1.5445875e-001
 1.5767521e-001
 1.6075270e-001
 1.6372108e-001
 1.6658415e-001
 1.6908455e-001
 1.7217840e-001
 1.7433850e-001
 1.7685762e-001
 1.7964958e-001
 1.8219267e-001
 1.8456948e-001
 1.8655126e-001
 1.8897457e-001
 1.9153945e-001
 1.9385615e-001
 1.9685067e-001
 1.9957785e-001
 2.0245859e-001
 2.0614487e-001
 2.0965171e-001
 2.1327808e-001
 2.1683152e-001
 2.2096932e-001
 2.2505562e-001
 2.2898936e-001
 2.3367769e-001
 2.3886672e-001
 2.4324317e-001
 2.4798006e-001
 2.5257099e-001
 2.5798315e-001
 2.4992537e-001
 2.5529256e-001
 2.6084620e-001
 2.6671329e-001
 2.7282786e-001
 2.7876443e-001
 2.8509238e-001
 2.9120049e-001
 2.9724857e-001
 3.0371407e-001
 3.1013304e-001
 3.1631890e-001
 3.2173565e-001
 3.2538477e-001
 3.2849902e-001
 3.3546972e-001
 3.4510803e-001
 3.5362035e-001
 3.6070144e-001
 3.6698389e-001
 3.7249681e-001
 3.7922186e-001
 3.8541752e-001
 3.9143348e-001
 3.9733502e-001
 4.0312836e-001
 4.0930665e-001
 4.1508424e-001
 4.2045623e-001
 4.2615151e-001
 4.3177184e-001
 4.3723243e-001
 4.4223028e-001
 4.4778034e-001
 4.5266277e-001
 4.5806059e-001
 4.6305037e-001
 4.6755999e-001
 4.7249234e-001
 4.7657859e-001
 4.8097897e-001
 4.8602316e-001
 4.9023521e-001
 4.9402866e-001
 4.9843824e-001
 5.0306183e-001
 5.0793850e-001
 5.1185739e-001
 5.1536345e-001
 5.1866245e-001
 5.2202487e-001
 5.2585471e-001
 5.2899849e-001
 5.3255683e-001
 5.3587145e-001
 5.3894925e-001
 5.4197168e-001
 5.4469144e-001
 5.4659599e-001
 5.4943562e-001
 5.5197704e-001
 5.5423433e-001
 5.5679029e-001
 5.5874956e-001
 5.5813640e-001
 5.5937594e-001
 5.5958408e-001
 5.6037199e-001
 5.6216586e-001
 5.6579912e-001
 5.6812614e-001
 5.7084376e-001
 5.7267195e-001
 5.7425362e-001
 5.7636100e-001
 5.7842964e-001
 5.8008742e-001
 5.8186328e-001
 5.8484322e-001
 5.8734745e-001
 5.8930916e-001
 5.9161079e-001
 5.9359282e-001
 5.9520042e-001
 5.9651273e-001
 5.9826350e-001
 5.9762424e-001
 5.9743547e-001
 5.9856367e-001
 5.9964287e-001
 6.0130274e-001
 6.0231656e-001
 6.0251105e-001
 6.0320795e-001
 6.0368407e-001
 6.0412645e-001
 6.0523677e-001
 6.0668838e-001
 6.0640115e-001
 6.0547203e-001
 6.0382265e-001
 6.0378397e-001
 6.0304481e-001
 6.0149509e-001
 5.9779322e-001
 5.9128380e-001
 5.7984650e-001
 5.6328070e-001
 5.4848295e-001
 5.4468828e-001
 5.5198163e-001
 5.6476468e-001
 5.7454652e-001
 5.7499909e-001
 5.6746310e-001
 5.6076062e-001
 5.6140852e-001
 5.6872272e-001
 5.7905310e-001
 5.8481127e-001
 5.8897924e-001
 5.8793050e-001
 5.8755523e-001
 5.8531010e-001
 5.8513540e-001
 5.8476722e-001
 5.8367985e-001
-1.2300000e+034
