s07_AV97 Record=3208: Thuringite SMR-15.a 115um     BECKb AREF
 6.5088168e-002
 6.8056628e-002
 7.1560167e-002
 7.4499466e-002
 7.7298850e-002
 8.0727011e-002
 8.5036367e-002
 8.9784861e-002
 9.2784464e-002
 9.4290547e-002
 9.6663527e-002
 9.9433526e-002
 1.0351485e-001
 1.0744109e-001
 1.1216850e-001
 1.1620007e-001
 1.1955943e-001
 1.2170692e-001
 1.2286118e-001
 1.2333095e-001
 1.2345711e-001
 1.2297302e-001
 1.2178053e-001
 1.1917298e-001
 1.1755632e-001
 1.1563705e-001
 1.1310220e-001
 1.1146964e-001
 1.0948125e-001
 1.0805963e-001
 1.0602511e-001
 1.0471099e-001
 1.0630546e-001
 1.0496198e-001
 1.0391992e-001
 1.0204863e-001
 1.0124041e-001
 1.0141718e-001
 1.0066849e-001
 1.0126148e-001
 1.0087798e-001
 1.0200032e-001
 1.0297498e-001
 1.0374297e-001
 1.0371131e-001
 1.0357888e-001
 1.0226487e-001
 1.0151577e-001
 1.0260063e-001
 1.0188235e-001
 9.9926345e-002
 1.0327750e-001
 9.4676279e-002
 9.3246207e-002
 9.8825894e-002
 9.4053492e-002
 9.4061434e-002
 1.0191727e-001
 9.9083982e-002
 1.0033406e-001
 9.2287689e-002
 9.8415315e-002
 9.5696688e-002
 9.9117570e-002
 9.6536346e-002
 9.6929535e-002
 9.6948467e-002
 9.6290186e-002
 9.8369278e-002
 9.4948158e-002
 9.9753462e-002
 9.7242758e-002
 9.8371685e-002
 9.7217835e-002
 9.8121189e-002
 9.4335765e-002
 9.2559308e-002
 1.0054954e-001
 9.8448828e-002
 9.7247936e-002
 1.0194997e-001
 1.0009355e-001
 1.0103918e-001
 1.0165709e-001
 1.0118923e-001
 1.0372277e-001
 1.0348302e-001
 1.0605498e-001
 1.0766336e-001
 1.1269164e-001
 1.1688232e-001
 1.1661588e-001
 1.2097783e-001
 1.2577514e-001
 1.2590516e-001
 1.2809138e-001
 1.2548818e-001
 1.2667954e-001
 1.3172343e-001
 1.3522659e-001
 1.4018090e-001
 1.4216791e-001
 1.4636000e-001
 1.4957596e-001
 1.5467335e-001
 1.5857181e-001
 1.6092961e-001
 1.6563706e-001
 1.7230110e-001
 1.7588882e-001
 1.7237416e-001
 1.6086841e-001
 1.6537352e-001
 1.8520814e-001
 1.9004367e-001
 1.9080317e-001
 1.9743642e-001
 2.0018469e-001
 2.0383275e-001
 2.0891835e-001
 2.1345791e-001
 2.1906088e-001
 2.2001863e-001
 2.2488917e-001
 2.2523452e-001
 2.2907740e-001
 2.3575810e-001
 2.4058138e-001
 2.4611427e-001
 2.4800451e-001
 2.5561550e-001
 2.5542593e-001
 2.6215243e-001
 2.6810676e-001
 2.7706152e-001
 2.8067183e-001
 2.8187516e-001
 2.9255274e-001
 2.9681832e-001
 3.0553654e-001
 3.1003734e-001
 3.1612256e-001
 3.2260010e-001
 3.1620550e-001
 3.3085579e-001
 3.3603346e-001
 3.3290321e-001
 3.3873960e-001
 3.4843969e-001
 3.4679207e-001
 3.5758597e-001
 3.5872516e-001
 3.5925981e-001
 3.5822695e-001
 3.5775203e-001
 3.6707005e-001
 3.7055099e-001
 3.7177593e-001
 3.7029853e-001
 3.6117491e-001
 3.6405668e-001
 3.6339995e-001
 3.7133703e-001
 3.7174013e-001
 3.7602273e-001
 3.7747490e-001
 3.7966588e-001
 3.8011560e-001
 3.7838641e-001
 3.7240422e-001
 3.7346154e-001
 3.7308306e-001
 3.5985881e-001
 3.6752903e-001
 3.7648314e-001
 3.8709477e-001
 3.9756894e-001
 4.0955621e-001
 4.2212680e-001
 4.2836937e-001
 4.3638778e-001
 4.4039848e-001
 4.4338506e-001
 4.4639853e-001
 4.4201329e-001
 4.4445300e-001
 4.4509852e-001
 4.4888964e-001
 4.4857505e-001
 4.4338056e-001
 4.3692461e-001
 4.3427655e-001
 4.3154922e-001
 4.2194536e-001
 4.0393037e-001
 3.8335636e-001
 3.3759901e-001
 2.8214082e-001
 2.5115168e-001
 2.6162487e-001
 2.9615474e-001
 3.1108004e-001
 3.1286430e-001
 2.8408211e-001
 2.7403367e-001
 2.6062509e-001
 2.4499145e-001
 2.3475304e-001
 2.2122124e-001
 2.3848779e-001
 2.6382169e-001
 2.8445432e-001
 2.9874989e-001
 3.0648515e-001
 3.0966079e-001
 3.1082025e-001
 3.1004572e-001
 3.0680728e-001
 3.0170056e-001
 2.9369372e-001
 2.8379151e-001
 2.7399373e-001
 2.6658395e-001
 2.6283327e-001
