s07_AV97 Record=1040: Dickite NMNH46967             BECKa AREF
 5.6608510e-001
 5.7904941e-001
 5.9222263e-001
 6.0326028e-001
 6.1262798e-001
 6.2056851e-001
 6.2733501e-001
 6.3403869e-001
 6.4023250e-001
 6.4658511e-001
 6.5195161e-001
 6.5686172e-001
 6.6144109e-001
 6.6545212e-001
 6.6944772e-001
 6.7293692e-001
 6.7582703e-001
 6.7895156e-001
 6.8190849e-001
 6.8662685e-001
 6.9544262e-001
 7.0159060e-001
 7.0792311e-001
 7.1345794e-001
 7.1774298e-001
 7.2037333e-001
 7.2270316e-001
 7.2518140e-001
 7.2708267e-001
 7.2990644e-001
 7.3263431e-001
 7.3549473e-001
 7.3228437e-001
 7.3496121e-001
 7.3728317e-001
 7.3998088e-001
 7.4040842e-001
 7.4245495e-001
 7.4503577e-001
 7.4645126e-001
 7.4810737e-001
 7.4957329e-001
 7.5130033e-001
 7.5219518e-001
 7.5255203e-001
 7.5309891e-001
 7.5394350e-001
 7.5457650e-001
 7.5435752e-001
 7.5427645e-001
 7.5502753e-001
 7.5341636e-001
 7.4867773e-001
 7.4967366e-001
 7.5035363e-001
 7.5111729e-001
 7.5159460e-001
 7.5143456e-001
 7.5112945e-001
 7.5213385e-001
 7.5166422e-001
 7.4826527e-001
 7.5072968e-001
 7.4904448e-001
 7.4740666e-001
 7.5544602e-001
 7.5689548e-001
 7.5729418e-001
 7.5843143e-001
 7.5760549e-001
 7.5942451e-001
 7.5995702e-001
 7.6023138e-001
 7.6029420e-001
 7.6041019e-001
 7.6061589e-001
 7.6107216e-001
 7.6129305e-001
 7.6139599e-001
 7.6139784e-001
 7.6155126e-001
 7.6107955e-001
 7.6209098e-001
 7.6114297e-001
 7.6170260e-001
 7.6187700e-001
 7.6154476e-001
 7.6183081e-001
 7.6093137e-001
 7.5961119e-001
 7.5938112e-001
 7.5639939e-001
 7.5417143e-001
 7.5334269e-001
 7.5496686e-001
 7.5610268e-001
 7.5415987e-001
 7.5611162e-001
 7.5511378e-001
 7.5236076e-001
 7.4605966e-001
 7.3781043e-001
 7.3591125e-001
 7.3425734e-001
 7.3191798e-001
 7.2688097e-001
 7.1079957e-001
 6.9261593e-001
 6.4799243e-001
 6.0174501e-001
 6.5983891e-001
 6.5314353e-001
 5.5611950e-001
 6.4778602e-001
 7.2241193e-001
 7.4025595e-001
 7.4691927e-001
 7.5074077e-001
 7.5374436e-001
 7.5471592e-001
 7.5562119e-001
 7.5731587e-001
 7.5850797e-001
 7.5961208e-001
 7.6094985e-001
 7.6172459e-001
 7.6164645e-001
 7.6217395e-001
 7.6192498e-001
 7.6298660e-001
 7.6266599e-001
 7.6401830e-001
 7.6500601e-001
 7.6391971e-001
 7.6354450e-001
 7.6324493e-001
 7.6370537e-001
 7.6297837e-001
 7.6249850e-001
 7.6070374e-001
 7.6041251e-001
 7.6057684e-001
 7.5983953e-001
 7.5863177e-001
 7.5732619e-001
 7.5570756e-001
 7.5436348e-001
 7.5262988e-001
 7.4988925e-001
 7.4460304e-001
 7.3943031e-001
 7.3510307e-001
 7.3460698e-001
 7.3403859e-001
 7.3388004e-001
 7.3681921e-001
 7.4438256e-001
 7.4600339e-001
 7.4327421e-001
 7.3549020e-001
 7.3904151e-001
 7.2135711e-001
 6.9869643e-001
 6.9403595e-001
 6.9996786e-001
 7.0179152e-001
 7.0219302e-001
 7.0269185e-001
 7.0492780e-001
 7.0835316e-001
 7.1070385e-001
 7.1351105e-001
 7.1335280e-001
 7.1383041e-001
 7.1287757e-001
 7.1018809e-001
 7.0665032e-001
 6.9888687e-001
 6.9111711e-001
 6.8575913e-001
 6.7823565e-001
 6.7200631e-001
 6.6416156e-001
 6.5129918e-001
 6.4388591e-001
 6.3604355e-001
 6.0511476e-001
 5.7639146e-001
 5.3594619e-001
 4.7465429e-001
 4.4340628e-001
 4.7742686e-001
 4.7507265e-001
 4.3101400e-001
 5.0403070e-001
 5.7374722e-001
 5.9144217e-001
 5.8034664e-001
 5.6706721e-001
 5.6448805e-001
 5.6199878e-001
 5.4108000e-001
 5.1431489e-001
 5.1307160e-001
 5.1401079e-001
 5.1415402e-001
 5.0956893e-001
 4.9068931e-001
 4.8269808e-001
 4.7982168e-001
 4.5621628e-001
 4.5456347e-001
 4.6975285e-001
 4.8081398e-001
 4.8148403e-001
 4.7402224e-001
 4.6341246e-001
 4.5476165e-001
 4.4896808e-001
 4.4290927e-001
 4.3576100e-001
 4.2743206e-001
 4.1812143e-001
 4.0811053e-001
