s07_AV97 Record=2761: Pyroxene HS119.3B             BECKc AREF
 8.8983342e-002
 9.1787785e-002
 9.4213128e-002
 9.6747570e-002
 9.9081576e-002
 1.0370827e-001
 1.0612567e-001
 1.0893657e-001
 1.1052579e-001
 1.1442709e-001
 1.1770358e-001
 1.2088660e-001
 1.2486327e-001
 1.2925893e-001
 1.3372414e-001
 1.3546115e-001
 1.3681942e-001
 1.3830455e-001
 1.3798334e-001
 1.3575207e-001
 1.3553844e-001
 1.3228123e-001
 1.2843360e-001
 1.2586094e-001
 1.2312876e-001
 1.1979355e-001
 1.1716949e-001
 1.1489799e-001
 1.1137927e-001
 1.0888167e-001
 1.0651181e-001
 1.0326452e-001
 1.0685421e-001
 1.0391127e-001
 1.0195345e-001
 1.0027196e-001
 9.7972356e-002
 9.6212246e-002
 9.4595879e-002
 9.3442023e-002
 9.1474429e-002
 9.0387926e-002
 8.9190453e-002
 8.8775434e-002
 8.7326713e-002
 8.7776124e-002
 8.6766429e-002
 8.7616853e-002
 8.7023117e-002
 8.8993713e-002
 8.8754110e-002
 8.7888949e-002
 9.1564231e-002
 9.1169097e-002
 9.0444416e-002
 9.4076186e-002
 9.0822741e-002
 8.8716842e-002
 8.8805594e-002
 8.8662513e-002
 8.7388910e-002
 8.8148095e-002
 8.4385678e-002
 8.7414622e-002
 8.4214099e-002
 8.3524257e-002
 8.4553659e-002
 8.5508898e-002
 8.4118150e-002
 8.6076714e-002
 8.5563071e-002
 8.4884271e-002
 8.5479133e-002
 8.3159767e-002
 8.6116277e-002
 8.3765306e-002
 8.4651679e-002
 8.4930673e-002
 8.5364707e-002
 8.5827805e-002
 8.5717581e-002
 8.3833963e-002
 8.4277295e-002
 8.2759857e-002
 8.3873726e-002
 8.4302410e-002
 8.4819503e-002
 8.3837509e-002
 8.5202485e-002
 8.6498879e-002
 8.6813927e-002
 8.7755695e-002
 8.9311838e-002
 8.8844240e-002
 9.0798751e-002
 9.1705106e-002
 8.9030229e-002
 9.1374114e-002
 9.3099304e-002
 9.4525181e-002
 9.5566876e-002
 9.7607873e-002
 9.9850528e-002
 1.0096585e-001
 1.0319146e-001
 1.0450935e-001
 1.0606061e-001
 1.0691117e-001
 1.0922156e-001
 1.1124232e-001
 1.1176469e-001
 1.1454427e-001
 1.1579032e-001
 1.1882999e-001
 1.2124205e-001
 1.2308593e-001
 1.2365869e-001
 1.2592523e-001
 1.2866938e-001
 1.3186738e-001
 1.3494745e-001
 1.3563517e-001
 1.3828152e-001
 1.4042193e-001
 1.4330713e-001
 1.4527802e-001
 1.4794506e-001
 1.4969417e-001
 1.5220942e-001
 1.5434764e-001
 1.5601942e-001
 1.5859821e-001
 1.6231203e-001
 1.6180255e-001
 1.6662653e-001
 1.6957282e-001
 1.6826147e-001
 1.7240405e-001
 1.7645548e-001
 1.7711027e-001
 1.7938563e-001
 1.8476696e-001
 1.8752432e-001
 1.8839522e-001
 1.9291037e-001
 1.9437352e-001
 1.9751281e-001
 2.0063038e-001
 2.0257281e-001
 2.0475633e-001
 2.0939752e-001
 2.0951264e-001
 2.1057941e-001
 2.1330145e-001
 2.1667008e-001
 2.2308066e-001
 2.2424933e-001
 2.2450826e-001
 2.2777164e-001
 2.3051168e-001
 2.2971812e-001
 2.3206347e-001
 2.3489128e-001
 2.3581539e-001
 2.3633733e-001
 2.3912722e-001
 2.4213085e-001
 2.4787572e-001
 2.5227588e-001
 2.5467283e-001
 2.5625926e-001
 2.6275882e-001
 2.6478252e-001
 2.6736382e-001
 2.7121371e-001
 2.7419049e-001
 2.7763700e-001
 2.8067681e-001
 2.8437763e-001
 2.8555629e-001
 2.8877267e-001
 2.9446995e-001
 2.9564074e-001
 2.9878822e-001
 3.0276278e-001
 3.0648503e-001
 3.0617321e-001
 3.0956212e-001
 3.1548065e-001
 3.1489554e-001
 3.1683451e-001
 3.1677881e-001
 3.1908560e-001
 3.2270551e-001
 3.2648793e-001
 3.2494742e-001
 3.2533619e-001
 3.2833374e-001
 3.3169726e-001
 3.3456096e-001
 3.3087835e-001
 3.2764599e-001
 3.2051730e-001
 3.1421423e-001
 3.1819409e-001
 3.3546793e-001
 3.4363779e-001
 3.4618223e-001
 3.5343400e-001
 3.5749599e-001
 3.5205448e-001
 3.5104787e-001
 3.5605508e-001
 3.6192206e-001
 3.6676720e-001
 3.7065113e-001
 3.7346855e-001
 3.7516621e-001
 3.7634528e-001
 3.7830970e-001
 3.8165656e-001
 3.8582540e-001
 3.8999969e-001
 3.9353400e-001
