s07_AV97 Record=2659: Prochlorite SMR-14.b  32um    BECKa AREF
 6.6863239e-002
 6.8070263e-002
 7.0673481e-002
 7.3122583e-002
 7.5428717e-002
 7.9402491e-002
 8.5141599e-002
 9.0595640e-002
 9.6052900e-002
 9.8352864e-002
 1.0114335e-001
 1.0713261e-001
 1.1189742e-001
 1.1542583e-001
 1.1909951e-001
 1.2184885e-001
 1.2296283e-001
 1.2258051e-001
 1.2250827e-001
 1.2284875e-001
 1.2082851e-001
 1.1986597e-001
 1.1724360e-001
 1.1496051e-001
 1.1137810e-001
 1.0925145e-001
 1.0619929e-001
 1.0386759e-001
 1.0113303e-001
 9.9302731e-002
 9.6131817e-002
 9.5373698e-002
 9.6349657e-002
 9.5760792e-002
 9.3193099e-002
 9.3999133e-002
 9.2132851e-002
 9.2579246e-002
 9.2933215e-002
 9.6042380e-002
 9.8941289e-002
 9.8873660e-002
 1.0322712e-001
 1.0658722e-001
 1.0859955e-001
 1.1200944e-001
 1.1507447e-001
 1.1357192e-001
 1.1524957e-001
 1.1418692e-001
 1.0678018e-001
 9.7665071e-002
 1.0452010e-001
 1.0373928e-001
 1.0816719e-001
 1.0153826e-001
 9.6849494e-002
 1.0047784e-001
 1.0524067e-001
 1.0599829e-001
 1.1017969e-001
 1.0954985e-001
 1.0800061e-001
 1.1128266e-001
 1.1522789e-001
 1.1235163e-001
 1.1534888e-001
 1.1758279e-001
 1.1707170e-001
 1.1782774e-001
 1.1834728e-001
 1.1937084e-001
 1.1670570e-001
 1.1554386e-001
 1.2245071e-001
 1.1906117e-001
 1.1718649e-001
 1.1974119e-001
 1.2157118e-001
 1.2006993e-001
 1.2151565e-001
 1.2550567e-001
 1.2852845e-001
 1.2958208e-001
 1.3112527e-001
 1.3267650e-001
 1.3412480e-001
 1.3542387e-001
 1.4311931e-001
 1.4591320e-001
 1.4902255e-001
 1.5348768e-001
 1.5537456e-001
 1.5898237e-001
 1.6361073e-001
 1.6712384e-001
 1.6064145e-001
 1.6610470e-001
 1.6854255e-001
 1.7208420e-001
 1.7648330e-001
 1.8162428e-001
 1.8335100e-001
 1.8773790e-001
 1.9133192e-001
 1.9810350e-001
 2.0019460e-001
 2.0245624e-001
 2.0501868e-001
 2.0559393e-001
 2.0364845e-001
 2.1123199e-001
 2.1494059e-001
 2.1971980e-001
 2.2683120e-001
 2.2891109e-001
 2.2914425e-001
 2.2894238e-001
 2.3676649e-001
 2.4173598e-001
 2.4565913e-001
 2.5032899e-001
 2.5361732e-001
 2.5683057e-001
 2.5867304e-001
 2.6012549e-001
 2.6622695e-001
 2.6714918e-001
 2.7089408e-001
 2.7459610e-001
 2.7643549e-001
 2.8007424e-001
 2.8421059e-001
 2.9125038e-001
 2.9033512e-001
 2.9245800e-001
 2.9886860e-001
 2.9749897e-001
 3.0297756e-001
 3.0447456e-001
 3.0551714e-001
 3.1482288e-001
 3.1029937e-001
 3.1077641e-001
 3.1526834e-001
 3.2623556e-001
 3.2421905e-001
 3.1578964e-001
 3.2680762e-001
 3.2847682e-001
 3.3071715e-001
 3.2991967e-001
 3.3384845e-001
 3.3639276e-001
 3.3209747e-001
 3.3651069e-001
 3.4195063e-001
 3.3561504e-001
 3.3403668e-001
 3.3671045e-001
 3.3611333e-001
 3.3676925e-001
 3.3229771e-001
 3.3733723e-001
 3.4599495e-001
 3.3959508e-001
 3.4229055e-001
 3.3955327e-001
 3.4281969e-001
 3.4343091e-001
 3.3708531e-001
 3.3981863e-001
 3.3949050e-001
 3.4038261e-001
 3.4649169e-001
 3.5044605e-001
 3.5417122e-001
 3.5584605e-001
 3.6173242e-001
 3.6608496e-001
 3.5500744e-001
 3.5664821e-001
 3.6298332e-001
 3.6879256e-001
 3.6491391e-001
 3.6264980e-001
 3.6740091e-001
 3.7093323e-001
 3.6540517e-001
 3.6037952e-001
 3.5949326e-001
 3.5545543e-001
 3.4832716e-001
 3.5463265e-001
 3.5215801e-001
 3.4071761e-001
 3.2554218e-001
 2.9665384e-001
 2.9778349e-001
 3.1069046e-001
 2.9753426e-001
 2.7993867e-001
 2.7492067e-001
 2.8499252e-001
 2.7364123e-001
 2.7388516e-001
 2.6776102e-001
 2.6860023e-001
 2.7837747e-001
 2.9483369e-001
 3.1137669e-001
 3.1660911e-001
 3.2347542e-001
 3.2658321e-001
 3.2587984e-001
 3.2482669e-001
 3.2361364e-001
 3.2159010e-001
 3.1886512e-001
 3.1478238e-001
 3.0974948e-001
 3.0460268e-001
 3.0031225e-001
 2.9751366e-001
