s07_AV97 Record=1205: Fluorapatite_REE WS420 xtl   ASDFRb AREF
 6.9989055e-002
 7.6023102e-002
 8.8638112e-002
 1.0489012e-001
 1.2283653e-001
 1.4101090e-001
 1.5920234e-001
 1.7726357e-001
 1.9498388e-001
 2.1202709e-001
 2.2718544e-001
 2.4163778e-001
 2.5563198e-001
 2.6877996e-001
 2.7949268e-001
 2.8926235e-001
 2.9837978e-001
 3.1243229e-001
 3.2597029e-001
 3.4162271e-001
 3.5680547e-001
 3.5539308e-001
 3.6941186e-001
 3.9391348e-001
 4.1126129e-001
 4.2391977e-001
 4.3164212e-001
 4.3784252e-001
 4.4271961e-001
 4.4693065e-001
 4.5074430e-001
 4.5330045e-001
 4.5021945e-001
 4.5289314e-001
 4.5531890e-001
 4.6010706e-001
 4.6469319e-001
 4.6852970e-001
 4.7169727e-001
 4.6728629e-001
 4.4992274e-001
 4.4983655e-001
 4.7361109e-001
 4.8575178e-001
 4.9054715e-001
 4.8606363e-001
 4.6340460e-001
 4.6497849e-001
 4.9227560e-001
 5.0722927e-001
 5.1557887e-001
 5.2148718e-001
 5.2471399e-001
 5.2358973e-001
 5.2974427e-001
 5.4078066e-001
 5.4952240e-001
 5.5745876e-001
 5.6318998e-001
 5.6804997e-001
 5.7399899e-001
 5.7998872e-001
 5.8607543e-001
 5.9254223e-001
 5.9848076e-001
 6.0427082e-001
 6.1021316e-001
 6.1584550e-001
 6.2098897e-001
 6.2657696e-001
 6.3231891e-001
 6.3795221e-001
 6.4839143e-001
 6.6097635e-001
 6.6264445e-001
 6.5979832e-001
 6.6048580e-001
 6.6364378e-001
 6.6703427e-001
 6.7097270e-001
 6.7508322e-001
 6.7873770e-001
 6.8453526e-001
 6.9070786e-001
 6.9410014e-001
 6.9364858e-001
 6.9486088e-001
 6.9672734e-001
 6.9949412e-001
 7.0156854e-001
 7.0180243e-001
 6.9968504e-001
 7.0075226e-001
 7.0494807e-001
 7.0839697e-001
 7.1282953e-001
 7.0646268e-001
 7.1064854e-001
 7.1462971e-001
 7.1767431e-001
 7.2014928e-001
 7.2237903e-001
 7.2443771e-001
 7.2673458e-001
 7.2836185e-001
 7.2798264e-001
 7.2785521e-001
 7.2701395e-001
 7.2365671e-001
 7.1835756e-001
 7.1437985e-001
 7.1046013e-001
 7.0306218e-001
 6.9639790e-001
 6.8938792e-001
 6.8885332e-001
 6.9229507e-001
 6.9851160e-001
 7.0059115e-001
 6.9985479e-001
 6.9824648e-001
 6.9849247e-001
 6.9776982e-001
 6.9821584e-001
 6.9886500e-001
 6.9873917e-001
 7.0057279e-001
 7.0414960e-001
 7.0647043e-001
 7.0922816e-001
 7.1753258e-001
 7.2505206e-001
 7.3029464e-001
 7.3418409e-001
 7.3778582e-001
 7.4118370e-001
 7.4388230e-001
 7.4629509e-001
 7.4762273e-001
 7.4815840e-001
 7.4882501e-001
 7.4938643e-001
 7.4899960e-001
 7.4904221e-001
 7.4945760e-001
 7.4940771e-001
 7.4866688e-001
 7.4820560e-001
 7.4776852e-001
 7.4784273e-001
 7.4700809e-001
 7.4626672e-001
 7.4559200e-001
 7.4462247e-001
 7.4325365e-001
 7.4013716e-001
 7.3554683e-001
 7.2928220e-001
 7.2227442e-001
 7.1405619e-001
 7.1769303e-001
 7.0645827e-001
 6.8719745e-001
 6.6361606e-001
 6.4292890e-001
 6.2851620e-001
 6.2087548e-001
 6.1886722e-001
 6.1850065e-001
 6.1777806e-001
 6.1513692e-001
 6.0603929e-001
 5.9675694e-001
 6.2445247e-001
 6.5096003e-001
 6.6932750e-001
 6.8118685e-001
 6.9060171e-001
 6.9774061e-001
 7.0365793e-001
 7.0807475e-001
 7.1101838e-001
 7.1250439e-001
 7.1335191e-001
 7.1350235e-001
 7.1001709e-001
 7.0249474e-001
 6.9244277e-001
 6.8855178e-001
 6.9149923e-001
 6.9611150e-001
 7.0038265e-001
 7.0312971e-001
 7.0273036e-001
 7.0006412e-001
 6.9877636e-001
 6.9798529e-001
 6.9582868e-001
 6.9255602e-001
 6.8973893e-001
 6.8656731e-001
 6.8216813e-001
 6.7753810e-001
 6.7285925e-001
 6.6977274e-001
 6.6609532e-001
 6.5917689e-001
 6.5518171e-001
 6.5096283e-001
 6.5007818e-001
 6.4743549e-001
 6.4358515e-001
 6.3850838e-001
 6.3128901e-001
 6.2394726e-001
 6.1587054e-001
 6.0887069e-001
 6.0337216e-001
 5.9693158e-001
 5.9123677e-001
 5.8681995e-001
 5.8055943e-001
 5.7408458e-001
-1.2300000e+034
