s07_AV97 Record=2658: Prochlorite SMR-14.a 115um   NIC4aa RREF
-1.2300000e+034
-1.2300000e+034
-1.2300000e+034
-1.2300000e+034
-1.2300000e+034
-1.2300000e+034
-1.2300000e+034
-1.2300000e+034
-1.2300000e+034
-1.2300000e+034
-1.2300000e+034
-1.2300000e+034
-1.2300000e+034
-1.2300000e+034
-1.2300000e+034
-1.2300000e+034
-1.2300000e+034
-1.2300000e+034
-1.2300000e+034
-1.2300000e+034
-1.2300000e+034
-1.2300000e+034
-1.2300000e+034
-1.2300000e+034
-1.2300000e+034
-1.2300000e+034
-1.2300000e+034
-1.2300000e+034
-1.2300000e+034
-1.2300000e+034
-1.2300000e+034
-1.2300000e+034
-1.2300000e+034
-1.2300000e+034
-1.2300000e+034
-1.2300000e+034
-1.2300000e+034
-1.2300000e+034
-1.2300000e+034
-1.2300000e+034
-1.2300000e+034
-1.2300000e+034
-1.2300000e+034
-1.2300000e+034
-1.2300000e+034
-1.2300000e+034
-1.2300000e+034
-1.2300000e+034
-1.2300000e+034
-1.2300000e+034
-1.2300000e+034
-1.2300000e+034
-1.2300000e+034
-1.2300000e+034
-1.2300000e+034
-1.2300000e+034
-1.2300000e+034
-1.2300000e+034
-1.2300000e+034
-1.2300000e+034
-1.2300000e+034
-1.2300000e+034
-1.2300000e+034
-1.2300000e+034
-1.2300000e+034
-1.2300000e+034
-1.2300000e+034
-1.2300000e+034
-1.2300000e+034
-1.2300000e+034
-1.2300000e+034
-1.2300000e+034
-1.2300000e+034
-1.2300000e+034
-1.2300000e+034
-1.2300000e+034
-1.2300000e+034
-1.2300000e+034
-1.2300000e+034
-1.2300000e+034
-1.2300000e+034
-1.2300000e+034
-1.2300000e+034
-1.2300000e+034
-1.2300000e+034
-1.2300000e+034
-1.2300000e+034
-1.2300000e+034
-1.2300000e+034
-1.2300000e+034
-1.2300000e+034
-1.2300000e+034
-1.2300000e+034
-1.2300000e+034
-1.2300000e+034
-1.2300000e+034
-1.2300000e+034
-1.2300000e+034
-1.2300000e+034
-1.2300000e+034
-1.2300000e+034
-1.2300000e+034
-1.2300000e+034
-1.2300000e+034
-1.2300000e+034
-1.2300000e+034
-1.2300000e+034
-1.2300000e+034
 1.4148596e-001
 1.4048769e-001
 1.3615245e-001
 1.3497521e-001
 1.3624938e-001
 1.3823076e-001
 1.3863996e-001
 1.3884129e-001
 1.3960628e-001
 1.4111121e-001
 1.4253008e-001
 1.4424098e-001
 1.4603806e-001
 1.4774665e-001
 1.4929698e-001
 1.5080832e-001
 1.5247165e-001
 1.5470143e-001
 1.5713002e-001
 1.5947172e-001
 1.6171977e-001
 1.6399059e-001
 1.6631752e-001
 1.6881166e-001
 1.7143624e-001
 1.7418453e-001
 1.7679149e-001
 1.7894943e-001
 1.8093683e-001
 1.8292218e-001
 1.8508430e-001
 1.8760814e-001
 1.8971993e-001
 1.9174044e-001
 1.9355896e-001
 1.9526047e-001
 1.9682629e-001
 1.9874229e-001
 2.0048977e-001
 2.0220999e-001
 2.0375317e-001
 2.0528573e-001
 2.0651025e-001
 2.0753233e-001
 2.0867081e-001
 2.0979635e-001
 2.1097927e-001
 2.1204935e-001
 2.1285638e-001
 2.1336800e-001
 2.1391329e-001
 2.1436259e-001
 2.1418795e-001
 2.1509904e-001
 2.1646599e-001
 2.1777925e-001
 2.1887876e-001
 2.1964964e-001
 2.1992503e-001
 2.1997336e-001
 2.1998282e-001
 2.2002828e-001
 2.1935077e-001
 2.1865770e-001
 2.1879061e-001
 2.1990204e-001
 2.2195414e-001
 2.2453308e-001
 2.2700949e-001
 2.2908671e-001
 2.3077033e-001
 2.3166123e-001
 2.3226480e-001
 2.3267409e-001
 2.3263648e-001
 2.3240599e-001
 2.3232754e-001
 2.3279534e-001
 2.3353766e-001
 2.3404616e-001
 2.3432660e-001
 2.3458089e-001
 2.3451480e-001
 2.3319407e-001
 2.3198579e-001
 2.2998455e-001
 2.2709492e-001
 2.2105461e-001
 2.0936258e-001
 1.9578543e-001
 1.9469498e-001
 1.9874327e-001
 1.9948688e-001
 1.9496334e-001
 1.8972228e-001
 1.8662199e-001
 1.8343323e-001
 1.7907155e-001
 1.7525013e-001
 1.7573963e-001
 1.8011868e-001
 1.8737888e-001
 1.9435799e-001
 1.9776317e-001
 1.9973101e-001
 2.0201264e-001
 2.0375831e-001
 2.0357804e-001
 2.0230709e-001
 2.0058247e-001
 1.9779210e-001
 1.9441722e-001
 1.9154339e-001
 1.8988469e-001
 1.8894252e-001
 1.8826015e-001
