s07_AV97 Record=2368: Nontronite NG-1.a            ASDNGb AREF
 7.1066424e-002
 7.8724608e-002
 8.8252775e-002
 9.8105021e-002
 1.0600923e-001
 1.1165085e-001
 1.1656333e-001
 1.2148336e-001
 1.2820417e-001
 1.3937247e-001
 1.5574205e-001
 1.7647085e-001
 1.9464843e-001
 2.0918724e-001
 2.2307731e-001
 2.3862770e-001
 2.5708270e-001
 2.7943084e-001
 3.0058795e-001
 3.1912908e-001
 3.3420697e-001
 3.4365812e-001
 3.4884369e-001
 3.5059959e-001
 3.4980047e-001
 3.4762192e-001
 3.4546599e-001
 3.4447676e-001
 3.4532017e-001
 3.4850875e-001
 3.5458401e-001
 3.6361361e-001
 3.5335448e-001
 3.6162543e-001
 3.7233859e-001
 3.8477844e-001
 3.9804646e-001
 4.1124636e-001
 4.2359903e-001
 4.3444797e-001
 4.4334069e-001
 4.5000616e-001
 4.5442846e-001
 4.5670795e-001
 4.5699269e-001
 4.5559272e-001
 4.5284811e-001
 4.4911563e-001
 4.4471401e-001
 4.3989453e-001
 4.3491772e-001
 4.3003425e-001
 4.2537180e-001
 4.2107347e-001
 4.1726124e-001
 4.1400233e-001
 4.1137043e-001
 4.0938619e-001
 4.0809268e-001
 4.0743059e-001
 4.0741846e-001
 4.0804887e-001
 4.0913373e-001
 4.1064644e-001
 4.1303334e-001
 4.1608930e-001
 4.2022541e-001
 4.2479378e-001
 4.2978036e-001
 4.3524805e-001
 4.4122094e-001
 4.4760504e-001
 4.5437634e-001
 4.6152213e-001
 4.6888027e-001
 4.7646314e-001
 4.8418811e-001
 4.9190104e-001
 4.9953294e-001
 5.0694895e-001
 5.1404560e-001
 5.2049434e-001
 5.2564770e-001
 5.2999353e-001
 5.3610057e-001
 5.4204029e-001
 5.4703385e-001
 5.5130595e-001
 5.5519462e-001
 5.5876458e-001
 5.6190234e-001
 5.6463009e-001
 5.6712866e-001
 5.6929982e-001
 5.7115084e-001
 5.7275766e-001
 5.7019013e-001
 5.7198066e-001
 5.7345462e-001
 5.7459402e-001
 5.7557154e-001
 5.7605410e-001
 5.7553321e-001
 5.7399327e-001
 5.7345986e-001
 5.7242817e-001
 5.7127529e-001
 5.6940532e-001
 5.6413150e-001
 5.5335516e-001
 5.3020912e-001
 4.9645144e-001
 4.7520229e-001
 4.7218627e-001
 4.7208714e-001
 4.9564379e-001
 5.2375221e-001
 5.3316039e-001
 5.4160494e-001
 5.5064303e-001
 5.5723470e-001
 5.6207395e-001
 5.6589043e-001
 5.6900054e-001
 5.7158375e-001
 5.7377273e-001
 5.7564330e-001
 5.7726163e-001
 5.7866442e-001
 5.7992053e-001
 5.8102912e-001
 5.8200204e-001
 5.8291835e-001
 5.8376074e-001
 5.8458084e-001
 5.8536583e-001
 5.8610314e-001
 5.8674580e-001
 5.8724505e-001
 5.8762753e-001
 5.8797324e-001
 5.8816427e-001
 5.8808738e-001
 5.8763725e-001
 5.8688748e-001
 5.8595401e-001
 5.8494818e-001
 5.8391750e-001
 5.8282107e-001
 5.8161831e-001
 5.8048862e-001
 5.7962286e-001
 5.7936567e-001
 5.7900631e-001
 5.7824826e-001
 5.7651913e-001
 5.7251990e-001
 5.6388563e-001
 5.4471093e-001
 5.0249374e-001
 5.1885015e-001
 4.5537442e-001
 3.7786299e-001
 3.5136881e-001
 3.7685576e-001
 4.0865630e-001
 4.3045446e-001
 4.4411626e-001
 4.5393401e-001
 4.6283010e-001
 4.7248554e-001
 4.8344037e-001
 4.9503240e-001
 5.0664884e-001
 5.1753932e-001
 5.2709657e-001
 5.3487700e-001
 5.4116923e-001
 5.4601377e-001
 5.4963052e-001
 5.5262446e-001
 5.5505067e-001
 5.5702776e-001
 5.5853581e-001
 5.5968648e-001
 5.6040460e-001
 5.6148547e-001
 5.6243938e-001
 5.6173199e-001
 5.5858487e-001
 5.5360234e-001
 5.4878575e-001
 5.4559088e-001
 5.4097527e-001
 5.3231710e-001
 5.2392381e-001
 5.2075678e-001
 5.1773971e-001
 5.0213599e-001
 4.6699813e-001
 4.2285389e-001
 3.9853692e-001
 4.1711199e-001
 4.5673868e-001
 4.8110172e-001
 4.8821896e-001
 4.8525602e-001
 4.7671539e-001
 4.6489236e-001
 4.5140964e-001
 4.3549192e-001
 4.1538817e-001
 4.0083769e-001
 3.9762849e-001
 4.0010557e-001
 4.0051094e-001
 3.9763555e-001
 3.9267978e-001
 3.8673413e-001
 3.8009608e-001
 3.7216204e-001
 3.6283702e-001
 3.5493484e-001
-1.2300000e+034
