s07_AV97 Record=2824: Rectorite RAr-1              NIC4bb AREF
-1.2300000e+034
-1.2300000e+034
-1.2300000e+034
-1.2300000e+034
-1.2300000e+034
-1.2300000e+034
-1.2300000e+034
-1.2300000e+034
-1.2300000e+034
-1.2300000e+034
-1.2300000e+034
-1.2300000e+034
-1.2300000e+034
-1.2300000e+034
-1.2300000e+034
-1.2300000e+034
-1.2300000e+034
-1.2300000e+034
-1.2300000e+034
-1.2300000e+034
-1.2300000e+034
-1.2300000e+034
-1.2300000e+034
-1.2300000e+034
-1.2300000e+034
-1.2300000e+034
-1.2300000e+034
-1.2300000e+034
-1.2300000e+034
-1.2300000e+034
-1.2300000e+034
-1.2300000e+034
-1.2300000e+034
-1.2300000e+034
-1.2300000e+034
-1.2300000e+034
-1.2300000e+034
-1.2300000e+034
-1.2300000e+034
-1.2300000e+034
-1.2300000e+034
-1.2300000e+034
-1.2300000e+034
-1.2300000e+034
-1.2300000e+034
-1.2300000e+034
-1.2300000e+034
-1.2300000e+034
-1.2300000e+034
-1.2300000e+034
-1.2300000e+034
-1.2300000e+034
-1.2300000e+034
-1.2300000e+034
-1.2300000e+034
-1.2300000e+034
-1.2300000e+034
-1.2300000e+034
-1.2300000e+034
-1.2300000e+034
-1.2300000e+034
-1.2300000e+034
-1.2300000e+034
-1.2300000e+034
-1.2300000e+034
-1.2300000e+034
-1.2300000e+034
-1.2300000e+034
-1.2300000e+034
-1.2300000e+034
-1.2300000e+034
-1.2300000e+034
-1.2300000e+034
-1.2300000e+034
-1.2300000e+034
-1.2300000e+034
-1.2300000e+034
-1.2300000e+034
-1.2300000e+034
-1.2300000e+034
-1.2300000e+034
-1.2300000e+034
-1.2300000e+034
-1.2300000e+034
-1.2300000e+034
-1.2300000e+034
-1.2300000e+034
-1.2300000e+034
-1.2300000e+034
-1.2300000e+034
-1.2300000e+034
-1.2300000e+034
-1.2300000e+034
-1.2300000e+034
-1.2300000e+034
-1.2300000e+034
-1.2300000e+034
-1.2300000e+034
-1.2300000e+034
-1.2300000e+034
-1.2300000e+034
-1.2300000e+034
-1.2300000e+034
-1.2300000e+034
-1.2300000e+034
-1.2300000e+034
-1.2300000e+034
-1.2300000e+034
-1.2300000e+034
-1.2300000e+034
 4.4637069e-001
 4.2795658e-001
 4.2763317e-001
 4.3256208e-001
 4.3275633e-001
 4.3151954e-001
 4.2976850e-001
 4.2806056e-001
 4.2747089e-001
 4.2847607e-001
 4.2989886e-001
 4.3144980e-001
 4.3328130e-001
 4.3509445e-001
 4.3706685e-001
 4.3959996e-001
 4.4225734e-001
 4.4514012e-001
 4.4760731e-001
 4.5004764e-001
 4.5255035e-001
 4.5548218e-001
 4.5849991e-001
 4.6149763e-001
 4.6422669e-001
 4.6659249e-001
 4.6873200e-001
 4.7088975e-001
 4.7336572e-001
 4.7590226e-001
 4.7818157e-001
 4.8006538e-001
 4.8161420e-001
 4.8293892e-001
 4.8419157e-001
 4.8577836e-001
 4.8743063e-001
 4.8896846e-001
 4.9032819e-001
 4.9117061e-001
 4.9152243e-001
 4.9182630e-001
 4.9199516e-001
 4.9233675e-001
 4.9295104e-001
 4.9355549e-001
 4.9473092e-001
 4.9497002e-001
 4.9318558e-001
 4.8968631e-001
 4.9129784e-001
 4.8267063e-001
 4.6924892e-001
 4.6601221e-001
 4.7260168e-001
 4.7989395e-001
 4.8481220e-001
 4.8792320e-001
 4.8969191e-001
 4.9056005e-001
 4.9094406e-001
 4.9122092e-001
 4.9163410e-001
 4.9251357e-001
 4.9360293e-001
 4.9465871e-001
 4.9567968e-001
 4.9641415e-001
 4.9666509e-001
 4.9668443e-001
 4.9607834e-001
 4.9488425e-001
 4.9355361e-001
 4.9250337e-001
 4.9126929e-001
 4.9010858e-001
 4.8838654e-001
 4.8481280e-001
 4.7548318e-001
 4.5943633e-001
 4.4721869e-001
 4.4486636e-001
 4.5362252e-001
 4.6336928e-001
 4.6894941e-001
 4.7271132e-001
 4.7361809e-001
 4.7353354e-001
 4.7323442e-001
 4.7301114e-001
 4.7254303e-001
 4.7069582e-001
 4.6697336e-001
 4.6262163e-001
 4.5777610e-001
 4.5262149e-001
 4.4884574e-001
 4.4534361e-001
 4.4219100e-001
 4.4149700e-001
 4.4279471e-001
 4.4389498e-001
 4.4300023e-001
 4.4031814e-001
 4.3601915e-001
 4.3005955e-001
 4.2567351e-001
 4.2528072e-001
 4.2529842e-001
 4.2434755e-001
 4.2194435e-001
 4.1947281e-001
 4.1827193e-001
 4.1804108e-001
