s07_AV97 Record=3166: Talc HS21.1B                 ASDFRb AREF
 7.1709883e-001
 7.3451507e-001
 7.4979872e-001
 7.6428717e-001
 7.7636731e-001
 7.8758144e-001
 7.9849076e-001
 8.0845147e-001
 8.1610346e-001
 8.2153529e-001
 8.2592314e-001
 8.3004814e-001
 8.3385867e-001
 8.3759087e-001
 8.4135067e-001
 8.4452051e-001
 8.4656107e-001
 8.4811121e-001
 8.4891701e-001
 8.4893060e-001
 8.4900552e-001
 8.5165232e-001
 8.5584700e-001
 8.5975415e-001
 8.6336797e-001
 8.6457121e-001
 8.6592007e-001
 8.6700517e-001
 8.6772668e-001
 8.6851180e-001
 8.6917156e-001
 8.6952609e-001
 8.6909461e-001
 8.6948204e-001
 8.6958843e-001
 8.6943722e-001
 8.6880714e-001
 8.6794233e-001
 8.6668104e-001
 8.6510712e-001
 8.6362100e-001
 8.6166018e-001
 8.5952437e-001
 8.5725880e-001
 8.5510921e-001
 8.5267979e-001
 8.5023057e-001
 8.4798801e-001
 8.4604234e-001
 8.4418797e-001
 8.4297341e-001
 8.4219807e-001
 8.4184122e-001
 8.4200799e-001
 8.4278959e-001
 8.4368718e-001
 8.4487653e-001
 8.4635890e-001
 8.4797347e-001
 8.4960574e-001
 8.5087925e-001
 8.5167062e-001
 8.4761608e-001
 8.5335046e-001
 8.5456043e-001
 8.5485500e-001
 8.5512966e-001
 8.5557961e-001
 8.5574567e-001
 8.5562116e-001
 8.5602617e-001
 8.5661703e-001
 8.5695851e-001
 8.5749781e-001
 8.5819912e-001
 8.5951823e-001
 8.6057907e-001
 8.6214858e-001
 8.6393237e-001
 8.6563760e-001
 8.6738557e-001
 8.6902976e-001
 8.7068146e-001
 8.7264985e-001
 8.7455016e-001
 8.7618488e-001
 8.7779659e-001
 8.7983650e-001
 8.8142598e-001
 8.8326114e-001
 8.8492697e-001
 8.8686180e-001
 8.8837820e-001
 8.8987219e-001
 8.9059597e-001
 8.8891155e-001
 8.9031249e-001
 8.9018327e-001
 8.8768250e-001
 8.9078891e-001
 8.9183527e-001
 8.9219916e-001
 8.9395702e-001
 8.9518058e-001
 8.9645451e-001
 8.9737886e-001
 8.9834291e-001
 8.9778501e-001
 8.9280713e-001
 8.5210121e-001
 7.9031545e-001
 8.5438085e-001
 8.7309235e-001
 8.7692285e-001
 8.7451315e-001
 8.7307757e-001
 8.7570739e-001
 8.8069803e-001
 8.8456810e-001
 8.8709271e-001
 8.8832521e-001
 8.8779616e-001
 8.8641119e-001
 8.8496578e-001
 8.8388342e-001
 8.8451123e-001
 8.8577455e-001
 8.8765240e-001
 8.8954371e-001
 8.9180416e-001
 8.9361334e-001
 8.9575881e-001
 8.9743787e-001
 8.9925039e-001
 9.0127379e-001
 9.0281832e-001
 9.0443093e-001
 9.0503424e-001
 9.0629953e-001
 9.0718865e-001
 9.0757543e-001
 9.0806442e-001
 9.0882683e-001
 9.0937990e-001
 9.0904891e-001
 9.0888631e-001
 9.0754235e-001
 9.0656507e-001
 9.0622532e-001
 9.0638214e-001
 9.0516084e-001
 9.0305930e-001
 9.0024900e-001
 8.9775908e-001
 8.9490592e-001
 8.9215016e-001
 8.8830185e-001
 8.8425976e-001
 8.7880003e-001
 8.7331206e-001
 8.7538743e-001
 8.7066329e-001
 8.6530286e-001
 8.6244655e-001
 8.6273837e-001
 8.6410403e-001
 8.6292684e-001
 8.6119646e-001
 8.5979170e-001
 8.5698026e-001
 8.5483587e-001
 8.5355121e-001
 8.5406917e-001
 8.5720229e-001
 8.6314040e-001
 8.7051165e-001
 8.7455297e-001
 8.7655479e-001
 8.7737226e-001
 8.7130606e-001
 8.6596096e-001
 8.6908221e-001
 8.6979675e-001
 8.6833310e-001
 8.6681688e-001
 8.6473525e-001
 8.6548883e-001
 8.6565208e-001
 8.6340636e-001
 8.5685402e-001
 8.5291928e-001
 8.5400146e-001
 8.5213214e-001
 8.4695584e-001
 8.3115017e-001
 8.0225396e-001
 7.7884209e-001
 7.6389760e-001
 7.6044422e-001
 7.4125040e-001
 6.8561268e-001
 6.0259002e-001
 5.9295857e-001
 5.2535909e-001
 5.5918843e-001
 6.5683955e-001
 7.1210039e-001
 7.2237158e-001
 7.2080761e-001
 7.0548040e-001
 6.7074305e-001
 6.4713490e-001
 6.8261111e-001
 7.4254227e-001
 7.4633068e-001
 7.3009008e-001
 7.2877175e-001
 7.2641307e-001
 7.1398735e-001
 7.0080280e-001
 7.2038698e-001
 7.2507948e-001
 7.1722031e-001
-1.2300000e+034
