s07_AV97 Record=2242: Muscovite GDS114 Marshall     BECKa AREF
 4.5225745e-001
 4.8007879e-001
 5.0999278e-001
 5.4104680e-001
 5.6528401e-001
 5.8111638e-001
 5.8755547e-001
 5.8717322e-001
 5.9371310e-001
 6.1744112e-001
 6.3052469e-001
 6.3989770e-001
 6.4747578e-001
 6.5310532e-001
 6.5559673e-001
 6.5841633e-001
 6.6078597e-001
 6.6246164e-001
 6.6337961e-001
 6.6432393e-001
 6.6540664e-001
 6.6629618e-001
 6.6753036e-001
 6.6870743e-001
 6.6960788e-001
 6.7211431e-001
 6.7420703e-001
 6.7535603e-001
 6.7630762e-001
 6.7700619e-001
 6.7930186e-001
 6.8130833e-001
 6.7887485e-001
 6.8115586e-001
 6.8220359e-001
 6.8493271e-001
 6.8732953e-001
 6.8910044e-001
 6.9080687e-001
 6.9319034e-001
 6.9444174e-001
 6.9619381e-001
 6.9793344e-001
 7.0050633e-001
 7.0132715e-001
 7.0243019e-001
 7.0372206e-001
 7.0366132e-001
 7.0431507e-001
 7.0392674e-001
 7.0319235e-001
 7.0321554e-001
 7.0227557e-001
 6.9959742e-001
 6.9816589e-001
 7.0006293e-001
 7.0041502e-001
 6.9934994e-001
 6.9821262e-001
 6.9780725e-001
 6.9886875e-001
 7.0234805e-001
 7.0104170e-001
 7.0220095e-001
 7.0535296e-001
 7.0869052e-001
 7.1147788e-001
 7.1348959e-001
 7.1303964e-001
 7.1499044e-001
 7.1592480e-001
 7.1641314e-001
 7.1672255e-001
 7.1920288e-001
 7.2065222e-001
 7.2010618e-001
 7.1896589e-001
 7.2197086e-001
 7.2188687e-001
 7.2405779e-001
 7.2551847e-001
 7.2540468e-001
 7.2806156e-001
 7.2814429e-001
 7.2990626e-001
 7.3087931e-001
 7.3390615e-001
 7.3665601e-001
 7.3666078e-001
 7.3826963e-001
 7.4134749e-001
 7.4510926e-001
 7.4648523e-001
 7.4702495e-001
 7.4937099e-001
 7.5235188e-001
 7.4815249e-001
 7.5118959e-001
 7.5346637e-001
 7.5447786e-001
 7.5612199e-001
 7.5551617e-001
 7.5606620e-001
 7.5788671e-001
 7.5944251e-001
 7.6270640e-001
 7.6409256e-001
 7.6434916e-001
 7.6065010e-001
 7.5363934e-001
 7.2417402e-001
 6.5424001e-001
 6.1332244e-001
 6.5110779e-001
 7.1081084e-001
 7.4877149e-001
 7.6117826e-001
 7.6477772e-001
 7.6781136e-001
 7.7084923e-001
 7.7381301e-001
 7.7574301e-001
 7.7778614e-001
 7.7993852e-001
 7.7984715e-001
 7.8391820e-001
 7.8400201e-001
 7.8577328e-001
 7.8536010e-001
 7.8563136e-001
 7.8690302e-001
 7.8639269e-001
 7.8652209e-001
 7.8690815e-001
 7.8630233e-001
 7.8859764e-001
 7.8924471e-001
 7.8936595e-001
 7.8976589e-001
 7.8982627e-001
 7.9013371e-001
 7.8736246e-001
 7.8982782e-001
 7.8777897e-001
 7.8814286e-001
 7.8780949e-001
 7.8688639e-001
 7.8619164e-001
 7.8545773e-001
 7.8697467e-001
 7.8610235e-001
 7.8418124e-001
 7.8196228e-001
 7.8289741e-001
 7.8018403e-001
 7.7551335e-001
 7.7454066e-001
 7.7297336e-001
 7.6989537e-001
 7.5548095e-001
 7.6144022e-001
 7.4424243e-001
 7.2915959e-001
 7.1211904e-001
 7.0494813e-001
 7.0872241e-001
 7.1353090e-001
 7.1565819e-001
 7.2134292e-001
 7.2746831e-001
 7.3331302e-001
 7.3647898e-001
 7.3900235e-001
 7.4523610e-001
 7.5141507e-001
 7.5195360e-001
 7.5309372e-001
 7.5396800e-001
 7.5446200e-001
 7.5624001e-001
 7.5464672e-001
 7.5313967e-001
 7.4567389e-001
 7.3786539e-001
 7.3130739e-001
 7.2897613e-001
 7.2826165e-001
 7.2165418e-001
 7.0767730e-001
 6.8450916e-001
 6.4501673e-001
 5.8339477e-001
 5.1989979e-001
 5.0007087e-001
 5.2867687e-001
 5.6362164e-001
 5.7565188e-001
 5.9988606e-001
 6.3543367e-001
 6.5411115e-001
 6.6025883e-001
 6.6319627e-001
 6.5633273e-001
 6.4096558e-001
 6.2164801e-001
 5.8869958e-001
 5.6211036e-001
 5.4660833e-001
 5.4281074e-001
 5.4471391e-001
 5.4238677e-001
 5.4286969e-001
 5.4276913e-001
 5.4063505e-001
 5.3470874e-001
 5.2409256e-001
 5.1339746e-001
 5.0808096e-001
 5.0822538e-001
 5.1188672e-001
 5.1742977e-001
 5.2390969e-001
 5.3056693e-001
 5.3677464e-001
