s07_AV97 Record=1259: Gaylussite NMNH102876-2     NIC4bbu RREF
-1.2300000e+034
-1.2300000e+034
-1.2300000e+034
-1.2300000e+034
-1.2300000e+034
-1.2300000e+034
-1.2300000e+034
-1.2300000e+034
-1.2300000e+034
-1.2300000e+034
-1.2300000e+034
-1.2300000e+034
-1.2300000e+034
-1.2300000e+034
-1.2300000e+034
-1.2300000e+034
-1.2300000e+034
-1.2300000e+034
-1.2300000e+034
-1.2300000e+034
-1.2300000e+034
-1.2300000e+034
-1.2300000e+034
-1.2300000e+034
-1.2300000e+034
-1.2300000e+034
-1.2300000e+034
-1.2300000e+034
-1.2300000e+034
-1.2300000e+034
-1.2300000e+034
-1.2300000e+034
-1.2300000e+034
-1.2300000e+034
-1.2300000e+034
-1.2300000e+034
-1.2300000e+034
-1.2300000e+034
-1.2300000e+034
-1.2300000e+034
-1.2300000e+034
-1.2300000e+034
-1.2300000e+034
-1.2300000e+034
-1.2300000e+034
-1.2300000e+034
-1.2300000e+034
-1.2300000e+034
-1.2300000e+034
-1.2300000e+034
-1.2300000e+034
-1.2300000e+034
-1.2300000e+034
-1.2300000e+034
-1.2300000e+034
-1.2300000e+034
-1.2300000e+034
-1.2300000e+034
-1.2300000e+034
-1.2300000e+034
-1.2300000e+034
-1.2300000e+034
-1.2300000e+034
-1.2300000e+034
-1.2300000e+034
-1.2300000e+034
-1.2300000e+034
-1.2300000e+034
-1.2300000e+034
-1.2300000e+034
-1.2300000e+034
-1.2300000e+034
-1.2300000e+034
-1.2300000e+034
-1.2300000e+034
-1.2300000e+034
-1.2300000e+034
-1.2300000e+034
-1.2300000e+034
-1.2300000e+034
-1.2300000e+034
-1.2300000e+034
-1.2300000e+034
-1.2300000e+034
-1.2300000e+034
-1.2300000e+034
-1.2300000e+034
-1.2300000e+034
-1.2300000e+034
-1.2300000e+034
-1.2300000e+034
-1.2300000e+034
-1.2300000e+034
-1.2300000e+034
-1.2300000e+034
-1.2300000e+034
-1.2300000e+034
-1.2300000e+034
-1.2300000e+034
-1.2300000e+034
-1.2300000e+034
-1.2300000e+034
-1.2300000e+034
-1.2300000e+034
-1.2300000e+034
-1.2300000e+034
-1.2300000e+034
-1.2300000e+034
-1.2300000e+034
-1.2300000e+034
-1.2300000e+034
-1.2300000e+034
-1.2300000e+034
-1.2300000e+034
-1.2300000e+034
-1.2300000e+034
-1.2300000e+034
 8.2941502e-002
 7.7938318e-002
 7.3388509e-002
 6.9997154e-002
 6.7636549e-002
 6.5452345e-002
 6.3503519e-002
 6.1628670e-002
 6.0004052e-002
 5.8873784e-002
 5.8355976e-002
 5.7896115e-002
 5.7911970e-002
 5.8258686e-002
 5.8542844e-002
 5.8591451e-002
 5.8661003e-002
 5.8521740e-002
 5.8026008e-002
 5.7203799e-002
 5.6149371e-002
 5.5016678e-002
 5.3851366e-002
 5.2813668e-002
 5.1840056e-002
 5.0691251e-002
 4.9568273e-002
 4.8603863e-002
 4.7733951e-002
 4.7103282e-002
 4.6602432e-002
 4.6076383e-002
 4.5685470e-002
 4.5641214e-002
 4.5851342e-002
 4.6241280e-002
 4.6639115e-002
 4.7176272e-002
 4.7406681e-002
 4.7451176e-002
 4.6834175e-002
 4.5868561e-002
 4.4620793e-002
 4.5065023e-002
 4.3583717e-002
 4.1920431e-002
 4.0396392e-002
 3.9303530e-002
 3.8401708e-002
 3.7700109e-002
 3.7022829e-002
 3.6502372e-002
 3.6164861e-002
 3.6193330e-002
 3.6355227e-002
 3.6562148e-002
 3.6645819e-002
 3.6815424e-002
 3.6962662e-002
 3.7143786e-002
 3.7261531e-002
 3.7437513e-002
 3.7516125e-002
 3.7603330e-002
 3.7690736e-002
 3.7677940e-002
 3.7596371e-002
 3.7654411e-002
 3.7798829e-002
 3.7856370e-002
 3.8087547e-002
 3.8212348e-002
 3.8437802e-002
 3.8881317e-002
 3.9371245e-002
 3.9899085e-002
 4.0450383e-002
 4.1093782e-002
 4.1545123e-002
 4.1401479e-002
 4.1443691e-002
 4.0828340e-002
 4.0518224e-002
 3.9915096e-002
 3.9263494e-002
 3.8705934e-002
 3.8069990e-002
 3.7540432e-002
 3.7120216e-002
 3.6889780e-002
 3.6605760e-002
 3.6128797e-002
 3.5749245e-002
 3.5239898e-002
 3.4656763e-002
 3.4054615e-002
 3.3316631e-002
 3.2507770e-002
 3.1909741e-002
 3.1335536e-002
 3.0993205e-002
 3.0724199e-002
 3.0662039e-002
 3.0667916e-002
 3.0534586e-002
 3.0375954e-002
 3.0153237e-002
