s07_AV97 Record=362: Andradite HS111.3B Garnet   NIC4bbb RREF
-1.2300000e+034
-1.2300000e+034
-1.2300000e+034
-1.2300000e+034
-1.2300000e+034
-1.2300000e+034
-1.2300000e+034
-1.2300000e+034
-1.2300000e+034
-1.2300000e+034
-1.2300000e+034
-1.2300000e+034
-1.2300000e+034
-1.2300000e+034
-1.2300000e+034
-1.2300000e+034
-1.2300000e+034
-1.2300000e+034
-1.2300000e+034
-1.2300000e+034
-1.2300000e+034
-1.2300000e+034
-1.2300000e+034
-1.2300000e+034
-1.2300000e+034
-1.2300000e+034
-1.2300000e+034
-1.2300000e+034
-1.2300000e+034
-1.2300000e+034
-1.2300000e+034
-1.2300000e+034
-1.2300000e+034
-1.2300000e+034
-1.2300000e+034
-1.2300000e+034
-1.2300000e+034
-1.2300000e+034
-1.2300000e+034
-1.2300000e+034
-1.2300000e+034
-1.2300000e+034
-1.2300000e+034
-1.2300000e+034
-1.2300000e+034
-1.2300000e+034
-1.2300000e+034
-1.2300000e+034
-1.2300000e+034
-1.2300000e+034
-1.2300000e+034
-1.2300000e+034
-1.2300000e+034
-1.2300000e+034
-1.2300000e+034
-1.2300000e+034
-1.2300000e+034
-1.2300000e+034
-1.2300000e+034
-1.2300000e+034
-1.2300000e+034
-1.2300000e+034
-1.2300000e+034
-1.2300000e+034
-1.2300000e+034
-1.2300000e+034
-1.2300000e+034
-1.2300000e+034
-1.2300000e+034
-1.2300000e+034
-1.2300000e+034
-1.2300000e+034
-1.2300000e+034
-1.2300000e+034
-1.2300000e+034
-1.2300000e+034
-1.2300000e+034
-1.2300000e+034
-1.2300000e+034
-1.2300000e+034
-1.2300000e+034
-1.2300000e+034
-1.2300000e+034
-1.2300000e+034
-1.2300000e+034
-1.2300000e+034
-1.2300000e+034
-1.2300000e+034
-1.2300000e+034
-1.2300000e+034
-1.2300000e+034
-1.2300000e+034
-1.2300000e+034
-1.2300000e+034
-1.2300000e+034
-1.2300000e+034
-1.2300000e+034
-1.2300000e+034
-1.2300000e+034
-1.2300000e+034
-1.2300000e+034
-1.2300000e+034
-1.2300000e+034
-1.2300000e+034
-1.2300000e+034
-1.2300000e+034
-1.2300000e+034
-1.2300000e+034
-1.2300000e+034
-1.2300000e+034
-1.2300000e+034
-1.2300000e+034
-1.2300000e+034
-1.2300000e+034
-1.2300000e+034
-1.2300000e+034
-1.2300000e+034
-1.2300000e+034
-1.2300000e+034
-1.2300000e+034
-1.2300000e+034
-1.2300000e+034
-1.2300000e+034
-1.2300000e+034
-1.2300000e+034
-1.2300000e+034
-1.2300000e+034
-1.2300000e+034
-1.2300000e+034
-1.2300000e+034
-1.2300000e+034
-1.2300000e+034
 7.0722359e-001
 7.0846981e-001
 7.0961040e-001
 7.1087337e-001
 7.1180534e-001
 7.1330774e-001
 7.1468902e-001
 7.1608287e-001
 7.1726984e-001
 7.1794796e-001
 7.1876776e-001
 7.1967161e-001
 7.2082180e-001
 7.2217208e-001
 7.2355574e-001
 7.2476673e-001
 7.2577876e-001
 7.2625846e-001
 7.2693479e-001
 7.2789764e-001
 7.2906810e-001
 7.3068166e-001
 7.3216075e-001
 7.3345315e-001
 7.3446745e-001
 7.3502374e-001
 7.3554856e-001
 7.3526555e-001
 7.3535538e-001
 7.3512542e-001
 7.3454207e-001
 7.3359114e-001
 7.3298305e-001
 7.3306465e-001
 7.3360258e-001
 7.3442096e-001
 7.3517132e-001
 7.3592943e-001
 7.3693424e-001
 7.3831046e-001
 7.3970962e-001
 7.4150360e-001
 7.4345559e-001
 7.4508852e-001
 7.4633461e-001
 7.4762291e-001
 7.4842620e-001
 7.4885464e-001
 7.4899077e-001
 7.4940127e-001
 7.5006384e-001
 7.5072259e-001
 7.5148636e-001
 7.5208509e-001
 7.5226545e-001
 7.5190234e-001
 7.5043809e-001
 7.4765915e-001
 7.4374062e-001
 7.3877513e-001
 7.3383379e-001
 7.2671533e-001
 7.1797669e-001
 7.1133000e-001
 7.0699573e-001
 7.0751810e-001
 7.0855761e-001
 7.1047711e-001
 7.1182752e-001
 7.1076906e-001
 7.1501720e-001
 7.1235603e-001
 7.0783204e-001
 7.0887119e-001
 7.1018380e-001
 7.0709544e-001
 6.9778562e-001
 6.8430322e-001
 6.6813987e-001
 6.5056586e-001
 6.4302450e-001
 6.4648283e-001
 6.5073794e-001
 6.5427834e-001
 6.5511036e-001
 6.5296996e-001
 6.4723766e-001
 6.4131773e-001
 6.3562727e-001
 6.3344640e-001
 6.3273245e-001
 6.2967783e-001
