s07_AV97 Record=574: Beryl HS180.6                ASDFRa AREF
 3.6749119e-001
 3.8861519e-001
 4.0767893e-001
 4.2701653e-001
 4.4646636e-001
 4.5906708e-001
 4.6895462e-001
 4.8946023e-001
 5.0962335e-001
 5.2107942e-001
 5.3225297e-001
 5.4009789e-001
 5.4099172e-001
 5.3912163e-001
 5.3829283e-001
 5.3446186e-001
 5.3101724e-001
 5.2708226e-001
 5.3114635e-001
 5.2753031e-001
 5.1959890e-001
 5.1580274e-001
 5.1596457e-001
 5.1183051e-001
 5.0517815e-001
 4.9300990e-001
 4.7503886e-001
 4.5214093e-001
 4.2367527e-001
 3.9149827e-001
 3.5822552e-001
 3.2635725e-001
 3.6353606e-001
 3.3223119e-001
 3.0343774e-001
 2.7703169e-001
 2.5295383e-001
 2.3170215e-001
 2.1400803e-001
 1.9912988e-001
 1.8667939e-001
 1.7647263e-001
 1.6811080e-001
 1.6134460e-001
 1.5579289e-001
 1.5123186e-001
 1.4786683e-001
 1.4565925e-001
 1.4425868e-001
 1.4403974e-001
 1.4489831e-001
 1.4715527e-001
 1.5016195e-001
 1.5414767e-001
 1.5958442e-001
 1.6643748e-001
 1.7444301e-001
 1.8377246e-001
 1.9458732e-001
 2.0688784e-001
 2.2179276e-001
 2.3731765e-001
 2.5336835e-001
 2.6615521e-001
 2.9290822e-001
 3.1307423e-001
 3.3577865e-001
 3.5442340e-001
 3.7047777e-001
 3.8480419e-001
 3.9907464e-001
 4.1051546e-001
 4.2326754e-001
 4.3487495e-001
 4.4765085e-001
 4.6006680e-001
 4.7068128e-001
 4.8255795e-001
 4.9179026e-001
 4.9204919e-001
 4.7584954e-001
 4.8095006e-001
 4.3907961e-001
 4.4011882e-001
 5.0649339e-001
 5.2589655e-001
 5.4255646e-001
 5.5195069e-001
 5.5460483e-001
 5.6410396e-001
 5.6977928e-001
 5.7456946e-001
 5.7780194e-001
 5.8037126e-001
 5.8203614e-001
 5.8280247e-001
 5.8117473e-001
 5.8250403e-001
 5.8280015e-001
 5.8242559e-001
 5.8051121e-001
 5.7686132e-001
 5.6720591e-001
 5.4832470e-001
 5.1703018e-001
 4.7483969e-001
 3.8932896e-001
 2.9407915e-001
 2.8077078e-001
 2.9554188e-001
 2.2436254e-001
 1.7476563e-001
 2.1280657e-001
 2.6337546e-001
 3.0022529e-001
 3.4443483e-001
 3.7700254e-001
 3.3335876e-001
 3.7740406e-001
 4.5350036e-001
 4.7350711e-001
 4.8213303e-001
 4.9535787e-001
 5.1126868e-001
 5.1935071e-001
 5.2286041e-001
 5.2510911e-001
 5.2573007e-001
 5.2490824e-001
 5.2326012e-001
 5.2198541e-001
 5.2099293e-001
 5.1934332e-001
 5.1732439e-001
 5.1453358e-001
 5.1096308e-001
 5.0655729e-001
 5.0103623e-001
 4.9424058e-001
 4.8704815e-001
 4.7699073e-001
 4.6739221e-001
 4.5896590e-001
 4.4996932e-001
 4.3982539e-001
 4.2913595e-001
 4.1559151e-001
 3.9596650e-001
 3.6966747e-001
 3.3929053e-001
 3.1044096e-001
 2.8431159e-001
 2.3960677e-001
 1.9119000e-001
 1.7439702e-001
 1.7488775e-001
 1.8491229e-001
 1.8727213e-001
 1.7602476e-001
 1.5077950e-001
 1.6343014e-001
 1.2532121e-001
 1.0976924e-001
 1.4818512e-001
 1.7132497e-001
 1.8209109e-001
 1.8769996e-001
 1.8473920e-001
 1.8500046e-001
 1.9337755e-001
 2.1536836e-001
 2.4428721e-001
 2.6094666e-001
 2.6809070e-001
 2.7241075e-001
 2.7435705e-001
 2.6983705e-001
 2.5665966e-001
 2.5820750e-001
 2.6207572e-001
 2.6090091e-001
 2.6736641e-001
 2.7623624e-001
 2.7994117e-001
 2.8213531e-001
 2.8289664e-001
 2.7732691e-001
 2.6540962e-001
 2.7071369e-001
 2.7954531e-001
 2.8207701e-001
 2.8024787e-001
 2.7782223e-001
 2.9065737e-001
 3.0365929e-001
 3.1095394e-001
 3.1350100e-001
 3.1262371e-001
 3.0875343e-001
 3.0279553e-001
 2.9577258e-001
 2.9112461e-001
 2.8471202e-001
 2.7288485e-001
 2.6225030e-001
 2.4903187e-001
 2.3923904e-001
 2.3345689e-001
 2.2789279e-001
 2.2235283e-001
 2.1758528e-001
 2.1430391e-001
 2.1044669e-001
 2.0315932e-001
 1.9415060e-001
 1.8560171e-001
 1.7508589e-001
 1.6396293e-001
 1.5417072e-001
 1.4517221e-001
 1.3675024e-001
 1.2867296e-001
 1.2086449e-001
-1.2300000e+034
