s07_AV97 Record=1351: Grossular NMNH155371 Garnet   BECKb AREF
 5.7170648e-002
 6.6464193e-002
 8.3629116e-002
 1.0064787e-001
 1.0505226e-001
 1.0570198e-001
 1.0158336e-001
 1.0468972e-001
 1.1377210e-001
 1.1673683e-001
 1.2042747e-001
 1.2685089e-001
 1.3562053e-001
 1.4740925e-001
 1.5966679e-001
 1.7328401e-001
 1.8533640e-001
 2.0156547e-001
 2.1815401e-001
 2.3691073e-001
 2.5810370e-001
 2.7840325e-001
 2.9778770e-001
 3.1917381e-001
 3.4125745e-001
 3.6268413e-001
 3.8505337e-001
 4.0675285e-001
 4.2748258e-001
 4.4617084e-001
 4.6463105e-001
 4.8190546e-001
 4.6174029e-001
 4.7862089e-001
 4.9376813e-001
 5.0794214e-001
 5.2233952e-001
 5.3530657e-001
 5.4779601e-001
 5.5998927e-001
 5.6741250e-001
 5.7413125e-001
 5.7996666e-001
 5.8427072e-001
 5.8863848e-001
 5.8907229e-001
 5.8858436e-001
 5.8596689e-001
 5.8516461e-001
 5.8099103e-001
 5.7679290e-001
 5.7585615e-001
 5.7048112e-001
 5.6496072e-001
 5.6383306e-001
 5.6450295e-001
 5.6591904e-001
 5.6888127e-001
 5.6949699e-001
 5.7556713e-001
 5.7985157e-001
 5.8229727e-001
 5.8513045e-001
 5.9085125e-001
 5.9291136e-001
 5.9601766e-001
 5.9542662e-001
 5.9600800e-001
 5.9475136e-001
 5.9157991e-001
 5.8826667e-001
 5.7993311e-001
 5.7407314e-001
 5.6589711e-001
 5.5603737e-001
 5.4606932e-001
 5.3316414e-001
 5.2319813e-001
 5.1248169e-001
 5.0177544e-001
 4.9334985e-001
 4.8216268e-001
 4.7501871e-001
 4.6626806e-001
 4.5724854e-001
 4.4964448e-001
 4.4042769e-001
 4.3850687e-001
 4.3534565e-001
 4.2912915e-001
 4.2721364e-001
 4.2775878e-001
 4.2826322e-001
 4.2865357e-001
 4.3103224e-001
 4.3365490e-001
 4.2959258e-001
 4.3196246e-001
 4.3623790e-001
 4.4242582e-001
 4.4801277e-001
 4.5716211e-001
 4.6470490e-001
 4.7148898e-001
 4.8697177e-001
 5.0055015e-001
 5.1184279e-001
 5.2697843e-001
 5.3895825e-001
 5.4917324e-001
 5.5720371e-001
 5.6176013e-001
 5.7503706e-001
 5.8274537e-001
 5.9594822e-001
 6.0123521e-001
 6.1038852e-001
 6.2158030e-001
 6.2183201e-001
 6.2439924e-001
 6.2598217e-001
 6.2446898e-001
 6.2174350e-001
 6.2036592e-001
 6.1601865e-001
 6.1303711e-001
 6.0812175e-001
 6.0578275e-001
 6.0395849e-001
 6.0295385e-001
 5.9739965e-001
 5.9186035e-001
 5.9119904e-001
 5.8610016e-001
 5.8537811e-001
 5.8219343e-001
 5.7708371e-001
 5.7571256e-001
 5.7224709e-001
 5.6808645e-001
 5.6331915e-001
 5.6886011e-001
 5.6097025e-001
 5.5623573e-001
 5.5703872e-001
 5.5225307e-001
 5.5561948e-001
 5.5085361e-001
 5.5359751e-001
 5.5080867e-001
 5.5053163e-001
 5.5166715e-001
 5.5292994e-001
 5.5127519e-001
 5.5137193e-001
 5.5463022e-001
 5.6158859e-001
 5.6143481e-001
 5.6160539e-001
 5.6322652e-001
 5.6306219e-001
 5.6337970e-001
 5.6397146e-001
 5.6608540e-001
 5.7024163e-001
 5.7165909e-001
 5.7104284e-001
 5.7200366e-001
 5.7722116e-001
 5.8318734e-001
 5.8604234e-001
 5.9171844e-001
 5.9756547e-001
 6.0149020e-001
 6.0163325e-001
 6.0129094e-001
 6.0726041e-001
 6.1000353e-001
 6.1229861e-001
 6.1426705e-001
 6.1415440e-001
 6.1807388e-001
 6.2050074e-001
 6.2418824e-001
 6.2604386e-001
 6.2294120e-001
 6.2094301e-001
 6.1991841e-001
 6.1621833e-001
 6.0999614e-001
 6.0585171e-001
 5.9476644e-001
 5.8363056e-001
 5.7832378e-001
 5.7982349e-001
 5.7893789e-001
 5.6719005e-001
 5.5601299e-001
 5.4272735e-001
 5.4122579e-001
 5.4902589e-001
 5.5446565e-001
 5.6432825e-001
 5.6803954e-001
 5.5604303e-001
 5.3914100e-001
 5.2505785e-001
 5.1737589e-001
 4.9065641e-001
 4.8568881e-001
 4.9813059e-001
 4.9947456e-001
 5.1221490e-001
 5.1726270e-001
 5.1355660e-001
 5.1059091e-001
 5.0938243e-001
 5.0866717e-001
 5.0759178e-001
 5.0507694e-001
 5.0083321e-001
 4.9622554e-001
 4.9296269e-001
 4.9210593e-001
