s07_AV97 Record=819: Chromite HS281.2B            ASDFRc AREF
 5.8590755e-002
 5.8689494e-002
 5.9926357e-002
 6.1605822e-002
 6.3405067e-002
 6.5943651e-002
 6.9213465e-002
 7.2998859e-002
 7.6071419e-002
 7.7839613e-002
 7.9200961e-002
 8.0771752e-002
 8.2894258e-002
 8.5632332e-002
 8.8723086e-002
 9.1992334e-002
 9.5326878e-002
 9.8593831e-002
 1.0155979e-001
 1.0424613e-001
 1.0680332e-001
 1.0945479e-001
 1.1225760e-001
 1.1517044e-001
 1.1852615e-001
 1.2202926e-001
 1.2581807e-001
 1.2919313e-001
 1.3156554e-001
 1.3326153e-001
 1.3471422e-001
 1.3604107e-001
 1.3448396e-001
 1.3581774e-001
 1.3675874e-001
 1.3743913e-001
 1.3835508e-001
 1.3937941e-001
 1.4060056e-001
 1.4208029e-001
 1.4375062e-001
 1.4567296e-001
 1.4784476e-001
 1.5038325e-001
 1.5305313e-001
 1.5594141e-001
 1.5887067e-001
 1.6197507e-001
 1.6529202e-001
 1.6892920e-001
 1.7277755e-001
 1.7691325e-001
 1.8133388e-001
 1.8592824e-001
 1.9085798e-001
 1.9599241e-001
 2.0142034e-001
 2.0694397e-001
 2.1259145e-001
 2.1863183e-001
 2.2475110e-001
 2.3097955e-001
 2.3733816e-001
 2.4410996e-001
 2.5094220e-001
 2.5797567e-001
 2.6517045e-001
 2.7239171e-001
 2.7956459e-001
 2.8697103e-001
 2.9433969e-001
 3.0043080e-001
 3.0750471e-001
 3.1357461e-001
 3.2005286e-001
 3.2646874e-001
 3.3194005e-001
 3.3817273e-001
 3.4395659e-001
 3.4888062e-001
 3.5412180e-001
 3.5831696e-001
 3.6313698e-001
 3.6754605e-001
 3.7131467e-001
 3.7510198e-001
 3.7856030e-001
 3.8225210e-001
 3.8587657e-001
 3.8921630e-001
 3.9282370e-001
 3.9608458e-001
 3.9885303e-001
 4.0203360e-001
 4.0472138e-001
 4.0752590e-001
 4.0317065e-001
 4.0622342e-001
 4.0889305e-001
 4.1185910e-001
 4.1478908e-001
 4.1773304e-001
 4.2102838e-001
 4.2426381e-001
 4.2707989e-001
 4.2901593e-001
 4.3039715e-001
 4.3123671e-001
 4.3144661e-001
 4.2161372e-001
 4.1200957e-001
 4.2169872e-001
 4.1986737e-001
 4.1867724e-001
 4.1412362e-001
 4.0979332e-001
 4.0650105e-001
 4.0223584e-001
 3.9677534e-001
 3.9005223e-001
 3.8270482e-001
 3.7449518e-001
 3.6568701e-001
 3.5669017e-001
 3.4773922e-001
 3.3882231e-001
 3.3030069e-001
 3.2159650e-001
 3.1310579e-001
 3.0494297e-001
 2.9666790e-001
 2.8871080e-001
 2.8095797e-001
 2.7340183e-001
 2.6642606e-001
 2.5959110e-001
 2.5290573e-001
 2.4653725e-001
 2.4011116e-001
 2.3471673e-001
 2.2892398e-001
 2.2333491e-001
 2.1815926e-001
 2.1301541e-001
 2.0801708e-001
 2.0314921e-001
 1.9866866e-001
 1.9410382e-001
 1.9004014e-001
 1.8615648e-001
 1.8258142e-001
 1.7874919e-001
 1.7524618e-001
 1.7169136e-001
 1.6869886e-001
 1.6586073e-001
 1.6322750e-001
 1.6059662e-001
 1.5802391e-001
 1.5602869e-001
 1.5687610e-001
 1.5454701e-001
 1.5239026e-001
 1.5065156e-001
 1.4891630e-001
 1.4748019e-001
 1.4593850e-001
 1.4455020e-001
 1.4304262e-001
 1.4174943e-001
 1.4061905e-001
 1.3944034e-001
 1.3853160e-001
 1.3803709e-001
 1.3780256e-001
 1.3778721e-001
 1.3779545e-001
 1.3762905e-001
 1.3742222e-001
 1.3729532e-001
 1.3734025e-001
 1.3704254e-001
 1.3677706e-001
 1.3631038e-001
 1.3602893e-001
 1.3568243e-001
 1.3543129e-001
 1.3508305e-001
 1.3474213e-001
 1.3451251e-001
 1.3412650e-001
 1.3392711e-001
 1.3374177e-001
 1.3317412e-001
 1.3237432e-001
 1.3130210e-001
 1.2944514e-001
 1.2825328e-001
 1.2816007e-001
 1.2786187e-001
 1.2764834e-001
 1.2670334e-001
 1.2608202e-001
 1.2635262e-001
 1.2546681e-001
 1.2544082e-001
 1.2636553e-001
 1.2829123e-001
 1.2993366e-001
 1.3156040e-001
 1.3223432e-001
 1.3322638e-001
 1.3420850e-001
 1.3556260e-001
 1.3672212e-001
 1.3632324e-001
 1.3609208e-001
 1.3551253e-001
 1.3552883e-001
 1.3411267e-001
 1.3492236e-001
 1.3700099e-001
 1.3811648e-001
-1.2300000e+034
