s07_AV97 Record=1201: Fluorapatite_REE WS418 xtl   ASDFRc AREF
 7.7286139e-002
 7.6397158e-002
 7.7098295e-002
 7.8164123e-002
 8.0159441e-002
 8.3072208e-002
 8.7168753e-002
 9.2111610e-002
 9.7799011e-002
 1.0428933e-001
 1.1018001e-001
 1.1594643e-001
 1.2256210e-001
 1.2796694e-001
 1.2932833e-001
 1.2966935e-001
 1.2951012e-001
 1.3833810e-001
 1.4337009e-001
 1.4487970e-001
 1.4018388e-001
 1.2006681e-001
 1.2115034e-001
 1.3556035e-001
 1.4522761e-001
 1.5048604e-001
 1.5148732e-001
 1.5246265e-001
 1.5391544e-001
 1.5634863e-001
 1.5932861e-001
 1.6118577e-001
 1.5889627e-001
 1.6096002e-001
 1.6253799e-001
 1.6810203e-001
 1.7425202e-001
 1.8024975e-001
 1.8481120e-001
 1.7342174e-001
 1.4922497e-001
 1.4615469e-001
 1.7504996e-001
 1.9479759e-001
 2.0162195e-001
 1.9142397e-001
 1.5344605e-001
 1.4567196e-001
 1.8334222e-001
 2.0652702e-001
 2.1920080e-001
 2.2620499e-001
 2.2315894e-001
 2.1322912e-001
 2.1597686e-001
 2.2836593e-001
 2.4234360e-001
 2.5204134e-001
 2.5893709e-001
 2.6301929e-001
 2.6749119e-001
 2.7204350e-001
 2.7700713e-001
 2.8314960e-001
 2.8839776e-001
 2.9364336e-001
 2.9939178e-001
 3.0406955e-001
 3.0795804e-001
 3.1207606e-001
 3.1623885e-001
 3.2057673e-001
 3.3103019e-001
 3.4939373e-001
 3.4376532e-001
 3.2850328e-001
 3.2343704e-001
 3.2534596e-001
 3.2741943e-001
 3.3059719e-001
 3.3502504e-001
 3.4317440e-001
 3.7158358e-001
 4.0521842e-001
 4.1670346e-001
 3.8381013e-001
 3.7019426e-001
 3.6645103e-001
 3.6505648e-001
 3.6434847e-001
 3.5564110e-001
 3.4233981e-001
 3.4101841e-001
 3.4775698e-001
 3.5481295e-001
 3.6337993e-001
 3.5072228e-001
 3.5942176e-001
 3.6595190e-001
 3.6812285e-001
 3.6859566e-001
 3.6904901e-001
 3.6876038e-001
 3.6965153e-001
 3.6953267e-001
 3.6397853e-001
 3.5996869e-001
 3.5461813e-001
 3.4557036e-001
 3.3609450e-001
 3.3028367e-001
 3.2705846e-001
 3.2096440e-001
 3.1286451e-001
 2.9920521e-001
 2.9294845e-001
 2.9767513e-001
 3.0162200e-001
 3.0034977e-001
 2.9567644e-001
 2.9005492e-001
 2.8780231e-001
 2.8570610e-001
 2.8602585e-001
 2.8723848e-001
 2.8906041e-001
 2.9339403e-001
 2.9978040e-001
 3.0275348e-001
 3.0507910e-001
 3.1469381e-001
 3.2516918e-001
 3.3324465e-001
 3.4014079e-001
 3.4623793e-001
 3.5130030e-001
 3.5550135e-001
 3.5903022e-001
 3.6184740e-001
 3.6336857e-001
 3.6480793e-001
 3.6516646e-001
 3.6300567e-001
 3.6174500e-001
 3.6541441e-001
 3.6695549e-001
 3.6622426e-001
 3.6479512e-001
 3.6381802e-001
 3.6373609e-001
 3.6325759e-001
 3.6199367e-001
 3.6065066e-001
 3.5872793e-001
 3.5569221e-001
 3.5148734e-001
 3.4746093e-001
 3.4275931e-001
 3.3676594e-001
 3.3118665e-001
 3.3320075e-001
 3.2777947e-001
 3.1934482e-001
 3.0977672e-001
 3.0247217e-001
 2.9653901e-001
 2.9220325e-001
 2.9066333e-001
 2.8992507e-001
 2.8938973e-001
 2.8849792e-001
 2.8542435e-001
 2.8427747e-001
 2.9342487e-001
 3.0492020e-001
 3.1429106e-001
 3.2138118e-001
 3.2658905e-001
 3.3053690e-001
 3.3366984e-001
 3.3621383e-001
 3.3792323e-001
 3.3881623e-001
 3.3867082e-001
 3.3823669e-001
 3.3661550e-001
 3.3359909e-001
 3.2994279e-001
 3.2795271e-001
 3.2799497e-001
 3.2858360e-001
 3.2898930e-001
 3.2865468e-001
 3.2692951e-001
 3.2367164e-001
 3.2016486e-001
 3.1530294e-001
 3.1128144e-001
 3.0662581e-001
 3.0015558e-001
 2.9061380e-001
 2.7823508e-001
 2.6454446e-001
 2.5105640e-001
 2.4622197e-001
 2.4088834e-001
 2.3072885e-001
 2.2671190e-001
 2.2276336e-001
 2.2568157e-001
 2.2924843e-001
 2.3345719e-001
 2.3524228e-001
 2.3478821e-001
 2.3192765e-001
 2.2775929e-001
 2.2338548e-001
 2.2003444e-001
 2.1814261e-001
 2.1621475e-001
 2.1416348e-001
 2.1054149e-001
 2.0552093e-001
-1.2300000e+034
