s07_AV97 Record=715: Carnallite NMNH98011        NIC4bbu RREF
-1.2300000e+034
-1.2300000e+034
-1.2300000e+034
-1.2300000e+034
-1.2300000e+034
-1.2300000e+034
-1.2300000e+034
-1.2300000e+034
-1.2300000e+034
-1.2300000e+034
-1.2300000e+034
-1.2300000e+034
-1.2300000e+034
-1.2300000e+034
-1.2300000e+034
-1.2300000e+034
-1.2300000e+034
-1.2300000e+034
-1.2300000e+034
-1.2300000e+034
-1.2300000e+034
-1.2300000e+034
-1.2300000e+034
-1.2300000e+034
-1.2300000e+034
-1.2300000e+034
-1.2300000e+034
-1.2300000e+034
-1.2300000e+034
-1.2300000e+034
-1.2300000e+034
-1.2300000e+034
-1.2300000e+034
-1.2300000e+034
-1.2300000e+034
-1.2300000e+034
-1.2300000e+034
-1.2300000e+034
-1.2300000e+034
-1.2300000e+034
-1.2300000e+034
-1.2300000e+034
-1.2300000e+034
-1.2300000e+034
-1.2300000e+034
-1.2300000e+034
-1.2300000e+034
-1.2300000e+034
-1.2300000e+034
-1.2300000e+034
-1.2300000e+034
-1.2300000e+034
-1.2300000e+034
-1.2300000e+034
-1.2300000e+034
-1.2300000e+034
-1.2300000e+034
-1.2300000e+034
-1.2300000e+034
-1.2300000e+034
-1.2300000e+034
-1.2300000e+034
-1.2300000e+034
-1.2300000e+034
-1.2300000e+034
-1.2300000e+034
-1.2300000e+034
-1.2300000e+034
-1.2300000e+034
-1.2300000e+034
-1.2300000e+034
-1.2300000e+034
-1.2300000e+034
-1.2300000e+034
-1.2300000e+034
-1.2300000e+034
-1.2300000e+034
-1.2300000e+034
-1.2300000e+034
-1.2300000e+034
-1.2300000e+034
-1.2300000e+034
-1.2300000e+034
-1.2300000e+034
-1.2300000e+034
-1.2300000e+034
-1.2300000e+034
-1.2300000e+034
-1.2300000e+034
-1.2300000e+034
-1.2300000e+034
-1.2300000e+034
-1.2300000e+034
-1.2300000e+034
-1.2300000e+034
-1.2300000e+034
-1.2300000e+034
-1.2300000e+034
-1.2300000e+034
-1.2300000e+034
-1.2300000e+034
-1.2300000e+034
-1.2300000e+034
-1.2300000e+034
-1.2300000e+034
-1.2300000e+034
-1.2300000e+034
-1.2300000e+034
-1.2300000e+034
-1.2300000e+034
-1.2300000e+034
-1.2300000e+034
-1.2300000e+034
-1.2300000e+034
-1.2300000e+034
-1.2300000e+034
-1.2300000e+034
 3.2011950e-001
 3.0918667e-001
 3.0322489e-001
 2.9808009e-001
 2.9437366e-001
 2.9094779e-001
 2.8764039e-001
 2.8886008e-001
 2.9591322e-001
 3.0646601e-001
 3.1864941e-001
 3.3081394e-001
 3.4229812e-001
 3.5306454e-001
 3.6333159e-001
 3.7244314e-001
 3.8064331e-001
 3.8796893e-001
 3.9423540e-001
 3.9958626e-001
 4.0423045e-001
 4.0799442e-001
 4.1037187e-001
 4.1075069e-001
 4.0848094e-001
 4.0289664e-001
 3.9325979e-001
 3.7953958e-001
 3.6272657e-001
 3.4824604e-001
 3.4181538e-001
 3.4278032e-001
 3.4685791e-001
 3.5102588e-001
 3.5565540e-001
 3.6204457e-001
 3.6975643e-001
 3.7804797e-001
 3.8593552e-001
 3.9117604e-001
 3.9142832e-001
 3.8533938e-001
 3.6935452e-001
 3.7563089e-001
 3.5043871e-001
 3.1118014e-001
 2.7158234e-001
 2.4327597e-001
 2.1978775e-001
 1.9719009e-001
 1.7457245e-001
 1.5319115e-001
 1.3521872e-001
 1.2312928e-001
 1.2878628e-001
 1.5804808e-001
 1.9566983e-001
 2.3010920e-001
 2.5943932e-001
 2.8373599e-001
 3.0341429e-001
 3.1805620e-001
 3.2612836e-001
 3.2926419e-001
 3.2987416e-001
 3.2897243e-001
 3.2764176e-001
 3.2658026e-001
 3.2585782e-001
 3.2464957e-001
 3.2201576e-001
 3.1795716e-001
 3.1233209e-001
 3.0524713e-001
 2.9686624e-001
 2.8810227e-001
 2.7965713e-001
 2.7174708e-001
 2.6458174e-001
 2.5848076e-001
 2.5386298e-001
 2.5108281e-001
 2.5026718e-001
 2.5118503e-001
 2.5347653e-001
 2.5686717e-001
 2.6068944e-001
 2.6404545e-001
 2.6570454e-001
 2.6508531e-001
 2.6088372e-001
 2.5291488e-001
 2.4116853e-001
 2.2605200e-001
 2.0934600e-001
 1.9123115e-001
 1.7301242e-001
 1.5570213e-001
 1.4085518e-001
 1.2977220e-001
 1.2356927e-001
 1.2188059e-001
 1.2347538e-001
 1.2729774e-001
 1.3238896e-001
 1.3698882e-001
 1.3944970e-001
