s07_AV97 Record=652: Bytownite HS105.3B Plagio     BECKb AREF
 2.9299521e-001
 3.0334526e-001
 3.1430146e-001
 3.2321018e-001
 3.3023480e-001
 3.3516565e-001
 3.4135470e-001
 3.4818932e-001
 3.5443491e-001
 3.5919479e-001
 3.6241281e-001
 3.6554772e-001
 3.6869797e-001
 3.7266430e-001
 3.7504715e-001
 3.7917852e-001
 3.8161662e-001
 3.8439113e-001
 3.8520056e-001
 3.8666737e-001
 3.8689023e-001
 3.8695934e-001
 3.8601145e-001
 3.8743135e-001
 3.8581207e-001
 3.8580832e-001
 3.8355303e-001
 3.8232884e-001
 3.8250610e-001
 3.8249129e-001
 3.8271540e-001
 3.8353959e-001
 3.8271165e-001
 3.8344485e-001
 3.8331041e-001
 3.8397145e-001
 3.8390684e-001
 3.8600937e-001
 3.8725910e-001
 3.8904342e-001
 3.9087793e-001
 3.9085415e-001
 3.9274326e-001
 3.9271921e-001
 3.9416146e-001
 3.9440781e-001
 3.9227924e-001
 3.9366934e-001
 3.9507085e-001
 3.9306855e-001
 3.9410484e-001
 3.9656526e-001
 3.9565754e-001
 3.9321753e-001
 3.9035055e-001
 3.8909310e-001
 3.9066207e-001
 3.8961390e-001
 3.8813108e-001
 3.8576633e-001
 3.8732120e-001
 3.8582358e-001
 3.8213125e-001
 3.8457856e-001
 3.8164932e-001
 3.8130966e-001
 3.7850502e-001
 3.7994802e-001
 3.7796518e-001
 3.7611157e-001
 3.7620988e-001
 3.7488109e-001
 3.7502998e-001
 3.7462538e-001
 3.7301007e-001
 3.7277347e-001
 3.7017846e-001
 3.7165138e-001
 3.7285596e-001
 3.7136495e-001
 3.7096000e-001
 3.7195620e-001
 3.7161276e-001
 3.7253416e-001
 3.7253764e-001
 3.7138507e-001
 3.7254325e-001
 3.7087500e-001
 3.7210202e-001
 3.7168634e-001
 3.7263224e-001
 3.7401992e-001
 3.7365842e-001
 3.7436274e-001
 3.7359884e-001
 3.7540218e-001
 3.7393543e-001
 3.7447563e-001
 3.7502107e-001
 3.7510481e-001
 3.7479526e-001
 3.7689376e-001
 3.7704811e-001
 3.7719873e-001
 3.7813136e-001
 3.7915176e-001
 3.7993926e-001
 3.8176587e-001
 3.8176948e-001
 3.8094229e-001
 3.8107812e-001
 3.8044509e-001
 3.8294122e-001
 3.8342369e-001
 3.8471296e-001
 3.8745934e-001
 3.8920048e-001
 3.9074823e-001
 3.9027518e-001
 3.9274499e-001
 3.9491984e-001
 3.9605719e-001
 3.9593509e-001
 3.9661273e-001
 3.9735910e-001
 3.9999989e-001
 3.9992523e-001
 4.0257791e-001
 4.0324643e-001
 4.0262258e-001
 4.0432933e-001
 4.0607232e-001
 4.0586340e-001
 4.0558851e-001
 4.0602645e-001
 4.0709883e-001
 4.0596017e-001
 4.0841585e-001
 4.0996400e-001
 4.0841722e-001
 4.0758818e-001
 4.1214377e-001
 4.1264200e-001
 4.1222721e-001
 4.1221708e-001
 4.1379946e-001
 4.1528496e-001
 4.1250429e-001
 4.1302955e-001
 4.1193736e-001
 4.1482058e-001
 4.1553116e-001
 4.1321167e-001
 4.1364405e-001
 4.1434410e-001
 4.1546360e-001
 4.1752625e-001
 4.1725707e-001
 4.1622159e-001
 4.1537020e-001
 4.1566432e-001
 4.1487190e-001
 4.1411072e-001
 4.1109070e-001
 4.0868270e-001
 4.1033021e-001
 4.1209254e-001
 4.1172785e-001
 4.1105852e-001
 4.1370767e-001
 4.1363028e-001
 4.1542643e-001
 4.1551074e-001
 4.1581577e-001
 4.1703478e-001
 4.1785991e-001
 4.1908330e-001
 4.1836539e-001
 4.2071390e-001
 4.2001775e-001
 4.2021325e-001
 4.2448682e-001
 4.2372152e-001
 4.2089260e-001
 4.2345020e-001
 4.2389375e-001
 4.2389515e-001
 4.2175832e-001
 4.1977939e-001
 4.1579533e-001
 4.1467848e-001
 4.1294909e-001
 4.1200846e-001
 4.1452444e-001
 4.1397491e-001
 4.1457796e-001
 4.1130909e-001
 4.1071516e-001
 4.0590477e-001
 4.0124694e-001
 4.0562129e-001
 4.0935275e-001
 4.0487728e-001
 4.0758371e-001
 4.0621766e-001
 3.9784548e-001
 3.9651135e-001
 3.9715669e-001
 3.9910793e-001
 4.0134698e-001
 4.0507904e-001
 4.0840924e-001
 4.0768534e-001
 4.0752658e-001
 4.0827528e-001
 4.0804517e-001
 4.0714234e-001
 4.0639481e-001
 4.0605325e-001
 4.0598965e-001
 4.0615028e-001
 4.0626118e-001
 4.0601587e-001
 4.0524980e-001
