s07_AV97 Record=787: Chlorite HS179.4B            ASDFRb AREF
 9.3101844e-002
 9.9367470e-002
 1.0283127e-001
 1.0631713e-001
 1.0933436e-001
 1.1117622e-001
 1.1476584e-001
 1.1901284e-001
 1.2276084e-001
 1.2630741e-001
 1.2879385e-001
 1.3144886e-001
 1.3453963e-001
 1.3736652e-001
 1.3993257e-001
 1.4300279e-001
 1.4528750e-001
 1.4715616e-001
 1.4911260e-001
 1.5058905e-001
 1.5168494e-001
 1.5308535e-001
 1.5441601e-001
 1.5556687e-001
 1.5636972e-001
 1.5752479e-001
 1.5874246e-001
 1.5939276e-001
 1.5963638e-001
 1.6006190e-001
 1.6006425e-001
 1.6016474e-001
 1.6007221e-001
 1.6012302e-001
 1.6065472e-001
 1.6109604e-001
 1.6130653e-001
 1.6182259e-001
 1.6265781e-001
 1.6426124e-001
 1.6578338e-001
 1.6775148e-001
 1.6938916e-001
 1.7075002e-001
 1.7245796e-001
 1.7410101e-001
 1.7534259e-001
 1.7554770e-001
 1.7558868e-001
 1.7592531e-001
 1.7626576e-001
 1.7641687e-001
 1.7620823e-001
 1.7662619e-001
 1.7701781e-001
 1.7800237e-001
 1.7915140e-001
 1.8088847e-001
 1.8242982e-001
 1.8418801e-001
 1.8630382e-001
 1.8788806e-001
 1.9043158e-001
 1.9252177e-001
 1.9416669e-001
 1.9592200e-001
 1.9679564e-001
 1.9778714e-001
 1.9791454e-001
 1.9782217e-001
 1.9954391e-001
 1.9803464e-001
 1.9798362e-001
 1.9809724e-001
 1.9688474e-001
 1.9833542e-001
 1.9904453e-001
 1.9929278e-001
 1.9954848e-001
 2.0023684e-001
 2.0039566e-001
 1.9987108e-001
 2.0074251e-001
 2.0228630e-001
 2.0408522e-001
 2.0625883e-001
 2.0840977e-001
 2.0980972e-001
 2.1073435e-001
 2.1251330e-001
 2.1534210e-001
 2.1810885e-001
 2.1990798e-001
 2.2267495e-001
 2.2528507e-001
 2.2841133e-001
 2.2345729e-001
 2.2683592e-001
 2.3027486e-001
 2.3341770e-001
 2.3774180e-001
 2.4085823e-001
 2.4371196e-001
 2.4780647e-001
 2.5137261e-001
 2.5552627e-001
 2.5957701e-001
 2.6238811e-001
 2.5582215e-001
 2.5214598e-001
 2.5823903e-001
 2.6808131e-001
 2.7786583e-001
 2.8658190e-001
 2.9352844e-001
 2.9927066e-001
 3.0299550e-001
 3.0776805e-001
 3.1216851e-001
 3.1588253e-001
 3.2156816e-001
 3.2647192e-001
 3.2997257e-001
 3.3355764e-001
 3.3752006e-001
 3.4127149e-001
 3.4765393e-001
 3.5370666e-001
 3.5869578e-001
 3.6242428e-001
 3.6720449e-001
 3.7111554e-001
 3.7572005e-001
 3.8071325e-001
 3.8555083e-001
 3.8948902e-001
 3.9226720e-001
 3.9668927e-001
 4.0337515e-001
 4.0827009e-001
 4.1330159e-001
 4.1812915e-001
 4.2125341e-001
 4.2511538e-001
 4.2829627e-001
 4.3277305e-001
 4.3729690e-001
 4.4101754e-001
 4.4603866e-001
 4.4990820e-001
 4.5304790e-001
 4.5699772e-001
 4.6000010e-001
 4.6303451e-001
 4.6537244e-001
 4.6976742e-001
 4.7262675e-001
 4.7558865e-001
 4.8124486e-001
 4.8042893e-001
 4.8152891e-001
 4.7821182e-001
 4.7449934e-001
 4.7467515e-001
 4.7741967e-001
 4.8190951e-001
 4.8718756e-001
 4.9150574e-001
 4.9535322e-001
 4.9836606e-001
 4.9972284e-001
 5.0047535e-001
 5.0283265e-001
 5.0531012e-001
 5.0768834e-001
 5.0951123e-001
 5.1348859e-001
 5.1803488e-001
 5.2057946e-001
 5.1758605e-001
 5.0922126e-001
 5.0082392e-001
 4.9878651e-001
 4.9797359e-001
 4.9921396e-001
 5.0302160e-001
 5.0589842e-001
 5.0834566e-001
 5.1309711e-001
 5.1633239e-001
 5.1445997e-001
 5.1335633e-001
 5.1047730e-001
 5.0759947e-001
 4.9707642e-001
 4.5972365e-001
 3.8867313e-001
 3.4998652e-001
 3.7405401e-001
 3.9918399e-001
 3.9572459e-001
 3.7139890e-001
 3.4067687e-001
 3.0721858e-001
 2.7816388e-001
 2.6703343e-001
 2.8001854e-001
 2.9885918e-001
 3.1057766e-001
 3.0398825e-001
 2.8851277e-001
 2.8634968e-001
 3.0186221e-001
 3.1737834e-001
 3.2897761e-001
 3.3212996e-001
 3.2760674e-001
 3.2812336e-001
 3.3817142e-001
 3.4674844e-001
 3.5015368e-001
 3.5263169e-001
 3.5466793e-001
-1.2300000e+034
