s07_AV97 Record=3482: Wollastonite HS348.2B        ASDFRc AREF
 7.9091388e-001
 7.9436976e-001
 7.9684180e-001
 7.9881066e-001
 7.9995829e-001
 8.0194205e-001
 8.0427599e-001
 8.0675972e-001
 8.0944425e-001
 8.1186205e-001
 8.1416583e-001
 8.1611645e-001
 8.1764096e-001
 8.1984305e-001
 8.2372129e-001
 8.2783383e-001
 8.3102268e-001
 8.3344078e-001
 8.3556342e-001
 8.3750570e-001
 8.3909869e-001
 8.4038943e-001
 8.4128153e-001
 8.4228349e-001
 8.4321678e-001
 8.4360558e-001
 8.4417939e-001
 8.4487993e-001
 8.4559566e-001
 8.4612125e-001
 8.4652913e-001
 8.4711200e-001
 8.4645104e-001
 8.4699321e-001
 8.4747970e-001
 8.4784466e-001
 8.4805059e-001
 8.4824103e-001
 8.4824026e-001
 8.4852624e-001
 8.4880579e-001
 8.4923214e-001
 8.4935462e-001
 8.4975564e-001
 8.5018593e-001
 8.5036361e-001
 8.5085404e-001
 8.5140359e-001
 8.5179442e-001
 8.5244751e-001
 8.5298908e-001
 8.5372621e-001
 8.5444838e-001
 8.5518485e-001
 8.5595322e-001
 8.5633433e-001
 8.5697711e-001
 8.5761893e-001
 8.5822964e-001
 8.5879934e-001
 8.5930264e-001
 8.5974658e-001
 8.6003268e-001
 8.6034822e-001
 8.6057186e-001
 8.6095214e-001
 8.6133969e-001
 8.6181724e-001
 8.6228305e-001
 8.6182672e-001
 8.6227763e-001
 8.6230302e-001
 8.6246389e-001
 8.6298436e-001
 8.6323529e-001
 8.6391521e-001
 8.6409056e-001
 8.6420298e-001
 8.6456478e-001
 8.6479121e-001
 8.6504525e-001
 8.6515784e-001
 8.6547804e-001
 8.6511505e-001
 8.6477846e-001
 8.6444163e-001
 8.6459482e-001
 8.6465758e-001
 8.6424041e-001
 8.6364818e-001
 8.6379081e-001
 8.6378056e-001
 8.6371344e-001
 8.6393076e-001
 8.6429828e-001
 8.6442733e-001
 8.6413759e-001
 8.6450136e-001
 8.6455387e-001
 8.6449307e-001
 8.6398643e-001
 8.6374032e-001
 8.6388606e-001
 8.6376417e-001
 8.6326671e-001
 8.6333901e-001
 8.6334217e-001
 8.6360669e-001
 8.6332369e-001
 8.6310184e-001
 8.6233026e-001
 8.6084634e-001
 8.6044002e-001
 8.6105311e-001
 8.6136371e-001
 8.6245406e-001
 8.6335957e-001
 8.6394805e-001
 8.6414760e-001
 8.6523968e-001
 8.6593843e-001
 8.6628449e-001
 8.6639392e-001
 8.6701578e-001
 8.6772275e-001
 8.6797547e-001
 8.6842430e-001
 8.6848193e-001
 8.6888963e-001
 8.6946636e-001
 8.7030798e-001
 8.7042743e-001
 8.7097722e-001
 8.7152106e-001
 8.7184262e-001
 8.7245643e-001
 8.7376016e-001
 8.7462616e-001
 8.7452495e-001
 8.7478781e-001
 8.7526762e-001
 8.7552583e-001
 8.7610453e-001
 8.7714833e-001
 8.7792844e-001
 8.7817532e-001
 8.7806946e-001
 8.7758881e-001
 8.7721944e-001
 8.7760663e-001
 8.7750000e-001
 8.7791198e-001
 8.7807500e-001
 8.7782329e-001
 8.7815160e-001
 8.7814099e-001
 8.7771058e-001
 8.7705177e-001
 8.7527603e-001
 8.7169415e-001
 8.7353420e-001
 8.6730802e-001
 8.5765564e-001
 8.5176492e-001
 8.5034257e-001
 8.5350412e-001
 8.5635287e-001
 8.5795039e-001
 8.5892355e-001
 8.5953337e-001
 8.6229992e-001
 8.6365950e-001
 8.6454552e-001
 8.6693943e-001
 8.6888033e-001
 8.7071526e-001
 8.7316102e-001
 8.7486887e-001
 8.7559450e-001
 8.7671602e-001
 8.7846410e-001
 8.7944454e-001
 8.7894809e-001
 8.7962252e-001
 8.8060284e-001
 8.8050443e-001
 8.7970638e-001
 8.7935519e-001
 8.7843609e-001
 8.7802464e-001
 8.7660527e-001
 8.7556851e-001
 8.7538964e-001
 8.7452024e-001
 8.7297273e-001
 8.7123019e-001
 8.6940742e-001
 8.6933339e-001
 8.6954099e-001
 8.6972278e-001
 8.7018853e-001
 8.6930549e-001
 8.7015790e-001
 8.7048203e-001
 8.7192529e-001
 8.7160695e-001
 8.7126547e-001
 8.7101036e-001
 8.7337947e-001
 8.7383229e-001
 8.7142503e-001
 8.6972678e-001
 8.6810315e-001
 8.6501777e-001
 8.6232412e-001
 8.6235893e-001
 8.6031365e-001
 8.5650116e-001
 8.5230762e-001
 8.4890676e-001
 8.4777594e-001
 8.4640718e-001
 8.4729481e-001
-1.2300000e+034
