s07_AV97 Record=2192: Montmorillonite SWy-1       NIC4bcc RREF
-1.2300000e+034
-1.2300000e+034
-1.2300000e+034
-1.2300000e+034
-1.2300000e+034
-1.2300000e+034
-1.2300000e+034
-1.2300000e+034
-1.2300000e+034
-1.2300000e+034
-1.2300000e+034
-1.2300000e+034
-1.2300000e+034
-1.2300000e+034
-1.2300000e+034
-1.2300000e+034
-1.2300000e+034
-1.2300000e+034
-1.2300000e+034
-1.2300000e+034
-1.2300000e+034
-1.2300000e+034
-1.2300000e+034
-1.2300000e+034
-1.2300000e+034
-1.2300000e+034
-1.2300000e+034
-1.2300000e+034
-1.2300000e+034
-1.2300000e+034
-1.2300000e+034
-1.2300000e+034
-1.2300000e+034
-1.2300000e+034
-1.2300000e+034
-1.2300000e+034
-1.2300000e+034
-1.2300000e+034
-1.2300000e+034
-1.2300000e+034
-1.2300000e+034
-1.2300000e+034
-1.2300000e+034
-1.2300000e+034
-1.2300000e+034
-1.2300000e+034
-1.2300000e+034
-1.2300000e+034
-1.2300000e+034
-1.2300000e+034
-1.2300000e+034
-1.2300000e+034
-1.2300000e+034
-1.2300000e+034
-1.2300000e+034
-1.2300000e+034
-1.2300000e+034
-1.2300000e+034
-1.2300000e+034
-1.2300000e+034
-1.2300000e+034
-1.2300000e+034
-1.2300000e+034
-1.2300000e+034
-1.2300000e+034
-1.2300000e+034
-1.2300000e+034
-1.2300000e+034
-1.2300000e+034
-1.2300000e+034
-1.2300000e+034
-1.2300000e+034
-1.2300000e+034
-1.2300000e+034
-1.2300000e+034
-1.2300000e+034
-1.2300000e+034
-1.2300000e+034
-1.2300000e+034
-1.2300000e+034
-1.2300000e+034
-1.2300000e+034
-1.2300000e+034
-1.2300000e+034
-1.2300000e+034
-1.2300000e+034
-1.2300000e+034
-1.2300000e+034
-1.2300000e+034
-1.2300000e+034
-1.2300000e+034
-1.2300000e+034
-1.2300000e+034
-1.2300000e+034
-1.2300000e+034
-1.2300000e+034
-1.2300000e+034
-1.2300000e+034
-1.2300000e+034
-1.2300000e+034
-1.2300000e+034
-1.2300000e+034
-1.2300000e+034
-1.2300000e+034
-1.2300000e+034
-1.2300000e+034
-1.2300000e+034
-1.2300000e+034
-1.2300000e+034
 6.4292568e-001
 6.1444318e-001
 5.7881969e-001
 5.6408215e-001
 5.7800931e-001
 5.9561741e-001
 6.0421550e-001
 6.0558051e-001
 6.0413510e-001
 6.0466498e-001
 6.0695362e-001
 6.0953712e-001
 6.1199927e-001
 6.1437321e-001
 6.1670059e-001
 6.1931372e-001
 6.2254262e-001
 6.2611061e-001
 6.2965864e-001
 6.3292772e-001
 6.3603079e-001
 6.3922119e-001
 6.4264488e-001
 6.4624619e-001
 6.4976460e-001
 6.5305686e-001
 6.5603006e-001
 6.5873873e-001
 6.6142857e-001
 6.6423136e-001
 6.6699409e-001
 6.6956997e-001
 6.7187423e-001
 6.7373157e-001
 6.7537624e-001
 6.7673516e-001
 6.7838448e-001
 6.8001777e-001
 6.8150926e-001
 6.8289351e-001
 6.8373191e-001
 6.8418747e-001
 6.8434584e-001
 6.8442273e-001
 6.8426019e-001
 6.8386525e-001
 6.8320739e-001
 6.8306214e-001
 6.8070263e-001
 6.7119575e-001
 6.5289670e-001
 6.6035265e-001
 6.2816268e-001
 5.8351165e-001
 5.6986916e-001
 5.9193510e-001
 6.1615551e-001
 6.3159871e-001
 6.4170575e-001
 6.4891690e-001
 6.5425175e-001
 6.5890455e-001
 6.6326350e-001
 6.6747332e-001
 6.7160493e-001
 6.7527819e-001
 6.7828035e-001
 6.8021023e-001
 6.8088251e-001
 6.8010020e-001
 6.7789221e-001
 6.7483985e-001
 6.7222601e-001
 6.7072773e-001
 6.6998678e-001
 6.6947633e-001
 6.6770285e-001
 6.6406214e-001
 6.5852857e-001
 6.4830077e-001
 6.2543154e-001
 5.9428871e-001
 5.6445366e-001
 5.4280788e-001
 5.3690833e-001
 5.5017203e-001
 5.6750619e-001
 5.8185709e-001
 5.9966046e-001
 6.1443931e-001
 6.2050450e-001
 6.1966878e-001
 6.1404359e-001
 6.0541081e-001
 5.9626991e-001
 5.8752257e-001
 5.7941383e-001
 5.6942964e-001
 5.5937892e-001
 5.5141449e-001
 5.4593074e-001
 5.4159695e-001
 5.3712010e-001
 5.3325564e-001
 5.2951306e-001
 5.2507073e-001
 5.1985574e-001
 5.1378030e-001
 5.0908560e-001
 5.0634503e-001
 5.0472718e-001
 5.0493932e-001
 5.0386250e-001
 5.0030804e-001
 4.9524021e-001
