s07_AV97 Record=3236: Topaz Crystal_Park_#2         BECKb AREF
 7.9085237e-001
 8.0118895e-001
 8.0748647e-001
 8.1105620e-001
 8.1476343e-001
 8.1922585e-001
 8.2440484e-001
 8.2912850e-001
 8.3536422e-001
 8.3961147e-001
 8.4329194e-001
 8.4742707e-001
 8.5037261e-001
 8.5263902e-001
 8.5433495e-001
 8.5476822e-001
 8.5460383e-001
 8.5450798e-001
 8.5556167e-001
 8.5709053e-001
 8.5686886e-001
 8.5730845e-001
 8.6011040e-001
 8.6458659e-001
 8.6644703e-001
 8.6916065e-001
 8.6883974e-001
 8.6977160e-001
 8.7212998e-001
 8.7370968e-001
 8.7515718e-001
 8.7731493e-001
 8.7465543e-001
 8.7714028e-001
 8.7898374e-001
 8.8032424e-001
 8.7990135e-001
 8.8032854e-001
 8.8067657e-001
 8.8284779e-001
 8.8368559e-001
 8.8450664e-001
 8.8392675e-001
 8.8618982e-001
 8.8786602e-001
 8.8808274e-001
 8.8926935e-001
 8.8958108e-001
 8.9061224e-001
 8.8922310e-001
 8.8800174e-001
 8.9484751e-001
 9.0476727e-001
 9.0862834e-001
 9.0740037e-001
 9.0322244e-001
 9.0768552e-001
 9.0980560e-001
 9.1196412e-001
 9.1141474e-001
 9.1171867e-001
 9.1788667e-001
 9.1817605e-001
 9.1805470e-001
 9.2155385e-001
 9.2178875e-001
 9.2277074e-001
 9.2812258e-001
 9.2425197e-001
 9.2729712e-001
 9.3519145e-001
 9.3054253e-001
 9.3125129e-001
 9.3158638e-001
 9.3199563e-001
 9.3289369e-001
 9.3548888e-001
 9.3471086e-001
 9.3109643e-001
 9.3754679e-001
 9.3816829e-001
 9.3838060e-001
 9.3740547e-001
 9.3876278e-001
 9.4132525e-001
 9.3790513e-001
 9.3807185e-001
 9.3828994e-001
 9.4215333e-001
 9.3687958e-001
 9.4461483e-001
 9.4005072e-001
 9.4282848e-001
 9.4681728e-001
 9.4431794e-001
 9.4406885e-001
 9.4711071e-001
 9.4358504e-001
 9.4360757e-001
 9.4450682e-001
 9.4448203e-001
 9.4391447e-001
 9.4362956e-001
 9.4244534e-001
 9.4238520e-001
 9.3511629e-001
 9.3376660e-001
 9.3687713e-001
 9.3484205e-001
 9.3328017e-001
 9.1577423e-001
 8.3067536e-001
 8.9842027e-001
 9.3749148e-001
 9.4013560e-001
 9.4243270e-001
 9.4347078e-001
 9.4496793e-001
 9.4414425e-001
 9.4578671e-001
 9.4689500e-001
 9.4600868e-001
 9.4612056e-001
 9.4776112e-001
 9.4533300e-001
 9.4827420e-001
 9.4831395e-001
 9.4798166e-001
 9.4831610e-001
 9.5299107e-001
 9.4921875e-001
 9.4537318e-001
 9.4923925e-001
 9.4592422e-001
 9.4633961e-001
 9.4696563e-001
 9.4729054e-001
 9.4742984e-001
 9.4130665e-001
 9.2284739e-001
 9.2953354e-001
 9.3863034e-001
 9.4257724e-001
 9.3929040e-001
 9.3705517e-001
 9.3968546e-001
 9.3682778e-001
 9.4178379e-001
 9.4061130e-001
 9.4494337e-001
 9.4266307e-001
 9.4622958e-001
 9.4611949e-001
 9.4383401e-001
 9.4559944e-001
 9.4133008e-001
 9.4020730e-001
 9.4084817e-001
 9.3880570e-001
 9.3687910e-001
 9.3760538e-001
 9.3421614e-001
 9.3138617e-001
 9.3289047e-001
 9.3123174e-001
 9.2682242e-001
 9.2700773e-001
 9.2678756e-001
 9.2558885e-001
 9.2756146e-001
 9.3222058e-001
 9.3217289e-001
 9.2991394e-001
 9.2817676e-001
 9.2624015e-001
 9.2978615e-001
 9.2444128e-001
 9.1337425e-001
 8.9243835e-001
 8.2672459e-001
 6.2515575e-001
 5.8978420e-001
 8.0817860e-001
 8.6988169e-001
 8.9652956e-001
 8.8782269e-001
 8.4914494e-001
 8.2691860e-001
 8.3244616e-001
 8.5566217e-001
 8.6213624e-001
 8.6882031e-001
 8.6624378e-001
 8.5346287e-001
 8.7161863e-001
 8.9390743e-001
 9.0398657e-001
 9.0027434e-001
 8.5903376e-001
 8.6180770e-001
 8.8545007e-001
 8.7951720e-001
 8.7714994e-001
 8.5284537e-001
 8.3636373e-001
 8.1943023e-001
 8.2990283e-001
 8.2781625e-001
 8.2551891e-001
 8.1199658e-001
 8.1083328e-001
 8.0954188e-001
 8.0428135e-001
 7.9381078e-001
 7.8413749e-001
 7.8171730e-001
 7.7992195e-001
 7.6981479e-001
 7.5422901e-001
 7.3487371e-001
 7.1697658e-001
 6.9837028e-001
 6.7570317e-001
 6.4742011e-001
