s07_AV97 Record=1268: Gibbsite HS423.3B            ASDFRb AREF
 3.4164286e-001
 3.5009339e-001
 3.5739085e-001
 3.6649942e-001
 3.7523535e-001
 3.8487527e-001
 3.9632452e-001
 4.0933135e-001
 4.2174032e-001
 4.3121991e-001
 4.3884352e-001
 4.4636086e-001
 4.5475629e-001
 4.6454525e-001
 4.7511670e-001
 4.8616332e-001
 4.9766922e-001
 5.1028651e-001
 5.2403486e-001
 5.3862458e-001
 5.5293787e-001
 5.6567812e-001
 5.7603079e-001
 5.8358395e-001
 5.8937562e-001
 5.9412152e-001
 5.9843856e-001
 6.0251933e-001
 6.0681617e-001
 6.1135906e-001
 6.1626589e-001
 6.2127519e-001
 6.1546373e-001
 6.2033647e-001
 6.2498760e-001
 6.2921131e-001
 6.3315922e-001
 6.3696057e-001
 6.4071494e-001
 6.4415783e-001
 6.4732867e-001
 6.5029567e-001
 6.5303898e-001
 6.5532643e-001
 6.5823287e-001
 6.6028619e-001
 6.6209513e-001
 6.6359663e-001
 6.6482997e-001
 6.6577572e-001
 6.6657633e-001
 6.6754872e-001
 6.6837424e-001
 6.6936421e-001
 6.7052031e-001
 6.7167568e-001
 6.7253315e-001
 6.7308849e-001
 6.7397535e-001
 6.7458063e-001
 6.7578566e-001
 6.7610264e-001
 6.7403245e-001
 6.6916871e-001
 6.6495353e-001
 6.6606688e-001
 6.6763151e-001
 6.6188931e-001
 6.7433804e-001
 6.8571323e-001
 6.9157064e-001
 6.9527823e-001
 6.9875741e-001
 7.0191431e-001
 7.0396078e-001
 7.0659381e-001
 7.0852607e-001
 7.1039265e-001
 7.1232575e-001
 7.1362019e-001
 7.1506894e-001
 7.1630144e-001
 7.1634334e-001
 7.1656269e-001
 7.1686369e-001
 7.1743399e-001
 7.1824980e-001
 7.1862048e-001
 7.1909535e-001
 7.1895713e-001
 7.1642852e-001
 7.1050674e-001
 7.0146513e-001
 6.8676418e-001
 6.6789150e-001
 6.4402962e-001
 6.7907470e-001
 6.5554953e-001
 6.3791978e-001
 6.3695490e-001
 6.3014001e-001
 6.1710584e-001
 6.1177415e-001
 6.1353439e-001
 6.1778986e-001
 6.1845452e-001
 6.1638212e-001
 6.0091949e-001
 5.6534296e-001
 5.0863731e-001
 4.0955299e-001
 3.4875903e-001
 2.9861861e-001
 2.7341959e-001
 2.4863887e-001
 2.2122256e-001
 2.1253142e-001
 2.4843793e-001
 3.2390076e-001
 3.7267572e-001
 3.8805935e-001
 3.7743580e-001
 3.5199720e-001
 3.4004119e-001
 3.4133890e-001
 3.3324108e-001
 3.3258677e-001
 3.5634366e-001
 3.8516033e-001
 4.0772939e-001
 4.2784750e-001
 4.4749734e-001
 4.6512079e-001
 4.7917572e-001
 4.9035895e-001
 4.9836099e-001
 5.0437957e-001
 5.0913072e-001
 5.1246071e-001
 5.1436424e-001
 5.1581264e-001
 5.1649261e-001
 5.1648378e-001
 5.1502609e-001
 5.1200944e-001
 5.0789601e-001
 5.0255144e-001
 4.9410957e-001
 4.8135430e-001
 4.6496254e-001
 4.5163032e-001
 4.4236079e-001
 4.3024617e-001
 4.1630948e-001
 4.0992144e-001
 4.0637749e-001
 4.0070570e-001
 3.9681399e-001
 3.8945121e-001
 3.7485099e-001
 3.8142911e-001
 3.6402413e-001
 3.4460706e-001
 3.2661402e-001
 3.1248856e-001
 3.0287892e-001
 2.9661608e-001
 2.9291651e-001
 2.8989679e-001
 2.8787002e-001
 2.8671032e-001
 2.8614148e-001
 2.8478020e-001
 2.8363883e-001
 2.8176543e-001
 2.8036267e-001
 2.7929905e-001
 2.7827817e-001
 2.7669269e-001
 2.7502677e-001
 2.7330181e-001
 2.7245140e-001
 2.7192965e-001
 2.6834884e-001
 2.5814530e-001
 2.4340552e-001
 2.3207256e-001
 2.1576531e-001
 1.9150534e-001
 1.6756749e-001
 1.4869693e-001
 1.3679315e-001
 1.2110377e-001
 1.0719571e-001
 9.9202305e-002
 8.8974074e-002
 7.3988102e-002
 5.8902286e-002
 5.0017249e-002
 4.5784406e-002
 5.1052425e-002
 5.8762863e-002
 6.3303202e-002
 6.4092502e-002
 6.5312929e-002
 6.9155388e-002
 7.0407815e-002
 6.8269335e-002
 6.5904416e-002
 6.6284925e-002
 6.6777118e-002
 6.6707633e-002
 6.6680364e-002
 6.7084409e-002
 6.8986595e-002
 6.9912881e-002
 7.1674578e-002
 7.4166879e-002
 7.4550673e-002
 7.4225135e-002
 6.9976859e-002
 6.5372504e-002
 6.3688546e-002
-1.2300000e+034
