s07_AV97 Record=627: Brucite HS247.3B            NIC4ccc RREF
-1.2300000e+034
-1.2300000e+034
-1.2300000e+034
-1.2300000e+034
-1.2300000e+034
-1.2300000e+034
-1.2300000e+034
-1.2300000e+034
-1.2300000e+034
-1.2300000e+034
-1.2300000e+034
-1.2300000e+034
-1.2300000e+034
-1.2300000e+034
-1.2300000e+034
-1.2300000e+034
-1.2300000e+034
-1.2300000e+034
-1.2300000e+034
-1.2300000e+034
-1.2300000e+034
-1.2300000e+034
-1.2300000e+034
-1.2300000e+034
-1.2300000e+034
-1.2300000e+034
-1.2300000e+034
-1.2300000e+034
-1.2300000e+034
-1.2300000e+034
-1.2300000e+034
-1.2300000e+034
-1.2300000e+034
-1.2300000e+034
-1.2300000e+034
-1.2300000e+034
-1.2300000e+034
-1.2300000e+034
-1.2300000e+034
-1.2300000e+034
-1.2300000e+034
-1.2300000e+034
-1.2300000e+034
-1.2300000e+034
-1.2300000e+034
-1.2300000e+034
-1.2300000e+034
-1.2300000e+034
-1.2300000e+034
-1.2300000e+034
-1.2300000e+034
-1.2300000e+034
-1.2300000e+034
-1.2300000e+034
-1.2300000e+034
-1.2300000e+034
-1.2300000e+034
-1.2300000e+034
-1.2300000e+034
-1.2300000e+034
-1.2300000e+034
-1.2300000e+034
-1.2300000e+034
-1.2300000e+034
-1.2300000e+034
-1.2300000e+034
-1.2300000e+034
-1.2300000e+034
-1.2300000e+034
-1.2300000e+034
-1.2300000e+034
-1.2300000e+034
-1.2300000e+034
-1.2300000e+034
-1.2300000e+034
-1.2300000e+034
-1.2300000e+034
-1.2300000e+034
-1.2300000e+034
-1.2300000e+034
-1.2300000e+034
-1.2300000e+034
-1.2300000e+034
-1.2300000e+034
-1.2300000e+034
-1.2300000e+034
-1.2300000e+034
-1.2300000e+034
-1.2300000e+034
-1.2300000e+034
-1.2300000e+034
-1.2300000e+034
-1.2300000e+034
-1.2300000e+034
-1.2300000e+034
-1.2300000e+034
-1.2300000e+034
-1.2300000e+034
-1.2300000e+034
-1.2300000e+034
-1.2300000e+034
-1.2300000e+034
-1.2300000e+034
-1.2300000e+034
-1.2300000e+034
-1.2300000e+034
-1.2300000e+034
-1.2300000e+034
-1.2300000e+034
-1.2300000e+034
-1.2300000e+034
-1.2300000e+034
-1.2300000e+034
-1.2300000e+034
-1.2300000e+034
-1.2300000e+034
-1.2300000e+034
-1.2300000e+034
-1.2300000e+034
-1.2300000e+034
-1.2300000e+034
-1.2300000e+034
-1.2300000e+034
-1.2300000e+034
 5.5149895e-001
 5.6286144e-001
 5.7331842e-001
 5.8154827e-001
 5.8862215e-001
 5.9507996e-001
 6.0076314e-001
 6.0525620e-001
 6.0862941e-001
 6.1041307e-001
 6.1182189e-001
 6.1246437e-001
 6.1300969e-001
 6.1385483e-001
 6.1475974e-001
 6.1421573e-001
 6.1318439e-001
 6.1139435e-001
 6.0936362e-001
 6.0774761e-001
 6.0654956e-001
 6.0627103e-001
 6.0565168e-001
 6.0454005e-001
 6.0257459e-001
 6.0015577e-001
 5.9806120e-001
 5.9539038e-001
 5.9252173e-001
 5.8936006e-001
 5.8649254e-001
 5.8297747e-001
 5.7837355e-001
 5.7315999e-001
 5.6716096e-001
 5.6204182e-001
 5.6355131e-001
 5.5925065e-001
 5.5392104e-001
 5.4763818e-001
 5.4224735e-001
 5.3857696e-001
 5.3626096e-001
 5.3407061e-001
 5.3143358e-001
 5.2830142e-001
 5.2368253e-001
 5.1606113e-001
 5.0679272e-001
 4.9703881e-001
 4.8906225e-001
 4.8499471e-001
 4.8174965e-001
 4.7656110e-001
 4.7192478e-001
 4.6924204e-001
 4.6770385e-001
 4.6680069e-001
 4.6520379e-001
 4.6324438e-001
 4.6153998e-001
 4.6171817e-001
 4.6504459e-001
 4.6970254e-001
 4.7061238e-001
 4.6210760e-001
 4.4240543e-001
 4.1764727e-001
 3.9827612e-001
 3.8759100e-001
 3.7687230e-001
 3.6368454e-001
 3.5101128e-001
 3.4094056e-001
 3.3475068e-001
 3.3039922e-001
 3.2517263e-001
 3.1180394e-001
 2.8839523e-001
 2.6271993e-001
 2.4609919e-001
 2.5349641e-001
 2.8749472e-001
 3.2953051e-001
 3.5680759e-001
 3.6959076e-001
 3.7319806e-001
 3.7029919e-001
 3.5868749e-001
 3.2482073e-001
 2.5178209e-001
 1.8494028e-001
 1.5759531e-001
 1.3651167e-001
 1.2083957e-001
 1.0964273e-001
 9.7387813e-002
 1.0324323e-001
 1.1429014e-001
 1.3732888e-001
