s07_AV97 Record=2508: Opal TM8896 (Hyalite)         BECKa AREF
 5.8362323e-001
 5.9424734e-001
 6.0516977e-001
 6.1491287e-001
 6.2399685e-001
 6.3252437e-001
 6.4017582e-001
 6.4820975e-001
 6.5599489e-001
 6.6338551e-001
 6.6914344e-001
 6.7449212e-001
 6.8042415e-001
 6.8658489e-001
 6.9268829e-001
 6.9957608e-001
 7.0580465e-001
 7.1208429e-001
 7.1725863e-001
 7.2234446e-001
 7.2646815e-001
 7.3244852e-001
 7.3719001e-001
 7.4080431e-001
 7.4349511e-001
 7.4649799e-001
 7.5003159e-001
 7.5337523e-001
 7.5655961e-001
 7.6005048e-001
 7.6283514e-001
 7.6469672e-001
 7.6247424e-001
 7.6422119e-001
 7.6659155e-001
 7.6949584e-001
 7.7331609e-001
 7.7608424e-001
 7.7779198e-001
 7.7975994e-001
 7.8114092e-001
 7.8325456e-001
 7.8565145e-001
 7.8701156e-001
 7.8778607e-001
 7.8940308e-001
 7.9151607e-001
 7.9307747e-001
 7.9254788e-001
 7.9409873e-001
 7.9424554e-001
 7.9369813e-001
 7.9112190e-001
 7.9348129e-001
 7.9301041e-001
 7.9297829e-001
 7.9548723e-001
 7.9566145e-001
 7.9567051e-001
 7.9593498e-001
 7.9544336e-001
 7.9387295e-001
 7.8928196e-001
 7.9028016e-001
 7.9465032e-001
 7.9552287e-001
 7.9899281e-001
 8.0135554e-001
 8.0029953e-001
 8.0140799e-001
 8.0469304e-001
 8.0525345e-001
 8.0619884e-001
 8.0653465e-001
 8.0771893e-001
 8.0812693e-001
 8.0845052e-001
 8.0999005e-001
 8.0952835e-001
 8.0972308e-001
 8.0913097e-001
 8.0670124e-001
 8.0025762e-001
 7.9419416e-001
 8.0027807e-001
 8.0349362e-001
 8.0498248e-001
 8.0705714e-001
 8.0577570e-001
 8.0699116e-001
 8.0758280e-001
 8.0714148e-001
 8.0438340e-001
 8.0241877e-001
 8.0240375e-001
 8.0368090e-001
 8.0216932e-001
 8.0335844e-001
 8.0330139e-001
 8.0217564e-001
 8.0047083e-001
 7.9895759e-001
 7.9650801e-001
 7.9105037e-001
 7.8235602e-001
 7.7259463e-001
 7.6445514e-001
 7.5459200e-001
 7.3273927e-001
 6.9140381e-001
 6.5136820e-001
 6.1379594e-001
 6.1700833e-001
 6.4059305e-001
 6.5594119e-001
 6.6453248e-001
 6.6619885e-001
 6.6327894e-001
 6.6976434e-001
 6.7806917e-001
 6.8434846e-001
 6.8883306e-001
 6.9234282e-001
 6.9560868e-001
 6.9902784e-001
 7.0058930e-001
 7.0299840e-001
 7.0573580e-001
 7.0589846e-001
 7.0599860e-001
 7.0749956e-001
 7.0720285e-001
 7.0700097e-001
 7.0572805e-001
 7.0567840e-001
 7.0485228e-001
 7.0371252e-001
 7.0370299e-001
 7.0259428e-001
 6.9996965e-001
 7.0087272e-001
 7.0147991e-001
 6.9912356e-001
 6.9662255e-001
 6.9323212e-001
 6.9382143e-001
 6.9007576e-001
 6.8782514e-001
 6.8326461e-001
 6.8305486e-001
 6.8293023e-001
 6.7793804e-001
 6.7638147e-001
 6.7435205e-001
 6.7315727e-001
 6.7044777e-001
 6.6404271e-001
 6.5538198e-001
 6.3419694e-001
 5.9054244e-001
 6.0793024e-001
 5.2694726e-001
 4.3873346e-001
 4.4125041e-001
 4.8041773e-001
 5.0278199e-001
 5.1434338e-001
 5.2161115e-001
 5.2767015e-001
 5.3899056e-001
 5.5134237e-001
 5.6552178e-001
 5.7999700e-001
 5.9069586e-001
 6.0144377e-001
 6.0952520e-001
 6.1500549e-001
 6.2073159e-001
 6.2167352e-001
 6.2069565e-001
 6.2332773e-001
 6.2527269e-001
 6.2577432e-001
 6.2772000e-001
 6.2868911e-001
 6.2520993e-001
 6.2272918e-001
 6.1639684e-001
 6.0657746e-001
 5.9471226e-001
 5.7923228e-001
 5.5911481e-001
 5.2830464e-001
 4.9690977e-001
 4.8590690e-001
 4.8713204e-001
 4.8750302e-001
 4.8551634e-001
 4.8395300e-001
 4.8423511e-001
 4.9051753e-001
 4.9716327e-001
 5.0340986e-001
 5.0992352e-001
 5.1855105e-001
 5.2239221e-001
 5.2688330e-001
 5.3026938e-001
 5.3074223e-001
 5.3094119e-001
 5.3015053e-001
 5.2501959e-001
 5.2076036e-001
 5.1307571e-001
 5.0183547e-001
 4.8936766e-001
 4.7631675e-001
 4.6292001e-001
 4.5109749e-001
 4.3899921e-001
 4.2858031e-001
 4.1971791e-001
 4.1214147e-001
 4.0554127e-001
