s07_AV97 Record=696: Carbon_Black GDS68 sm.ap.     BECKa AREF
 1.6382810e-002
 1.6304590e-002
 1.6272221e-002
 1.6113639e-002
 1.6012536e-002
 1.5955955e-002
 1.5911501e-002
 1.5771577e-002
 1.5766799e-002
 1.5695948e-002
 1.5694307e-002
 1.5671657e-002
 1.5623054e-002
 1.5582949e-002
 1.5605174e-002
 1.5518605e-002
 1.5571649e-002
 1.5684010e-002
 1.5592388e-002
 1.5448510e-002
 1.5417175e-002
 1.5581848e-002
 1.5597001e-002
 1.5491932e-002
 1.5349881e-002
 1.5285048e-002
 1.5320985e-002
 1.5256629e-002
 1.5297028e-002
 1.5362144e-002
 1.5399373e-002
 1.5362003e-002
 1.5407771e-002
 1.5345999e-002
 1.5406533e-002
 1.5533958e-002
 1.5528238e-002
 1.5510266e-002
 1.5521022e-002
 1.5459709e-002
 1.5511882e-002
 1.5598857e-002
 1.5443556e-002
 1.5703471e-002
 1.5599571e-002
 1.5429482e-002
 1.5333106e-002
 1.4989592e-002
 1.4744530e-002
 1.3350660e-002
 1.2892406e-002
 1.4026931e-002
 1.5570620e-002
 1.5947785e-002
 1.6941724e-002
 1.6419601e-002
 1.5990088e-002
 1.6347669e-002
 1.6559407e-002
 1.5856210e-002
 1.7305456e-002
 1.6550317e-002
 1.6283382e-002
 1.6659349e-002
 1.6494248e-002
 1.6278271e-002
 1.6321685e-002
 1.6007971e-002
 1.5177004e-002
 1.6170738e-002
 1.6178871e-002
 1.5785543e-002
 1.5390438e-002
 1.5061675e-002
 1.5792346e-002
 1.5308328e-002
 1.5033633e-002
 1.5670082e-002
 1.5398004e-002
 1.5094109e-002
 1.5490817e-002
 1.5384856e-002
 1.4906375e-002
 1.4517379e-002
 1.5131230e-002
 1.5230773e-002
 1.3693636e-002
 1.4662466e-002
 1.4383721e-002
 1.4750784e-002
 1.4842415e-002
 1.4511738e-002
 1.4897577e-002
 1.4544232e-002
 1.4544653e-002
 1.4186898e-002
 1.4171966e-002
 1.4420473e-002
 1.4519308e-002
 1.4507033e-002
 1.4496407e-002
 1.4511345e-002
 1.4728991e-002
 1.4644774e-002
 1.4024049e-002
 1.4409667e-002
 1.4211376e-002
 1.4392394e-002
 1.4265433e-002
 1.4118911e-002
 1.4394791e-002
 1.3976871e-002
 1.3856409e-002
 1.3649420e-002
 1.3820391e-002
 1.3384639e-002
 1.3801742e-002
 1.3909023e-002
 1.3778851e-002
 1.3552248e-002
 1.3827471e-002
 1.3726017e-002
 1.3806077e-002
 1.4138396e-002
 1.3910819e-002
 1.3416316e-002
 1.3131608e-002
 1.3384871e-002
 1.4342651e-002
 1.3231473e-002
 1.3144181e-002
 1.3167660e-002
 1.3280259e-002
 1.3637583e-002
 1.3795851e-002
 1.3279649e-002
 1.2658499e-002
 1.3599749e-002
 1.3183015e-002
 1.2643122e-002
 1.2884657e-002
 1.2872343e-002
 1.2864010e-002
 1.2414063e-002
 1.3179942e-002
 1.2984822e-002
 1.2341016e-002
 1.2570492e-002
 1.1664417e-002
 1.3114533e-002
 1.2662732e-002
 1.3150171e-002
 1.1833933e-002
 1.2710889e-002
 1.2406625e-002
 1.2357934e-002
 1.3079745e-002
 1.2668655e-002
 1.2312763e-002
 1.2802862e-002
 1.2594425e-002
 1.2972085e-002
 1.2624808e-002
 1.2702556e-002
 1.2724610e-002
 1.2213817e-002
 1.2709685e-002
 1.2091163e-002
 1.1938940e-002
 1.2939463e-002
 1.1288661e-002
 1.1044000e-002
 1.1997057e-002
 1.2225791e-002
 1.2466150e-002
 1.3040864e-002
 1.1965554e-002
 1.0812261e-002
 1.1967625e-002
 1.2306485e-002
 1.1524269e-002
 1.0698045e-002
 1.0849733e-002
 1.2069250e-002
 1.1965456e-002
 9.8647531e-003
 1.1460726e-002
 1.2293753e-002
 1.2069412e-002
 1.1834816e-002
 1.2674604e-002
 1.2009246e-002
 1.1059592e-002
 1.1368029e-002
 1.0751170e-002
 1.1344813e-002
 1.1641977e-002
 1.0028145e-002
 9.5637441e-003
 7.4885967e-003
 1.0428407e-002
 9.0533458e-003
 5.8635483e-003
 9.3644001e-003
 1.7870389e-002
 1.0406072e-002
 1.2254561e-002
 1.0830791e-002
 1.2152833e-002
 1.1396930e-002
 9.7900061e-003
 1.0632348e-002
 1.1242358e-002
 1.1645457e-002
 1.1866454e-002
 1.1726134e-002
 1.1304344e-002
 1.0757091e-002
 1.0323386e-002
 1.0112208e-002
 1.0292719e-002
 1.0630148e-002
 1.0820501e-002
 1.0666389e-002
