s07_AV97 Record=2102: Monazite HS255.3B           NIC4bbb RREF
-1.2300000e+034
-1.2300000e+034
-1.2300000e+034
-1.2300000e+034
-1.2300000e+034
-1.2300000e+034
-1.2300000e+034
-1.2300000e+034
-1.2300000e+034
-1.2300000e+034
-1.2300000e+034
-1.2300000e+034
-1.2300000e+034
-1.2300000e+034
-1.2300000e+034
-1.2300000e+034
-1.2300000e+034
-1.2300000e+034
-1.2300000e+034
-1.2300000e+034
-1.2300000e+034
-1.2300000e+034
-1.2300000e+034
-1.2300000e+034
-1.2300000e+034
-1.2300000e+034
-1.2300000e+034
-1.2300000e+034
-1.2300000e+034
-1.2300000e+034
-1.2300000e+034
-1.2300000e+034
-1.2300000e+034
-1.2300000e+034
-1.2300000e+034
-1.2300000e+034
-1.2300000e+034
-1.2300000e+034
-1.2300000e+034
-1.2300000e+034
-1.2300000e+034
-1.2300000e+034
-1.2300000e+034
-1.2300000e+034
-1.2300000e+034
-1.2300000e+034
-1.2300000e+034
-1.2300000e+034
-1.2300000e+034
-1.2300000e+034
-1.2300000e+034
-1.2300000e+034
-1.2300000e+034
-1.2300000e+034
-1.2300000e+034
-1.2300000e+034
-1.2300000e+034
-1.2300000e+034
-1.2300000e+034
-1.2300000e+034
-1.2300000e+034
-1.2300000e+034
-1.2300000e+034
-1.2300000e+034
-1.2300000e+034
-1.2300000e+034
-1.2300000e+034
-1.2300000e+034
-1.2300000e+034
-1.2300000e+034
-1.2300000e+034
-1.2300000e+034
-1.2300000e+034
-1.2300000e+034
-1.2300000e+034
-1.2300000e+034
-1.2300000e+034
-1.2300000e+034
-1.2300000e+034
-1.2300000e+034
-1.2300000e+034
-1.2300000e+034
-1.2300000e+034
-1.2300000e+034
-1.2300000e+034
-1.2300000e+034
-1.2300000e+034
-1.2300000e+034
-1.2300000e+034
-1.2300000e+034
-1.2300000e+034
-1.2300000e+034
-1.2300000e+034
-1.2300000e+034
-1.2300000e+034
-1.2300000e+034
-1.2300000e+034
-1.2300000e+034
-1.2300000e+034
-1.2300000e+034
-1.2300000e+034
-1.2300000e+034
-1.2300000e+034
-1.2300000e+034
-1.2300000e+034
-1.2300000e+034
-1.2300000e+034
-1.2300000e+034
-1.2300000e+034
-1.2300000e+034
-1.2300000e+034
-1.2300000e+034
-1.2300000e+034
-1.2300000e+034
-1.2300000e+034
-1.2300000e+034
-1.2300000e+034
-1.2300000e+034
-1.2300000e+034
-1.2300000e+034
-1.2300000e+034
-1.2300000e+034
 6.9408633e-002
 6.3227355e-002
 5.9665371e-002
 5.9082970e-002
 6.3066587e-002
 6.9624074e-002
 7.5985096e-002
 8.2223207e-002
 9.0505637e-002
 1.0098419e-001
 1.1156294e-001
 1.2079435e-001
 1.2954430e-001
 1.3780139e-001
 1.4432037e-001
 1.4877930e-001
 1.5184559e-001
 1.5399218e-001
 1.5564239e-001
 1.5895507e-001
 1.6035360e-001
 1.6467883e-001
 1.7034133e-001
 1.7479539e-001
 1.7889017e-001
 1.8179926e-001
 1.8361193e-001
 1.8468167e-001
 1.8528520e-001
 1.8550919e-001
 1.8526432e-001
 1.8463847e-001
 1.8347032e-001
 1.8174739e-001
 1.7964494e-001
 1.7714956e-001
 1.7396747e-001
 1.7018521e-001
 1.7146778e-001
 1.6732055e-001
 1.6273180e-001
 1.5825376e-001
 1.5434328e-001
 1.5059365e-001
 1.4704983e-001
 1.4464994e-001
 1.4373910e-001
 1.4450562e-001
 1.4706454e-001
 1.5023685e-001
 1.5231973e-001
 1.5340677e-001
 1.5559281e-001
 1.5923665e-001
 1.6285692e-001
 1.6574834e-001
 1.6816190e-001
 1.6994397e-001
 1.7127319e-001
 1.7245398e-001
 1.7357191e-001
 1.7452888e-001
 1.7530604e-001
 1.7585033e-001
 1.7618075e-001
 1.7609109e-001
 1.7565916e-001
 1.7494439e-001
 1.7387237e-001
 1.7250912e-001
 1.7108309e-001
 1.6993988e-001
 1.6905794e-001
 1.6839758e-001
 1.6775471e-001
 1.6670667e-001
 1.6553663e-001
 1.6406661e-001
 1.6238335e-001
 1.6038185e-001
 1.5795095e-001
 1.5525500e-001
 1.5225416e-001
 1.4880033e-001
 1.4479053e-001
 1.4015231e-001
 1.3607711e-001
 1.3357900e-001
 1.3153371e-001
 1.2866107e-001
 1.2574692e-001
 1.2315996e-001
 1.2097934e-001
 1.1962915e-001
 1.1875653e-001
 1.1804403e-001
 1.1716229e-001
 1.1576924e-001
 1.1402177e-001
 1.1188394e-001
 1.1004458e-001
 1.1019910e-001
