s07_AV97 Record=1335: Goethite WS222 Medium Gr.     BECKa AREF
 1.6548943e-002
 1.6756689e-002
 1.7476697e-002
 1.7521420e-002
 1.9627182e-002
 2.0725785e-002
 2.3092287e-002
 2.7050326e-002
 3.0956507e-002
 3.2424644e-002
 3.3557508e-002
 3.4532145e-002
 3.7464339e-002
 4.2383276e-002
 4.9734827e-002
 6.0509626e-002
 7.3977083e-002
 9.2313386e-002
 1.1354692e-001
 1.3709266e-001
 1.5905252e-001
 1.7757647e-001
 1.8943982e-001
 1.9629045e-001
 2.0027870e-001
 2.0108636e-001
 2.0103818e-001
 2.0132074e-001
 2.0290112e-001
 2.0500365e-001
 2.0880650e-001
 2.1287102e-001
 2.0815577e-001
 2.1165252e-001
 2.1849956e-001
 2.2627200e-001
 2.3482981e-001
 2.4469359e-001
 2.5481126e-001
 2.6545519e-001
 2.7386475e-001
 2.8027299e-001
 2.8307402e-001
 2.8365201e-001
 2.8054327e-001
 2.7538607e-001
 2.6897547e-001
 2.6232934e-001
 2.5487873e-001
 2.4903268e-001
 2.4024644e-001
 2.3503152e-001
 2.2780326e-001
 2.2621204e-001
 2.2468249e-001
 2.2131224e-001
 2.1829143e-001
 2.2242206e-001
 2.1977176e-001
 2.1887372e-001
 2.2109675e-001
 2.2036351e-001
 2.2290988e-001
 2.2781232e-001
 2.3111443e-001
 2.3503198e-001
 2.3922722e-001
 2.4126311e-001
 2.4697539e-001
 2.5226828e-001
 2.5753215e-001
 2.6369911e-001
 2.7126196e-001
 2.7989581e-001
 2.8861213e-001
 2.9835746e-001
 3.0746910e-001
 3.1956312e-001
 3.3177429e-001
 3.4590095e-001
 3.5692549e-001
 3.7228337e-001
 3.8695097e-001
 4.0161932e-001
 4.1656706e-001
 4.2923561e-001
 4.4497678e-001
 4.5701534e-001
 4.6947673e-001
 4.8049414e-001
 4.8968846e-001
 5.0022608e-001
 5.0699985e-001
 5.1381832e-001
 5.2032465e-001
 5.2507293e-001
 5.1714045e-001
 5.2278417e-001
 5.2810806e-001
 5.3176892e-001
 5.3316522e-001
 5.3641129e-001
 5.3832579e-001
 5.3924102e-001
 5.4124695e-001
 5.4268980e-001
 5.4471290e-001
 5.4432374e-001
 5.4670340e-001
 5.4852641e-001
 5.4719323e-001
 5.4653466e-001
 5.4604739e-001
 5.4801536e-001
 5.4817879e-001
 5.4885763e-001
 5.4914647e-001
 5.4837859e-001
 5.4979759e-001
 5.5233419e-001
 5.5067414e-001
 5.5284637e-001
 5.5216140e-001
 5.5302972e-001
 5.5423999e-001
 5.5415612e-001
 5.5385804e-001
 5.5425411e-001
 5.5356431e-001
 5.5154395e-001
 5.4925972e-001
 5.4715770e-001
 5.4430938e-001
 5.4273421e-001
 5.3996181e-001
 5.3810972e-001
 5.3423655e-001
 5.3559619e-001
 5.3257895e-001
 5.3544533e-001
 5.3074390e-001
 5.3361326e-001
 5.3282148e-001
 5.3158027e-001
 5.3227621e-001
 5.3273398e-001
 5.2847058e-001
 5.3046703e-001
 5.3087342e-001
 5.3050798e-001
 5.3212172e-001
 5.3428060e-001
 5.3336471e-001
 5.3051102e-001
 5.3548741e-001
 5.3648931e-001
 5.3720820e-001
 5.3703046e-001
 5.3735387e-001
 5.3541625e-001
 5.3651816e-001
 5.3480619e-001
 5.3489918e-001
 5.3212303e-001
 5.2837950e-001
 5.2411312e-001
 5.2558893e-001
 5.2573538e-001
 5.2607709e-001
 5.3028119e-001
 5.2964616e-001
 5.2682984e-001
 5.2752733e-001
 5.3186029e-001
 5.3666884e-001
 5.3990328e-001
 5.4718882e-001
 5.4988694e-001
 5.5206639e-001
 5.5365252e-001
 5.5379051e-001
 5.5879647e-001
 5.6124318e-001
 5.6357384e-001
 5.6840861e-001
 5.6425154e-001
 5.6443405e-001
 5.6291819e-001
 5.5883968e-001
 5.6090611e-001
 5.5972415e-001
 5.5106646e-001
 5.4643333e-001
 5.4200542e-001
 5.3911448e-001
 5.3877074e-001
 5.3093296e-001
 5.2503645e-001
 5.2476346e-001
 5.2173442e-001
 5.1792043e-001
 5.1410753e-001
 5.0748456e-001
 5.0502807e-001
 5.0040048e-001
 4.9362436e-001
 4.8633656e-001
 4.7750759e-001
 4.7643444e-001
 4.6647993e-001
 4.5742324e-001
 4.5002356e-001
 4.4013545e-001
 4.3423250e-001
 4.3199548e-001
 4.2987135e-001
 4.2845169e-001
 4.2917651e-001
 4.3104354e-001
 4.3276602e-001
 4.3291312e-001
 4.3210730e-001
 4.3134591e-001
 4.3135872e-001
