s07_AV97 Record=1600: Hypersthene PYX02.b 120um     BECKc AREF
 1.4884321e-001
 1.6457321e-001
 1.8010454e-001
 1.9618075e-001
 2.1360852e-001
 2.2575848e-001
 2.3094721e-001
 2.4452084e-001
 2.4965590e-001
 2.5678486e-001
 2.6381224e-001
 2.7111048e-001
 2.8040305e-001
 2.8663141e-001
 2.8519216e-001
 3.0503362e-001
 3.1033343e-001
 3.1071940e-001
 3.0649233e-001
 3.1302568e-001
 3.2093623e-001
 3.2547006e-001
 3.2945836e-001
 3.3258018e-001
 3.3466893e-001
 3.3675107e-001
 3.3982393e-001
 3.4292057e-001
 3.4558916e-001
 3.4816483e-001
 3.5030156e-001
 3.5195854e-001
 3.5003081e-001
 3.5161847e-001
 3.5335103e-001
 3.5376492e-001
 3.5169348e-001
 3.4772560e-001
 3.4001985e-001
 3.2829908e-001
 3.1252378e-001
 2.9209664e-001
 2.6724795e-001
 2.4067102e-001
 2.1312739e-001
 1.8665427e-001
 1.6250603e-001
 1.4117695e-001
 1.2250888e-001
 1.0778955e-001
 9.5547929e-002
 8.4872186e-002
 7.5748846e-002
 6.9962278e-002
 6.5732248e-002
 6.3607797e-002
 6.1340131e-002
 6.0703620e-002
 5.9774503e-002
 6.0116798e-002
 6.2668316e-002
 6.3662052e-002
 6.8168677e-002
 7.4501991e-002
 8.1640430e-002
 9.1033027e-002
 1.0227421e-001
 1.1840346e-001
 1.3690700e-001
 1.5720583e-001
 1.8011837e-001
 2.0674795e-001
 2.3100150e-001
 2.5775617e-001
 2.8142601e-001
 3.0239081e-001
 3.2032815e-001
 3.3621383e-001
 3.4748477e-001
 3.5689151e-001
 3.6449271e-001
 3.7025145e-001
 3.7502024e-001
 3.7797701e-001
 3.7980357e-001
 3.8226497e-001
 3.8539332e-001
 3.8668832e-001
 3.8695452e-001
 3.8904193e-001
 3.8887501e-001
 3.9033431e-001
 3.9028892e-001
 3.9082915e-001
 3.8967058e-001
 3.8963479e-001
 3.9017549e-001
 3.8989472e-001
 3.8881955e-001
 3.8784075e-001
 3.8623849e-001
 3.8399544e-001
 3.8149902e-001
 3.7804642e-001
 3.7392613e-001
 3.6989805e-001
 3.6518192e-001
 3.6012760e-001
 3.5297015e-001
 3.3960006e-001
 3.2590333e-001
 3.2695553e-001
 3.2230833e-001
 3.1480056e-001
 3.0624485e-001
 2.9935741e-001
 2.9049379e-001
 2.8102082e-001
 2.7258611e-001
 2.6332119e-001
 2.5342837e-001
 2.4390759e-001
 2.3511925e-001
 2.2608064e-001
 2.1731283e-001
 2.0934741e-001
 2.0170970e-001
 1.9353843e-001
 1.8514149e-001
 1.7794734e-001
 1.7109783e-001
 1.6454670e-001
 1.5759286e-001
 1.5161109e-001
 1.4665304e-001
 1.4070550e-001
 1.3689964e-001
 1.3160954e-001
 1.2612562e-001
 1.2149210e-001
 1.1937104e-001
 1.1617818e-001
 1.1278612e-001
 1.0770812e-001
 1.0690095e-001
 1.0466065e-001
 1.0192641e-001
 9.8715752e-002
 9.6593268e-002
 9.6647650e-002
 9.5117480e-002
 9.3853615e-002
 9.1865227e-002
 9.2238396e-002
 9.0912439e-002
 9.1283716e-002
 9.0665348e-002
 9.0086021e-002
 9.0908647e-002
 8.9824900e-002
 9.0325989e-002
 9.0073615e-002
 9.2439212e-002
 9.3003884e-002
 9.2534758e-002
 9.3818687e-002
 9.6015543e-002
 9.8737136e-002
 1.0170741e-001
 1.0297198e-001
 1.0556974e-001
 1.0863815e-001
 1.1104400e-001
 1.1711127e-001
 1.1975254e-001
 1.2303402e-001
 1.2910855e-001
 1.3356392e-001
 1.3979435e-001
 1.4471821e-001
 1.5147129e-001
 1.5686204e-001
 1.6484214e-001
 1.7154470e-001
 1.7626876e-001
 1.8478499e-001
 1.9540182e-001
 2.0185131e-001
 2.0719494e-001
 2.1586336e-001
 2.2403422e-001
 2.3234229e-001
 2.3779476e-001
 2.4470399e-001
 2.5228620e-001
 2.6074398e-001
 2.6674324e-001
 2.7400750e-001
 2.7967885e-001
 2.8477493e-001
 2.8806165e-001
 2.8636804e-001
 2.8541136e-001
 2.8854463e-001
 2.9495424e-001
 3.0784678e-001
 3.1739706e-001
 3.2337844e-001
 3.2770509e-001
 3.3188966e-001
 3.3221579e-001
 3.3336186e-001
 3.3633956e-001
 3.4013259e-001
 3.4324163e-001
 3.4447259e-001
 3.4448645e-001
 3.4438381e-001
 3.4470227e-001
 3.4585580e-001
 3.4791550e-001
 3.5001779e-001
 3.5111243e-001
 3.5060218e-001
