s07_AV97 Record=250: Alunite HS295.3B             ASDNGa AREF
 3.6059597e-001
 3.9548361e-001
 4.2524767e-001
 4.4874743e-001
 4.6645424e-001
 4.7988564e-001
 4.9059996e-001
 4.9969178e-001
 5.0734621e-001
 5.1404560e-001
 5.2052796e-001
 5.2786565e-001
 5.3680390e-001
 5.4750735e-001
 5.5947471e-001
 5.7235861e-001
 5.8607209e-001
 6.0101318e-001
 6.1731303e-001
 6.3459247e-001
 6.5230876e-001
 6.6921800e-001
 6.8693477e-001
 7.0413035e-001
 7.1982276e-001
 7.3350590e-001
 7.4533969e-001
 7.5554347e-001
 7.6449901e-001
 7.7286381e-001
 7.8102088e-001
 7.8884292e-001
 7.7971530e-001
 7.8742045e-001
 7.9431200e-001
 8.0031580e-001
 8.0552638e-001
 8.1020439e-001
 8.1414950e-001
 8.1684822e-001
 8.1853116e-001
 8.2044381e-001
 8.2140720e-001
 8.2073694e-001
 8.2070154e-001
 8.2204080e-001
 8.2301158e-001
 8.2528812e-001
 8.2637846e-001
 8.2612735e-001
 8.2655197e-001
 8.2735831e-001
 8.2751805e-001
 8.2690972e-001
 8.2624096e-001
 8.2528138e-001
 8.2414031e-001
 8.2332408e-001
 8.2395500e-001
 8.2659447e-001
 8.2737499e-001
 8.2644725e-001
 8.2567596e-001
 8.2328057e-001
 8.1674534e-001
 8.0602694e-001
 7.9347867e-001
 7.8634250e-001
 7.9079652e-001
 8.0770850e-001
 8.2619274e-001
 8.3292574e-001
 8.3476669e-001
 8.3552009e-001
 8.3592695e-001
 8.3589655e-001
 8.3523118e-001
 8.3438945e-001
 8.3337295e-001
 8.3277225e-001
 8.3546239e-001
 8.3783126e-001
 8.3725178e-001
 8.3515239e-001
 8.3246744e-001
 8.3022809e-001
 8.2841897e-001
 8.2507753e-001
 8.2052010e-001
 8.1276834e-001
 8.0172265e-001
 7.8601027e-001
 7.7371508e-001
 7.6167071e-001
 7.2930908e-001
 7.0576149e-001
 7.4938309e-001
 7.1242625e-001
 7.2191876e-001
 7.6462287e-001
 7.8976661e-001
 7.9156488e-001
 7.8046721e-001
 7.6151067e-001
 7.3670864e-001
 7.2537118e-001
 7.2530913e-001
 7.3308897e-001
 7.3749542e-001
 7.2598696e-001
 7.0387322e-001
 6.5856111e-001
 5.8210886e-001
 4.1007265e-001
 4.0368900e-001
 4.7071859e-001
 4.3096909e-001
 3.9402217e-001
 3.0123836e-001
 3.4440687e-001
 4.7163123e-001
 5.1750726e-001
 5.6352669e-001
 5.8551455e-001
 5.9252214e-001
 5.9896284e-001
 6.0155511e-001
 6.0150212e-001
 5.9928972e-001
 5.9626436e-001
 5.9397358e-001
 5.9279984e-001
 5.9160668e-001
 5.9062153e-001
 5.8774257e-001
 5.8347297e-001
 5.7803655e-001
 5.7058769e-001
 5.6127632e-001
 5.5129123e-001
 5.4167908e-001
 5.3223956e-001
 5.1929963e-001
 4.9545193e-001
 4.5883927e-001
 4.1778669e-001
 3.8150552e-001
 3.6098197e-001
 3.6893228e-001
 4.0930799e-001
 4.6876791e-001
 5.0320643e-001
 5.1259285e-001
 5.1297301e-001
 5.0886786e-001
 5.0307155e-001
 4.9671265e-001
 4.8764059e-001
 4.7439155e-001
 4.5571432e-001
 4.6227780e-001
 4.4012147e-001
 4.1404739e-001
 3.8577932e-001
 3.6149955e-001
 3.4646469e-001
 3.3862886e-001
 3.3082786e-001
 3.2286766e-001
 3.2189581e-001
 3.2360429e-001
 3.1559917e-001
 2.9890367e-001
 2.8670517e-001
 2.8629452e-001
 2.8499046e-001
 2.7835998e-001
 2.7048400e-001
 2.6322716e-001
 2.6205540e-001
 2.6323852e-001
 2.5740704e-001
 2.4128610e-001
 2.1294495e-001
 1.7318624e-001
 1.3862354e-001
 1.1941763e-001
 1.0381424e-001
 9.1532089e-002
 9.2620440e-002
 9.6587293e-002
 1.1613533e-001
 1.4730376e-001
 1.3437237e-001
 1.9796297e-001
 2.8144729e-001
 3.1242684e-001
 3.2167426e-001
 3.2141048e-001
 3.1918570e-001
 3.1380430e-001
 3.0318522e-001
 2.7931365e-001
 2.2520003e-001
 1.7638482e-001
 1.8660723e-001
 2.2467494e-001
 2.4955963e-001
 2.5087014e-001
 2.3258571e-001
 1.9148259e-001
 1.4448205e-001
 1.2127573e-001
 1.1326811e-001
 9.8921590e-002
 8.3650790e-002
 8.2823105e-002
 9.1990523e-002
 8.8091306e-002
 7.7220485e-002
 8.5484825e-002
 8.7226488e-002
 7.1426451e-002
-1.2300000e+034
