s07_AV97 Record=3095: Spodumene HS210.3B           ASDFRc AREF
 4.1535196e-001
 4.2656043e-001
 4.4717130e-001
 4.7143820e-001
 4.9022341e-001
 5.0610673e-001
 5.1709944e-001
 5.2936268e-001
 5.5268049e-001
 5.6535947e-001
 5.7347578e-001
 5.7997745e-001
 5.8670074e-001
 5.9364843e-001
 5.9930259e-001
 6.0640508e-001
 6.1303926e-001
 6.1811292e-001
 6.2175924e-001
 6.2512982e-001
 6.2842160e-001
 6.3165963e-001
 6.3512135e-001
 6.3875145e-001
 6.4235604e-001
 6.4537776e-001
 6.4764076e-001
 6.4980966e-001
 6.5201652e-001
 6.5402603e-001
 6.5592510e-001
 6.5749395e-001
 6.5563899e-001
 6.5723068e-001
 6.5835416e-001
 6.5935600e-001
 6.5925980e-001
 6.5910184e-001
 6.5885717e-001
 6.5866488e-001
 6.5852618e-001
 6.5839803e-001
 6.5838683e-001
 6.5807611e-001
 6.5729666e-001
 6.5595424e-001
 6.5410292e-001
 6.5195888e-001
 6.4962125e-001
 6.4714581e-001
 6.4480054e-001
 6.4258081e-001
 6.4069283e-001
 6.3911188e-001
 6.3782978e-001
 6.3704753e-001
 6.3643265e-001
 6.3586670e-001
 6.3529593e-001
 6.3456893e-001
 6.3377804e-001
 6.3265687e-001
 6.3145411e-001
 6.2997133e-001
 6.2894261e-001
 6.2797141e-001
 6.2703466e-001
 6.2610990e-001
 6.2564141e-001
 6.2506545e-001
 6.2560070e-001
 6.2609965e-001
 6.2679541e-001
 6.2873691e-001
 6.3023275e-001
 6.3252813e-001
 6.3481879e-001
 6.3800871e-001
 6.4113814e-001
 6.4427006e-001
 6.4855403e-001
 6.5201408e-001
 6.5559739e-001
 6.5966320e-001
 6.6322756e-001
 6.6734397e-001
 6.7068827e-001
 6.7435998e-001
 6.7813647e-001
 6.8182844e-001
 6.8531567e-001
 6.8890506e-001
 6.9153720e-001
 6.9451272e-001
 6.9696289e-001
 6.9945562e-001
 6.9545728e-001
 6.9838583e-001
 7.0066118e-001
 7.0210314e-001
 7.0350879e-001
 7.0443857e-001
 7.0504236e-001
 7.0543730e-001
 7.0537549e-001
 7.0542073e-001
 7.0422310e-001
 7.0244163e-001
 6.9892591e-001
 6.9105113e-001
 6.8079346e-001
 6.6851717e-001
 6.6401535e-001
 6.7471790e-001
 6.8200642e-001
 6.8480200e-001
 6.8560100e-001
 6.8527877e-001
 6.8511081e-001
 6.8564308e-001
 6.8594795e-001
 6.8587434e-001
 6.8539697e-001
 6.8414927e-001
 6.8347466e-001
 6.8277091e-001
 6.8238157e-001
 6.8098432e-001
 6.8050963e-001
 6.7943668e-001
 6.7875981e-001
 6.7828453e-001
 6.7783511e-001
 6.7762274e-001
 6.7773950e-001
 6.7755365e-001
 6.7778045e-001
 6.7802048e-001
 6.7904484e-001
 6.7973793e-001
 6.8088055e-001
 6.8194544e-001
 6.8333000e-001
 6.8459797e-001
 6.8599421e-001
 6.8691826e-001
 6.8838012e-001
 6.8979567e-001
 6.9185638e-001
 6.9436908e-001
 6.9663763e-001
 6.9909030e-001
 7.0169210e-001
 7.0359701e-001
 7.0568955e-001
 7.0789617e-001
 7.1101815e-001
 7.1263468e-001
 7.0941615e-001
 7.0122468e-001
 7.0567042e-001
 6.9006765e-001
 6.6408962e-001
 6.4680636e-001
 6.5197355e-001
 6.6414696e-001
 6.7308599e-001
 6.7943931e-001
 6.8442947e-001
 6.8941712e-001
 6.9504696e-001
 7.0029718e-001
 7.0582986e-001
 7.1116531e-001
 7.1578312e-001
 7.2038740e-001
 7.2388077e-001
 7.2694206e-001
 7.2993886e-001
 7.3167974e-001
 7.3352933e-001
 7.3396462e-001
 7.3397446e-001
 7.3388588e-001
 7.3335522e-001
 7.3218733e-001
 7.2936064e-001
 7.2216147e-001
 7.1216500e-001
 7.0175856e-001
 6.8972278e-001
 6.7492443e-001
 6.6386145e-001
 6.6795421e-001
 6.8305850e-001
 6.9172418e-001
 6.9589478e-001
 6.9928980e-001
 7.0194453e-001
 7.0287508e-001
 7.0147055e-001
 6.9729108e-001
 6.9174403e-001
 6.8622535e-001
 6.7847484e-001
 6.7200357e-001
 6.6383183e-001
 6.5715075e-001
 6.5147537e-001
 6.4886224e-001
 6.4447820e-001
 6.4106184e-001
 6.3859469e-001
 6.3335705e-001
 6.2823546e-001
 6.2229484e-001
 6.1536086e-001
 6.1098778e-001
 6.0734212e-001
 6.0269690e-001
 5.9728581e-001
 5.9224480e-001
 5.9279275e-001
-1.2300000e+034
