s07_AV97 Record=822: Chromite HS281.4B            ASDFRc AREF
 5.3212233e-002
 5.3435203e-002
 5.4811638e-002
 5.6066368e-002
 5.7784975e-002
 6.0000286e-002
 6.3161261e-002
 6.6902921e-002
 6.9745772e-002
 7.1249321e-002
 7.2336644e-002
 7.3598072e-002
 7.5346299e-002
 7.7512383e-002
 7.9886824e-002
 8.2125269e-002
 8.4305346e-002
 8.6585686e-002
 8.8785470e-002
 9.0988271e-002
 9.2955001e-002
 9.4929740e-002
 9.6734226e-002
 9.8653555e-002
 1.0069838e-001
 1.0259502e-001
 1.0469094e-001
 1.0659797e-001
 1.0793447e-001
 1.0900852e-001
 1.0998094e-001
 1.1094525e-001
 1.0981754e-001
 1.1077370e-001
 1.1148699e-001
 1.1209724e-001
 1.1289316e-001
 1.1363066e-001
 1.1434578e-001
 1.1495770e-001
 1.1554100e-001
 1.1615786e-001
 1.1683571e-001
 1.1733142e-001
 1.1784893e-001
 1.1826047e-001
 1.1858136e-001
 1.1884478e-001
 1.1908206e-001
 1.1926155e-001
 1.1953694e-001
 1.1972501e-001
 1.2013841e-001
 1.2040622e-001
 1.2088636e-001
 1.2145317e-001
 1.2195059e-001
 1.2249211e-001
 1.2309647e-001
 1.2370125e-001
 1.2449832e-001
 1.2519395e-001
 1.2555347e-001
 1.2657967e-001
 1.2735175e-001
 1.2819980e-001
 1.2909475e-001
 1.2995765e-001
 1.3113099e-001
 1.3152149e-001
 1.3270518e-001
 1.3228168e-001
 1.3304093e-001
 1.3357756e-001
 1.3406378e-001
 1.3479905e-001
 1.3552761e-001
 1.3635494e-001
 1.3699472e-001
 1.3757589e-001
 1.3846087e-001
 1.3902438e-001
 1.3965720e-001
 1.4035568e-001
 1.4094082e-001
 1.4156680e-001
 1.4204952e-001
 1.4260124e-001
 1.4308310e-001
 1.4370525e-001
 1.4425801e-001
 1.4502573e-001
 1.4554337e-001
 1.4615522e-001
 1.4642276e-001
 1.4668171e-001
 1.4608686e-001
 1.4657296e-001
 1.4680399e-001
 1.4696161e-001
 1.4750330e-001
 1.4804438e-001
 1.4888844e-001
 1.4947353e-001
 1.5005797e-001
 1.5046124e-001
 1.5082516e-001
 1.5081948e-001
 1.5022741e-001
 1.4040658e-001
 1.3192168e-001
 1.4020611e-001
 1.3938573e-001
 1.3996178e-001
 1.3782838e-001
 1.3648960e-001
 1.3664885e-001
 1.3700747e-001
 1.3693103e-001
 1.3595127e-001
 1.3439578e-001
 1.3244444e-001
 1.3050602e-001
 1.2881613e-001
 1.2731759e-001
 1.2613662e-001
 1.2493774e-001
 1.2399417e-001
 1.2312164e-001
 1.2230341e-001
 1.2162726e-001
 1.2101040e-001
 1.2024977e-001
 1.1958911e-001
 1.1899556e-001
 1.1823222e-001
 1.1751562e-001
 1.1682583e-001
 1.1620514e-001
 1.1566319e-001
 1.1505810e-001
 1.1446584e-001
 1.1385605e-001
 1.1292809e-001
 1.1205193e-001
 1.1114871e-001
 1.1035109e-001
 1.0930168e-001
 1.0866834e-001
 1.0788447e-001
 1.0710470e-001
 1.0617908e-001
 1.0532066e-001
 1.0414717e-001
 1.0302038e-001
 1.0187189e-001
 1.0074414e-001
 9.9581994e-002
 9.8476723e-002
 9.8065279e-002
 9.8069139e-002
 9.8136663e-002
 9.7703092e-002
 9.7507372e-002
 9.6801527e-002
 9.6106984e-002
 9.4833925e-002
 9.3380056e-002
 9.2567056e-002
 9.1447495e-002
 9.0329029e-002
 8.9694828e-002
 8.9409828e-002
 8.9641809e-002
 9.0551265e-002
 9.1524750e-002
 9.2431709e-002
 9.3076244e-002
 9.3534902e-002
 9.3631096e-002
 9.3799777e-002
 9.3388520e-002
 9.2595622e-002
 9.1945939e-002
 9.1937520e-002
 9.1728240e-002
 9.1304086e-002
 9.0653770e-002
 9.0390660e-002
 8.9686528e-002
 8.8798977e-002
 8.7990701e-002
 8.6948685e-002
 8.5605577e-002
 8.3431147e-002
 7.9440556e-002
 7.4817136e-002
 7.2816558e-002
 7.2166599e-002
 7.1330972e-002
 7.0946567e-002
 6.8829440e-002
 6.7362316e-002
 6.6775747e-002
 6.4786822e-002
 6.3628562e-002
 6.4869277e-002
 6.6329196e-002
 6.7913465e-002
 6.9656186e-002
 7.0544370e-002
 7.0754468e-002
 7.1678236e-002
 7.3350593e-002
 7.3422447e-002
 7.2382644e-002
 7.1015298e-002
 6.9621578e-002
 6.8429045e-002
 6.6462196e-002
 6.5907851e-002
 6.5661356e-002
 6.8496898e-002
-1.2300000e+034
