s07_AV97 Record=3470: Witherite HS273.2B           ASDFRa AREF
 7.2894144e-001
 7.3507458e-001
 7.4278039e-001
 7.4970579e-001
 7.5612044e-001
 7.6144058e-001
 7.6692355e-001
 7.7191865e-001
 7.7660549e-001
 7.8089589e-001
 7.8470498e-001
 7.8815353e-001
 7.9114056e-001
 7.9378939e-001
 7.9674178e-001
 8.0012321e-001
 8.0302519e-001
 8.0520201e-001
 8.0692399e-001
 8.0825597e-001
 8.0934584e-001
 8.1008267e-001
 8.1088650e-001
 8.1152183e-001
 8.1226307e-001
 8.1311399e-001
 8.1351477e-001
 8.1417525e-001
 8.1478226e-001
 8.1542230e-001
 8.1600720e-001
 8.1662351e-001
 8.1590629e-001
 8.1651086e-001
 8.1708372e-001
 8.1794459e-001
 8.1857735e-001
 8.1918979e-001
 8.1975698e-001
 8.2034242e-001
 8.2100236e-001
 8.2144547e-001
 8.2195252e-001
 8.2233548e-001
 8.2264882e-001
 8.2297546e-001
 8.2312721e-001
 8.2342494e-001
 8.2377398e-001
 8.2409364e-001
 8.2437927e-001
 8.2469261e-001
 8.2510465e-001
 8.2556307e-001
 8.2589722e-001
 8.2629353e-001
 8.2671767e-001
 8.2714534e-001
 8.2763195e-001
 8.2803357e-001
 8.2841229e-001
 8.2863182e-001
 8.2900131e-001
 8.2924032e-001
 8.2940084e-001
 8.2969087e-001
 8.2993644e-001
 8.3018392e-001
 8.3049721e-001
 8.3075243e-001
 8.3093858e-001
 8.3093572e-001
 8.3099991e-001
 8.3139122e-001
 8.3152437e-001
 8.3192092e-001
 8.3181691e-001
 8.3199996e-001
 8.3192617e-001
 8.3200550e-001
 8.3242542e-001
 8.3258492e-001
 8.3249527e-001
 8.3269250e-001
 8.3300680e-001
 8.3298367e-001
 8.3280808e-001
 8.3290207e-001
 8.3311826e-001
 8.3325416e-001
 8.3332986e-001
 8.3368713e-001
 8.3398926e-001
 8.3414668e-001
 8.3413112e-001
 8.3416939e-001
 8.3398503e-001
 8.3418465e-001
 8.3425623e-001
 8.3415735e-001
 8.3408672e-001
 8.3365446e-001
 8.3379257e-001
 8.3383060e-001
 8.3365506e-001
 8.3326775e-001
 8.3321249e-001
 8.3313656e-001
 8.3299929e-001
 8.3263731e-001
 8.3249694e-001
 8.3247554e-001
 8.3278251e-001
 8.3276272e-001
 8.3283210e-001
 8.3288288e-001
 8.3276433e-001
 8.3299476e-001
 8.3344477e-001
 8.3341795e-001
 8.3367854e-001
 8.3359879e-001
 8.3363926e-001
 8.3422804e-001
 8.3492506e-001
 8.3480090e-001
 8.3475178e-001
 8.3526129e-001
 8.3491397e-001
 8.3442533e-001
 8.3426088e-001
 8.3392560e-001
 8.3431476e-001
 8.3456665e-001
 8.3480477e-001
 8.3468449e-001
 8.3511811e-001
 8.3516586e-001
 8.3497894e-001
 8.3507121e-001
 8.3431071e-001
 8.3475041e-001
 8.3528936e-001
 8.3499879e-001
 8.3369547e-001
 8.3280748e-001
 8.3173281e-001
 8.3117747e-001
 8.3116287e-001
 8.3126891e-001
 8.3075064e-001
 8.3088762e-001
 8.3296037e-001
 8.3301085e-001
 8.3254427e-001
 8.3154702e-001
 8.3015198e-001
 8.2849079e-001
 8.2560122e-001
 8.2218778e-001
 8.2329530e-001
 8.2097876e-001
 8.1749409e-001
 8.0847907e-001
 8.0055410e-001
 8.0969507e-001
 8.1726104e-001
 8.1941915e-001
 8.1979549e-001
 8.2004088e-001
 8.1982851e-001
 8.1850910e-001
 8.1621146e-001
 8.1509703e-001
 8.1543326e-001
 8.1257290e-001
 8.0425549e-001
 8.0294138e-001
 8.1868201e-001
 8.2721215e-001
 8.2988286e-001
 8.3076596e-001
 8.3143240e-001
 8.3208853e-001
 8.3262128e-001
 8.3084404e-001
 8.2956201e-001
 8.2749635e-001
 8.2536322e-001
 8.2486397e-001
 8.2354921e-001
 8.1880438e-001
 8.0711615e-001
 7.9947013e-001
 8.1037146e-001
 8.1874204e-001
 8.1825930e-001
 8.1607443e-001
 8.1228691e-001
 8.0693001e-001
 8.0051297e-001
 7.9289073e-001
 7.8305423e-001
 7.7210188e-001
 7.6079363e-001
 7.4640667e-001
 7.3597974e-001
 7.3077822e-001
 7.2355920e-001
 7.0792705e-001
 6.7208987e-001
 6.3662642e-001
 6.6877949e-001
 7.2698593e-001
 7.6330894e-001
 7.7782387e-001
 7.8456366e-001
 7.8355801e-001
 7.8336364e-001
 7.8026581e-001
 7.7629054e-001
 7.7238452e-001
 7.6484531e-001
-1.2300000e+034
