s07_AV97 Record=2949: Sepiolite SepSp-1            NIC4cb RREF
-1.2300000e+034
-1.2300000e+034
-1.2300000e+034
-1.2300000e+034
-1.2300000e+034
-1.2300000e+034
-1.2300000e+034
-1.2300000e+034
-1.2300000e+034
-1.2300000e+034
-1.2300000e+034
-1.2300000e+034
-1.2300000e+034
-1.2300000e+034
-1.2300000e+034
-1.2300000e+034
-1.2300000e+034
-1.2300000e+034
-1.2300000e+034
-1.2300000e+034
-1.2300000e+034
-1.2300000e+034
-1.2300000e+034
-1.2300000e+034
-1.2300000e+034
-1.2300000e+034
-1.2300000e+034
-1.2300000e+034
-1.2300000e+034
-1.2300000e+034
-1.2300000e+034
-1.2300000e+034
-1.2300000e+034
-1.2300000e+034
-1.2300000e+034
-1.2300000e+034
-1.2300000e+034
-1.2300000e+034
-1.2300000e+034
-1.2300000e+034
-1.2300000e+034
-1.2300000e+034
-1.2300000e+034
-1.2300000e+034
-1.2300000e+034
-1.2300000e+034
-1.2300000e+034
-1.2300000e+034
-1.2300000e+034
-1.2300000e+034
-1.2300000e+034
-1.2300000e+034
-1.2300000e+034
-1.2300000e+034
-1.2300000e+034
-1.2300000e+034
-1.2300000e+034
-1.2300000e+034
-1.2300000e+034
-1.2300000e+034
-1.2300000e+034
-1.2300000e+034
-1.2300000e+034
-1.2300000e+034
-1.2300000e+034
-1.2300000e+034
-1.2300000e+034
-1.2300000e+034
-1.2300000e+034
-1.2300000e+034
-1.2300000e+034
-1.2300000e+034
-1.2300000e+034
-1.2300000e+034
-1.2300000e+034
-1.2300000e+034
-1.2300000e+034
-1.2300000e+034
-1.2300000e+034
-1.2300000e+034
-1.2300000e+034
-1.2300000e+034
-1.2300000e+034
-1.2300000e+034
-1.2300000e+034
-1.2300000e+034
-1.2300000e+034
-1.2300000e+034
-1.2300000e+034
-1.2300000e+034
-1.2300000e+034
-1.2300000e+034
-1.2300000e+034
-1.2300000e+034
-1.2300000e+034
-1.2300000e+034
-1.2300000e+034
-1.2300000e+034
-1.2300000e+034
-1.2300000e+034
-1.2300000e+034
-1.2300000e+034
-1.2300000e+034
-1.2300000e+034
-1.2300000e+034
-1.2300000e+034
-1.2300000e+034
-1.2300000e+034
 4.5324036e-001
 4.3216944e-001
 4.1237414e-001
 3.9817157e-001
 3.8314220e-001
 3.8104391e-001
 3.8479215e-001
 3.8779622e-001
 3.9010805e-001
 3.9155582e-001
 3.9538607e-001
 4.0135774e-001
 4.0677992e-001
 4.1126356e-001
 4.1492650e-001
 4.1786471e-001
 4.2092606e-001
 4.2433044e-001
 4.2783076e-001
 4.3101212e-001
 4.3386427e-001
 4.3663758e-001
 4.3934807e-001
 4.4229758e-001
 4.4529328e-001
 4.4817561e-001
 4.5073274e-001
 4.5288825e-001
 4.5496112e-001
 4.5696563e-001
 4.5900077e-001
 4.6086359e-001
 4.6243188e-001
 4.6339366e-001
 4.6389508e-001
 4.6414623e-001
 4.6446010e-001
 4.6499085e-001
 4.6526563e-001
 4.6509710e-001
 4.6444795e-001
 4.6353436e-001
 4.6225896e-001
 4.6148089e-001
 4.6143982e-001
 4.6140313e-001
 4.6094516e-001
 4.5961756e-001
 4.5721126e-001
 4.5187342e-001
 4.3761876e-001
 4.0559611e-001
 4.1834632e-001
 3.6691597e-001
 3.1740090e-001
 3.0372733e-001
 2.9681176e-001
 3.1253275e-001
 3.4471226e-001
 3.7428841e-001
 3.9345863e-001
 4.0432757e-001
 4.1080442e-001
 4.1697574e-001
 4.2409658e-001
 4.3113226e-001
 4.3686110e-001
 4.4118860e-001
 4.4394574e-001
 4.4524068e-001
 4.4577268e-001
 4.4567120e-001
 4.4473976e-001
 4.4419608e-001
 4.4379631e-001
 4.4324344e-001
 4.4235638e-001
 4.4085324e-001
 4.3986803e-001
 4.3766704e-001
 4.3529177e-001
 4.3078703e-001
 4.2014131e-001
 4.0749884e-001
 4.1885674e-001
 4.2107412e-001
 4.1950384e-001
 4.1827238e-001
 4.1749239e-001
 4.1590300e-001
 4.1250515e-001
 4.0629590e-001
 3.9267740e-001
 3.6881086e-001
 3.5554326e-001
 3.3275890e-001
 3.4574535e-001
 3.7037569e-001
 3.7457269e-001
 3.6760905e-001
 3.5685462e-001
 3.4511647e-001
 3.3013585e-001
 3.1330153e-001
 3.1091452e-001
 3.1103009e-001
 3.0445284e-001
 2.9818994e-001
 2.9322356e-001
 2.9041469e-001
 2.8763163e-001
 2.8588822e-001
 2.8384355e-001
 2.8008959e-001
 2.7518579e-001
 2.7055377e-001
