s07_AV97 Record=523: Axinite HS342.3B              BECKb AREF
 2.0702279e-001
 2.1853144e-001
 2.5244811e-001
 3.0567971e-001
 3.2188949e-001
 2.9668456e-001
 3.1173441e-001
 3.1259343e-001
 3.2843789e-001
 3.4343359e-001
 3.4911805e-001
 3.5947692e-001
 3.5886046e-001
 3.5555321e-001
 3.5282603e-001
 3.5098159e-001
 3.5395154e-001
 3.5579225e-001
 3.5920301e-001
 3.6549252e-001
 3.7392041e-001
 3.8321438e-001
 3.9208072e-001
 4.0455642e-001
 4.1714284e-001
 4.3054810e-001
 4.4342804e-001
 4.5668885e-001
 4.6980163e-001
 4.8391318e-001
 4.9961591e-001
 5.1616544e-001
 4.9737725e-001
 5.1268536e-001
 5.2811450e-001
 5.4401958e-001
 5.5973434e-001
 5.7552272e-001
 5.9113973e-001
 6.0608047e-001
 6.1858469e-001
 6.3010615e-001
 6.3894320e-001
 6.4772415e-001
 6.5244836e-001
 6.5381151e-001
 6.4693737e-001
 6.3677096e-001
 6.2070101e-001
 5.9462035e-001
 5.3339022e-001
 5.1150608e-001
 4.8004043e-001
 4.3906441e-001
 3.9632004e-001
 3.4952661e-001
 3.1399214e-001
 2.7468410e-001
 2.4331793e-001
 2.1516071e-001
 1.8946947e-001
 1.6761959e-001
 1.4458406e-001
 1.3098408e-001
 1.1722113e-001
 1.0727660e-001
 9.6074864e-002
 9.1391534e-002
 8.3098188e-002
 7.7647805e-002
 7.3254414e-002
 6.9936328e-002
 6.7154601e-002
 6.5687902e-002
 6.2667832e-002
 6.0227763e-002
 5.8001786e-002
 5.6578722e-002
 5.6204345e-002
 5.5152401e-002
 5.4381985e-002
 5.2704372e-002
 5.2534938e-002
 5.1900458e-002
 5.3170823e-002
 5.0706331e-002
 5.2044757e-002
 5.2894231e-002
 5.2394137e-002
 5.3784676e-002
 5.2977648e-002
 5.3804766e-002
 5.5969905e-002
 5.6792878e-002
 5.7555631e-002
 5.9490409e-002
 5.6764059e-002
 5.9057880e-002
 6.0272034e-002
 6.3338995e-002
 6.6937834e-002
 6.9820762e-002
 7.2118394e-002
 7.4823029e-002
 8.3549082e-002
 9.1929488e-002
 1.0055692e-001
 1.1177111e-001
 1.2205135e-001
 1.3644545e-001
 1.5383820e-001
 1.6992795e-001
 1.9025540e-001
 2.0841794e-001
 2.2790663e-001
 2.3749988e-001
 2.5740254e-001
 2.8010997e-001
 2.9241043e-001
 3.0113009e-001
 3.0591038e-001
 3.0743200e-001
 3.0433792e-001
 2.9791561e-001
 2.9095918e-001
 2.8302237e-001
 2.7735347e-001
 2.7640396e-001
 2.7137920e-001
 2.6675031e-001
 2.5503352e-001
 2.4721111e-001
 2.4020442e-001
 2.3024458e-001
 2.2324187e-001
 2.2034389e-001
 2.0702682e-001
 1.9743583e-001
 1.8822524e-001
 1.8025330e-001
 1.7669566e-001
 1.7182745e-001
 1.6301626e-001
 1.5404892e-001
 1.4983182e-001
 1.4308377e-001
 1.3879554e-001
 1.3458931e-001
 1.3167468e-001
 1.2904628e-001
 1.2483895e-001
 1.1766562e-001
 1.1413963e-001
 1.1131542e-001
 1.1117093e-001
 1.0550653e-001
 1.0040797e-001
 9.9267595e-002
 9.8673239e-002
 9.3925066e-002
 9.5824100e-002
 9.3412839e-002
 9.2633538e-002
 8.8156894e-002
 8.8292696e-002
 8.4632926e-002
 8.3917119e-002
 8.5040458e-002
 8.4881522e-002
 8.3441712e-002
 8.1379145e-002
 8.1678361e-002
 8.2212031e-002
 7.8468211e-002
 8.0629736e-002
 7.9121150e-002
 7.5410359e-002
 7.9809889e-002
 7.8982510e-002
 7.4877955e-002
 7.5022481e-002
 7.9522565e-002
 7.7714562e-002
 7.8998424e-002
 7.7825122e-002
 7.9565145e-002
 8.0930203e-002
 8.0208912e-002
 8.3111994e-002
 8.1280187e-002
 8.2308866e-002
 8.4094010e-002
 8.5816599e-002
 8.7415263e-002
 8.7146834e-002
 8.9385599e-002
 8.8893674e-002
 8.7604105e-002
 8.4481284e-002
 8.2963333e-002
 8.4560767e-002
 8.6659320e-002
 8.0572873e-002
 6.7393385e-002
 7.2129570e-002
 7.6084428e-002
 8.9210458e-002
 1.0228091e-001
 1.0757891e-001
 1.0354534e-001
 1.1523551e-001
 1.3654974e-001
 1.4875925e-001
 1.5786542e-001
 1.6774231e-001
 1.7878228e-001
 1.8923485e-001
 1.9707848e-001
 2.0220923e-001
 2.0720837e-001
 2.1250211e-001
 2.1761094e-001
 2.2174521e-001
 2.2451380e-001
