s07_AV97 Record=3501: Zoisite HS347.1B             ASDFRb AREF
 5.3150254e-001
 5.4711914e-001
 5.4643035e-001
 5.3365546e-001
 5.1491779e-001
 4.9648950e-001
 4.8889601e-001
 4.9959895e-001
 5.2467352e-001
 5.5573970e-001
 5.7590729e-001
 5.6944573e-001
 5.6220722e-001
 5.3732717e-001
 4.9403754e-001
 4.6132573e-001
 4.4897509e-001
 4.5766771e-001
 4.8237830e-001
 5.2077019e-001
 5.6982440e-001
 6.2349290e-001
 6.7369848e-001
 7.1151149e-001
 7.3853606e-001
 7.5284940e-001
 7.6056111e-001
 7.6009405e-001
 7.5496852e-001
 7.4729311e-001
 7.3878908e-001
 7.3007345e-001
 7.4019277e-001
 7.3175001e-001
 7.2331309e-001
 7.1517539e-001
 7.0724213e-001
 7.0009154e-001
 6.9335085e-001
 6.8763155e-001
 6.8283319e-001
 6.7896307e-001
 6.7650652e-001
 6.7492294e-001
 6.7438531e-001
 6.7465287e-001
 6.7646235e-001
 6.7879498e-001
 6.8235439e-001
 6.8680209e-001
 6.9180745e-001
 6.9766265e-001
 7.0398748e-001
 7.1109277e-001
 7.1861279e-001
 7.2686589e-001
 7.3510981e-001
 7.4374270e-001
 7.5285453e-001
 7.6190186e-001
 7.7072716e-001
 7.8025621e-001
 7.8933001e-001
 7.9781252e-001
 8.0587566e-001
 8.1443650e-001
 8.2276815e-001
 8.3015525e-001
 8.3802617e-001
 8.4350240e-001
 8.4777683e-001
 8.5108644e-001
 8.5419917e-001
 8.5715443e-001
 8.5966969e-001
 8.6243939e-001
 8.6465448e-001
 8.6695820e-001
 8.6911190e-001
 8.7128764e-001
 8.7337518e-001
 8.7540162e-001
 8.7766039e-001
 8.7849325e-001
 8.7946510e-001
 8.8081455e-001
 8.8253814e-001
 8.8427550e-001
 8.8617080e-001
 8.8813388e-001
 8.8999832e-001
 8.9164686e-001
 8.9332306e-001
 8.9482826e-001
 8.9606321e-001
 8.9816761e-001
 8.9530569e-001
 8.9717460e-001
 8.9882249e-001
 9.0034568e-001
 9.0228921e-001
 9.0358955e-001
 9.0504247e-001
 9.0588772e-001
 9.0687466e-001
 9.0779543e-001
 9.0709662e-001
 9.0719116e-001
 9.0719426e-001
 9.0613359e-001
 9.0430343e-001
 9.0356940e-001
 9.0210253e-001
 9.0148419e-001
 9.0146238e-001
 9.0204203e-001
 9.0177637e-001
 9.0209287e-001
 9.0111685e-001
 9.0098113e-001
 8.9960337e-001
 8.9819759e-001
 8.9649141e-001
 8.9409405e-001
 8.9024168e-001
 8.8617986e-001
 8.8184780e-001
 8.7880647e-001
 8.7469739e-001
 8.7017596e-001
 8.6549348e-001
 8.6117578e-001
 8.5518754e-001
 8.4904152e-001
 8.4471691e-001
 8.3958727e-001
 8.3462715e-001
 8.3230871e-001
 8.3262128e-001
 8.3501035e-001
 8.3669388e-001
 8.3902395e-001
 8.4149438e-001
 8.4450763e-001
 8.4848869e-001
 8.5115826e-001
 8.5383129e-001
 8.5819483e-001
 8.6197579e-001
 8.6588597e-001
 8.6891788e-001
 8.7148184e-001
 8.7455916e-001
 8.7542051e-001
 8.7177241e-001
 8.6504996e-001
 8.6425471e-001
 8.6616778e-001
 8.6720514e-001
 8.6799222e-001
 8.6737067e-001
 8.6895853e-001
 8.6640364e-001
 8.6223394e-001
 8.5860473e-001
 8.5701865e-001
 8.5763645e-001
 8.6103308e-001
 8.6242044e-001
 8.6473620e-001
 8.6682028e-001
 8.6818761e-001
 8.7024683e-001
 8.7243348e-001
 8.7553322e-001
 8.7711239e-001
 8.7827569e-001
 8.7963182e-001
 8.8156879e-001
 8.8222629e-001
 8.8283908e-001
 8.8342965e-001
 8.8471150e-001
 8.8560319e-001
 8.8511235e-001
 8.8525528e-001
 8.8453346e-001
 8.8363844e-001
 8.8336545e-001
 8.8148355e-001
 8.7746286e-001
 8.7473512e-001
 8.7307507e-001
 8.7032717e-001
 8.6451560e-001
 8.5896027e-001
 8.5315204e-001
 8.4413838e-001
 8.3831233e-001
 8.3658510e-001
 8.2895517e-001
 8.0896908e-001
 7.9360038e-001
 8.0017751e-001
 8.0498809e-001
 7.9701656e-001
 7.8374237e-001
 7.7595824e-001
 7.8431565e-001
 8.0344737e-001
 8.1573939e-001
 8.1792235e-001
 8.1217390e-001
 8.0407244e-001
 7.9275805e-001
 7.8584152e-001
 7.6923341e-001
 7.5136000e-001
 7.2244990e-001
 6.9785035e-001
 7.0802379e-001
 7.4231291e-001
 7.6404142e-001
-1.2300000e+034
