s07_AV97 Record=3502: Zoisite HS347.2B             ASDFRb AREF
 4.4141760e-001
 4.3685293e-001
 4.0037346e-001
 3.5548759e-001
 3.1529209e-001
 2.8590587e-001
 2.7438006e-001
 2.8606418e-001
 3.1770122e-001
 3.6022419e-001
 3.8319358e-001
 3.6332232e-001
 3.4729701e-001
 3.1269839e-001
 2.6350173e-001
 2.3117693e-001
 2.1919188e-001
 2.2559229e-001
 2.4756202e-001
 2.8659844e-001
 3.4444019e-001
 4.1717279e-001
 4.9356353e-001
 5.5824101e-001
 6.0671067e-001
 6.3224131e-001
 6.3860631e-001
 6.2955445e-001
 6.1265123e-001
 5.9266007e-001
 5.7246876e-001
 5.5322361e-001
 5.7564473e-001
 5.5680859e-001
 5.3917384e-001
 5.2297366e-001
 5.0794727e-001
 4.9457338e-001
 4.8294950e-001
 4.7299942e-001
 4.6456406e-001
 4.5794564e-001
 4.5314839e-001
 4.4999343e-001
 4.4842249e-001
 4.4835001e-001
 4.4950280e-001
 4.5238379e-001
 4.5673639e-001
 4.6226370e-001
 4.6893823e-001
 4.7680473e-001
 4.8586383e-001
 4.9577740e-001
 5.0673771e-001
 5.1852709e-001
 5.3090912e-001
 5.4402399e-001
 5.5763769e-001
 5.7161868e-001
 5.8601499e-001
 6.0061759e-001
 6.1519748e-001
 6.2945747e-001
 6.4325923e-001
 6.5710509e-001
 6.7037708e-001
 6.8282932e-001
 6.9422883e-001
 7.0471048e-001
 7.1422559e-001
 7.2189862e-001
 7.2977120e-001
 7.3609537e-001
 7.4185008e-001
 7.4735445e-001
 7.5203896e-001
 7.5678289e-001
 7.6108962e-001
 7.6512468e-001
 7.6884329e-001
 7.7243733e-001
 7.7643949e-001
 7.7979201e-001
 7.8319669e-001
 7.8750134e-001
 7.9120481e-001
 7.9601735e-001
 8.0098808e-001
 8.0585843e-001
 8.1159633e-001
 8.1647670e-001
 8.2109392e-001
 8.2566303e-001
 8.3017719e-001
 8.3548200e-001
 8.2767409e-001
 8.3268279e-001
 8.3791995e-001
 8.4349811e-001
 8.4909183e-001
 8.5426658e-001
 8.5931218e-001
 8.6313456e-001
 8.6695766e-001
 8.6934978e-001
 8.7038571e-001
 8.7183917e-001
 8.7242901e-001
 8.6817807e-001
 8.6316645e-001
 8.6776274e-001
 8.6685669e-001
 8.6734575e-001
 8.6780679e-001
 8.6766273e-001
 8.6790490e-001
 8.6835933e-001
 8.6721200e-001
 8.6533082e-001
 8.6093962e-001
 8.5567534e-001
 8.4788656e-001
 8.3898777e-001
 8.2778692e-001
 8.1613618e-001
 8.0548269e-001
 7.9560739e-001
 7.8641343e-001
 7.7708173e-001
 7.6653659e-001
 7.5601166e-001
 7.4257934e-001
 7.2910970e-001
 7.1780390e-001
 7.0713174e-001
 6.9661689e-001
 6.9202995e-001
 6.9380265e-001
 6.9683427e-001
 6.9911355e-001
 7.0352662e-001
 7.1083206e-001
 7.1885890e-001
 7.2702515e-001
 7.3477596e-001
 7.4294609e-001
 7.5089246e-001
 7.5833488e-001
 7.6556587e-001
 7.7332491e-001
 7.8053939e-001
 7.8748536e-001
 7.9130197e-001
 7.8324139e-001
 7.6648575e-001
 7.6563698e-001
 7.7190888e-001
 7.7576238e-001
 7.7720070e-001
 7.7684194e-001
 7.7796298e-001
 7.7715522e-001
 7.7533108e-001
 7.7262264e-001
 7.7069402e-001
 7.7642578e-001
 7.8259540e-001
 7.8723711e-001
 7.9082805e-001
 7.9448956e-001
 7.9743701e-001
 8.0034596e-001
 8.0352551e-001
 8.0707592e-001
 8.0942112e-001
 8.1231701e-001
 8.1434000e-001
 8.1451941e-001
 8.1317973e-001
 8.1465691e-001
 8.1715858e-001
 8.1819731e-001
 8.1998366e-001
 8.1961209e-001
 8.1981325e-001
 8.1981736e-001
 8.1874573e-001
 8.1866527e-001
 8.1602603e-001
 8.1217879e-001
 8.0806541e-001
 8.0606467e-001
 8.0298632e-001
 7.9689091e-001
 7.8760219e-001
 7.7215219e-001
 7.5126517e-001
 7.3849326e-001
 7.3629063e-001
 7.1859980e-001
 6.7324448e-001
 6.3503540e-001
 6.5373766e-001
 6.7056620e-001
 6.5962172e-001
 6.3774365e-001
 6.2281930e-001
 6.3573062e-001
 6.7180824e-001
 6.9684678e-001
 7.0088547e-001
 6.8961644e-001
 6.7098850e-001
 6.4982396e-001
 6.3372844e-001
 6.1128467e-001
 5.7959151e-001
 5.2839053e-001
 4.7943398e-001
 4.8870671e-001
 5.5315024e-001
 6.0584307e-001
-1.2300000e+034
