s07_AV97 Record=2992: Siderite HS271.3B            NIC4aa RREF
-1.2300000e+034
-1.2300000e+034
-1.2300000e+034
-1.2300000e+034
-1.2300000e+034
-1.2300000e+034
-1.2300000e+034
-1.2300000e+034
-1.2300000e+034
-1.2300000e+034
-1.2300000e+034
-1.2300000e+034
-1.2300000e+034
-1.2300000e+034
-1.2300000e+034
-1.2300000e+034
-1.2300000e+034
-1.2300000e+034
-1.2300000e+034
-1.2300000e+034
-1.2300000e+034
-1.2300000e+034
-1.2300000e+034
-1.2300000e+034
-1.2300000e+034
-1.2300000e+034
-1.2300000e+034
-1.2300000e+034
-1.2300000e+034
-1.2300000e+034
-1.2300000e+034
-1.2300000e+034
-1.2300000e+034
-1.2300000e+034
-1.2300000e+034
-1.2300000e+034
-1.2300000e+034
-1.2300000e+034
-1.2300000e+034
-1.2300000e+034
-1.2300000e+034
-1.2300000e+034
-1.2300000e+034
-1.2300000e+034
-1.2300000e+034
-1.2300000e+034
-1.2300000e+034
-1.2300000e+034
-1.2300000e+034
-1.2300000e+034
-1.2300000e+034
-1.2300000e+034
-1.2300000e+034
-1.2300000e+034
-1.2300000e+034
-1.2300000e+034
-1.2300000e+034
-1.2300000e+034
-1.2300000e+034
-1.2300000e+034
-1.2300000e+034
-1.2300000e+034
-1.2300000e+034
-1.2300000e+034
-1.2300000e+034
-1.2300000e+034
-1.2300000e+034
-1.2300000e+034
-1.2300000e+034
-1.2300000e+034
-1.2300000e+034
-1.2300000e+034
-1.2300000e+034
-1.2300000e+034
-1.2300000e+034
-1.2300000e+034
-1.2300000e+034
-1.2300000e+034
-1.2300000e+034
-1.2300000e+034
-1.2300000e+034
-1.2300000e+034
-1.2300000e+034
-1.2300000e+034
-1.2300000e+034
-1.2300000e+034
-1.2300000e+034
-1.2300000e+034
-1.2300000e+034
-1.2300000e+034
-1.2300000e+034
-1.2300000e+034
-1.2300000e+034
-1.2300000e+034
-1.2300000e+034
-1.2300000e+034
-1.2300000e+034
-1.2300000e+034
-1.2300000e+034
-1.2300000e+034
-1.2300000e+034
-1.2300000e+034
-1.2300000e+034
-1.2300000e+034
-1.2300000e+034
-1.2300000e+034
-1.2300000e+034
-1.2300000e+034
-1.2300000e+034
-1.2300000e+034
-1.2300000e+034
-1.2300000e+034
-1.2300000e+034
-1.2300000e+034
 1.8418184e-001
 1.8858595e-001
 1.9352561e-001
 1.9867736e-001
 2.0461482e-001
 2.1148022e-001
 2.1897055e-001
 2.2665073e-001
 2.3439722e-001
 2.4247254e-001
 2.5127321e-001
 2.6044145e-001
 2.6962990e-001
 2.7904809e-001
 2.8797859e-001
 2.9698631e-001
 3.0571187e-001
 3.1495529e-001
 3.2415149e-001
 3.3279049e-001
 3.4074220e-001
 3.4835473e-001
 3.5555109e-001
 3.6265436e-001
 3.6984536e-001
 3.7677658e-001
 3.8314581e-001
 3.8875362e-001
 3.9361638e-001
 3.9833772e-001
 4.0296835e-001
 4.0782881e-001
 4.1260740e-001
 4.1704550e-001
 4.2106557e-001
 4.2434615e-001
 4.2729789e-001
 4.2991596e-001
 4.3250108e-001
 4.3503800e-001
 4.3753061e-001
 4.4008940e-001
 4.4248345e-001
 4.4396770e-001
 4.4345245e-001
 4.4303364e-001
 4.4328469e-001
 4.4151384e-001
 4.3881187e-001
 4.3744102e-001
 4.3787524e-001
 4.3971726e-001
 4.4187039e-001
 4.4421676e-001
 4.4603226e-001
 4.4762492e-001
 4.4916299e-001
 4.5075864e-001
 4.5280233e-001
 4.5590487e-001
 4.5983529e-001
 4.6372688e-001
 4.6718398e-001
 4.6965960e-001
 4.7146967e-001
 4.7266096e-001
 4.7339305e-001
 4.7392955e-001
 4.7441852e-001
 4.7513893e-001
 4.7608721e-001
 4.7697482e-001
 4.7736397e-001
 4.7695100e-001
 4.7634012e-001
 4.7634944e-001
 4.7636533e-001
 4.7586340e-001
 4.7423631e-001
 4.7168276e-001
 4.6784121e-001
 4.6300834e-001
 4.5724082e-001
 4.5117471e-001
 4.4420311e-001
 4.3634945e-001
 4.2829093e-001
 4.2036349e-001
 4.1245463e-001
 4.0524909e-001
 3.9985931e-001
 3.9544350e-001
 3.9252833e-001
 3.9229965e-001
 3.9660037e-001
 4.0301493e-001
 4.0883189e-001
 4.1225627e-001
 4.1333070e-001
 4.1216415e-001
 4.0894538e-001
 4.0402645e-001
 3.9729017e-001
 3.8890991e-001
 3.7889227e-001
 3.6713043e-001
 3.5512003e-001
 3.4474674e-001
 3.3631971e-001
 3.2938626e-001
