s07_AV97 Record=1214: Galena HS37.3                ASDFRb AREF
 2.6479475e-002
 2.6643317e-002
 2.6186202e-002
 2.5580103e-002
 2.5018841e-002
 2.4402522e-002
 2.3754952e-002
 2.3285950e-002
 2.2841429e-002
 2.2440856e-002
 2.2108013e-002
 2.1829691e-002
 2.1602720e-002
 2.1410368e-002
 2.1236703e-002
 2.1106679e-002
 2.1017147e-002
 2.0977970e-002
 2.1006195e-002
 2.1030074e-002
 2.1108078e-002
 2.1255072e-002
 2.1466643e-002
 2.1716379e-002
 2.2011934e-002
 2.2356793e-002
 2.2754658e-002
 2.3209484e-002
 2.3698548e-002
 2.4200736e-002
 2.4699707e-002
 2.5168313e-002
 2.4621846e-002
 2.5080454e-002
 2.5521183e-002
 2.5942655e-002
 2.6339928e-002
 2.6724273e-002
 2.7107000e-002
 2.7495496e-002
 2.7885444e-002
 2.8301891e-002
 2.8713850e-002
 2.9103629e-002
 2.9461630e-002
 2.9813636e-002
 3.0150706e-002
 3.0490633e-002
 3.0826638e-002
 3.1158363e-002
 3.1485412e-002
 3.1808570e-002
 3.2128885e-002
 3.2448333e-002
 3.2767799e-002
 3.3104006e-002
 3.3419423e-002
 3.3709735e-002
 3.3998631e-002
 3.4306128e-002
 3.4602676e-002
 3.4899790e-002
 3.5174556e-002
 3.5419900e-002
 3.5648838e-002
 3.5877321e-002
 3.6064163e-002
 3.6205228e-002
 3.6415324e-002
 3.6686469e-002
 3.7023738e-002
 3.7299626e-002
 3.7606053e-002
 3.7854802e-002
 3.8094360e-002
 3.8296055e-002
 3.8557474e-002
 3.8761232e-002
 3.9062910e-002
 3.9302055e-002
 3.9537374e-002
 3.9704066e-002
 3.9876804e-002
 4.0172886e-002
 4.0463604e-002
 4.0690869e-002
 4.0919054e-002
 4.1155476e-002
 4.1365810e-002
 4.1569155e-002
 4.1811559e-002
 4.2049862e-002
 4.2280022e-002
 4.2518843e-002
 4.2709578e-002
 4.2938888e-002
 4.2603884e-002
 4.2823724e-002
 4.3052740e-002
 4.3225534e-002
 4.3430071e-002
 4.3605402e-002
 4.3771517e-002
 4.3922927e-002
 4.4116843e-002
 4.4291612e-002
 4.4574164e-002
 4.4844724e-002
 4.4941794e-002
 4.5177616e-002
 4.5320157e-002
 4.5483679e-002
 4.5634817e-002
 4.5820866e-002
 4.6009090e-002
 4.6180416e-002
 4.6325609e-002
 4.6506703e-002
 4.6678815e-002
 4.6845425e-002
 4.7004666e-002
 4.7177017e-002
 4.7332633e-002
 4.7514196e-002
 4.7681712e-002
 4.7860641e-002
 4.8027754e-002
 4.8165657e-002
 4.8334252e-002
 4.8488278e-002
 4.8643228e-002
 4.8769224e-002
 4.8928998e-002
 4.9057044e-002
 4.9116567e-002
 4.9216371e-002
 4.9399741e-002
 4.9437925e-002
 4.9458951e-002
 4.9564220e-002
 4.9679622e-002
 4.9930286e-002
 5.0142229e-002
 5.0308771e-002
 5.0414711e-002
 5.0585601e-002
 5.0656416e-002
 5.0754774e-002
 5.0925624e-002
 5.1076356e-002
 5.1237702e-002
 5.1350106e-002
 5.1524181e-002
 5.1705234e-002
 5.1828060e-002
 5.1951576e-002
 5.1997416e-002
 5.2079536e-002
 5.2359700e-002
 5.2294441e-002
 5.2296974e-002
 5.2357152e-002
 5.2474946e-002
 5.2608356e-002
 5.2624609e-002
 5.2746288e-002
 5.2834682e-002
 5.2954011e-002
 5.3010371e-002
 5.3083174e-002
 5.3224649e-002
 5.3368900e-002
 5.3556178e-002
 5.3722743e-002
 5.3887323e-002
 5.4110281e-002
 5.4317147e-002
 5.4463156e-002
 5.4617152e-002
 5.4807208e-002
 5.5011362e-002
 5.5128295e-002
 5.5373721e-002
 5.5562153e-002
 5.5704713e-002
 5.5696607e-002
 5.5848636e-002
 5.6048561e-002
 5.6189481e-002
 5.6341700e-002
 5.6507964e-002
 5.6481823e-002
 5.6799732e-002
 5.7082124e-002
 5.7060923e-002
 5.7330538e-002
 5.7520021e-002
 5.7817429e-002
 5.7948958e-002
 5.8235284e-002
 5.8354206e-002
 5.8671504e-002
 5.8851130e-002
 5.9157353e-002
 5.9706137e-002
 5.9756353e-002
 6.0268592e-002
 6.0542174e-002
 6.1167799e-002
 6.1331857e-002
 6.1666086e-002
 6.2068507e-002
 6.2905438e-002
 6.2789083e-002
 6.3321605e-002
 6.3081726e-002
 6.3782580e-002
 6.4392291e-002
 6.4344972e-002
 6.4675532e-002
 6.6050045e-002
 6.6982225e-002
 6.7271210e-002
-1.2300000e+034
