s07_AV97 Record=2397: Olivine GDS70.a Fo89 165um    BECKb AREF
 1.4695217e-001
 1.6272432e-001
 1.7583543e-001
 1.8587007e-001
 1.9650006e-001
 2.1619745e-001
 2.2162376e-001
 2.2385760e-001
 2.2419299e-001
 2.3001631e-001
 2.4034990e-001
 2.5503254e-001
 2.6990667e-001
 2.8960299e-001
 3.2022226e-001
 3.4338310e-001
 3.6382052e-001
 3.8469175e-001
 4.0241322e-001
 4.1327155e-001
 4.1581860e-001
 4.1352615e-001
 4.0774956e-001
 4.0027547e-001
 3.9025268e-001
 3.7775174e-001
 3.6380169e-001
 3.5448861e-001
 3.5148725e-001
 3.5074130e-001
 3.5150549e-001
 3.5449031e-001
 3.5132852e-001
 3.5365954e-001
 3.5408756e-001
 3.4608752e-001
 3.4327418e-001
 3.3884117e-001
 3.3482897e-001
 3.2842857e-001
 3.2031333e-001
 3.0806547e-001
 2.9644081e-001
 2.8390855e-001
 2.7030164e-001
 2.5827435e-001
 2.4748009e-001
 2.3696069e-001
 2.2876018e-001
 2.2042590e-001
 2.1393518e-001
 2.0959431e-001
 2.0754895e-001
 2.0096649e-001
 1.9511802e-001
 1.8904245e-001
 1.8340616e-001
 1.7817378e-001
 1.7243753e-001
 1.6381674e-001
 1.5487278e-001
 1.4824201e-001
 1.3860521e-001
 1.3180207e-001
 1.2367220e-001
 1.1670209e-001
 1.1085542e-001
 1.0453511e-001
 9.9942483e-002
 9.6888192e-002
 9.3878940e-002
 9.1862261e-002
 9.0983391e-002
 8.9145921e-002
 8.9692950e-002
 9.1049895e-002
 9.2921019e-002
 9.5664807e-002
 9.7715773e-002
 1.0108571e-001
 1.0434497e-001
 1.0748276e-001
 1.1072439e-001
 1.1415742e-001
 1.1674255e-001
 1.1935142e-001
 1.2169380e-001
 1.2364828e-001
 1.2531377e-001
 1.2757370e-001
 1.2890688e-001
 1.3182867e-001
 1.3359283e-001
 1.3578300e-001
 1.3867290e-001
 1.4174832e-001
 1.3701880e-001
 1.4022121e-001
 1.4371298e-001
 1.4745489e-001
 1.5204468e-001
 1.5672339e-001
 1.6116883e-001
 1.6655594e-001
 1.7333244e-001
 1.7966591e-001
 1.8741350e-001
 1.9587114e-001
 2.0354483e-001
 2.1183124e-001
 2.2171403e-001
 2.3231253e-001
 2.4355844e-001
 2.5623935e-001
 2.6746306e-001
 2.8062657e-001
 2.9314128e-001
 3.0619520e-001
 3.2037786e-001
 3.3393636e-001
 3.5032558e-001
 3.6336511e-001
 3.7846759e-001
 3.9421079e-001
 4.1030455e-001
 4.2420745e-001
 4.3906939e-001
 4.5349249e-001
 4.6784210e-001
 4.8209172e-001
 4.9653313e-001
 5.0719792e-001
 5.1835608e-001
 5.3002608e-001
 5.4075259e-001
 5.5085886e-001
 5.6138313e-001
 5.6800598e-001
 5.7589978e-001
 5.8247787e-001
 5.9132165e-001
 5.9527093e-001
 6.0028261e-001
 6.0597885e-001
 6.0914254e-001
 6.1378986e-001
 6.1665350e-001
 6.1876076e-001
 6.1904603e-001
 6.2213665e-001
 6.2539220e-001
 6.2557417e-001
 6.2567049e-001
 6.2886655e-001
 6.2843758e-001
 6.2887502e-001
 6.2719214e-001
 6.2966532e-001
 6.3229281e-001
 6.2940621e-001
 6.3049805e-001
 6.2896991e-001
 6.2973243e-001
 6.2870193e-001
 6.2962067e-001
 6.3035220e-001
 6.3063264e-001
 6.2985373e-001
 6.3048732e-001
 6.3283390e-001
 6.3325775e-001
 6.3484001e-001
 6.3270128e-001
 6.3437784e-001
 6.3692111e-001
 6.3856077e-001
 6.3521487e-001
 6.3876539e-001
 6.3854444e-001
 6.3853961e-001
 6.4207822e-001
 6.4139634e-001
 6.4217120e-001
 6.4367527e-001
 6.4517754e-001
 6.4669228e-001
 6.4544833e-001
 6.4350504e-001
 6.4278489e-001
 6.4307463e-001
 6.4175779e-001
 6.4362836e-001
 6.3868690e-001
 6.4105165e-001
 6.4358824e-001
 6.4133358e-001
 6.4076084e-001
 6.4126825e-001
 6.4304608e-001
 6.4404267e-001
 6.4034110e-001
 6.4223689e-001
 6.4371806e-001
 6.4256936e-001
 6.4658844e-001
 6.4925617e-001
 6.4933109e-001
 6.5078038e-001
 6.5522605e-001
 6.5283370e-001
 6.5030509e-001
 6.5053332e-001
 6.5025491e-001
 6.5140104e-001
 6.5354162e-001
 6.5496451e-001
 6.5536964e-001
 6.5489596e-001
 6.5418899e-001
 6.5381426e-001
 6.5435332e-001
 6.5541959e-001
 6.5644932e-001
 6.5702909e-001
