s07_AV97 Record=1636: Illite IL101 (2M2)            BECKb AREF
 3.8743040e-001
 4.0813103e-001
 4.2633933e-001
 4.4178098e-001
 4.5508859e-001
 4.6656010e-001
 4.7615188e-001
 4.8615310e-001
 4.9628413e-001
 5.0517774e-001
 5.1265091e-001
 5.2035695e-001
 5.3110379e-001
 5.4332680e-001
 5.5587769e-001
 5.6680495e-001
 5.7623446e-001
 5.8495694e-001
 5.9212875e-001
 5.9869677e-001
 6.0567069e-001
 6.1014533e-001
 6.1558998e-001
 6.2008727e-001
 6.2407619e-001
 6.2704039e-001
 6.2981588e-001
 6.3196087e-001
 6.3473761e-001
 6.3755322e-001
 6.4075011e-001
 6.4404953e-001
 6.4035898e-001
 6.4348626e-001
 6.4585912e-001
 6.4892727e-001
 6.4786065e-001
 6.4939076e-001
 6.5041828e-001
 6.5203232e-001
 6.5269798e-001
 6.5430522e-001
 6.5535331e-001
 6.5580338e-001
 6.5657616e-001
 6.5638620e-001
 6.5707016e-001
 6.5712035e-001
 6.5785736e-001
 6.5714914e-001
 6.5904284e-001
 6.5728140e-001
 6.5915537e-001
 6.5839887e-001
 6.5650421e-001
 6.5717500e-001
 6.5747994e-001
 6.5600073e-001
 6.5490472e-001
 6.5275729e-001
 6.5504628e-001
 6.5152270e-001
 6.4633024e-001
 6.4323181e-001
 6.4760178e-001
 6.5086192e-001
 6.5229225e-001
 6.5219289e-001
 6.4999300e-001
 6.4936078e-001
 6.4985973e-001
 6.5050834e-001
 6.4882332e-001
 6.4893794e-001
 6.4738899e-001
 6.4691353e-001
 6.4678246e-001
 6.4522129e-001
 6.4463389e-001
 6.4407104e-001
 6.4415485e-001
 6.4360327e-001
 6.4294130e-001
 6.4237928e-001
 6.4030570e-001
 6.4121413e-001
 6.4150500e-001
 6.4226609e-001
 6.3936573e-001
 6.3925356e-001
 6.3923627e-001
 6.3637346e-001
 6.3634902e-001
 6.3500285e-001
 6.3644350e-001
 6.3624126e-001
 6.3545620e-001
 6.3661867e-001
 6.3513905e-001
 6.3326716e-001
 6.3023382e-001
 6.2759525e-001
 6.2591720e-001
 6.2513334e-001
 6.2357426e-001
 6.2396842e-001
 6.2348026e-001
 6.1868656e-001
 6.1091620e-001
 5.9526044e-001
 5.3352737e-001
 4.6228853e-001
 4.5477828e-001
 5.2633125e-001
 5.7903445e-001
 5.9410530e-001
 5.9852612e-001
 5.9938842e-001
 6.0110098e-001
 6.0328758e-001
 6.0325885e-001
 6.0657203e-001
 6.0861355e-001
 6.0976034e-001
 6.1081856e-001
 6.1077696e-001
 6.1095977e-001
 6.1060387e-001
 6.1194444e-001
 6.1130285e-001
 6.1135572e-001
 6.1158383e-001
 6.1108750e-001
 6.1110419e-001
 6.1049902e-001
 6.0927802e-001
 6.1005223e-001
 6.1065298e-001
 6.0853642e-001
 6.0693121e-001
 6.0964632e-001
 6.0970986e-001
 6.0509914e-001
 6.0144836e-001
 6.0354972e-001
 6.0502177e-001
 6.0493255e-001
 5.9945887e-001
 5.9698111e-001
 5.9986490e-001
 6.0027248e-001
 5.9642786e-001
 5.9441066e-001
 5.9168160e-001
 5.9045506e-001
 5.8934456e-001
 5.8758688e-001
 5.8460379e-001
 5.7917118e-001
 5.6342113e-001
 5.6986225e-001
 5.4554760e-001
 5.1223946e-001
 4.8750067e-001
 4.8966405e-001
 5.0193447e-001
 5.1017344e-001
 5.1548833e-001
 5.1914865e-001
 5.2132219e-001
 5.2615958e-001
 5.3060108e-001
 5.3444803e-001
 5.4023367e-001
 5.4457611e-001
 5.4583484e-001
 5.4761285e-001
 5.5025035e-001
 5.4820168e-001
 5.4636312e-001
 5.4516596e-001
 5.3801441e-001
 5.3040177e-001
 5.2228880e-001
 5.2094299e-001
 5.2242929e-001
 5.2006948e-001
 5.0736469e-001
 4.8266819e-001
 4.4681334e-001
 3.9681044e-001
 3.4812179e-001
 3.2712266e-001
 3.4484288e-001
 3.8907722e-001
 4.3063417e-001
 4.5597395e-001
 4.6770388e-001
 4.7418097e-001
 4.7826621e-001
 4.7282955e-001
 4.6884051e-001
 4.5750156e-001
 4.3468058e-001
 4.1292667e-001
 3.9406490e-001
 3.7736395e-001
 3.6617583e-001
 3.7063059e-001
 3.7978458e-001
 3.8731533e-001
 3.8054183e-001
 3.7503880e-001
 3.6582568e-001
 3.5311770e-001
 3.4123439e-001
 3.3325684e-001
 3.3147934e-001
 3.3417818e-001
 3.3921438e-001
 3.4407458e-001
 3.4816316e-001
 3.5124731e-001
 3.5322511e-001
