s07_AV97 Record=96: Albite HS66.6  Plagioclase   ASDFRc AREF
 5.8228481e-001
 5.9148645e-001
 5.9842408e-001
 6.0404700e-001
 6.0821527e-001
 6.1233258e-001
 6.1659712e-001
 6.2116343e-001
 6.2565935e-001
 6.2998843e-001
 6.3411981e-001
 6.3784498e-001
 6.4114147e-001
 6.4394975e-001
 6.4600176e-001
 6.4725298e-001
 6.4741796e-001
 6.4688182e-001
 6.4569438e-001
 6.4401317e-001
 6.4198965e-001
 6.3964552e-001
 6.3719314e-001
 6.3537788e-001
 6.3432854e-001
 6.3315809e-001
 6.3191634e-001
 6.3162261e-001
 6.3191438e-001
 6.3280797e-001
 6.3427949e-001
 6.3634712e-001
 6.3399339e-001
 6.3588440e-001
 6.3848275e-001
 6.4148563e-001
 6.4479363e-001
 6.4858216e-001
 6.5297866e-001
 6.5750289e-001
 6.6238540e-001
 6.6730762e-001
 6.7268580e-001
 6.7815334e-001
 6.8352270e-001
 6.8851626e-001
 6.9310158e-001
 6.9748360e-001
 7.0153874e-001
 7.0510250e-001
 7.0839959e-001
 7.1115714e-001
 7.1371555e-001
 7.1558243e-001
 7.1705449e-001
 7.1907175e-001
 7.2094059e-001
 7.2200030e-001
 7.2261751e-001
 7.2351778e-001
 7.2434264e-001
 7.2512370e-001
 7.2540164e-001
 7.2491556e-001
 7.2576886e-001
 7.2705585e-001
 7.2753686e-001
 7.2805160e-001
 7.2830266e-001
 7.2838652e-001
 7.2886044e-001
 7.2927380e-001
 7.2923809e-001
 7.2947693e-001
 7.2959733e-001
 7.3004389e-001
 7.2999895e-001
 7.3019391e-001
 7.3026866e-001
 7.2971773e-001
 7.2797936e-001
 7.2453296e-001
 7.2154123e-001
 7.2246236e-001
 7.2414941e-001
 7.2438675e-001
 7.2307909e-001
 7.2157806e-001
 7.2029966e-001
 7.2016484e-001
 7.2089833e-001
 7.2264177e-001
 7.2380638e-001
 7.2437888e-001
 7.2538865e-001
 7.2610402e-001
 7.2476149e-001
 7.2589111e-001
 7.2616005e-001
 7.2617269e-001
 7.2568774e-001
 7.2483462e-001
 7.2380835e-001
 7.2258568e-001
 7.2136903e-001
 7.1921563e-001
 7.1689254e-001
 7.1346402e-001
 7.0860416e-001
 6.9990468e-001
 6.8401897e-001
 6.6618139e-001
 6.6024816e-001
 6.6938752e-001
 6.7251486e-001
 6.7270404e-001
 6.7323738e-001
 6.7450637e-001
 6.7642450e-001
 6.7899859e-001
 6.8222570e-001
 6.8537569e-001
 6.8831331e-001
 6.9106054e-001
 6.9296134e-001
 6.9443709e-001
 6.9533831e-001
 6.9647986e-001
 6.9721031e-001
 6.9795674e-001
 6.9855779e-001
 6.9905478e-001
 6.9900340e-001
 6.9752014e-001
 6.9562835e-001
 6.9455755e-001
 6.9380409e-001
 6.8980306e-001
 6.8653089e-001
 6.8464291e-001
 6.8344826e-001
 6.8248260e-001
 6.8186873e-001
 6.8055081e-001
 6.8070376e-001
 6.8158996e-001
 6.8019092e-001
 6.7879683e-001
 6.7886293e-001
 6.7992342e-001
 6.7933589e-001
 6.7915010e-001
 6.7881972e-001
 6.7864507e-001
 6.7785144e-001
 6.7761910e-001
 6.7668188e-001
 6.7335469e-001
 6.6497105e-001
 6.4723366e-001
 6.5600449e-001
 6.3072407e-001
 5.9982622e-001
 5.7679516e-001
 5.6461680e-001
 5.6106162e-001
 5.6285894e-001
 5.6800491e-001
 5.7438123e-001
 5.8197087e-001
 5.9077442e-001
 5.9929574e-001
 6.0662234e-001
 6.1328089e-001
 6.1879569e-001
 6.2296003e-001
 6.2586486e-001
 6.2804615e-001
 6.3037783e-001
 6.3190567e-001
 6.3265210e-001
 6.3339472e-001
 6.3277948e-001
 6.3237101e-001
 6.3273108e-001
 6.3277185e-001
 6.3155437e-001
 6.2904334e-001
 6.2404907e-001
 6.1699557e-001
 6.0578305e-001
 5.9436333e-001
 5.9286439e-001
 6.0245913e-001
 6.1450690e-001
 6.1942995e-001
 6.1768222e-001
 6.1502200e-001
 6.1138964e-001
 6.0814136e-001
 6.0486287e-001
 6.0113931e-001
 5.9549612e-001
 5.9022582e-001
 5.8602113e-001
 5.8095509e-001
 5.7572430e-001
 5.7183051e-001
 5.7171756e-001
 5.7079691e-001
 5.6765264e-001
 5.6455588e-001
 5.6092066e-001
 5.5497867e-001
 5.4866505e-001
 5.4232275e-001
 5.3674316e-001
 5.3123772e-001
 5.2743751e-001
 5.2153420e-001
 5.1763725e-001
 5.1575112e-001
 5.1192278e-001
-1.2300000e+034
