s07_AV97 Record=3469: Witherite HS273.1B           ASDFRa AREF
 6.6792655e-001
 6.8199682e-001
 6.9856185e-001
 7.1327221e-001
 7.2614872e-001
 7.3667967e-001
 7.4650955e-001
 7.5540310e-001
 7.6387870e-001
 7.7190709e-001
 7.7959067e-001
 7.8687197e-001
 7.9373378e-001
 8.0029178e-001
 8.0649656e-001
 8.1219006e-001
 8.1730324e-001
 8.2200819e-001
 8.2643908e-001
 8.3066887e-001
 8.3473188e-001
 8.3844441e-001
 8.4206426e-001
 8.4540355e-001
 8.4846246e-001
 8.5129052e-001
 8.5359049e-001
 8.5572511e-001
 8.5781974e-001
 8.5981077e-001
 8.6152989e-001
 8.6316258e-001
 8.6125839e-001
 8.6287332e-001
 8.6436814e-001
 8.6587393e-001
 8.6732590e-001
 8.6857110e-001
 8.6972630e-001
 8.7074804e-001
 8.7178481e-001
 8.7248015e-001
 8.7316132e-001
 8.7368661e-001
 8.7405908e-001
 8.7445158e-001
 8.7472576e-001
 8.7496448e-001
 8.7528890e-001
 8.7558186e-001
 8.7583989e-001
 8.7629271e-001
 8.7676847e-001
 8.7752992e-001
 8.7800574e-001
 8.7864280e-001
 8.7932652e-001
 8.7993741e-001
 8.8068104e-001
 8.8113230e-001
 8.8172752e-001
 8.8218671e-001
 8.8275236e-001
 8.8305598e-001
 8.8334948e-001
 8.8365924e-001
 8.8396096e-001
 8.8440460e-001
 8.8467067e-001
 8.8497585e-001
 8.8508648e-001
 8.8540471e-001
 8.8526839e-001
 8.8579857e-001
 8.8572937e-001
 8.8614547e-001
 8.8628018e-001
 8.8652694e-001
 8.8636220e-001
 8.8642973e-001
 8.8712853e-001
 8.8713431e-001
 8.8716596e-001
 8.8713157e-001
 8.8742501e-001
 8.8742048e-001
 8.8723516e-001
 8.8729548e-001
 8.8746822e-001
 8.8786727e-001
 8.8792616e-001
 8.8823217e-001
 8.8859475e-001
 8.8885820e-001
 8.8909292e-001
 8.8883257e-001
 8.8893843e-001
 8.8903272e-001
 8.8903040e-001
 8.8921666e-001
 8.8926589e-001
 8.8869828e-001
 8.8861829e-001
 8.8866508e-001
 8.8869208e-001
 8.8823575e-001
 8.8789856e-001
 8.8784045e-001
 8.8773942e-001
 8.8685763e-001
 8.8664365e-001
 8.8651127e-001
 8.8686711e-001
 8.8683361e-001
 8.8644487e-001
 8.8636631e-001
 8.8621390e-001
 8.8601691e-001
 8.8633054e-001
 8.8641196e-001
 8.8665593e-001
 8.8659477e-001
 8.8690436e-001
 8.8765824e-001
 8.8814586e-001
 8.8819849e-001
 8.8862169e-001
 8.8889039e-001
 8.8854671e-001
 8.8840973e-001
 8.8836700e-001
 8.8821781e-001
 8.8865888e-001
 8.8844812e-001
 8.8843161e-001
 8.8815826e-001
 8.8832730e-001
 8.8877654e-001
 8.8833696e-001
 8.8852227e-001
 8.8818699e-001
 8.8874203e-001
 8.8806617e-001
 8.8797271e-001
 8.8695848e-001
 8.8575321e-001
 8.8488418e-001
 8.8493079e-001
 8.8562149e-001
 8.8531107e-001
 8.8517272e-001
 8.8515985e-001
 8.8631272e-001
 8.8639611e-001
 8.8584286e-001
 8.8395613e-001
 8.8346547e-001
 8.8229084e-001
 8.8003981e-001
 8.7772787e-001
 8.7870592e-001
 8.7605107e-001
 8.7213111e-001
 8.6569268e-001
 8.6039966e-001
 8.6300421e-001
 8.6541659e-001
 8.6634159e-001
 8.6645770e-001
 8.6675131e-001
 8.6709756e-001
 8.6653036e-001
 8.6585915e-001
 8.6613423e-001
 8.6709654e-001
 8.6688489e-001
 8.6457020e-001
 8.6480790e-001
 8.7212801e-001
 8.7691003e-001
 8.7885052e-001
 8.8000536e-001
 8.8036895e-001
 8.8117409e-001
 8.8209718e-001
 8.8124603e-001
 8.8070160e-001
 8.7962592e-001
 8.7832302e-001
 8.7869203e-001
 8.7862271e-001
 8.7606233e-001
 8.7140667e-001
 8.6824840e-001
 8.7312531e-001
 8.7647355e-001
 8.7485927e-001
 8.7369204e-001
 8.7248987e-001
 8.6993742e-001
 8.6590081e-001
 8.6106181e-001
 8.5458088e-001
 8.4966868e-001
 8.4459907e-001
 8.3763856e-001
 8.3281869e-001
 8.2826036e-001
 8.2335848e-001
 8.1490874e-001
 7.9342133e-001
 7.7186924e-001
 7.9079151e-001
 8.2308769e-001
 8.4203118e-001
 8.4995192e-001
 8.5165477e-001
 8.4934282e-001
 8.4960943e-001
 8.4703463e-001
 8.4220201e-001
 8.4063649e-001
 8.3855653e-001
-1.2300000e+034
