s07_AV97 Record=1897: Lepidolite HS167.3B           BECKb AREF
 6.5909773e-001
 6.7844468e-001
 6.8915361e-001
 6.8942106e-001
 6.8068349e-001
 6.7177165e-001
 6.6206348e-001
 6.5439922e-001
 6.5230507e-001
 6.5399045e-001
 6.5674686e-001
 6.6173565e-001
 6.6700411e-001
 6.6980755e-001
 6.6556722e-001
 6.6242248e-001
 6.5977460e-001
 6.5829045e-001
 6.5847164e-001
 6.5935838e-001
 6.6334331e-001
 6.6976917e-001
 6.8190414e-001
 6.9374013e-001
 7.0602602e-001
 7.1680242e-001
 7.2569501e-001
 7.3135424e-001
 7.3442084e-001
 7.3546237e-001
 7.3474032e-001
 7.3428929e-001
 7.3507375e-001
 7.3420459e-001
 7.3398829e-001
 7.3030627e-001
 7.2692567e-001
 7.2669220e-001
 7.2430807e-001
 7.2287875e-001
 7.2369355e-001
 7.2094607e-001
 7.2363526e-001
 7.2403198e-001
 7.2419065e-001
 7.2680485e-001
 7.2869831e-001
 7.2832018e-001
 7.3107499e-001
 7.3596823e-001
 7.3509687e-001
 7.4136603e-001
 7.4996591e-001
 7.5281787e-001
 7.5210553e-001
 7.5288069e-001
 7.5389892e-001
 7.5844634e-001
 7.6275402e-001
 7.6507276e-001
 7.7011305e-001
 7.6396275e-001
 7.6579970e-001
 7.7385956e-001
 7.8057337e-001
 7.8314781e-001
 7.8765965e-001
 7.9018182e-001
 7.9252750e-001
 7.9702944e-001
 7.9587108e-001
 8.0114317e-001
 8.0617309e-001
 8.0679429e-001
 8.1221944e-001
 8.1310523e-001
 8.1307524e-001
 8.1822538e-001
 8.2258105e-001
 8.2285041e-001
 8.2486540e-001
 8.2918394e-001
 8.3058947e-001
 8.3182067e-001
 8.3311874e-001
 8.3883518e-001
 8.3966392e-001
 8.3801204e-001
 8.3961451e-001
 8.4222496e-001
 8.4193742e-001
 8.4206265e-001
 8.4255403e-001
 8.4650481e-001
 8.4875226e-001
 8.4973896e-001
 8.4796011e-001
 8.4967583e-001
 8.4862590e-001
 8.4616178e-001
 8.4491658e-001
 8.4243858e-001
 8.4345925e-001
 8.4366798e-001
 8.4753418e-001
 8.4765607e-001
 8.4372252e-001
 8.3752972e-001
 8.3200997e-001
 8.2835084e-001
 8.2658482e-001
 8.2674533e-001
 8.2886440e-001
 8.3296752e-001
 8.3912003e-001
 8.4711790e-001
 8.5209423e-001
 8.5633701e-001
 8.5998338e-001
 8.5933900e-001
 8.6350691e-001
 8.6053485e-001
 8.6236799e-001
 8.6332637e-001
 8.6466819e-001
 8.6318833e-001
 8.6429429e-001
 8.6555892e-001
 8.6683369e-001
 8.6895627e-001
 8.6957961e-001
 8.6907351e-001
 8.6927038e-001
 8.7216675e-001
 8.7126011e-001
 8.7285453e-001
 8.6851811e-001
 8.7076014e-001
 8.7205142e-001
 8.7383389e-001
 8.7167490e-001
 8.7385410e-001
 8.6926889e-001
 8.7004000e-001
 8.7091249e-001
 8.6854303e-001
 8.7017000e-001
 8.6662096e-001
 8.7042254e-001
 8.6543590e-001
 8.6940867e-001
 8.6757773e-001
 8.6061829e-001
 8.5883999e-001
 8.5736609e-001
 8.5527509e-001
 8.5524541e-001
 8.5553026e-001
 8.5137743e-001
 8.4305853e-001
 8.4595829e-001
 8.3770168e-001
 8.2981807e-001
 8.1993687e-001
 8.1506228e-001
 8.1728369e-001
 8.2156056e-001
 8.2157314e-001
 8.1856865e-001
 8.1990349e-001
 8.1626809e-001
 8.1253892e-001
 8.0505013e-001
 8.0200601e-001
 8.0677027e-001
 8.0459505e-001
 8.0533230e-001
 8.0576593e-001
 7.9855400e-001
 7.8866720e-001
 7.7804136e-001
 7.6449567e-001
 7.5559592e-001
 7.4390244e-001
 7.4209386e-001
 7.3668361e-001
 7.3141980e-001
 7.2145569e-001
 6.9195867e-001
 6.4503789e-001
 5.6002223e-001
 4.7538048e-001
 4.7045872e-001
 5.4351330e-001
 6.3124001e-001
 6.7658275e-001
 6.9117886e-001
 7.0126384e-001
 7.0894837e-001
 7.1001315e-001
 7.0670170e-001
 6.9578016e-001
 6.7821908e-001
 6.5169638e-001
 6.1117053e-001
 5.7677889e-001
 5.4889345e-001
 5.4027128e-001
 5.4580867e-001
 5.6079990e-001
 5.6448781e-001
 5.5933815e-001
 5.5775893e-001
 5.4269081e-001
 5.1902318e-001
 5.0183409e-001
 4.9364582e-001
 4.9341014e-001
 4.9810085e-001
 5.0607610e-001
 5.1474267e-001
 5.2373332e-001
 5.3306812e-001
 5.4246449e-001
