s07_AV97 Record=2419: Olivine GDS71.a Fo91 65um    NIC4cb RREF
-1.2300000e+034
-1.2300000e+034
-1.2300000e+034
-1.2300000e+034
-1.2300000e+034
-1.2300000e+034
-1.2300000e+034
-1.2300000e+034
-1.2300000e+034
-1.2300000e+034
-1.2300000e+034
-1.2300000e+034
-1.2300000e+034
-1.2300000e+034
-1.2300000e+034
-1.2300000e+034
-1.2300000e+034
-1.2300000e+034
-1.2300000e+034
-1.2300000e+034
-1.2300000e+034
-1.2300000e+034
-1.2300000e+034
-1.2300000e+034
-1.2300000e+034
-1.2300000e+034
-1.2300000e+034
-1.2300000e+034
-1.2300000e+034
-1.2300000e+034
-1.2300000e+034
-1.2300000e+034
-1.2300000e+034
-1.2300000e+034
-1.2300000e+034
-1.2300000e+034
-1.2300000e+034
-1.2300000e+034
-1.2300000e+034
-1.2300000e+034
-1.2300000e+034
-1.2300000e+034
-1.2300000e+034
-1.2300000e+034
-1.2300000e+034
-1.2300000e+034
-1.2300000e+034
-1.2300000e+034
-1.2300000e+034
-1.2300000e+034
-1.2300000e+034
-1.2300000e+034
-1.2300000e+034
-1.2300000e+034
-1.2300000e+034
-1.2300000e+034
-1.2300000e+034
-1.2300000e+034
-1.2300000e+034
-1.2300000e+034
-1.2300000e+034
-1.2300000e+034
-1.2300000e+034
-1.2300000e+034
-1.2300000e+034
-1.2300000e+034
-1.2300000e+034
-1.2300000e+034
-1.2300000e+034
-1.2300000e+034
-1.2300000e+034
-1.2300000e+034
-1.2300000e+034
-1.2300000e+034
-1.2300000e+034
-1.2300000e+034
-1.2300000e+034
-1.2300000e+034
-1.2300000e+034
-1.2300000e+034
-1.2300000e+034
-1.2300000e+034
-1.2300000e+034
-1.2300000e+034
-1.2300000e+034
-1.2300000e+034
-1.2300000e+034
-1.2300000e+034
-1.2300000e+034
-1.2300000e+034
-1.2300000e+034
-1.2300000e+034
-1.2300000e+034
-1.2300000e+034
-1.2300000e+034
-1.2300000e+034
-1.2300000e+034
-1.2300000e+034
-1.2300000e+034
-1.2300000e+034
-1.2300000e+034
-1.2300000e+034
-1.2300000e+034
-1.2300000e+034
-1.2300000e+034
-1.2300000e+034
-1.2300000e+034
-1.2300000e+034
-1.2300000e+034
-1.2300000e+034
-1.2300000e+034
-1.2300000e+034
 4.4006476e-001
 4.4536775e-001
 4.5121920e-001
 4.5764247e-001
 4.6426436e-001
 4.7092563e-001
 4.7774777e-001
 4.8510072e-001
 4.9261045e-001
 5.0010568e-001
 5.0753736e-001
 5.1444185e-001
 5.2100116e-001
 5.2759928e-001
 5.3407580e-001
 5.4044706e-001
 5.4622585e-001
 5.5144650e-001
 5.5618560e-001
 5.6072336e-001
 5.6518495e-001
 5.6948543e-001
 5.7349640e-001
 5.7699025e-001
 5.7992399e-001
 5.8249885e-001
 5.8503723e-001
 5.8742058e-001
 5.8999437e-001
 5.9217107e-001
 5.9410161e-001
 5.9572721e-001
 5.9684414e-001
 5.9817755e-001
 5.9936523e-001
 6.0075551e-001
 6.0210204e-001
 6.0322005e-001
 6.0412586e-001
 6.0477948e-001
 6.0517442e-001
 6.0563022e-001
 6.0619313e-001
 6.0667127e-001
 6.0737199e-001
 6.0807317e-001
 6.0836273e-001
 6.0875410e-001
 6.0863161e-001
 6.0860068e-001
 6.0818332e-001
 6.0769480e-001
 6.0751837e-001
 6.0784209e-001
 6.0828608e-001
 6.0882676e-001
 6.0913724e-001
 6.0927922e-001
 6.0938662e-001
 6.0938126e-001
 6.0951710e-001
 6.0975254e-001
 6.0996997e-001
 6.1038464e-001
 6.1086619e-001
 6.1140281e-001
 6.1175406e-001
 6.1197150e-001
 6.1204422e-001
 6.1206663e-001
 6.1196709e-001
 6.1153442e-001
 6.1062360e-001
 6.1020887e-001
 6.0999447e-001
 6.0985392e-001
 6.1005926e-001
 6.1010253e-001
 6.1034322e-001
 6.1078519e-001
 6.1084366e-001
 6.1065269e-001
 6.1019623e-001
 6.0944158e-001
 6.0827577e-001
 6.0699058e-001
 6.0557270e-001
 6.0433841e-001
 6.0332811e-001
 6.0252792e-001
 6.0165155e-001
 5.9984320e-001
 5.9788179e-001
 5.9760064e-001
 5.9890872e-001
 6.0191286e-001
 6.0353792e-001
 6.0327059e-001
 6.0208261e-001
 6.0124761e-001
 6.0087866e-001
 6.0031289e-001
 5.9977901e-001
 5.9914547e-001
 5.9876043e-001
 5.9863043e-001
 5.9913957e-001
 5.9943187e-001
 5.9867972e-001
 5.9787273e-001
 5.9693515e-001
 5.9595519e-001
