s07_AV97 Record=262: Alunite RES-3 Na Syn (450C)   NIC4a RREF
-1.2300000e+034
-1.2300000e+034
-1.2300000e+034
-1.2300000e+034
-1.2300000e+034
-1.2300000e+034
-1.2300000e+034
-1.2300000e+034
-1.2300000e+034
-1.2300000e+034
-1.2300000e+034
-1.2300000e+034
-1.2300000e+034
-1.2300000e+034
-1.2300000e+034
-1.2300000e+034
-1.2300000e+034
-1.2300000e+034
-1.2300000e+034
-1.2300000e+034
-1.2300000e+034
-1.2300000e+034
-1.2300000e+034
-1.2300000e+034
-1.2300000e+034
-1.2300000e+034
-1.2300000e+034
-1.2300000e+034
-1.2300000e+034
-1.2300000e+034
-1.2300000e+034
-1.2300000e+034
-1.2300000e+034
-1.2300000e+034
-1.2300000e+034
-1.2300000e+034
-1.2300000e+034
-1.2300000e+034
-1.2300000e+034
-1.2300000e+034
-1.2300000e+034
-1.2300000e+034
-1.2300000e+034
-1.2300000e+034
-1.2300000e+034
-1.2300000e+034
-1.2300000e+034
-1.2300000e+034
-1.2300000e+034
-1.2300000e+034
-1.2300000e+034
-1.2300000e+034
-1.2300000e+034
-1.2300000e+034
-1.2300000e+034
-1.2300000e+034
-1.2300000e+034
-1.2300000e+034
-1.2300000e+034
-1.2300000e+034
-1.2300000e+034
-1.2300000e+034
-1.2300000e+034
-1.2300000e+034
-1.2300000e+034
-1.2300000e+034
-1.2300000e+034
-1.2300000e+034
-1.2300000e+034
-1.2300000e+034
-1.2300000e+034
-1.2300000e+034
-1.2300000e+034
-1.2300000e+034
-1.2300000e+034
-1.2300000e+034
-1.2300000e+034
-1.2300000e+034
-1.2300000e+034
-1.2300000e+034
-1.2300000e+034
-1.2300000e+034
-1.2300000e+034
-1.2300000e+034
-1.2300000e+034
-1.2300000e+034
-1.2300000e+034
-1.2300000e+034
-1.2300000e+034
-1.2300000e+034
-1.2300000e+034
-1.2300000e+034
-1.2300000e+034
-1.2300000e+034
-1.2300000e+034
-1.2300000e+034
-1.2300000e+034
-1.2300000e+034
-1.2300000e+034
-1.2300000e+034
-1.2300000e+034
 5.2979243e-001
 5.4420799e-001
 5.4990715e-001
 5.4977298e-001
 5.5917245e-001
 5.6364346e-001
 5.6769717e-001
 5.6967771e-001
 5.6939095e-001
 5.6727284e-001
 5.6435728e-001
 5.5885696e-001
 5.4300767e-001
 4.8849964e-001
 4.8715866e-001
 5.3192681e-001
 5.3859556e-001
 5.2706885e-001
 5.1865906e-001
 4.7140810e-001
 5.1384276e-001
 5.5181944e-001
 5.6133604e-001
 5.7516623e-001
 5.8241349e-001
 5.8383310e-001
 5.8744991e-001
 5.9080976e-001
 5.9295100e-001
 5.9476584e-001
 5.9661531e-001
 5.9794831e-001
 5.9948438e-001
 6.0045964e-001
 6.0044312e-001
 6.0048121e-001
 5.9964544e-001
 5.9877634e-001
 5.9764177e-001
 5.9603524e-001
 5.9344155e-001
 5.8791149e-001
 5.7716298e-001
 5.6039828e-001
 5.4220372e-001
 5.2588004e-001
 5.1950014e-001
 5.2499092e-001
 5.4660374e-001
 5.7036620e-001
 5.8533186e-001
 5.9005165e-001
 5.9091544e-001
 5.9005469e-001
 5.8822030e-001
 5.8579898e-001
 5.8200502e-001
 5.7672954e-001
 5.6871814e-001
 5.7167226e-001
 5.6099463e-001
 5.4753655e-001
 5.3551513e-001
 5.2831793e-001
 5.2624500e-001
 5.2653903e-001
 5.2592868e-001
 5.2424443e-001
 5.2377272e-001
 5.2343732e-001
 5.1917607e-001
 5.1162392e-001
 5.0703377e-001
 5.0647873e-001
 5.0421369e-001
 4.9831626e-001
 4.9384069e-001
 4.9072322e-001
 4.8827991e-001
 4.8655096e-001
 4.8302761e-001
 4.7865224e-001
 4.7489658e-001
 4.6848220e-001
 4.5116752e-001
 4.2055774e-001
 3.9004427e-001
 3.6518466e-001
 3.5576251e-001
 3.6148334e-001
 3.7640998e-001
 4.0849674e-001
 4.3145737e-001
 4.0873632e-001
 4.4781071e-001
 4.8954985e-001
 5.1650280e-001
 5.2127081e-001
 5.1980114e-001
 5.1485002e-001
 5.0705540e-001
 4.9388829e-001
 4.6540922e-001
 4.2017248e-001
 4.0559015e-001
 4.2390090e-001
 4.4991860e-001
 4.6406835e-001
 4.5791969e-001
 4.3254671e-001
 3.9270616e-001
 3.6842108e-001
 3.6461627e-001
 3.6551458e-001
 3.4832793e-001
 3.0787688e-001
 2.8707719e-001
 2.9604733e-001
 3.0490044e-001
 2.9943579e-001
 2.9773605e-001
 2.9636919e-001
 2.8977910e-001
