s07_AV97 Record=3210: Thuringite SMR-15.a 115um    NIC4bc RREF
-1.2300000e+034
-1.2300000e+034
-1.2300000e+034
-1.2300000e+034
-1.2300000e+034
-1.2300000e+034
-1.2300000e+034
-1.2300000e+034
-1.2300000e+034
-1.2300000e+034
-1.2300000e+034
-1.2300000e+034
-1.2300000e+034
-1.2300000e+034
-1.2300000e+034
-1.2300000e+034
-1.2300000e+034
-1.2300000e+034
-1.2300000e+034
-1.2300000e+034
-1.2300000e+034
-1.2300000e+034
-1.2300000e+034
-1.2300000e+034
-1.2300000e+034
-1.2300000e+034
-1.2300000e+034
-1.2300000e+034
-1.2300000e+034
-1.2300000e+034
-1.2300000e+034
-1.2300000e+034
-1.2300000e+034
-1.2300000e+034
-1.2300000e+034
-1.2300000e+034
-1.2300000e+034
-1.2300000e+034
-1.2300000e+034
-1.2300000e+034
-1.2300000e+034
-1.2300000e+034
-1.2300000e+034
-1.2300000e+034
-1.2300000e+034
-1.2300000e+034
-1.2300000e+034
-1.2300000e+034
-1.2300000e+034
-1.2300000e+034
-1.2300000e+034
-1.2300000e+034
-1.2300000e+034
-1.2300000e+034
-1.2300000e+034
-1.2300000e+034
-1.2300000e+034
-1.2300000e+034
-1.2300000e+034
-1.2300000e+034
-1.2300000e+034
-1.2300000e+034
-1.2300000e+034
-1.2300000e+034
-1.2300000e+034
-1.2300000e+034
-1.2300000e+034
-1.2300000e+034
-1.2300000e+034
-1.2300000e+034
-1.2300000e+034
-1.2300000e+034
-1.2300000e+034
-1.2300000e+034
-1.2300000e+034
-1.2300000e+034
-1.2300000e+034
-1.2300000e+034
-1.2300000e+034
-1.2300000e+034
-1.2300000e+034
-1.2300000e+034
-1.2300000e+034
-1.2300000e+034
-1.2300000e+034
-1.2300000e+034
-1.2300000e+034
-1.2300000e+034
-1.2300000e+034
-1.2300000e+034
-1.2300000e+034
-1.2300000e+034
-1.2300000e+034
-1.2300000e+034
-1.2300000e+034
-1.2300000e+034
-1.2300000e+034
-1.2300000e+034
-1.2300000e+034
-1.2300000e+034
-1.2300000e+034
-1.2300000e+034
-1.2300000e+034
-1.2300000e+034
-1.2300000e+034
-1.2300000e+034
-1.2300000e+034
-1.2300000e+034
-1.2300000e+034
 1.6927302e-001
 1.6946669e-001
 1.6200162e-001
 1.5830843e-001
 1.7140706e-001
 1.7749013e-001
 1.7938723e-001
 1.8208134e-001
 1.8553092e-001
 1.8888888e-001
 1.9224024e-001
 1.9553681e-001
 1.9865613e-001
 2.0164184e-001
 2.0439513e-001
 2.0721449e-001
 2.1048518e-001
 2.1411546e-001
 2.1813469e-001
 2.2230212e-001
 2.2663082e-001
 2.3103395e-001
 2.3565328e-001
 2.4034134e-001
 2.4521565e-001
 2.5019079e-001
 2.5524309e-001
 2.5973991e-001
 2.6412809e-001
 2.6864174e-001
 2.7297962e-001
 2.7761802e-001
 2.8216785e-001
 2.8669524e-001
 2.9079333e-001
 2.9470047e-001
 2.9847169e-001
 3.0226064e-001
 3.0596894e-001
 3.0983841e-001
 3.1363124e-001
 3.1696555e-001
 3.2007521e-001
 3.2269958e-001
 3.2522160e-001
 3.2756591e-001
 3.2994038e-001
 3.3187482e-001
 3.3337981e-001
 3.3481601e-001
 3.3607996e-001
 3.3564812e-001
 3.3725980e-001
 3.3955947e-001
 3.4243077e-001
 3.4563687e-001
 3.4872934e-001
 3.5082796e-001
 3.5119826e-001
 3.5076568e-001
 3.5051632e-001
 3.4918988e-001
 3.4621084e-001
 3.4367278e-001
 3.4390116e-001
 3.4735119e-001
 3.5414165e-001
 3.6286053e-001
 3.7147966e-001
 3.7883076e-001
 3.8449460e-001
 3.8918829e-001
 3.9278015e-001
 3.9559492e-001
 3.9680088e-001
 3.9618954e-001
 3.9528710e-001
 3.9563343e-001
 3.9615181e-001
 3.9613339e-001
 3.9551663e-001
 3.9477664e-001
 3.9304253e-001
 3.8897252e-001
 3.8241538e-001
 3.7432379e-001
 3.5865399e-001
 3.2873037e-001
 2.8506565e-001
 2.5503331e-001
 2.6234782e-001
 2.8301352e-001
 2.9360476e-001
 2.9341370e-001
 2.8566489e-001
 2.7539071e-001
 2.6433033e-001
 2.5108621e-001
 2.3839234e-001
 2.3329931e-001
 2.3921397e-001
 2.5623709e-001
 2.7704114e-001
 2.9212523e-001
 2.9895872e-001
 3.0044457e-001
 3.0042979e-001
 2.9995736e-001
 2.9842317e-001
 2.9597959e-001
 2.8972539e-001
 2.8139970e-001
 2.7350157e-001
 2.6685512e-001
 2.6205465e-001
