s07_AV97 Record=285: Alunite SUSTDA-20             BECKb AREF
 4.2498109e-001
 4.5791888e-001
 5.0304264e-001
 5.5599713e-001
 6.0547858e-001
 6.3681573e-001
 6.4766079e-001
 6.5962780e-001
 6.9218737e-001
 7.2253829e-001
 7.4193990e-001
 7.5545520e-001
 7.6830804e-001
 7.8121865e-001
 7.9312623e-001
 8.0737466e-001
 8.2312751e-001
 8.3614731e-001
 8.4804404e-001
 8.5827571e-001
 8.6693907e-001
 8.7325364e-001
 8.7708032e-001
 8.7840539e-001
 8.7824404e-001
 8.7882608e-001
 8.8030505e-001
 8.8234836e-001
 8.8382268e-001
 8.8714236e-001
 8.9506692e-001
 8.9827436e-001
 8.9486861e-001
 8.9705443e-001
 9.0230727e-001
 9.0680754e-001
 9.0899152e-001
 9.1313744e-001
 9.1397166e-001
 9.1672039e-001
 9.1894960e-001
 9.1970998e-001
 9.1936064e-001
 9.1973597e-001
 9.1851366e-001
 9.1795886e-001
 9.1745317e-001
 9.1659713e-001
 9.1571683e-001
 9.1273808e-001
 9.0939528e-001
 9.0926701e-001
 9.1302180e-001
 9.1069633e-001
 9.0999168e-001
 9.0857100e-001
 9.0472746e-001
 9.0700358e-001
 9.0261102e-001
 9.0325010e-001
 9.0503240e-001
 9.0615720e-001
 9.0424150e-001
 9.0447962e-001
 9.0299320e-001
 9.0385842e-001
 9.0210015e-001
 9.0045530e-001
 9.0239751e-001
 9.0640885e-001
 9.1167265e-001
 9.1437787e-001
 9.1545010e-001
 9.1576898e-001
 9.1494852e-001
 9.1674775e-001
 9.1607034e-001
 9.1722304e-001
 9.1690010e-001
 9.1770089e-001
 9.1938996e-001
 9.2037380e-001
 9.2004514e-001
 9.2032915e-001
 9.1911054e-001
 9.1940928e-001
 9.2264688e-001
 9.2241549e-001
 9.1887140e-001
 9.1575134e-001
 9.1590053e-001
 9.1035378e-001
 9.0578270e-001
 9.0308160e-001
 9.0014410e-001
 8.8811398e-001
 9.0122229e-001
 8.9537609e-001
 8.8370258e-001
 8.9118707e-001
 9.0438855e-001
 9.1218126e-001
 9.0984815e-001
 9.0301758e-001
 8.9486629e-001
 8.9224684e-001
 8.9312762e-001
 8.9432508e-001
 8.9558631e-001
 8.9508307e-001
 8.9025772e-001
 8.8069099e-001
 8.5623032e-001
 8.0078602e-001
 6.9937235e-001
 7.0659500e-001
 7.7755797e-001
 7.8087801e-001
 7.4765158e-001
 7.1744561e-001
 6.5644324e-001
 7.2661686e-001
 7.9546571e-001
 8.1581569e-001
 8.4255540e-001
 8.6018085e-001
 8.6316878e-001
 8.7055945e-001
 8.7574619e-001
 8.7832397e-001
 8.8198179e-001
 8.8456100e-001
 8.8488203e-001
 8.8816249e-001
 8.8771021e-001
 8.8687426e-001
 8.8434625e-001
 8.8182735e-001
 8.7720197e-001
 8.7162995e-001
 8.6743158e-001
 8.5822678e-001
 8.4279138e-001
 8.1218326e-001
 7.7351379e-001
 7.3157907e-001
 6.9844294e-001
 6.8689144e-001
 7.0038724e-001
 7.4428380e-001
 8.0303591e-001
 8.3945715e-001
 8.5268772e-001
 8.5410613e-001
 8.5020190e-001
 8.4384567e-001
 8.3816528e-001
 8.2831067e-001
 8.1607854e-001
 8.0506402e-001
 8.0870879e-001
 7.9509753e-001
 7.8059244e-001
 7.7084643e-001
 7.6520026e-001
 7.6498240e-001
 7.6285022e-001
 7.5628626e-001
 7.4692786e-001
 7.4211067e-001
 7.3510957e-001
 7.2234666e-001
 7.0102328e-001
 6.8641895e-001
 6.8428296e-001
 6.7773521e-001
 6.6109776e-001
 6.5081292e-001
 6.4415914e-001
 6.3809717e-001
 6.3255560e-001
 6.2251407e-001
 6.1316353e-001
 6.0439891e-001
 5.9172422e-001
 5.5796450e-001
 5.0698894e-001
 4.5653495e-001
 4.2067567e-001
 4.1001227e-001
 4.1659814e-001
 4.3981755e-001
 4.8493057e-001
 5.0185394e-001
 4.9843380e-001
 5.5418348e-001
 6.2435293e-001
 6.7550629e-001
 6.8880069e-001
 6.9159842e-001
 6.8699872e-001
 6.7422080e-001
 6.5171021e-001
 5.8321249e-001
 5.1309490e-001
 5.0793087e-001
 5.4004061e-001
 5.7798225e-001
 5.9824145e-001
 5.8532292e-001
 5.4503012e-001
 4.8710057e-001
 4.5246074e-001
 4.4022289e-001
 4.3089360e-001
 4.0587169e-001
 3.7524924e-001
 3.5509026e-001
 3.4754211e-001
 3.4624150e-001
 3.4756586e-001
 3.4696871e-001
 3.3999601e-001
 3.2503688e-001
