s07_AV97 Record=1889: Lepidocrocite GDS80 (Syn)   NIC4bbu RREF
-1.2300000e+034
-1.2300000e+034
-1.2300000e+034
-1.2300000e+034
-1.2300000e+034
-1.2300000e+034
-1.2300000e+034
-1.2300000e+034
-1.2300000e+034
-1.2300000e+034
-1.2300000e+034
-1.2300000e+034
-1.2300000e+034
-1.2300000e+034
-1.2300000e+034
-1.2300000e+034
-1.2300000e+034
-1.2300000e+034
-1.2300000e+034
-1.2300000e+034
-1.2300000e+034
-1.2300000e+034
-1.2300000e+034
-1.2300000e+034
-1.2300000e+034
-1.2300000e+034
-1.2300000e+034
-1.2300000e+034
-1.2300000e+034
-1.2300000e+034
-1.2300000e+034
-1.2300000e+034
-1.2300000e+034
-1.2300000e+034
-1.2300000e+034
-1.2300000e+034
-1.2300000e+034
-1.2300000e+034
-1.2300000e+034
-1.2300000e+034
-1.2300000e+034
-1.2300000e+034
-1.2300000e+034
-1.2300000e+034
-1.2300000e+034
-1.2300000e+034
-1.2300000e+034
-1.2300000e+034
-1.2300000e+034
-1.2300000e+034
-1.2300000e+034
-1.2300000e+034
-1.2300000e+034
-1.2300000e+034
-1.2300000e+034
-1.2300000e+034
-1.2300000e+034
-1.2300000e+034
-1.2300000e+034
-1.2300000e+034
-1.2300000e+034
-1.2300000e+034
-1.2300000e+034
-1.2300000e+034
-1.2300000e+034
-1.2300000e+034
-1.2300000e+034
-1.2300000e+034
-1.2300000e+034
-1.2300000e+034
-1.2300000e+034
-1.2300000e+034
-1.2300000e+034
-1.2300000e+034
-1.2300000e+034
-1.2300000e+034
-1.2300000e+034
-1.2300000e+034
-1.2300000e+034
-1.2300000e+034
-1.2300000e+034
-1.2300000e+034
-1.2300000e+034
-1.2300000e+034
-1.2300000e+034
-1.2300000e+034
-1.2300000e+034
-1.2300000e+034
-1.2300000e+034
-1.2300000e+034
-1.2300000e+034
-1.2300000e+034
-1.2300000e+034
-1.2300000e+034
-1.2300000e+034
-1.2300000e+034
-1.2300000e+034
-1.2300000e+034
-1.2300000e+034
-1.2300000e+034
-1.2300000e+034
-1.2300000e+034
-1.2300000e+034
-1.2300000e+034
-1.2300000e+034
-1.2300000e+034
-1.2300000e+034
-1.2300000e+034
-1.2300000e+034
-1.2300000e+034
-1.2300000e+034
-1.2300000e+034
-1.2300000e+034
-1.2300000e+034
-1.2300000e+034
-1.2300000e+034
-1.2300000e+034
-1.2300000e+034
-1.2300000e+034
-1.2300000e+034
-1.2300000e+034
 2.8247508e-001
 3.0206335e-001
 3.3048692e-001
 3.6239746e-001
 3.9273265e-001
 4.1946951e-001
 4.4230267e-001
 4.6142617e-001
 4.7698700e-001
 4.8976731e-001
 5.0043559e-001
 5.0897002e-001
 5.1562876e-001
 5.2067000e-001
 5.2477133e-001
 5.2807510e-001
 5.3094292e-001
 5.3347903e-001
 5.3557444e-001
 5.3713286e-001
 5.3800875e-001
 5.3849292e-001
 5.3850734e-001
 5.3845590e-001
 5.3851062e-001
 5.3815049e-001
 5.3762907e-001
 5.3689843e-001
 5.3598368e-001
 5.3518009e-001
 5.3476244e-001
 5.3446180e-001
 5.3440839e-001
 5.3472233e-001
 5.3513634e-001
 5.3561491e-001
 5.3569096e-001
 5.3396761e-001
 5.3033024e-001
 5.3178978e-001
 5.2688843e-001
 5.2301496e-001
 5.1999313e-001
 5.1805365e-001
 5.1747823e-001
 5.1797712e-001
 5.1860929e-001
 5.1938719e-001
 5.2007586e-001
 5.2073884e-001
 5.2139562e-001
 5.2173752e-001
 5.2197754e-001
 5.2231145e-001
 5.2312595e-001
 5.2441728e-001
 5.2581120e-001
 5.2700526e-001
 5.2779704e-001
 5.2825654e-001
 5.2836084e-001
 5.2814066e-001
 5.2770972e-001
 5.2707803e-001
 5.2616668e-001
 5.2502364e-001
 5.2369636e-001
 5.2213788e-001
 5.2049714e-001
 5.1882857e-001
 5.1729190e-001
 5.1587945e-001
 5.1442313e-001
 5.1236761e-001
 5.0992376e-001
 5.0677627e-001
 5.0302655e-001
 4.9856779e-001
 4.9337944e-001
 4.8786780e-001
 4.8234764e-001
 4.7656146e-001
 4.7064176e-001
 4.6543765e-001
 4.6085483e-001
 4.5689592e-001
 4.5312148e-001
 4.4869432e-001
 4.4332796e-001
 4.3792495e-001
 4.3296939e-001
 4.2867336e-001
 4.2562896e-001
 4.2348334e-001
 4.2142302e-001
 4.1943887e-001
 4.1736573e-001
 4.1525522e-001
 4.1311485e-001
 4.1124722e-001
 4.0997609e-001
 4.0907949e-001
 4.0880615e-001
