s07_AV97 Record=1597: Hypersthene PYX02.a 12um      BECKc AREF
 3.5815901e-001
 3.8251600e-001
 4.0436560e-001
 4.2363614e-001
 4.4138077e-001
 4.5578253e-001
 4.6820357e-001
 4.8249444e-001
 4.9265847e-001
 5.0171369e-001
 5.0969636e-001
 5.1825005e-001
 5.2745467e-001
 5.3574789e-001
 5.4110277e-001
 5.5282527e-001
 5.5840856e-001
 5.6126761e-001
 5.6272256e-001
 5.6664926e-001
 5.7124466e-001
 5.7444936e-001
 5.7629442e-001
 5.7867521e-001
 5.7994926e-001
 5.8134580e-001
 5.8299720e-001
 5.8493859e-001
 5.8681053e-001
 5.8788294e-001
 5.8927250e-001
 5.9056365e-001
 5.8906436e-001
 5.9027952e-001
 5.9156585e-001
 5.9180862e-001
 5.9239244e-001
 5.9169149e-001
 5.9081477e-001
 5.8826417e-001
 5.8353007e-001
 5.7737952e-001
 5.6712854e-001
 5.5468881e-001
 5.3847528e-001
 5.1967382e-001
 4.9888116e-001
 4.7459877e-001
 4.4974661e-001
 4.2451084e-001
 4.0134004e-001
 3.7560701e-001
 3.4998712e-001
 3.3308503e-001
 3.1734589e-001
 3.0606672e-001
 2.9685661e-001
 2.9355419e-001
 2.8808671e-001
 2.8936401e-001
 2.9538336e-001
 3.0456111e-001
 3.1561136e-001
 3.3485657e-001
 3.5610810e-001
 3.8040179e-001
 4.0533975e-001
 4.3311960e-001
 4.5958266e-001
 4.8606232e-001
 5.0860089e-001
 5.2961558e-001
 5.4829437e-001
 5.6234163e-001
 5.7502931e-001
 5.8304536e-001
 5.9062344e-001
 5.9636730e-001
 6.0086489e-001
 6.0485691e-001
 6.0773849e-001
 6.0888737e-001
 6.1077982e-001
 6.1179858e-001
 6.1196333e-001
 6.1400592e-001
 6.1434644e-001
 6.1706841e-001
 6.1736333e-001
 6.1711699e-001
 6.1869621e-001
 6.1927515e-001
 6.1995804e-001
 6.2114710e-001
 6.2065625e-001
 6.2163365e-001
 6.2084746e-001
 6.2116855e-001
 6.2157631e-001
 6.2128955e-001
 6.2197441e-001
 6.2152171e-001
 6.2123966e-001
 6.2068254e-001
 6.1984128e-001
 6.1895669e-001
 6.1713755e-001
 6.1658931e-001
 6.1432928e-001
 6.0774451e-001
 5.9762305e-001
 6.0370302e-001
 6.0280669e-001
 6.0074282e-001
 5.9860951e-001
 5.9504175e-001
 5.9202969e-001
 5.8882558e-001
 5.8461076e-001
 5.8038658e-001
 5.7544672e-001
 5.7006180e-001
 5.6499803e-001
 5.5951786e-001
 5.5398011e-001
 5.4952866e-001
 5.4309595e-001
 5.3791809e-001
 5.3136194e-001
 5.2524477e-001
 5.1917130e-001
 5.1333225e-001
 5.0626278e-001
 5.0125146e-001
 4.9473470e-001
 4.8758546e-001
 4.8196191e-001
 4.7540194e-001
 4.7009966e-001
 4.6632168e-001
 4.6110803e-001
 4.5717204e-001
 4.5095077e-001
 4.4671097e-001
 4.4287986e-001
 4.3868786e-001
 4.3434614e-001
 4.2928451e-001
 4.2735329e-001
 4.2569709e-001
 4.2292380e-001
 4.2103076e-001
 4.1901028e-001
 4.1576481e-001
 4.1437495e-001
 4.1427523e-001
 4.1378057e-001
 4.1305938e-001
 4.1346371e-001
 4.1337752e-001
 4.1350061e-001
 4.1438040e-001
 4.1601089e-001
 4.1679943e-001
 4.1918492e-001
 4.2027196e-001
 4.2380732e-001
 4.2773700e-001
 4.3155551e-001
 4.3648127e-001
 4.3993527e-001
 4.4566682e-001
 4.5068303e-001
 4.5265317e-001
 4.5763257e-001
 4.6407416e-001
 4.7120947e-001
 4.7799987e-001
 4.8211175e-001
 4.8648971e-001
 4.9383113e-001
 4.9939460e-001
 5.0748730e-001
 5.1457566e-001
 5.2095151e-001
 5.2651906e-001
 5.3334516e-001
 5.3745365e-001
 5.4283178e-001
 5.4577142e-001
 5.4825538e-001
 5.5215621e-001
 5.5718464e-001
 5.6042206e-001
 5.6495589e-001
 5.6741267e-001
 5.6985992e-001
 5.7071853e-001
 5.7604265e-001
 5.7718974e-001
 5.7294983e-001
 5.6671602e-001
 5.6756878e-001
 5.6318927e-001
 5.6593263e-001
 5.7825106e-001
 5.8404797e-001
 5.8723837e-001
 5.9137845e-001
 5.9274310e-001
 5.9193534e-001
 5.8813488e-001
 5.9198946e-001
 5.9548944e-001
 5.9613997e-001
 5.9554589e-001
 5.9473425e-001
 5.9448528e-001
 5.9484345e-001
 5.9569609e-001
 5.9678006e-001
 5.9770596e-001
 5.9805757e-001
 5.9760809e-001
