s07_AV97 Record=333: Andalusite NMNHR17898 lggr   NIC4cb RREF
-1.2300000e+034
-1.2300000e+034
-1.2300000e+034
-1.2300000e+034
-1.2300000e+034
-1.2300000e+034
-1.2300000e+034
-1.2300000e+034
-1.2300000e+034
-1.2300000e+034
-1.2300000e+034
-1.2300000e+034
-1.2300000e+034
-1.2300000e+034
-1.2300000e+034
-1.2300000e+034
-1.2300000e+034
-1.2300000e+034
-1.2300000e+034
-1.2300000e+034
-1.2300000e+034
-1.2300000e+034
-1.2300000e+034
-1.2300000e+034
-1.2300000e+034
-1.2300000e+034
-1.2300000e+034
-1.2300000e+034
-1.2300000e+034
-1.2300000e+034
-1.2300000e+034
-1.2300000e+034
-1.2300000e+034
-1.2300000e+034
-1.2300000e+034
-1.2300000e+034
-1.2300000e+034
-1.2300000e+034
-1.2300000e+034
-1.2300000e+034
-1.2300000e+034
-1.2300000e+034
-1.2300000e+034
-1.2300000e+034
-1.2300000e+034
-1.2300000e+034
-1.2300000e+034
-1.2300000e+034
-1.2300000e+034
-1.2300000e+034
-1.2300000e+034
-1.2300000e+034
-1.2300000e+034
-1.2300000e+034
-1.2300000e+034
-1.2300000e+034
-1.2300000e+034
-1.2300000e+034
-1.2300000e+034
-1.2300000e+034
-1.2300000e+034
-1.2300000e+034
-1.2300000e+034
-1.2300000e+034
-1.2300000e+034
-1.2300000e+034
-1.2300000e+034
-1.2300000e+034
-1.2300000e+034
-1.2300000e+034
-1.2300000e+034
-1.2300000e+034
-1.2300000e+034
-1.2300000e+034
-1.2300000e+034
-1.2300000e+034
-1.2300000e+034
-1.2300000e+034
-1.2300000e+034
-1.2300000e+034
-1.2300000e+034
-1.2300000e+034
-1.2300000e+034
-1.2300000e+034
-1.2300000e+034
-1.2300000e+034
-1.2300000e+034
-1.2300000e+034
-1.2300000e+034
-1.2300000e+034
-1.2300000e+034
-1.2300000e+034
-1.2300000e+034
-1.2300000e+034
-1.2300000e+034
-1.2300000e+034
-1.2300000e+034
-1.2300000e+034
-1.2300000e+034
-1.2300000e+034
-1.2300000e+034
-1.2300000e+034
-1.2300000e+034
-1.2300000e+034
-1.2300000e+034
-1.2300000e+034
-1.2300000e+034
-1.2300000e+034
-1.2300000e+034
-1.2300000e+034
-1.2300000e+034
-1.2300000e+034
-1.2300000e+034
-1.2300000e+034
-1.2300000e+034
-1.2300000e+034
-1.2300000e+034
-1.2300000e+034
-1.2300000e+034
-1.2300000e+034
-1.2300000e+034
-1.2300000e+034
-1.2300000e+034
-1.2300000e+034
-1.2300000e+034
-1.2300000e+034
-1.2300000e+034
-1.2300000e+034
-1.2300000e+034
-1.2300000e+034
-1.2300000e+034
-1.2300000e+034
-1.2300000e+034
-1.2300000e+034
-1.2300000e+034
-1.2300000e+034
-1.2300000e+034
-1.2300000e+034
-1.2300000e+034
 6.4614344e-001
 6.5055734e-001
 6.5472198e-001
 6.5843433e-001
 6.6221911e-001
 6.6575277e-001
 6.6968298e-001
 6.7296785e-001
 6.7630827e-001
 6.7941719e-001
 6.8201941e-001
 6.8445706e-001
 6.8661511e-001
 6.8889654e-001
 6.9109321e-001
 6.9364029e-001
 6.9574654e-001
 6.9795263e-001
 6.9965792e-001
 7.0079356e-001
 7.0272362e-001
 7.0209849e-001
 7.0375162e-001
 7.0504135e-001
 7.0641869e-001
 7.0803928e-001
 7.1020919e-001
 7.1176928e-001
 7.1318424e-001
 7.1419203e-001
 7.1507150e-001
 7.1610337e-001
 7.1740818e-001
 7.1870548e-001
 7.2018617e-001
 7.2156054e-001
 7.2268718e-001
 7.2363812e-001
 7.2431195e-001
 7.2497696e-001
 7.2548056e-001
 7.2584617e-001
 7.2653729e-001
 7.2732711e-001
 7.2821105e-001
 7.2937077e-001
 7.3030579e-001
 7.3070419e-001
 7.3075581e-001
 7.3058873e-001
 7.3053193e-001
 7.3045945e-001
 7.2963715e-001
 7.2889692e-001
 7.2743720e-001
 7.2945935e-001
 7.3056930e-001
 7.3172230e-001
 7.3233306e-001
 7.3304296e-001
 7.3388511e-001
 7.3432457e-001
 7.3430538e-001
 7.3352176e-001
 7.3221785e-001
 7.3278320e-001
 7.3363119e-001
 7.3255694e-001
 7.2893888e-001
 7.2953665e-001
 7.3143977e-001
 7.3185843e-001
 7.3314351e-001
 7.3420739e-001
 7.3472279e-001
 7.3451102e-001
 7.3419225e-001
 7.3361290e-001
 7.3336351e-001
 7.3294407e-001
 7.3284632e-001
 7.3285985e-001
 7.3267353e-001
 7.3309398e-001
 7.3346967e-001
