s07_AV97 Record=2097: Monazite HS255.1B            ASDFRb AREF
 1.9836347e-001
 2.1485582e-001
 2.3519228e-001
 2.5354257e-001
 2.7366668e-001
 2.9279816e-001
 3.1147408e-001
 3.2906881e-001
 3.4432364e-001
 3.5889345e-001
 3.6919415e-001
 3.7982821e-001
 3.9307755e-001
 4.0629035e-001
 4.1483483e-001
 4.2227361e-001
 4.3036410e-001
 4.5572916e-001
 4.7359502e-001
 4.9208733e-001
 5.0385690e-001
 4.7323257e-001
 4.9616444e-001
 5.5468166e-001
 5.9006530e-001
 6.0818619e-001
 6.1730254e-001
 6.2715620e-001
 6.3344878e-001
 6.3967389e-001
 6.4631402e-001
 6.4746064e-001
 6.4574546e-001
 6.4727688e-001
 6.5418798e-001
 6.6983873e-001
 6.8260360e-001
 6.8874162e-001
 6.8549240e-001
 6.2200850e-001
 5.4811776e-001
 5.6172353e-001
 6.3928264e-001
 6.8301511e-001
 6.7921102e-001
 6.0754830e-001
 5.3390831e-001
 5.6075400e-001
 6.2968975e-001
 6.7500162e-001
 6.9352955e-001
 6.9587690e-001
 6.7457068e-001
 6.3363868e-001
 6.3091147e-001
 6.6067719e-001
 6.7355001e-001
 6.8256414e-001
 6.9073081e-001
 7.0140988e-001
 7.0743185e-001
 7.0808202e-001
 7.1426809e-001
 7.1863145e-001
 7.2249311e-001
 7.2223085e-001
 7.2504908e-001
 7.2462422e-001
 7.2357374e-001
 7.2184330e-001
 7.2121590e-001
 7.1930981e-001
 7.1344614e-001
 7.0344353e-001
 6.8043518e-001
 6.6256636e-001
 6.7183936e-001
 6.8284869e-001
 6.8907195e-001
 6.9960934e-001
 7.1416754e-001
 7.2302312e-001
 7.3042363e-001
 7.3679334e-001
 7.4213684e-001
 7.4656779e-001
 7.4692589e-001
 7.4156719e-001
 7.2832662e-001
 7.0621449e-001
 6.7071968e-001
 6.5318763e-001
 6.7415726e-001
 6.9316304e-001
 6.9199002e-001
 7.0071459e-001
 6.9241977e-001
 6.9531345e-001
 7.0626330e-001
 7.1519703e-001
 7.2516155e-001
 7.3198843e-001
 7.3560530e-001
 7.3679668e-001
 7.3465192e-001
 7.2767085e-001
 7.1360636e-001
 6.9125450e-001
 6.7379957e-001
 6.8738228e-001
 7.0120364e-001
 6.9259518e-001
 6.8138146e-001
 6.8090278e-001
 6.7836958e-001
 6.7024785e-001
 6.6398335e-001
 6.5746403e-001
 6.5245795e-001
 6.5565759e-001
 6.6520423e-001
 6.6921055e-001
 6.6505396e-001
 6.5768313e-001
 6.4990997e-001
 6.4304066e-001
 6.4398515e-001
 6.4980370e-001
 6.5573299e-001
 6.6088164e-001
 6.6940606e-001
 6.8168068e-001
 6.9369733e-001
 7.0296556e-001
 7.1208346e-001
 7.2022372e-001
 7.2607797e-001
 7.2923309e-001
 7.3101985e-001
 7.3145515e-001
 7.3183310e-001
 7.3507649e-001
 7.3527855e-001
 7.3917794e-001
 7.4508601e-001
 7.4897605e-001
 7.5279480e-001
 7.5545150e-001
 7.5769711e-001
 7.5925684e-001
 7.5874883e-001
 7.5819820e-001
 7.5796008e-001
 7.5695634e-001
 7.5585639e-001
 7.5326586e-001
 7.4973661e-001
 7.4632627e-001
 7.4193966e-001
 7.3438174e-001
 7.3769516e-001
 7.2996879e-001
 7.2242677e-001
 7.1343249e-001
 7.0501012e-001
 6.9781142e-001
 6.9150352e-001
 6.8774211e-001
 6.8588471e-001
 6.8727010e-001
 6.9169801e-001
 6.9641572e-001
 6.9968927e-001
 7.0164311e-001
 7.0530576e-001
 7.1097815e-001
 7.1642780e-001
 7.2155768e-001
 7.2678643e-001
 7.2954369e-001
 7.3219913e-001
 7.3450971e-001
 7.3649466e-001
 7.3855066e-001
 7.3893774e-001
 7.3963392e-001
 7.3919958e-001
 7.3798907e-001
 7.3726219e-001
 7.3670357e-001
 7.3437494e-001
 7.3249388e-001
 7.3057014e-001
 7.2998780e-001
 7.2800219e-001
 7.2511113e-001
 7.2362989e-001
 7.2208434e-001
 7.2071773e-001
 7.1874845e-001
 7.1527350e-001
 7.1115398e-001
 7.0737273e-001
 7.0401341e-001
 7.0082235e-001
 6.9656503e-001
 6.8913358e-001
 6.8290043e-001
 6.7608792e-001
 6.7134684e-001
 6.6666698e-001
 6.6216767e-001
 6.5676695e-001
 6.5144283e-001
 6.4874542e-001
 6.4464962e-001
 6.4305443e-001
 6.4053315e-001
 6.4038599e-001
 6.3417256e-001
 6.3081259e-001
 6.2746876e-001
 6.2544644e-001
-1.2300000e+034
