s07_AV97 Record=1641: Illite IL105 (1Md)            BECKb AREF
 1.4032456e-001
 1.5250926e-001
 1.6513845e-001
 1.7579913e-001
 1.8519214e-001
 1.9486466e-001
 2.0397089e-001
 2.1295898e-001
 2.2108115e-001
 2.2871308e-001
 2.3472920e-001
 2.4058743e-001
 2.4586481e-001
 2.5163805e-001
 2.5704765e-001
 2.6183769e-001
 2.6726115e-001
 2.7237892e-001
 2.7620003e-001
 2.7978891e-001
 2.8307846e-001
 2.8595501e-001
 2.8871414e-001
 2.9032913e-001
 2.9187247e-001
 2.9414237e-001
 2.9604924e-001
 2.9809147e-001
 3.0066076e-001
 3.0300710e-001
 3.0549601e-001
 3.0735815e-001
 3.0515379e-001
 3.0686241e-001
 3.0938414e-001
 3.1181207e-001
 3.1406021e-001
 3.1674394e-001
 3.1975356e-001
 3.2288381e-001
 3.2649931e-001
 3.3012587e-001
 3.3390367e-001
 3.3765560e-001
 3.4223545e-001
 3.4651691e-001
 3.5056004e-001
 3.5407221e-001
 3.5697040e-001
 3.5864046e-001
 3.6198786e-001
 3.6128783e-001
 3.6354387e-001
 3.6448392e-001
 3.6357397e-001
 3.6495697e-001
 3.6821666e-001
 3.6864561e-001
 3.6923981e-001
 3.7149042e-001
 3.7267664e-001
 3.7372616e-001
 3.7397277e-001
 3.7653601e-001
 3.7968081e-001
 3.8112700e-001
 3.8219103e-001
 3.8402328e-001
 3.8523239e-001
 3.8560092e-001
 3.8822818e-001
 3.8842860e-001
 3.9070782e-001
 3.9191264e-001
 3.9284495e-001
 3.9499465e-001
 3.9578602e-001
 3.9713392e-001
 3.9992416e-001
 4.0117183e-001
 4.0313587e-001
 4.0577278e-001
 4.0794352e-001
 4.1048858e-001
 4.1272011e-001
 4.1494423e-001
 4.1833502e-001
 4.2283991e-001
 4.2367792e-001
 4.2804268e-001
 4.3110275e-001
 4.3441197e-001
 4.3758285e-001
 4.3991044e-001
 4.4309339e-001
 4.4672152e-001
 4.4160485e-001
 4.4477636e-001
 4.4861552e-001
 4.5168069e-001
 4.5432663e-001
 4.5775226e-001
 4.6054518e-001
 4.6350074e-001
 4.6616435e-001
 4.6801198e-001
 4.7039533e-001
 4.7359201e-001
 4.7562081e-001
 4.7545865e-001
 4.7201821e-001
 4.6579283e-001
 4.6311575e-001
 4.7172493e-001
 4.7967875e-001
 4.8557916e-001
 4.8936453e-001
 4.9215439e-001
 4.9495104e-001
 4.9754676e-001
 5.0039399e-001
 5.0306273e-001
 5.0731075e-001
 5.0855792e-001
 5.0980574e-001
 5.1246440e-001
 5.1452506e-001
 5.1738352e-001
 5.1760542e-001
 5.1973689e-001
 5.2169085e-001
 5.2348745e-001
 5.2472061e-001
 5.2514803e-001
 5.2687478e-001
 5.2796787e-001
 5.3039885e-001
 5.3090948e-001
 5.3107691e-001
 5.3144383e-001
 5.3424829e-001
 5.3652483e-001
 5.3793341e-001
 5.3630751e-001
 5.3713626e-001
 5.3830999e-001
 5.4038531e-001
 5.4113537e-001
 5.4196244e-001
 5.4268092e-001
 5.4243100e-001
 5.4067320e-001
 5.4136300e-001
 5.4105151e-001
 5.4258800e-001
 5.4057169e-001
 5.4232311e-001
 5.4053682e-001
 5.3581011e-001
 5.2568960e-001
 5.2999258e-001
 5.1373613e-001
 4.9248433e-001
 4.7948739e-001
 4.8411101e-001
 4.9042606e-001
 4.9380165e-001
 4.9799252e-001
 5.0261259e-001
 5.0709927e-001
 5.0984544e-001
 5.1242560e-001
 5.1644301e-001
 5.1875186e-001
 5.2188385e-001
 5.2546084e-001
 5.2982932e-001
 5.3078240e-001
 5.3115594e-001
 5.3282243e-001
 5.3156358e-001
 5.3052688e-001
 5.3042847e-001
 5.3202313e-001
 5.3151309e-001
 5.3110230e-001
 5.3205252e-001
 5.3036284e-001
 5.2691126e-001
 5.2103925e-001
 5.1201940e-001
 5.0153798e-001
 4.9039182e-001
 4.8414364e-001
 4.8770612e-001
 4.9229395e-001
 4.9630964e-001
 5.0006229e-001
 5.0522578e-001
 5.0769717e-001
 5.0878614e-001
 5.1226759e-001
 5.0824076e-001
 5.0219345e-001
 5.0059044e-001
 4.9064353e-001
 4.8376524e-001
 4.7906336e-001
 4.7649181e-001
 4.7721249e-001
 4.7827056e-001
 4.7900337e-001
 4.7600293e-001
 4.7239995e-001
 4.6881092e-001
 4.6441624e-001
 4.5978981e-001
 4.5580652e-001
 4.5298424e-001
 4.5064616e-001
 4.4902557e-001
 4.4778240e-001
 4.4653344e-001
 4.4498640e-001
