s07_AV97 Record=103: Albite HS143.3B Plagioclase   BECKc AREF
 6.0971999e-001
 6.3004315e-001
 6.5525079e-001
 6.7949522e-001
 6.9881177e-001
 7.1579462e-001
 7.3292601e-001
 7.5360864e-001
 7.6812953e-001
 7.8051531e-001
 7.8841037e-001
 7.9541934e-001
 8.0293882e-001
 8.1059623e-001
 8.1889296e-001
 8.2856351e-001
 8.3573043e-001
 8.4330946e-001
 8.4882444e-001
 8.5451877e-001
 8.5785598e-001
 8.6114788e-001
 8.6271727e-001
 8.6800879e-001
 8.7147504e-001
 8.7442589e-001
 8.7594342e-001
 8.7684292e-001
 8.7741101e-001
 8.7987667e-001
 8.8281310e-001
 8.8574409e-001
 8.8292009e-001
 8.8518620e-001
 8.8552260e-001
 8.8835102e-001
 8.8858306e-001
 8.9030236e-001
 8.9257705e-001
 8.9541209e-001
 8.9596635e-001
 8.9758778e-001
 8.9735138e-001
 8.9856118e-001
 9.0236092e-001
 9.0331513e-001
 9.0396661e-001
 9.0357786e-001
 9.0633041e-001
 9.0542603e-001
 9.0333146e-001
 9.0798801e-001
 9.0975517e-001
 9.0742201e-001
 9.0772271e-001
 9.0889287e-001
 9.0719926e-001
 9.0631694e-001
 9.0484899e-001
 9.0433037e-001
 9.0345484e-001
 8.9779544e-001
 8.9863306e-001
 8.9851010e-001
 8.9355421e-001
 8.9603186e-001
 8.9061844e-001
 8.9026254e-001
 8.8800633e-001
 8.8595247e-001
 8.8261241e-001
 8.8293207e-001
 8.7992674e-001
 8.7865782e-001
 8.7437022e-001
 8.7271857e-001
 8.7090069e-001
 8.6934406e-001
 8.6827964e-001
 8.6554289e-001
 8.6638451e-001
 8.6372781e-001
 8.6172038e-001
 8.6158264e-001
 8.6021686e-001
 8.5694265e-001
 8.5789692e-001
 8.5591084e-001
 8.5647959e-001
 8.5577953e-001
 8.5647047e-001
 8.5590780e-001
 8.5689354e-001
 8.5600871e-001
 8.5468078e-001
 8.5486495e-001
 8.5518378e-001
 8.5452646e-001
 8.5501343e-001
 8.5528094e-001
 8.5404396e-001
 8.5711396e-001
 8.5779500e-001
 8.5708863e-001
 8.5775995e-001
 8.5839909e-001
 8.5900962e-001
 8.5865921e-001
 8.5976577e-001
 8.5914308e-001
 8.5322940e-001
 8.4610778e-001
 8.4699047e-001
 8.5386258e-001
 8.5738498e-001
 8.5851681e-001
 8.5793829e-001
 8.6252761e-001
 8.6463106e-001
 8.6756271e-001
 8.7306571e-001
 8.7521559e-001
 8.7101519e-001
 8.7516940e-001
 8.7598640e-001
 8.7941867e-001
 8.7779343e-001
 8.8072944e-001
 8.8237786e-001
 8.8112020e-001
 8.8200164e-001
 8.8424665e-001
 8.8684660e-001
 8.8542628e-001
 8.8626808e-001
 8.8673854e-001
 8.8467592e-001
 8.8617498e-001
 8.8628387e-001
 8.8515908e-001
 8.8553953e-001
 8.9009076e-001
 8.8936985e-001
 8.8619810e-001
 8.8628006e-001
 8.9078975e-001
 8.9146626e-001
 8.8920224e-001
 8.8953823e-001
 8.8833106e-001
 8.8488120e-001
 8.9016360e-001
 8.8678807e-001
 8.8770103e-001
 8.8985759e-001
 8.8791734e-001
 8.8940507e-001
 8.8797230e-001
 8.8443351e-001
 8.7768930e-001
 8.8019347e-001
 8.7699777e-001
 8.7393689e-001
 8.5900229e-001
 8.5210985e-001
 8.4595776e-001
 8.4316128e-001
 8.5009462e-001
 8.5033017e-001
 8.5679227e-001
 8.6360776e-001
 8.6628455e-001
 8.7075728e-001
 8.6835456e-001
 8.7311691e-001
 8.7644088e-001
 8.7935752e-001
 8.8354105e-001
 8.8242781e-001
 8.8385248e-001
 8.8712174e-001
 8.8898826e-001
 8.8903236e-001
 8.8638192e-001
 8.9139211e-001
 8.9170212e-001
 8.8884103e-001
 8.9029706e-001
 8.8623434e-001
 8.7817621e-001
 8.6909568e-001
 8.5385162e-001
 8.5121018e-001
 8.5630059e-001
 8.6321777e-001
 8.6725587e-001
 8.6515027e-001
 8.6612386e-001
 8.6602455e-001
 8.6814201e-001
 8.7377906e-001
 8.6856323e-001
 8.6833972e-001
 8.6693412e-001
 8.6193043e-001
 8.5361946e-001
 8.5097301e-001
 8.5041571e-001
 8.4358567e-001
 8.5063660e-001
 8.5482615e-001
 8.4946442e-001
 8.4798867e-001
 8.4801471e-001
 8.4605348e-001
 8.4045833e-001
 8.3393466e-001
 8.2996321e-001
 8.2885695e-001
 8.2923520e-001
 8.3020490e-001
 8.3095580e-001
 8.3074343e-001
 8.2910663e-001
