s07_AV97 Record=3425: Uvarovite NMNH106661 Garnet   BECKc AREF
 1.5309507e-001
 1.6029009e-001
 1.6202734e-001
 1.5513410e-001
 1.4201555e-001
 1.2924737e-001
 1.2142845e-001
 1.1908578e-001
 1.2123025e-001
 1.2755968e-001
 1.3824910e-001
 1.5315878e-001
 1.7614026e-001
 2.0221904e-001
 2.2525953e-001
 2.3873219e-001
 2.4333142e-001
 2.4034378e-001
 2.3037440e-001
 2.1612893e-001
 2.0020604e-001
 1.8438150e-001
 1.7060524e-001
 1.6039236e-001
 1.5406387e-001
 1.5262952e-001
 1.5668324e-001
 1.6293380e-001
 1.7199077e-001
 1.8338467e-001
 1.9681647e-001
 2.1060973e-001
 1.9458798e-001
 2.0794220e-001
 2.2235213e-001
 2.4104774e-001
 2.5843698e-001
 2.7753994e-001
 2.9168424e-001
 3.0275890e-001
 3.1030476e-001
 3.1525356e-001
 3.1916597e-001
 3.2294640e-001
 3.2511380e-001
 3.2763687e-001
 3.2891563e-001
 3.3026943e-001
 3.3112752e-001
 3.3128437e-001
 3.3144674e-001
 3.3297089e-001
 3.3519986e-001
 3.3499262e-001
 3.3500725e-001
 3.3621252e-001
 3.3550140e-001
 3.3507797e-001
 3.3231053e-001
 3.3315280e-001
 3.3211309e-001
 3.3142400e-001
 3.2925469e-001
 3.2994089e-001
 3.2974848e-001
 3.2891449e-001
 3.2870755e-001
 3.2854566e-001
 3.2720742e-001
 3.2859659e-001
 3.2788008e-001
 3.2714090e-001
 3.2682556e-001
 3.2681027e-001
 3.2729635e-001
 3.2640418e-001
 3.2620332e-001
 3.2689005e-001
 3.2585970e-001
 3.2516503e-001
 3.2536766e-001
 3.2518137e-001
 3.2513100e-001
 3.2507673e-001
 3.2284439e-001
 3.2432213e-001
 3.2362047e-001
 3.2460892e-001
 3.2377616e-001
 3.2472044e-001
 3.2443872e-001
 3.2320377e-001
 3.2335004e-001
 3.2394150e-001
 3.2404339e-001
 3.2418475e-001
 3.2381508e-001
 3.2425958e-001
 3.2391348e-001
 3.2412994e-001
 3.2470936e-001
 3.2494569e-001
 3.2521471e-001
 3.2587159e-001
 3.2646865e-001
 3.2617727e-001
 3.2650185e-001
 3.2773063e-001
 3.2664162e-001
 3.2449061e-001
 3.2139418e-001
 3.2669476e-001
 3.2853711e-001
 3.2732692e-001
 3.2911125e-001
 3.2852095e-001
 3.2868391e-001
 3.2870859e-001
 3.2798219e-001
 3.2794386e-001
 3.2674861e-001
 3.2680464e-001
 3.2535604e-001
 3.2591602e-001
 3.2404050e-001
 3.2310516e-001
 3.2207951e-001
 3.2143617e-001
 3.2033819e-001
 3.1780162e-001
 3.1792316e-001
 3.1570107e-001
 3.1380486e-001
 3.1290635e-001
 3.1088376e-001
 3.0918416e-001
 3.0856481e-001
 3.0614084e-001
 3.0297121e-001
 3.0109504e-001
 2.9874286e-001
 3.0025342e-001
 2.9939142e-001
 2.9562297e-001
 2.9711974e-001
 2.9104626e-001
 2.9349348e-001
 2.9444584e-001
 2.9079986e-001
 2.9161558e-001
 2.9011619e-001
 2.8672448e-001
 2.8649309e-001
 2.8477719e-001
 2.8296518e-001
 2.8389803e-001
 2.8165832e-001
 2.8061861e-001
 2.8142178e-001
 2.7910131e-001
 2.8013438e-001
 2.7735302e-001
 2.7584508e-001
 2.7462128e-001
 2.7435711e-001
 2.7406034e-001
 2.7419582e-001
 2.7353281e-001
 2.7249491e-001
 2.7303684e-001
 2.7370080e-001
 2.7370194e-001
 2.7284464e-001
 2.7254167e-001
 2.7006519e-001
 2.7166289e-001
 2.7226350e-001
 2.7109212e-001
 2.7374536e-001
 2.7263254e-001
 2.7037477e-001
 2.7167693e-001
 2.6988047e-001
 2.7147013e-001
 2.7089363e-001
 2.7007306e-001
 2.7082112e-001
 2.7156729e-001
 2.7065134e-001
 2.7137846e-001
 2.6916909e-001
 2.6898304e-001
 2.6814866e-001
 2.6642853e-001
 2.6686141e-001
 2.6413834e-001
 2.6542553e-001
 2.6275146e-001
 2.6620224e-001
 2.6669887e-001
 2.6284015e-001
 2.6203033e-001
 2.6118615e-001
 2.5752956e-001
 2.5713617e-001
 2.6111892e-001
 2.6207310e-001
 2.6097849e-001
 2.6352310e-001
 2.6405719e-001
 2.6308087e-001
 2.6176214e-001
 2.6415625e-001
 2.6517683e-001
 2.6458207e-001
 2.6461098e-001
 2.6482737e-001
 2.6421902e-001
 2.6311746e-001
 2.6199931e-001
 2.6153636e-001
 2.6159966e-001
 2.6192135e-001
 2.6226211e-001
