s07_AV97 Record=3280: Topaz HS184.2B               ASDFRb AREF
 7.6025558e-001
 7.6441705e-001
 7.6878929e-001
 7.7370822e-001
 7.7967983e-001
 7.8580922e-001
 7.9342377e-001
 8.0120701e-001
 8.0869710e-001
 8.1473523e-001
 8.1936455e-001
 8.2304657e-001
 8.2617831e-001
 8.2879132e-001
 8.3089042e-001
 8.3210874e-001
 8.3272856e-001
 8.3301264e-001
 8.3343369e-001
 8.3430582e-001
 8.3614522e-001
 8.3905542e-001
 8.4267217e-001
 8.4656411e-001
 8.5014999e-001
 8.5316867e-001
 8.5575879e-001
 8.5775989e-001
 8.5940921e-001
 8.6094946e-001
 8.6252898e-001
 8.6391234e-001
 8.6225921e-001
 8.6371499e-001
 8.6484599e-001
 8.7400460e-001
 8.6874372e-001
 8.6834753e-001
 8.6862099e-001
 8.6881179e-001
 8.6932141e-001
 8.7018979e-001
 8.7113923e-001
 8.7212646e-001
 8.7273151e-001
 8.7330341e-001
 8.7389272e-001
 8.7451971e-001
 8.7499368e-001
 8.7559283e-001
 8.7639302e-001
 8.7720644e-001
 8.7782562e-001
 8.7858146e-001
 8.7951964e-001
 8.8033730e-001
 8.8112509e-001
 8.8207859e-001
 8.8285822e-001
 8.8365811e-001
 8.8428074e-001
 8.8496614e-001
 8.8534760e-001
 8.8238895e-001
 8.8646454e-001
 8.8864064e-001
 8.8964397e-001
 8.9048684e-001
 8.9144450e-001
 8.9143175e-001
 8.9277667e-001
 8.9174294e-001
 8.9266306e-001
 8.9325190e-001
 8.9348787e-001
 8.9375675e-001
 8.9380366e-001
 8.9498788e-001
 8.9465982e-001
 8.9641821e-001
 8.9563954e-001
 8.9646989e-001
 8.9671016e-001
 8.9667487e-001
 8.9709646e-001
 8.9736903e-001
 8.9769566e-001
 8.9835167e-001
 8.9693373e-001
 8.9525944e-001
 8.9883792e-001
 8.9927047e-001
 8.9997661e-001
 8.9980775e-001
 9.0079242e-001
 9.0044618e-001
 8.9986157e-001
 9.0052855e-001
 9.0054798e-001
 8.9962900e-001
 8.9956856e-001
 8.9971590e-001
 8.9900708e-001
 8.9888281e-001
 8.9587957e-001
 8.9116257e-001
 8.9206952e-001
 8.9522547e-001
 8.9219218e-001
 8.9128631e-001
 8.6790740e-001
 7.8235841e-001
 8.4129542e-001
 8.8843590e-001
 8.9662164e-001
 8.9878845e-001
 8.9987284e-001
 9.0064824e-001
 9.0199167e-001
 9.0265232e-001
 9.0380573e-001
 9.0490288e-001
 9.0541089e-001
 9.0601951e-001
 9.0666181e-001
 9.0678310e-001
 9.0702283e-001
 9.0717626e-001
 9.0745556e-001
 9.0669310e-001
 9.0581256e-001
 9.0511900e-001
 9.0547961e-001
 9.0640020e-001
 9.0726441e-001
 9.0785909e-001
 9.0870732e-001
 9.0832180e-001
 9.0250397e-001
 8.8804144e-001
 8.9766163e-001
 9.0648335e-001
 9.0661013e-001
 9.0415406e-001
 9.0468222e-001
 9.0588206e-001
 9.0539187e-001
 9.0495592e-001
 9.0547425e-001
 9.0665579e-001
 9.0648413e-001
 9.0716434e-001
 9.0722609e-001
 9.0646863e-001
 9.0509969e-001
 9.0503079e-001
 9.0509373e-001
 9.0364236e-001
 9.0221471e-001
 8.9748001e-001
 8.9933753e-001
 8.9457572e-001
 8.8953519e-001
 8.8468528e-001
 8.8278103e-001
 8.8098264e-001
 8.8143206e-001
 8.8155305e-001
 8.8146603e-001
 8.8265610e-001
 8.8519377e-001
 8.8410825e-001
 8.8288891e-001
 8.8112611e-001
 8.8369900e-001
 8.8363123e-001
 8.7953734e-001
 8.6846489e-001
 8.4038532e-001
 7.4324733e-001
 5.4334617e-001
 5.8105570e-001
 7.5446677e-001
 8.2119685e-001
 8.4185624e-001
 8.3360451e-001
 8.0346781e-001
 7.8012735e-001
 7.8595763e-001
 8.0326176e-001
 8.1084025e-001
 8.1815159e-001
 8.1127000e-001
 8.1037515e-001
 8.2581991e-001
 8.4680176e-001
 8.5678917e-001
 8.5244209e-001
 8.2366472e-001
 8.2737023e-001
 8.4811366e-001
 8.4484076e-001
 8.2637316e-001
 8.1199282e-001
 7.9704171e-001
 7.8512132e-001
 7.8149456e-001
 7.8083766e-001
 7.8122997e-001
 7.7165216e-001
 7.6606315e-001
 7.6067060e-001
 7.5591928e-001
 7.4083757e-001
 7.2684616e-001
 7.2101754e-001
 7.2073781e-001
 7.1028924e-001
 6.9216704e-001
 6.6472566e-001
 6.4840925e-001
 6.3034731e-001
 6.0248107e-001
-1.2300000e+034
