s07_AV97 Record=962: Corrensite CorWa-1           NIC4bc RREF
-1.2300000e+034
-1.2300000e+034
-1.2300000e+034
-1.2300000e+034
-1.2300000e+034
-1.2300000e+034
-1.2300000e+034
-1.2300000e+034
-1.2300000e+034
-1.2300000e+034
-1.2300000e+034
-1.2300000e+034
-1.2300000e+034
-1.2300000e+034
-1.2300000e+034
-1.2300000e+034
-1.2300000e+034
-1.2300000e+034
-1.2300000e+034
-1.2300000e+034
-1.2300000e+034
-1.2300000e+034
-1.2300000e+034
-1.2300000e+034
-1.2300000e+034
-1.2300000e+034
-1.2300000e+034
-1.2300000e+034
-1.2300000e+034
-1.2300000e+034
-1.2300000e+034
-1.2300000e+034
-1.2300000e+034
-1.2300000e+034
-1.2300000e+034
-1.2300000e+034
-1.2300000e+034
-1.2300000e+034
-1.2300000e+034
-1.2300000e+034
-1.2300000e+034
-1.2300000e+034
-1.2300000e+034
-1.2300000e+034
-1.2300000e+034
-1.2300000e+034
-1.2300000e+034
-1.2300000e+034
-1.2300000e+034
-1.2300000e+034
-1.2300000e+034
-1.2300000e+034
-1.2300000e+034
-1.2300000e+034
-1.2300000e+034
-1.2300000e+034
-1.2300000e+034
-1.2300000e+034
-1.2300000e+034
-1.2300000e+034
-1.2300000e+034
-1.2300000e+034
-1.2300000e+034
-1.2300000e+034
-1.2300000e+034
-1.2300000e+034
-1.2300000e+034
-1.2300000e+034
-1.2300000e+034
-1.2300000e+034
-1.2300000e+034
-1.2300000e+034
-1.2300000e+034
-1.2300000e+034
-1.2300000e+034
-1.2300000e+034
-1.2300000e+034
-1.2300000e+034
-1.2300000e+034
-1.2300000e+034
-1.2300000e+034
-1.2300000e+034
-1.2300000e+034
-1.2300000e+034
-1.2300000e+034
-1.2300000e+034
-1.2300000e+034
-1.2300000e+034
-1.2300000e+034
-1.2300000e+034
-1.2300000e+034
-1.2300000e+034
-1.2300000e+034
-1.2300000e+034
-1.2300000e+034
-1.2300000e+034
-1.2300000e+034
-1.2300000e+034
-1.2300000e+034
-1.2300000e+034
-1.2300000e+034
-1.2300000e+034
-1.2300000e+034
-1.2300000e+034
-1.2300000e+034
-1.2300000e+034
-1.2300000e+034
-1.2300000e+034
-1.2300000e+034
-1.2300000e+034
-1.2300000e+034
-1.2300000e+034
-1.2300000e+034
-1.2300000e+034
-1.2300000e+034
-1.2300000e+034
-1.2300000e+034
-1.2300000e+034
-1.2300000e+034
-1.2300000e+034
-1.2300000e+034
-1.2300000e+034
-1.2300000e+034
-1.2300000e+034
-1.2300000e+034
-1.2300000e+034
 4.4609562e-001
 4.5044526e-001
 4.5477876e-001
 4.5878094e-001
 4.6274191e-001
 4.6724680e-001
 4.7191283e-001
 4.7646785e-001
 4.8051682e-001
 4.8422465e-001
 4.8776498e-001
 4.9127758e-001
 4.9517137e-001
 4.9898377e-001
 5.0256765e-001
 5.0580877e-001
 5.0854248e-001
 5.1101941e-001
 5.1350194e-001
 5.1621902e-001
 5.1903796e-001
 5.2182835e-001
 5.2415895e-001
 5.2601683e-001
 5.2746195e-001
 5.2883661e-001
 5.3022486e-001
 5.3193802e-001
 5.3369421e-001
 5.3511667e-001
 5.3625435e-001
 5.3636181e-001
 5.3459084e-001
 5.3023773e-001
 5.3196245e-001
 5.2437055e-001
 5.0959665e-001
 4.9757662e-001
 4.9880612e-001
 5.0605696e-001
 5.1295012e-001
 5.1779902e-001
 5.2097970e-001
 5.2319342e-001
 5.2495354e-001
 5.2677101e-001
 5.2898091e-001
 5.3182077e-001
 5.3503060e-001
 5.3834796e-001
 5.4139382e-001
 5.4381001e-001
 5.4550654e-001
 5.4651862e-001
 5.4697484e-001
 5.4712749e-001
 5.4716140e-001
 5.4729372e-001
 5.4766464e-001
 5.4832834e-001
 5.4869789e-001
 5.4822201e-001
 5.4697114e-001
 5.4528415e-001
 5.4289669e-001
 5.3953201e-001
 5.3595936e-001
 5.3350174e-001
 5.3104591e-001
 5.2705592e-001
 5.2033108e-001
 5.1257920e-001
 5.0725955e-001
 5.0389946e-001
 4.9901989e-001
 4.9270082e-001
 4.8725504e-001
 4.8418263e-001
 4.8209286e-001
 4.7976318e-001
 4.7793788e-001
 4.7646937e-001
 4.7662947e-001
 4.7795093e-001
 4.7985008e-001
 4.8022971e-001
 4.7916701e-001
 4.7831899e-001
 4.7788587e-001
 4.7687399e-001
 4.7467864e-001
 4.7186118e-001
 4.6840423e-001
 4.6466830e-001
 4.6088699e-001
 4.5759651e-001
 4.5489863e-001
 4.5284188e-001
