s07_AV97 Record=685: Calcite WS272                ASDNGa AREF
 8.3369601e-001
 8.3747309e-001
 8.4415936e-001
 8.5205215e-001
 8.6044687e-001
 8.6912227e-001
 8.7752312e-001
 8.8538897e-001
 8.9206511e-001
 8.9732802e-001
 9.0109903e-001
 9.0386260e-001
 9.0599471e-001
 9.0786719e-001
 9.0956348e-001
 9.1108167e-001
 9.1251785e-001
 9.1406691e-001
 9.1558754e-001
 9.1705090e-001
 9.1843843e-001
 9.1936165e-001
 9.2045760e-001
 9.2135942e-001
 9.2219633e-001
 9.2296195e-001
 9.2367244e-001
 9.2435467e-001
 9.2507362e-001
 9.2580914e-001
 9.2636925e-001
 9.2681217e-001
 9.2631394e-001
 9.2673081e-001
 9.2715400e-001
 9.2773473e-001
 9.2814487e-001
 9.2850238e-001
 9.2873365e-001
 9.2890048e-001
 9.2904872e-001
 9.2938221e-001
 9.2969286e-001
 9.2995250e-001
 9.2996758e-001
 9.3003064e-001
 9.2984462e-001
 9.2999285e-001
 9.3012077e-001
 9.3027395e-001
 9.3028390e-001
 9.3036634e-001
 9.3034476e-001
 9.3039531e-001
 9.3042892e-001
 9.3043768e-001
 9.3033499e-001
 9.3047744e-001
 9.3054765e-001
 9.3061447e-001
 9.3053591e-001
 9.3054932e-001
 9.3061072e-001
 9.3076694e-001
 9.3087012e-001
 9.3090159e-001
 9.3106174e-001
 9.3130594e-001
 9.3150640e-001
 9.3173093e-001
 9.3168831e-001
 9.3157566e-001
 9.3157351e-001
 9.3164080e-001
 9.3182337e-001
 9.3191952e-001
 9.3202186e-001
 9.3218708e-001
 9.3235260e-001
 9.3248338e-001
 9.3258119e-001
 9.3254369e-001
 9.3259495e-001
 9.3247038e-001
 9.3232745e-001
 9.3197876e-001
 9.3184030e-001
 9.3182284e-001
 9.3157536e-001
 9.3156034e-001
 9.3166608e-001
 9.3205118e-001
 9.3206280e-001
 9.3199968e-001
 9.3202418e-001
 9.3187588e-001
 9.3201834e-001
 9.3194807e-001
 9.3178648e-001
 9.3154556e-001
 9.3149573e-001
 9.3160945e-001
 9.3153036e-001
 9.3121815e-001
 9.3079334e-001
 9.3055475e-001
 9.3056166e-001
 9.3067425e-001
 9.2990053e-001
 9.2881131e-001
 9.2789173e-001
 9.2735201e-001
 9.2697692e-001
 9.2702603e-001
 9.2728674e-001
 9.2752063e-001
 9.2712361e-001
 9.2700315e-001
 9.2691380e-001
 9.2712003e-001
 9.2781734e-001
 9.2846310e-001
 9.2888004e-001
 9.2915803e-001
 9.2897183e-001
 9.2882013e-001
 9.2858189e-001
 9.2736024e-001
 9.2820865e-001
 9.2962044e-001
 9.3039232e-001
 9.3044382e-001
 9.3015224e-001
 9.2986393e-001
 9.2943704e-001
 9.2856950e-001
 9.2785555e-001
 9.2861170e-001
 9.2891395e-001
 9.2892402e-001
 9.2788225e-001
 9.2608619e-001
 9.2405105e-001
 9.2255229e-001
 9.2109358e-001
 9.1976947e-001
 9.1848564e-001
 9.1942686e-001
 9.2411256e-001
 9.2620748e-001
 9.2601061e-001
 9.2486340e-001
 9.2285633e-001
 9.1958296e-001
 9.1438180e-001
 9.0853971e-001
 9.0420437e-001
 8.9758587e-001
 8.8390315e-001
 8.8597566e-001
 8.8224679e-001
 8.9909470e-001
 9.0962499e-001
 9.1105998e-001
 9.1030473e-001
 9.0937895e-001
 9.0734625e-001
 9.0347683e-001
 8.9746648e-001
 8.9242333e-001
 8.8865525e-001
 8.7996334e-001
 8.7443650e-001
 8.9023119e-001
 9.0358573e-001
 9.1145098e-001
 9.1689855e-001
 9.2059314e-001
 9.2272091e-001
 9.2335731e-001
 9.2357308e-001
 9.2247558e-001
 9.2000520e-001
 9.1541892e-001
 9.1163498e-001
 9.0742576e-001
 8.9869052e-001
 8.8671297e-001
 8.8270766e-001
 8.8687235e-001
 8.9376646e-001
 8.9686751e-001
 8.9476120e-001
 8.9014333e-001
 8.8279784e-001
 8.7273896e-001
 8.6155784e-001
 8.4950972e-001
 8.3530724e-001
 8.1897241e-001
 7.9739094e-001
 7.7529460e-001
 7.6129311e-001
 7.5359058e-001
 7.4263120e-001
 7.1994096e-001
 7.0183343e-001
 7.1611482e-001
 7.6551676e-001
 8.2218689e-001
 8.5336131e-001
 8.6302119e-001
 8.6035061e-001
 8.5748112e-001
 8.5287625e-001
 8.3842176e-001
 8.2112384e-001
 8.0101532e-001
 7.7830094e-001
 7.4779934e-001
 7.1424711e-001
 6.9089478e-001
 6.8070632e-001
-1.2300000e+034
