s07_AV97 Record=156: Almandine HS114.3B Garnet    NIC4bb RREF
-1.2300000e+034
-1.2300000e+034
-1.2300000e+034
-1.2300000e+034
-1.2300000e+034
-1.2300000e+034
-1.2300000e+034
-1.2300000e+034
-1.2300000e+034
-1.2300000e+034
-1.2300000e+034
-1.2300000e+034
-1.2300000e+034
-1.2300000e+034
-1.2300000e+034
-1.2300000e+034
-1.2300000e+034
-1.2300000e+034
-1.2300000e+034
-1.2300000e+034
-1.2300000e+034
-1.2300000e+034
-1.2300000e+034
-1.2300000e+034
-1.2300000e+034
-1.2300000e+034
-1.2300000e+034
-1.2300000e+034
-1.2300000e+034
-1.2300000e+034
-1.2300000e+034
-1.2300000e+034
-1.2300000e+034
-1.2300000e+034
-1.2300000e+034
-1.2300000e+034
-1.2300000e+034
-1.2300000e+034
-1.2300000e+034
-1.2300000e+034
-1.2300000e+034
-1.2300000e+034
-1.2300000e+034
-1.2300000e+034
-1.2300000e+034
-1.2300000e+034
-1.2300000e+034
-1.2300000e+034
-1.2300000e+034
-1.2300000e+034
-1.2300000e+034
-1.2300000e+034
-1.2300000e+034
-1.2300000e+034
-1.2300000e+034
-1.2300000e+034
-1.2300000e+034
-1.2300000e+034
-1.2300000e+034
-1.2300000e+034
-1.2300000e+034
-1.2300000e+034
-1.2300000e+034
-1.2300000e+034
-1.2300000e+034
-1.2300000e+034
-1.2300000e+034
-1.2300000e+034
-1.2300000e+034
-1.2300000e+034
-1.2300000e+034
-1.2300000e+034
-1.2300000e+034
-1.2300000e+034
-1.2300000e+034
-1.2300000e+034
-1.2300000e+034
-1.2300000e+034
-1.2300000e+034
-1.2300000e+034
-1.2300000e+034
-1.2300000e+034
-1.2300000e+034
-1.2300000e+034
-1.2300000e+034
-1.2300000e+034
-1.2300000e+034
-1.2300000e+034
-1.2300000e+034
-1.2300000e+034
-1.2300000e+034
-1.2300000e+034
-1.2300000e+034
-1.2300000e+034
-1.2300000e+034
-1.2300000e+034
-1.2300000e+034
-1.2300000e+034
-1.2300000e+034
-1.2300000e+034
-1.2300000e+034
-1.2300000e+034
-1.2300000e+034
-1.2300000e+034
-1.2300000e+034
-1.2300000e+034
 1.7316948e-001
 1.8491086e-001
 1.9331364e-001
 1.9969954e-001
 2.0415190e-001
 2.0837198e-001
 2.1199873e-001
 2.1552940e-001
 2.1890740e-001
 2.2230218e-001
 2.2569770e-001
 2.2901386e-001
 2.3185438e-001
 2.3392090e-001
 2.3540255e-001
 2.3602010e-001
 2.3598455e-001
 2.3503350e-001
 2.3384005e-001
 2.3232178e-001
 2.3054370e-001
 2.2873482e-001
 2.2691603e-001
 2.2497840e-001
 2.2331016e-001
 2.2179146e-001
 2.2036026e-001
 2.1901709e-001
 2.1787705e-001
 2.1685104e-001
 2.1610613e-001
 2.1556154e-001
 2.1526673e-001
 2.1515390e-001
 2.1504582e-001
 2.1515813e-001
 2.1538220e-001
 2.1584067e-001
 2.1650976e-001
 2.1736164e-001
 2.1836442e-001
 2.1946339e-001
 2.2048289e-001
 2.2159003e-001
 2.2267878e-001
 2.2391386e-001
 2.2529569e-001
 2.2669987e-001
 2.2818796e-001
 2.2961558e-001
 2.3079933e-001
 2.3193330e-001
 2.3296508e-001
 2.3387413e-001
 2.3359033e-001
 2.3453289e-001
 2.3548067e-001
 2.3639731e-001
 2.3739862e-001
 2.3811729e-001
 2.3869859e-001
 2.3903938e-001
 2.3926651e-001
 2.3935199e-001
 2.3942257e-001
 2.3950970e-001
 2.3960099e-001
 2.3959140e-001
 2.3952907e-001
 2.3935293e-001
 2.3907202e-001
 2.3864025e-001
 2.3807491e-001
 2.3741914e-001
 2.3681641e-001
 2.3627949e-001
 2.3579486e-001
 2.3537178e-001
 2.3491311e-001
 2.3446448e-001
 2.3392774e-001
 2.3349483e-001
 2.3287737e-001
 2.3228204e-001
 2.3152831e-001
 2.3082896e-001
 2.3014624e-001
 2.2962597e-001
 2.2904280e-001
 2.2844829e-001
 2.2814837e-001
 2.2779772e-001
 2.2768494e-001
 2.2759748e-001
 2.2760320e-001
 2.2769096e-001
 2.2772901e-001
 2.2774830e-001
 2.2785529e-001
 2.2810259e-001
 2.2844087e-001
 2.2886837e-001
 2.2946252e-001
 2.3009524e-001
 2.3089163e-001
 2.3166217e-001
 2.3286745e-001
 2.3402031e-001
 2.3510981e-001
 2.3631437e-001
 2.3736361e-001
 2.3880036e-001
 2.4019605e-001
 2.4172847e-001
 2.4330474e-001
 2.4495171e-001
 2.4662545e-001
 2.4856453e-001
