s07_AV97 Record=656: Bytownite HS105.4B Plagio    ASDFRb AREF
 1.7897737e-001
 1.8507491e-001
 1.9105564e-001
 1.9700752e-001
 2.0067906e-001
 2.0314254e-001
 2.0645577e-001
 2.1096590e-001
 2.1495159e-001
 2.1795222e-001
 2.1971129e-001
 2.2078533e-001
 2.2208995e-001
 2.2417347e-001
 2.2629477e-001
 2.2823778e-001
 2.2964397e-001
 2.3045117e-001
 2.3081997e-001
 2.3094103e-001
 2.3080041e-001
 2.3029855e-001
 2.2964914e-001
 2.2889319e-001
 2.2794305e-001
 2.2703210e-001
 2.2590114e-001
 2.2462060e-001
 2.2368577e-001
 2.2292882e-001
 2.2231081e-001
 2.2190103e-001
 2.2239487e-001
 2.2196180e-001
 2.2175467e-001
 2.2189070e-001
 2.2221322e-001
 2.2272503e-001
 2.2330926e-001
 2.2387883e-001
 2.2431485e-001
 2.2463413e-001
 2.2481555e-001
 2.2482605e-001
 2.2463045e-001
 2.2422433e-001
 2.2379816e-001
 2.2326306e-001
 2.2272463e-001
 2.2223751e-001
 2.2178669e-001
 2.2132501e-001
 2.2094007e-001
 2.2062007e-001
 2.2034927e-001
 2.1997872e-001
 2.1968903e-001
 2.1938230e-001
 2.1909314e-001
 2.1874374e-001
 2.1838783e-001
 2.1794328e-001
 2.1748260e-001
 2.1691783e-001
 2.1637276e-001
 2.1578951e-001
 2.1515280e-001
 2.1456173e-001
 2.1389681e-001
 2.1268854e-001
 2.1238168e-001
 2.1146919e-001
 2.1072006e-001
 2.1038902e-001
 2.0962961e-001
 2.0924485e-001
 2.0900919e-001
 2.0864826e-001
 2.0843880e-001
 2.0805615e-001
 2.0772053e-001
 2.0729789e-001
 2.0699361e-001
 2.0666531e-001
 2.0660332e-001
 2.0633332e-001
 2.0604637e-001
 2.0589705e-001
 2.0583513e-001
 2.0588098e-001
 2.0574869e-001
 2.0584202e-001
 2.0589490e-001
 2.0589887e-001
 2.0590529e-001
 2.0590387e-001
 2.0583318e-001
 2.0590848e-001
 2.0599563e-001
 2.0613047e-001
 2.0621319e-001
 2.0632227e-001
 2.0651984e-001
 2.0658213e-001
 2.0674898e-001
 2.0686822e-001
 2.0703796e-001
 2.0724043e-001
 2.0726334e-001
 2.0716518e-001
 2.0641504e-001
 2.0505562e-001
 2.0481098e-001
 2.0636733e-001
 2.0758203e-001
 2.0803975e-001
 2.0846967e-001
 2.0888600e-001
 2.0935047e-001
 2.0972665e-001
 2.1037260e-001
 2.1113408e-001
 2.1179101e-001
 2.1239637e-001
 2.1308164e-001
 2.1384226e-001
 2.1432455e-001
 2.1482946e-001
 2.1525991e-001
 2.1580657e-001
 2.1633966e-001
 2.1666732e-001
 2.1695480e-001
 2.1732692e-001
 2.1758750e-001
 2.1787898e-001
 2.1805412e-001
 2.1821293e-001
 2.1825726e-001
 2.1829830e-001
 2.1822651e-001
 2.1844782e-001
 2.1876125e-001
 2.1899727e-001
 2.1921316e-001
 2.1922886e-001
 2.1935305e-001
 2.1919154e-001
 2.1924201e-001
 2.1939839e-001
 2.1956035e-001
 2.1975145e-001
 2.1989511e-001
 2.2011569e-001
 2.2055276e-001
 2.2049974e-001
 2.2058198e-001
 2.2066301e-001
 2.2075756e-001
 2.2009438e-001
 2.2027698e-001
 2.1948634e-001
 2.1778966e-001
 2.1621689e-001
 2.1554267e-001
 2.1561049e-001
 2.1629709e-001
 2.1677472e-001
 2.1725029e-001
 2.1744886e-001
 2.1762617e-001
 2.1837926e-001
 2.1895510e-001
 2.1918856e-001
 2.1963266e-001
 2.2013618e-001
 2.2037002e-001
 2.2068661e-001
 2.2102362e-001
 2.2103257e-001
 2.2126542e-001
 2.2139046e-001
 2.2129864e-001
 2.2120412e-001
 2.2114789e-001
 2.2098011e-001
 2.2096661e-001
 2.2054496e-001
 2.1917826e-001
 2.1794783e-001
 2.1608119e-001
 2.1444009e-001
 2.1379383e-001
 2.1439457e-001
 2.1453911e-001
 2.1428436e-001
 2.1307188e-001
 2.1179111e-001
 2.1057259e-001
 2.1043368e-001
 2.1034294e-001
 2.0957433e-001
 2.0900358e-001
 2.0781513e-001
 2.0584671e-001
 2.0320183e-001
 2.0194444e-001
 2.0269468e-001
 2.0434588e-001
 2.0582984e-001
 2.0692432e-001
 2.0746806e-001
 2.0771763e-001
 2.0781133e-001
 2.0779133e-001
 2.0714182e-001
 2.0680507e-001
 2.0599897e-001
 2.0611557e-001
 2.0584109e-001
 2.0505346e-001
 2.0399892e-001
 2.0431811e-001
-1.2300000e+034
