s07_AV97 Record=2325: Natrolite HS169.2B Zeolite   ASDFRb AREF
 5.9316128e-001
 6.0030401e-001
 6.0738069e-001
 6.1422038e-001
 6.1989093e-001
 6.2527335e-001
 6.3103914e-001
 6.3750148e-001
 6.4419109e-001
 6.5030354e-001
 6.5506977e-001
 6.5923554e-001
 6.6345894e-001
 6.6778129e-001
 6.7290998e-001
 6.7844576e-001
 6.8397337e-001
 6.8902290e-001
 6.9337177e-001
 6.9697297e-001
 7.0006073e-001
 7.0255369e-001
 7.0473957e-001
 7.0670623e-001
 7.0873219e-001
 7.1074212e-001
 7.1231359e-001
 7.1387386e-001
 7.1543276e-001
 7.1715492e-001
 7.1884739e-001
 7.2055739e-001
 7.1857578e-001
 7.2022265e-001
 7.2194290e-001
 7.2377229e-001
 7.2510338e-001
 7.2672296e-001
 7.2828674e-001
 7.2973609e-001
 7.3122621e-001
 7.3269153e-001
 7.3438227e-001
 7.3600137e-001
 7.3757243e-001
 7.3893982e-001
 7.4022013e-001
 7.4120849e-001
 7.4199659e-001
 7.4276614e-001
 7.4337190e-001
 7.4383736e-001
 7.4450886e-001
 7.4519253e-001
 7.4603015e-001
 7.4682194e-001
 7.4766153e-001
 7.4873817e-001
 7.4981374e-001
 7.5067437e-001
 7.5143558e-001
 7.5199014e-001
 7.5249296e-001
 7.5203502e-001
 7.5092363e-001
 7.5072265e-001
 7.5169188e-001
 7.5387043e-001
 7.5595373e-001
 7.5859678e-001
 7.5985050e-001
 7.6165599e-001
 7.6237214e-001
 7.6345432e-001
 7.6479173e-001
 7.6572287e-001
 7.6651341e-001
 7.6752669e-001
 7.6835477e-001
 7.6946932e-001
 7.6982063e-001
 7.6995426e-001
 7.6870346e-001
 7.6517993e-001
 7.6108372e-001
 7.5807106e-001
 7.5649029e-001
 7.6142830e-001
 7.6336169e-001
 7.6337641e-001
 7.6512939e-001
 7.6634699e-001
 7.6659656e-001
 7.6738572e-001
 7.6850599e-001
 7.7038652e-001
 7.6784796e-001
 7.6952171e-001
 7.7123505e-001
 7.7233082e-001
 7.7227736e-001
 7.7142769e-001
 7.6864094e-001
 7.5944644e-001
 7.4603200e-001
 7.4272275e-001
 7.4130470e-001
 7.4346131e-001
 7.4420846e-001
 7.3800510e-001
 7.2662985e-001
 7.0577556e-001
 6.7483914e-001
 6.4612877e-001
 6.2856489e-001
 6.1479354e-001
 5.8769250e-001
 5.9818912e-001
 6.3753432e-001
 6.4084709e-001
 6.4532125e-001
 6.6990280e-001
 6.8140751e-001
 6.8651587e-001
 6.8823618e-001
 6.8662214e-001
 6.8245858e-001
 6.8117148e-001
 6.8281418e-001
 6.8357414e-001
 6.8207633e-001
 6.8153745e-001
 6.8389899e-001
 6.8732107e-001
 6.9141805e-001
 6.9614673e-001
 7.0164859e-001
 7.0702690e-001
 7.1198845e-001
 7.1583629e-001
 7.1932417e-001
 7.2173244e-001
 7.2342753e-001
 7.2489607e-001
 7.2172117e-001
 7.2016621e-001
 7.1824545e-001
 7.0502239e-001
 7.0079190e-001
 7.0973462e-001
 7.1152347e-001
 7.0583415e-001
 6.9583797e-001
 6.9432515e-001
 7.0154452e-001
 7.0561790e-001
 7.0163983e-001
 6.9011652e-001
 6.6518915e-001
 6.1339337e-001
 6.3841593e-001
 5.6677103e-001
 4.9312684e-001
 4.3901336e-001
 3.8360286e-001
 3.0716839e-001
 2.1931098e-001
 2.7550456e-001
 3.9168325e-001
 4.3267700e-001
 4.3393311e-001
 4.1848055e-001
 4.0033948e-001
 3.9572290e-001
 4.1043463e-001
 4.4276398e-001
 4.7837651e-001
 5.0147885e-001
 5.1069534e-001
 5.0895083e-001
 5.0419956e-001
 5.0978160e-001
 5.3089559e-001
 5.5609798e-001
 5.7444769e-001
 5.8428568e-001
 5.8709717e-001
 5.8297908e-001
 5.7724124e-001
 5.7495153e-001
 5.6932884e-001
 5.5354500e-001
 5.4640341e-001
 5.6450099e-001
 5.9139341e-001
 6.1119193e-001
 6.2208647e-001
 6.2773329e-001
 6.2735885e-001
 6.2157780e-001
 6.2017077e-001
 6.2544876e-001
 6.2954998e-001
 6.2662739e-001
 6.1785173e-001
 6.0750753e-001
 5.9355849e-001
 5.8059692e-001
 5.6916803e-001
 5.5137593e-001
 5.3686279e-001
 5.2476418e-001
 5.0323331e-001
 4.6161094e-001
 4.0942717e-001
 3.7706807e-001
 3.8169536e-001
 4.0459317e-001
 4.1111305e-001
 4.1561121e-001
 4.4539350e-001
 4.8103213e-001
 4.9709964e-001
-1.2300000e+034
