s07_AV97 Record=1418: Halloysite KLH503             BECKb AREF
 6.6319084e-001
 6.7868537e-001
 6.9354695e-001
 7.0624888e-001
 7.1532398e-001
 7.2252399e-001
 7.2646827e-001
 7.3092943e-001
 7.3689294e-001
 7.4029338e-001
 7.4288154e-001
 7.4224043e-001
 7.4831295e-001
 7.6044959e-001
 7.6933587e-001
 7.7782029e-001
 7.8580165e-001
 7.9333949e-001
 7.9876453e-001
 8.0411595e-001
 8.0989134e-001
 8.1497633e-001
 8.2011700e-001
 8.2479221e-001
 8.2883918e-001
 8.3235741e-001
 8.3639354e-001
 8.4056681e-001
 8.4368646e-001
 8.4675884e-001
 8.5084212e-001
 8.5344404e-001
 8.5030490e-001
 8.5296613e-001
 8.5548723e-001
 8.5856390e-001
 8.6019415e-001
 8.6214978e-001
 8.6366928e-001
 8.6455089e-001
 8.6488283e-001
 8.6790526e-001
 8.7058246e-001
 8.7184292e-001
 8.7342787e-001
 8.7418783e-001
 8.7482613e-001
 8.7608790e-001
 8.7699240e-001
 8.7748420e-001
 8.7760818e-001
 8.7627172e-001
 8.7324321e-001
 8.7000519e-001
 8.7058401e-001
 8.7120819e-001
 8.7015682e-001
 8.6796480e-001
 8.6049926e-001
 8.5712254e-001
 8.5457343e-001
 8.3387595e-001
 8.2116008e-001
 8.1496513e-001
 8.2236809e-001
 8.4891570e-001
 8.5740435e-001
 8.6050457e-001
 8.6257857e-001
 8.6389261e-001
 8.6729211e-001
 8.6837232e-001
 8.6982298e-001
 8.7066430e-001
 8.6988556e-001
 8.7050790e-001
 8.7023580e-001
 8.7029147e-001
 8.6799008e-001
 8.6759806e-001
 8.6490482e-001
 8.6098707e-001
 8.5350233e-001
 8.4088743e-001
 8.3518225e-001
 8.3909452e-001
 8.4173614e-001
 8.4282237e-001
 8.4014595e-001
 8.3810729e-001
 8.3279306e-001
 8.2088190e-001
 8.1299204e-001
 8.1268853e-001
 8.1801724e-001
 8.1741571e-001
 8.1454617e-001
 8.1900269e-001
 8.1258911e-001
 7.9366601e-001
 7.7007502e-001
 7.4997550e-001
 7.3405737e-001
 7.2380918e-001
 7.1373361e-001
 6.9830996e-001
 6.6302025e-001
 6.2472409e-001
 5.6381661e-001
 4.6674132e-001
 4.3566057e-001
 4.3803304e-001
 4.0799123e-001
 4.9380600e-001
 5.4886520e-001
 5.7393628e-001
 5.9030378e-001
 5.9965801e-001
 6.1183405e-001
 6.2693453e-001
 6.3906950e-001
 6.5222001e-001
 6.6532427e-001
 6.7416841e-001
 6.8207532e-001
 6.8898034e-001
 6.9680649e-001
 7.0091355e-001
 7.0474982e-001
 7.0809805e-001
 7.1027750e-001
 7.1442860e-001
 7.1601242e-001
 7.1751791e-001
 7.1824479e-001
 7.1888119e-001
 7.1915632e-001
 7.1921402e-001
 7.1557009e-001
 7.1255660e-001
 7.1397328e-001
 7.1257925e-001
 7.0749414e-001
 7.0392388e-001
 6.9707596e-001
 6.8727678e-001
 6.8288869e-001
 6.7508978e-001
 6.6736424e-001
 6.5659374e-001
 6.4759523e-001
 6.4225185e-001
 6.3810736e-001
 6.3413233e-001
 6.3261724e-001
 6.2632293e-001
 6.2379378e-001
 6.1503899e-001
 5.8215457e-001
 5.3007990e-001
 5.4803801e-001
 4.9156284e-001
 4.2667770e-001
 3.6707094e-001
 3.5587311e-001
 3.7411293e-001
 3.8766706e-001
 3.9912334e-001
 4.0825686e-001
 4.1698545e-001
 4.2845973e-001
 4.3795359e-001
 4.4918537e-001
 4.6067458e-001
 4.7048989e-001
 4.7953832e-001
 4.8526260e-001
 4.8690403e-001
 4.8935977e-001
 4.9149221e-001
 4.8883256e-001
 4.8266914e-001
 4.7966278e-001
 4.7175270e-001
 4.6120453e-001
 4.5330611e-001
 4.2964458e-001
 3.9248571e-001
 3.5123634e-001
 3.2983524e-001
 3.2039028e-001
 3.0505040e-001
 2.6688904e-001
 2.4012335e-001
 2.9632962e-001
 3.5163316e-001
 3.6956596e-001
 3.8042203e-001
 3.7643978e-001
 3.7813053e-001
 3.7567100e-001
 3.6371949e-001
 3.4783608e-001
 3.3038816e-001
 3.2143709e-001
 3.1841677e-001
 3.1338331e-001
 2.9916582e-001
 2.9337418e-001
 2.8928024e-001
 2.7934214e-001
 2.6962194e-001
 2.6591223e-001
 2.6323909e-001
 2.5818735e-001
 2.4967560e-001
 2.4000123e-001
 2.3202211e-001
 2.2637655e-001
 2.2063032e-001
 2.1450379e-001
 2.0802654e-001
 2.0142756e-001
 1.9495659e-001
