s07_AV97 Record=1605: Hypersthene PYX02.c 180um   NIC4cbb RREF
-1.2300000e+034
-1.2300000e+034
-1.2300000e+034
-1.2300000e+034
-1.2300000e+034
-1.2300000e+034
-1.2300000e+034
-1.2300000e+034
-1.2300000e+034
-1.2300000e+034
-1.2300000e+034
-1.2300000e+034
-1.2300000e+034
-1.2300000e+034
-1.2300000e+034
-1.2300000e+034
-1.2300000e+034
-1.2300000e+034
-1.2300000e+034
-1.2300000e+034
-1.2300000e+034
-1.2300000e+034
-1.2300000e+034
-1.2300000e+034
-1.2300000e+034
-1.2300000e+034
-1.2300000e+034
-1.2300000e+034
-1.2300000e+034
-1.2300000e+034
-1.2300000e+034
-1.2300000e+034
-1.2300000e+034
-1.2300000e+034
-1.2300000e+034
-1.2300000e+034
-1.2300000e+034
-1.2300000e+034
-1.2300000e+034
-1.2300000e+034
-1.2300000e+034
-1.2300000e+034
-1.2300000e+034
-1.2300000e+034
-1.2300000e+034
-1.2300000e+034
-1.2300000e+034
-1.2300000e+034
-1.2300000e+034
-1.2300000e+034
-1.2300000e+034
-1.2300000e+034
-1.2300000e+034
-1.2300000e+034
-1.2300000e+034
-1.2300000e+034
-1.2300000e+034
-1.2300000e+034
-1.2300000e+034
-1.2300000e+034
-1.2300000e+034
-1.2300000e+034
-1.2300000e+034
-1.2300000e+034
-1.2300000e+034
-1.2300000e+034
-1.2300000e+034
-1.2300000e+034
-1.2300000e+034
-1.2300000e+034
-1.2300000e+034
-1.2300000e+034
-1.2300000e+034
-1.2300000e+034
-1.2300000e+034
-1.2300000e+034
-1.2300000e+034
-1.2300000e+034
-1.2300000e+034
-1.2300000e+034
-1.2300000e+034
-1.2300000e+034
-1.2300000e+034
-1.2300000e+034
-1.2300000e+034
-1.2300000e+034
-1.2300000e+034
-1.2300000e+034
-1.2300000e+034
-1.2300000e+034
-1.2300000e+034
-1.2300000e+034
-1.2300000e+034
-1.2300000e+034
-1.2300000e+034
-1.2300000e+034
-1.2300000e+034
-1.2300000e+034
-1.2300000e+034
-1.2300000e+034
-1.2300000e+034
-1.2300000e+034
-1.2300000e+034
-1.2300000e+034
-1.2300000e+034
-1.2300000e+034
-1.2300000e+034
-1.2300000e+034
-1.2300000e+034
-1.2300000e+034
-1.2300000e+034
-1.2300000e+034
-1.2300000e+034
-1.2300000e+034
-1.2300000e+034
-1.2300000e+034
-1.2300000e+034
-1.2300000e+034
-1.2300000e+034
-1.2300000e+034
-1.2300000e+034
-1.2300000e+034
-1.2300000e+034
-1.2300000e+034
-1.2300000e+034
-1.2300000e+034
-1.2300000e+034
-1.2300000e+034
-1.2300000e+034
-1.2300000e+034
-1.2300000e+034
-1.2300000e+034
 1.9308002e-001
 1.9168898e-001
 1.8998839e-001
 1.8822362e-001
 1.8644850e-001
 1.8467195e-001
 1.8289091e-001
 1.8105327e-001
 1.7939353e-001
 1.7775461e-001
 1.7613231e-001
 1.7473716e-001
 1.7333226e-001
 1.7208304e-001
 1.7093989e-001
 1.6988918e-001
 1.6890490e-001
 1.6809827e-001
 1.6734603e-001
 1.6683413e-001
 1.6640607e-001
 1.6603813e-001
 1.6585700e-001
 1.6585696e-001
 1.6595572e-001
 1.6626094e-001
 1.6655752e-001
 1.6727267e-001
 1.6701214e-001
 1.6774990e-001
 1.6843206e-001
 1.6937569e-001
 1.7064221e-001
 1.7211542e-001
 1.7367508e-001
 1.7532218e-001
 1.7715852e-001
 1.7911354e-001
 1.8120570e-001
 1.8350887e-001
 1.8598568e-001
 1.8856856e-001
 1.9125062e-001
 1.9405000e-001
 1.9702151e-001
 2.0001458e-001
 2.0302935e-001
 2.0616119e-001
 2.0939331e-001
 2.1264465e-001
 2.1604329e-001
 2.1940215e-001
 2.2289209e-001
 2.2631702e-001
 2.2973846e-001
 2.3310103e-001
 2.3637387e-001
 2.3952129e-001
 2.4261583e-001
 2.4556153e-001
 2.4849208e-001
 2.5125241e-001
 2.5394893e-001
 2.5652438e-001
 2.5901252e-001
 2.6127303e-001
 2.6320100e-001
 2.6451939e-001
 2.6525196e-001
 2.6428726e-001
 2.6472092e-001
 2.6320699e-001
 2.6457322e-001
 2.6981294e-001
 2.7372101e-001
 2.7622670e-001
 2.7806661e-001
 2.7908877e-001
 2.7890441e-001
 2.7886426e-001
 2.8062072e-001
 2.8288871e-001
 2.8380731e-001
 2.8400573e-001
 2.8431168e-001
 2.8472063e-001
 2.8494227e-001
 2.8525007e-001
 2.8611130e-001
 2.8668362e-001
 2.8685954e-001
 2.8726703e-001
