s07_AV97 Record=3011: Smaragdite HS290.3B Amphib  NIC4bcc RREF
-1.2300000e+034
-1.2300000e+034
-1.2300000e+034
-1.2300000e+034
-1.2300000e+034
-1.2300000e+034
-1.2300000e+034
-1.2300000e+034
-1.2300000e+034
-1.2300000e+034
-1.2300000e+034
-1.2300000e+034
-1.2300000e+034
-1.2300000e+034
-1.2300000e+034
-1.2300000e+034
-1.2300000e+034
-1.2300000e+034
-1.2300000e+034
-1.2300000e+034
-1.2300000e+034
-1.2300000e+034
-1.2300000e+034
-1.2300000e+034
-1.2300000e+034
-1.2300000e+034
-1.2300000e+034
-1.2300000e+034
-1.2300000e+034
-1.2300000e+034
-1.2300000e+034
-1.2300000e+034
-1.2300000e+034
-1.2300000e+034
-1.2300000e+034
-1.2300000e+034
-1.2300000e+034
-1.2300000e+034
-1.2300000e+034
-1.2300000e+034
-1.2300000e+034
-1.2300000e+034
-1.2300000e+034
-1.2300000e+034
-1.2300000e+034
-1.2300000e+034
-1.2300000e+034
-1.2300000e+034
-1.2300000e+034
-1.2300000e+034
-1.2300000e+034
-1.2300000e+034
-1.2300000e+034
-1.2300000e+034
-1.2300000e+034
-1.2300000e+034
-1.2300000e+034
-1.2300000e+034
-1.2300000e+034
-1.2300000e+034
-1.2300000e+034
-1.2300000e+034
-1.2300000e+034
-1.2300000e+034
-1.2300000e+034
-1.2300000e+034
-1.2300000e+034
-1.2300000e+034
-1.2300000e+034
-1.2300000e+034
-1.2300000e+034
-1.2300000e+034
-1.2300000e+034
-1.2300000e+034
-1.2300000e+034
-1.2300000e+034
-1.2300000e+034
-1.2300000e+034
-1.2300000e+034
-1.2300000e+034
-1.2300000e+034
-1.2300000e+034
-1.2300000e+034
-1.2300000e+034
-1.2300000e+034
-1.2300000e+034
-1.2300000e+034
-1.2300000e+034
-1.2300000e+034
-1.2300000e+034
-1.2300000e+034
-1.2300000e+034
-1.2300000e+034
-1.2300000e+034
-1.2300000e+034
-1.2300000e+034
-1.2300000e+034
-1.2300000e+034
-1.2300000e+034
-1.2300000e+034
-1.2300000e+034
-1.2300000e+034
-1.2300000e+034
-1.2300000e+034
-1.2300000e+034
-1.2300000e+034
-1.2300000e+034
-1.2300000e+034
-1.2300000e+034
-1.2300000e+034
-1.2300000e+034
-1.2300000e+034
-1.2300000e+034
-1.2300000e+034
-1.2300000e+034
-1.2300000e+034
-1.2300000e+034
-1.2300000e+034
-1.2300000e+034
-1.2300000e+034
-1.2300000e+034
-1.2300000e+034
-1.2300000e+034
-1.2300000e+034
-1.2300000e+034
-1.2300000e+034
-1.2300000e+034
-1.2300000e+034
-1.2300000e+034
-1.2300000e+034
 4.6654874e-001
 4.6935526e-001
 4.7219887e-001
 4.7456226e-001
 4.7637999e-001
 4.7790709e-001
 4.7930712e-001
 4.8109090e-001
 4.8297203e-001
 4.8473552e-001
 4.8591158e-001
 4.8654374e-001
 4.8703459e-001
 4.8721433e-001
 4.8764741e-001
 4.8840690e-001
 4.8920751e-001
 4.8989156e-001
 4.9025074e-001
 4.9007839e-001
 4.8960084e-001
 4.8905680e-001
 4.8845354e-001
 4.8823440e-001
 4.8797560e-001
 4.8783010e-001
 4.8725209e-001
 4.8639131e-001
 4.8499116e-001
 4.8303914e-001
 4.8376176e-001
 4.8087215e-001
 4.7615767e-001
 4.7160274e-001
 4.6977639e-001
 4.7019291e-001
 4.7108003e-001
 4.7143471e-001
 4.7098899e-001
 4.6988305e-001
 4.6858343e-001
 4.6716452e-001
 4.6611869e-001
 4.6569130e-001
 4.6566641e-001
 4.6579790e-001
 4.6522868e-001
 4.6375367e-001
 4.6185926e-001
 4.5985770e-001
 4.5761111e-001
 4.5462826e-001
 4.5160812e-001
 4.4751775e-001
 4.4420788e-001
 4.4319651e-001
 4.4383177e-001
 4.4427750e-001
 4.4429353e-001
 4.4367239e-001
 4.4225973e-001
 4.4062352e-001
 4.3889150e-001
 4.3796313e-001
 4.3771201e-001
 4.3443155e-001
 4.1894233e-001
 3.9230376e-001
 3.9695475e-001
 4.0102002e-001
 3.7908947e-001
 3.4370628e-001
 3.1303158e-001
 3.0440608e-001
 2.9963323e-001
 3.1326070e-001
 3.3584562e-001
 3.5497722e-001
 3.6260834e-001
 3.5505775e-001
 3.3516729e-001
 3.2155767e-001
 3.3165181e-001
 3.4986204e-001
 3.6180428e-001
 3.6946487e-001
 3.7175390e-001
 3.7053394e-001
 3.6783946e-001
 3.6606753e-001
 3.6545771e-001
 3.6547801e-001
 3.6614609e-001
 3.6813605e-001
