s07_AV97 Record=572: Beryl HS180.3B              NIC4aaa RREF
-1.2300000e+034
-1.2300000e+034
-1.2300000e+034
-1.2300000e+034
-1.2300000e+034
-1.2300000e+034
-1.2300000e+034
-1.2300000e+034
-1.2300000e+034
-1.2300000e+034
-1.2300000e+034
-1.2300000e+034
-1.2300000e+034
-1.2300000e+034
-1.2300000e+034
-1.2300000e+034
-1.2300000e+034
-1.2300000e+034
-1.2300000e+034
-1.2300000e+034
-1.2300000e+034
-1.2300000e+034
-1.2300000e+034
-1.2300000e+034
-1.2300000e+034
-1.2300000e+034
-1.2300000e+034
-1.2300000e+034
-1.2300000e+034
-1.2300000e+034
-1.2300000e+034
-1.2300000e+034
-1.2300000e+034
-1.2300000e+034
-1.2300000e+034
-1.2300000e+034
-1.2300000e+034
-1.2300000e+034
-1.2300000e+034
-1.2300000e+034
-1.2300000e+034
-1.2300000e+034
-1.2300000e+034
-1.2300000e+034
-1.2300000e+034
-1.2300000e+034
-1.2300000e+034
-1.2300000e+034
-1.2300000e+034
-1.2300000e+034
-1.2300000e+034
-1.2300000e+034
-1.2300000e+034
-1.2300000e+034
-1.2300000e+034
-1.2300000e+034
-1.2300000e+034
-1.2300000e+034
-1.2300000e+034
-1.2300000e+034
-1.2300000e+034
-1.2300000e+034
-1.2300000e+034
-1.2300000e+034
-1.2300000e+034
-1.2300000e+034
-1.2300000e+034
-1.2300000e+034
-1.2300000e+034
-1.2300000e+034
-1.2300000e+034
-1.2300000e+034
-1.2300000e+034
-1.2300000e+034
-1.2300000e+034
-1.2300000e+034
-1.2300000e+034
-1.2300000e+034
-1.2300000e+034
-1.2300000e+034
-1.2300000e+034
-1.2300000e+034
-1.2300000e+034
-1.2300000e+034
-1.2300000e+034
-1.2300000e+034
-1.2300000e+034
-1.2300000e+034
-1.2300000e+034
-1.2300000e+034
-1.2300000e+034
-1.2300000e+034
-1.2300000e+034
-1.2300000e+034
-1.2300000e+034
-1.2300000e+034
-1.2300000e+034
-1.2300000e+034
-1.2300000e+034
-1.2300000e+034
-1.2300000e+034
-1.2300000e+034
-1.2300000e+034
-1.2300000e+034
-1.2300000e+034
-1.2300000e+034
-1.2300000e+034
-1.2300000e+034
-1.2300000e+034
-1.2300000e+034
-1.2300000e+034
-1.2300000e+034
-1.2300000e+034
-1.2300000e+034
-1.2300000e+034
-1.2300000e+034
-1.2300000e+034
-1.2300000e+034
-1.2300000e+034
-1.2300000e+034
-1.2300000e+034
-1.2300000e+034
-1.2300000e+034
-1.2300000e+034
-1.2300000e+034
-1.2300000e+034
-1.2300000e+034
-1.2300000e+034
-1.2300000e+034
-1.2300000e+034
 6.9803131e-001
 7.0437461e-001
 7.1221405e-001
 7.1931392e-001
 7.2557706e-001
 7.3130566e-001
 7.3612428e-001
 7.4104613e-001
 7.4618489e-001
 7.5050569e-001
 7.5430197e-001
 7.5785387e-001
 7.6081878e-001
 7.6332361e-001
 7.6558614e-001
 7.6788861e-001
 7.6955295e-001
 7.6997674e-001
 7.6798946e-001
 7.6352316e-001
 7.5856858e-001
 7.5359935e-001
 7.3561329e-001
 6.9803476e-001
 6.7775828e-001
 6.7986548e-001
 6.9595414e-001
 7.0333338e-001
 6.9452089e-001
 6.5673435e-001
 6.7452651e-001
 5.5719572e-001
 4.7690433e-001
 6.4506716e-001
 6.9850469e-001
 7.1512830e-001
 7.2466600e-001
 7.2372943e-001
 7.2529590e-001
 7.3447114e-001
 7.5238734e-001
 7.7046752e-001
 7.7930987e-001
 7.8335583e-001
 7.8618950e-001
 7.8848827e-001
 7.8905821e-001
 7.8487945e-001
 7.8543878e-001
 7.8744555e-001
 7.8699279e-001
 7.8950876e-001
 7.9326063e-001
 7.9513341e-001
 7.9663301e-001
 7.9776525e-001
 7.9661852e-001
 7.9073131e-001
 7.9387957e-001
 7.9858261e-001
 7.9953384e-001
 7.9887456e-001
 7.9712147e-001
 8.0068219e-001
 8.0427051e-001
 8.0657482e-001
 8.0803281e-001
 8.0872226e-001
 8.0901343e-001
 8.0839592e-001
 8.0688262e-001
 8.0520767e-001
 8.0290216e-001
 7.9934865e-001
 7.9434025e-001
 7.8743577e-001
 7.8192514e-001
 7.7880895e-001
 7.7509820e-001
 7.7113992e-001
 7.6753718e-001
 7.6543665e-001
 7.6316124e-001
 7.5828934e-001
 7.5044471e-001
 7.4158382e-001
 7.2970992e-001
 7.1467960e-001
 6.9600642e-001
 6.7512500e-001
 6.5289581e-001
 6.2489361e-001
 5.9105533e-001
 5.5563039e-001
