s07_AV97 Record=1547: Hornblende HS177.3B          NIC4bb RREF
-1.2300000e+034
-1.2300000e+034
-1.2300000e+034
-1.2300000e+034
-1.2300000e+034
-1.2300000e+034
-1.2300000e+034
-1.2300000e+034
-1.2300000e+034
-1.2300000e+034
-1.2300000e+034
-1.2300000e+034
-1.2300000e+034
-1.2300000e+034
-1.2300000e+034
-1.2300000e+034
-1.2300000e+034
-1.2300000e+034
-1.2300000e+034
-1.2300000e+034
-1.2300000e+034
-1.2300000e+034
-1.2300000e+034
-1.2300000e+034
-1.2300000e+034
-1.2300000e+034
-1.2300000e+034
-1.2300000e+034
-1.2300000e+034
-1.2300000e+034
-1.2300000e+034
-1.2300000e+034
-1.2300000e+034
-1.2300000e+034
-1.2300000e+034
-1.2300000e+034
-1.2300000e+034
-1.2300000e+034
-1.2300000e+034
-1.2300000e+034
-1.2300000e+034
-1.2300000e+034
-1.2300000e+034
-1.2300000e+034
-1.2300000e+034
-1.2300000e+034
-1.2300000e+034
-1.2300000e+034
-1.2300000e+034
-1.2300000e+034
-1.2300000e+034
-1.2300000e+034
-1.2300000e+034
-1.2300000e+034
-1.2300000e+034
-1.2300000e+034
-1.2300000e+034
-1.2300000e+034
-1.2300000e+034
-1.2300000e+034
-1.2300000e+034
-1.2300000e+034
-1.2300000e+034
-1.2300000e+034
-1.2300000e+034
-1.2300000e+034
-1.2300000e+034
-1.2300000e+034
-1.2300000e+034
-1.2300000e+034
-1.2300000e+034
-1.2300000e+034
-1.2300000e+034
-1.2300000e+034
-1.2300000e+034
-1.2300000e+034
-1.2300000e+034
-1.2300000e+034
-1.2300000e+034
-1.2300000e+034
-1.2300000e+034
-1.2300000e+034
-1.2300000e+034
-1.2300000e+034
-1.2300000e+034
-1.2300000e+034
-1.2300000e+034
-1.2300000e+034
-1.2300000e+034
-1.2300000e+034
-1.2300000e+034
-1.2300000e+034
-1.2300000e+034
-1.2300000e+034
-1.2300000e+034
-1.2300000e+034
-1.2300000e+034
-1.2300000e+034
-1.2300000e+034
-1.2300000e+034
-1.2300000e+034
-1.2300000e+034
-1.2300000e+034
-1.2300000e+034
-1.2300000e+034
-1.2300000e+034
-1.2300000e+034
-1.2300000e+034
-1.2300000e+034
-1.2300000e+034
-1.2300000e+034
-1.2300000e+034
-1.2300000e+034
-1.2300000e+034
-1.2300000e+034
-1.2300000e+034
-1.2300000e+034
-1.2300000e+034
-1.2300000e+034
-1.2300000e+034
-1.2300000e+034
-1.2300000e+034
-1.2300000e+034
-1.2300000e+034
-1.2300000e+034
-1.2300000e+034
-1.2300000e+034
-1.2300000e+034
-1.2300000e+034
-1.2300000e+034
-1.2300000e+034
-1.2300000e+034
 1.9790721e-001
 2.0342611e-001
 2.0854551e-001
 2.1326797e-001
 2.1804591e-001
 2.2236760e-001
 2.2649124e-001
 2.3047012e-001
 2.3415759e-001
 2.3738073e-001
 2.4076128e-001
 2.4421810e-001
 2.4749810e-001
 2.5067684e-001
 2.5366351e-001
 2.5643921e-001
 2.5888842e-001
 2.6136911e-001
 2.6367626e-001
 2.6604345e-001
 2.6834568e-001
 2.7042961e-001
 2.7243915e-001
 2.7422729e-001
 2.7574718e-001
 2.7706158e-001
 2.7825785e-001
 2.7982962e-001
 2.7932137e-001
 2.8069803e-001
 2.8198147e-001
 2.8320086e-001
 2.8436986e-001
 2.8531557e-001
 2.8613165e-001
 2.8663027e-001
 2.8681999e-001
 2.8702691e-001
 2.8723833e-001
 2.8754890e-001
 2.8780127e-001
 2.8797317e-001
 2.8793758e-001
 2.8771436e-001
 2.8732458e-001
 2.8680369e-001
 2.8602493e-001
 2.8520167e-001
 2.8429165e-001
 2.8342411e-001
 2.8267586e-001
 2.8193814e-001
 2.8116393e-001
 2.8034940e-001
 2.7982372e-001
 2.7933481e-001
 2.7872640e-001
 2.7800569e-001
 2.7720961e-001
 2.7639240e-001
 2.7572691e-001
 2.7518606e-001
 2.7469766e-001
 2.7398720e-001
 2.7185312e-001
 2.6689333e-001
 2.6526618e-001
 2.6634321e-001
 2.6353088e-001
 2.5558472e-001
 2.4589346e-001
 2.3865990e-001
 2.3331912e-001
 2.3202384e-001
 2.3543340e-001
 2.4193218e-001
 2.4776983e-001
 2.4885534e-001
 2.4508500e-001
 2.4166605e-001
 2.4347614e-001
 2.4899110e-001
 2.5520965e-001
 2.6006117e-001
 2.6347545e-001
 2.6579383e-001
 2.6723805e-001
 2.6824248e-001
 2.6917082e-001
 2.7023095e-001
 2.7156824e-001
 2.7329385e-001
