s07_AV97 Record=583: Biotite HS28.3B             NIC4aaa RREF
-1.2300000e+034
-1.2300000e+034
-1.2300000e+034
-1.2300000e+034
-1.2300000e+034
-1.2300000e+034
-1.2300000e+034
-1.2300000e+034
-1.2300000e+034
-1.2300000e+034
-1.2300000e+034
-1.2300000e+034
-1.2300000e+034
-1.2300000e+034
-1.2300000e+034
-1.2300000e+034
-1.2300000e+034
-1.2300000e+034
-1.2300000e+034
-1.2300000e+034
-1.2300000e+034
-1.2300000e+034
-1.2300000e+034
-1.2300000e+034
-1.2300000e+034
-1.2300000e+034
-1.2300000e+034
-1.2300000e+034
-1.2300000e+034
-1.2300000e+034
-1.2300000e+034
-1.2300000e+034
-1.2300000e+034
-1.2300000e+034
-1.2300000e+034
-1.2300000e+034
-1.2300000e+034
-1.2300000e+034
-1.2300000e+034
-1.2300000e+034
-1.2300000e+034
-1.2300000e+034
-1.2300000e+034
-1.2300000e+034
-1.2300000e+034
-1.2300000e+034
-1.2300000e+034
-1.2300000e+034
-1.2300000e+034
-1.2300000e+034
-1.2300000e+034
-1.2300000e+034
-1.2300000e+034
-1.2300000e+034
-1.2300000e+034
-1.2300000e+034
-1.2300000e+034
-1.2300000e+034
-1.2300000e+034
-1.2300000e+034
-1.2300000e+034
-1.2300000e+034
-1.2300000e+034
-1.2300000e+034
-1.2300000e+034
-1.2300000e+034
-1.2300000e+034
-1.2300000e+034
-1.2300000e+034
-1.2300000e+034
-1.2300000e+034
-1.2300000e+034
-1.2300000e+034
-1.2300000e+034
-1.2300000e+034
-1.2300000e+034
-1.2300000e+034
-1.2300000e+034
-1.2300000e+034
-1.2300000e+034
-1.2300000e+034
-1.2300000e+034
-1.2300000e+034
-1.2300000e+034
-1.2300000e+034
-1.2300000e+034
-1.2300000e+034
-1.2300000e+034
-1.2300000e+034
-1.2300000e+034
-1.2300000e+034
-1.2300000e+034
-1.2300000e+034
-1.2300000e+034
-1.2300000e+034
-1.2300000e+034
-1.2300000e+034
-1.2300000e+034
-1.2300000e+034
-1.2300000e+034
-1.2300000e+034
-1.2300000e+034
-1.2300000e+034
-1.2300000e+034
-1.2300000e+034
-1.2300000e+034
-1.2300000e+034
-1.2300000e+034
-1.2300000e+034
-1.2300000e+034
-1.2300000e+034
-1.2300000e+034
-1.2300000e+034
-1.2300000e+034
-1.2300000e+034
-1.2300000e+034
-1.2300000e+034
-1.2300000e+034
-1.2300000e+034
-1.2300000e+034
-1.2300000e+034
-1.2300000e+034
-1.2300000e+034
-1.2300000e+034
-1.2300000e+034
 2.3676048e-001
 2.4062604e-001
 2.4463771e-001
 2.4870454e-001
 2.5267819e-001
 2.5663635e-001
 2.6081219e-001
 2.6507697e-001
 2.6926085e-001
 2.7335492e-001
 2.7731088e-001
 2.8125396e-001
 2.8517026e-001
 2.8925768e-001
 2.9327250e-001
 2.9720932e-001
 3.0093393e-001
 3.0474335e-001
 3.0841070e-001
 3.1219137e-001
 3.1601650e-001
 3.1991559e-001
 3.2376093e-001
 3.2736197e-001
 3.3083671e-001
 3.3403921e-001
 3.3733407e-001
 3.4072235e-001
 3.4431627e-001
 3.4784633e-001
 3.5137695e-001
 3.5472009e-001
 3.5778078e-001
 3.6082137e-001
 3.6349282e-001
 3.6262375e-001
 3.6543584e-001
 3.6852562e-001
 3.7173948e-001
 3.7510532e-001
 3.7841311e-001
 3.8155749e-001
 3.8454956e-001
 3.8725144e-001
 3.8980487e-001
 3.9239484e-001
 3.9502165e-001
 3.9780012e-001
 4.0089536e-001
 4.0406439e-001
 4.0700799e-001
 4.0977541e-001
 4.1242209e-001
 4.1466001e-001
 4.1661182e-001
 4.1830456e-001
 4.1988188e-001
 4.2161220e-001
 4.2394021e-001
 4.2662570e-001
 4.2938593e-001
 4.3204817e-001
 4.3450227e-001
 4.3660483e-001
 4.3843490e-001
 4.4002089e-001
 4.4148156e-001
 4.4294900e-001
 4.4451120e-001
 4.4622180e-001
 4.4799674e-001
 4.4968677e-001
 4.5144701e-001
 4.5331821e-001
 4.5499039e-001
 4.5614624e-001
 4.5609477e-001
 4.5509389e-001
 4.5205674e-001
 4.4691056e-001
 4.4211185e-001
 4.4097424e-001
 4.4332764e-001
 4.4667816e-001
 4.4916987e-001
 4.4879988e-001
 4.4728440e-001
 4.4820234e-001
 4.5155090e-001
 4.5617944e-001
 4.5989996e-001
 4.6251094e-001
 4.6438360e-001
 4.6618354e-001
 4.6771660e-001
 4.6888754e-001
 4.6965185e-001
 4.7043979e-001
 4.7112739e-001
