s07_AV97 Record=1451: Hedenbergite HS10.1B         ASDFRc AREF
 7.3455147e-002
 7.9449169e-002
 8.5236251e-002
 9.1085240e-002
 9.6906148e-002
 1.0322193e-001
 1.0975479e-001
 1.1639422e-001
 1.2306533e-001
 1.3015623e-001
 1.3774185e-001
 1.4568225e-001
 1.5337132e-001
 1.6126460e-001
 1.6932461e-001
 1.7745756e-001
 1.8584017e-001
 1.9422996e-001
 2.0233755e-001
 2.1023302e-001
 2.1766821e-001
 2.2448367e-001
 2.3066944e-001
 2.3602758e-001
 2.4112119e-001
 2.4584898e-001
 2.5043249e-001
 2.5493535e-001
 2.5918254e-001
 2.6292315e-001
 2.6609504e-001
 2.6845780e-001
 2.6564449e-001
 2.6805681e-001
 2.6994640e-001
 2.7124533e-001
 2.7221879e-001
 2.7316856e-001
 2.7402979e-001
 2.7511236e-001
 2.7637804e-001
 2.7781710e-001
 2.7942050e-001
 2.8122094e-001
 2.8338027e-001
 2.8575003e-001
 2.8834534e-001
 2.9140764e-001
 2.9458922e-001
 2.9783887e-001
 3.0123499e-001
 3.0426118e-001
 3.0716339e-001
 3.0962178e-001
 3.1152773e-001
 3.1280366e-001
 3.1366885e-001
 3.1395859e-001
 3.1403133e-001
 3.1432170e-001
 3.1417081e-001
 3.1421930e-001
 3.1426844e-001
 3.1476313e-001
 3.1545267e-001
 3.1668460e-001
 3.1806824e-001
 3.1998819e-001
 3.2211912e-001
 3.2489097e-001
 3.2775971e-001
 3.3046529e-001
 3.3344573e-001
 3.3594441e-001
 3.3852425e-001
 3.4106696e-001
 3.4278002e-001
 3.4478262e-001
 3.4696171e-001
 3.4803173e-001
 3.4935492e-001
 3.5060996e-001
 3.5196793e-001
 3.5339051e-001
 3.5511866e-001
 3.5681129e-001
 3.5829410e-001
 3.6034226e-001
 3.6297485e-001
 3.6564413e-001
 3.6902142e-001
 3.7225732e-001
 3.7541613e-001
 3.7920862e-001
 3.8264212e-001
 3.8637379e-001
 3.8071233e-001
 3.8443303e-001
 3.8854080e-001
 3.9248815e-001
 3.9656737e-001
 4.0109411e-001
 4.0539724e-001
 4.1006544e-001
 4.1435945e-001
 4.1883239e-001
 4.2356387e-001
 4.2791179e-001
 4.3173215e-001
 4.3601078e-001
 4.3964064e-001
 4.4271749e-001
 4.4566014e-001
 4.4969302e-001
 4.5389980e-001
 4.5764980e-001
 4.6076155e-001
 4.6445498e-001
 4.6856236e-001
 4.7210521e-001
 4.7550324e-001
 4.7888947e-001
 4.8210126e-001
 4.8519859e-001
 4.8805594e-001
 4.9114859e-001
 4.9502176e-001
 4.9787149e-001
 5.0042647e-001
 5.0323129e-001
 5.0630456e-001
 5.0907177e-001
 5.1157606e-001
 5.1388603e-001
 5.1691467e-001
 5.2019322e-001
 5.2311188e-001
 5.2533001e-001
 5.2715039e-001
 5.2967429e-001
 5.3173858e-001
 5.3486693e-001
 5.3796333e-001
 5.3946233e-001
 5.4113412e-001
 5.4256105e-001
 5.4443836e-001
 5.4757118e-001
 5.4987812e-001
 5.5198675e-001
 5.5430204e-001
 5.5605996e-001
 5.5846077e-001
 5.6009579e-001
 5.6176072e-001
 5.6298602e-001
 5.6451738e-001
 5.6747508e-001
 5.6864655e-001
 5.6859702e-001
 5.6855631e-001
 5.6816715e-001
 5.6583565e-001
 5.6325436e-001
 5.6342357e-001
 5.6616652e-001
 5.6960428e-001
 5.7296675e-001
 5.7534212e-001
 5.7759297e-001
 5.7941014e-001
 5.8192015e-001
 5.8471507e-001
 5.8821493e-001
 5.9157670e-001
 5.9471071e-001
 5.9693605e-001
 5.9946656e-001
 6.0184574e-001
 6.0404152e-001
 6.0678011e-001
 6.0852015e-001
 6.1040509e-001
 6.1157882e-001
 6.1349219e-001
 6.1437440e-001
 6.1569881e-001
 6.1709452e-001
 6.1737823e-001
 6.1832976e-001
 6.1843139e-001
 6.1961067e-001
 6.1997169e-001
 6.2061721e-001
 6.2105018e-001
 6.2070364e-001
 6.2185109e-001
 6.2243164e-001
 6.2210923e-001
 6.2209862e-001
 6.1963660e-001
 6.1588126e-001
 6.1456811e-001
 6.1604702e-001
 6.2068778e-001
 6.2338799e-001
 6.2430304e-001
 6.2515742e-001
 6.2605399e-001
 6.2553269e-001
 6.2524825e-001
 6.2464380e-001
 6.2488729e-001
 6.2463307e-001
 6.2526089e-001
 6.2475276e-001
 6.2398005e-001
 6.2241036e-001
 6.2098026e-001
 6.1904430e-001
 6.1570889e-001
 6.1478567e-001
 6.1201239e-001
-1.2300000e+034
