s07_AV97 Record=3449: Vermiculite WS681             BECKc AREF
 2.6815102e-001
 2.8524765e-001
 2.9712564e-001
 3.0670336e-001
 3.1513971e-001
 3.2470605e-001
 3.3817938e-001
 3.5143125e-001
 3.5945025e-001
 3.6522499e-001
 3.7183166e-001
 3.7966767e-001
 3.8794598e-001
 3.9642665e-001
 4.0525973e-001
 4.1289127e-001
 4.1743371e-001
 4.2085376e-001
 4.2426753e-001
 4.2798665e-001
 4.3035492e-001
 4.3321362e-001
 4.3574736e-001
 4.3665355e-001
 4.3827266e-001
 4.3984118e-001
 4.4012094e-001
 4.4002247e-001
 4.3984923e-001
 4.3963405e-001
 4.3775600e-001
 4.3565312e-001
 4.3802726e-001
 4.3619168e-001
 4.3471715e-001
 4.3397486e-001
 4.3257815e-001
 4.3423951e-001
 4.3478203e-001
 4.3764117e-001
 4.4053933e-001
 4.4480905e-001
 4.4846755e-001
 4.5234731e-001
 4.5849305e-001
 4.6241170e-001
 4.6561021e-001
 4.6443254e-001
 4.6914989e-001
 4.6850997e-001
 4.6853995e-001
 4.6849087e-001
 4.7195992e-001
 4.7260454e-001
 4.7080824e-001
 4.7016475e-001
 4.7063416e-001
 4.7137254e-001
 4.7155645e-001
 4.7292098e-001
 4.7533587e-001
 4.7512099e-001
 4.7828287e-001
 4.7824568e-001
 4.7996390e-001
 4.7995213e-001
 4.8199713e-001
 4.8063612e-001
 4.8135430e-001
 4.7941735e-001
 4.7859058e-001
 4.7814542e-001
 4.7884774e-001
 4.7841373e-001
 4.7649404e-001
 4.7631678e-001
 4.7726986e-001
 4.7640783e-001
 4.7752959e-001
 4.7704855e-001
 4.7875389e-001
 4.7959679e-001
 4.8051929e-001
 4.8218623e-001
 4.8275054e-001
 4.8382184e-001
 4.8413956e-001
 4.8690081e-001
 4.8897359e-001
 4.9238351e-001
 4.9459535e-001
 4.9607784e-001
 4.9884403e-001
 5.0111127e-001
 5.0159854e-001
 5.0490731e-001
 5.0139135e-001
 5.0319529e-001
 5.0658387e-001
 5.0831729e-001
 5.1171666e-001
 5.1524234e-001
 5.1770151e-001
 5.1919234e-001
 5.1983947e-001
 5.1977277e-001
 5.1912242e-001
 5.1801866e-001
 5.1659304e-001
 5.1497287e-001
 5.1328945e-001
 5.1167297e-001
 5.1025355e-001
 5.0916219e-001
 5.0852674e-001
 5.0847846e-001
 5.0914782e-001
 5.1066273e-001
 5.1315618e-001
 5.1675755e-001
 5.2158046e-001
 5.2757537e-001
 5.3145206e-001
 5.3260374e-001
 5.3389001e-001
 5.3612816e-001
 5.3872180e-001
 5.3963423e-001
 5.4199207e-001
 5.4201841e-001
 5.4366195e-001
 5.4422277e-001
 5.4515809e-001
 5.4459321e-001
 5.4585075e-001
 5.4783887e-001
 5.4863459e-001
 5.4843450e-001
 5.4956245e-001
 5.4995930e-001
 5.5109131e-001
 5.5184728e-001
 5.4993904e-001
 5.5141485e-001
 5.5255586e-001
 5.5284387e-001
 5.5238581e-001
 5.4998785e-001
 5.5375367e-001
 5.5307287e-001
 5.4991388e-001
 5.5244935e-001
 5.5271029e-001
 5.5183041e-001
 5.5106032e-001
 5.4865694e-001
 5.4422027e-001
 5.4151833e-001
 5.3351784e-001
 5.2015650e-001
 5.2488041e-001
 5.0564170e-001
 4.8121312e-001
 4.6288756e-001
 4.5482463e-001
 4.5802268e-001
 4.6243301e-001
 4.6813577e-001
 4.7330153e-001
 4.7725061e-001
 4.8016974e-001
 4.8722371e-001
 4.9096891e-001
 4.9771607e-001
 5.0362909e-001
 5.0912708e-001
 5.1035339e-001
 5.1391560e-001
 5.1845670e-001
 5.1878947e-001
 5.2123207e-001
 5.2075857e-001
 5.2084506e-001
 5.2304220e-001
 5.2566022e-001
 5.2989960e-001
 5.3318566e-001
 5.3280461e-001
 5.2816045e-001
 5.3011239e-001
 5.3105199e-001
 5.2553856e-001
 5.2751756e-001
 5.2264130e-001
 5.1469976e-001
 5.0992149e-001
 4.9564978e-001
 4.8916399e-001
 4.8841012e-001
 4.8125476e-001
 4.6673363e-001
 4.4477412e-001
 4.2739910e-001
 4.1644397e-001
 3.9284980e-001
 3.9402041e-001
 4.1353047e-001
 4.2661181e-001
 4.2895317e-001
 4.1790879e-001
 4.0330800e-001
 4.0504146e-001
 4.1757888e-001
 4.2497110e-001
 4.2449662e-001
 4.2018533e-001
 4.1486952e-001
 4.1076034e-001
 4.0805966e-001
 4.0508601e-001
 4.0140572e-001
 3.9755073e-001
 3.9431205e-001
 3.9216220e-001
