s07_AV97 Record=3288: Topaz HS184.4B               ASDNGb AREF
 5.9432924e-001
 6.0673088e-001
 6.1979628e-001
 6.3270074e-001
 6.4478421e-001
 6.5659863e-001
 6.6845644e-001
 6.8019545e-001
 6.9155586e-001
 7.0176941e-001
 7.1057951e-001
 7.1864754e-001
 7.2621804e-001
 7.3358339e-001
 7.4067748e-001
 7.4728543e-001
 7.5302035e-001
 7.5783020e-001
 7.6195687e-001
 7.6532352e-001
 7.6809311e-001
 7.7034485e-001
 7.7244717e-001
 7.7440256e-001
 7.7645022e-001
 7.7871841e-001
 7.8107524e-001
 7.8377396e-001
 7.8655171e-001
 7.8944135e-001
 7.9242063e-001
 7.9536831e-001
 7.9193878e-001
 7.9480565e-001
 7.9763937e-001
 8.0103606e-001
 8.0332857e-001
 8.0593771e-001
 8.0852330e-001
 8.1061345e-001
 8.1276560e-001
 8.1596190e-001
 8.1826395e-001
 8.2026720e-001
 8.2197565e-001
 8.2335085e-001
 8.2453746e-001
 8.2548529e-001
 8.2607937e-001
 8.2647270e-001
 8.2672989e-001
 8.2695562e-001
 8.2709074e-001
 8.2714319e-001
 8.2737827e-001
 8.2758451e-001
 8.2798153e-001
 8.2832497e-001
 8.2877475e-001
 8.2904583e-001
 8.2830101e-001
 8.2817864e-001
 8.2316685e-001
 8.1139863e-001
 8.3168197e-001
 8.3814561e-001
 8.4047532e-001
 8.4226841e-001
 8.4374022e-001
 8.4479773e-001
 8.4541434e-001
 8.4603369e-001
 8.4653527e-001
 8.4649271e-001
 8.4639764e-001
 8.4706599e-001
 8.4720898e-001
 8.4729111e-001
 8.4723818e-001
 8.4718651e-001
 8.4686887e-001
 8.4671730e-001
 8.4603244e-001
 8.4538293e-001
 8.4379148e-001
 8.4364682e-001
 8.4447080e-001
 8.4487528e-001
 8.4183890e-001
 8.2472473e-001
 8.4272343e-001
 8.4338081e-001
 8.4446669e-001
 8.4556442e-001
 8.4691912e-001
 8.4746855e-001
 8.4611273e-001
 8.4729683e-001
 8.4643871e-001
 8.4280783e-001
 8.3989668e-001
 8.3844626e-001
 8.3566982e-001
 8.3123106e-001
 8.1813198e-001
 7.9521024e-001
 7.9407287e-001
 8.0358493e-001
 7.9407889e-001
 7.9346532e-001
 7.2390813e-001
 5.0483125e-001
 6.3190281e-001
 7.8001022e-001
 8.1505919e-001
 8.2201445e-001
 8.2590675e-001
 8.2758051e-001
 8.3417243e-001
 8.4136152e-001
 8.4626913e-001
 8.5104495e-001
 8.5475731e-001
 8.5771775e-001
 8.6034989e-001
 8.6209726e-001
 8.6286581e-001
 8.6345720e-001
 8.6242795e-001
 8.5938841e-001
 8.5267806e-001
 8.4801209e-001
 8.5247964e-001
 8.5836315e-001
 8.5963428e-001
 8.6148000e-001
 8.6297482e-001
 8.5948062e-001
 8.3050036e-001
 7.6435566e-001
 8.1159371e-001
 8.4798354e-001
 8.4396070e-001
 8.3111632e-001
 8.3362108e-001
 8.3924574e-001
 8.3913267e-001
 8.3568573e-001
 8.3902729e-001
 8.4429294e-001
 8.4175289e-001
 8.4202856e-001
 8.4360260e-001
 8.3922374e-001
 8.3346945e-001
 8.2828760e-001
 8.2587296e-001
 8.1972033e-001
 8.1189954e-001
 7.9736203e-001
 8.0307484e-001
 7.8139848e-001
 7.5661922e-001
 7.4077719e-001
 7.3088580e-001
 7.2362220e-001
 7.2182363e-001
 7.2239190e-001
 7.2406483e-001
 7.2899258e-001
 7.3795921e-001
 7.4210131e-001
 7.3598462e-001
 7.3071671e-001
 7.3471600e-001
 7.3464072e-001
 7.2002774e-001
 6.8670040e-001
 6.1249453e-001
 4.4717818e-001
 2.3961684e-001
 2.5142977e-001
 4.2917901e-001
 5.4840732e-001
 6.0276979e-001
 5.8713090e-001
 5.1211041e-001
 4.6609935e-001
 4.7598490e-001
 5.1123154e-001
 5.2720594e-001
 5.4371023e-001
 5.2907479e-001
 5.2135533e-001
 5.5508816e-001
 6.2002259e-001
 6.4879155e-001
 6.3776773e-001
 5.5667722e-001
 5.6566972e-001
 6.2095410e-001
 6.1119998e-001
 5.5932003e-001
 5.2194440e-001
 4.9261436e-001
 4.6456122e-001
 4.5646358e-001
 4.5574039e-001
 4.5415598e-001
 4.3970558e-001
 4.2908800e-001
 4.2568624e-001
 4.1276819e-001
 3.9438695e-001
 3.6824399e-001
 3.6021978e-001
 3.6433318e-001
 3.5341120e-001
 3.2165265e-001
 2.9130825e-001
 2.7938223e-001
 2.6439351e-001
 2.4290708e-001
-1.2300000e+034
