s07_AV97 Record=3259: Topaz Harris_Park_#17        NIC4bb RREF
-1.2300000e+034
-1.2300000e+034
-1.2300000e+034
-1.2300000e+034
-1.2300000e+034
-1.2300000e+034
-1.2300000e+034
-1.2300000e+034
-1.2300000e+034
-1.2300000e+034
-1.2300000e+034
-1.2300000e+034
-1.2300000e+034
-1.2300000e+034
-1.2300000e+034
-1.2300000e+034
-1.2300000e+034
-1.2300000e+034
-1.2300000e+034
-1.2300000e+034
-1.2300000e+034
-1.2300000e+034
-1.2300000e+034
-1.2300000e+034
-1.2300000e+034
-1.2300000e+034
-1.2300000e+034
-1.2300000e+034
-1.2300000e+034
-1.2300000e+034
-1.2300000e+034
-1.2300000e+034
-1.2300000e+034
-1.2300000e+034
-1.2300000e+034
-1.2300000e+034
-1.2300000e+034
-1.2300000e+034
-1.2300000e+034
-1.2300000e+034
-1.2300000e+034
-1.2300000e+034
-1.2300000e+034
-1.2300000e+034
-1.2300000e+034
-1.2300000e+034
-1.2300000e+034
-1.2300000e+034
-1.2300000e+034
-1.2300000e+034
-1.2300000e+034
-1.2300000e+034
-1.2300000e+034
-1.2300000e+034
-1.2300000e+034
-1.2300000e+034
-1.2300000e+034
-1.2300000e+034
-1.2300000e+034
-1.2300000e+034
-1.2300000e+034
-1.2300000e+034
-1.2300000e+034
-1.2300000e+034
-1.2300000e+034
-1.2300000e+034
-1.2300000e+034
-1.2300000e+034
-1.2300000e+034
-1.2300000e+034
-1.2300000e+034
-1.2300000e+034
-1.2300000e+034
-1.2300000e+034
-1.2300000e+034
-1.2300000e+034
-1.2300000e+034
-1.2300000e+034
-1.2300000e+034
-1.2300000e+034
-1.2300000e+034
-1.2300000e+034
-1.2300000e+034
-1.2300000e+034
-1.2300000e+034
-1.2300000e+034
-1.2300000e+034
-1.2300000e+034
-1.2300000e+034
-1.2300000e+034
-1.2300000e+034
-1.2300000e+034
-1.2300000e+034
-1.2300000e+034
-1.2300000e+034
-1.2300000e+034
-1.2300000e+034
-1.2300000e+034
-1.2300000e+034
-1.2300000e+034
-1.2300000e+034
-1.2300000e+034
-1.2300000e+034
-1.2300000e+034
-1.2300000e+034
-1.2300000e+034
-1.2300000e+034
-1.2300000e+034
-1.2300000e+034
-1.2300000e+034
 8.9830309e-001
 8.4624344e-001
 8.5986167e-001
 8.5647404e-001
 8.4630507e-001
 8.3768064e-001
 8.3083546e-001
 8.2531917e-001
 8.2185668e-001
 8.2082033e-001
 8.2130104e-001
 8.2277787e-001
 8.2450181e-001
 8.2623750e-001
 8.2903421e-001
 8.3307266e-001
 8.3768165e-001
 8.4226561e-001
 8.4631765e-001
 8.4980291e-001
 8.5340273e-001
 8.5763973e-001
 8.6249530e-001
 8.6759824e-001
 8.7190425e-001
 8.7550241e-001
 8.7866944e-001
 8.8183045e-001
 8.8450807e-001
 8.8483852e-001
 8.9125896e-001
 8.9541680e-001
 8.9747596e-001
 8.9898819e-001
 9.0119094e-001
 9.0388149e-001
 9.0656525e-001
 9.0901095e-001
 9.1144913e-001
 9.1307336e-001
 9.1387808e-001
 9.1500175e-001
 9.1627121e-001
 9.1826761e-001
 9.2070943e-001
 9.2301899e-001
 9.2400092e-001
 9.2423028e-001
 9.2574126e-001
 9.2281699e-001
 9.2379767e-001
 9.2216653e-001
 9.2270094e-001
 9.2280138e-001
 9.2304659e-001
 9.2302310e-001
 9.2351061e-001
 9.2371595e-001
 9.2367733e-001
 9.2327029e-001
 9.2311805e-001
 9.2264462e-001
 9.2206734e-001
 9.2218995e-001
 9.2319643e-001
 9.2382991e-001
 9.2344522e-001
 9.2087924e-001
 9.1258526e-001
 8.7494981e-001
 7.3855472e-001
 7.7658266e-001
 8.7958741e-001
 9.0298915e-001
 9.0902930e-001
 9.0426880e-001
 8.8845485e-001
 8.7698084e-001
 8.7962705e-001
 8.8577771e-001
 8.8842529e-001
 8.9036804e-001
 8.8556099e-001
 8.8194555e-001
 8.8577282e-001
 8.9178604e-001
 8.9147681e-001
 8.8770092e-001
 8.7390774e-001
 8.7654448e-001
 8.8070393e-001
 8.7635100e-001
 8.6683017e-001
 8.6005658e-001
 8.5294020e-001
 8.4589612e-001
 8.4316051e-001
 8.4127855e-001
 8.3840412e-001
 8.3221066e-001
 8.2854337e-001
 8.2613224e-001
 8.2060766e-001
 8.1369889e-001
 8.0330509e-001
 7.9956162e-001
 7.9952699e-001
 7.9263681e-001
 7.7774143e-001
 7.6206952e-001
 7.5568742e-001
 7.4335957e-001
 7.1878755e-001
 7.0206457e-001
