s07_AV97 Record=1719: Jarosite GDS635 Na Cyprus    ASDNGa AREF
 2.8117282e-002
 2.8120250e-002
 2.9228015e-002
 3.3581585e-002
 4.2253617e-002
 4.6382591e-002
 4.1379843e-002
 3.9634544e-002
 5.1076856e-002
 6.8218715e-002
 8.3979629e-002
 9.9172421e-002
 1.1573734e-001
 1.3391750e-001
 1.5411711e-001
 1.7687450e-001
 2.0250867e-001
 2.3102686e-001
 2.6104087e-001
 2.8927273e-001
 3.1242645e-001
 3.2923341e-001
 3.4087148e-001
 3.5006684e-001
 3.5930490e-001
 3.6987576e-001
 3.8133609e-001
 3.9336127e-001
 4.0653512e-001
 4.2188355e-001
 4.4008851e-001
 4.6076831e-001
 4.3689910e-001
 4.5674920e-001
 4.7665659e-001
 4.9452034e-001
 5.0683808e-001
 5.1061672e-001
 5.0601643e-001
 4.9366680e-001
 4.7607738e-001
 4.5458329e-001
 4.3111321e-001
 4.0728888e-001
 3.8364926e-001
 3.6108488e-001
 3.4040579e-001
 3.2166800e-001
 3.0507243e-001
 2.9072276e-001
 2.7824488e-001
 2.6764101e-001
 2.5886065e-001
 2.5147718e-001
 2.4539651e-001
 2.4070455e-001
 2.3723146e-001
 2.3460130e-001
 2.3311149e-001
 2.3274927e-001
 2.3335470e-001
 2.3504221e-001
 2.3778832e-001
 2.4163799e-001
 2.4654256e-001
 2.5244141e-001
 2.5945926e-001
 2.6748148e-001
 2.7678612e-001
 2.8679454e-001
 2.9761824e-001
 3.0907518e-001
 3.2033950e-001
 3.3103597e-001
 3.4090173e-001
 3.5028180e-001
 3.5912803e-001
 3.6693862e-001
 3.7412593e-001
 3.8068569e-001
 3.8689423e-001
 3.9273673e-001
 3.9848921e-001
 4.0444082e-001
 4.1042289e-001
 4.1646436e-001
 4.2283642e-001
 4.2968783e-001
 4.3656361e-001
 4.4405234e-001
 4.5197001e-001
 4.6043026e-001
 4.6904743e-001
 4.7823849e-001
 4.8793146e-001
 4.9761394e-001
 4.8277318e-001
 4.9279195e-001
 5.0293237e-001
 5.1330602e-001
 5.2403158e-001
 5.3481919e-001
 5.4572564e-001
 5.5685681e-001
 5.6878620e-001
 5.8076006e-001
 5.9183872e-001
 6.0201359e-001
 6.1217594e-001
 6.2323040e-001
 6.3581371e-001
 6.4797217e-001
 6.5746206e-001
 6.6296065e-001
 6.6445094e-001
 6.5984279e-001
 6.3769370e-001
 5.8693796e-001
 5.2811325e-001
 5.4547590e-001
 6.1374760e-001
 6.3206083e-001
 6.3314730e-001
 6.2775898e-001
 6.2245983e-001
 6.2104195e-001
 6.2372243e-001
 6.3479114e-001
 6.4682281e-001
 6.6018778e-001
 6.7252231e-001
 6.8342245e-001
 6.9302267e-001
 7.0273137e-001
 7.1163064e-001
 7.2019285e-001
 7.2810006e-001
 7.3494297e-001
 7.4133885e-001
 7.4814898e-001
 7.5449634e-001
 7.5951004e-001
 7.6339626e-001
 7.6578391e-001
 7.6532137e-001
 7.6222134e-001
 7.5671256e-001
 7.4958330e-001
 7.4350524e-001
 7.3819810e-001
 7.3030275e-001
 7.1389467e-001
 6.8726873e-001
 6.5563327e-001
 5.9668791e-001
 5.2354717e-001
 5.2137816e-001
 5.4948485e-001
 6.2060964e-001
 6.8602037e-001
 6.6908646e-001
 7.0566565e-001
 7.1458924e-001
 7.1049070e-001
 7.0130956e-001
 6.9111383e-001
 6.8411797e-001
 6.8178672e-001
 6.7836988e-001
 6.7469156e-001
 6.7294198e-001
 6.6887909e-001
 6.6055173e-001
 6.5220946e-001
 6.4425194e-001
 6.3129717e-001
 6.1388260e-001
 6.0042942e-001
 5.9115118e-001
 5.8322406e-001
 5.7849622e-001
 5.7512879e-001
 5.7065153e-001
 5.6243217e-001
 5.5174494e-001
 5.4013729e-001
 5.2814245e-001
 5.1665407e-001
 5.0719130e-001
 5.0045317e-001
 4.9249181e-001
 4.7810483e-001
 4.6230122e-001
 4.4500479e-001
 4.2241046e-001
 4.0570563e-001
 3.9836797e-001
 3.8318339e-001
 3.4166697e-001
 3.1970516e-001
 3.3967489e-001
 3.9487118e-001
 4.3010274e-001
 4.4166625e-001
 4.9168244e-001
 5.2075464e-001
 5.3000236e-001
 5.2583784e-001
 5.1070356e-001
 4.8525548e-001
 4.5232174e-001
 4.1139475e-001
 3.6907455e-001
 3.4125501e-001
 3.3310008e-001
 3.3586311e-001
 3.3628058e-001
 3.1871587e-001
 2.9484355e-001
 2.9249063e-001
 3.0253896e-001
 3.0802840e-001
 3.0266616e-001
-1.2300000e+034
