s07_AV97 Record=339: Andesine HS142.2B            ASDFRc AREF
 3.4922585e-001
 3.6009535e-001
 3.7708557e-001
 3.9304692e-001
 4.0651578e-001
 4.1793019e-001
 4.2827079e-001
 4.3988764e-001
 4.5362332e-001
 4.6766219e-001
 4.7871879e-001
 4.8695660e-001
 4.9556708e-001
 5.0571650e-001
 5.1744992e-001
 5.2998149e-001
 5.4286456e-001
 5.5546510e-001
 5.6689185e-001
 5.7676560e-001
 5.8464551e-001
 5.9079701e-001
 5.9552312e-001
 5.9863508e-001
 6.0119814e-001
 6.0295284e-001
 6.0505754e-001
 6.0706949e-001
 6.0860610e-001
 6.1015892e-001
 6.1164653e-001
 6.1326838e-001
 6.1138254e-001
 6.1296743e-001
 6.1451155e-001
 6.1699790e-001
 6.1763102e-001
 6.1868858e-001
 6.1979365e-001
 6.2082011e-001
 6.2171924e-001
 6.2248904e-001
 6.2332362e-001
 6.2414557e-001
 6.2497097e-001
 6.2573916e-001
 6.2660974e-001
 6.2785810e-001
 6.2937188e-001
 6.3103664e-001
 6.3272768e-001
 6.3474214e-001
 6.3656569e-001
 6.3861048e-001
 6.4062202e-001
 6.4268029e-001
 6.4478719e-001
 6.4673090e-001
 6.4873618e-001
 6.5037221e-001
 6.5218997e-001
 6.5404123e-001
 6.5585440e-001
 6.5762538e-001
 6.5942127e-001
 6.6118330e-001
 6.6318625e-001
 6.6536057e-001
 6.6744030e-001
 6.6927963e-001
 6.7065102e-001
 6.7193907e-001
 6.7332470e-001
 6.7471313e-001
 6.7609578e-001
 6.7740339e-001
 6.7901182e-001
 6.8048817e-001
 6.8236881e-001
 6.8335974e-001
 6.8499029e-001
 6.8605423e-001
 6.8736124e-001
 6.8802762e-001
 6.8854862e-001
 6.8945032e-001
 6.9047207e-001
 6.9124657e-001
 6.9205910e-001
 6.9297844e-001
 6.9414848e-001
 6.9566578e-001
 6.9659048e-001
 6.9809502e-001
 6.9896913e-001
 7.0015198e-001
 6.9851345e-001
 6.9948351e-001
 7.0094264e-001
 7.0203453e-001
 7.0318156e-001
 7.0423692e-001
 7.0554823e-001
 7.0678979e-001
 7.0820779e-001
 7.0994872e-001
 7.1116340e-001
 7.1253651e-001
 7.1373230e-001
 7.1471649e-001
 7.1580523e-001
 7.1623003e-001
 7.1652913e-001
 7.1753472e-001
 7.1848267e-001
 7.2089088e-001
 7.2384179e-001
 7.2615552e-001
 7.2788221e-001
 7.2999972e-001
 7.3147345e-001
 7.3324615e-001
 7.3526663e-001
 7.3699993e-001
 7.3866421e-001
 7.4022591e-001
 7.4205756e-001
 7.4411643e-001
 7.4553877e-001
 7.4690664e-001
 7.4877137e-001
 7.5070572e-001
 7.5191826e-001
 7.5353187e-001
 7.5501221e-001
 7.5630069e-001
 7.5807941e-001
 7.5928062e-001
 7.6066387e-001
 7.6200515e-001
 7.6293331e-001
 7.6428926e-001
 7.6556605e-001
 7.6702648e-001
 7.6745874e-001
 7.6732677e-001
 7.6783466e-001
 7.6900941e-001
 7.7040768e-001
 7.7131456e-001
 7.7234411e-001
 7.7378708e-001
 7.7500552e-001
 7.7589911e-001
 7.7600741e-001
 7.7763337e-001
 7.7848685e-001
 7.7990335e-001
 7.8035361e-001
 7.7833575e-001
 7.7947068e-001
 7.7625424e-001
 7.7087498e-001
 7.6666671e-001
 7.6682675e-001
 7.7027911e-001
 7.7348346e-001
 7.7559483e-001
 7.7740073e-001
 7.7833545e-001
 7.8043073e-001
 7.8269440e-001
 7.8469390e-001
 7.8650558e-001
 7.8824586e-001
 7.9106075e-001
 7.9245645e-001
 7.9363817e-001
 7.9472661e-001
 7.9538393e-001
 7.9742002e-001
 7.9966533e-001
 8.0033815e-001
 8.0094165e-001
 8.0171245e-001
 8.0235159e-001
 8.0209953e-001
 8.0086660e-001
 8.0019987e-001
 7.9987288e-001
 7.9845113e-001
 7.9790974e-001
 7.9734468e-001
 7.9815620e-001
 7.9705781e-001
 7.9579598e-001
 7.9530197e-001
 7.9609418e-001
 7.9638422e-001
 7.9491860e-001
 7.9264164e-001
 7.8950876e-001
 7.9025114e-001
 7.9479343e-001
 7.9896259e-001
 8.0220681e-001
 8.0248255e-001
 8.0165136e-001
 8.0119359e-001
 7.9938656e-001
 7.9764920e-001
 7.9635835e-001
 7.9476047e-001
 7.9427856e-001
 7.9326063e-001
 7.9203331e-001
 7.9089999e-001
 7.8894812e-001
 7.8658342e-001
 7.8429157e-001
 7.8360975e-001
 7.7852124e-001
 7.7932382e-001
-1.2300000e+034
