s07_AV97 Record=2319: Nanohematite BR93-34B2        BECKb AREF
 5.4269828e-002
 5.5665832e-002
 5.7490151e-002
 5.9350338e-002
 6.1388701e-002
 6.3595816e-002
 6.6316277e-002
 6.9731124e-002
 7.3017597e-002
 7.5854518e-002
 7.8427598e-002
 8.0571480e-002
 8.3156310e-002
 8.6787812e-002
 9.0722881e-002
 9.5386952e-002
 1.0052405e-001
 1.0710452e-001
 1.1629528e-001
 1.2851208e-001
 1.4418088e-001
 1.6257080e-001
 1.8275587e-001
 2.0392543e-001
 2.2395949e-001
 2.4164017e-001
 2.5701335e-001
 2.6946607e-001
 2.8082508e-001
 2.9145026e-001
 3.0187091e-001
 3.1149870e-001
 3.0027565e-001
 3.0972517e-001
 3.1885344e-001
 3.2755971e-001
 3.3536637e-001
 3.4320125e-001
 3.5036942e-001
 3.5674894e-001
 3.6209297e-001
 3.6585334e-001
 3.6874101e-001
 3.7077266e-001
 3.7214798e-001
 3.7247163e-001
 3.7220612e-001
 3.7171307e-001
 3.7097281e-001
 3.7025630e-001
 3.6962327e-001
 3.6872312e-001
 3.6784682e-001
 3.6759835e-001
 3.6754909e-001
 3.6791572e-001
 3.6877406e-001
 3.7004471e-001
 3.7175083e-001
 3.7393147e-001
 3.7600735e-001
 3.7888238e-001
 3.8244748e-001
 3.8630983e-001
 3.9054722e-001
 3.9426115e-001
 3.9857328e-001
 4.0242475e-001
 4.0610224e-001
 4.0965596e-001
 4.1262302e-001
 4.1568503e-001
 4.1911542e-001
 4.2256889e-001
 4.2573947e-001
 4.2888200e-001
 4.3152010e-001
 4.3425751e-001
 4.3701702e-001
 4.4047847e-001
 4.4363537e-001
 4.4621053e-001
 4.4890082e-001
 4.5109764e-001
 4.5339102e-001
 4.5574537e-001
 4.5811823e-001
 4.6004319e-001
 4.6228758e-001
 4.6477002e-001
 4.6574888e-001
 4.6663785e-001
 4.6752912e-001
 4.6892473e-001
 4.7042829e-001
 4.7167164e-001
 4.6964148e-001
 4.7106773e-001
 4.7202525e-001
 4.7106531e-001
 4.6809494e-001
 4.6555209e-001
 4.6399194e-001
 4.6318620e-001
 4.6245509e-001
 4.6115676e-001
 4.5407099e-001
 4.4635493e-001
 4.3243113e-001
 3.9707932e-001
 3.5764971e-001
 3.2228044e-001
 3.0849713e-001
 3.7327445e-001
 4.2854899e-001
 4.4915828e-001
 4.5646775e-001
 4.6106422e-001
 4.6504134e-001
 4.6850747e-001
 4.7238159e-001
 4.7578734e-001
 4.7833493e-001
 4.8037568e-001
 4.8292962e-001
 4.8426470e-001
 4.8620179e-001
 4.8853475e-001
 4.8883331e-001
 4.8980188e-001
 4.9151951e-001
 4.9205333e-001
 4.9253255e-001
 4.9244586e-001
 4.9259558e-001
 4.9439797e-001
 4.9450544e-001
 4.9454242e-001
 4.9331930e-001
 4.9467680e-001
 4.9761546e-001
 4.9723381e-001
 4.9769822e-001
 4.9523094e-001
 4.9623853e-001
 4.9584270e-001
 4.9521893e-001
 4.9267039e-001
 4.8796767e-001
 4.8813418e-001
 4.8733270e-001
 4.8507589e-001
 4.8205605e-001
 4.7882414e-001
 4.7864890e-001
 4.7588402e-001
 4.7798720e-001
 4.7788525e-001
 4.6862856e-001
 4.4998676e-001
 4.5703748e-001
 4.3099627e-001
 3.9251873e-001
 3.6090404e-001
 3.6120892e-001
 3.7253127e-001
 3.8121620e-001
 3.8782656e-001
 3.9270848e-001
 3.9808333e-001
 4.0235120e-001
 4.0673146e-001
 4.1098389e-001
 4.1563755e-001
 4.1695979e-001
 4.2021301e-001
 4.2221057e-001
 4.1954330e-001
 4.1942167e-001
 4.1731405e-001
 4.0998903e-001
 4.0190923e-001
 3.8998243e-001
 3.8016662e-001
 3.7139058e-001
 3.6515269e-001
 3.5295847e-001
 3.2524669e-001
 2.9826066e-001
 2.8232995e-001
 2.6020154e-001
 2.3162530e-001
 2.0521870e-001
 2.0182554e-001
 2.3833978e-001
 2.7924630e-001
 2.9622281e-001
 3.0556160e-001
 3.0860242e-001
 3.0872422e-001
 3.0777779e-001
 2.9711989e-001
 2.8648731e-001
 2.6965806e-001
 2.4899603e-001
 2.4212939e-001
 2.3119320e-001
 2.2427453e-001
 2.2045355e-001
 2.2494349e-001
 2.2120656e-001
 2.1702375e-001
 2.1784797e-001
 2.1384959e-001
 2.0491110e-001
 1.9615558e-001
 1.8994497e-001
 1.8756993e-001
 1.8772145e-001
 1.8818018e-001
 1.8730894e-001
 1.8575951e-001
 1.8465380e-001
 1.8464559e-001
