s07_AV97 Record=3044: Spessartine WS481 Garnet      BECKb AREF
 1.5170118e-001
 1.7186826e-001
 2.0737369e-001
 2.4949129e-001
 2.6378602e-001
 2.9353732e-001
 3.2125932e-001
 3.5924637e-001
 3.9970863e-001
 4.0977693e-001
 4.1507801e-001
 4.1272482e-001
 4.1603401e-001
 4.2707434e-001
 4.3533596e-001
 4.4345528e-001
 4.5150658e-001
 4.6503741e-001
 4.8042780e-001
 4.9874899e-001
 5.2109480e-001
 5.4432237e-001
 5.6938481e-001
 5.9418172e-001
 6.1413199e-001
 6.2781256e-001
 6.3667780e-001
 6.4245671e-001
 6.4787024e-001
 6.5118897e-001
 6.5752578e-001
 6.6170877e-001
 6.5674686e-001
 6.6060853e-001
 6.6503811e-001
 6.7003912e-001
 6.7319584e-001
 6.7698067e-001
 6.8037868e-001
 6.8434930e-001
 6.8627286e-001
 6.9072449e-001
 6.9110858e-001
 6.9320977e-001
 6.9707203e-001
 6.9921362e-001
 7.0082974e-001
 7.0430845e-001
 7.0495284e-001
 7.0404649e-001
 7.0229232e-001
 7.0299751e-001
 7.0555621e-001
 7.0595592e-001
 7.0540732e-001
 7.0561761e-001
 7.0504314e-001
 7.0469910e-001
 7.0222819e-001
 7.0393682e-001
 7.0568413e-001
 7.0160681e-001
 7.0427978e-001
 7.0630407e-001
 7.0199913e-001
 7.0615673e-001
 7.0345145e-001
 7.0507473e-001
 7.0612770e-001
 7.0729995e-001
 7.0901239e-001
 7.0776552e-001
 7.1031070e-001
 7.1179837e-001
 7.0882684e-001
 7.0976120e-001
 7.0938498e-001
 7.1069580e-001
 7.1135664e-001
 7.1279609e-001
 7.1046829e-001
 7.1267927e-001
 7.1191567e-001
 7.1189731e-001
 7.1244413e-001
 7.1046978e-001
 7.1082860e-001
 7.1040189e-001
 7.0977670e-001
 7.0923728e-001
 7.1162122e-001
 7.1094143e-001
 7.1171647e-001
 7.1025282e-001
 7.1083027e-001
 7.1059078e-001
 7.1007484e-001
 7.1034020e-001
 7.1135348e-001
 7.0965350e-001
 7.0805615e-001
 7.0984423e-001
 7.1011227e-001
 7.1086317e-001
 7.0933217e-001
 7.1151125e-001
 7.1245301e-001
 7.1159500e-001
 7.1394473e-001
 7.1193880e-001
 7.1199578e-001
 7.1037561e-001
 7.0987308e-001
 7.1292150e-001
 7.1268481e-001
 7.1397549e-001
 7.1554673e-001
 7.1454877e-001
 7.1586686e-001
 7.1848261e-001
 7.1940809e-001
 7.1981406e-001
 7.2033477e-001
 7.1976209e-001
 7.1990222e-001
 7.2331131e-001
 7.2358984e-001
 7.2345573e-001
 7.2543979e-001
 7.2310114e-001
 7.2668147e-001
 7.2891855e-001
 7.2936529e-001
 7.3063439e-001
 7.3002476e-001
 7.3105603e-001
 7.3168248e-001
 7.3585349e-001
 7.3610389e-001
 7.3409742e-001
 7.3368174e-001
 7.4023896e-001
 7.4055147e-001
 7.3993480e-001
 7.3955262e-001
 7.4046445e-001
 7.4538004e-001
 7.4673808e-001
 7.4580592e-001
 7.4385065e-001
 7.4822533e-001
 7.4925470e-001
 7.4797601e-001
 7.4808830e-001
 7.4963444e-001
 7.4796599e-001
 7.5224483e-001
 7.5186098e-001
 7.4892157e-001
 7.4972880e-001
 7.4947715e-001
 7.4877936e-001
 7.4557048e-001
 7.4609286e-001
 7.4783790e-001
 7.4564552e-001
 7.4684626e-001
 7.4903399e-001
 7.4978936e-001
 7.5387275e-001
 7.5727594e-001
 7.5980955e-001
 7.6073378e-001
 7.5909615e-001
 7.6046264e-001
 7.6309901e-001
 7.6620990e-001
 7.6871485e-001
 7.7059674e-001
 7.7280152e-001
 7.7308959e-001
 7.7503085e-001
 7.7368861e-001
 7.7682197e-001
 7.8214872e-001
 7.8025746e-001
 7.8042161e-001
 7.8243214e-001
 7.7897155e-001
 7.7449095e-001
 7.7584374e-001
 7.7406752e-001
 7.6988721e-001
 7.7093369e-001
 7.6940835e-001
 7.7204943e-001
 7.7242655e-001
 7.7467847e-001
 7.7787054e-001
 7.7564144e-001
 7.7737123e-001
 7.7745205e-001
 7.7555263e-001
 7.7690405e-001
 7.8537428e-001
 7.8214413e-001
 7.8043932e-001
 7.8426492e-001
 7.7512294e-001
 7.7544749e-001
 7.7767706e-001
 7.8321403e-001
 7.8115654e-001
 7.8032160e-001
 7.8095937e-001
 7.7890718e-001
 7.7612156e-001
 7.7576572e-001
 7.7717173e-001
 7.7859890e-001
 7.7834064e-001
 7.7678096e-001
 7.7470154e-001
 7.7274132e-001
