s07_AV97 Record=3418: Uralite HS345.4B             ASDFRb AREF
 1.7724583e-001
 1.8590066e-001
 1.9474889e-001
 2.0268516e-001
 2.0927800e-001
 2.1705148e-001
 2.2541802e-001
 2.3230840e-001
 2.3550148e-001
 2.4336672e-001
 2.5166714e-001
 2.6004350e-001
 2.6727942e-001
 2.7338442e-001
 2.8102732e-001
 2.8637457e-001
 2.8946775e-001
 2.9229298e-001
 2.9441372e-001
 2.9503351e-001
 2.9413006e-001
 2.9186511e-001
 2.8832594e-001
 2.8443614e-001
 2.8050736e-001
 2.7635422e-001
 2.7187935e-001
 2.6786423e-001
 2.6407042e-001
 2.6054922e-001
 2.5730461e-001
 2.5438565e-001
 2.5781068e-001
 2.5491980e-001
 2.5227466e-001
 2.4995607e-001
 2.4792632e-001
 2.4617900e-001
 2.4468139e-001
 2.4352007e-001
 2.4264513e-001
 2.4219887e-001
 2.4214070e-001
 2.4250084e-001
 2.4336320e-001
 2.4429750e-001
 2.4509959e-001
 2.4549446e-001
 2.4538773e-001
 2.4468389e-001
 2.4372029e-001
 2.4226199e-001
 2.4040604e-001
 2.3813286e-001
 2.3573473e-001
 2.3328041e-001
 2.3083326e-001
 2.2851959e-001
 2.2637525e-001
 2.2453274e-001
 2.2313675e-001
 2.2195224e-001
 2.2055973e-001
 2.2007731e-001
 2.1971321e-001
 2.1958087e-001
 2.1959153e-001
 2.1953206e-001
 2.1931598e-001
 2.1887021e-001
 2.1915960e-001
 2.1903384e-001
 2.1909429e-001
 2.1993227e-001
 2.2044198e-001
 2.2192331e-001
 2.2336961e-001
 2.2527193e-001
 2.2736344e-001
 2.2900167e-001
 2.3121457e-001
 2.3330970e-001
 2.3582618e-001
 2.3851448e-001
 2.4139704e-001
 2.4482837e-001
 2.4809901e-001
 2.5241035e-001
 2.5715607e-001
 2.6172450e-001
 2.6734096e-001
 2.7361581e-001
 2.7921677e-001
 2.8587124e-001
 2.9207352e-001
 2.9895636e-001
 2.8849337e-001
 2.9558590e-001
 3.0241317e-001
 3.0993840e-001
 3.1745991e-001
 3.2486859e-001
 3.3277702e-001
 3.4019887e-001
 3.4745091e-001
 3.5475457e-001
 3.6124668e-001
 3.6759427e-001
 3.7373075e-001
 3.7242088e-001
 3.4155998e-001
 3.5761961e-001
 3.8197935e-001
 3.9362377e-001
 4.0235588e-001
 4.0963152e-001
 4.1577819e-001
 4.2161658e-001
 4.2766437e-001
 4.3398809e-001
 4.4004655e-001
 4.4561681e-001
 4.5093042e-001
 4.5635277e-001
 4.6129683e-001
 4.6609202e-001
 4.7067842e-001
 4.7570232e-001
 4.8028961e-001
 4.8440692e-001
 4.8905787e-001
 4.9305472e-001
 4.9687952e-001
 5.0102741e-001
 5.0502318e-001
 5.0874192e-001
 5.1250076e-001
 5.1645017e-001
 5.2053899e-001
 5.2360666e-001
 5.2688253e-001
 5.3078777e-001
 5.3414547e-001
 5.3682548e-001
 5.3962332e-001
 5.4197514e-001
 5.4433304e-001
 5.4713911e-001
 5.5014527e-001
 5.5283856e-001
 5.5525190e-001
 5.5735379e-001
 5.5919462e-001
 5.6096190e-001
 5.6154978e-001
 5.6172365e-001
 5.6204903e-001
 5.6095934e-001
 5.5565679e-001
 5.4550546e-001
 5.5094254e-001
 5.3186089e-001
 4.9412993e-001
 4.6383747e-001
 4.6676618e-001
 4.8542950e-001
 5.0154668e-001
 5.0964350e-001
 5.1469618e-001
 5.1862675e-001
 5.2287000e-001
 5.2726090e-001
 5.3234231e-001
 5.3971738e-001
 5.4736024e-001
 5.5520672e-001
 5.6010938e-001
 5.6145573e-001
 5.6247079e-001
 5.6432652e-001
 5.6467193e-001
 5.6349498e-001
 5.6219494e-001
 5.5055231e-001
 5.4411870e-001
 5.4572815e-001
 5.4983979e-001
 5.5198604e-001
 5.5501872e-001
 5.5802667e-001
 5.5841613e-001
 5.5816644e-001
 5.5697906e-001
 5.5500901e-001
 5.5171961e-001
 5.4615974e-001
 5.2964050e-001
 5.1356602e-001
 5.1000434e-001
 4.8746964e-001
 4.4063792e-001
 3.9048442e-001
 3.4482360e-001
 3.3378533e-001
 3.3114353e-001
 3.6665937e-001
 4.2064500e-001
 4.5164487e-001
 4.5918953e-001
 4.4388539e-001
 4.0094340e-001
 3.7108922e-001
 3.9435431e-001
 4.2698050e-001
 4.3778667e-001
 4.4414350e-001
 4.4086051e-001
 4.2814761e-001
 4.1662595e-001
 4.0795520e-001
 4.0248480e-001
 3.9927590e-001
 3.9516848e-001
-1.2300000e+034
