s07_AV97 Record=1628: Illite GDS4   Marblehead     ASDNGb AREF
 1.3222530e-001
 1.3810173e-001
 1.4348371e-001
 1.4806050e-001
 1.5168709e-001
 1.5477115e-001
 1.5769777e-001
 1.6039644e-001
 1.6280998e-001
 1.6480511e-001
 1.6638628e-001
 1.6787782e-001
 1.6931459e-001
 1.7074338e-001
 1.7215244e-001
 1.7355111e-001
 1.7490433e-001
 1.7613035e-001
 1.7730564e-001
 1.7833130e-001
 1.7907214e-001
 1.7988633e-001
 1.8079217e-001
 1.8156940e-001
 1.8241325e-001
 1.8330005e-001
 1.8419540e-001
 1.8503632e-001
 1.8593958e-001
 1.8683845e-001
 1.8775591e-001
 1.8867971e-001
 1.8760011e-001
 1.8850964e-001
 1.8941846e-001
 1.9034642e-001
 1.9120531e-001
 1.9214123e-001
 1.9302689e-001
 1.9393764e-001
 1.9487402e-001
 1.9584990e-001
 1.9692107e-001
 1.9794701e-001
 1.9902241e-001
 2.0011885e-001
 2.0124775e-001
 2.0238630e-001
 2.0340084e-001
 2.0445265e-001
 2.0556287e-001
 2.0660233e-001
 2.0759466e-001
 2.0861478e-001
 2.0963056e-001
 2.1069528e-001
 2.1183716e-001
 2.1288115e-001
 2.1394469e-001
 2.1511462e-001
 2.1624693e-001
 2.1735023e-001
 2.1838480e-001
 2.1934326e-001
 2.2056748e-001
 2.2195101e-001
 2.2309433e-001
 2.2428365e-001
 2.2557938e-001
 2.2681257e-001
 2.2792514e-001
 2.2905681e-001
 2.3024073e-001
 2.3152320e-001
 2.3282902e-001
 2.3421034e-001
 2.3553120e-001
 2.3698731e-001
 2.3841180e-001
 2.3970979e-001
 2.4116471e-001
 2.4264184e-001
 2.4396783e-001
 2.4526389e-001
 2.4662368e-001
 2.4807173e-001
 2.4951468e-001
 2.5112915e-001
 2.5286880e-001
 2.5461817e-001
 2.5647458e-001
 2.5820002e-001
 2.5978863e-001
 2.6154250e-001
 2.6326239e-001
 2.6481792e-001
 2.6233348e-001
 2.6406020e-001
 2.6569036e-001
 2.6745456e-001
 2.6894170e-001
 2.7074435e-001
 2.7264670e-001
 2.7439627e-001
 2.7593061e-001
 2.7747983e-001
 2.7905855e-001
 2.8000459e-001
 2.7940252e-001
 2.7663550e-001
 2.6842192e-001
 2.5366837e-001
 2.4267076e-001
 2.5231200e-001
 2.7155456e-001
 2.8263396e-001
 2.8812858e-001
 2.9141045e-001
 2.9478064e-001
 2.9812822e-001
 3.0117109e-001
 3.0411506e-001
 3.0668411e-001
 3.0905730e-001
 3.1162694e-001
 3.1399938e-001
 3.1632549e-001
 3.1868589e-001
 3.2102081e-001
 3.2303488e-001
 3.2510674e-001
 3.2734013e-001
 3.2941347e-001
 3.3142176e-001
 3.3335507e-001
 3.3528772e-001
 3.3706737e-001
 3.3877838e-001
 3.4051353e-001
 3.4234425e-001
 3.4433162e-001
 3.4633097e-001
 3.4790209e-001
 3.4923142e-001
 3.5057244e-001
 3.5181963e-001
 3.5272294e-001
 3.5382321e-001
 3.5497969e-001
 3.5593799e-001
 3.5707724e-001
 3.5834783e-001
 3.6007470e-001
 3.6145017e-001
 3.6216849e-001
 3.6189234e-001
 3.6065903e-001
 3.5699341e-001
 3.4529328e-001
 3.2073319e-001
 3.2956898e-001
 2.9951599e-001
 2.6495036e-001
 2.4772644e-001
 2.5960234e-001
 2.7749351e-001
 2.9095578e-001
 3.0014476e-001
 3.0701274e-001
 3.1346604e-001
 3.1996286e-001
 3.2681543e-001
 3.3354506e-001
 3.4018898e-001
 3.4647205e-001
 3.5220912e-001
 3.5673225e-001
 3.6022389e-001
 3.6259016e-001
 3.6383227e-001
 3.6403212e-001
 3.6214960e-001
 3.5925376e-001
 3.5686964e-001
 3.5543695e-001
 3.5497889e-001
 3.5495514e-001
 3.5383320e-001
 3.4792945e-001
 3.3455783e-001
 3.1342131e-001
 2.8620294e-001
 2.5652862e-001
 2.3107767e-001
 2.1696466e-001
 2.2033803e-001
 2.3629270e-001
 2.4831387e-001
 2.6869226e-001
 2.9833114e-001
 3.1176367e-001
 3.1381136e-001
 3.0482712e-001
 2.8534770e-001
 2.5791842e-001
 2.3614672e-001
 2.1987003e-001
 2.1650940e-001
 2.2458920e-001
 2.3193951e-001
 2.3409723e-001
 2.3363985e-001
 2.2997735e-001
 2.2318652e-001
 2.1403413e-001
 2.0314427e-001
 1.9466083e-001
 1.9215614e-001
 1.9290367e-001
 1.9388270e-001
 1.9435541e-001
 1.9415456e-001
 1.9491702e-001
-1.2300000e+034
