s07_AV97 Record=628: Brucite HS247.4B             ASDFRc AREF
 3.2397702e-001
 3.4607849e-001
 3.7490532e-001
 4.0966064e-001
 4.4768760e-001
 4.8332170e-001
 5.1266706e-001
 5.4247075e-001
 5.7378799e-001
 6.0332853e-001
 6.2277150e-001
 6.3298053e-001
 6.3958246e-001
 6.4386255e-001
 6.4690828e-001
 6.4884096e-001
 6.5708387e-001
 6.6424978e-001
 6.6945344e-001
 6.7338127e-001
 6.7896885e-001
 6.8459886e-001
 6.8952042e-001
 6.9327909e-001
 6.9705772e-001
 7.0111990e-001
 7.0424998e-001
 7.0709747e-001
 7.0976156e-001
 7.1231210e-001
 7.1485090e-001
 7.1732187e-001
 7.1445304e-001
 7.1684825e-001
 7.1910089e-001
 7.2071600e-001
 7.2114134e-001
 7.1984160e-001
 7.1620452e-001
 6.9502330e-001
 7.0215559e-001
 7.0397270e-001
 6.9782257e-001
 6.9060123e-001
 6.8276477e-001
 6.7458540e-001
 6.6639018e-001
 6.5836120e-001
 6.5069419e-001
 6.4356446e-001
 6.3734031e-001
 6.3174272e-001
 6.2689632e-001
 6.2411320e-001
 6.2265784e-001
 6.2192029e-001
 6.2093145e-001
 6.2141287e-001
 6.2052256e-001
 6.0804629e-001
 6.1762065e-001
 6.0394287e-001
 5.2629054e-001
 5.3247058e-001
 6.1456686e-001
 6.2584102e-001
 6.2681705e-001
 6.2735200e-001
 6.2872678e-001
 6.2850291e-001
 6.2976497e-001
 6.3038844e-001
 6.3139975e-001
 6.3342083e-001
 6.3498497e-001
 6.3746178e-001
 6.4071602e-001
 6.4486998e-001
 6.4854294e-001
 6.5183198e-001
 6.5575236e-001
 6.5903968e-001
 6.6226393e-001
 6.6300988e-001
 6.6293335e-001
 6.6394854e-001
 6.6485614e-001
 6.6599566e-001
 6.6736180e-001
 6.6487944e-001
 6.6119421e-001
 6.5238982e-001
 6.4177018e-001
 6.4301479e-001
 6.4881504e-001
 6.5233767e-001
 6.4451766e-001
 6.5264088e-001
 6.4684474e-001
 6.1578178e-001
 5.6505597e-001
 5.6120753e-001
 5.7908231e-001
 5.7570863e-001
 5.6846029e-001
 5.5180109e-001
 5.1124448e-001
 3.8808441e-001
 4.3307480e-001
 3.3954364e-001
 2.0496252e-001
 2.7000156e-001
 4.6897370e-001
 5.4097748e-001
 5.6219035e-001
 5.7776076e-001
 5.9621787e-001
 6.0689902e-001
 6.1003309e-001
 6.1186266e-001
 6.2105256e-001
 6.3421100e-001
 6.3826925e-001
 6.3848573e-001
 6.3663775e-001
 6.3654363e-001
 6.3664901e-001
 6.3439143e-001
 6.3251817e-001
 6.2976938e-001
 6.2576753e-001
 6.2081492e-001
 6.1457556e-001
 6.0779947e-001
 6.0064781e-001
 5.9305537e-001
 5.8571053e-001
 5.7778174e-001
 5.6943750e-001
 5.6097382e-001
 5.5052930e-001
 5.3984648e-001
 5.2939671e-001
 5.1958919e-001
 5.0990343e-001
 5.0020730e-001
 4.9149650e-001
 4.8265621e-001
 4.7415760e-001
 4.6586809e-001
 4.5766056e-001
 4.4809705e-001
 4.3569604e-001
 4.2243114e-001
 4.1180295e-001
 3.9959943e-001
 3.8634211e-001
 3.7297609e-001
 3.5990864e-001
 3.4835556e-001
 3.5291696e-001
 3.4161454e-001
 3.2824320e-001
 3.1334245e-001
 3.0141979e-001
 2.9436865e-001
 2.8982762e-001
 2.8603691e-001
 2.8147298e-001
 2.7581227e-001
 2.6677492e-001
 2.5308463e-001
 2.3705749e-001
 2.2174391e-001
 2.1075243e-001
 2.0450103e-001
 1.9892198e-001
 1.9244170e-001
 1.8773834e-001
 1.8502294e-001
 1.8389350e-001
 1.8221457e-001
 1.7992508e-001
 1.7708683e-001
 1.7427982e-001
 1.7325285e-001
 1.7598848e-001
 1.7991248e-001
 1.7911737e-001
 1.6823636e-001
 1.4836600e-001
 1.2938468e-001
 1.1707634e-001
 1.1049135e-001
 1.0360576e-001
 9.6160345e-002
 9.0325803e-002
 8.6378083e-002
 8.3829239e-002
 8.2635269e-002
 8.0573887e-002
 7.5944088e-002
 6.7843489e-002
 5.9942849e-002
 5.5889789e-002
 5.8309071e-002
 6.8523400e-002
 8.3973162e-002
 9.5620379e-002
 1.0132077e-001
 1.0251536e-001
 1.0012887e-001
 9.3231738e-002
 7.7271812e-002
 5.4647237e-002
 4.2346012e-002
 3.6584184e-002
 3.3066969e-002
 3.0627595e-002
 2.8278956e-002
 2.4988938e-002
 2.6876381e-002
 2.7262717e-002
-1.2300000e+034
