s07_AV97 Record=2546: Paragonite GDS109             BECKa AREF
 3.1972286e-001
 3.2279465e-001
 3.2287291e-001
 3.1851271e-001
 3.1692517e-001
 3.1566069e-001
 3.2259759e-001
 3.5422432e-001
 4.0101069e-001
 4.4126308e-001
 4.6550196e-001
 4.8004571e-001
 4.9274042e-001
 5.0471526e-001
 5.1682538e-001
 5.2936864e-001
 5.4111665e-001
 5.5197614e-001
 5.6255329e-001
 5.7333469e-001
 5.8408654e-001
 5.9165812e-001
 5.9857070e-001
 6.0575491e-001
 6.1212194e-001
 6.1774302e-001
 6.2314594e-001
 6.2815738e-001
 6.3354224e-001
 6.3944525e-001
 6.4518261e-001
 6.5157592e-001
 6.4428133e-001
 6.5041864e-001
 6.5599710e-001
 6.6087186e-001
 6.6423756e-001
 6.6893035e-001
 6.7339653e-001
 6.7763317e-001
 6.8210918e-001
 6.8446857e-001
 6.8820173e-001
 6.9121242e-001
 6.9423670e-001
 6.9575256e-001
 6.9723201e-001
 6.9907326e-001
 7.0037979e-001
 7.0054460e-001
 7.0178938e-001
 6.9964093e-001
 6.9823617e-001
 6.9765031e-001
 6.9658101e-001
 6.9760233e-001
 6.9945717e-001
 7.0070565e-001
 6.9843084e-001
 7.0235336e-001
 7.0141160e-001
 7.0430505e-001
 7.0048916e-001
 6.9831371e-001
 7.0476329e-001
 7.1099967e-001
 7.1522564e-001
 7.1643209e-001
 7.1795344e-001
 7.1843112e-001
 7.2207147e-001
 7.2404736e-001
 7.2554392e-001
 7.2741526e-001
 7.2959363e-001
 7.3185050e-001
 7.3339933e-001
 7.3530650e-001
 7.3760456e-001
 7.3851514e-001
 7.4133319e-001
 7.4364477e-001
 7.4651629e-001
 7.4675626e-001
 7.4869758e-001
 7.5026029e-001
 7.5155848e-001
 7.5453579e-001
 7.5676566e-001
 7.5709116e-001
 7.5872070e-001
 7.5975978e-001
 7.6034236e-001
 7.6137918e-001
 7.6439935e-001
 7.6607233e-001
 7.6276314e-001
 7.6564616e-001
 7.6588547e-001
 7.6531148e-001
 7.6482934e-001
 7.6300126e-001
 7.6146913e-001
 7.6188391e-001
 7.6279181e-001
 7.6476640e-001
 7.6420492e-001
 7.5808841e-001
 7.4997044e-001
 7.2432029e-001
 6.2338513e-001
 5.3804243e-001
 5.4737812e-001
 6.6012961e-001
 7.3169619e-001
 7.5471890e-001
 7.6518142e-001
 7.6924366e-001
 7.7282757e-001
 7.7623063e-001
 7.7764571e-001
 7.8048152e-001
 7.8203487e-001
 7.8471023e-001
 7.8494400e-001
 7.8584355e-001
 7.8793055e-001
 7.8974044e-001
 7.8819531e-001
 7.8996789e-001
 7.9021865e-001
 7.9001158e-001
 7.9056913e-001
 7.9057556e-001
 7.9055381e-001
 7.9080266e-001
 7.9108912e-001
 7.9104173e-001
 7.9175717e-001
 7.9125136e-001
 7.9384261e-001
 7.9260421e-001
 7.9194641e-001
 7.9019630e-001
 7.9272389e-001
 7.9085898e-001
 7.9048884e-001
 7.8752786e-001
 7.8725362e-001
 7.8808087e-001
 7.9074651e-001
 7.8723091e-001
 7.8403282e-001
 7.7848065e-001
 7.7504981e-001
 7.7835357e-001
 7.8343236e-001
 7.8102303e-001
 7.7560347e-001
 7.6811141e-001
 7.7100641e-001
 7.5993139e-001
 7.4216527e-001
 7.2477144e-001
 7.2012442e-001
 7.2319955e-001
 7.2643560e-001
 7.2797680e-001
 7.3105597e-001
 7.3571301e-001
 7.3863113e-001
 7.4175119e-001
 7.4560916e-001
 7.4777240e-001
 7.4770480e-001
 7.4798292e-001
 7.4666065e-001
 7.4631917e-001
 7.4711573e-001
 7.4678725e-001
 7.4322456e-001
 7.3148799e-001
 7.1485937e-001
 6.9632834e-001
 6.7930603e-001
 6.6501206e-001
 6.5271753e-001
 6.3750070e-001
 6.0145581e-001
 5.2463901e-001
 4.3511373e-001
 3.8058728e-001
 3.9537567e-001
 4.7365230e-001
 5.4511100e-001
 5.7403767e-001
 5.8704799e-001
 5.9744066e-001
 5.9900606e-001
 5.9942609e-001
 5.9372580e-001
 5.7677120e-001
 5.4926670e-001
 5.1455814e-001
 4.7818318e-001
 4.5690909e-001
 4.4723305e-001
 4.5110184e-001
 4.5780048e-001
 4.5929769e-001
 4.5127222e-001
 4.4422165e-001
 4.3590939e-001
 4.1954818e-001
 4.0010172e-001
 3.8681477e-001
 3.8161239e-001
 3.8412243e-001
 3.9064571e-001
 3.9890963e-001
 4.0549168e-001
 4.1124380e-001
 4.1776052e-001
 4.2581531e-001
