s07_AV97 Record=2978: Serpentine HS8.3B           NIC4cbc RREF
-1.2300000e+034
-1.2300000e+034
-1.2300000e+034
-1.2300000e+034
-1.2300000e+034
-1.2300000e+034
-1.2300000e+034
-1.2300000e+034
-1.2300000e+034
-1.2300000e+034
-1.2300000e+034
-1.2300000e+034
-1.2300000e+034
-1.2300000e+034
-1.2300000e+034
-1.2300000e+034
-1.2300000e+034
-1.2300000e+034
-1.2300000e+034
-1.2300000e+034
-1.2300000e+034
-1.2300000e+034
-1.2300000e+034
-1.2300000e+034
-1.2300000e+034
-1.2300000e+034
-1.2300000e+034
-1.2300000e+034
-1.2300000e+034
-1.2300000e+034
-1.2300000e+034
-1.2300000e+034
-1.2300000e+034
-1.2300000e+034
-1.2300000e+034
-1.2300000e+034
-1.2300000e+034
-1.2300000e+034
-1.2300000e+034
-1.2300000e+034
-1.2300000e+034
-1.2300000e+034
-1.2300000e+034
-1.2300000e+034
-1.2300000e+034
-1.2300000e+034
-1.2300000e+034
-1.2300000e+034
-1.2300000e+034
-1.2300000e+034
-1.2300000e+034
-1.2300000e+034
-1.2300000e+034
-1.2300000e+034
-1.2300000e+034
-1.2300000e+034
-1.2300000e+034
-1.2300000e+034
-1.2300000e+034
-1.2300000e+034
-1.2300000e+034
-1.2300000e+034
-1.2300000e+034
-1.2300000e+034
-1.2300000e+034
-1.2300000e+034
-1.2300000e+034
-1.2300000e+034
-1.2300000e+034
-1.2300000e+034
-1.2300000e+034
-1.2300000e+034
-1.2300000e+034
-1.2300000e+034
-1.2300000e+034
-1.2300000e+034
-1.2300000e+034
-1.2300000e+034
-1.2300000e+034
-1.2300000e+034
-1.2300000e+034
-1.2300000e+034
-1.2300000e+034
-1.2300000e+034
-1.2300000e+034
-1.2300000e+034
-1.2300000e+034
-1.2300000e+034
-1.2300000e+034
-1.2300000e+034
-1.2300000e+034
-1.2300000e+034
-1.2300000e+034
-1.2300000e+034
-1.2300000e+034
-1.2300000e+034
-1.2300000e+034
-1.2300000e+034
-1.2300000e+034
-1.2300000e+034
-1.2300000e+034
-1.2300000e+034
-1.2300000e+034
-1.2300000e+034
-1.2300000e+034
-1.2300000e+034
-1.2300000e+034
-1.2300000e+034
-1.2300000e+034
-1.2300000e+034
-1.2300000e+034
-1.2300000e+034
-1.2300000e+034
-1.2300000e+034
-1.2300000e+034
-1.2300000e+034
-1.2300000e+034
-1.2300000e+034
-1.2300000e+034
-1.2300000e+034
-1.2300000e+034
-1.2300000e+034
 1.6251655e-001
 1.6356254e-001
 1.6551417e-001
 1.6797304e-001
 1.7056839e-001
 1.7272300e-001
 1.7486264e-001
 1.7702772e-001
 1.7907579e-001
 1.8087511e-001
 1.8257807e-001
 1.8405910e-001
 1.8523167e-001
 1.8643510e-001
 1.8769510e-001
 1.8870851e-001
 1.8980561e-001
 1.9074263e-001
 1.9144125e-001
 1.9206570e-001
 1.9269539e-001
 1.9351414e-001
 1.9420356e-001
 1.9463734e-001
 1.9510469e-001
 1.9567242e-001
 1.9596457e-001
 1.9614726e-001
 1.9657108e-001
 1.9692875e-001
 1.9742361e-001
 1.9782867e-001
 1.9828424e-001
 1.9827206e-001
 1.9843012e-001
 1.9875617e-001
 1.9884211e-001
 1.9835474e-001
 1.9854210e-001
 1.9791301e-001
 1.9701776e-001
 1.9599551e-001
 1.9531399e-001
 1.9494106e-001
 1.9433916e-001
 1.9334170e-001
 1.9212911e-001
 1.9123079e-001
 1.9071166e-001
 1.9121534e-001
 1.9222386e-001
 1.9316290e-001
 1.9421391e-001
 1.9507374e-001
 1.9622663e-001
 1.9740756e-001
 1.9816370e-001
 1.9823098e-001
 1.9673935e-001
 1.9427040e-001
 1.9314221e-001
 1.9303671e-001
 1.9387221e-001
 1.9364057e-001
 1.9382414e-001
 1.9520956e-001
 1.9652826e-001
 1.9732103e-001
 1.9749510e-001
 1.9729148e-001
 1.9698305e-001
 1.9642036e-001
 1.9520247e-001
 1.9191630e-001
 1.8540166e-001
 1.8045142e-001
 1.7778665e-001
 1.7175952e-001
 1.6660957e-001
 1.6240481e-001
 1.5568352e-001
 1.4566427e-001
 1.3457480e-001
 1.3183175e-001
 1.4118944e-001
 1.5637206e-001
 1.6637900e-001
 1.6658361e-001
 1.6016647e-001
 1.5792651e-001
 1.5779699e-001
 1.5510261e-001
 1.5139328e-001
 1.4941280e-001
 1.4907520e-001
 1.4572711e-001
 1.4492851e-001
 1.4849457e-001
 1.4823955e-001
 1.4315093e-001
 1.3866836e-001
 1.3619135e-001
