s07_AV97 Record=550: Bastnaesite_REE WS320 crystl ASDFRb AREF
 1.8623935e-001
 1.9064768e-001
 1.9680217e-001
 2.0370075e-001
 2.1305683e-001
 2.2269006e-001
 2.3165749e-001
 2.2973357e-001
 2.3317546e-001
 2.4317954e-001
 2.3796050e-001
 2.6186386e-001
 2.8531906e-001
 2.9803345e-001
 2.5121185e-001
 2.3407058e-001
 2.7148822e-001
 3.2343975e-001
 3.4994537e-001
 3.5154381e-001
 2.8173313e-001
 1.7725663e-001
 2.2662963e-001
 3.1707713e-001
 3.9215675e-001
 4.0694258e-001
 3.9302680e-001
 4.0737298e-001
 4.2127752e-001
 4.2614996e-001
 4.1307345e-001
 3.3992302e-001
 4.1895893e-001
 3.4983638e-001
 3.6462036e-001
 4.0544847e-001
 4.4358400e-001
 4.3287703e-001
 3.7970376e-001
 2.2180428e-001
 1.6182123e-001
 2.2077370e-001
 3.2066309e-001
 3.9123237e-001
 3.3336118e-001
 2.1247771e-001
 1.4820763e-001
 2.2143938e-001
 3.1188977e-001
 4.1942605e-001
 4.5914683e-001
 4.2569107e-001
 3.5203433e-001
 2.0512523e-001
 3.1079677e-001
 3.3454552e-001
 3.4766608e-001
 4.3894395e-001
 4.9400803e-001
 5.0564551e-001
 5.0996941e-001
 5.0587982e-001
 4.8718196e-001
 5.0759470e-001
 5.0678730e-001
 5.0549418e-001
 5.0242716e-001
 4.8763415e-001
 4.7581068e-001
 4.6895579e-001
 4.6203020e-001
 4.7510847e-001
 4.8339909e-001
 4.8690554e-001
 4.8565289e-001
 4.7517854e-001
 4.2736834e-001
 3.9388761e-001
 4.6266851e-001
 5.0417322e-001
 5.1813102e-001
 5.2385753e-001
 5.2699739e-001
 5.2812845e-001
 5.2767342e-001
 5.2604741e-001
 5.2452135e-001
 5.2027416e-001
 5.1130497e-001
 5.0047499e-001
 4.8693985e-001
 4.6914828e-001
 4.3300992e-001
 3.5403106e-001
 3.5755515e-001
 4.2339477e-001
 3.4087166e-001
 3.9156875e-001
 4.5199221e-001
 4.8986313e-001
 5.0328171e-001
 5.0908625e-001
 5.1031464e-001
 5.1006013e-001
 5.0551832e-001
 4.9555033e-001
 4.8045227e-001
 4.6230537e-001
 4.4182503e-001
 4.1206476e-001
 3.6547041e-001
 3.1001997e-001
 2.9356605e-001
 2.8348640e-001
 2.5738701e-001
 2.2406156e-001
 2.0229961e-001
 1.9437835e-001
 2.0668392e-001
 2.1542782e-001
 2.0733863e-001
 2.0939243e-001
 2.0990680e-001
 1.9808142e-001
 1.7408802e-001
 1.6122328e-001
 1.6123906e-001
 1.7136195e-001
 1.7477146e-001
 1.7017651e-001
 1.9121265e-001
 1.9991872e-001
 2.0640126e-001
 2.1739942e-001
 2.3092574e-001
 2.4834076e-001
 2.7493921e-001
 2.9639834e-001
 3.1835124e-001
 3.4463370e-001
 3.6367527e-001
 3.5757709e-001
 3.1232393e-001
 3.5113907e-001
 4.0205470e-001
 4.3031785e-001
 4.5243037e-001
 4.5632410e-001
 4.6430314e-001
 4.6890414e-001
 4.6736294e-001
 4.6065521e-001
 4.5010135e-001
 4.4180569e-001
 4.3827257e-001
 4.3051103e-001
 4.1828993e-001
 4.0613472e-001
 3.9067471e-001
 3.7111843e-001
 3.7909725e-001
 3.5911328e-001
 3.3996201e-001
 3.1778541e-001
 2.9002428e-001
 2.5876224e-001
 2.2545643e-001
 2.0527859e-001
 1.8630880e-001
 1.7085868e-001
 1.7743835e-001
 2.0366895e-001
 2.3047417e-001
 2.4948883e-001
 2.5732318e-001
 2.5865874e-001
 2.6233062e-001
 2.7198014e-001
 2.8346840e-001
 2.9221720e-001
 2.9644430e-001
 2.9822972e-001
 2.9589015e-001
 2.9236433e-001
 2.8960598e-001
 2.8719473e-001
 2.8413111e-001
 2.8437802e-001
 2.8710350e-001
 2.8966448e-001
 2.8965849e-001
 2.8798437e-001
 2.8464353e-001
 2.7845839e-001
 2.6817065e-001
 2.5497642e-001
 2.3273799e-001
 2.3991483e-001
 2.4540438e-001
 2.3664443e-001
 2.2197430e-001
 2.0809337e-001
 1.8487175e-001
 1.4110173e-001
 1.3222039e-001
 1.2876089e-001
 1.4548248e-001
 1.5424451e-001
 1.5610497e-001
 1.6264002e-001
 1.7901096e-001
 1.9205318e-001
 1.9809327e-001
 2.0080194e-001
 1.9749521e-001
 1.9034806e-001
 1.8014443e-001
 1.7288916e-001
 1.6304818e-001
 1.5106121e-001
 1.3754153e-001
 1.2788367e-001
 1.1282340e-001
-1.2300000e+034
