s07_AV97 Record=1707: Jarosite GDS98 K 90C Syn     NIC4aa RREF
-1.2300000e+034
-1.2300000e+034
-1.2300000e+034
-1.2300000e+034
-1.2300000e+034
-1.2300000e+034
-1.2300000e+034
-1.2300000e+034
-1.2300000e+034
-1.2300000e+034
-1.2300000e+034
-1.2300000e+034
-1.2300000e+034
-1.2300000e+034
-1.2300000e+034
-1.2300000e+034
-1.2300000e+034
-1.2300000e+034
-1.2300000e+034
-1.2300000e+034
-1.2300000e+034
-1.2300000e+034
-1.2300000e+034
-1.2300000e+034
-1.2300000e+034
-1.2300000e+034
-1.2300000e+034
-1.2300000e+034
-1.2300000e+034
-1.2300000e+034
-1.2300000e+034
-1.2300000e+034
-1.2300000e+034
-1.2300000e+034
-1.2300000e+034
-1.2300000e+034
-1.2300000e+034
-1.2300000e+034
-1.2300000e+034
-1.2300000e+034
-1.2300000e+034
-1.2300000e+034
-1.2300000e+034
-1.2300000e+034
-1.2300000e+034
-1.2300000e+034
-1.2300000e+034
-1.2300000e+034
-1.2300000e+034
-1.2300000e+034
-1.2300000e+034
-1.2300000e+034
-1.2300000e+034
-1.2300000e+034
-1.2300000e+034
-1.2300000e+034
-1.2300000e+034
-1.2300000e+034
-1.2300000e+034
-1.2300000e+034
-1.2300000e+034
-1.2300000e+034
-1.2300000e+034
-1.2300000e+034
-1.2300000e+034
-1.2300000e+034
-1.2300000e+034
-1.2300000e+034
-1.2300000e+034
-1.2300000e+034
-1.2300000e+034
-1.2300000e+034
-1.2300000e+034
-1.2300000e+034
-1.2300000e+034
-1.2300000e+034
-1.2300000e+034
-1.2300000e+034
-1.2300000e+034
-1.2300000e+034
-1.2300000e+034
-1.2300000e+034
-1.2300000e+034
-1.2300000e+034
-1.2300000e+034
-1.2300000e+034
-1.2300000e+034
-1.2300000e+034
-1.2300000e+034
-1.2300000e+034
-1.2300000e+034
-1.2300000e+034
-1.2300000e+034
-1.2300000e+034
-1.2300000e+034
-1.2300000e+034
-1.2300000e+034
-1.2300000e+034
-1.2300000e+034
-1.2300000e+034
-1.2300000e+034
-1.2300000e+034
-1.2300000e+034
-1.2300000e+034
-1.2300000e+034
-1.2300000e+034
-1.2300000e+034
-1.2300000e+034
-1.2300000e+034
-1.2300000e+034
-1.2300000e+034
-1.2300000e+034
-1.2300000e+034
-1.2300000e+034
-1.2300000e+034
 7.3942178e-001
 7.2090298e-001
 7.0184934e-001
 6.9510710e-001
 6.9819552e-001
 7.0251560e-001
 7.0794994e-001
 7.1384794e-001
 7.2031063e-001
 7.2738546e-001
 7.3476505e-001
 7.4135911e-001
 7.4769133e-001
 7.5326103e-001
 7.5786746e-001
 7.6152331e-001
 7.6509511e-001
 7.6831198e-001
 7.7148223e-001
 7.7427143e-001
 7.7637488e-001
 7.7746040e-001
 7.7815777e-001
 7.7923197e-001
 7.8027040e-001
 7.8169322e-001
 7.8261191e-001
 7.8256971e-001
 7.8201866e-001
 7.8070426e-001
 7.7950656e-001
 7.7829146e-001
 7.7690166e-001
 7.7566671e-001
 7.7414101e-001
 7.7190405e-001
 7.6887208e-001
 7.6461053e-001
 7.5913250e-001
 7.4870533e-001
 7.3026139e-001
 7.1760201e-001
 7.2203088e-001
 7.2972250e-001
 7.1978712e-001
 7.2543132e-001
 7.0122015e-001
 6.7046696e-001
 6.4210647e-001
 6.2185705e-001
 6.1056370e-001
 6.0617483e-001
 6.0460734e-001
 6.0311681e-001
 6.0289103e-001
 6.0435104e-001
 6.0713971e-001
 6.1021793e-001
 6.1327165e-001
 6.1623371e-001
 6.1872947e-001
 6.2119502e-001
 6.2364143e-001
 6.2619704e-001
 6.2821090e-001
 6.3018042e-001
 6.3203889e-001
 6.3383371e-001
 6.3540494e-001
 6.3652068e-001
 6.3663679e-001
 6.3561225e-001
 6.3308036e-001
 6.2961513e-001
 6.2550592e-001
 6.1973232e-001
 6.1303598e-001
 6.0646099e-001
 6.0063678e-001
 5.9474176e-001
 5.8784306e-001
 5.7672250e-001
 5.5590510e-001
 5.3408122e-001
 5.2879816e-001
 5.3996468e-001
 5.5809140e-001
 5.7564318e-001
 5.8879203e-001
 5.9625918e-001
 5.9764254e-001
 5.9382546e-001
 5.8742642e-001
 5.7818067e-001
 5.6653577e-001
 5.5317229e-001
 5.3903681e-001
 5.2508968e-001
 5.1189977e-001
 4.9987561e-001
 4.8707980e-001
 4.7263876e-001
 4.5724565e-001
 4.4247416e-001
 4.3004921e-001
 4.1970366e-001
 4.0984049e-001
 4.0079847e-001
 3.9562634e-001
