s07_AV97 Record=1549: Hornblende HS177.6           ASDFRc AREF
 7.0337452e-002
 7.3923819e-002
 7.6150149e-002
 7.7767022e-002
 7.9052441e-002
 8.0721535e-002
 8.2368873e-002
 8.3979830e-002
 8.5044742e-002
 8.6498730e-002
 8.7974198e-002
 8.9403883e-002
 9.0726778e-002
 9.2061348e-002
 9.3313813e-002
 9.4663955e-002
 9.5918119e-002
 9.6881039e-002
 9.7778760e-002
 9.8615728e-002
 9.9409088e-002
 9.9901289e-002
 1.0013994e-001
 1.0042998e-001
 1.0127033e-001
 1.0128983e-001
 1.0143729e-001
 1.0147121e-001
 1.0126114e-001
 1.0130841e-001
 1.0136688e-001
 1.0137739e-001
 1.0134811e-001
 1.0140257e-001
 1.0138661e-001
 1.0140254e-001
 1.0151689e-001
 1.0153675e-001
 1.0160449e-001
 1.0193494e-001
 1.0210101e-001
 1.0228476e-001
 1.0240487e-001
 1.0250241e-001
 1.0263199e-001
 1.0250822e-001
 1.0241364e-001
 1.0226682e-001
 1.0208809e-001
 1.0158119e-001
 1.0103762e-001
 1.0056265e-001
 1.0014733e-001
 9.9923760e-002
 9.9466056e-002
 9.9044003e-002
 9.8515175e-002
 9.8217256e-002
 9.7873114e-002
 9.7608596e-002
 9.7414665e-002
 9.7199723e-002
 9.6996106e-002
 9.6407600e-002
 9.6244499e-002
 9.6191488e-002
 9.5937856e-002
 9.5536552e-002
 9.5013328e-002
 9.3772762e-002
 9.4761439e-002
 9.4641365e-002
 9.4500020e-002
 9.5106676e-002
 9.5302418e-002
 9.6207976e-002
 9.6546091e-002
 9.6964307e-002
 9.7182855e-002
 9.7432874e-002
 9.7213276e-002
 9.7122401e-002
 9.7590253e-002
 9.7634189e-002
 9.7311981e-002
 9.7618043e-002
 9.7802363e-002
 9.7922832e-002
 9.8172121e-002
 9.8465413e-002
 9.8874122e-002
 9.9500254e-002
 9.9671364e-002
 9.9793240e-002
 1.0022153e-001
 1.0068669e-001
 9.9878378e-002
 1.0047083e-001
 1.0083936e-001
 1.0077911e-001
 1.0078052e-001
 1.0050511e-001
 1.0064474e-001
 1.0080488e-001
 1.0106815e-001
 1.0121953e-001
 1.0133871e-001
 1.0138506e-001
 1.0127702e-001
 1.0072316e-001
 1.0003421e-001
 1.0027631e-001
 1.0119813e-001
 1.0180186e-001
 1.0196844e-001
 1.0222832e-001
 1.0253388e-001
 1.0290910e-001
 1.0340419e-001
 1.0355259e-001
 1.0381337e-001
 1.0424853e-001
 1.0427314e-001
 1.0440925e-001
 1.0480873e-001
 1.0525408e-001
 1.0560092e-001
 1.0607722e-001
 1.0653965e-001
 1.0706602e-001
 1.0758538e-001
 1.0803509e-001
 1.0837259e-001
 1.0892561e-001
 1.0935843e-001
 1.0976378e-001
 1.0996643e-001
 1.1031896e-001
 1.1047511e-001
 1.1048130e-001
 1.1061300e-001
 1.1092858e-001
 1.1119984e-001
 1.1140943e-001
 1.1150702e-001
 1.1166608e-001
 1.1184348e-001
 1.1157484e-001
 1.1149122e-001
 1.1119326e-001
 1.1067128e-001
 1.1031910e-001
 1.1040720e-001
 1.1059135e-001
 1.1085166e-001
 1.1044233e-001
 1.0988262e-001
 1.0953906e-001
 1.0942264e-001
 1.0935438e-001
 1.0942063e-001
 1.0925005e-001
 1.0926285e-001
 1.0895865e-001
 1.0874203e-001
 1.0837936e-001
 1.0825196e-001
 1.0812017e-001
 1.0768574e-001
 1.0687419e-001
 1.0617508e-001
 1.0542138e-001
 1.0457952e-001
 1.0397561e-001
 1.0316437e-001
 1.0240857e-001
 1.0217020e-001
 1.0205279e-001
 1.0167999e-001
 1.0095321e-001
 1.0014317e-001
 9.9454828e-002
 9.8727413e-002
 9.8159023e-002
 9.7247958e-002
 9.6624635e-002
 9.5996089e-002
 9.5883213e-002
 9.5631488e-002
 9.5293604e-002
 9.4778076e-002
 9.4271049e-002
 9.3726426e-002
 9.3370102e-002
 9.2758358e-002
 9.2265233e-002
 9.1200449e-002
 8.9627586e-002
 8.8949792e-002
 8.9116059e-002
 8.7945454e-002
 8.5544005e-002
 8.2543038e-002
 8.0675490e-002
 7.9681240e-002
 8.0015719e-002
 8.0605544e-002
 8.1647128e-002
 8.2852989e-002
 8.2259327e-002
 8.0572188e-002
 7.9200551e-002
 7.9611696e-002
 8.0547743e-002
 8.1689887e-002
 8.2201406e-002
 8.2251459e-002
 8.2237333e-002
 8.2419530e-002
 8.0814280e-002
 8.0710374e-002
 8.0699787e-002
 8.1210032e-002
-1.2300000e+034
