s07_AV97 Record=1699: Jarosite GDS24 Na           NIC4bbb RREF
-1.2300000e+034
-1.2300000e+034
-1.2300000e+034
-1.2300000e+034
-1.2300000e+034
-1.2300000e+034
-1.2300000e+034
-1.2300000e+034
-1.2300000e+034
-1.2300000e+034
-1.2300000e+034
-1.2300000e+034
-1.2300000e+034
-1.2300000e+034
-1.2300000e+034
-1.2300000e+034
-1.2300000e+034
-1.2300000e+034
-1.2300000e+034
-1.2300000e+034
-1.2300000e+034
-1.2300000e+034
-1.2300000e+034
-1.2300000e+034
-1.2300000e+034
-1.2300000e+034
-1.2300000e+034
-1.2300000e+034
-1.2300000e+034
-1.2300000e+034
-1.2300000e+034
-1.2300000e+034
-1.2300000e+034
-1.2300000e+034
-1.2300000e+034
-1.2300000e+034
-1.2300000e+034
-1.2300000e+034
-1.2300000e+034
-1.2300000e+034
-1.2300000e+034
-1.2300000e+034
-1.2300000e+034
-1.2300000e+034
-1.2300000e+034
-1.2300000e+034
-1.2300000e+034
-1.2300000e+034
-1.2300000e+034
-1.2300000e+034
-1.2300000e+034
-1.2300000e+034
-1.2300000e+034
-1.2300000e+034
-1.2300000e+034
-1.2300000e+034
-1.2300000e+034
-1.2300000e+034
-1.2300000e+034
-1.2300000e+034
-1.2300000e+034
-1.2300000e+034
-1.2300000e+034
-1.2300000e+034
-1.2300000e+034
-1.2300000e+034
-1.2300000e+034
-1.2300000e+034
-1.2300000e+034
-1.2300000e+034
-1.2300000e+034
-1.2300000e+034
-1.2300000e+034
-1.2300000e+034
-1.2300000e+034
-1.2300000e+034
-1.2300000e+034
-1.2300000e+034
-1.2300000e+034
-1.2300000e+034
-1.2300000e+034
-1.2300000e+034
-1.2300000e+034
-1.2300000e+034
-1.2300000e+034
-1.2300000e+034
-1.2300000e+034
-1.2300000e+034
-1.2300000e+034
-1.2300000e+034
-1.2300000e+034
-1.2300000e+034
-1.2300000e+034
-1.2300000e+034
-1.2300000e+034
-1.2300000e+034
-1.2300000e+034
-1.2300000e+034
-1.2300000e+034
-1.2300000e+034
-1.2300000e+034
-1.2300000e+034
-1.2300000e+034
-1.2300000e+034
-1.2300000e+034
-1.2300000e+034
-1.2300000e+034
-1.2300000e+034
-1.2300000e+034
-1.2300000e+034
-1.2300000e+034
-1.2300000e+034
-1.2300000e+034
-1.2300000e+034
 5.0537902e-001
 5.0039268e-001
 4.8858130e-001
 4.6444130e-001
 4.3815833e-001
 4.4953302e-001
 4.7938901e-001
 4.8791158e-001
 4.9035352e-001
 4.9102786e-001
 4.9261090e-001
 4.9650261e-001
 5.0189573e-001
 5.0938034e-001
 5.1683599e-001
 5.2467066e-001
 5.3183305e-001
 5.3876561e-001
 5.4522407e-001
 5.5156869e-001
 5.5734617e-001
 5.6257451e-001
 5.6725305e-001
 5.7187241e-001
 5.7663184e-001
 5.8128524e-001
 5.8570170e-001
 5.8928645e-001
 5.9226096e-001
 5.9445578e-001
 5.9589452e-001
 5.9679145e-001
 5.9725833e-001
 5.9691101e-001
 5.9637666e-001
 5.9558624e-001
 5.9362686e-001
 5.8904046e-001
 5.8036536e-001
 5.6970483e-001
 5.4616702e-001
 5.0954556e-001
 5.0727427e-001
 5.2270693e-001
 5.5621654e-001
 5.8462751e-001
 5.7758909e-001
 5.9196621e-001
 5.9451622e-001
 5.9222960e-001
 5.8817536e-001
 5.8365375e-001
 5.8140129e-001
 5.8187586e-001
 5.8094954e-001
 5.7970887e-001
 5.7904148e-001
 5.7746404e-001
 5.7474506e-001
 5.7269269e-001
 5.7078612e-001
 5.6660581e-001
 5.6022358e-001
 5.5452001e-001
 5.5013311e-001
 5.4617751e-001
 5.4323268e-001
 5.4142427e-001
 5.3910160e-001
 5.3455120e-001
 5.2884096e-001
 5.2325797e-001
 5.1741987e-001
 5.1161915e-001
 5.0658411e-001
 5.0241727e-001
 4.9705741e-001
 4.8802510e-001
 4.7740567e-001
 4.6548045e-001
 4.5137793e-001
 4.4080698e-001
 4.3543267e-001
 4.2275023e-001
 3.8948882e-001
 3.7130064e-001
 3.8941658e-001
 4.3127966e-001
 4.5691210e-001
 4.6932968e-001
 4.9898306e-001
 5.1515841e-001
 5.1997399e-001
 5.1807940e-001
 5.0983047e-001
 4.9618104e-001
 4.7731483e-001
 4.5206425e-001
 4.2424208e-001
 4.0487829e-001
 3.9833200e-001
 3.9935198e-001
 3.9778376e-001
 3.8370129e-001
 3.6574972e-001
 3.6301082e-001
 3.6907706e-001
 3.7023950e-001
 3.5935974e-001
 3.3128971e-001
