s07_AV97 Record=1776: Kaolinite CM5                 BECKb AREF
 4.2925715e-001
 4.8174584e-001
 5.2631897e-001
 5.6163466e-001
 5.9042591e-001
 6.1577874e-001
 6.3884687e-001
 6.5957028e-001
 6.7579389e-001
 6.8897933e-001
 7.0136201e-001
 7.1267617e-001
 7.2310388e-001
 7.3351276e-001
 7.4421859e-001
 7.5392556e-001
 7.6347339e-001
 7.7243602e-001
 7.7946341e-001
 7.8579354e-001
 7.9168373e-001
 7.9819614e-001
 8.0469626e-001
 8.1133205e-001
 8.1690502e-001
 8.2196647e-001
 8.2707888e-001
 8.3207160e-001
 8.3640021e-001
 8.4106183e-001
 8.4672499e-001
 8.5043603e-001
 8.4601068e-001
 8.4957254e-001
 8.5368931e-001
 8.5809582e-001
 8.6168605e-001
 8.6585945e-001
 8.6818105e-001
 8.7252486e-001
 8.7421656e-001
 8.7689769e-001
 8.7918419e-001
 8.7996256e-001
 8.8279837e-001
 8.8428521e-001
 8.8501108e-001
 8.8758022e-001
 8.9072919e-001
 8.9330167e-001
 8.8985366e-001
 8.9306557e-001
 8.9638489e-001
 8.9778060e-001
 9.0137821e-001
 9.0259832e-001
 9.0041620e-001
 8.9884728e-001
 8.9705265e-001
 9.0010297e-001
 8.9865869e-001
 8.9398748e-001
 8.8624251e-001
 8.8413328e-001
 8.8824362e-001
 8.9746130e-001
 9.0069443e-001
 9.0194911e-001
 9.0296358e-001
 9.0434808e-001
 9.0454143e-001
 9.0331608e-001
 9.0082586e-001
 9.0214908e-001
 9.0200818e-001
 9.0150994e-001
 9.0231967e-001
 9.0147883e-001
 9.0186667e-001
 9.0014732e-001
 9.0004510e-001
 9.0063357e-001
 9.0171999e-001
 9.0116382e-001
 8.9947504e-001
 8.9968318e-001
 9.0117043e-001
 9.0051162e-001
 8.9804995e-001
 8.9668345e-001
 8.9157516e-001
 8.8711292e-001
 8.8160551e-001
 8.8491547e-001
 8.8927758e-001
 8.8893557e-001
 8.8686913e-001
 8.8913083e-001
 8.8688409e-001
 8.7726223e-001
 8.6318398e-001
 8.5114717e-001
 8.4374410e-001
 8.3574802e-001
 8.3072203e-001
 8.2436448e-001
 7.9524010e-001
 7.7991080e-001
 7.6048172e-001
 6.9901675e-001
 6.3631737e-001
 6.4040911e-001
 6.2062192e-001
 7.5686389e-001
 8.2916415e-001
 8.5127425e-001
 8.6221713e-001
 8.6889583e-001
 8.7210238e-001
 8.7620831e-001
 8.7774044e-001
 8.8226700e-001
 8.8431102e-001
 8.8860261e-001
 8.8851154e-001
 8.8822442e-001
 8.9003199e-001
 8.9195073e-001
 8.8713586e-001
 8.9078867e-001
 8.8922334e-001
 8.9017552e-001
 8.8995600e-001
 8.8899362e-001
 8.8924527e-001
 8.8731396e-001
 8.8563347e-001
 8.8694388e-001
 8.8502717e-001
 8.8250571e-001
 8.7960708e-001
 8.8158756e-001
 8.7763667e-001
 8.7461513e-001
 8.7222964e-001
 8.6844134e-001
 8.6564153e-001
 8.6376637e-001
 8.5899818e-001
 8.4986293e-001
 8.4045160e-001
 8.3763558e-001
 8.3196467e-001
 8.2830822e-001
 8.3442765e-001
 8.2871395e-001
 8.3625382e-001
 8.4115803e-001
 8.3501732e-001
 8.1957674e-001
 8.2578915e-001
 8.0681264e-001
 7.8966343e-001
 7.7054769e-001
 7.6211399e-001
 7.6832670e-001
 7.7061528e-001
 7.6960355e-001
 7.7351075e-001
 7.7677959e-001
 7.7962756e-001
 7.7522665e-001
 7.7307057e-001
 7.8020668e-001
 7.7283412e-001
 7.7076066e-001
 7.6663381e-001
 7.5925034e-001
 7.5011081e-001
 7.3755640e-001
 7.2208875e-001
 7.1210629e-001
 7.0366770e-001
 6.8768239e-001
 6.7020899e-001
 6.5694344e-001
 6.1535114e-001
 5.3956068e-001
 4.8137385e-001
 4.7416130e-001
 4.7154191e-001
 4.6827132e-001
 4.2604542e-001
 3.9747807e-001
 5.0287157e-001
 5.8273494e-001
 5.8718079e-001
 5.8270752e-001
 5.7903612e-001
 5.6722987e-001
 5.5307955e-001
 5.3351599e-001
 5.1415950e-001
 4.9673253e-001
 4.9099681e-001
 4.8889938e-001
 4.8823854e-001
 4.7198638e-001
 4.6050307e-001
 4.5890981e-001
 4.3566552e-001
 4.3258330e-001
 4.4671124e-001
 4.5357040e-001
 4.4750917e-001
 4.3336222e-001
 4.1648018e-001
 4.0181592e-001
 3.9121768e-001
 3.8121265e-001
 3.7215981e-001
 3.6399367e-001
 3.5682398e-001
 3.5065240e-001
