s07_AV97 Record=2621: Pigeonite HS199.4B           ASDFRd AREF
 9.2571452e-002
 9.7167760e-002
 1.0167702e-001
 1.0500148e-001
 1.0751282e-001
 1.0961127e-001
 1.1187412e-001
 1.1396454e-001
 1.1576451e-001
 1.1734030e-001
 1.1872517e-001
 1.1994874e-001
 1.2101140e-001
 1.2208305e-001
 1.2303457e-001
 1.2452109e-001
 1.2570579e-001
 1.2642428e-001
 1.2688477e-001
 1.2734136e-001
 1.2773466e-001
 1.2780643e-001
 1.2779599e-001
 1.2779027e-001
 1.2762754e-001
 1.2761046e-001
 1.2746733e-001
 1.2730996e-001
 1.2724596e-001
 1.2716603e-001
 1.2715903e-001
 1.2717341e-001
 1.2715521e-001
 1.2716945e-001
 1.2718436e-001
 1.2726359e-001
 1.2732333e-001
 1.2742130e-001
 1.2750615e-001
 1.2754746e-001
 1.2756246e-001
 1.2753925e-001
 1.2742208e-001
 1.2720817e-001
 1.2683460e-001
 1.2633194e-001
 1.2564290e-001
 1.2482547e-001
 1.2384297e-001
 1.2277737e-001
 1.2168895e-001
 1.2054963e-001
 1.1939064e-001
 1.1830256e-001
 1.1729962e-001
 1.1633792e-001
 1.1546677e-001
 1.1465631e-001
 1.1399330e-001
 1.1339351e-001
 1.1282977e-001
 1.1241303e-001
 1.1202963e-001
 1.1166584e-001
 1.1138520e-001
 1.1114003e-001
 1.1095680e-001
 1.1071658e-001
 1.1050647e-001
 1.0963718e-001
 1.1095107e-001
 1.1022615e-001
 1.1010715e-001
 1.1045888e-001
 1.1044194e-001
 1.1126140e-001
 1.1160944e-001
 1.1249236e-001
 1.1345623e-001
 1.1364961e-001
 1.1449323e-001
 1.1464383e-001
 1.1530282e-001
 1.1600409e-001
 1.1647972e-001
 1.1704761e-001
 1.1745173e-001
 1.1773397e-001
 1.1800164e-001
 1.1852328e-001
 1.1893880e-001
 1.1982644e-001
 1.2028179e-001
 1.2095440e-001
 1.2139606e-001
 1.2186670e-001
 1.2093484e-001
 1.2167524e-001
 1.2235541e-001
 1.2294888e-001
 1.2350158e-001
 1.2414287e-001
 1.2505908e-001
 1.2572366e-001
 1.2638648e-001
 1.2715013e-001
 1.2785962e-001
 1.2898086e-001
 1.2958510e-001
 1.2968297e-001
 1.2882949e-001
 1.2759522e-001
 1.2791647e-001
 1.3040823e-001
 1.3194863e-001
 1.3269952e-001
 1.3320027e-001
 1.3358758e-001
 1.3368854e-001
 1.3388070e-001
 1.3470598e-001
 1.3526420e-001
 1.3558680e-001
 1.3561653e-001
 1.3561434e-001
 1.3567881e-001
 1.3574657e-001
 1.3567108e-001
 1.3541752e-001
 1.3524404e-001
 1.3497961e-001
 1.3459972e-001
 1.3414027e-001
 1.3394418e-001
 1.3354848e-001
 1.3298333e-001
 1.3246529e-001
 1.3206881e-001
 1.3164327e-001
 1.3117538e-001
 1.3060336e-001
 1.3017048e-001
 1.2983570e-001
 1.2912640e-001
 1.2864469e-001
 1.2799928e-001
 1.2764820e-001
 1.2697129e-001
 1.2660265e-001
 1.2632355e-001
 1.2572660e-001
 1.2530257e-001
 1.2523676e-001
 1.2475595e-001
 1.2447093e-001
 1.2445657e-001
 1.2385099e-001
 1.2370162e-001
 1.2321910e-001
 1.2240438e-001
 1.2279093e-001
 1.2173850e-001
 1.2064433e-001
 1.1938367e-001
 1.1855221e-001
 1.1848073e-001
 1.1851875e-001
 1.1860022e-001
 1.1865305e-001
 1.1847814e-001
 1.1855531e-001
 1.1847252e-001
 1.1870730e-001
 1.1876298e-001
 1.1913226e-001
 1.1934119e-001
 1.1935934e-001
 1.1944208e-001
 1.1986643e-001
 1.1996598e-001
 1.1990570e-001
 1.2002186e-001
 1.2000060e-001
 1.1990287e-001
 1.1986581e-001
 1.1966823e-001
 1.1960866e-001
 1.1950368e-001
 1.1933416e-001
 1.1872967e-001
 1.1743168e-001
 1.1594176e-001
 1.1476149e-001
 1.1509962e-001
 1.1594089e-001
 1.1658352e-001
 1.1717610e-001
 1.1781068e-001
 1.1791787e-001
 1.1846674e-001
 1.1853801e-001
 1.1852472e-001
 1.1794875e-001
 1.1706545e-001
 1.1587905e-001
 1.1371998e-001
 1.1286743e-001
 1.1192805e-001
 1.1268043e-001
 1.1497047e-001
 1.1620823e-001
 1.1668187e-001
 1.1665208e-001
 1.1783998e-001
 1.1831767e-001
 1.1861129e-001
 1.1890374e-001
 1.1853208e-001
 1.1777984e-001
 1.1990289e-001
 1.1839011e-001
 1.1893745e-001
 1.2008650e-001
-1.2300000e+034
