s07_AV97 Record=1750: Jarosite SJ-1 H3O 10-20%     NIC4bb RREF
-1.2300000e+034
-1.2300000e+034
-1.2300000e+034
-1.2300000e+034
-1.2300000e+034
-1.2300000e+034
-1.2300000e+034
-1.2300000e+034
-1.2300000e+034
-1.2300000e+034
-1.2300000e+034
-1.2300000e+034
-1.2300000e+034
-1.2300000e+034
-1.2300000e+034
-1.2300000e+034
-1.2300000e+034
-1.2300000e+034
-1.2300000e+034
-1.2300000e+034
-1.2300000e+034
-1.2300000e+034
-1.2300000e+034
-1.2300000e+034
-1.2300000e+034
-1.2300000e+034
-1.2300000e+034
-1.2300000e+034
-1.2300000e+034
-1.2300000e+034
-1.2300000e+034
-1.2300000e+034
-1.2300000e+034
-1.2300000e+034
-1.2300000e+034
-1.2300000e+034
-1.2300000e+034
-1.2300000e+034
-1.2300000e+034
-1.2300000e+034
-1.2300000e+034
-1.2300000e+034
-1.2300000e+034
-1.2300000e+034
-1.2300000e+034
-1.2300000e+034
-1.2300000e+034
-1.2300000e+034
-1.2300000e+034
-1.2300000e+034
-1.2300000e+034
-1.2300000e+034
-1.2300000e+034
-1.2300000e+034
-1.2300000e+034
-1.2300000e+034
-1.2300000e+034
-1.2300000e+034
-1.2300000e+034
-1.2300000e+034
-1.2300000e+034
-1.2300000e+034
-1.2300000e+034
-1.2300000e+034
-1.2300000e+034
-1.2300000e+034
-1.2300000e+034
-1.2300000e+034
-1.2300000e+034
-1.2300000e+034
-1.2300000e+034
-1.2300000e+034
-1.2300000e+034
-1.2300000e+034
-1.2300000e+034
-1.2300000e+034
-1.2300000e+034
-1.2300000e+034
-1.2300000e+034
-1.2300000e+034
-1.2300000e+034
-1.2300000e+034
-1.2300000e+034
-1.2300000e+034
-1.2300000e+034
-1.2300000e+034
-1.2300000e+034
-1.2300000e+034
-1.2300000e+034
-1.2300000e+034
-1.2300000e+034
-1.2300000e+034
-1.2300000e+034
-1.2300000e+034
-1.2300000e+034
-1.2300000e+034
-1.2300000e+034
-1.2300000e+034
-1.2300000e+034
-1.2300000e+034
-1.2300000e+034
-1.2300000e+034
-1.2300000e+034
-1.2300000e+034
-1.2300000e+034
-1.2300000e+034
-1.2300000e+034
-1.2300000e+034
-1.2300000e+034
-1.2300000e+034
-1.2300000e+034
 4.2694390e-001
 4.1502234e-001
 4.0274894e-001
 3.9180866e-001
 3.8172805e-001
 3.6884144e-001
 3.5527176e-001
 3.5282758e-001
 3.5758805e-001
 3.6160859e-001
 3.6639190e-001
 3.7179211e-001
 3.7842792e-001
 3.8549030e-001
 3.9220974e-001
 3.9817092e-001
 4.0368637e-001
 4.0908617e-001
 4.1455972e-001
 4.1945088e-001
 4.2351305e-001
 4.2691204e-001
 4.2994842e-001
 4.3297315e-001
 4.3604344e-001
 4.3899640e-001
 4.4175273e-001
 4.4389468e-001
 4.4568267e-001
 4.4727749e-001
 4.4861802e-001
 4.4998378e-001
 4.5138088e-001
 4.5255989e-001
 4.5337203e-001
 4.5356727e-001
 4.5346639e-001
 4.5311949e-001
 4.5261630e-001
 4.5212787e-001
 4.5133939e-001
 4.4981930e-001
 4.4699532e-001
 4.3967915e-001
 4.2504808e-001
 4.1599089e-001
 4.2142528e-001
 4.3328619e-001
 4.3660229e-001
 4.3692714e-001
 4.3045735e-001
 4.1389021e-001
 3.9397031e-001
 3.7622142e-001
 3.6251363e-001
 3.5418877e-001
 3.4853905e-001
 3.4308299e-001
 3.4003133e-001
 3.4066451e-001
 3.4392005e-001
 3.4834182e-001
 3.5279724e-001
 3.5686234e-001
 3.6013031e-001
 3.6289027e-001
 3.6538744e-001
 3.6778471e-001
 3.6999741e-001
 3.7231556e-001
 3.7472579e-001
 3.7708741e-001
 3.7910461e-001
 3.8050875e-001
 3.8082257e-001
 3.8016281e-001
 3.7841803e-001
 3.7587067e-001
 3.7242761e-001
 3.6789542e-001
 3.6227676e-001
 3.5676363e-001
 3.5245520e-001
 3.4945071e-001
 3.4508908e-001
 3.3675978e-001
 3.2259732e-001
 3.0568886e-001
 3.0195975e-001
 3.1315994e-001
 3.3018950e-001
 3.4274918e-001
 3.5357597e-001
 3.5909361e-001
 3.5944337e-001
 3.5634837e-001
 3.5072914e-001
 3.4326425e-001
 3.3413011e-001
 3.2346842e-001
 3.1169981e-001
 3.0000541e-001
 2.8976500e-001
 2.8143287e-001
 2.7315673e-001
 2.6399907e-001
 2.5395483e-001
 2.4468029e-001
 2.3839362e-001
 2.3338988e-001
 2.2756748e-001
 2.2125323e-001
 2.1835965e-001
