s07_AV97 Record=1481: Hematite GDS69.a 150-250u   NIC4bbb RREF
-1.2300000e+034
-1.2300000e+034
-1.2300000e+034
-1.2300000e+034
-1.2300000e+034
-1.2300000e+034
-1.2300000e+034
-1.2300000e+034
-1.2300000e+034
-1.2300000e+034
-1.2300000e+034
-1.2300000e+034
-1.2300000e+034
-1.2300000e+034
-1.2300000e+034
-1.2300000e+034
-1.2300000e+034
-1.2300000e+034
-1.2300000e+034
-1.2300000e+034
-1.2300000e+034
-1.2300000e+034
-1.2300000e+034
-1.2300000e+034
-1.2300000e+034
-1.2300000e+034
-1.2300000e+034
-1.2300000e+034
-1.2300000e+034
-1.2300000e+034
-1.2300000e+034
-1.2300000e+034
-1.2300000e+034
-1.2300000e+034
-1.2300000e+034
-1.2300000e+034
-1.2300000e+034
-1.2300000e+034
-1.2300000e+034
-1.2300000e+034
-1.2300000e+034
-1.2300000e+034
-1.2300000e+034
-1.2300000e+034
-1.2300000e+034
-1.2300000e+034
-1.2300000e+034
-1.2300000e+034
-1.2300000e+034
-1.2300000e+034
-1.2300000e+034
-1.2300000e+034
-1.2300000e+034
-1.2300000e+034
-1.2300000e+034
-1.2300000e+034
-1.2300000e+034
-1.2300000e+034
-1.2300000e+034
-1.2300000e+034
-1.2300000e+034
-1.2300000e+034
-1.2300000e+034
-1.2300000e+034
-1.2300000e+034
-1.2300000e+034
-1.2300000e+034
-1.2300000e+034
-1.2300000e+034
-1.2300000e+034
-1.2300000e+034
-1.2300000e+034
-1.2300000e+034
-1.2300000e+034
-1.2300000e+034
-1.2300000e+034
-1.2300000e+034
-1.2300000e+034
-1.2300000e+034
-1.2300000e+034
-1.2300000e+034
-1.2300000e+034
-1.2300000e+034
-1.2300000e+034
-1.2300000e+034
-1.2300000e+034
-1.2300000e+034
-1.2300000e+034
-1.2300000e+034
-1.2300000e+034
-1.2300000e+034
-1.2300000e+034
-1.2300000e+034
-1.2300000e+034
-1.2300000e+034
-1.2300000e+034
-1.2300000e+034
-1.2300000e+034
-1.2300000e+034
-1.2300000e+034
-1.2300000e+034
-1.2300000e+034
-1.2300000e+034
-1.2300000e+034
-1.2300000e+034
-1.2300000e+034
-1.2300000e+034
-1.2300000e+034
-1.2300000e+034
-1.2300000e+034
-1.2300000e+034
-1.2300000e+034
 1.0877330e-001
 1.0850696e-001
 1.0852905e-001
 1.0848785e-001
 1.0824309e-001
 1.0800736e-001
 1.0796960e-001
 1.0820762e-001
 1.0835440e-001
 1.0862485e-001
 1.0876466e-001
 1.0892250e-001
 1.0927476e-001
 1.0970611e-001
 1.1035245e-001
 1.1097857e-001
 1.1144914e-001
 1.1166361e-001
 1.1198354e-001
 1.1253844e-001
 1.1322529e-001
 1.1394317e-001
 1.1451557e-001
 1.1489603e-001
 1.1515839e-001
 1.1552744e-001
 1.1613756e-001
 1.1675312e-001
 1.1743143e-001
 1.1802533e-001
 1.1839315e-001
 1.1858880e-001
 1.1899126e-001
 1.1949419e-001
 1.2010501e-001
 1.2076224e-001
 1.2137932e-001
 1.2184841e-001
 1.2217957e-001
 1.2239230e-001
 1.2268264e-001
 1.2313972e-001
 1.2361646e-001
 1.2421434e-001
 1.2488530e-001
 1.2528767e-001
 1.2563993e-001
 1.2578754e-001
 1.2575494e-001
 1.2578599e-001
 1.2587680e-001
 1.2601608e-001
 1.2657739e-001
 1.2732747e-001
 1.2799314e-001
 1.2851489e-001
 1.2888031e-001
 1.2917666e-001
 1.2928337e-001
 1.2955993e-001
 1.2993762e-001
 1.3046168e-001
 1.3105391e-001
 1.3166407e-001
 1.3228130e-001
 1.3284720e-001
 1.3313636e-001
 1.3334289e-001
 1.3354178e-001
 1.3369425e-001
 1.3385496e-001
 1.3427216e-001
 1.3478397e-001
 1.3537943e-001
 1.3584019e-001
 1.3631931e-001
 1.3679285e-001
 1.3712955e-001
 1.3734409e-001
 1.3747001e-001
 1.3748354e-001
 1.3760085e-001
 1.3777722e-001
 1.3803609e-001
 1.3850181e-001
 1.3892210e-001
 1.3931316e-001
 1.3972691e-001
 1.4019270e-001
 1.4046419e-001
 1.4063655e-001
 1.4065985e-001
 1.4103650e-001
 1.4108817e-001
 1.4146516e-001
 1.4181437e-001
 1.4203355e-001
 1.4229506e-001
 1.4259624e-001
 1.4303994e-001
 1.4338724e-001
 1.4392716e-001
 1.4423548e-001
 1.4441669e-001
 1.4460756e-001
 1.4486945e-001
 1.4519788e-001
 1.4547949e-001
 1.4558639e-001
 1.4594552e-001
 1.4598049e-001
 1.4619908e-001
