s07_AV97 Record=2815: Rectorite ISR202 (RAr-1)      BECKd AREF
 1.9223993e-001
 2.0614398e-001
 2.2406851e-001
 2.4187219e-001
 2.5833470e-001
 2.7560565e-001
 2.9579067e-001
 3.1962496e-001
 3.4002873e-001
 3.5196260e-001
 3.5888609e-001
 3.6727202e-001
 3.8069829e-001
 3.9955688e-001
 4.2026508e-001
 4.4249803e-001
 4.6628320e-001
 4.9099267e-001
 5.1502019e-001
 5.3809017e-001
 5.5906129e-001
 5.7612324e-001
 5.8924496e-001
 5.9861201e-001
 6.0529411e-001
 6.1009389e-001
 6.1417347e-001
 6.1762553e-001
 6.2056977e-001
 6.2389475e-001
 6.2723798e-001
 6.3016886e-001
 6.2680763e-001
 6.2936348e-001
 6.3321757e-001
 6.3669866e-001
 6.3852686e-001
 6.4157850e-001
 6.4553481e-001
 6.4855498e-001
 6.5063328e-001
 6.5071905e-001
 6.5373784e-001
 6.5647560e-001
 6.5721816e-001
 6.5831381e-001
 6.5791577e-001
 6.5746868e-001
 6.5807992e-001
 6.5730745e-001
 6.5612245e-001
 6.5732998e-001
 6.5768236e-001
 6.5571696e-001
 6.5591151e-001
 6.5755576e-001
 6.5518689e-001
 6.5638125e-001
 6.5240455e-001
 6.5329295e-001
 6.5503097e-001
 6.5330833e-001
 6.4937150e-001
 6.5038484e-001
 6.5247715e-001
 6.5469939e-001
 6.5632832e-001
 6.5715688e-001
 6.5801054e-001
 6.5766323e-001
 6.6079861e-001
 6.6353512e-001
 6.6405064e-001
 6.6537160e-001
 6.6603172e-001
 6.6590035e-001
 6.6750777e-001
 6.6964275e-001
 6.7107320e-001
 6.7164367e-001
 6.7309576e-001
 6.7308128e-001
 6.7283493e-001
 6.7192197e-001
 6.7214447e-001
 6.7426038e-001
 6.7614150e-001
 6.7803103e-001
 6.7684668e-001
 6.7762631e-001
 6.7807835e-001
 6.7965376e-001
 6.7843550e-001
 6.7887551e-001
 6.8099034e-001
 6.7988157e-001
 6.7983681e-001
 6.8033707e-001
 6.8014616e-001
 6.7931318e-001
 6.7813003e-001
 6.7673934e-001
 6.7478073e-001
 6.7280549e-001
 6.7026341e-001
 6.6757351e-001
 6.6470152e-001
 6.6068316e-001
 6.4935768e-001
 6.2907219e-001
 5.8681613e-001
 5.3498185e-001
 5.3102088e-001
 5.6821007e-001
 5.8965081e-001
 5.9718591e-001
 6.0095048e-001
 5.9929687e-001
 6.0482818e-001
 6.1340648e-001
 6.1693561e-001
 6.2281007e-001
 6.2853628e-001
 6.3206971e-001
 6.3323295e-001
 6.3680053e-001
 6.3863987e-001
 6.4138103e-001
 6.4073771e-001
 6.4115310e-001
 6.4196503e-001
 6.4207613e-001
 6.4197814e-001
 6.4219016e-001
 6.4101028e-001
 6.4044213e-001
 6.4034086e-001
 6.3940495e-001
 6.3835502e-001
 6.3635898e-001
 6.3631886e-001
 6.3669068e-001
 6.3360155e-001
 6.3275194e-001
 6.2899101e-001
 6.3069671e-001
 6.2482166e-001
 6.2128866e-001
 6.1643648e-001
 6.1295873e-001
 6.0959339e-001
 6.0677302e-001
 5.9406614e-001
 5.8760583e-001
 6.0038781e-001
 6.0237598e-001
 5.9487420e-001
 5.8313388e-001
 5.6182837e-001
 5.3215188e-001
 5.4260778e-001
 5.0539893e-001
 4.6330994e-001
 4.3246618e-001
 4.1907638e-001
 4.2347294e-001
 4.3545669e-001
 4.4490775e-001
 4.5249167e-001
 4.5996222e-001
 4.6805680e-001
 4.7564071e-001
 4.8419294e-001
 4.9331984e-001
 5.0186288e-001
 5.0921345e-001
 5.1730323e-001
 5.2252620e-001
 5.2639967e-001
 5.3009105e-001
 5.3129888e-001
 5.3174710e-001
 5.3268576e-001
 5.3400940e-001
 5.3441012e-001
 5.3190160e-001
 5.2471071e-001
 5.1052725e-001
 4.9130565e-001
 4.7051322e-001
 4.5235738e-001
 4.4244277e-001
 4.4660857e-001
 4.6202675e-001
 4.8166052e-001
 4.9749246e-001
 5.0547248e-001
 5.0803578e-001
 5.0556272e-001
 5.0183976e-001
 4.9968591e-001
 4.9303165e-001
 4.8046076e-001
 4.6544263e-001
 4.5702386e-001
 4.5279139e-001
 4.4816446e-001
 4.4433734e-001
 4.4370589e-001
 4.3975943e-001
 4.3594503e-001
 4.3022853e-001
 4.2368451e-001
 4.1194752e-001
 3.9768392e-001
 3.8619980e-001
 3.7737378e-001
 3.6973885e-001
 3.6348838e-001
 3.5724995e-001
 3.5175839e-001
 3.4696335e-001
 3.4280324e-001
 3.3923665e-001
