s07_AV97 Record=709: Carnallite HS430.6           ASDFRa AREF
 6.0601033e-002
 6.4911380e-002
 6.8031579e-002
 7.1515389e-002
 7.4687965e-002
 7.8043133e-002
 8.1723489e-002
 8.5835315e-002
 9.0288401e-002
 9.4799258e-002
 9.9003688e-002
 1.0284514e-001
 1.0661694e-001
 1.1056880e-001
 1.1481117e-001
 1.1922349e-001
 1.2427684e-001
 1.3086365e-001
 1.4024706e-001
 1.5457325e-001
 1.7529887e-001
 1.9964340e-001
 2.2116867e-001
 2.3560631e-001
 2.4514838e-001
 2.5072712e-001
 2.5468659e-001
 2.5775784e-001
 2.6001525e-001
 2.6226002e-001
 2.6434821e-001
 2.6643342e-001
 2.6401249e-001
 2.6603809e-001
 2.6807737e-001
 2.7017549e-001
 2.7212211e-001
 2.7394682e-001
 2.7545533e-001
 2.7666831e-001
 2.7762583e-001
 2.7830145e-001
 2.7878529e-001
 2.7905804e-001
 2.7917427e-001
 2.7915502e-001
 2.7911553e-001
 2.7898151e-001
 2.7886608e-001
 2.7874345e-001
 2.7867520e-001
 2.7864257e-001
 2.7883428e-001
 2.7911264e-001
 2.7948824e-001
 2.7997279e-001
 2.8061739e-001
 2.8136286e-001
 2.8225851e-001
 2.8308225e-001
 2.8383279e-001
 2.8459388e-001
 2.8512484e-001
 2.8534529e-001
 2.8562304e-001
 2.8627399e-001
 2.8723520e-001
 2.8821817e-001
 2.8927326e-001
 2.8977892e-001
 2.9080644e-001
 2.9136392e-001
 2.9170412e-001
 2.9238507e-001
 2.9240355e-001
 2.9295865e-001
 2.9293242e-001
 2.9316145e-001
 2.9349571e-001
 2.9325247e-001
 2.9328552e-001
 2.9269072e-001
 2.9147795e-001
 2.8956872e-001
 2.8810805e-001
 2.8723377e-001
 2.8668350e-001
 2.8605369e-001
 2.8566104e-001
 2.8553233e-001
 2.8581226e-001
 2.8653952e-001
 2.8706679e-001
 2.8779283e-001
 2.8839535e-001
 2.8892833e-001
 2.8803745e-001
 2.8872132e-001
 2.8928584e-001
 2.8933209e-001
 2.8900695e-001
 2.8831482e-001
 2.8715286e-001
 2.8511336e-001
 2.8216648e-001
 2.7848998e-001
 2.7506644e-001
 2.7178875e-001
 2.6675087e-001
 2.5799143e-001
 2.4236533e-001
 2.2145347e-001
 2.0058087e-001
 1.8539238e-001
 1.7535475e-001
 1.6925390e-001
 1.6560015e-001
 1.6383621e-001
 1.6390924e-001
 1.6686550e-001
 1.7569295e-001
 1.8342867e-001
 1.9009309e-001
 1.9708140e-001
 2.0393845e-001
 2.1013013e-001
 2.1533540e-001
 2.1932603e-001
 2.2261596e-001
 2.2513489e-001
 2.2718057e-001
 2.2890058e-001
 2.3062724e-001
 2.3283936e-001
 2.3480040e-001
 2.3650281e-001
 2.3820710e-001
 2.3969927e-001
 2.4073707e-001
 2.4118982e-001
 2.4110405e-001
 2.4106553e-001
 2.4083331e-001
 2.4034749e-001
 2.3929821e-001
 2.3774789e-001
 2.3550439e-001
 2.3294382e-001
 2.3091488e-001
 2.2866641e-001
 2.2714092e-001
 2.2675969e-001
 2.2677119e-001
 2.2716247e-001
 2.2729121e-001
 2.2637478e-001
 2.2300637e-001
 2.1525814e-001
 2.0057376e-001
 1.7569372e-001
 1.8677630e-001
 1.5696487e-001
 1.2456206e-001
 9.9802457e-002
 8.5168824e-002
 7.6475672e-002
 6.9316149e-002
 6.8258099e-002
 7.1239427e-002
 7.0986718e-002
 7.0026241e-002
 7.3208705e-002
 7.9367228e-002
 8.5554726e-002
 9.0306677e-002
 9.5010564e-002
 1.0239118e-001
 1.1151084e-001
 1.1960760e-001
 1.2594567e-001
 1.3171488e-001
 1.3796321e-001
 1.4428516e-001
 1.5042384e-001
 1.5605511e-001
 1.6089419e-001
 1.6429988e-001
 1.6636086e-001
 1.6751529e-001
 1.6856459e-001
 1.6938610e-001
 1.7009377e-001
 1.6959251e-001
 1.6881074e-001
 1.6843028e-001
 1.6683303e-001
 1.6267945e-001
 1.6100681e-001
 1.6477220e-001
 1.6645144e-001
 1.6545776e-001
 1.6289651e-001
 1.5946664e-001
 1.5488750e-001
 1.4974006e-001
 1.4330229e-001
 1.3544482e-001
 1.2561733e-001
 1.1317649e-001
 9.7783633e-002
 8.6019717e-002
 8.5766651e-002
 8.9532308e-002
 9.0079308e-002
 8.7200828e-002
 8.3123423e-002
 7.7650152e-002
 7.2796643e-002
 7.1013354e-002
 7.0867248e-002
 6.9950521e-002
 7.0396475e-002
 6.9893226e-002
-1.2300000e+034
