s07_AV97 Record=2572: Perthite HS415.3B            NIC4cc RREF
-1.2300000e+034
-1.2300000e+034
-1.2300000e+034
-1.2300000e+034
-1.2300000e+034
-1.2300000e+034
-1.2300000e+034
-1.2300000e+034
-1.2300000e+034
-1.2300000e+034
-1.2300000e+034
-1.2300000e+034
-1.2300000e+034
-1.2300000e+034
-1.2300000e+034
-1.2300000e+034
-1.2300000e+034
-1.2300000e+034
-1.2300000e+034
-1.2300000e+034
-1.2300000e+034
-1.2300000e+034
-1.2300000e+034
-1.2300000e+034
-1.2300000e+034
-1.2300000e+034
-1.2300000e+034
-1.2300000e+034
-1.2300000e+034
-1.2300000e+034
-1.2300000e+034
-1.2300000e+034
-1.2300000e+034
-1.2300000e+034
-1.2300000e+034
-1.2300000e+034
-1.2300000e+034
-1.2300000e+034
-1.2300000e+034
-1.2300000e+034
-1.2300000e+034
-1.2300000e+034
-1.2300000e+034
-1.2300000e+034
-1.2300000e+034
-1.2300000e+034
-1.2300000e+034
-1.2300000e+034
-1.2300000e+034
-1.2300000e+034
-1.2300000e+034
-1.2300000e+034
-1.2300000e+034
-1.2300000e+034
-1.2300000e+034
-1.2300000e+034
-1.2300000e+034
-1.2300000e+034
-1.2300000e+034
-1.2300000e+034
-1.2300000e+034
-1.2300000e+034
-1.2300000e+034
-1.2300000e+034
-1.2300000e+034
-1.2300000e+034
-1.2300000e+034
-1.2300000e+034
-1.2300000e+034
-1.2300000e+034
-1.2300000e+034
-1.2300000e+034
-1.2300000e+034
-1.2300000e+034
-1.2300000e+034
-1.2300000e+034
-1.2300000e+034
-1.2300000e+034
-1.2300000e+034
-1.2300000e+034
-1.2300000e+034
-1.2300000e+034
-1.2300000e+034
-1.2300000e+034
-1.2300000e+034
-1.2300000e+034
-1.2300000e+034
-1.2300000e+034
-1.2300000e+034
-1.2300000e+034
-1.2300000e+034
-1.2300000e+034
-1.2300000e+034
-1.2300000e+034
-1.2300000e+034
-1.2300000e+034
-1.2300000e+034
-1.2300000e+034
-1.2300000e+034
-1.2300000e+034
-1.2300000e+034
-1.2300000e+034
-1.2300000e+034
-1.2300000e+034
-1.2300000e+034
-1.2300000e+034
-1.2300000e+034
-1.2300000e+034
-1.2300000e+034
-1.2300000e+034
-1.2300000e+034
-1.2300000e+034
-1.2300000e+034
-1.2300000e+034
-1.2300000e+034
-1.2300000e+034
-1.2300000e+034
-1.2300000e+034
-1.2300000e+034
-1.2300000e+034
-1.2300000e+034
-1.2300000e+034
-1.2300000e+034
-1.2300000e+034
-1.2300000e+034
-1.2300000e+034
-1.2300000e+034
-1.2300000e+034
-1.2300000e+034
-1.2300000e+034
-1.2300000e+034
-1.2300000e+034
 8.1801814e-001
 8.1856054e-001
 8.1877983e-001
 8.1824106e-001
 8.1834185e-001
 8.1912625e-001
 8.2066208e-001
 8.2249284e-001
 8.2337600e-001
 8.2327813e-001
 8.2270193e-001
 8.2209414e-001
 8.2166749e-001
 8.2228583e-001
 8.2331848e-001
 8.2402360e-001
 8.2419115e-001
 8.2371116e-001
 8.2259440e-001
 8.2149428e-001
 8.2065201e-001
 8.2098752e-001
 8.2138658e-001
 8.2204503e-001
 8.2263869e-001
 8.2213795e-001
 8.2049054e-001
 8.1882435e-001
 8.1938374e-001
 8.1696266e-001
 8.1333834e-001
 8.1020916e-001
 8.0942613e-001
 8.0987567e-001
 8.1064063e-001
 8.1116766e-001
 8.1149131e-001
 8.1134254e-001
 8.1099248e-001
 8.1069934e-001
 8.1066781e-001
 8.1164080e-001
 8.1316179e-001
 8.1463784e-001
 8.1570995e-001
 8.1637591e-001
 8.1645519e-001
 8.1618237e-001
 8.1541222e-001
 8.1452727e-001
 8.1338835e-001
 8.1331080e-001
 8.1398726e-001
 8.1503773e-001
 8.1598878e-001
 8.1676680e-001
 8.1718642e-001
 8.1710738e-001
 8.1549758e-001
 8.1227469e-001
 8.1009930e-001
 8.1103039e-001
 8.1377417e-001
 8.1430411e-001
 8.1413144e-001
 8.1378502e-001
 8.1337041e-001
 8.1344461e-001
 8.1247485e-001
 8.1168562e-001
 8.1046802e-001
 8.0925614e-001
 8.0736494e-001
 8.0566788e-001
 8.0342054e-001
 8.0162209e-001
 8.0036759e-001
 7.9911119e-001
 7.9785883e-001
 7.9694819e-001
 7.9588264e-001
 7.9467034e-001
 7.9298866e-001
 7.9122418e-001
 7.8966498e-001
 7.8817528e-001
 7.8707314e-001
 7.8590721e-001
 7.8435308e-001
 7.8307295e-001
 7.8172284e-001
 7.8040761e-001
