s07_AV97 Record=1835: Karpatite GDS978 295K        NIC4uu RREF
-1.2300000e+034
-1.2300000e+034
-1.2300000e+034
-1.2300000e+034
-1.2300000e+034
-1.2300000e+034
-1.2300000e+034
-1.2300000e+034
-1.2300000e+034
-1.2300000e+034
-1.2300000e+034
-1.2300000e+034
-1.2300000e+034
-1.2300000e+034
-1.2300000e+034
-1.2300000e+034
-1.2300000e+034
-1.2300000e+034
-1.2300000e+034
-1.2300000e+034
-1.2300000e+034
-1.2300000e+034
-1.2300000e+034
-1.2300000e+034
-1.2300000e+034
-1.2300000e+034
-1.2300000e+034
-1.2300000e+034
-1.2300000e+034
-1.2300000e+034
-1.2300000e+034
-1.2300000e+034
-1.2300000e+034
-1.2300000e+034
-1.2300000e+034
-1.2300000e+034
-1.2300000e+034
-1.2300000e+034
-1.2300000e+034
-1.2300000e+034
-1.2300000e+034
-1.2300000e+034
-1.2300000e+034
-1.2300000e+034
-1.2300000e+034
-1.2300000e+034
-1.2300000e+034
-1.2300000e+034
-1.2300000e+034
-1.2300000e+034
-1.2300000e+034
-1.2300000e+034
-1.2300000e+034
-1.2300000e+034
-1.2300000e+034
-1.2300000e+034
-1.2300000e+034
-1.2300000e+034
-1.2300000e+034
-1.2300000e+034
-1.2300000e+034
-1.2300000e+034
-1.2300000e+034
-1.2300000e+034
-1.2300000e+034
-1.2300000e+034
-1.2300000e+034
-1.2300000e+034
-1.2300000e+034
-1.2300000e+034
-1.2300000e+034
-1.2300000e+034
-1.2300000e+034
-1.2300000e+034
-1.2300000e+034
-1.2300000e+034
-1.2300000e+034
-1.2300000e+034
-1.2300000e+034
-1.2300000e+034
 8.5690993e-001
 8.6543053e-001
 7.7155441e-001
 7.4367791e-001
 8.6254656e-001
 9.2085373e-001
 9.2944133e-001
 9.2600912e-001
 9.3885237e-001
 9.5678169e-001
 9.3158925e-001
 9.3624151e-001
 9.2105836e-001
 9.2656660e-001
 9.1024607e-001
 9.1109192e-001
 9.1905421e-001
 9.1001731e-001
 9.1793942e-001
 9.1028583e-001
 9.0185505e-001
 8.9169830e-001
 8.7915021e-001
 8.7615281e-001
 8.6534965e-001
 8.6268073e-001
 8.5450858e-001
 8.4612978e-001
 8.4498316e-001
 8.3608878e-001
 8.2422721e-001
 8.0523068e-001
 7.9254997e-001
 7.9316789e-001
 8.0447704e-001
 8.0162477e-001
 7.9282957e-001
 7.9563844e-001
 7.9736531e-001
 7.9386795e-001
 7.9549628e-001
 7.9890788e-001
 8.0324906e-001
 8.0475771e-001
 8.0734313e-001
 8.0679929e-001
 8.0251336e-001
 8.0132133e-001
 7.9839599e-001
 7.9150224e-001
 7.8341663e-001
 7.7267081e-001
 7.4960822e-001
 7.0370084e-001
 6.2141985e-001
 5.4505938e-001
 5.2294850e-001
 5.0525743e-001
 4.4182432e-001
 3.7778109e-001
 3.6343977e-001
 4.1755691e-001
 4.8166493e-001
 5.2065718e-001
 5.6060064e-001
 5.8269948e-001
 5.9729761e-001
 5.9676409e-001
 5.9691912e-001
 6.0098815e-001
 6.1166745e-001
 6.2006229e-001
 6.2624145e-001
 6.4017546e-001
 6.4023560e-001
 6.3910413e-001
 6.2882733e-001
 6.1817300e-001
 6.2027925e-001
 6.1761940e-001
 6.1779612e-001
 6.2218672e-001
 6.2112707e-001
 6.2073851e-001
 6.2325567e-001
 6.1848074e-001
 6.1984497e-001
 6.2309492e-001
 6.2597340e-001
 6.2940818e-001
 6.3117450e-001
 6.2635624e-001
 6.1947626e-001
 6.1006027e-001
 5.9636641e-001
 5.8741587e-001
 5.8703965e-001
 5.9546560e-001
 5.8606786e-001
 5.6321454e-001
 5.4403621e-001
 5.3099203e-001
 5.1430076e-001
 4.7756198e-001
 4.2961895e-001
 3.7232691e-001
 3.2119220e-001
 3.1011438e-001
 3.0948928e-001
 2.9418311e-001
 3.1659335e-001
 3.1040746e-001
 3.0775249e-001
 3.0099520e-001
 2.9271060e-001
 2.8281376e-001
 2.7000558e-001
 2.9158759e-001
 3.1604955e-001
 3.3584967e-001
 3.2439560e-001
 3.0687127e-001
 2.9686058e-001
 2.9258534e-001
 3.2161018e-001
 3.4577227e-001
 3.3198392e-001
 3.4414050e-001
 3.2090843e-001
 2.9693097e-001
 2.8787300e-001
 2.7603427e-001
 2.7949673e-001
 3.0111057e-001
 3.1902000e-001
 3.4006828e-001
 3.4719160e-001
 3.1782416e-001
 3.0167991e-001
 2.7900296e-001
 2.7128237e-001
 2.6309213e-001
 2.5416553e-001
 2.4483712e-001
