s07_AV97 Record=559: Beryl GDS9 <150um gs          BECKb AREF
 4.8882520e-001
 5.0373119e-001
 5.2071363e-001
 5.3620398e-001
 5.5102766e-001
 5.6344748e-001
 5.7976073e-001
 6.0231566e-001
 6.2166804e-001
 6.3413078e-001
 6.4332402e-001
 6.5287364e-001
 6.5899366e-001
 6.6339451e-001
 6.6716498e-001
 6.7293614e-001
 6.7663372e-001
 6.8027157e-001
 6.8537915e-001
 6.8995398e-001
 6.9611740e-001
 7.0409572e-001
 7.0958412e-001
 7.1349007e-001
 7.1796334e-001
 7.1800697e-001
 7.1867460e-001
 7.1838081e-001
 7.1459657e-001
 7.1459389e-001
 7.1045417e-001
 7.0403630e-001
 7.1140015e-001
 7.0514101e-001
 7.0035326e-001
 6.9193804e-001
 6.8350941e-001
 6.7160004e-001
 6.6114897e-001
 6.4699244e-001
 6.3432205e-001
 6.2156588e-001
 6.0788572e-001
 5.9564507e-001
 5.8602548e-001
 5.7949048e-001
 5.7133490e-001
 5.6549299e-001
 5.6244546e-001
 5.6137669e-001
 5.6629831e-001
 5.6929833e-001
 5.7614946e-001
 5.8335340e-001
 5.9108633e-001
 6.0257995e-001
 6.1537433e-001
 6.2689006e-001
 6.3477832e-001
 6.4442444e-001
 6.5186518e-001
 6.6163069e-001
 6.6415220e-001
 6.7052847e-001
 6.7937893e-001
 6.8107218e-001
 6.8988866e-001
 6.8967158e-001
 6.9508713e-001
 6.9958740e-001
 7.0395947e-001
 7.0646018e-001
 7.1083820e-001
 7.1550775e-001
 7.2078270e-001
 7.2511280e-001
 7.2857517e-001
 7.3315328e-001
 7.3517752e-001
 7.3764712e-001
 7.3937279e-001
 7.4058032e-001
 7.3480129e-001
 7.3384684e-001
 7.4919283e-001
 7.5224620e-001
 7.5560528e-001
 7.5824177e-001
 7.5864208e-001
 7.6096493e-001
 7.6111561e-001
 7.6148188e-001
 7.6146972e-001
 7.6240093e-001
 7.6194042e-001
 7.6325244e-001
 7.6262897e-001
 7.6230478e-001
 7.6377708e-001
 7.6110977e-001
 7.5998861e-001
 7.5984251e-001
 7.5911605e-001
 7.5870383e-001
 7.5695485e-001
 7.5308055e-001
 7.3657161e-001
 7.1266997e-001
 7.0613474e-001
 7.0744425e-001
 6.4124089e-001
 5.9972841e-001
 6.5309662e-001
 6.9801033e-001
 7.1748978e-001
 7.3301315e-001
 7.4137628e-001
 7.2651327e-001
 7.4574673e-001
 7.6066798e-001
 7.6441884e-001
 7.6476687e-001
 7.6390398e-001
 7.6771820e-001
 7.6726437e-001
 7.6870179e-001
 7.6844472e-001
 7.6910329e-001
 7.6347274e-001
 7.6777816e-001
 7.6898134e-001
 7.6594532e-001
 7.6677644e-001
 7.6766008e-001
 7.6612514e-001
 7.6700878e-001
 7.6821858e-001
 7.6637828e-001
 7.6405418e-001
 7.6488870e-001
 7.6888812e-001
 7.6420635e-001
 7.6528430e-001
 7.6258755e-001
 7.6290298e-001
 7.6033199e-001
 7.5877494e-001
 7.5271171e-001
 7.4488389e-001
 7.3437709e-001
 7.2828180e-001
 7.1803439e-001
 6.9279307e-001
 6.5423751e-001
 6.2709105e-001
 6.2693262e-001
 6.3596225e-001
 6.3561648e-001
 6.2191230e-001
 5.8836162e-001
 6.0509229e-001
 4.8070797e-001
 4.1693002e-001
 5.7462215e-001
 6.2135887e-001
 6.4212459e-001
 6.5384853e-001
 6.5602195e-001
 6.6116405e-001
 6.7492223e-001
 6.9388545e-001
 7.1451551e-001
 7.2365534e-001
 7.2521931e-001
 7.2357452e-001
 7.2926015e-001
 7.2778261e-001
 7.2267479e-001
 7.1964169e-001
 7.2073579e-001
 7.2319192e-001
 7.2824031e-001
 7.3397547e-001
 7.3412061e-001
 7.3672432e-001
 7.3384917e-001
 7.2651589e-001
 7.2054046e-001
 7.2307861e-001
 7.2601330e-001
 7.2488648e-001
 7.2347313e-001
 7.2016847e-001
 7.2313380e-001
 7.2894228e-001
 7.2983497e-001
 7.2786236e-001
 7.3093319e-001
 7.3385698e-001
 7.2890145e-001
 7.2881752e-001
 7.2644591e-001
 7.2034055e-001
 7.1294731e-001
 7.0717621e-001
 7.0284814e-001
 6.9776559e-001
 6.9822305e-001
 6.9372553e-001
 6.9245744e-001
 6.8605083e-001
 6.8330091e-001
 6.7826319e-001
 6.7172986e-001
 6.6374213e-001
 6.5345269e-001
 6.4068782e-001
 6.2540436e-001
 6.0910344e-001
 5.8752775e-001
 5.6228870e-001
 5.3542644e-001
 5.0939184e-001
 4.8568398e-001
