s07_AV97 Record=2973: Serpentine HS8.1B            ASDFRc AREF
 3.1043643e-001
 3.1554571e-001
 3.2056493e-001
 3.2536241e-001
 3.2837057e-001
 3.3181158e-001
 3.3506763e-001
 3.3773601e-001
 3.3939871e-001
 3.4137562e-001
 3.4419465e-001
 3.4740224e-001
 3.4929988e-001
 3.5021901e-001
 3.5109887e-001
 3.5125196e-001
 3.5065413e-001
 3.5004908e-001
 3.4947494e-001
 3.4885740e-001
 3.4806278e-001
 3.4715915e-001
 3.4628394e-001
 3.4558585e-001
 3.4484282e-001
 3.4422970e-001
 3.4306961e-001
 3.4193057e-001
 3.4073710e-001
 3.3954859e-001
 3.3837852e-001
 3.3723959e-001
 3.3855683e-001
 3.3742693e-001
 3.3646369e-001
 3.3542112e-001
 3.3462483e-001
 3.3398035e-001
 3.3342329e-001
 3.3307073e-001
 3.3317322e-001
 3.3326524e-001
 3.3343372e-001
 3.3388957e-001
 3.3434346e-001
 3.3451229e-001
 3.3447668e-001
 3.3425677e-001
 3.3362725e-001
 3.3297598e-001
 3.3205619e-001
 3.3097276e-001
 3.2980141e-001
 3.2888463e-001
 3.2774431e-001
 3.2677853e-001
 3.2586843e-001
 3.2492056e-001
 3.2434130e-001
 3.2397568e-001
 3.2362774e-001
 3.2292435e-001
 3.2251796e-001
 3.2218018e-001
 3.2209197e-001
 3.2177815e-001
 3.2131279e-001
 3.2093656e-001
 3.2053497e-001
 3.1973061e-001
 3.1924132e-001
 3.1868759e-001
 3.1779337e-001
 3.1701908e-001
 3.1649897e-001
 3.1588182e-001
 3.1552571e-001
 3.1490782e-001
 3.1459519e-001
 3.1415227e-001
 3.1367147e-001
 3.1331414e-001
 3.1308407e-001
 3.1247211e-001
 3.1209782e-001
 3.1199393e-001
 3.1156239e-001
 3.1116149e-001
 3.1092390e-001
 3.1079143e-001
 3.1069702e-001
 3.1048700e-001
 3.1037608e-001
 3.1023833e-001
 3.0978811e-001
 3.0922246e-001
 3.1003246e-001
 3.0951107e-001
 3.0898052e-001
 3.0868396e-001
 3.0853534e-001
 3.0834648e-001
 3.0833539e-001
 3.0817187e-001
 3.0767581e-001
 3.0724996e-001
 3.0686909e-001
 3.0610371e-001
 3.0499774e-001
 2.9946563e-001
 2.9757044e-001
 2.9949328e-001
 3.0285013e-001
 3.0395135e-001
 3.0420238e-001
 3.0409962e-001
 3.0395815e-001
 3.0380407e-001
 3.0347982e-001
 3.0254668e-001
 3.0209860e-001
 3.0195025e-001
 3.0175534e-001
 3.0118835e-001
 3.0064881e-001
 3.0043903e-001
 3.0007559e-001
 3.0010229e-001
 2.9955924e-001
 2.9880482e-001
 2.9813379e-001
 2.9780167e-001
 2.9699180e-001
 2.9658484e-001
 2.9668322e-001
 2.9664141e-001
 2.9614437e-001
 2.9549673e-001
 2.9524660e-001
 2.9504701e-001
 2.9456916e-001
 2.9395881e-001
 2.9365587e-001
 2.9291177e-001
 2.9273450e-001
 2.9145366e-001
 2.9058802e-001
 2.9039833e-001
 2.8991476e-001
 2.8926295e-001
 2.8929338e-001
 2.8933242e-001
 2.8877309e-001
 2.8793257e-001
 2.8762913e-001
 2.8728554e-001
 2.8654760e-001
 2.8602871e-001
 2.8565621e-001
 2.8490975e-001
 2.8530574e-001
 2.8454959e-001
 2.8402090e-001
 2.8304744e-001
 2.8208935e-001
 2.8146863e-001
 2.8069973e-001
 2.8026396e-001
 2.7919358e-001
 2.7825099e-001
 2.7736259e-001
 2.7715042e-001
 2.7686003e-001
 2.7666745e-001
 2.7660894e-001
 2.7692863e-001
 2.7665177e-001
 2.7648476e-001
 2.7656460e-001
 2.7618086e-001
 2.7569956e-001
 2.7443928e-001
 2.7410659e-001
 2.7410829e-001
 2.7438945e-001
 2.7340561e-001
 2.7297476e-001
 2.7302995e-001
 2.7259696e-001
 2.7206752e-001
 2.7149504e-001
 2.7124420e-001
 2.7095464e-001
 2.7006212e-001
 2.6833150e-001
 2.6619253e-001
 2.6423571e-001
 2.6339900e-001
 2.6283544e-001
 2.6088515e-001
 2.5898933e-001
 2.5673592e-001
 2.5391611e-001
 2.5001046e-001
 2.4509522e-001
 2.4489444e-001
 2.4956912e-001
 2.5498465e-001
 2.5719646e-001
 2.5614637e-001
 2.5435182e-001
 2.5376177e-001
 2.5258902e-001
 2.5098380e-001
 2.4943130e-001
 2.4844077e-001
 2.4768406e-001
 2.4636410e-001
 2.4594028e-001
 2.4645804e-001
 2.4526529e-001
 2.4345171e-001
 2.4139322e-001
-1.2300000e+034
