s07_AV97 Record=3464: Vesuvianite HS446.6  Idocras ASDFRa AREF
 9.9870693e-003
 1.2822936e-002
 1.3675352e-002
 1.5473083e-002
 1.6814018e-002
 1.8367946e-002
 2.0575538e-002
 2.3425650e-002
 2.7978033e-002
 3.4577746e-002
 4.3949448e-002
 5.6011502e-002
 6.7936286e-002
 7.9720028e-002
 9.0452977e-002
 9.9274524e-002
 1.0663454e-001
 1.1550909e-001
 1.2496053e-001
 1.3411412e-001
 1.4318202e-001
 1.5187494e-001
 1.5979443e-001
 1.6835445e-001
 1.7639606e-001
 1.8230143e-001
 1.8723315e-001
 1.9218205e-001
 1.9627298e-001
 1.9937235e-001
 2.0125359e-001
 2.0230277e-001
 2.0102726e-001
 2.0216544e-001
 2.0270929e-001
 2.0277485e-001
 2.0246431e-001
 2.0205386e-001
 2.0175539e-001
 2.0156512e-001
 2.0141873e-001
 2.0287807e-001
 2.0551655e-001
 2.0903458e-001
 2.1291283e-001
 2.1712570e-001
 2.2074847e-001
 2.2562960e-001
 2.3079601e-001
 2.3468615e-001
 2.3726776e-001
 2.3811798e-001
 2.3722306e-001
 2.3426424e-001
 2.3027375e-001
 2.2466008e-001
 2.1647799e-001
 2.0549038e-001
 1.9352610e-001
 1.8301822e-001
 1.7541578e-001
 1.7831486e-001
 1.9490080e-001
 2.1695444e-001
 2.3790368e-001
 2.5168154e-001
 2.6217854e-001
 2.7146512e-001
 2.7580506e-001
 2.7740949e-001
 2.7945536e-001
 2.8044444e-001
 2.8134421e-001
 2.8237769e-001
 2.8331658e-001
 2.8475830e-001
 2.8599167e-001
 2.8775141e-001
 2.8986731e-001
 2.9159477e-001
 2.9407054e-001
 2.9611874e-001
 2.9946828e-001
 3.0313647e-001
 3.0666104e-001
 3.1085715e-001
 3.1465453e-001
 3.1877962e-001
 3.2315344e-001
 3.2719961e-001
 3.3147225e-001
 3.3598128e-001
 3.3940357e-001
 3.4135455e-001
 3.4052294e-001
 3.4326580e-001
 3.4108019e-001
 3.4101856e-001
 3.4649408e-001
 3.5114780e-001
 3.5385486e-001
 3.5479397e-001
 3.5424253e-001
 3.5515302e-001
 3.5498333e-001
 3.5437065e-001
 3.5244575e-001
 3.4632817e-001
 3.3314469e-001
 2.9863983e-001
 2.3743080e-001
 2.0503201e-001
 2.1241249e-001
 2.0114276e-001
 1.5394540e-001
 1.8853484e-001
 2.5122154e-001
 2.7872732e-001
 2.8158912e-001
 2.8425032e-001
 2.9520783e-001
 3.0684870e-001
 3.1307048e-001
 3.1605205e-001
 3.1748769e-001
 3.1843415e-001
 3.1847283e-001
 3.1763655e-001
 3.1636101e-001
 3.1436202e-001
 3.1176379e-001
 3.0881974e-001
 3.0511299e-001
 3.0110642e-001
 2.9675892e-001
 2.9228550e-001
 2.8796479e-001
 2.8409752e-001
 2.8027517e-001
 2.7707276e-001
 2.7379298e-001
 2.7085531e-001
 2.6803589e-001
 2.6544717e-001
 2.6290524e-001
 2.6037174e-001
 2.5753826e-001
 2.5471273e-001
 2.5229838e-001
 2.4958421e-001
 2.4634610e-001
 2.4267608e-001
 2.3818131e-001
 2.3213089e-001
 2.2545472e-001
 2.2105150e-001
 2.1974923e-001
 2.1716352e-001
 2.1352397e-001
 2.0870446e-001
 2.1080814e-001
 2.0534627e-001
 1.9915643e-001
 1.9189574e-001
 1.8433145e-001
 1.7747377e-001
 1.7249739e-001
 1.6893473e-001
 1.6181672e-001
 1.5293525e-001
 1.4840421e-001
 1.4309606e-001
 1.4565670e-001
 1.4848679e-001
 1.4302990e-001
 1.3943152e-001
 1.3780947e-001
 1.3925207e-001
 1.4150572e-001
 1.4318325e-001
 1.4270717e-001
 1.3912845e-001
 1.3334285e-001
 1.2575510e-001
 1.1699916e-001
 1.0812858e-001
 9.9225529e-002
 9.2773102e-002
 8.8643715e-002
 8.3273992e-002
 7.5927325e-002
 6.4899772e-002
 4.6906643e-002
 3.0713052e-002
 2.7061587e-002
 3.0179253e-002
 3.2659460e-002
 3.4911852e-002
 3.5386469e-002
 3.5421032e-002
 3.5347093e-002
 3.4547634e-002
 3.2238483e-002
 3.0465720e-002
 2.8999027e-002
 2.5128592e-002
 1.9356076e-002
 1.5961349e-002
 1.4760881e-002
 1.5530251e-002
 1.6833799e-002
 1.7577859e-002
 1.8076856e-002
 1.8822718e-002
 1.8704485e-002
 1.7757120e-002
 1.7461030e-002
 1.7522523e-002
 1.8216524e-002
 1.7545629e-002
 1.6792273e-002
 1.7255081e-002
 1.6887549e-002
-1.2300000e+034
