s07_AV97 Record=3495: Zircon WS522                  BECKa AREF
 2.3207766e-001
 2.4004717e-001
 2.4689591e-001
 2.5401083e-001
 2.6108891e-001
 2.6879624e-001
 2.7758181e-001
 2.8787559e-001
 2.9795676e-001
 3.0701956e-001
 3.1419981e-001
 3.2034156e-001
 3.2780081e-001
 3.3718923e-001
 3.4521803e-001
 3.5350743e-001
 3.6456773e-001
 3.7627062e-001
 3.9337361e-001
 4.1300407e-001
 4.3574691e-001
 4.5917475e-001
 4.7838482e-001
 4.9922717e-001
 5.1659751e-001
 5.2806365e-001
 5.4182947e-001
 5.5259162e-001
 5.5506188e-001
 5.4864693e-001
 5.7500571e-001
 5.9074247e-001
 5.7102668e-001
 5.8913404e-001
 5.9483558e-001
 5.9835649e-001
 6.1213982e-001
 6.1882627e-001
 6.2487912e-001
 6.2963718e-001
 6.3412863e-001
 6.3667530e-001
 6.3882321e-001
 6.4058095e-001
 6.4173210e-001
 6.4302254e-001
 6.4225793e-001
 6.4173073e-001
 6.4120173e-001
 6.3942331e-001
 6.3942653e-001
 6.3929760e-001
 6.3802069e-001
 6.4000326e-001
 6.3985980e-001
 6.3749534e-001
 6.3994586e-001
 6.4177948e-001
 6.4005667e-001
 6.4435774e-001
 6.4728105e-001
 6.5294695e-001
 6.5117139e-001
 6.5412891e-001
 6.5621871e-001
 6.5674382e-001
 6.5902662e-001
 6.6061121e-001
 6.5898561e-001
 6.6301507e-001
 6.6260648e-001
 6.5906781e-001
 6.5269202e-001
 6.4651573e-001
 6.5142912e-001
 6.5419257e-001
 6.5104729e-001
 6.4689082e-001
 6.3435537e-001
 6.1873782e-001
 6.3908285e-001
 6.5230840e-001
 6.5868282e-001
 6.7193431e-001
 6.8252814e-001
 6.9291347e-001
 7.0047015e-001
 7.0644510e-001
 7.0805866e-001
 7.0850462e-001
 7.1033758e-001
 7.1139783e-001
 7.1026683e-001
 7.1281880e-001
 7.1193612e-001
 7.1193194e-001
 7.1226460e-001
 7.1192771e-001
 7.1199369e-001
 7.1091461e-001
 7.1087486e-001
 7.0940679e-001
 7.0681763e-001
 7.0399326e-001
 7.0415151e-001
 7.0462912e-001
 7.0919651e-001
 7.1470118e-001
 7.1828967e-001
 7.2231686e-001
 7.2281891e-001
 7.2425979e-001
 7.2475600e-001
 7.2418565e-001
 7.2420192e-001
 7.2406942e-001
 7.2282326e-001
 7.1640170e-001
 7.0783019e-001
 7.0499164e-001
 6.9202584e-001
 6.7009383e-001
 7.0170724e-001
 7.2049141e-001
 7.2314399e-001
 7.2982627e-001
 7.3640591e-001
 7.3958725e-001
 7.4367070e-001
 7.4553001e-001
 7.4868006e-001
 7.4945569e-001
 7.4931574e-001
 7.5056428e-001
 7.5012708e-001
 7.5005966e-001
 7.4752647e-001
 7.4481475e-001
 7.4895865e-001
 7.5109923e-001
 7.5597960e-001
 7.5625539e-001
 7.5465906e-001
 7.5464952e-001
 7.5822026e-001
 7.6038295e-001
 7.6274103e-001
 7.6313722e-001
 7.6137948e-001
 7.6845181e-001
 7.6745147e-001
 7.6574504e-001
 7.6712525e-001
 7.6593119e-001
 7.6641297e-001
 7.6612693e-001
 7.6959234e-001
 7.6965350e-001
 7.6679522e-001
 7.6590079e-001
 7.6614535e-001
 7.6517439e-001
 7.6287997e-001
 7.6081121e-001
 7.5921440e-001
 7.5744504e-001
 7.5923079e-001
 7.6147503e-001
 7.6123536e-001
 7.6235145e-001
 7.6547402e-001
 7.6512617e-001
 7.6293468e-001
 7.6230079e-001
 7.6580411e-001
 7.6425350e-001
 7.6136619e-001
 7.5430804e-001
 7.4553722e-001
 7.4232799e-001
 7.4231720e-001
 7.5075245e-001
 7.6001745e-001
 7.6500988e-001
 7.7009881e-001
 7.7101153e-001
 7.7172279e-001
 7.6923561e-001
 7.6631248e-001
 7.6483369e-001
 7.6627648e-001
 7.6000559e-001
 7.5463825e-001
 7.5612313e-001
 7.6649833e-001
 7.6820469e-001
 7.6544553e-001
 7.6576060e-001
 7.6831168e-001
 7.6944625e-001
 7.6669252e-001
 7.6957619e-001
 7.6901877e-001
 7.6646858e-001
 7.6895016e-001
 7.6778740e-001
 7.6645452e-001
 7.6336050e-001
 7.6312596e-001
 7.6797146e-001
 7.6476341e-001
 7.6654184e-001
 7.6412421e-001
 7.6315075e-001
 7.6347482e-001
 7.6176053e-001
 7.5905603e-001
 7.5735372e-001
 7.5671881e-001
 7.5615436e-001
 7.5504738e-001
 7.5336468e-001
 7.5120974e-001
 7.4865824e-001
