s07_AV97 Record=2998: Siderophyllite NMNH104998     BECKb AREF
 5.8585554e-002
 6.2560685e-002
 6.6327229e-002
 6.9684632e-002
 7.2757721e-002
 7.5961046e-002
 8.0093913e-002
 8.4997602e-002
 8.9437336e-002
 9.2901774e-002
 9.6224286e-002
 9.9773295e-002
 1.0318485e-001
 1.0588102e-001
 1.0846761e-001
 1.1097743e-001
 1.1258854e-001
 1.1308639e-001
 1.1377069e-001
 1.1419649e-001
 1.1384306e-001
 1.1265745e-001
 1.1155176e-001
 1.1034896e-001
 1.0906739e-001
 1.0751176e-001
 1.0579114e-001
 1.0425737e-001
 1.0296614e-001
 1.0155099e-001
 1.0060984e-001
 9.9738367e-002
 1.0077086e-001
 9.9942349e-002
 9.8815538e-002
 9.8189630e-002
 9.7287193e-002
 9.7261123e-002
 9.7180635e-002
 9.7599559e-002
 9.8491907e-002
 9.9256091e-002
 1.0017785e-001
 1.0211795e-001
 1.0350601e-001
 1.0471794e-001
 1.0550940e-001
 1.0663671e-001
 1.0684853e-001
 1.0678731e-001
 1.0684377e-001
 1.0586739e-001
 1.0679008e-001
 1.0620846e-001
 1.0352345e-001
 1.0208698e-001
 1.0370255e-001
 1.0441738e-001
 1.0238019e-001
 1.0251137e-001
 1.0401284e-001
 1.0359258e-001
 1.0259372e-001
 1.0539997e-001
 1.0536530e-001
 1.0522698e-001
 1.0710576e-001
 1.0660393e-001
 1.0778181e-001
 1.0767695e-001
 1.0925984e-001
 1.0914937e-001
 1.0848029e-001
 1.0713358e-001
 1.0777821e-001
 1.0884617e-001
 1.0769686e-001
 1.0802592e-001
 1.0807253e-001
 1.0827935e-001
 1.0867040e-001
 1.0882654e-001
 1.0925402e-001
 1.0859215e-001
 1.0982521e-001
 1.1099609e-001
 1.1139075e-001
 1.1339199e-001
 1.1434439e-001
 1.1576750e-001
 1.1654312e-001
 1.1882810e-001
 1.1920676e-001
 1.2129997e-001
 1.2236924e-001
 1.2482627e-001
 1.2169877e-001
 1.2353584e-001
 1.2592584e-001
 1.2845685e-001
 1.2980017e-001
 1.3201186e-001
 1.3409491e-001
 1.3643873e-001
 1.3905054e-001
 1.4140786e-001
 1.4430663e-001
 1.4698727e-001
 1.4884734e-001
 1.5169777e-001
 1.5326329e-001
 1.5564543e-001
 1.5974109e-001
 1.6367443e-001
 1.6755117e-001
 1.7094201e-001
 1.7278802e-001
 1.7672913e-001
 1.8006577e-001
 1.8301874e-001
 1.8690141e-001
 1.9055620e-001
 1.9309580e-001
 1.9680890e-001
 2.0017627e-001
 2.0334917e-001
 2.0777999e-001
 2.1182238e-001
 2.1443287e-001
 2.1724717e-001
 2.2116528e-001
 2.2502005e-001
 2.2874932e-001
 2.3180464e-001
 2.3512143e-001
 2.3938686e-001
 2.4319930e-001
 2.4772629e-001
 2.4963884e-001
 2.5301915e-001
 2.5908229e-001
 2.6309308e-001
 2.6649949e-001
 2.7054355e-001
 2.7178347e-001
 2.7730918e-001
 2.8085786e-001
 2.8589839e-001
 2.8946409e-001
 2.9329449e-001
 2.9722279e-001
 3.0135369e-001
 3.0301625e-001
 3.0544317e-001
 3.1012017e-001
 3.1494701e-001
 3.1836420e-001
 3.2221580e-001
 3.2618305e-001
 3.2926446e-001
 3.2836318e-001
 3.2995898e-001
 3.2836258e-001
 3.2788640e-001
 3.3170742e-001
 3.3784401e-001
 3.4235612e-001
 3.4525806e-001
 3.5010093e-001
 3.5294008e-001
 3.5774019e-001
 3.6320719e-001
 3.6851829e-001
 3.7071982e-001
 3.7428901e-001
 3.7961406e-001
 3.8388398e-001
 3.8708702e-001
 3.9093152e-001
 3.9514315e-001
 3.9896184e-001
 4.0206364e-001
 4.0357757e-001
 4.0669209e-001
 4.0963274e-001
 4.1431057e-001
 4.1918764e-001
 4.2210966e-001
 4.2211208e-001
 4.2430338e-001
 4.2532638e-001
 4.2570084e-001
 4.2727768e-001
 4.2729557e-001
 4.3100989e-001
 4.3228361e-001
 4.2732352e-001
 4.2237589e-001
 4.1989335e-001
 4.2491230e-001
 4.3018928e-001
 4.3339208e-001
 4.3368131e-001
 4.3206725e-001
 4.3120316e-001
 4.2681986e-001
 4.2203271e-001
 4.1455096e-001
 4.0774971e-001
 4.0654564e-001
 4.0898219e-001
 4.1322720e-001
 4.1328394e-001
 4.1109499e-001
 4.0942323e-001
 4.1020569e-001
 4.1283014e-001
 4.1603747e-001
 4.1865066e-001
 4.2054319e-001
 4.2094940e-001
 4.2044351e-001
 4.1980276e-001
 4.1959128e-001
