s07_AV97 Record=522: Axinite HS342.2B             ASDFRb AREF
 5.6894457e-001
 5.8970034e-001
 6.3028437e-001
 6.7928380e-001
 6.9211453e-001
 6.8061596e-001
 6.9522029e-001
 6.9913983e-001
 7.1531868e-001
 7.3045295e-001
 7.3787165e-001
 7.4749655e-001
 7.4958462e-001
 7.4798793e-001
 7.4732971e-001
 7.4626499e-001
 7.4907905e-001
 7.5118601e-001
 7.5465113e-001
 7.5995392e-001
 7.6631814e-001
 7.7327508e-001
 7.7535456e-001
 7.7544165e-001
-1.2300000e+034
 8.1728119e-001
 8.1743550e-001
 8.2252085e-001
 8.3505756e-001
 8.4352404e-001
 8.5258424e-001
 8.6208159e-001
 8.5104865e-001
 8.6028522e-001
 8.6943746e-001
 8.8058275e-001
 8.8809079e-001
 8.9645278e-001
 9.0416390e-001
 9.1127813e-001
 9.1769004e-001
 9.2315841e-001
 9.2766726e-001
 9.3117040e-001
 9.3278855e-001
 9.3219477e-001
 9.2896497e-001
 9.2273504e-001
 9.1278678e-001
 8.9883876e-001
 8.8075346e-001
 8.5844481e-001
 8.3259642e-001
 8.0381203e-001
 7.7247173e-001
 7.3891687e-001
 7.0389664e-001
 6.6826224e-001
 6.3233423e-001
 5.9660947e-001
 5.6228340e-001
 5.2895206e-001
 4.9698815e-001
 4.6683738e-001
 4.3918237e-001
 4.1337228e-001
 3.8918546e-001
 3.6734807e-001
 3.4845516e-001
 3.2999986e-001
 3.1414095e-001
 3.0038720e-001
 2.8668708e-001
 2.7638030e-001
 2.6633486e-001
 2.5734454e-001
 2.5002524e-001
 2.4330397e-001
 2.3794676e-001
 2.3323539e-001
 2.2892110e-001
 2.2627363e-001
 2.2432522e-001
 2.2299542e-001
 2.2241892e-001
 2.2278029e-001
 2.2395130e-001
 2.2554934e-001
 2.2838570e-001
 2.3159786e-001
 2.3596771e-001
 2.4162346e-001
 2.4763234e-001
 2.5517216e-001
 2.6294300e-001
 2.7289894e-001
 2.5845402e-001
 2.6775670e-001
 2.7829307e-001
 2.9075345e-001
 3.0430996e-001
 3.1980768e-001
 3.3704606e-001
 3.5585064e-001
 3.7629044e-001
 3.9906046e-001
 4.2354006e-001
 4.4950274e-001
 4.7592726e-001
 5.0365663e-001
 5.3089780e-001
 5.5833489e-001
 5.8580428e-001
 6.1093974e-001
 6.3512504e-001
 6.5726322e-001
 6.7507839e-001
 6.9090927e-001
 7.0397574e-001
 7.1352631e-001
 7.2001666e-001
 7.2212142e-001
 7.2156554e-001
 7.1815050e-001
 7.1345127e-001
 7.0765567e-001
 7.0366734e-001
 6.9997770e-001
 6.9555128e-001
 6.8871182e-001
 6.8120092e-001
 6.7304599e-001
 6.6518205e-001
 6.5457940e-001
 6.4475298e-001
 6.3551193e-001
 6.2623680e-001
 6.1720669e-001
 6.0774016e-001
 6.0026836e-001
 5.9134531e-001
 5.8305067e-001
 5.7536495e-001
 5.6673205e-001
 5.5752355e-001
 5.4675001e-001
 5.3730363e-001
 5.2721798e-001
 5.1793832e-001
 5.0892705e-001
 4.9977365e-001
 4.9085319e-001
 4.8169956e-001
 4.7343260e-001
 4.6636456e-001
 4.5984757e-001
 4.5296913e-001
 4.4698825e-001
 4.4089296e-001
 4.3472722e-001
 4.3722093e-001
 4.3083268e-001
 4.2434597e-001
 4.1867873e-001
 4.1374463e-001
 4.0996295e-001
 4.0629476e-001
 4.0356755e-001
 4.0112218e-001
 3.9764574e-001
 3.9472967e-001
 3.9255592e-001
 3.9045128e-001
 3.8903680e-001
 3.8706160e-001
 3.8598874e-001
 3.8451061e-001
 3.8382104e-001
 3.8386399e-001
 3.8410735e-001
 3.8537040e-001
 3.8619941e-001
 3.8649231e-001
 3.8692757e-001
 3.8841933e-001
 3.8956994e-001
 3.9086732e-001
 3.9242551e-001
 3.9473891e-001
 3.9808011e-001
 4.0122876e-001
 4.0314436e-001
 4.0705144e-001
 4.1186813e-001
 4.1591498e-001
 4.1911089e-001
 4.2193231e-001
 4.2282107e-001
 4.2111355e-001
 4.1710454e-001
 4.1510534e-001
 4.1181579e-001
 4.0302026e-001
 3.9619803e-001
 3.8828078e-001
 3.9430770e-001
 4.3727329e-001
 4.7019652e-001
 4.7889724e-001
 4.7555292e-001
 4.9848241e-001
 5.3723276e-001
 5.6255776e-001
 5.8086258e-001
 5.9605414e-001
 6.0764802e-001
 6.2041229e-001
 6.3015085e-001
 6.4037979e-001
 6.4668852e-001
 6.5255773e-001
 6.5675086e-001
 6.5991294e-001
-1.2300000e+034
