s07_AV97 Record=1921: Lepidolite NMNH105543        NIC4cc RREF
-1.2300000e+034
-1.2300000e+034
-1.2300000e+034
-1.2300000e+034
-1.2300000e+034
-1.2300000e+034
-1.2300000e+034
-1.2300000e+034
-1.2300000e+034
-1.2300000e+034
-1.2300000e+034
-1.2300000e+034
-1.2300000e+034
-1.2300000e+034
-1.2300000e+034
-1.2300000e+034
-1.2300000e+034
-1.2300000e+034
-1.2300000e+034
-1.2300000e+034
-1.2300000e+034
-1.2300000e+034
-1.2300000e+034
-1.2300000e+034
-1.2300000e+034
-1.2300000e+034
-1.2300000e+034
-1.2300000e+034
-1.2300000e+034
-1.2300000e+034
-1.2300000e+034
-1.2300000e+034
-1.2300000e+034
-1.2300000e+034
-1.2300000e+034
-1.2300000e+034
-1.2300000e+034
-1.2300000e+034
-1.2300000e+034
-1.2300000e+034
-1.2300000e+034
-1.2300000e+034
-1.2300000e+034
-1.2300000e+034
-1.2300000e+034
-1.2300000e+034
-1.2300000e+034
-1.2300000e+034
-1.2300000e+034
-1.2300000e+034
-1.2300000e+034
-1.2300000e+034
-1.2300000e+034
-1.2300000e+034
-1.2300000e+034
-1.2300000e+034
-1.2300000e+034
-1.2300000e+034
-1.2300000e+034
-1.2300000e+034
-1.2300000e+034
-1.2300000e+034
-1.2300000e+034
-1.2300000e+034
-1.2300000e+034
-1.2300000e+034
-1.2300000e+034
-1.2300000e+034
-1.2300000e+034
-1.2300000e+034
-1.2300000e+034
-1.2300000e+034
-1.2300000e+034
-1.2300000e+034
-1.2300000e+034
-1.2300000e+034
-1.2300000e+034
-1.2300000e+034
-1.2300000e+034
-1.2300000e+034
-1.2300000e+034
-1.2300000e+034
-1.2300000e+034
-1.2300000e+034
-1.2300000e+034
-1.2300000e+034
-1.2300000e+034
-1.2300000e+034
-1.2300000e+034
-1.2300000e+034
-1.2300000e+034
-1.2300000e+034
-1.2300000e+034
-1.2300000e+034
-1.2300000e+034
-1.2300000e+034
-1.2300000e+034
-1.2300000e+034
-1.2300000e+034
-1.2300000e+034
-1.2300000e+034
-1.2300000e+034
-1.2300000e+034
-1.2300000e+034
-1.2300000e+034
-1.2300000e+034
-1.2300000e+034
-1.2300000e+034
-1.2300000e+034
 3.0316502e-001
 2.9468593e-001
 2.8827265e-001
 2.7973437e-001
 2.7784815e-001
 2.7976218e-001
 2.8211442e-001
 2.8120434e-001
 2.7890491e-001
 2.7727142e-001
 2.7686977e-001
 2.7696294e-001
 2.7748966e-001
 2.7785090e-001
 2.7802369e-001
 2.7821627e-001
 2.7902266e-001
 2.8025708e-001
 2.8169864e-001
 2.8254706e-001
 2.8306267e-001
 2.8365207e-001
 2.8442413e-001
 2.8546616e-001
 2.8670916e-001
 2.8768960e-001
 2.8819329e-001
 2.8819484e-001
 2.8852355e-001
 2.8910038e-001
 2.8976780e-001
 2.9068983e-001
 2.9142588e-001
 2.9145941e-001
 2.9127789e-001
 2.9108685e-001
 2.9115498e-001
 2.9131994e-001
 2.9155704e-001
 2.9176718e-001
 2.9159427e-001
 2.9110008e-001
 2.9033992e-001
 2.8964755e-001
 2.8905734e-001
 2.8868696e-001
 2.8814173e-001
 2.8789145e-001
 2.8730905e-001
 2.8590736e-001
 2.8457507e-001
 2.8510392e-001
 2.8212759e-001
 2.7586794e-001
 2.7157921e-001
 2.7318293e-001
 2.7608338e-001
 2.7782664e-001
 2.7870226e-001
 2.7861056e-001
 2.7816305e-001
 2.7759209e-001
 2.7706426e-001
 2.7648884e-001
 2.7627966e-001
 2.7616832e-001
 2.7610341e-001
 2.7603650e-001
 2.7576101e-001
 2.7499801e-001
 2.7353388e-001
 2.7167201e-001
 2.7020037e-001
 2.6890168e-001
 2.6774922e-001
 2.6687819e-001
 2.6642692e-001
 2.6601756e-001
 2.6501670e-001
 2.6244739e-001
 2.5853506e-001
 2.5072503e-001
 2.3666883e-001
 2.1429031e-001
 2.0178308e-001
 2.1168195e-001
 2.2667365e-001
 2.3701940e-001
 2.4214560e-001
 2.4369152e-001
 2.4394526e-001
 2.4274905e-001
 2.4110243e-001
 2.3849173e-001
 2.3434727e-001
 2.2755308e-001
 2.2007576e-001
 2.1363463e-001
 2.0768137e-001
 2.0630623e-001
 2.0691071e-001
 2.0557441e-001
 2.0398948e-001
 2.0308152e-001
 2.0125535e-001
 1.9768402e-001
 1.9309664e-001
 1.8928783e-001
 1.8819205e-001
 1.8909650e-001
 1.9057870e-001
 1.9159169e-001
 1.9205415e-001
 1.9151056e-001
 1.8994112e-001
