s07_AV97 Record=880: Clinochlore NMNH83369       NIC4bbb RREF
-1.2300000e+034
-1.2300000e+034
-1.2300000e+034
-1.2300000e+034
-1.2300000e+034
-1.2300000e+034
-1.2300000e+034
-1.2300000e+034
-1.2300000e+034
-1.2300000e+034
-1.2300000e+034
-1.2300000e+034
-1.2300000e+034
-1.2300000e+034
-1.2300000e+034
-1.2300000e+034
-1.2300000e+034
-1.2300000e+034
-1.2300000e+034
-1.2300000e+034
-1.2300000e+034
-1.2300000e+034
-1.2300000e+034
-1.2300000e+034
-1.2300000e+034
-1.2300000e+034
-1.2300000e+034
-1.2300000e+034
-1.2300000e+034
-1.2300000e+034
-1.2300000e+034
-1.2300000e+034
-1.2300000e+034
-1.2300000e+034
-1.2300000e+034
-1.2300000e+034
-1.2300000e+034
-1.2300000e+034
-1.2300000e+034
-1.2300000e+034
-1.2300000e+034
-1.2300000e+034
-1.2300000e+034
-1.2300000e+034
-1.2300000e+034
-1.2300000e+034
-1.2300000e+034
-1.2300000e+034
-1.2300000e+034
-1.2300000e+034
-1.2300000e+034
-1.2300000e+034
-1.2300000e+034
-1.2300000e+034
-1.2300000e+034
-1.2300000e+034
-1.2300000e+034
-1.2300000e+034
-1.2300000e+034
-1.2300000e+034
-1.2300000e+034
-1.2300000e+034
-1.2300000e+034
-1.2300000e+034
-1.2300000e+034
-1.2300000e+034
-1.2300000e+034
-1.2300000e+034
-1.2300000e+034
-1.2300000e+034
-1.2300000e+034
-1.2300000e+034
-1.2300000e+034
-1.2300000e+034
-1.2300000e+034
-1.2300000e+034
-1.2300000e+034
-1.2300000e+034
-1.2300000e+034
-1.2300000e+034
-1.2300000e+034
-1.2300000e+034
-1.2300000e+034
-1.2300000e+034
-1.2300000e+034
-1.2300000e+034
-1.2300000e+034
-1.2300000e+034
-1.2300000e+034
-1.2300000e+034
-1.2300000e+034
-1.2300000e+034
-1.2300000e+034
-1.2300000e+034
-1.2300000e+034
-1.2300000e+034
-1.2300000e+034
-1.2300000e+034
-1.2300000e+034
-1.2300000e+034
-1.2300000e+034
-1.2300000e+034
-1.2300000e+034
-1.2300000e+034
-1.2300000e+034
-1.2300000e+034
-1.2300000e+034
-1.2300000e+034
-1.2300000e+034
 4.3226472e-001
 4.0523964e-001
 4.2767212e-001
 4.2270860e-001
 4.1575015e-001
 4.1126835e-001
 4.1222477e-001
 4.1591415e-001
 4.1972604e-001
 4.2207330e-001
 4.2327213e-001
 4.2417488e-001
 4.2494312e-001
 4.2678785e-001
 4.2917916e-001
 4.3202618e-001
 4.3608066e-001
 4.4076565e-001
 4.4588226e-001
 4.5081636e-001
 4.5520958e-001
 4.5954302e-001
 4.6401477e-001
 4.6866140e-001
 4.7300184e-001
 4.7663394e-001
 4.8005614e-001
 4.8281869e-001
 4.8537689e-001
 4.8825812e-001
 4.9120536e-001
 4.9393228e-001
 4.9608845e-001
 4.9831051e-001
 5.0015837e-001
 5.0175190e-001
 5.0319844e-001
 5.0469130e-001
 5.0632614e-001
 5.0767559e-001
 5.0845307e-001
 5.0861394e-001
 5.0779861e-001
 5.0684273e-001
 5.0585014e-001
 5.0446898e-001
 5.0196892e-001
 4.9870566e-001
 4.9567458e-001
 4.9245176e-001
 4.9059829e-001
 4.9083304e-001
 4.9202579e-001
 4.9447724e-001
 4.9426293e-001
 4.9197736e-001
 4.8918805e-001
 4.8552662e-001
 4.8045096e-001
 4.7552177e-001
 4.7142246e-001
 4.6722978e-001
 4.6469465e-001
 4.6472183e-001
 4.6718326e-001
 4.7185248e-001
 4.7828957e-001
 4.8487318e-001
 4.9056020e-001
 4.9457917e-001
 4.9715617e-001
 4.9761757e-001
 4.9605665e-001
 4.9041322e-001
 4.8717538e-001
 4.8652658e-001
 4.8602623e-001
 4.8490852e-001
 4.8415071e-001
 4.8201165e-001
 4.7882783e-001
 4.7373793e-001
 4.6696946e-001
 4.5859966e-001
 4.4862825e-001
 4.3428218e-001
 4.1058248e-001
 3.8087359e-001
 3.7071636e-001
 3.7373734e-001
 3.7437510e-001
 3.6739656e-001
 3.4516856e-001
 3.2969296e-001
 3.2279205e-001
 3.1032911e-001
 3.0560952e-001
 3.1387407e-001
 3.2692403e-001
 3.3838835e-001
 3.4939080e-001
 3.5435891e-001
 3.5310021e-001
 3.5729474e-001
 3.6767262e-001
 3.7008861e-001
 3.6280045e-001
 3.5657153e-001
 3.5140634e-001
 3.4437311e-001
 3.4052002e-001
 3.4198529e-001
 3.4387621e-001
 3.4399286e-001
 3.4444016e-001
