s07_AV97 Record=117: Albite HS324.3B Plagioclase  ASDFRc AREF
 6.3715178e-001
 6.4637965e-001
 6.5487772e-001
 6.6185844e-001
 6.6786414e-001
 6.7341167e-001
 6.7869079e-001
 6.8378657e-001
 6.8867892e-001
 6.9312388e-001
 6.9719869e-001
 7.0084548e-001
 7.0387053e-001
 7.0634973e-001
 7.0869303e-001
 7.1102172e-001
 7.1250689e-001
 7.1290439e-001
 7.1255833e-001
 7.1185923e-001
 7.1093118e-001
 7.0984322e-001
 7.0894408e-001
 7.0831347e-001
 7.0797962e-001
 7.0754093e-001
 7.0745844e-001
 7.0758289e-001
 7.0812756e-001
 7.0911050e-001
 7.1030116e-001
 7.1194047e-001
 7.1007842e-001
 7.1159905e-001
 7.1339005e-001
 7.1583652e-001
 7.1810555e-001
 7.2067314e-001
 7.2343993e-001
 7.2645789e-001
 7.2943288e-001
 7.3260689e-001
 7.3567653e-001
 7.3864287e-001
 7.4151570e-001
 7.4433577e-001
 7.4695671e-001
 7.4962312e-001
 7.5189394e-001
 7.5401044e-001
 7.5601375e-001
 7.5781369e-001
 7.5941145e-001
 7.6083910e-001
 7.6219696e-001
 7.6338375e-001
 7.6456577e-001
 7.6557976e-001
 7.6658040e-001
 7.6770610e-001
 7.6853597e-001
 7.6928848e-001
 7.6944613e-001
 7.6836365e-001
 7.6999480e-001
 7.7205938e-001
 7.7308214e-001
 7.7373409e-001
 7.7460492e-001
 7.7508903e-001
 7.7609175e-001
 7.7640444e-001
 7.7689499e-001
 7.7686077e-001
 7.7769232e-001
 7.7811188e-001
 7.7820629e-001
 7.7856791e-001
 7.7899450e-001
 7.7912331e-001
 7.7960485e-001
 7.8010732e-001
 7.7998435e-001
 7.7964050e-001
 7.7969837e-001
 7.7977026e-001
 7.7955580e-001
 7.7992904e-001
 7.7996296e-001
 7.8039616e-001
 7.8056675e-001
 7.8091371e-001
 7.8114301e-001
 7.8155637e-001
 7.8192818e-001
 7.8216565e-001
 7.8175974e-001
 7.8204638e-001
 7.8214651e-001
 7.8193527e-001
 7.8139812e-001
 7.8084826e-001
 7.8017575e-001
 7.8000617e-001
 7.8002417e-001
 7.7970326e-001
 7.7919310e-001
 7.7790290e-001
 7.7506936e-001
 7.6706737e-001
 7.4281073e-001
 7.1370786e-001
 7.1488208e-001
 7.4609697e-001
 7.5894332e-001
 7.6189190e-001
 7.6398897e-001
 7.6548064e-001
 7.6720583e-001
 7.6960099e-001
 7.7170640e-001
 7.7391267e-001
 7.7576685e-001
 7.7747840e-001
 7.7875835e-001
 7.7989823e-001
 7.8077608e-001
 7.8140420e-001
 7.8256297e-001
 7.8303677e-001
 7.8329676e-001
 7.8369427e-001
 7.8414279e-001
 7.8466082e-001
 7.8507793e-001
 7.8577256e-001
 7.8545541e-001
 7.8487140e-001
 7.8433251e-001
 7.8459084e-001
 7.8458273e-001
 7.8458893e-001
 7.8448272e-001
 7.8398162e-001
 7.8362215e-001
 7.8251964e-001
 7.8192610e-001
 7.8144944e-001
 7.8096634e-001
 7.8114343e-001
 7.8105956e-001
 7.8115380e-001
 7.8093064e-001
 7.8030437e-001
 7.7904731e-001
 7.7924252e-001
 7.7895844e-001
 7.7659279e-001
 7.7151632e-001
 7.6156962e-001
 7.6655459e-001
 7.5263298e-001
 7.3551303e-001
 7.2069901e-001
 7.1385187e-001
 7.1159500e-001
 7.1280974e-001
 7.1519059e-001
 7.1855050e-001
 7.2265404e-001
 7.2725475e-001
 7.3284888e-001
 7.3786622e-001
 7.4330509e-001
 7.4772996e-001
 7.5197607e-001
 7.5509471e-001
 7.5813663e-001
 7.6061606e-001
 7.6280963e-001
 7.6365924e-001
 7.6341361e-001
 7.6150262e-001
 7.5940162e-001
 7.5808066e-001
 7.5865567e-001
 7.5727570e-001
 7.5165296e-001
 7.4275666e-001
 7.2669172e-001
 6.9751024e-001
 6.6858745e-001
 6.6613770e-001
 6.9217461e-001
 7.2179556e-001
 7.3597574e-001
 7.4026847e-001
 7.4134558e-001
 7.4175805e-001
 7.4116832e-001
 7.3884106e-001
 7.3536837e-001
 7.2897613e-001
 7.2083938e-001
 7.1105081e-001
 7.0054263e-001
 6.9112819e-001
 6.8680590e-001
 6.9017494e-001
 6.9303232e-001
 6.9181472e-001
 6.9001091e-001
 6.8740845e-001
 6.7951453e-001
 6.6956675e-001
 6.6137576e-001
 6.5603304e-001
 6.5533650e-001
 6.5480226e-001
 6.5637410e-001
 6.5765333e-001
 6.5836412e-001
 6.6147786e-001
-1.2300000e+034
