s07_AV97 Record=2379: Nontronite SWa-1.a            BECKb AREF
 4.7260664e-002
 5.1667076e-002
 5.8909394e-002
 6.8332143e-002
 7.6203994e-002
 8.2675211e-002
 8.7728485e-002
 9.2355289e-002
 9.9873900e-002
 1.1129214e-001
 1.2730356e-001
 1.4608358e-001
 1.5894932e-001
 1.6745567e-001
 1.7739792e-001
 1.8893659e-001
 2.0489930e-001
 2.2400485e-001
 2.4025539e-001
 2.5633937e-001
 2.6851869e-001
 2.7796805e-001
 2.8258494e-001
 2.8431621e-001
 2.8451309e-001
 2.8489038e-001
 2.8539968e-001
 2.8779981e-001
 2.9094324e-001
 2.9716194e-001
 3.0525097e-001
 3.1688595e-001
 3.0358750e-001
 3.1457335e-001
 3.2663104e-001
 3.4094170e-001
 3.5676497e-001
 3.7128624e-001
 3.8630304e-001
 3.9978316e-001
 4.1292834e-001
 4.2278177e-001
 4.3011346e-001
 4.3911380e-001
 4.4503233e-001
 4.4490421e-001
 4.4665429e-001
 4.4955117e-001
 4.4955575e-001
 4.4755873e-001
 4.4643465e-001
 4.4348001e-001
 4.4620052e-001
 4.4169620e-001
 4.3979013e-001
 4.3593329e-001
 4.3380219e-001
 4.3688327e-001
 4.3306279e-001
 4.3320826e-001
 4.3213898e-001
 4.3381926e-001
 4.3417075e-001
 4.3487507e-001
 4.3994737e-001
 4.4101381e-001
 4.4833440e-001
 4.5459479e-001
 4.5931467e-001
 4.6336779e-001
 4.6941581e-001
 4.7831246e-001
 4.8727614e-001
 4.9281910e-001
 5.0269061e-001
 5.1163566e-001
 5.1978385e-001
 5.2899504e-001
 5.3793353e-001
 5.4658449e-001
 5.5133533e-001
 5.5870342e-001
 5.6242162e-001
 5.6413507e-001
 5.7132572e-001
 5.8022493e-001
 5.8517039e-001
 5.9212172e-001
 5.9580761e-001
 6.0333747e-001
 6.0871542e-001
 6.1227411e-001
 6.1481625e-001
 6.2082088e-001
 6.2353563e-001
 6.2583435e-001
 6.2202054e-001
 6.2501311e-001
 6.2791699e-001
 6.3062769e-001
 6.3158411e-001
 6.2986535e-001
 6.2689644e-001
 6.2271142e-001
 6.1821616e-001
 6.1427504e-001
 6.1013669e-001
 6.0385150e-001
 5.8616900e-001
 5.5281878e-001
 4.9701455e-001
 4.3184873e-001
 3.9825350e-001
 3.9913762e-001
 4.1493458e-001
 4.4338363e-001
 4.6730405e-001
 4.7483173e-001
 4.8937532e-001
 5.0882679e-001
 5.2292836e-001
 5.3431064e-001
 5.4557544e-001
 5.5586386e-001
 5.6531519e-001
 5.7137656e-001
 5.7907170e-001
 5.8447641e-001
 5.8876079e-001
 5.9411281e-001
 5.9899914e-001
 5.9968561e-001
 6.0293049e-001
 6.0540128e-001
 6.0825658e-001
 6.1061972e-001
 6.1314034e-001
 6.1304784e-001
 6.1128294e-001
 6.1278701e-001
 6.1316854e-001
 6.1214238e-001
 6.0923404e-001
 6.0607177e-001
 6.0542870e-001
 6.0055989e-001
 5.9380901e-001
 5.8644795e-001
 5.8138591e-001
 5.7829821e-001
 5.7507503e-001
 5.7183897e-001
 5.6864494e-001
 5.6965023e-001
 5.6733793e-001
 5.5796385e-001
 5.4534060e-001
 5.2543592e-001
 4.7595775e-001
 4.0545791e-001
 4.2955467e-001
 3.4303018e-001
 2.5027141e-001
 2.1437865e-001
 2.3480479e-001
 2.6124862e-001
 2.7716562e-001
 2.8975368e-001
 2.9973739e-001
 3.0922353e-001
 3.2161450e-001
 3.3451644e-001
 3.5317260e-001
 3.6882159e-001
 3.8506830e-001
 4.0203363e-001
 4.1103715e-001
 4.2577231e-001
 4.3552652e-001
 4.4012856e-001
 4.4879869e-001
 4.5394453e-001
 4.5949847e-001
 4.6329445e-001
 4.7136465e-001
 4.7602296e-001
 4.7915250e-001
 4.8281157e-001
 4.7772568e-001
 4.7333997e-001
 4.6549580e-001
 4.5315844e-001
 4.4190770e-001
 4.3395084e-001
 4.2164209e-001
 4.0093303e-001
 3.8647580e-001
 3.8673601e-001
 3.9588487e-001
 3.7969571e-001
 3.4734556e-001
 3.2620925e-001
 3.3639628e-001
 3.6285841e-001
 3.7233928e-001
 3.7567106e-001
 3.6290005e-001
 3.5183424e-001
 3.3589405e-001
 3.1783447e-001
 3.0237833e-001
 2.8927761e-001
 2.8026879e-001
 2.7393746e-001
 2.6898393e-001
 2.6440653e-001
 2.5923604e-001
 2.5264490e-001
 2.4568003e-001
 2.3748168e-001
 2.2945675e-001
 2.2206552e-001
 2.1572338e-001
 2.1071817e-001
