s07_AV97 Record=3113: Stilbite GDS8 Zeolite         BECKb AREF
 7.7137953e-001
 7.7508765e-001
 7.7922338e-001
 7.8357261e-001
 7.8995246e-001
 7.9539222e-001
 8.0096668e-001
 8.0450529e-001
 8.1060898e-001
 8.1659466e-001
 8.1994456e-001
 8.2591742e-001
 8.2971609e-001
 8.3471042e-001
 8.3804137e-001
 8.4157282e-001
 8.4701717e-001
 8.5178810e-001
 8.5846674e-001
 8.6493212e-001
 8.7446856e-001
 8.8200933e-001
 8.8789350e-001
 8.9142567e-001
 8.9250612e-001
 8.9419794e-001
 8.9447403e-001
 8.9677173e-001
 8.9937949e-001
 9.0118498e-001
 9.0168279e-001
 9.0312481e-001
 9.0156269e-001
 9.0315968e-001
 9.0395492e-001
 9.0539777e-001
 9.0603822e-001
 9.0600967e-001
 9.0525806e-001
 9.0489757e-001
 9.0618140e-001
 9.0370619e-001
 9.0628678e-001
 9.0558988e-001
 9.0830541e-001
 9.0912306e-001
 9.1174763e-001
 9.0818805e-001
 9.0801603e-001
 9.0720999e-001
 9.0344322e-001
 9.0410537e-001
 9.0951711e-001
 9.1184992e-001
 9.0786612e-001
 9.0547162e-001
 9.0226960e-001
 9.0119189e-001
 9.0414900e-001
 8.9830637e-001
 8.8892394e-001
 8.7844759e-001
 8.6289340e-001
 8.3983725e-001
 8.4452635e-001
 8.5508317e-001
 8.6901611e-001
 8.7471044e-001
 8.8594520e-001
 8.9436561e-001
 8.9351457e-001
 8.9618808e-001
 9.0028858e-001
 8.9776695e-001
 9.0403163e-001
 9.0078467e-001
 8.9588094e-001
 8.9626163e-001
 8.9279461e-001
 8.8773811e-001
 8.7741029e-001
 8.5794669e-001
 8.2109237e-001
 7.9407531e-001
 7.9567474e-001
 8.0963248e-001
 8.2007372e-001
 8.2515121e-001
 8.2955760e-001
 8.3779454e-001
 8.4020209e-001
 8.4321594e-001
 8.4541219e-001
 8.4689313e-001
 8.4727418e-001
 8.4596568e-001
 8.4653807e-001
 8.4738076e-001
 8.4383684e-001
 8.3931595e-001
 8.3093911e-001
 8.1804252e-001
 8.0236810e-001
 7.8317338e-001
 7.6658714e-001
 7.4977124e-001
 7.2995293e-001
 7.0722753e-001
 6.8045330e-001
 6.3880610e-001
 5.7839739e-001
 5.0953180e-001
 4.6831900e-001
 4.7032514e-001
 4.9461454e-001
 5.2270210e-001
 5.4015774e-001
 5.4537940e-001
 5.6670582e-001
 5.9747887e-001
 6.2257785e-001
 6.3876599e-001
 6.5306121e-001
 6.6024953e-001
 6.6629714e-001
 6.7430490e-001
 6.7608756e-001
 6.8051392e-001
 6.8209499e-001
 6.8276715e-001
 6.8260300e-001
 6.8615848e-001
 6.8739361e-001
 6.8835354e-001
 6.9175094e-001
 6.9534290e-001
 6.9440091e-001
 7.0045412e-001
 6.9941181e-001
 7.0000809e-001
 6.9666624e-001
 6.9323951e-001
 6.8644089e-001
 6.7396450e-001
 6.6368002e-001
 6.5550941e-001
 6.5058160e-001
 6.4602685e-001
 6.4523846e-001
 6.3948178e-001
 6.3497353e-001
 6.3242573e-001
 6.2708712e-001
 6.2158298e-001
 6.1641097e-001
 6.0395527e-001
 5.8284825e-001
 5.5626976e-001
 5.0903511e-001
 4.3764010e-001
 4.6281347e-001
 3.7417620e-001
 2.7383468e-001
 2.1151653e-001
 2.1251726e-001
 2.4195796e-001
 2.7158466e-001
 2.9788768e-001
 3.1563827e-001
 3.3137560e-001
 3.4675577e-001
 3.6514467e-001
 3.8615185e-001
 4.1229975e-001
 4.3586528e-001
 4.5501959e-001
 4.6932065e-001
 4.8309150e-001
 4.8937097e-001
 4.9641788e-001
 5.0069249e-001
 5.0440526e-001
 5.1195645e-001
 5.1535296e-001
 5.2559835e-001
 5.2847797e-001
 5.2984965e-001
 5.3319037e-001
 5.3283018e-001
 5.3174615e-001
 5.3296453e-001
 5.3375375e-001
 5.3026932e-001
 5.2918535e-001
 5.3131270e-001
 5.2877301e-001
 5.2554828e-001
 5.2224660e-001
 5.1583958e-001
 5.1251101e-001
 5.0925457e-001
 4.9643499e-001
 4.7893310e-001
 4.7658092e-001
 4.5841253e-001
 4.4379056e-001
 4.2737010e-001
 4.0871581e-001
 3.8818279e-001
 3.6301968e-001
 3.3367187e-001
 3.1367829e-001
 2.9152146e-001
 2.7288625e-001
 2.5896162e-001
 2.4755473e-001
 2.3831892e-001
 2.3131078e-001
 2.2628844e-001
 2.2107442e-001
 2.1544144e-001
 2.0955156e-001
 2.0376588e-001
 1.9829585e-001
