s07_AV97 Record=2777: Pyrrhotite HS269.1B          ASDFRb AREF
 1.8618694e-002
 1.8429073e-002
 1.9665929e-002
 2.0973815e-002
 2.2529876e-002
 2.3993665e-002
 2.6005624e-002
 2.8188234e-002
 3.0809896e-002
 3.2754391e-002
 3.4004968e-002
 3.5212580e-002
 3.6770284e-002
 3.9100070e-002
 4.2353224e-002
 4.6318229e-002
 5.0401863e-002
 5.4230347e-002
 5.7514504e-002
 6.0238939e-002
 6.2419035e-002
 6.4105980e-002
 6.5311089e-002
 6.6185549e-002
 6.6860072e-002
 6.7325138e-002
 6.7669570e-002
 6.7921996e-002
 6.8106547e-002
 6.8251275e-002
 6.8375140e-002
 6.8473987e-002
 6.8357825e-002
 6.8458363e-002
 6.8527155e-002
 6.8566740e-002
 6.8584546e-002
 6.8574168e-002
 6.8515092e-002
 6.8426125e-002
 6.8296708e-002
 6.8126261e-002
 6.7922287e-002
 6.7691997e-002
 6.7438044e-002
 6.7184940e-002
 6.6915840e-002
 6.6635169e-002
 6.6366106e-002
 6.6098653e-002
 6.5833956e-002
 6.5581374e-002
 6.5349020e-002
 6.5137573e-002
 6.4946122e-002
 6.4780004e-002
 6.4625792e-002
 6.4501897e-002
 6.4383402e-002
 6.4300537e-002
 6.4238168e-002
 6.4160146e-002
 6.4120352e-002
 6.4093277e-002
 6.4061828e-002
 6.4055718e-002
 6.4090788e-002
 6.4273447e-002
 6.4014256e-002
 6.4532749e-002
 6.4504169e-002
 6.4646915e-002
 6.4640805e-002
 6.4754106e-002
 6.4908117e-002
 6.5079831e-002
 6.5140635e-002
 6.5270662e-002
 6.5290615e-002
 6.5448403e-002
 6.5444849e-002
 6.5659188e-002
 6.5724000e-002
 6.5825425e-002
 6.5844767e-002
 6.5886065e-002
 6.5883942e-002
 6.5907910e-002
 6.5915957e-002
 6.5946110e-002
 6.5982863e-002
 6.5913141e-002
 6.5915041e-002
 6.5884165e-002
 6.5852784e-002
 6.5809660e-002
 6.5895855e-002
 6.5839246e-002
 6.5770775e-002
 6.5725259e-002
 6.5659747e-002
 6.5593883e-002
 6.5505430e-002
 6.5421313e-002
 6.5317683e-002
 6.5229505e-002
 6.5212362e-002
 6.5059714e-002
 6.4951718e-002
 6.4860739e-002
 6.4727098e-002
 6.4593002e-002
 6.4470299e-002
 6.4280592e-002
 6.4171202e-002
 6.4008303e-002
 6.3857779e-002
 6.3693330e-002
 6.3573755e-002
 6.3414112e-002
 6.3251361e-002
 6.3070782e-002
 6.2900625e-002
 6.2730774e-002
 6.2533855e-002
 6.2364504e-002
 6.2194984e-002
 6.2027737e-002
 6.1799873e-002
 6.1566230e-002
 6.1391670e-002
 6.1197799e-002
 6.1024521e-002
 6.0840417e-002
 6.0683239e-002
 6.0511988e-002
 6.0287949e-002
 6.0069315e-002
 5.9880972e-002
 5.9739929e-002
 5.9568368e-002
 5.9362393e-002
 5.9189867e-002
 5.8990017e-002
 5.8741607e-002
 5.8503535e-002
 5.8272116e-002
 5.8046602e-002
 5.7820778e-002
 5.7662323e-002
 5.7455927e-002
 5.7105307e-002
 5.6895841e-002
 5.6770597e-002
 5.6506656e-002
 5.6275032e-002
 5.6019314e-002
 5.5834960e-002
 5.5630911e-002
 5.5415627e-002
 5.5466454e-002
 5.5220738e-002
 5.5026535e-002
 5.4794014e-002
 5.4474179e-002
 5.4181740e-002
 5.3900469e-002
 5.3645942e-002
 5.3425130e-002
 5.3148750e-002
 5.2985195e-002
 5.2771926e-002
 5.2610748e-002
 5.2465696e-002
 5.2313257e-002
 5.2247196e-002
 5.2166242e-002
 5.2007172e-002
 5.1918399e-002
 5.1732842e-002
 5.1629845e-002
 5.1475361e-002
 5.1381886e-002
 5.1274944e-002
 5.1192079e-002
 5.0983768e-002
 5.0845277e-002
 5.0754603e-002
 5.0588861e-002
 5.0508305e-002
 5.0265174e-002
 5.0189506e-002
 5.0092414e-002
 4.9972966e-002
 4.9737204e-002
 4.9565781e-002
 4.9434576e-002
 4.9342729e-002
 4.9264297e-002
 4.9160045e-002
 4.9083777e-002
 4.8979159e-002
 4.8840951e-002
 4.8813805e-002
 4.8749674e-002
 4.8678212e-002
 4.8661273e-002
 4.8533939e-002
 4.8499834e-002
 4.8017729e-002
 4.8049446e-002
 4.7891989e-002
 4.7773015e-002
 4.7449827e-002
 4.7244061e-002
 4.7252361e-002
 4.7295876e-002
 4.7037393e-002
 4.6448670e-002
 4.6619307e-002
 4.6475865e-002
 4.5827948e-002
 4.5043275e-002
-1.2300000e+034
