s07_AV97 Record=2877: Rivadavite NMNH170164         BECKa AREF
 6.4190388e-001
 6.4885449e-001
 6.5486002e-001
 6.6012597e-001
 6.6605377e-001
 6.6961479e-001
 6.7358810e-001
 6.7745560e-001
 6.8185806e-001
 6.8602997e-001
 6.8968445e-001
 6.9340438e-001
 6.9698215e-001
 7.0037454e-001
 7.0497429e-001
 7.0866340e-001
 7.1264285e-001
 7.1774334e-001
 7.2340328e-001
 7.3005038e-001
 7.3847395e-001
 7.4616855e-001
 7.5281596e-001
 7.5766200e-001
 7.5999117e-001
 7.6186728e-001
 7.6381707e-001
 7.6626122e-001
 7.6808119e-001
 7.7007240e-001
 7.7200717e-001
 7.7395082e-001
 7.7169776e-001
 7.7354056e-001
 7.7542996e-001
 7.7740443e-001
 7.7773422e-001
 7.7880186e-001
 7.7981079e-001
 7.8116530e-001
 7.8131539e-001
 7.8089195e-001
 7.8120959e-001
 7.8335786e-001
 7.8491241e-001
 7.8621769e-001
 7.8734624e-001
 7.8759247e-001
 7.8700095e-001
 7.8557652e-001
 7.8425944e-001
 7.8172904e-001
 7.8006595e-001
 7.7833569e-001
 7.7764606e-001
 7.7693802e-001
 7.7488303e-001
 7.7293998e-001
 7.7160317e-001
 7.6736134e-001
 7.6436305e-001
 7.5988430e-001
 7.5448048e-001
 7.4465001e-001
 7.2664893e-001
 7.1252912e-001
 7.1512395e-001
 7.2711980e-001
 7.3715019e-001
 7.4452686e-001
 7.5047952e-001
 7.5543177e-001
 7.5650597e-001
 7.5896209e-001
 7.5830001e-001
 7.5976342e-001
 7.5914222e-001
 7.5706255e-001
 7.5567460e-001
 7.5353396e-001
 7.5410306e-001
 7.4910796e-001
 7.4058443e-001
 7.2188061e-001
 7.0188612e-001
 6.9042122e-001
 6.9584835e-001
 6.9882667e-001
 6.9992745e-001
 7.0018339e-001
 6.9850671e-001
 6.9567835e-001
 6.9016093e-001
 6.8346107e-001
 6.7992508e-001
 6.8294650e-001
 6.8057334e-001
 6.8133527e-001
 6.8388444e-001
 6.8287975e-001
 6.7712069e-001
 6.6615951e-001
 6.5103090e-001
 6.2801278e-001
 6.0268134e-001
 5.9422678e-001
 5.9199983e-001
 5.9140277e-001
 5.8184534e-001
 5.5558360e-001
 5.0160086e-001
 4.2612445e-001
 3.7484276e-001
 3.2837155e-001
 3.0015147e-001
 2.8626996e-001
 3.0461264e-001
 3.2813507e-001
 3.3309007e-001
 3.4279251e-001
 3.5286465e-001
 3.6029318e-001
 3.6624888e-001
 3.7427044e-001
 3.7792122e-001
 3.7948841e-001
 3.8024667e-001
 3.8161016e-001
 3.7890664e-001
 3.7955290e-001
 3.8127968e-001
 3.8312167e-001
 3.8652104e-001
 3.8977563e-001
 3.9140519e-001
 3.9147946e-001
 3.8927329e-001
 3.9039132e-001
 3.8588357e-001
 3.8561922e-001
 3.8407263e-001
 3.8115376e-001
 3.7900597e-001
 3.7355474e-001
 3.7149167e-001
 3.6747116e-001
 3.6358860e-001
 3.5680088e-001
 3.5506973e-001
 3.5561329e-001
 3.5511610e-001
 3.5603592e-001
 3.6031505e-001
 3.6422578e-001
 3.6719468e-001
 3.6768118e-001
 3.6522880e-001
 3.5970187e-001
 3.4788993e-001
 3.2538438e-001
 3.3391765e-001
 3.0130699e-001
 2.5460306e-001
 2.0330027e-001
 1.5972489e-001
 1.4129592e-001
 1.5272562e-001
 1.6588928e-001
 1.7463933e-001
 1.8918571e-001
 2.0621708e-001
 2.2006555e-001
 2.2730458e-001
 2.3187305e-001
 2.3368141e-001
 2.3227130e-001
 2.3157567e-001
 2.3014225e-001
 2.2980022e-001
 2.2529091e-001
 2.1361999e-001
 2.0268533e-001
 1.9760965e-001
 1.9123212e-001
 1.9002642e-001
 1.8811780e-001
 1.7481773e-001
 1.5632100e-001
 1.4009871e-001
 1.4091171e-001
 1.5056999e-001
 1.5237510e-001
 1.5715632e-001
 1.6760746e-001
 1.7866698e-001
 1.8921974e-001
 1.9532385e-001
 1.9662441e-001
 1.9749746e-001
 1.9883832e-001
 2.0887420e-001
 2.1705833e-001
 2.2115906e-001
 2.3359843e-001
 2.2126535e-001
 2.0537092e-001
 2.0342702e-001
 1.9154789e-001
 1.8200122e-001
 1.7571716e-001
 1.6023186e-001
 1.4707591e-001
 1.3653050e-001
 1.2556712e-001
 1.1454097e-001
 1.0539097e-001
 9.9296279e-002
 9.7110592e-002
 9.8425671e-002
 1.0303801e-001
 1.1007474e-001
 1.1745330e-001
 1.2285931e-001
 1.2481171e-001
