s07_AV97 Record=2400: Olivine GDS70.b Fo89 115um    BECKb AREF
 1.9625597e-001
 2.1456678e-001
 2.3030986e-001
 2.4517567e-001
 2.6409161e-001
 2.7699748e-001
 2.8262171e-001
 2.8715613e-001
 2.8824854e-001
 2.9289460e-001
 3.0406740e-001
 3.2010233e-001
 3.3514962e-001
 3.5657489e-001
 3.8694197e-001
 4.1096568e-001
 4.3097457e-001
 4.5086417e-001
 4.6916339e-001
 4.7920394e-001
 4.8208445e-001
 4.7999629e-001
 4.7469857e-001
 4.6765688e-001
 4.5975465e-001
 4.4754454e-001
 4.3493953e-001
 4.2700163e-001
 4.2254922e-001
 4.2220846e-001
 4.2204094e-001
 4.2623824e-001
 4.2136830e-001
 4.2536896e-001
 4.2613834e-001
 4.1830891e-001
 4.1410673e-001
 4.1158402e-001
 4.0781918e-001
 4.0174028e-001
 3.9324537e-001
 3.8247496e-001
 3.6954460e-001
 3.5749900e-001
 3.4401375e-001
 3.2943574e-001
 3.1952378e-001
 3.0853468e-001
 2.9806527e-001
 2.8890458e-001
 2.7884239e-001
 2.7548078e-001
 2.6760891e-001
 2.6126069e-001
 2.5525871e-001
 2.4878821e-001
 2.4425030e-001
 2.3869096e-001
 2.3128293e-001
 2.2176233e-001
 2.1167162e-001
 2.0209207e-001
 1.9194999e-001
 1.8138179e-001
 1.7325589e-001
 1.6316783e-001
 1.5564202e-001
 1.4823109e-001
 1.4216809e-001
 1.3820049e-001
 1.3446724e-001
 1.3111375e-001
 1.3041621e-001
 1.2865113e-001
 1.2897147e-001
 1.3125545e-001
 1.3305347e-001
 1.3711992e-001
 1.4073756e-001
 1.4539219e-001
 1.5010886e-001
 1.5472409e-001
 1.5866002e-001
 1.6190426e-001
 1.6534510e-001
 1.6850910e-001
 1.7163865e-001
 1.7416927e-001
 1.7621963e-001
 1.7901622e-001
 1.8149945e-001
 1.8523367e-001
 1.8717228e-001
 1.9037130e-001
 1.9286738e-001
 1.9752628e-001
 1.9136310e-001
 1.9531286e-001
 1.9945356e-001
 2.0368350e-001
 2.0861062e-001
 2.1415262e-001
 2.1963862e-001
 2.2627187e-001
 2.3368262e-001
 2.4137159e-001
 2.4952014e-001
 2.5865918e-001
 2.6772720e-001
 2.7778962e-001
 2.8845671e-001
 2.9956430e-001
 3.1133279e-001
 3.2376137e-001
 3.3531052e-001
 3.5008439e-001
 3.6262000e-001
 3.7640440e-001
 3.9024875e-001
 4.0429923e-001
 4.1866395e-001
 4.3372500e-001
 4.4768834e-001
 4.6149504e-001
 4.7655573e-001
 4.9070844e-001
 5.0538272e-001
 5.1856709e-001
 5.3126276e-001
 5.4368562e-001
 5.5713308e-001
 5.6578535e-001
 5.7724148e-001
 5.8685523e-001
 5.9583789e-001
 6.0598910e-001
 6.1599028e-001
 6.2150502e-001
 6.2703723e-001
 6.3362706e-001
 6.4048535e-001
 6.4431846e-001
 6.4945233e-001
 6.5299392e-001
 6.5749651e-001
 6.5961647e-001
 6.5837383e-001
 6.6496611e-001
 6.6539657e-001
 6.6534728e-001
 6.6959685e-001
 6.6936374e-001
 6.6887766e-001
 6.7204797e-001
 6.7228180e-001
 6.7188197e-001
 6.7178631e-001
 6.7348009e-001
 6.7424852e-001
 6.7254579e-001
 6.7312950e-001
 6.7235714e-001
 6.7380226e-001
 6.7266667e-001
 6.7060852e-001
 6.7201537e-001
 6.7315847e-001
 6.7243659e-001
 6.7194921e-001
 6.7387664e-001
 6.7493838e-001
 6.7425138e-001
 6.7349857e-001
 6.7791176e-001
 6.7834640e-001
 6.8056482e-001
 6.7937142e-001
 6.8145615e-001
 6.8183088e-001
 6.8125212e-001
 6.8160379e-001
 6.8259138e-001
 6.8392920e-001
 6.8621886e-001
 6.8835324e-001
 6.8775356e-001
 6.8769801e-001
 6.8596989e-001
 6.8621123e-001
 6.8644732e-001
 6.8602884e-001
 6.8612599e-001
 6.8489450e-001
 6.8613636e-001
 6.8464237e-001
 6.8390125e-001
 6.8400508e-001
 6.8088752e-001
 6.8552107e-001
 6.8493670e-001
 6.8373930e-001
 6.8649369e-001
 6.8747431e-001
 6.8726712e-001
 6.8834901e-001
 6.9287473e-001
 6.9279653e-001
 6.9127417e-001
 6.9643015e-001
 6.9793946e-001
 6.9598091e-001
 6.9238853e-001
 6.9319123e-001
 6.9454598e-001
 6.9514483e-001
 6.9555455e-001
 6.9566774e-001
 6.9527590e-001
 6.9486982e-001
 6.9508779e-001
 6.9645160e-001
 6.9838542e-001
 7.0010597e-001
 7.0100790e-001
