s07_AV97 Record=1778: Kaolinite CM5                NIC4bb RREF
-1.2300000e+034
-1.2300000e+034
-1.2300000e+034
-1.2300000e+034
-1.2300000e+034
-1.2300000e+034
-1.2300000e+034
-1.2300000e+034
-1.2300000e+034
-1.2300000e+034
-1.2300000e+034
-1.2300000e+034
-1.2300000e+034
-1.2300000e+034
-1.2300000e+034
-1.2300000e+034
-1.2300000e+034
-1.2300000e+034
-1.2300000e+034
-1.2300000e+034
-1.2300000e+034
-1.2300000e+034
-1.2300000e+034
-1.2300000e+034
-1.2300000e+034
-1.2300000e+034
-1.2300000e+034
-1.2300000e+034
-1.2300000e+034
-1.2300000e+034
-1.2300000e+034
-1.2300000e+034
-1.2300000e+034
-1.2300000e+034
-1.2300000e+034
-1.2300000e+034
-1.2300000e+034
-1.2300000e+034
-1.2300000e+034
-1.2300000e+034
-1.2300000e+034
-1.2300000e+034
-1.2300000e+034
-1.2300000e+034
-1.2300000e+034
-1.2300000e+034
-1.2300000e+034
-1.2300000e+034
-1.2300000e+034
-1.2300000e+034
-1.2300000e+034
-1.2300000e+034
-1.2300000e+034
-1.2300000e+034
-1.2300000e+034
-1.2300000e+034
-1.2300000e+034
-1.2300000e+034
-1.2300000e+034
-1.2300000e+034
-1.2300000e+034
-1.2300000e+034
-1.2300000e+034
-1.2300000e+034
-1.2300000e+034
-1.2300000e+034
-1.2300000e+034
-1.2300000e+034
-1.2300000e+034
-1.2300000e+034
-1.2300000e+034
-1.2300000e+034
-1.2300000e+034
-1.2300000e+034
-1.2300000e+034
-1.2300000e+034
-1.2300000e+034
-1.2300000e+034
-1.2300000e+034
-1.2300000e+034
-1.2300000e+034
-1.2300000e+034
-1.2300000e+034
-1.2300000e+034
-1.2300000e+034
-1.2300000e+034
-1.2300000e+034
-1.2300000e+034
-1.2300000e+034
-1.2300000e+034
-1.2300000e+034
-1.2300000e+034
-1.2300000e+034
-1.2300000e+034
-1.2300000e+034
-1.2300000e+034
-1.2300000e+034
-1.2300000e+034
-1.2300000e+034
-1.2300000e+034
-1.2300000e+034
-1.2300000e+034
-1.2300000e+034
-1.2300000e+034
-1.2300000e+034
-1.2300000e+034
 7.3028362e-001
 7.0987606e-001
 6.8420368e-001
 6.3308519e-001
 5.7924563e-001
 5.6683540e-001
 5.3825921e-001
 6.0763800e-001
 6.3949627e-001
 6.4276272e-001
 6.4124739e-001
 6.3955879e-001
 6.3805175e-001
 6.3775724e-001
 6.3802445e-001
 6.4002603e-001
 6.4249229e-001
 6.4422470e-001
 6.4659017e-001
 6.4985597e-001
 6.5367925e-001
 6.5733701e-001
 6.6054821e-001
 6.6346270e-001
 6.6650373e-001
 6.7012751e-001
 6.7371625e-001
 6.7718691e-001
 6.8016857e-001
 6.8259585e-001
 6.8461025e-001
 6.8661571e-001
 6.8896353e-001
 6.9141191e-001
 6.9369012e-001
 6.9533092e-001
 6.9614679e-001
 6.9634116e-001
 6.9657391e-001
 6.9744039e-001
 6.9852304e-001
 6.9896972e-001
 6.9863290e-001
 6.9644910e-001
 6.9332266e-001
 6.9196182e-001
 6.9046515e-001
 6.9009203e-001
 6.9264162e-001
 6.9203794e-001
 6.9712889e-001
 6.9985527e-001
 6.9702995e-001
 6.9130057e-001
 6.9334298e-001
 6.8693602e-001
 6.7954707e-001
 6.7297947e-001
 6.7194647e-001
 6.7329794e-001
 6.7357779e-001
 6.7435366e-001
 6.7489129e-001
 6.7474860e-001
 6.7426389e-001
 6.7321861e-001
 6.7154664e-001
 6.7034829e-001
 6.6884160e-001
 6.6663188e-001
 6.6425425e-001
 6.6081899e-001
 6.5627515e-001
 6.4900184e-001
 6.4057851e-001
 6.3165903e-001
 6.2593448e-001
 6.1447221e-001
 6.0514528e-001
 5.9627545e-001
 5.7255644e-001
 5.2569717e-001
 4.8189852e-001
 4.7220376e-001
 4.7466564e-001
 4.6513861e-001
 4.4021410e-001
 4.0299377e-001
 4.9194282e-001
 5.4127127e-001
 5.4694539e-001
 5.4595715e-001
 5.4216832e-001
 5.3490305e-001
 5.2295136e-001
 5.1113755e-001
 5.0063205e-001
 4.8715985e-001
 4.7723961e-001
 4.7483513e-001
 4.7579089e-001
 4.6409148e-001
 4.5317116e-001
 4.5079818e-001
 4.3556091e-001
 4.2978725e-001
 4.4114068e-001
 4.4680867e-001
 4.4166595e-001
 4.2983907e-001
 4.1154587e-001
 3.9939648e-001
 3.9247444e-001
 3.8751113e-001
 3.8028812e-001
 3.6854979e-001
 3.6372751e-001
 3.5878661e-001
