s07_AV97 Record=1406: Halite HS433.6               ASDFRa AREF
 2.6559949e-001
 2.6778597e-001
 2.7041623e-001
 2.7378359e-001
 2.7673712e-001
 2.7974060e-001
 2.8237304e-001
 2.8494695e-001
 2.8736779e-001
 2.8950769e-001
 2.9136258e-001
 2.9306671e-001
 2.9464445e-001
 2.9614043e-001
 2.9759076e-001
 2.9877993e-001
 2.9992393e-001
 3.0102184e-001
 3.0210981e-001
 3.0306643e-001
 3.0398390e-001
 3.0500546e-001
 3.0543384e-001
 3.0569601e-001
 3.0611414e-001
 3.0605927e-001
 3.0716094e-001
 3.0766392e-001
 3.0801192e-001
 3.0856952e-001
 3.0909899e-001
 3.0955791e-001
 3.0902636e-001
 3.0945909e-001
 3.0995038e-001
 3.1042418e-001
 3.1097278e-001
 3.1143713e-001
 3.1178331e-001
 3.1209895e-001
 3.1237331e-001
 3.1268218e-001
 3.1285730e-001
 3.1301138e-001
 3.1317893e-001
 3.1331035e-001
 3.1340721e-001
 3.1357586e-001
 3.1375656e-001
 3.1387466e-001
 3.1407508e-001
 3.1421900e-001
 3.1439510e-001
 3.1459290e-001
 3.1485561e-001
 3.1505421e-001
 3.1535167e-001
 3.1556225e-001
 3.1574976e-001
 3.1599733e-001
 3.1625044e-001
 3.1647527e-001
 3.1666332e-001
 3.1679580e-001
 3.1702453e-001
 3.1725815e-001
 3.1752968e-001
 3.1796685e-001
 3.1787732e-001
 3.1812239e-001
 3.1780484e-001
 3.1761512e-001
 3.1749031e-001
 3.1729376e-001
 3.1722105e-001
 3.1719738e-001
 3.1727314e-001
 3.1735611e-001
 3.1740138e-001
 3.1761217e-001
 3.1777140e-001
 3.1805110e-001
 3.1823164e-001
 3.1825453e-001
 3.1830716e-001
 3.1831005e-001
 3.1838873e-001
 3.1850466e-001
 3.1863534e-001
 3.1884882e-001
 3.1908372e-001
 3.1939515e-001
 3.1966564e-001
 3.1997791e-001
 3.2013193e-001
 3.2022688e-001
 3.2011077e-001
 3.2010424e-001
 3.2036194e-001
 3.2056326e-001
 3.2058424e-001
 3.2067293e-001
 3.2083502e-001
 3.2099482e-001
 3.2108349e-001
 3.2104886e-001
 3.2088944e-001
 3.2080066e-001
 3.2093754e-001
 3.2115206e-001
 3.2118642e-001
 3.2115859e-001
 3.2103938e-001
 3.2090876e-001
 3.2098165e-001
 3.2100427e-001
 3.2106307e-001
 3.2112756e-001
 3.2106358e-001
 3.2110998e-001
 3.2115671e-001
 3.2128313e-001
 3.2150263e-001
 3.2157633e-001
 3.2173681e-001
 3.2183108e-001
 3.2187569e-001
 3.2201067e-001
 3.2219389e-001
 3.2210463e-001
 3.2200998e-001
 3.2209307e-001
 3.2203704e-001
 3.2208019e-001
 3.2208782e-001
 3.2227528e-001
 3.2238862e-001
 3.2238856e-001
 3.2228789e-001
 3.2246849e-001
 3.2247716e-001
 3.2243085e-001
 3.2269070e-001
 3.2268882e-001
 3.2235137e-001
 3.2195896e-001
 3.2167858e-001
 3.2162234e-001
 3.2176390e-001
 3.2200387e-001
 3.2190755e-001
 3.2183087e-001
 3.2168171e-001
 3.2164437e-001
 3.2144770e-001
 3.2128495e-001
 3.2134846e-001
 3.2140628e-001
 3.2111120e-001
 3.2087830e-001
 3.2097468e-001
 3.2031456e-001
 3.1911466e-001
 3.1812063e-001
 3.1737891e-001
 3.1678730e-001
 3.1688216e-001
 3.1706646e-001
 3.1692949e-001
 3.1692851e-001
 3.1730977e-001
 3.1785730e-001
 3.1815764e-001
 3.1854451e-001
 3.1899661e-001
 3.1965411e-001
 3.1956264e-001
 3.1988102e-001
 3.2040814e-001
 3.2038447e-001
 3.2062498e-001
 3.2099715e-001
 3.2119086e-001
 3.2127714e-001
 3.2129484e-001
 3.2128718e-001
 3.2134128e-001
 3.2095346e-001
 3.2064226e-001
 3.2067588e-001
 3.2035315e-001
 3.2062694e-001
 3.2084841e-001
 3.2098854e-001
 3.2075539e-001
 3.2077459e-001
 3.2058439e-001
 3.2080862e-001
 3.2050946e-001
 3.2029977e-001
 3.2049066e-001
 3.2032964e-001
 3.2008028e-001
 3.1976563e-001
 3.1990960e-001
 3.2025060e-001
 3.1992954e-001
 3.1989458e-001
 3.1993416e-001
 3.1989613e-001
 3.1972548e-001
 3.1926078e-001
 3.1911346e-001
 3.1857845e-001
 3.1838271e-001
 3.1788322e-001
 3.1742460e-001
 3.1602916e-001
 3.1577295e-001
 3.1491804e-001
 3.1488132e-001
 3.1302366e-001
 3.1424874e-001
-1.2300000e+034
