s07_AV97 Record=766: Chert ANP90-6D (White)        BECKa AREF
 5.2577209e-001
 5.3402764e-001
 5.4470313e-001
 5.5298340e-001
 5.5875194e-001
 5.6394398e-001
 5.6863141e-001
 5.7301152e-001
 5.7753563e-001
 5.8059931e-001
 5.8252180e-001
 5.8391452e-001
 5.8452779e-001
 5.8503568e-001
 5.8624983e-001
 5.8675450e-001
 5.8657539e-001
 5.8733690e-001
 5.8882993e-001
 5.9278697e-001
 5.9448028e-001
 5.9668088e-001
 5.9648138e-001
 5.9737045e-001
 5.9865487e-001
 5.9764916e-001
 5.9438288e-001
 5.9155220e-001
 5.8950037e-001
 5.8711278e-001
 5.8376950e-001
 5.8056241e-001
 5.8441222e-001
 5.8100271e-001
 5.7875341e-001
 5.7760555e-001
 5.7675397e-001
 5.7390469e-001
 5.7067651e-001
 5.6798637e-001
 5.6565154e-001
 5.6242245e-001
 5.5939919e-001
 5.5667496e-001
 5.5286163e-001
 5.4945034e-001
 5.4574692e-001
 5.4274410e-001
 5.3928208e-001
 5.3605765e-001
 5.3437865e-001
 5.3224021e-001
 5.3072309e-001
 5.2861869e-001
 5.2387983e-001
 5.2072209e-001
 5.2196217e-001
 5.1865089e-001
 5.1622725e-001
 5.1181585e-001
 5.0917464e-001
 5.0523335e-001
 4.9956891e-001
 4.9938330e-001
 4.9667808e-001
 4.9425486e-001
 4.9125892e-001
 4.8916882e-001
 4.8510006e-001
 4.8274934e-001
 4.8103753e-001
 4.7793168e-001
 4.7466040e-001
 4.7190893e-001
 4.6880907e-001
 4.6673730e-001
 4.6402079e-001
 4.6073329e-001
 4.5778847e-001
 4.5595106e-001
 4.5217720e-001
 4.5010251e-001
 4.4616491e-001
 4.4252157e-001
 4.4009107e-001
 4.3664894e-001
 4.3557313e-001
 4.3251646e-001
 4.2946589e-001
 4.2731896e-001
 4.2430511e-001
 4.2230999e-001
 4.2023259e-001
 4.1667825e-001
 4.1349915e-001
 4.1189986e-001
 4.1559988e-001
 4.1243604e-001
 4.1035873e-001
 4.0728495e-001
 4.0493381e-001
 4.0208218e-001
 3.9955312e-001
 3.9561954e-001
 3.9182201e-001
 3.8835236e-001
 3.8423049e-001
 3.8160014e-001
 3.7716272e-001
 3.6916947e-001
 3.5940161e-001
 3.4797192e-001
 3.3856684e-001
 3.3253139e-001
 3.3186030e-001
 3.3164373e-001
 3.3062506e-001
 3.2908633e-001
 3.2838789e-001
 3.2889900e-001
 3.2827002e-001
 3.2959887e-001
 3.2920662e-001
 3.3025444e-001
 3.2888240e-001
 3.2836261e-001
 3.2694480e-001
 3.2680923e-001
 3.2526305e-001
 3.2447749e-001
 3.2242161e-001
 3.2067248e-001
 3.1861570e-001
 3.1815714e-001
 3.1586796e-001
 3.1361163e-001
 3.1392351e-001
 3.1332251e-001
 3.0882323e-001
 3.0717075e-001
 3.0694801e-001
 3.0658686e-001
 3.0300826e-001
 3.0050817e-001
 2.9930791e-001
 2.9778245e-001
 2.9571864e-001
 2.9425368e-001
 2.9049373e-001
 2.8954783e-001
 2.8791171e-001
 2.8543094e-001
 2.8501284e-001
 2.8234378e-001
 2.8138360e-001
 2.7964631e-001
 2.7805400e-001
 2.7471560e-001
 2.6504347e-001
 2.5246257e-001
 2.5667560e-001
 2.4191129e-001
 2.2636557e-001
 2.1557274e-001
 2.1003860e-001
 2.0881481e-001
 2.0968267e-001
 2.1193033e-001
 2.1147273e-001
 2.1356091e-001
 2.1573129e-001
 2.1852010e-001
 2.2190097e-001
 2.2365478e-001
 2.2462918e-001
 2.2913310e-001
 2.3058489e-001
 2.2857308e-001
 2.2997773e-001
 2.3091353e-001
 2.2772112e-001
 2.2907494e-001
 2.2854233e-001
 2.2666611e-001
 2.2824228e-001
 2.2877474e-001
 2.2667824e-001
 2.2376534e-001
 2.1936134e-001
 2.1346402e-001
 2.0841305e-001
 2.0153219e-001
 1.9719251e-001
 1.9273210e-001
 1.9004478e-001
 1.9174527e-001
 1.8753204e-001
 1.8374632e-001
 1.8338591e-001
 1.8364194e-001
 1.8478823e-001
 1.8187404e-001
 1.8205638e-001
 1.8258815e-001
 1.8072145e-001
 1.8359084e-001
 1.8699281e-001
 1.8217453e-001
 1.8122748e-001
 1.8041340e-001
 1.8265107e-001
 1.7775542e-001
 1.7517623e-001
 1.7278004e-001
 1.6992894e-001
 1.6747397e-001
 1.6487691e-001
 1.6136792e-001
 1.5774672e-001
 1.5409467e-001
 1.5144686e-001
 1.4942017e-001
 1.4742710e-001
 1.4510150e-001
