s07_AV97 Record=1684: Jarosite GDS100 Na 90C Syn    BECKa AREF
 1.8366663e-002
 2.2141732e-002
 3.1431425e-002
 5.5567328e-002
 9.2579007e-002
 1.1220638e-001
 1.0092494e-001
 9.7625054e-002
 1.3572510e-001
 1.8441297e-001
 2.2524437e-001
 2.6015934e-001
 2.9501444e-001
 3.3226633e-001
 3.7145430e-001
 4.1216442e-001
 4.5372331e-001
 4.9373454e-001
 5.3382343e-001
 5.6973219e-001
 5.9613901e-001
 6.1604738e-001
 6.3011795e-001
 6.4713538e-001
 6.6517955e-001
 6.8089825e-001
 6.9460642e-001
 7.0675355e-001
 7.1819079e-001
 7.2982156e-001
 7.4209261e-001
 7.5374860e-001
 7.4000782e-001
 7.5176382e-001
 7.6233959e-001
 7.6995438e-001
 7.7792895e-001
 7.7581441e-001
 7.6789534e-001
 7.5467294e-001
 7.3894942e-001
 7.1920490e-001
 6.9918573e-001
 6.7848152e-001
 6.5896922e-001
 6.3823193e-001
 6.1988074e-001
 6.0041833e-001
 5.8374113e-001
 5.6801999e-001
 5.5472398e-001
 5.4299945e-001
 5.3399086e-001
 5.3160262e-001
 5.3084618e-001
 5.2527767e-001
 5.2614069e-001
 5.2819943e-001
 5.2984697e-001
 5.3313166e-001
 5.3768092e-001
 5.4104781e-001
 5.4849362e-001
 5.5579281e-001
 5.6600702e-001
 5.7479471e-001
 5.8544320e-001
 5.9542084e-001
 6.0781747e-001
 6.1874396e-001
 6.3164735e-001
 6.4185268e-001
 6.5167779e-001
 6.6219634e-001
 6.7263395e-001
 6.8052095e-001
 6.8897194e-001
 6.9682473e-001
 7.0537138e-001
 7.1456826e-001
 7.2122061e-001
 7.2926438e-001
 7.3671186e-001
 7.4469256e-001
 7.5071502e-001
 7.5918436e-001
 7.6682639e-001
 7.7502954e-001
 7.8231031e-001
 7.8957456e-001
 7.9763210e-001
 8.0543905e-001
 8.1212884e-001
 8.1978762e-001
 8.2790565e-001
 8.3420372e-001
 8.2370502e-001
 8.3109784e-001
 8.3798999e-001
 8.4528381e-001
 8.5232133e-001
 8.5929036e-001
 8.6414325e-001
 8.7054789e-001
 8.7453169e-001
 8.7869102e-001
 8.8222408e-001
 8.8438153e-001
 8.8698959e-001
 8.8756955e-001
 8.8658619e-001
 8.8257140e-001
 8.7167162e-001
 8.5681659e-001
 8.4343320e-001
 8.3723021e-001
 8.3003724e-001
 8.1426424e-001
 7.9978526e-001
 7.9830545e-001
 8.0470508e-001
 8.1018198e-001
 8.1341088e-001
 8.1792969e-001
 8.2197493e-001
 8.2661563e-001
 8.3079743e-001
 8.3372289e-001
 8.3657825e-001
 8.3858430e-001
 8.3994037e-001
 8.4183747e-001
 8.4240538e-001
 8.4400719e-001
 8.4482563e-001
 8.4592474e-001
 8.4640980e-001
 8.4595436e-001
 8.4647804e-001
 8.4764475e-001
 8.4633642e-001
 8.4800136e-001
 8.4691000e-001
 8.4578431e-001
 8.4459668e-001
 8.4336364e-001
 8.4372145e-001
 8.4022802e-001
 8.3699358e-001
 8.3566761e-001
 8.3464468e-001
 8.3163184e-001
 8.2657880e-001
 8.2202888e-001
 8.0843759e-001
 7.8616220e-001
 7.7884781e-001
 7.8939706e-001
 8.0565798e-001
 8.1024158e-001
 8.1036127e-001
 8.0632961e-001
 7.8875875e-001
 7.5801843e-001
 7.3025614e-001
 7.0536900e-001
 6.9168144e-001
 6.9340134e-001
 6.9483268e-001
 6.9304687e-001
 6.9527304e-001
 6.9937491e-001
 7.0277804e-001
 7.0599324e-001
 7.1348292e-001
 7.1764106e-001
 7.1990943e-001
 7.2191143e-001
 7.2510868e-001
 7.2909105e-001
 7.3385942e-001
 7.3783654e-001
 7.4138832e-001
 7.4576038e-001
 7.5094092e-001
 7.5364286e-001
 7.5291908e-001
 7.5520837e-001
 7.3083186e-001
 6.9671458e-001
 7.0469129e-001
 7.0384097e-001
 6.9970649e-001
 6.9659442e-001
 6.9320035e-001
 6.8916601e-001
 6.7460942e-001
 6.5906453e-001
 6.4140409e-001
 6.3085604e-001
 6.4167511e-001
 6.6616523e-001
 6.7668813e-001
 6.8973833e-001
 7.0341784e-001
 7.1357489e-001
 7.1691453e-001
 7.1814668e-001
 7.1283770e-001
 7.0297581e-001
 6.8289286e-001
 6.6674298e-001
 6.5103281e-001
 6.3067812e-001
 6.0936844e-001
 5.9323555e-001
 5.8075267e-001
 5.6870902e-001
 5.5813032e-001
 5.4796183e-001
 5.4021406e-001
 5.3370464e-001
 5.2685767e-001
 5.1894474e-001
