s07_AV97 Record=1403: Halite HS433.3B              ASDFRa AREF
 7.3011076e-001
 7.3603386e-001
 7.4273616e-001
 7.4810058e-001
 7.5305712e-001
 7.5833458e-001
 7.6370788e-001
 7.6925874e-001
 7.7471364e-001
 7.7972984e-001
 7.8418857e-001
 7.8835005e-001
 7.9235744e-001
 7.9631066e-001
 8.0010951e-001
 8.0377984e-001
 8.0722678e-001
 8.1045502e-001
 8.1356305e-001
 8.1668037e-001
 8.1961519e-001
 8.2242930e-001
 8.2464886e-001
 8.2633334e-001
 8.2798952e-001
 8.2949692e-001
 8.3133769e-001
 8.3276898e-001
 8.3392960e-001
 8.3500797e-001
 8.3598119e-001
 8.3701330e-001
 8.3583987e-001
 8.3679950e-001
 8.3782518e-001
 8.3898550e-001
 8.3987713e-001
 8.4078109e-001
 8.4159702e-001
 8.4233463e-001
 8.4319079e-001
 8.4392083e-001
 8.4457970e-001
 8.4525603e-001
 8.4589988e-001
 8.4649062e-001
 8.4704030e-001
 8.4750462e-001
 8.4805799e-001
 8.4877282e-001
 8.4930688e-001
 8.4997642e-001
 8.5082018e-001
 8.5160196e-001
 8.5227293e-001
 8.5315013e-001
 8.5424930e-001
 8.5518914e-001
 8.5622287e-001
 8.5721660e-001
 8.5837191e-001
 8.5938680e-001
 8.6061478e-001
 8.6182904e-001
 8.6293650e-001
 8.6423695e-001
 8.6559260e-001
 8.6675817e-001
 8.6838293e-001
 8.6922616e-001
 8.6973548e-001
 8.7014115e-001
 8.7074018e-001
 8.7130767e-001
 8.7162781e-001
 8.7225574e-001
 8.7249470e-001
 8.7296546e-001
 8.7316036e-001
 8.7381488e-001
 8.7354285e-001
 8.7404233e-001
 8.7424576e-001
 8.7415135e-001
 8.7420255e-001
 8.7400037e-001
 8.7391663e-001
 8.7470025e-001
 8.7467003e-001
 8.7476981e-001
 8.7546432e-001
 8.7572294e-001
 8.7606305e-001
 8.7656003e-001
 8.7693006e-001
 8.7694931e-001
 8.7673932e-001
 8.7710494e-001
 8.7680268e-001
 8.7694424e-001
 8.7676972e-001
 8.7717021e-001
 8.7704855e-001
 8.7685001e-001
 8.7680697e-001
 8.7662971e-001
 8.7687147e-001
 8.7695122e-001
 8.7659365e-001
 8.7619078e-001
 8.7483662e-001
 8.7387973e-001
 8.7282968e-001
 8.7157720e-001
 8.7113935e-001
 8.7035036e-001
 8.6922920e-001
 8.6931205e-001
 8.7023884e-001
 8.7130243e-001
 8.7213743e-001
 8.7338543e-001
 8.7405747e-001
 8.7493122e-001
 8.7513626e-001
 8.7595677e-001
 8.7683624e-001
 8.7762648e-001
 8.7797838e-001
 8.7829930e-001
 8.7890595e-001
 8.7920016e-001
 8.7968558e-001
 8.8009584e-001
 8.8005370e-001
 8.8041073e-001
 8.8073319e-001
 8.8138658e-001
 8.8156986e-001
 8.8218009e-001
 8.8248569e-001
 8.8227445e-001
 8.8226348e-001
 8.8205189e-001
 8.8209772e-001
 8.8130480e-001
 8.8094550e-001
 8.8083577e-001
 8.8133818e-001
 8.8188112e-001
 8.8198620e-001
 8.8211995e-001
 8.8195580e-001
 8.8196778e-001
 8.8160795e-001
 8.8192147e-001
 8.8189340e-001
 8.8209260e-001
 8.8162547e-001
 8.7991047e-001
 8.8088799e-001
 8.7746882e-001
 8.7135994e-001
 8.6462831e-001
 8.5794967e-001
 8.5203391e-001
 8.4910625e-001
 8.4737825e-001
 8.4665018e-001
 8.4565187e-001
 8.4531397e-001
 8.4842950e-001
 8.5342836e-001
 8.5805297e-001
 8.6303121e-001
 8.6694580e-001
 8.7049061e-001
 8.7428552e-001
 8.7703282e-001
 8.7934774e-001
 8.8132834e-001
 8.8233423e-001
 8.8397890e-001
 8.8560051e-001
 8.8655841e-001
 8.8697058e-001
 8.8609439e-001
 8.8547617e-001
 8.8539320e-001
 8.8589174e-001
 8.8554364e-001
 8.8538641e-001
 8.8589907e-001
 8.8575292e-001
 8.8489449e-001
 8.8372350e-001
 8.8351351e-001
 8.8344061e-001
 8.8317627e-001
 8.8531119e-001
 8.8544959e-001
 8.8476419e-001
 8.8428545e-001
 8.8549042e-001
 8.8509351e-001
 8.8475168e-001
 8.8416505e-001
 8.8213968e-001
 8.8218880e-001
 8.8075715e-001
 8.7853205e-001
 8.7714493e-001
 8.7426448e-001
 8.7191468e-001
 8.6979985e-001
 8.6878198e-001
 8.6527216e-001
 8.6370307e-001
 8.5941726e-001
 8.5925764e-001
 8.5750926e-001
 8.5696578e-001
 8.6409080e-001
-1.2300000e+034
