s07_AV97 Record=1433: Halloysite NMNH106237       NIC4aaa RREF
-1.2300000e+034
-1.2300000e+034
-1.2300000e+034
-1.2300000e+034
-1.2300000e+034
-1.2300000e+034
-1.2300000e+034
-1.2300000e+034
-1.2300000e+034
-1.2300000e+034
-1.2300000e+034
-1.2300000e+034
-1.2300000e+034
-1.2300000e+034
-1.2300000e+034
-1.2300000e+034
-1.2300000e+034
-1.2300000e+034
-1.2300000e+034
-1.2300000e+034
-1.2300000e+034
-1.2300000e+034
-1.2300000e+034
-1.2300000e+034
-1.2300000e+034
-1.2300000e+034
-1.2300000e+034
-1.2300000e+034
-1.2300000e+034
-1.2300000e+034
-1.2300000e+034
-1.2300000e+034
-1.2300000e+034
-1.2300000e+034
-1.2300000e+034
-1.2300000e+034
-1.2300000e+034
-1.2300000e+034
-1.2300000e+034
-1.2300000e+034
-1.2300000e+034
-1.2300000e+034
-1.2300000e+034
-1.2300000e+034
-1.2300000e+034
-1.2300000e+034
-1.2300000e+034
-1.2300000e+034
-1.2300000e+034
-1.2300000e+034
-1.2300000e+034
-1.2300000e+034
-1.2300000e+034
-1.2300000e+034
-1.2300000e+034
-1.2300000e+034
-1.2300000e+034
-1.2300000e+034
-1.2300000e+034
-1.2300000e+034
-1.2300000e+034
-1.2300000e+034
-1.2300000e+034
-1.2300000e+034
-1.2300000e+034
-1.2300000e+034
-1.2300000e+034
-1.2300000e+034
-1.2300000e+034
-1.2300000e+034
-1.2300000e+034
-1.2300000e+034
-1.2300000e+034
-1.2300000e+034
-1.2300000e+034
-1.2300000e+034
-1.2300000e+034
-1.2300000e+034
-1.2300000e+034
-1.2300000e+034
-1.2300000e+034
-1.2300000e+034
-1.2300000e+034
-1.2300000e+034
-1.2300000e+034
-1.2300000e+034
-1.2300000e+034
-1.2300000e+034
-1.2300000e+034
-1.2300000e+034
-1.2300000e+034
-1.2300000e+034
-1.2300000e+034
-1.2300000e+034
-1.2300000e+034
-1.2300000e+034
-1.2300000e+034
-1.2300000e+034
-1.2300000e+034
-1.2300000e+034
-1.2300000e+034
-1.2300000e+034
-1.2300000e+034
-1.2300000e+034
-1.2300000e+034
-1.2300000e+034
-1.2300000e+034
-1.2300000e+034
 7.1569508e-001
 5.8885044e-001
 5.5749834e-001
 5.5881804e-001
 5.2226353e-001
 6.4198351e-001
 6.9347829e-001
 7.1134245e-001
 7.2069049e-001
 7.2492307e-001
 7.2989202e-001
 7.3585957e-001
 7.4085802e-001
 7.4765956e-001
 7.5338846e-001
 7.5707757e-001
 7.6105940e-001
 7.6645720e-001
 7.7231914e-001
 7.7784032e-001
 7.8240228e-001
 7.8620028e-001
 7.9010546e-001
 7.9519731e-001
 8.0013937e-001
 8.0485541e-001
 8.0866319e-001
 8.1107688e-001
 8.1293803e-001
 8.1516564e-001
 8.1785291e-001
 8.2056296e-001
 8.2299769e-001
 8.2411647e-001
 8.2359308e-001
 8.2192039e-001
 8.2000327e-001
 8.1862289e-001
 8.1793541e-001
 8.1720418e-001
 8.1527466e-001
 8.1195480e-001
 8.0818355e-001
 8.0563128e-001
 8.0392200e-001
 8.0234551e-001
 8.0092597e-001
 7.9718244e-001
 7.9929215e-001
 7.9651427e-001
 7.7665967e-001
 7.4073833e-001
 7.5366402e-001
 7.1134484e-001
 6.6130990e-001
 6.1603999e-001
 6.1786807e-001
 6.4176410e-001
 6.5850294e-001
 6.7156458e-001
 6.8463796e-001
 6.9449592e-001
 7.0201045e-001
 7.1010786e-001
 7.1981794e-001
 7.2921312e-001
 7.3551935e-001
 7.3887682e-001
 7.4006587e-001
 7.3835063e-001
 7.3243731e-001
 7.2423780e-001
 7.1513933e-001
 7.0574051e-001
 6.9430679e-001
 6.7542589e-001
 6.6215557e-001
 6.4562750e-001
 6.1238289e-001
 5.5475378e-001
 4.9414545e-001
 4.6414548e-001
 4.5154190e-001
 4.1804478e-001
 3.5677147e-001
 3.2974565e-001
 4.3418646e-001
 5.1325589e-001
 5.4455173e-001
 5.5522877e-001
 5.5658400e-001
 5.5243760e-001
 5.4232913e-001
 5.2666527e-001
 5.0475425e-001
 4.8081630e-001
 4.6650144e-001
 4.5928442e-001
 4.4906253e-001
 4.2867455e-001
 4.1773257e-001
 4.1045168e-001
 3.8750333e-001
 3.7431931e-001
 3.7468261e-001
 3.7047145e-001
 3.5740674e-001
 3.4149826e-001
 3.2550570e-001
 3.1732392e-001
 3.1180322e-001
 3.0294341e-001
 2.8944537e-001
 2.7835143e-001
 2.7249971e-001
 2.6501882e-001
