s07_AV97 Record=2521: Orthoclase NMNH113188         BECKb AREF
 6.3048542e-001
 6.4505702e-001
 6.5847790e-001
 6.7218429e-001
 6.8307620e-001
 6.9293857e-001
 7.0272279e-001
 7.1207446e-001
 7.2017139e-001
 7.2558147e-001
 7.3091513e-001
 7.3509705e-001
 7.3998719e-001
 7.4512035e-001
 7.4995053e-001
 7.5398028e-001
 7.5765377e-001
 7.6051658e-001
 7.6230413e-001
 7.6337403e-001
 7.6432037e-001
 7.6636058e-001
 7.6784116e-001
 7.6808071e-001
 7.6768613e-001
 7.6692849e-001
 7.6738912e-001
 7.6761079e-001
 7.6787245e-001
 7.6759559e-001
 7.6804179e-001
 7.6741070e-001
 7.6825929e-001
 7.6719284e-001
 7.6748413e-001
 7.6842630e-001
 7.6842284e-001
 7.6801616e-001
 7.6738113e-001
 7.6703006e-001
 7.6801109e-001
 7.6776534e-001
 7.6732045e-001
 7.6774055e-001
 7.6872933e-001
 7.6907855e-001
 7.6902670e-001
 7.7054858e-001
 7.7116275e-001
 7.7037090e-001
 7.7106142e-001
 7.7299774e-001
 7.7428043e-001
 7.7304435e-001
 7.7489269e-001
 7.7685481e-001
 7.7553505e-001
 7.8162003e-001
 7.7776897e-001
 7.8069276e-001
 7.7710730e-001
 7.7552742e-001
 7.7411115e-001
 7.7751201e-001
 7.7800792e-001
 7.7705681e-001
 7.7601677e-001
 7.7705926e-001
 7.7754509e-001
 7.7823323e-001
 7.7797508e-001
 7.8018993e-001
 7.8075141e-001
 7.8103346e-001
 7.8062004e-001
 7.8331620e-001
 7.8115004e-001
 7.8161323e-001
 7.8212380e-001
 7.8203642e-001
 7.8231519e-001
 7.8420025e-001
 7.8390414e-001
 7.8250033e-001
 7.8211421e-001
 7.8367597e-001
 7.8551900e-001
 7.8531295e-001
 7.8389370e-001
 7.8479576e-001
 7.8570777e-001
 7.8460670e-001
 7.8664714e-001
 7.8707951e-001
 7.8835839e-001
 7.8848463e-001
 7.8742689e-001
 7.8857547e-001
 7.8846234e-001
 7.8933161e-001
 7.8957993e-001
 7.9054618e-001
 7.9131395e-001
 7.9129416e-001
 7.9260325e-001
 7.9180145e-001
 7.9239535e-001
 7.9438365e-001
 7.9520404e-001
 7.9427153e-001
 7.9562372e-001
 7.9666418e-001
 7.9548812e-001
 7.9711491e-001
 7.9923886e-001
 8.0039644e-001
 7.9917860e-001
 7.9999715e-001
 7.9967737e-001
 8.0131435e-001
 8.0006766e-001
 8.0160517e-001
 8.0182064e-001
 8.0382437e-001
 8.0442882e-001
 8.0608302e-001
 8.0523944e-001
 8.0642253e-001
 8.0531329e-001
 8.0714405e-001
 8.0800611e-001
 8.0647337e-001
 8.0749673e-001
 8.0844569e-001
 8.0641186e-001
 8.0759394e-001
 8.0894989e-001
 8.0893385e-001
 8.0628496e-001
 8.0744588e-001
 8.0993360e-001
 8.1298459e-001
 8.1209183e-001
 8.1208664e-001
 8.1084186e-001
 8.1586832e-001
 8.1430846e-001
 8.1220359e-001
 8.1049162e-001
 8.1324381e-001
 8.1527424e-001
 8.1300849e-001
 8.1258804e-001
 8.1178212e-001
 8.1282991e-001
 8.1022024e-001
 8.1182563e-001
 8.1226051e-001
 8.1270176e-001
 8.1197613e-001
 8.1266350e-001
 8.1058234e-001
 8.0916989e-001
 8.0815697e-001
 8.0719393e-001
 8.0906892e-001
 8.1202555e-001
 8.0843216e-001
 8.1162411e-001
 8.1663662e-001
 8.1474322e-001
 8.1498873e-001
 8.1826955e-001
 8.1675434e-001
 8.1960219e-001
 8.2142860e-001
 8.1850803e-001
 8.1809735e-001
 8.2046092e-001
 8.2176334e-001
 8.2144994e-001
 8.2210344e-001
 8.2088125e-001
 8.2353097e-001
 8.2673812e-001
 8.2976800e-001
 8.3019674e-001
 8.2599092e-001
 8.2168508e-001
 8.2209110e-001
 8.2009995e-001
 8.2288700e-001
 8.2019067e-001
 8.1628919e-001
 8.1661546e-001
 8.1823164e-001
 8.1917435e-001
 8.1878555e-001
 8.1926149e-001
 8.2288504e-001
 8.2055008e-001
 8.2806265e-001
 8.2403749e-001
 8.2328337e-001
 8.2162392e-001
 8.3051407e-001
 8.3456969e-001
 8.2537949e-001
 8.2451153e-001
 8.2654196e-001
 8.2989186e-001
 8.2737315e-001
 8.2763040e-001
 8.2803500e-001
 8.2691044e-001
 8.2435083e-001
 8.2170480e-001
 8.2046729e-001
 8.2055837e-001
 8.2130665e-001
 8.2207751e-001
 8.2242447e-001
 8.2194847e-001
 8.2047099e-001
