s07_AV97 Record=2939: Sepiolite SepNev-1.AcB        BECKa AREF
 6.1623752e-001
 6.2791222e-001
 6.3808352e-001
 6.4781636e-001
 6.5649748e-001
 6.6492975e-001
 6.7258644e-001
 6.8014765e-001
 6.8926674e-001
 6.9744098e-001
 7.0553142e-001
 7.1199602e-001
 7.1904272e-001
 7.2640550e-001
 7.3392397e-001
 7.4119961e-001
 7.4806523e-001
 7.5510496e-001
 7.6244074e-001
 7.7012885e-001
 7.7762771e-001
 7.8499341e-001
 7.9174900e-001
 7.9848158e-001
 8.0399066e-001
 8.0849391e-001
 8.1241924e-001
 8.1558573e-001
 8.1808037e-001
 8.2183146e-001
 8.2475191e-001
 8.2781404e-001
 8.2429308e-001
 8.2704949e-001
 8.3059680e-001
 8.3381218e-001
 8.3491755e-001
 8.3795112e-001
 8.4015083e-001
 8.4105504e-001
 8.4256971e-001
 8.4332794e-001
 8.4469116e-001
 8.4648955e-001
 8.4712213e-001
 8.4727430e-001
 8.4662181e-001
 8.4740126e-001
 8.4615320e-001
 8.4507245e-001
 8.4352487e-001
 8.4858912e-001
 8.5502839e-001
 8.5275763e-001
 8.5026586e-001
 8.5384715e-001
 8.5496992e-001
 8.5246021e-001
 8.5064870e-001
 8.5270822e-001
 8.4987789e-001
 8.4247929e-001
 8.3953786e-001
 8.3981156e-001
 8.4044099e-001
 8.4052813e-001
 8.4142613e-001
 8.4690660e-001
 8.4767222e-001
 8.5005206e-001
 8.4941727e-001
 8.5223597e-001
 8.5223132e-001
 8.5229319e-001
 8.5279983e-001
 8.5268474e-001
 8.5156620e-001
 8.5174781e-001
 8.5015380e-001
 8.5004354e-001
 8.4708977e-001
 8.4328598e-001
 8.3064181e-001
 8.1938761e-001
 8.1893694e-001
 8.2447439e-001
 8.2930958e-001
 8.2990301e-001
 8.3118933e-001
 8.3376765e-001
 8.3374751e-001
 8.3263272e-001
 8.3389008e-001
 8.3337265e-001
 8.3337438e-001
 8.3104479e-001
 8.3327234e-001
 8.3245087e-001
 8.3034086e-001
 8.2906300e-001
 8.2653481e-001
 8.2218105e-001
 8.1684464e-001
 8.0751979e-001
 7.9454696e-001
 7.8178251e-001
 7.7166587e-001
 7.5824082e-001
 7.1828204e-001
 6.2898493e-001
 6.1715037e-001
 5.7863986e-001
 5.4147565e-001
 5.5030793e-001
 5.6253624e-001
 5.6805551e-001
 5.8322930e-001
 5.9211493e-001
 6.0480469e-001
 6.2952238e-001
 6.5024227e-001
 6.6614103e-001
 6.7795092e-001
 6.8898547e-001
 6.9679290e-001
 7.0366049e-001
 7.0905465e-001
 7.1583462e-001
 7.2074246e-001
 7.2423840e-001
 7.2683483e-001
 7.2885746e-001
 7.3414499e-001
 7.3565322e-001
 7.3564684e-001
 7.3763829e-001
 7.3904735e-001
 7.4130577e-001
 7.3945624e-001
 7.3858047e-001
 7.3899001e-001
 7.3648876e-001
 7.3167688e-001
 7.2505081e-001
 7.2440022e-001
 7.2180587e-001
 7.1755761e-001
 7.0916945e-001
 7.0298165e-001
 6.9576484e-001
 6.9181854e-001
 6.8708509e-001
 6.8947774e-001
 6.8686062e-001
 6.8517160e-001
 6.7528504e-001
 6.6041303e-001
 6.3679916e-001
 5.8010614e-001
 4.8839453e-001
 5.2086163e-001
 4.1042158e-001
 3.0121115e-001
 2.4844742e-001
 2.5747663e-001
 3.1207243e-001
 3.7967074e-001
 4.0354225e-001
 4.0953183e-001
 4.1514298e-001
 4.2187738e-001
 4.3451241e-001
 4.5833224e-001
 4.7927257e-001
 4.9759451e-001
 5.1586932e-001
 5.3076792e-001
 5.3736335e-001
 5.4382455e-001
 5.4908603e-001
 5.5241936e-001
 5.5960953e-001
 5.6626093e-001
 5.7176936e-001
 5.7795048e-001
 5.8288896e-001
 5.8481437e-001
 5.8258086e-001
 5.7949418e-001
 5.7538855e-001
 5.6689668e-001
 5.5867976e-001
 5.6572342e-001
 5.6220609e-001
 5.5430329e-001
 5.5211592e-001
 5.4512894e-001
 5.4207927e-001
 5.3262717e-001
 5.2030516e-001
 4.9523920e-001
 4.5360047e-001
 4.2364532e-001
 3.9011982e-001
 3.9038637e-001
 4.3567657e-001
 4.4608775e-001
 4.3175861e-001
 4.1103792e-001
 3.8650787e-001
 3.6247405e-001
 3.3547190e-001
 3.3324900e-001
 3.3169821e-001
 3.2469231e-001
 3.1801546e-001
 3.1264636e-001
 3.0812985e-001
 3.0367568e-001
 2.9663604e-001
 2.8640887e-001
 2.7437216e-001
 2.6238456e-001
 2.5199097e-001
