s07_AV97 Record=83: Adularia GDS57 Orthoclase     BECKb AREF
 6.9172883e-001
 6.9957680e-001
 7.0990741e-001
 7.1731973e-001
 7.2316855e-001
 7.2961587e-001
 7.3533398e-001
 7.4172473e-001
 7.4785501e-001
 7.5254428e-001
 7.5597191e-001
 7.6032811e-001
 7.6367694e-001
 7.6794732e-001
 7.7139091e-001
 7.7435279e-001
 7.7798986e-001
 7.7941245e-001
 7.8199339e-001
 7.8461903e-001
 7.8586763e-001
 7.8653741e-001
 7.8775674e-001
 7.8872371e-001
 7.8926706e-001
 7.9095340e-001
 7.9062766e-001
 7.9136413e-001
 7.9177409e-001
 7.9220307e-001
 7.9361939e-001
 7.9340345e-001
 7.9361594e-001
 7.9330701e-001
 7.9394436e-001
 7.9413396e-001
 7.9641122e-001
 7.9696423e-001
 7.9834676e-001
 7.9902601e-001
 7.9926419e-001
 8.0253053e-001
 8.0397534e-001
 8.0486292e-001
 8.0627596e-001
 8.0738008e-001
 8.0784702e-001
 8.0869269e-001
 8.0941904e-001
 8.1054622e-001
 8.1007636e-001
 8.0984169e-001
 8.0848312e-001
 8.1004751e-001
 8.1111455e-001
 8.1055129e-001
 8.0708110e-001
 8.1010449e-001
 8.0990666e-001
 8.0789655e-001
 8.0952084e-001
 8.0545634e-001
 8.0677378e-001
 8.0823374e-001
 8.1049317e-001
 8.0830801e-001
 8.1035876e-001
 8.0788368e-001
 8.1018037e-001
 8.0941182e-001
 8.0863512e-001
 8.0843532e-001
 8.0757743e-001
 8.0926144e-001
 8.0858773e-001
 8.0992365e-001
 8.0854112e-001
 8.1148046e-001
 8.0943882e-001
 8.0923063e-001
 8.0767131e-001
 8.1139153e-001
 8.0943424e-001
 8.1050289e-001
 8.0948246e-001
 8.1028461e-001
 8.0821210e-001
 8.0784130e-001
 8.1190467e-001
 8.1267107e-001
 8.1154794e-001
 8.1399053e-001
 8.1478345e-001
 8.1325912e-001
 8.1440645e-001
 8.1504166e-001
 8.1392193e-001
 8.1501490e-001
 8.1423420e-001
 8.1471914e-001
 8.1689656e-001
 8.1575114e-001
 8.1640434e-001
 8.1563401e-001
 8.1664652e-001
 8.1557328e-001
 8.1800032e-001
 8.1915259e-001
 8.2049072e-001
 8.1893432e-001
 8.1791031e-001
 8.1621283e-001
 8.1733209e-001
 8.1975853e-001
 8.2009900e-001
 8.1850940e-001
 8.2081282e-001
 8.2069814e-001
 8.2058048e-001
 8.2086033e-001
 8.2297033e-001
 8.2052648e-001
 8.2399088e-001
 8.2361692e-001
 8.2436287e-001
 8.2289660e-001
 8.2492453e-001
 8.2669538e-001
 8.2697827e-001
 8.2644409e-001
 8.2723671e-001
 8.2627463e-001
 8.2635432e-001
 8.2513899e-001
 8.2832295e-001
 8.2659841e-001
 8.2751912e-001
 8.2560867e-001
 8.2780731e-001
 8.2671553e-001
 8.2545751e-001
 8.2969362e-001
 8.2985020e-001
 8.2926649e-001
 8.2874328e-001
 8.3104753e-001
 8.2961476e-001
 8.2861620e-001
 8.3077240e-001
 8.3572042e-001
 8.3316630e-001
 8.3303761e-001
 8.2927650e-001
 8.2973659e-001
 8.2825935e-001
 8.2824481e-001
 8.3122498e-001
 8.3014280e-001
 8.2611352e-001
 8.2572734e-001
 8.2545501e-001
 8.2471991e-001
 8.2198447e-001
 8.1891012e-001
 8.1448019e-001
 8.1698895e-001
 8.1923884e-001
 8.1976229e-001
 8.2120866e-001
 8.2070374e-001
 8.2240087e-001
 8.2574886e-001
 8.2720780e-001
 8.2651317e-001
 8.2621026e-001
 8.2676202e-001
 8.2984138e-001
 8.3123535e-001
 8.3096933e-001
 8.3691907e-001
 8.3565992e-001
 8.3372873e-001
 8.3119786e-001
 8.3261669e-001
 8.3553797e-001
 8.3870453e-001
 8.4140652e-001
 8.3729696e-001
 8.3531618e-001
 8.3324856e-001
 8.2887685e-001
 8.3489418e-001
 8.3062381e-001
 8.3079189e-001
 8.3341640e-001
 8.2599926e-001
 8.2709086e-001
 8.2862586e-001
 8.2935214e-001
 8.2752484e-001
 8.2631791e-001
 8.2939607e-001
 8.3341688e-001
 8.2598531e-001
 8.3408469e-001
 8.2811004e-001
 8.2914406e-001
 8.2782483e-001
 8.3083355e-001
 8.2970548e-001
 8.2873863e-001
 8.3251762e-001
 8.3107853e-001
 8.2834733e-001
 8.2609278e-001
 8.2391447e-001
 8.2175153e-001
 8.1968147e-001
 8.1824058e-001
 8.1764561e-001
 8.1825972e-001
 8.1892633e-001
 8.1822610e-001
 8.1535619e-001
