s07_AV97 Record=2431: Olivine HS285.4B Fo80        ASDFRb AREF
 1.1364016e-001
 1.2137959e-001
 1.2844042e-001
 1.3845810e-001
 1.5529612e-001
 1.6594037e-001
 1.7085934e-001
 1.7729637e-001
 1.8048589e-001
 1.8826678e-001
 2.0226608e-001
 2.1987857e-001
 2.3039265e-001
 2.4602161e-001
 2.8121936e-001
 3.0305555e-001
 3.2254443e-001
 3.4899318e-001
 3.7826622e-001
 3.9919764e-001
 4.0754104e-001
 4.0496895e-001
 3.9631659e-001
 3.8496345e-001
 3.6913028e-001
 3.4978077e-001
 3.3085054e-001
 3.2029653e-001
 3.2121420e-001
 3.2629687e-001
 3.2863024e-001
 3.2630217e-001
 3.2875624e-001
 3.2714781e-001
 3.1935492e-001
 3.0400801e-001
 2.8749523e-001
 2.6950794e-001
 2.5092405e-001
 2.3211743e-001
 2.1320406e-001
 1.9445650e-001
 1.7702667e-001
 1.6144250e-001
 1.4788710e-001
 1.3640992e-001
 1.2679724e-001
 1.1878096e-001
 1.1216121e-001
 1.0669868e-001
 1.0210967e-001
 9.8257795e-002
 9.5012814e-002
 9.2151113e-002
 8.9524753e-002
 8.7013893e-002
 8.4433183e-002
 8.1702955e-002
 7.8860968e-002
 7.5825132e-002
 7.2672516e-002
 6.9585346e-002
 6.6533223e-002
 6.3680999e-002
 6.1108653e-002
 5.8786541e-002
 5.6806121e-002
 5.5041950e-002
 5.3858072e-002
 5.2286573e-002
 5.1742353e-002
 5.0824597e-002
 5.0187368e-002
 5.0382897e-002
 5.0170552e-002
 5.0781760e-002
 5.1242553e-002
 5.2092846e-002
 5.3521723e-002
 5.4125682e-002
 5.5458661e-002
 5.6406740e-002
 5.7659283e-002
 5.8940493e-002
 6.0064461e-002
 6.1213944e-002
 6.2221218e-002
 6.3168757e-002
 6.4241052e-002
 6.5137185e-002
 6.6311337e-002
 6.7599326e-002
 6.8799131e-002
 7.0168950e-002
 7.1367286e-002
 7.2988577e-002
 7.0572622e-002
 7.2229765e-002
 7.3977672e-002
 7.5886689e-002
 7.8083001e-002
 8.0470845e-002
 8.3487913e-002
 8.6519957e-002
 9.0027437e-002
 9.3978040e-002
 9.8379724e-002
 1.0367437e-001
 1.0905910e-001
 1.1522575e-001
 1.2197278e-001
 1.2942481e-001
 1.3754673e-001
 1.4639784e-001
 1.5619537e-001
 1.6659334e-001
 1.7695601e-001
 1.8919165e-001
 2.0219591e-001
 2.1628447e-001
 2.3089096e-001
 2.4669708e-001
 2.6318064e-001
 2.8071660e-001
 2.9883811e-001
 3.1769305e-001
 3.3698037e-001
 3.5669562e-001
 3.7663192e-001
 3.9697134e-001
 4.1705829e-001
 4.3731856e-001
 4.5730671e-001
 4.7660211e-001
 4.9549326e-001
 5.1382601e-001
 5.3178370e-001
 5.4949033e-001
 5.6638855e-001
 5.8082694e-001
 5.9625989e-001
 6.1035162e-001
 6.2367797e-001
 6.3582218e-001
 6.4726406e-001
 6.5890068e-001
 6.6926932e-001
 6.7856431e-001
 6.8778467e-001
 6.9702768e-001
 7.0503783e-001
 7.1241331e-001
 7.1904635e-001
 7.2522479e-001
 7.3003274e-001
 7.3740965e-001
 7.4384290e-001
 7.4956167e-001
 7.5454485e-001
 7.5703382e-001
 7.5635719e-001
 7.5718057e-001
 7.5580680e-001
 7.5389689e-001
 7.5634259e-001
 7.6053047e-001
 7.6409531e-001
 7.6706749e-001
 7.7071887e-001
 7.7462751e-001
 7.7753687e-001
 7.7998769e-001
 7.8324336e-001
 7.8639507e-001
 7.8895283e-001
 7.9234123e-001
 7.9471815e-001
 7.9744768e-001
 8.0013067e-001
 8.0200189e-001
 8.0368060e-001
 8.0568296e-001
 8.0657452e-001
 8.0766678e-001
 8.0933130e-001
 8.0963904e-001
 8.0966997e-001
 8.0958170e-001
 8.0914807e-001
 8.0882961e-001
 8.0777425e-001
 8.0741417e-001
 8.0685627e-001
 8.0698353e-001
 8.0703557e-001
 8.0659568e-001
 8.0595839e-001
 8.0550534e-001
 8.0436647e-001
 8.0225265e-001
 8.0009830e-001
 7.9614919e-001
 7.9261690e-001
 7.8691536e-001
 7.9011512e-001
 7.9604489e-001
 7.9514605e-001
 7.9051715e-001
 7.9121912e-001
 7.9073054e-001
 7.8876555e-001
 7.8579575e-001
 7.8548211e-001
 7.8516102e-001
 7.8343588e-001
 7.8182924e-001
 7.7885997e-001
 7.7676082e-001
 7.7345890e-001
 7.7174401e-001
 7.6831484e-001
 7.6704073e-001
 7.6920211e-001
-1.2300000e+034
