s07_AV97 Record=3213: Thuringite SMR-15.b  80um     NIC4a RREF
-1.2300000e+034
-1.2300000e+034
-1.2300000e+034
-1.2300000e+034
-1.2300000e+034
-1.2300000e+034
-1.2300000e+034
-1.2300000e+034
-1.2300000e+034
-1.2300000e+034
-1.2300000e+034
-1.2300000e+034
-1.2300000e+034
-1.2300000e+034
-1.2300000e+034
-1.2300000e+034
-1.2300000e+034
-1.2300000e+034
-1.2300000e+034
-1.2300000e+034
-1.2300000e+034
-1.2300000e+034
-1.2300000e+034
-1.2300000e+034
-1.2300000e+034
-1.2300000e+034
-1.2300000e+034
-1.2300000e+034
-1.2300000e+034
-1.2300000e+034
-1.2300000e+034
-1.2300000e+034
-1.2300000e+034
-1.2300000e+034
-1.2300000e+034
-1.2300000e+034
-1.2300000e+034
-1.2300000e+034
-1.2300000e+034
-1.2300000e+034
-1.2300000e+034
-1.2300000e+034
-1.2300000e+034
-1.2300000e+034
-1.2300000e+034
-1.2300000e+034
-1.2300000e+034
-1.2300000e+034
-1.2300000e+034
-1.2300000e+034
-1.2300000e+034
-1.2300000e+034
-1.2300000e+034
-1.2300000e+034
-1.2300000e+034
-1.2300000e+034
-1.2300000e+034
-1.2300000e+034
-1.2300000e+034
-1.2300000e+034
-1.2300000e+034
-1.2300000e+034
-1.2300000e+034
-1.2300000e+034
-1.2300000e+034
-1.2300000e+034
-1.2300000e+034
-1.2300000e+034
-1.2300000e+034
-1.2300000e+034
-1.2300000e+034
-1.2300000e+034
-1.2300000e+034
-1.2300000e+034
-1.2300000e+034
-1.2300000e+034
-1.2300000e+034
-1.2300000e+034
-1.2300000e+034
-1.2300000e+034
-1.2300000e+034
-1.2300000e+034
-1.2300000e+034
-1.2300000e+034
-1.2300000e+034
-1.2300000e+034
-1.2300000e+034
-1.2300000e+034
-1.2300000e+034
-1.2300000e+034
-1.2300000e+034
-1.2300000e+034
-1.2300000e+034
-1.2300000e+034
-1.2300000e+034
-1.2300000e+034
-1.2300000e+034
-1.2300000e+034
-1.2300000e+034
-1.2300000e+034
-1.2300000e+034
 1.7643645e-001
 1.9436525e-001
 2.1114089e-001
 2.2510736e-001
 2.3663177e-001
 2.4581829e-001
 2.5289482e-001
 2.5868252e-001
 2.6337466e-001
 2.6372159e-001
 2.5283813e-001
 2.4714151e-001
 2.6625448e-001
 2.7537498e-001
 2.7819860e-001
 2.8216079e-001
 2.8699246e-001
 2.9207739e-001
 2.9707226e-001
 3.0198196e-001
 3.0663091e-001
 3.1098449e-001
 3.1491247e-001
 3.1930968e-001
 3.2411325e-001
 3.2951012e-001
 3.3517331e-001
 3.4095734e-001
 3.4681553e-001
 3.5279554e-001
 3.5924792e-001
 3.6587912e-001
 3.7272653e-001
 3.7935239e-001
 3.8566303e-001
 3.9146528e-001
 3.9734733e-001
 4.0333754e-001
 4.0937835e-001
 4.1542053e-001
 4.2138463e-001
 4.2690608e-001
 4.3187907e-001
 4.3665579e-001
 4.4161373e-001
 4.4666162e-001
 4.5168781e-001
 4.5665321e-001
 4.6122423e-001
 4.6518424e-001
 4.6871412e-001
 4.7179106e-001
 4.7497469e-001
 4.7848859e-001
 4.8174861e-001
 4.8440158e-001
 4.8644152e-001
 4.8808318e-001
 4.8913902e-001
 4.8874336e-001
 4.9044111e-001
 4.9318030e-001
 4.9660322e-001
 5.0048631e-001
 5.0429654e-001
 5.0697953e-001
 5.0780761e-001
 5.0726140e-001
 5.0663930e-001
 5.0481755e-001
 5.0126863e-001
 4.9840775e-001
 4.9869922e-001
 5.0312871e-001
 5.1135230e-001
 5.2162075e-001
 5.3157061e-001
 5.3954673e-001
 5.4578853e-001
 5.5066854e-001
 5.5444294e-001
 5.5711597e-001
 5.5837494e-001
 5.5788255e-001
 5.5731440e-001
 5.5807883e-001
 5.5934387e-001
 5.5979145e-001
 5.5929863e-001
 5.5796653e-001
 5.5590355e-001
 5.5109793e-001
 5.4348338e-001
 5.3370541e-001
 5.1575184e-001
 4.8126504e-001
 4.2781138e-001
 3.8917774e-001
 3.9846110e-001
 4.2538866e-001
 4.3893403e-001
 4.3822020e-001
 4.2871946e-001
 4.1560599e-001
 4.0188098e-001
 3.8512650e-001
 3.6909723e-001
 3.6268800e-001
 3.7066936e-001
 3.9315155e-001
 4.1972476e-001
 4.3786046e-001
 4.4619468e-001
 4.4824848e-001
 4.4806865e-001
 4.4726738e-001
 4.4605902e-001
 4.4261664e-001
 4.3503457e-001
 4.2466694e-001
 4.1458857e-001
 4.0625325e-001
 4.0031299e-001
