s07_AV97 Record=801: Chlorite SMR-13.a 104-150um   NIC4a RREF
-1.2300000e+034
-1.2300000e+034
-1.2300000e+034
-1.2300000e+034
-1.2300000e+034
-1.2300000e+034
-1.2300000e+034
-1.2300000e+034
-1.2300000e+034
-1.2300000e+034
-1.2300000e+034
-1.2300000e+034
-1.2300000e+034
-1.2300000e+034
-1.2300000e+034
-1.2300000e+034
-1.2300000e+034
-1.2300000e+034
-1.2300000e+034
-1.2300000e+034
-1.2300000e+034
-1.2300000e+034
-1.2300000e+034
-1.2300000e+034
-1.2300000e+034
-1.2300000e+034
-1.2300000e+034
-1.2300000e+034
-1.2300000e+034
-1.2300000e+034
-1.2300000e+034
-1.2300000e+034
-1.2300000e+034
-1.2300000e+034
-1.2300000e+034
-1.2300000e+034
-1.2300000e+034
-1.2300000e+034
-1.2300000e+034
-1.2300000e+034
-1.2300000e+034
-1.2300000e+034
-1.2300000e+034
-1.2300000e+034
-1.2300000e+034
-1.2300000e+034
-1.2300000e+034
-1.2300000e+034
-1.2300000e+034
-1.2300000e+034
-1.2300000e+034
-1.2300000e+034
-1.2300000e+034
-1.2300000e+034
-1.2300000e+034
-1.2300000e+034
-1.2300000e+034
-1.2300000e+034
-1.2300000e+034
-1.2300000e+034
-1.2300000e+034
-1.2300000e+034
-1.2300000e+034
-1.2300000e+034
-1.2300000e+034
-1.2300000e+034
-1.2300000e+034
-1.2300000e+034
-1.2300000e+034
-1.2300000e+034
-1.2300000e+034
-1.2300000e+034
-1.2300000e+034
-1.2300000e+034
-1.2300000e+034
-1.2300000e+034
-1.2300000e+034
-1.2300000e+034
-1.2300000e+034
-1.2300000e+034
-1.2300000e+034
-1.2300000e+034
-1.2300000e+034
-1.2300000e+034
-1.2300000e+034
-1.2300000e+034
-1.2300000e+034
-1.2300000e+034
-1.2300000e+034
-1.2300000e+034
-1.2300000e+034
-1.2300000e+034
-1.2300000e+034
-1.2300000e+034
-1.2300000e+034
-1.2300000e+034
-1.2300000e+034
-1.2300000e+034
-1.2300000e+034
-1.2300000e+034
-1.2300000e+034
 1.5463863e-001
 1.8017423e-001
 2.0260993e-001
 2.2017901e-001
 2.3378240e-001
 2.4374919e-001
 2.5076717e-001
 2.5529796e-001
 2.4580982e-001
 2.3243934e-001
 2.4871364e-001
 2.5400436e-001
 2.5883591e-001
 2.6020002e-001
 2.6282591e-001
 2.6801136e-001
 2.7400646e-001
 2.7954575e-001
 2.8446376e-001
 2.8883940e-001
 2.9259950e-001
 2.9609689e-001
 2.9986838e-001
 3.0436018e-001
 3.0976138e-001
 3.1532529e-001
 3.2111722e-001
 3.2692176e-001
 3.3287907e-001
 3.3882633e-001
 3.4507331e-001
 3.5162085e-001
 3.5778967e-001
 3.6380804e-001
 3.6926952e-001
 3.7448239e-001
 3.7957063e-001
 3.8515657e-001
 3.9057827e-001
 3.9576176e-001
 4.0050846e-001
 4.0475670e-001
 4.0893400e-001
 4.1295502e-001
 4.1717190e-001
 4.2156020e-001
 4.2561626e-001
 4.2942581e-001
 4.3257728e-001
 4.3508771e-001
 4.3716192e-001
 4.3858758e-001
 4.4028294e-001
 4.4170949e-001
 4.4206280e-001
 4.4146946e-001
 4.4047889e-001
 4.3873590e-001
 4.3788058e-001
 4.3786496e-001
 4.3926379e-001
 4.4061542e-001
 4.4041440e-001
 4.4087279e-001
 4.4190609e-001
 4.4169375e-001
 4.3918288e-001
 4.3661565e-001
 4.3432415e-001
 4.3037283e-001
 4.2792115e-001
 4.2883843e-001
 4.3316084e-001
 4.4144475e-001
 4.5222461e-001
 4.6291089e-001
 4.7184956e-001
 4.7847164e-001
 4.8296833e-001
 4.8584354e-001
 4.8637071e-001
 4.8278305e-001
 4.7979528e-001
 4.7990391e-001
 4.8169932e-001
 4.8312569e-001
 4.8280758e-001
 4.8097417e-001
 4.7818866e-001
 4.7338578e-001
 4.6606123e-001
 4.5703992e-001
 4.4595888e-001
 4.3131670e-001
 4.0453142e-001
 3.6489218e-001
 3.4104267e-001
 3.4195134e-001
 3.4301522e-001
 3.3440560e-001
 3.0650693e-001
 2.8643051e-001
 2.7917537e-001
 2.6361871e-001
 2.5451103e-001
 2.5757402e-001
 2.6996163e-001
 2.8623900e-001
 3.0483800e-001
 3.1571987e-001
 3.1656894e-001
 3.2261443e-001
 3.3626562e-001
 3.4261271e-001
 3.3558390e-001
 3.2746971e-001
 3.1994969e-001
 3.0859733e-001
 2.9917568e-001
 2.9626086e-001
 2.9632702e-001
 2.9556695e-001
 2.9451257e-001
