s07_AV97 Record=3475: Witherite HS273.4B           ASDFRa AREF
 4.3009430e-001
 4.4669342e-001
 4.6568555e-001
 4.8526841e-001
 5.0440288e-001
 5.2170318e-001
 5.3827375e-001
 5.5358911e-001
 5.6838226e-001
 5.8313841e-001
 5.9726667e-001
 6.1058861e-001
 6.2324542e-001
 6.3520736e-001
 6.4674526e-001
 6.5840393e-001
 6.6949546e-001
 6.7952257e-001
 6.8838358e-001
 6.9617361e-001
 7.0294714e-001
 7.0864922e-001
 7.1438795e-001
 7.1984142e-001
 7.2467566e-001
 7.2883594e-001
 7.3348093e-001
 7.3894978e-001
 7.4441350e-001
 7.4989003e-001
 7.5518382e-001
 7.6032418e-001
 7.5434244e-001
 7.5934225e-001
 7.6428407e-001
 7.6902407e-001
 7.7353024e-001
 7.7772367e-001
 7.8162688e-001
 7.8494340e-001
 7.8828359e-001
 7.9131919e-001
 7.9412746e-001
 7.9663157e-001
 7.9876345e-001
 8.0062193e-001
 8.0230421e-001
 8.0435133e-001
 8.0652750e-001
 8.0844253e-001
 8.1015658e-001
 8.1179297e-001
 8.1354737e-001
 8.1531727e-001
 8.1699002e-001
 8.1882089e-001
 8.2046109e-001
 8.2202238e-001
 8.2360834e-001
 8.2509935e-001
 8.2657719e-001
 8.2774270e-001
 8.2890457e-001
 8.3007616e-001
 8.3116227e-001
 8.3232129e-001
 8.3342421e-001
 8.3454651e-001
 8.3586437e-001
 8.3705670e-001
 8.3803195e-001
 8.3860117e-001
 8.3926493e-001
 8.4015560e-001
 8.4080023e-001
 8.4204727e-001
 8.4274077e-001
 8.4358490e-001
 8.4412915e-001
 8.4474736e-001
 8.4558529e-001
 8.4628999e-001
 8.4650105e-001
 8.4692979e-001
 8.4759200e-001
 8.4798372e-001
 8.4810287e-001
 8.4867638e-001
 8.4918886e-001
 8.4988111e-001
 8.5031635e-001
 8.5099441e-001
 8.5158926e-001
 8.5205466e-001
 8.5242498e-001
 8.5262823e-001
 8.5220200e-001
 8.5258842e-001
 8.5304689e-001
 8.5336787e-001
 8.5362530e-001
 8.5344660e-001
 8.5346985e-001
 8.5357577e-001
 8.5328072e-001
 8.5282934e-001
 8.5227609e-001
 8.5182184e-001
 8.5078353e-001
 8.4837925e-001
 8.4468186e-001
 8.3956534e-001
 8.3520174e-001
 8.3196139e-001
 8.2967925e-001
 8.2812113e-001
 8.2797760e-001
 8.2853895e-001
 8.2979006e-001
 8.3091223e-001
 8.3253855e-001
 8.3424467e-001
 8.3602732e-001
 8.3871257e-001
 8.4250891e-001
 8.4420162e-001
 8.4500355e-001
 8.4525383e-001
 8.4440809e-001
 8.4398121e-001
 8.4120721e-001
 8.3510119e-001
 8.4282488e-001
 8.4755278e-001
 8.4875906e-001
 8.4885526e-001
 8.4798968e-001
 8.4622997e-001
 8.4444255e-001
 8.4001368e-001
 8.3289921e-001
 8.3845192e-001
 8.4001672e-001
 8.3563280e-001
 8.2913637e-001
 8.2154828e-001
 8.1342119e-001
 8.0732775e-001
 8.0568480e-001
 8.0559701e-001
 8.0028832e-001
 8.0234891e-001
 8.2519966e-001
 8.3015847e-001
 8.2754433e-001
 8.1987184e-001
 8.0907065e-001
 7.9129732e-001
 7.6646692e-001
 7.4641740e-001
 7.5341731e-001
 7.3662364e-001
 7.1201921e-001
 6.6572899e-001
 6.2809563e-001
 6.7684001e-001
 7.2030121e-001
 7.3329943e-001
 7.3999649e-001
 7.4543554e-001
 7.4837220e-001
 7.4226242e-001
 7.2598606e-001
 7.1665770e-001
 7.1227324e-001
 6.9125044e-001
 6.4389902e-001
 6.3562697e-001
 7.1963000e-001
 7.6835304e-001
 7.8596288e-001
 7.9284590e-001
 7.9627073e-001
 7.9809713e-001
 7.9759997e-001
 7.9257220e-001
 7.8262722e-001
 7.6430738e-001
 7.5055420e-001
 7.4485481e-001
 7.3360020e-001
 7.0760292e-001
 6.4821637e-001
 6.0680765e-001
 6.6006744e-001
 7.0630687e-001
 7.0281583e-001
 6.8700200e-001
 6.6271091e-001
 6.3463974e-001
 6.0531747e-001
 5.7389331e-001
 5.3843737e-001
 5.0049800e-001
 4.6099973e-001
 4.1909847e-001
 3.9126495e-001
 3.7747514e-001
 3.6124784e-001
 3.2786125e-001
 2.6400375e-001
 2.0953813e-001
 2.5930229e-001
 3.7594387e-001
 4.7356364e-001
 5.2141541e-001
 5.4800946e-001
 5.4871154e-001
 5.4694468e-001
 5.4160881e-001
 5.2709407e-001
 5.1024795e-001
 4.7841311e-001
-1.2300000e+034
