s07_AV97 Record=1467: Hematite FE2602               BECKb AREF
 5.1643185e-002
 5.4305580e-002
 5.6461144e-002
 5.8171354e-002
 5.9551209e-002
 6.0453806e-002
 6.0850207e-002
 6.0850658e-002
 6.0117614e-002
 5.9264295e-002
 5.8548402e-002
 5.8032349e-002
 5.7694118e-002
 5.7363216e-002
 5.7318237e-002
 5.7291560e-002
 5.7935815e-002
 5.9017427e-002
 5.9246276e-002
 6.0103726e-002
 6.1100587e-002
 6.3184954e-002
 6.7232981e-002
 7.2525695e-002
 7.7847093e-002
 8.1530266e-002
 8.4213898e-002
 8.6403772e-002
 8.8721052e-002
 9.1187805e-002
 9.4307736e-002
 9.8350689e-002
 9.3727969e-002
 9.7489998e-002
 1.0212460e-001
 1.0726444e-001
 1.1362670e-001
 1.2063085e-001
 1.2754199e-001
 1.3328958e-001
 1.3648623e-001
 1.3728422e-001
 1.3575204e-001
 1.3240044e-001
 1.2822072e-001
 1.2344439e-001
 1.1947707e-001
 1.1515688e-001
 1.1240119e-001
 1.0967605e-001
 1.0852365e-001
 1.0678679e-001
 1.0727837e-001
 1.0525583e-001
 1.0489921e-001
 1.0854290e-001
 1.1078153e-001
 1.1205645e-001
 1.1453819e-001
 1.1783069e-001
 1.2603067e-001
 1.3106248e-001
 1.3730514e-001
 1.4847729e-001
 1.5947935e-001
 1.6950713e-001
 1.8272501e-001
 1.9458646e-001
 2.0659806e-001
 2.1905597e-001
 2.3089543e-001
 2.3972525e-001
 2.4901126e-001
 2.5778440e-001
 2.6507202e-001
 2.7343827e-001
 2.8027892e-001
 2.8822818e-001
 2.9604009e-001
 3.0193698e-001
 3.1032991e-001
 3.1657240e-001
 3.2314375e-001
 3.2895863e-001
 3.3354402e-001
 3.3795455e-001
 3.4219059e-001
 3.4562317e-001
 3.4674335e-001
 3.4845623e-001
 3.4865621e-001
 3.4883836e-001
 3.5072014e-001
 3.5073799e-001
 3.5102722e-001
 3.5098585e-001
 3.5082883e-001
 3.5101029e-001
 3.5078692e-001
 3.5045740e-001
 3.5030317e-001
 3.5015938e-001
 3.5007277e-001
 3.5001034e-001
 3.4959936e-001
 3.4861568e-001
 3.4814611e-001
 3.4850836e-001
 3.4882087e-001
 3.4846309e-001
 3.4792265e-001
 3.4805557e-001
 3.4719083e-001
 3.4851941e-001
 3.4859592e-001
 3.4900522e-001
 3.4951651e-001
 3.4969869e-001
 3.4900147e-001
 3.4830549e-001
 3.4878924e-001
 3.4865481e-001
 3.4996262e-001
 3.5079360e-001
 3.5029486e-001
 3.4993735e-001
 3.5083082e-001
 3.5171559e-001
 3.5109553e-001
 3.5104629e-001
 3.5167348e-001
 3.5196778e-001
 3.5137343e-001
 3.5227868e-001
 3.5235077e-001
 3.5374072e-001
 3.5378480e-001
 3.5346982e-001
 3.5346645e-001
 3.5324782e-001
 3.5455534e-001
 3.5900739e-001
 3.5746717e-001
 3.5596985e-001
 3.5583177e-001
 3.5763228e-001
 3.5839713e-001
 3.5915744e-001
 3.5822302e-001
 3.5979599e-001
 3.6220664e-001
 3.6084527e-001
 3.6074227e-001
 3.5968810e-001
 3.6146626e-001
 3.6230975e-001
 3.6458454e-001
 3.6315820e-001
 3.6384475e-001
 3.6373070e-001
 3.6431497e-001
 3.6356929e-001
 3.6523116e-001
 3.6556706e-001
 3.6600932e-001
 3.6653280e-001
 3.6761841e-001
 3.6873588e-001
 3.6931980e-001
 3.7029544e-001
 3.7196684e-001
 3.7263390e-001
 3.7451941e-001
 3.7495056e-001
 3.7509179e-001
 3.7581998e-001
 3.7794602e-001
 3.7760982e-001
 3.7970695e-001
 3.8060135e-001
 3.8144988e-001
 3.8207951e-001
 3.8221395e-001
 3.8506699e-001
 3.8538113e-001
 3.8511065e-001
 3.8778418e-001
 3.8903818e-001
 3.8855812e-001
 3.8643473e-001
 3.8690019e-001
 3.8762239e-001
 3.8792142e-001
 3.8797668e-001
 3.8728264e-001
 3.8927510e-001
 3.8914239e-001
 3.8899752e-001
 3.9160058e-001
 3.9122862e-001
 3.9205664e-001
 3.9578453e-001
 3.9336136e-001
 3.9819959e-001
 3.9644733e-001
 3.9848384e-001
 3.9804646e-001
 3.9822400e-001
 3.9905784e-001
 3.9953348e-001
 4.0089336e-001
 4.0369904e-001
 4.0461975e-001
 4.0419590e-001
 4.0367147e-001
 4.0401983e-001
 4.0496367e-001
 4.0593699e-001
 4.0669239e-001
 4.0741608e-001
 4.0803766e-001
 4.0857434e-001
 4.0904278e-001
 4.0945548e-001
