s07_AV97 Record=2609: Phlogopite WS675             NIC4cb RREF
-1.2300000e+034
-1.2300000e+034
-1.2300000e+034
-1.2300000e+034
-1.2300000e+034
-1.2300000e+034
-1.2300000e+034
-1.2300000e+034
-1.2300000e+034
-1.2300000e+034
-1.2300000e+034
-1.2300000e+034
-1.2300000e+034
-1.2300000e+034
-1.2300000e+034
-1.2300000e+034
-1.2300000e+034
-1.2300000e+034
-1.2300000e+034
-1.2300000e+034
-1.2300000e+034
-1.2300000e+034
-1.2300000e+034
-1.2300000e+034
-1.2300000e+034
-1.2300000e+034
-1.2300000e+034
-1.2300000e+034
-1.2300000e+034
-1.2300000e+034
-1.2300000e+034
-1.2300000e+034
-1.2300000e+034
-1.2300000e+034
-1.2300000e+034
-1.2300000e+034
-1.2300000e+034
-1.2300000e+034
-1.2300000e+034
-1.2300000e+034
-1.2300000e+034
-1.2300000e+034
-1.2300000e+034
-1.2300000e+034
-1.2300000e+034
-1.2300000e+034
-1.2300000e+034
-1.2300000e+034
-1.2300000e+034
-1.2300000e+034
-1.2300000e+034
-1.2300000e+034
-1.2300000e+034
-1.2300000e+034
-1.2300000e+034
-1.2300000e+034
-1.2300000e+034
-1.2300000e+034
-1.2300000e+034
-1.2300000e+034
-1.2300000e+034
-1.2300000e+034
-1.2300000e+034
-1.2300000e+034
-1.2300000e+034
-1.2300000e+034
-1.2300000e+034
-1.2300000e+034
-1.2300000e+034
-1.2300000e+034
-1.2300000e+034
-1.2300000e+034
-1.2300000e+034
-1.2300000e+034
-1.2300000e+034
-1.2300000e+034
-1.2300000e+034
-1.2300000e+034
-1.2300000e+034
-1.2300000e+034
-1.2300000e+034
-1.2300000e+034
-1.2300000e+034
-1.2300000e+034
-1.2300000e+034
-1.2300000e+034
-1.2300000e+034
-1.2300000e+034
-1.2300000e+034
-1.2300000e+034
-1.2300000e+034
-1.2300000e+034
-1.2300000e+034
-1.2300000e+034
-1.2300000e+034
-1.2300000e+034
-1.2300000e+034
-1.2300000e+034
-1.2300000e+034
-1.2300000e+034
-1.2300000e+034
-1.2300000e+034
-1.2300000e+034
-1.2300000e+034
-1.2300000e+034
-1.2300000e+034
-1.2300000e+034
-1.2300000e+034
-1.2300000e+034
-1.2300000e+034
-1.2300000e+034
-1.2300000e+034
-1.2300000e+034
-1.2300000e+034
-1.2300000e+034
-1.2300000e+034
-1.2300000e+034
-1.2300000e+034
-1.2300000e+034
-1.2300000e+034
-1.2300000e+034
-1.2300000e+034
-1.2300000e+034
-1.2300000e+034
-1.2300000e+034
-1.2300000e+034
-1.2300000e+034
-1.2300000e+034
-1.2300000e+034
-1.2300000e+034
-1.2300000e+034
-1.2300000e+034
 5.6455451e-001
 5.7105744e-001
 5.7720125e-001
 5.8288413e-001
 5.8842915e-001
 5.9370077e-001
 5.9875494e-001
 6.0356611e-001
 6.0792071e-001
 6.1163658e-001
 6.1535203e-001
 6.1876786e-001
 6.2230444e-001
 6.2594509e-001
 6.2938881e-001
 6.3282621e-001
 6.3550436e-001
 6.3796747e-001
 6.4030486e-001
 6.4290661e-001
 6.4551210e-001
 6.4829189e-001
 6.5084791e-001
 6.5331310e-001
 6.5520334e-001
 6.5649414e-001
 6.5708315e-001
 6.5644592e-001
 6.5660417e-001
 6.5649199e-001
 6.5546441e-001
 6.5441251e-001
 6.5520996e-001
 6.5761137e-001
 6.6017902e-001
 6.6243404e-001
 6.6445380e-001
 6.6620392e-001
 6.6802108e-001
 6.7005849e-001
 6.7223257e-001
 6.7417920e-001
 6.7589504e-001
 6.7707235e-001
 6.7805284e-001
 6.7873991e-001
 6.7910618e-001
 6.7823869e-001
 6.7544723e-001
 6.7465091e-001
 6.7578775e-001
 6.7724049e-001
 6.7850000e-001
 6.8041188e-001
 6.8214178e-001
 6.8336844e-001
 6.8386096e-001
 6.8446815e-001
 6.8473154e-001
 6.8445277e-001
 6.8382847e-001
 6.8309706e-001
 6.8259615e-001
 6.7926377e-001
 6.6827410e-001
 6.6008985e-001
 6.6566020e-001
 6.6651309e-001
 6.5789980e-001
 6.4060521e-001
 6.2128443e-001
 5.9750688e-001
 5.7435757e-001
 5.7021111e-001
 5.9354538e-001
 6.1181945e-001
 6.1358869e-001
 6.0261965e-001
 5.8598822e-001
 5.9091222e-001
 6.0967785e-001
 6.1777502e-001
 6.2243146e-001
 6.2144023e-001
 6.1576796e-001
 6.1549431e-001
 6.2081146e-001
 6.2515891e-001
 6.2661040e-001
 6.2739009e-001
 6.2605643e-001
 6.2563467e-001
