s07_AV97 Record=2417: Olivine GDS71.a Fo91 65um     BECKb AREF
 3.6483702e-001
 3.8251841e-001
 3.9548689e-001
 4.0945125e-001
 4.3266007e-001
 4.4627556e-001
 4.5095173e-001
 4.5632476e-001
 4.5642534e-001
 4.6310547e-001
 4.7500759e-001
 4.9049458e-001
 4.9356762e-001
 5.0155222e-001
 5.1914763e-001
 5.2717024e-001
 5.3299636e-001
 5.4166281e-001
 5.4966718e-001
 5.5405718e-001
 5.5435908e-001
 5.5339348e-001
 5.4908878e-001
 5.4429185e-001
 5.3823245e-001
 5.3227204e-001
 5.2709407e-001
 5.2496403e-001
 5.2734137e-001
 5.3330708e-001
 5.3592932e-001
 5.3286779e-001
 5.3601545e-001
 5.3368664e-001
 5.2868748e-001
 5.2153105e-001
 5.1379913e-001
 5.0280887e-001
 4.9236578e-001
 4.7876751e-001
 4.6487102e-001
 4.4886023e-001
 4.3288401e-001
 4.1738871e-001
 4.0401813e-001
 3.9018425e-001
 3.7934262e-001
 3.6713648e-001
 3.5770610e-001
 3.4909171e-001
 3.4004191e-001
 3.3177933e-001
 3.2511351e-001
 3.1780773e-001
 3.1129068e-001
 3.0717817e-001
 2.9889232e-001
 2.9200822e-001
 2.8318867e-001
 2.7316037e-001
 2.5696290e-001
 2.5208679e-001
 2.3681165e-001
 2.2281747e-001
 2.1378347e-001
 2.0315167e-001
 1.9524767e-001
 1.8761259e-001
 1.7772667e-001
 1.7434585e-001
 1.7060897e-001
 1.6837005e-001
 1.6868119e-001
 1.6635425e-001
 1.6790594e-001
 1.7195266e-001
 1.7625625e-001
 1.8069281e-001
 1.8580720e-001
 1.9303402e-001
 1.9852053e-001
 2.0447789e-001
 2.0887837e-001
 2.1398549e-001
 2.1824361e-001
 2.2129507e-001
 2.2333501e-001
 2.2676323e-001
 2.3006240e-001
 2.3284927e-001
 2.3526172e-001
 2.3924613e-001
 2.4282601e-001
 2.4520542e-001
 2.5105348e-001
 2.5597870e-001
 2.4765541e-001
 2.5375053e-001
 2.5766873e-001
 2.6309422e-001
 2.6916495e-001
 2.7514395e-001
 2.8109136e-001
 2.8826043e-001
 2.9554516e-001
 3.0435830e-001
 3.0978203e-001
 3.2055596e-001
 3.3051240e-001
 3.3816090e-001
 3.4950894e-001
 3.6005369e-001
 3.7078589e-001
 3.8342568e-001
 3.9494064e-001
 4.0433994e-001
 4.1652951e-001
 4.2655590e-001
 4.3750927e-001
 4.4848263e-001
 4.6075839e-001
 4.7218993e-001
 4.8146427e-001
 4.9203369e-001
 5.0258696e-001
 5.0928640e-001
 5.1797551e-001
 5.2788270e-001
 5.3537118e-001
 5.4388314e-001
 5.5152190e-001
 5.5615854e-001
 5.5955511e-001
 5.6534082e-001
 5.7032365e-001
 5.7529265e-001
 5.8148253e-001
 5.8354992e-001
 5.8355218e-001
 5.8817875e-001
 5.9203845e-001
 5.9206218e-001
 5.9554070e-001
 5.9549612e-001
 5.9947586e-001
 6.0066813e-001
 6.0011810e-001
 6.0308087e-001
 6.0343933e-001
 6.0422254e-001
 6.0469830e-001
 6.0247010e-001
 6.0150307e-001
 6.0524738e-001
 6.0459393e-001
 6.0256076e-001
 6.0147655e-001
 6.0431588e-001
 6.0464698e-001
 6.0413879e-001
 6.0395819e-001
 6.0371566e-001
 6.0189074e-001
 6.0032696e-001
 6.0085547e-001
 6.0307240e-001
 6.0293609e-001
 6.0397035e-001
 6.0387832e-001
 6.0408586e-001
 6.0468358e-001
 6.0552800e-001
 6.0510325e-001
 6.0456216e-001
 6.0360152e-001
 6.1082947e-001
 6.0794181e-001
 6.0770118e-001
 6.0794145e-001
 6.0803956e-001
 6.0943204e-001
 6.1379308e-001
 6.1363441e-001
 6.1177677e-001
 6.1194223e-001
 6.1572152e-001
 6.1987364e-001
 6.1689210e-001
 6.1120993e-001
 6.0900450e-001
 6.0857004e-001
 6.0891622e-001
 6.0854697e-001
 6.1175358e-001
 6.0829771e-001
 6.0420918e-001
 6.0470086e-001
 6.0470843e-001
 6.0412186e-001
 6.0079068e-001
 6.0447204e-001
 6.0220760e-001
 5.9828919e-001
 5.9507608e-001
 5.9787178e-001
 6.0018635e-001
 5.9859461e-001
 6.0259140e-001
 6.0755092e-001
 6.0636348e-001
 6.0365003e-001
 6.0145801e-001
 6.0311568e-001
 6.0343534e-001
 6.0188121e-001
 6.0046887e-001
 5.9951669e-001
 5.9888971e-001
 5.9855741e-001
 5.9843135e-001
 5.9850806e-001
 5.9861296e-001
 5.9854728e-001
 5.9820378e-001
