s07_AV97 Record=544: Bassanite GDS145 (syn)        BECKa AREF
 6.6547990e-001
 6.8002295e-001
 6.9553304e-001
 7.0976889e-001
 7.2379434e-001
 7.3542517e-001
 7.4785990e-001
 7.5958443e-001
 7.7147377e-001
 7.8367221e-001
 7.9427952e-001
 8.0425084e-001
 8.1417787e-001
 8.2368958e-001
 8.3223665e-001
 8.4050977e-001
 8.4838361e-001
 8.5516065e-001
 8.6125618e-001
 8.6660308e-001
 8.7146991e-001
 8.7735522e-001
 8.8303089e-001
 8.8682848e-001
 8.9077216e-001
 8.9403999e-001
 8.9712375e-001
 8.9999074e-001
 9.0351611e-001
 9.0619177e-001
 9.0835488e-001
 9.1016454e-001
 9.0807974e-001
 9.0970594e-001
 9.1189826e-001
 9.1464037e-001
 9.1538393e-001
 9.1643226e-001
 9.1800201e-001
 9.1878736e-001
 9.2023343e-001
 9.2039585e-001
 9.2172611e-001
 9.2266345e-001
 9.2369962e-001
 9.2526966e-001
 9.2612827e-001
 9.2622417e-001
 9.2690539e-001
 9.2748898e-001
 9.2630881e-001
 9.2531842e-001
 9.2473817e-001
 9.2408890e-001
 9.2410433e-001
 9.2458558e-001
 9.2520565e-001
 9.2278224e-001
 9.2172498e-001
 9.1745228e-001
 9.2227757e-001
 9.1460896e-001
 9.1092700e-001
 9.1042078e-001
 9.0462941e-001
 9.0479618e-001
 9.0892285e-001
 9.1291082e-001
 9.1622746e-001
 9.1774577e-001
 9.1914874e-001
 9.2038894e-001
 9.2127126e-001
 9.2019922e-001
 9.2118287e-001
 9.2108339e-001
 9.2169863e-001
 9.1889840e-001
 9.1643912e-001
 9.1315669e-001
 9.1558582e-001
 9.1050738e-001
 9.0273541e-001
 8.8893044e-001
 8.6282063e-001
 8.6521864e-001
 8.8291949e-001
 8.8887757e-001
 8.8985807e-001
 8.9204454e-001
 8.9595145e-001
 8.9808708e-001
 9.0042943e-001
 9.0163314e-001
 9.0252674e-001
 8.9977318e-001
 9.0247244e-001
 9.0126914e-001
 8.9995986e-001
 8.9890426e-001
 8.9650393e-001
 8.9214826e-001
 8.8590539e-001
 8.7513888e-001
 8.5508394e-001
 8.3891165e-001
 8.3943212e-001
 8.3832151e-001
 8.2568938e-001
 7.9341310e-001
 7.5610340e-001
 7.3509312e-001
 6.8926507e-001
 6.4647436e-001
 6.4731294e-001
 6.7846119e-001
 7.1466261e-001
 7.3587042e-001
 7.2858226e-001
 7.4279779e-001
 7.6510900e-001
 7.8415281e-001
 7.9816860e-001
 8.0351198e-001
 8.0253112e-001
 8.0502939e-001
 8.1683117e-001
 8.2693505e-001
 8.3448285e-001
 8.3985633e-001
 8.4130436e-001
 8.4864098e-001
 8.5023999e-001
 8.5314441e-001
 8.5624146e-001
 8.5659736e-001
 8.5874814e-001
 8.5429448e-001
 8.4778267e-001
 8.4335995e-001
 8.3912849e-001
 8.3132505e-001
 8.1943434e-001
 8.0610448e-001
 7.8713989e-001
 7.6802188e-001
 7.5021940e-001
 7.3762423e-001
 7.3254251e-001
 7.3316801e-001
 7.4275154e-001
 7.5540507e-001
 7.6877677e-001
 7.7521706e-001
 7.7460015e-001
 7.6629674e-001
 7.5284314e-001
 7.3508495e-001
 7.0666289e-001
 6.6347444e-001
 6.7899072e-001
 6.2282604e-001
 5.3944516e-001
 4.1481137e-001
 3.0775693e-001
 3.2848501e-001
 3.9837286e-001
 4.2467895e-001
 4.7024438e-001
 5.0965482e-001
 5.2728420e-001
 5.5350369e-001
 5.9628582e-001
 6.3748240e-001
 6.5908986e-001
 6.7404723e-001
 6.8034250e-001
 6.8310815e-001
 6.8096179e-001
 6.7407024e-001
 6.6602200e-001
 6.5562993e-001
 6.4566022e-001
 6.4150906e-001
 6.4338434e-001
 6.4265645e-001
 6.4211005e-001
 6.4233667e-001
 6.3495773e-001
 6.2972420e-001
 6.2393636e-001
 6.1623019e-001
 6.1042666e-001
 6.0278589e-001
 5.9284002e-001
 5.9019154e-001
 5.8853543e-001
 5.8225828e-001
 5.7147408e-001
 5.6331533e-001
 5.6350142e-001
 5.6364167e-001
 5.6576675e-001
 5.6347537e-001
 5.6622082e-001
 5.6422305e-001
 5.5534017e-001
 5.4444301e-001
 5.2685165e-001
 5.0739706e-001
 4.9049440e-001
 4.6803486e-001
 4.4536626e-001
 4.1829148e-001
 3.8901672e-001
 3.6267039e-001
 3.3983925e-001
 3.1996515e-001
 3.0470729e-001
 2.9110321e-001
 2.8147709e-001
 2.7629831e-001
 2.7603528e-001
 2.8059232e-001
