s07_AV97 Record=941: Cookeite CAr-1.c <30um        BECKb AREF
 3.1794316e-001
 3.3374289e-001
 3.5459298e-001
 3.7413871e-001
 3.9280349e-001
 4.1024503e-001
 4.2815876e-001
 4.4958356e-001
 4.6888965e-001
 4.8047087e-001
 4.8663831e-001
 4.9516115e-001
 5.0481373e-001
 5.1755768e-001
 5.2998036e-001
 5.4428470e-001
 5.5525637e-001
 5.6644142e-001
 5.7714844e-001
 5.8390617e-001
 5.9064907e-001
 5.9755051e-001
 6.0314775e-001
 6.0624743e-001
 6.0882956e-001
 6.1086518e-001
 6.1301005e-001
 6.1512625e-001
 6.1674660e-001
 6.1801386e-001
 6.1984539e-001
 6.2072450e-001
 6.1969125e-001
 6.2058026e-001
 6.2222219e-001
 6.2372684e-001
 6.2538147e-001
 6.2668067e-001
 6.2984294e-001
 6.3232166e-001
 6.3316542e-001
 6.3513821e-001
 6.3712496e-001
 6.3734710e-001
 6.3869405e-001
 6.3865465e-001
 6.4244527e-001
 6.4164096e-001
 6.4326894e-001
 6.4260626e-001
 6.4412272e-001
 6.4511305e-001
 6.4155757e-001
 6.3989812e-001
 6.4567161e-001
 6.4723462e-001
 6.4068127e-001
 6.4444637e-001
 6.4303774e-001
 6.4659923e-001
 6.4858651e-001
 6.4317852e-001
 6.4234507e-001
 6.4115548e-001
 6.4538479e-001
 6.4255404e-001
 6.4277548e-001
 6.4647210e-001
 6.4431840e-001
 6.4726186e-001
 6.4325476e-001
 6.4663523e-001
 6.4922994e-001
 6.4628381e-001
 6.4804184e-001
 6.4868486e-001
 6.4640790e-001
 6.4664793e-001
 6.4851469e-001
 6.5137357e-001
 6.4935404e-001
 6.4997917e-001
 6.5277904e-001
 6.5032995e-001
 6.5077806e-001
 6.4949936e-001
 6.5061384e-001
 6.5182817e-001
 6.5448642e-001
 6.5177226e-001
 6.5495956e-001
 6.5421605e-001
 6.5384215e-001
 6.5666765e-001
 6.5475839e-001
 6.5616733e-001
 6.5639126e-001
 6.5485156e-001
 6.5600753e-001
 6.5688121e-001
 6.5380204e-001
 6.5386099e-001
 6.5409273e-001
 6.5500444e-001
 6.5443385e-001
 6.5573084e-001
 6.5581393e-001
 6.5235174e-001
 6.4654481e-001
 6.3233370e-001
 6.1719239e-001
 6.1013955e-001
 6.2563014e-001
 6.3877988e-001
 6.3644785e-001
 6.4222932e-001
 6.4501983e-001
 6.4400446e-001
 6.4323390e-001
 6.4328730e-001
 6.4869064e-001
 6.5572810e-001
 6.5378684e-001
 6.5260661e-001
 6.5349668e-001
 6.5161115e-001
 6.5330470e-001
 6.5191001e-001
 6.5086573e-001
 6.5093410e-001
 6.5248001e-001
 6.4894086e-001
 6.5055466e-001
 6.5078413e-001
 6.5394324e-001
 6.5138245e-001
 6.5442342e-001
 6.5561467e-001
 6.5391749e-001
 6.5539902e-001
 6.6253847e-001
 6.5828657e-001
 6.5608662e-001
 6.5730602e-001
 6.5960038e-001
 6.5861702e-001
 6.5845901e-001
 6.5854800e-001
 6.5652227e-001
 6.5490490e-001
 6.5840483e-001
 6.5769845e-001
 6.5381181e-001
 6.5513486e-001
 6.5126610e-001
 6.4909661e-001
 6.5362191e-001
 6.5443403e-001
 6.5324396e-001
 6.4915800e-001
 6.5090042e-001
 6.4694554e-001
 6.3976413e-001
 6.3152027e-001
 6.3585925e-001
 6.3380581e-001
 6.3133049e-001
 6.3213366e-001
 6.2892061e-001
 6.2971121e-001
 6.2812930e-001
 6.2645268e-001
 6.2667561e-001
 6.2879103e-001
 6.3197577e-001
 6.3139123e-001
 6.3184512e-001
 6.3973886e-001
 6.3956064e-001
 6.3508457e-001
 6.3844055e-001
 6.4258701e-001
 6.4166766e-001
 6.4001125e-001
 6.3625002e-001
 6.4859754e-001
 6.3465375e-001
 6.1211568e-001
 5.9771359e-001
 5.7009012e-001
 5.4913473e-001
 5.4412413e-001
 5.5244333e-001
 5.5443549e-001
 5.5817914e-001
 5.6175113e-001
 5.6905282e-001
 5.7197487e-001
 5.7412767e-001
 5.7567579e-001
 5.7477432e-001
 5.8494371e-001
 5.6628919e-001
 5.6380999e-001
 5.5451030e-001
 5.4665834e-001
 5.3101528e-001
 5.1607120e-001
 5.0607222e-001
 5.0542217e-001
 5.1077360e-001
 5.2766329e-001
 5.3297812e-001
 5.3145158e-001
 5.2808070e-001
 5.2523160e-001
 5.2361727e-001
 5.2337694e-001
 5.2359456e-001
 5.2301574e-001
 5.2082574e-001
 5.1822859e-001
 5.1682442e-001
 5.1748097e-001
