s07_AV97 Record=777: Chlorapatite WS423           ASDFRc AREF
 1.3112263e-001
 1.3269551e-001
 1.3679475e-001
 1.4194711e-001
 1.4805995e-001
 1.5508862e-001
 1.6353248e-001
 1.7284469e-001
 1.8182713e-001
 1.8991132e-001
 1.9642942e-001
 2.0263490e-001
 2.0957942e-001
 2.1669081e-001
 2.2187780e-001
 2.2591609e-001
 2.3079962e-001
 2.4005353e-001
 2.4785376e-001
 2.5596309e-001
 2.6326045e-001
 2.6044172e-001
 2.6860270e-001
 2.8964618e-001
 3.0454695e-001
 3.1295311e-001
 3.1851059e-001
 3.2416171e-001
 3.2902798e-001
 3.3445060e-001
 3.4193620e-001
 3.4710529e-001
 3.4086636e-001
 3.4636822e-001
 3.5048458e-001
 3.5819814e-001
 3.6557510e-001
 3.7159532e-001
 3.7617448e-001
 3.6739886e-001
 3.4359971e-001
 3.3931887e-001
 3.7323329e-001
 3.9424029e-001
 3.9998952e-001
 3.8755068e-001
 3.4495226e-001
 3.4496453e-001
 3.8675502e-001
 4.0398794e-001
 4.1452706e-001
 4.1588089e-001
 4.1152120e-001
 3.9833501e-001
 3.9399064e-001
 4.0330476e-001
 4.0818146e-001
 4.0953025e-001
 4.1062996e-001
 4.1348416e-001
 4.1506916e-001
 4.1527817e-001
 4.1508138e-001
 4.1615102e-001
 4.1311255e-001
 4.1234341e-001
 4.1636905e-001
 4.1649106e-001
 4.1558087e-001
 4.1368356e-001
 4.1132528e-001
 4.0896904e-001
 4.0809917e-001
 4.0959698e-001
 4.0372160e-001
 3.9491490e-001
 3.8751075e-001
 3.8413802e-001
 3.8374656e-001
 3.8449043e-001
 3.8493425e-001
 3.8460729e-001
 3.8364041e-001
 3.8253078e-001
 3.8186339e-001
 3.8077185e-001
 3.7967440e-001
 3.7853706e-001
 3.7738612e-001
 3.7545913e-001
 3.7101892e-001
 3.6815065e-001
 3.6816663e-001
 3.6766735e-001
 3.6799166e-001
 3.7063164e-001
 3.6758634e-001
 3.6908188e-001
 3.7244734e-001
 3.7601238e-001
 3.7883988e-001
 3.8130435e-001
 3.8427645e-001
 3.8748425e-001
 3.9030364e-001
 3.9169157e-001
 3.9272329e-001
 3.9131621e-001
 3.8826334e-001
 3.8125050e-001
 3.6700931e-001
 3.8050640e-001
 3.8558257e-001
 3.8666910e-001
 3.8473600e-001
 3.9377174e-001
 3.9763328e-001
 3.9899427e-001
 3.9718765e-001
 3.9440688e-001
 3.9466074e-001
 3.9355692e-001
 3.9151210e-001
 3.9228797e-001
 3.9558765e-001
 3.9924192e-001
 4.0297201e-001
 4.0537789e-001
 4.0718508e-001
 4.0928739e-001
 4.1162756e-001
 4.1364580e-001
 4.1439781e-001
 4.1509473e-001
 4.1505834e-001
 4.1459888e-001
 4.1401348e-001
 4.1305056e-001
 4.1162804e-001
 4.1015854e-001
 4.0900445e-001
 4.0806621e-001
 4.0605825e-001
 4.0459532e-001
 4.0462509e-001
 4.0340671e-001
 4.0159386e-001
 4.0012127e-001
 3.9859644e-001
 3.9699867e-001
 3.9554846e-001
 3.9390263e-001
 3.9231172e-001
 3.9036408e-001
 3.8864136e-001
 3.8642335e-001
 3.8411659e-001
 3.8138485e-001
 3.7780869e-001
 3.7369207e-001
 3.7539902e-001
 3.7060979e-001
 3.6415154e-001
 3.5786083e-001
 3.5438746e-001
 3.5251218e-001
 3.5052446e-001
 3.4884018e-001
 3.4744948e-001
 3.4645700e-001
 3.4538147e-001
 3.4548405e-001
 3.4655625e-001
 3.4776467e-001
 3.4855694e-001
 3.4979758e-001
 3.5204381e-001
 3.5543019e-001
 3.5861188e-001
 3.6160898e-001
 3.6431724e-001
 3.6638036e-001
 3.6769351e-001
 3.6837283e-001
 3.6739734e-001
 3.6390522e-001
 3.6110941e-001
 3.6088181e-001
 3.6283386e-001
 3.6457753e-001
 3.6630186e-001
 3.6818302e-001
 3.6871547e-001
 3.6870748e-001
 3.6793473e-001
 3.6611381e-001
 3.6571544e-001
 3.6555067e-001
 3.6429110e-001
 3.6069649e-001
 3.5065863e-001
 3.3165666e-001
 3.2491669e-001
 3.0752677e-001
 3.0917358e-001
 3.3162206e-001
 3.4710535e-001
 3.4816983e-001
 3.4447777e-001
 3.3892918e-001
 3.3274013e-001
 3.2800546e-001
 3.3114383e-001
 3.3626375e-001
 3.3470368e-001
 3.3248708e-001
 3.3098871e-001
 3.2943344e-001
 3.2606885e-001
 3.2522258e-001
 3.2825568e-001
 3.2917011e-001
 3.2725993e-001
-1.2300000e+034
