s07_AV97 Record=1381: Gypsum HS333.2B (Selenite)   ASDFRa AREF
 8.7962401e-001
 8.8421553e-001
 8.8584101e-001
 8.8722605e-001
 8.8830614e-001
 8.8998878e-001
 8.9208210e-001
 8.9444417e-001
 8.9735031e-001
 8.9982843e-001
 9.0216583e-001
 9.0402323e-001
 9.0586245e-001
 9.0750813e-001
 9.0912765e-001
 9.1071826e-001
 9.1216028e-001
 9.1329092e-001
 9.1439688e-001
 9.1578305e-001
 9.1729879e-001
 9.1899806e-001
 9.1975319e-001
 9.1936344e-001
 9.1991836e-001
 9.2039490e-001
 9.2210209e-001
 9.2217493e-001
 9.2208904e-001
 9.2218536e-001
 9.2235267e-001
 9.2247725e-001
 9.2232305e-001
 9.2245984e-001
 9.2265552e-001
 9.2321950e-001
 9.2310452e-001
 9.2310983e-001
 9.2301786e-001
 9.2294806e-001
 9.2288268e-001
 9.2268634e-001
 9.2242360e-001
 9.2259073e-001
 9.2308563e-001
 9.2388159e-001
 9.2481089e-001
 9.2556924e-001
 9.2633724e-001
 9.2669231e-001
 9.2694736e-001
 9.2646766e-001
 9.2622578e-001
 9.2621255e-001
 9.2672032e-001
 9.2740399e-001
 9.2785782e-001
 9.2790377e-001
 9.2803985e-001
 9.2864621e-001
 9.2964274e-001
 9.2980742e-001
 9.2840850e-001
 9.2582244e-001
 9.2194647e-001
 9.1700935e-001
 9.1274399e-001
 9.1121095e-001
 9.1698378e-001
 9.2451614e-001
 9.3100423e-001
 9.3637884e-001
 9.4033724e-001
 9.4262576e-001
 9.4393575e-001
 9.4446713e-001
 9.4343573e-001
 9.4207674e-001
 9.3944234e-001
 9.3752837e-001
 9.3511784e-001
 9.3245423e-001
 9.2586815e-001
 9.1247624e-001
 8.9405829e-001
 8.7429672e-001
 8.6533368e-001
 8.6300009e-001
 8.6091363e-001
 8.6319786e-001
 8.7148625e-001
 8.7520522e-001
 8.8196403e-001
 8.9124811e-001
 8.9519882e-001
 8.9789683e-001
 8.9348644e-001
 8.9647537e-001
 8.9923596e-001
 8.9981407e-001
 8.9869654e-001
 8.9556211e-001
 8.8926929e-001
 8.7999368e-001
 8.6779732e-001
 8.5199851e-001
 8.3635592e-001
 8.2350987e-001
 8.0994999e-001
 8.0095714e-001
 7.9078311e-001
 7.6721007e-001
 7.2592729e-001
 6.7631948e-001
 6.2576574e-001
 5.6276047e-001
 5.7027560e-001
 6.0698789e-001
 6.2100190e-001
 6.1926389e-001
 6.1429513e-001
 6.4259672e-001
 6.6465086e-001
 6.6689616e-001
 6.5883809e-001
 6.6412359e-001
 6.9220263e-001
 7.2035086e-001
 7.4135923e-001
 7.5668705e-001
 7.7130765e-001
 7.8704602e-001
 8.0190879e-001
 8.1415695e-001
 8.2579672e-001
 8.3620644e-001
 8.4415364e-001
 8.4962720e-001
 8.5050148e-001
 8.4723222e-001
 8.3704382e-001
 8.1679130e-001
 7.8431028e-001
 7.4434978e-001
 7.0328522e-001
 6.7112470e-001
 6.6333133e-001
 6.7685580e-001
 6.8602711e-001
 6.9807315e-001
 7.2031605e-001
 7.4061430e-001
 7.5280285e-001
 7.6074296e-001
 7.6275659e-001
 7.5853765e-001
 7.4335444e-001
 7.1059853e-001
 6.6040182e-001
 5.9472972e-001
 6.2202281e-001
 5.5454516e-001
 4.8902795e-001
 4.2357010e-001
 3.5586333e-001
 2.8081211e-001
 2.2587842e-001
 2.2790015e-001
 2.7258882e-001
 3.0129340e-001
 3.1974238e-001
 3.5781339e-001
 4.3566081e-001
 5.1083708e-001
 5.5701298e-001
 5.8586591e-001
 6.0462129e-001
 6.1609191e-001
 6.1828190e-001
 6.1754042e-001
 6.1812800e-001
 6.1251956e-001
 6.0107714e-001
 5.8728015e-001
 5.7285064e-001
 5.6064922e-001
 5.4989827e-001
 5.3797239e-001
 5.2428865e-001
 5.1172149e-001
 5.0333560e-001
 4.9946377e-001
 4.8962268e-001
 4.7506976e-001
 4.6981269e-001
 4.8754182e-001
 5.0292480e-001
 5.0664681e-001
 5.0202763e-001
 4.9681181e-001
 5.1028103e-001
 5.2509815e-001
 5.3253990e-001
 5.3536433e-001
 5.3541899e-001
 5.3193718e-001
 5.2324969e-001
 5.0923443e-001
 4.9113241e-001
 4.6752658e-001
 4.3611595e-001
 3.9859864e-001
 3.5697371e-001
 3.2004416e-001
 2.9672682e-001
 2.8511369e-001
 2.7675998e-001
 2.7221563e-001
 2.6762578e-001
 2.5667545e-001
 2.4897824e-001
 2.4753687e-001
 2.4769381e-001
-1.2300000e+034
