s07_AV97 Record=788: Chlorite HS179.6             ASDFRb AREF
 1.2101529e-001
 1.2743908e-001
 1.3119990e-001
 1.3291639e-001
 1.3399933e-001
 1.3492127e-001
 1.3652132e-001
 1.3828067e-001
 1.3974427e-001
 1.4056301e-001
 1.4080121e-001
 1.4055978e-001
 1.4100491e-001
 1.4124037e-001
 1.4108083e-001
 1.4097030e-001
 1.4068884e-001
 1.4024603e-001
 1.3964859e-001
 1.3896656e-001
 1.3813601e-001
 1.3750386e-001
 1.3684687e-001
 1.3568814e-001
 1.3512842e-001
 1.3442092e-001
 1.3374197e-001
 1.3255519e-001
 1.3147464e-001
 1.3036144e-001
 1.2940995e-001
 1.2841712e-001
 1.2956579e-001
 1.2862529e-001
 1.2762724e-001
 1.2670203e-001
 1.2571794e-001
 1.2491344e-001
 1.2405138e-001
 1.2346373e-001
 1.2258702e-001
 1.2196130e-001
 1.2135701e-001
 1.2094019e-001
 1.2037814e-001
 1.1962204e-001
 1.1872093e-001
 1.1774543e-001
 1.1677749e-001
 1.1603816e-001
 1.1500964e-001
 1.1414306e-001
 1.1317872e-001
 1.1265554e-001
 1.1189665e-001
 1.1125989e-001
 1.1049648e-001
 1.0991370e-001
 1.0956661e-001
 1.0909817e-001
 1.0871619e-001
 1.0832103e-001
 1.0794699e-001
 1.0770032e-001
 1.0723903e-001
 1.0669462e-001
 1.0615707e-001
 1.0544626e-001
 1.0466821e-001
 1.0315811e-001
 1.0336508e-001
 1.0222682e-001
 1.0160348e-001
 1.0118618e-001
 1.0007281e-001
 9.9936880e-002
 9.9091902e-002
 9.8607466e-002
 9.8210528e-002
 9.7269014e-002
 9.6762314e-002
 9.6439324e-002
 9.5938809e-002
 9.5331550e-002
 9.5244385e-002
 9.5166817e-002
 9.4927773e-002
 9.4682023e-002
 9.4499461e-002
 9.4656482e-002
 9.4650969e-002
 9.4968170e-002
 9.5090248e-002
 9.5234647e-002
 9.5435105e-002
 9.5566258e-002
 9.5227629e-002
 9.5564596e-002
 9.5682003e-002
 9.5853962e-002
 9.6087776e-002
 9.6328810e-002
 9.6912652e-002
 9.7255446e-002
 9.7677201e-002
 9.8111212e-002
 9.8579310e-002
 9.8210454e-002
 9.3455762e-002
 9.0941370e-002
 9.2315793e-002
 9.5733181e-002
 9.9886529e-002
 1.0218719e-001
 1.0341131e-001
 1.0422640e-001
 1.0501037e-001
 1.0585105e-001
 1.0642724e-001
 1.0705231e-001
 1.0765526e-001
 1.0832597e-001
 1.0921651e-001
 1.1006713e-001
 1.1097401e-001
 1.1173337e-001
 1.1242164e-001
 1.1316119e-001
 1.1406651e-001
 1.1477663e-001
 1.1537150e-001
 1.1633459e-001
 1.1726393e-001
 1.1836150e-001
 1.1923049e-001
 1.2008921e-001
 1.2082932e-001
 1.2175233e-001
 1.2250132e-001
 1.2318089e-001
 1.2382617e-001
 1.2475406e-001
 1.2594613e-001
 1.2702632e-001
 1.2784852e-001
 1.2866750e-001
 1.2960555e-001
 1.3025919e-001
 1.3128121e-001
 1.3239984e-001
 1.3339010e-001
 1.3457477e-001
 1.3606031e-001
 1.3729241e-001
 1.3825533e-001
 1.3925767e-001
 1.3997962e-001
 1.4058943e-001
 1.4101103e-001
 1.4082858e-001
 1.4090730e-001
 1.4040646e-001
 1.3956308e-001
 1.3947126e-001
 1.4022779e-001
 1.4139032e-001
 1.4299200e-001
 1.4419608e-001
 1.4470871e-001
 1.4494874e-001
 1.4514956e-001
 1.4565098e-001
 1.4609919e-001
 1.4613508e-001
 1.4610010e-001
 1.4646445e-001
 1.4675173e-001
 1.4721981e-001
 1.4735982e-001
 1.4585550e-001
 1.4176561e-001
 1.3737920e-001
 1.3544817e-001
 1.3449265e-001
 1.3430107e-001
 1.3502274e-001
 1.3655633e-001
 1.3784036e-001
 1.3866475e-001
 1.3958102e-001
 1.4032118e-001
 1.4013040e-001
 1.3912737e-001
 1.3670908e-001
 1.3142203e-001
 1.1799792e-001
 9.5871188e-002
 8.3913587e-002
 8.7884538e-002
 9.3966633e-002
 9.2877425e-002
 8.6215362e-002
 7.8303166e-002
 7.1268752e-002
 6.5654188e-002
 6.3482717e-002
 6.4652845e-002
 6.7635626e-002
 6.9505557e-002
 6.8268612e-002
 6.5391861e-002
 6.4058319e-002
 6.5183297e-002
 6.7672133e-002
 6.9140390e-002
 6.9388106e-002
 6.7781799e-002
 6.7138977e-002
 6.8682492e-002
 6.8381377e-002
 6.8922959e-002
 7.0160553e-002
 7.3717915e-002
-1.2300000e+034
