s07_AV97 Record=1731: Jarosite GDS732 K 200CSyn6hr ASDNGb AREF
 4.9806651e-002
 5.4748889e-002
 6.6744968e-002
 9.4634384e-002
 1.3543324e-001
 1.5584652e-001
 1.4178181e-001
 1.4039746e-001
 1.8305103e-001
 2.3425432e-001
 2.7063042e-001
 2.9736805e-001
 3.2269049e-001
 3.4836698e-001
 3.7528872e-001
 4.0442812e-001
 4.3605453e-001
 4.6954307e-001
 5.0327295e-001
 5.3368640e-001
 5.5838740e-001
 5.7664979e-001
 5.9033233e-001
 6.0189480e-001
 6.1341292e-001
 6.2591076e-001
 6.3861787e-001
 6.5118742e-001
 6.6381389e-001
 6.7784840e-001
 6.9350511e-001
 7.1008927e-001
 6.9085830e-001
 7.0691109e-001
 7.2231591e-001
 7.3473883e-001
 7.4265492e-001
 7.4509859e-001
 7.4187052e-001
 7.3343343e-001
 7.2098684e-001
 7.0567971e-001
 6.8819982e-001
 6.6960245e-001
 6.5029562e-001
 6.3091809e-001
 6.1204636e-001
 5.9412760e-001
 5.7758969e-001
 5.6241959e-001
 5.4875499e-001
 5.3697079e-001
 5.2665222e-001
 5.1785886e-001
 5.1039988e-001
 5.0439227e-001
 4.9962232e-001
 4.9630129e-001
 4.9423218e-001
 4.9304488e-001
 4.9306092e-001
 4.9415025e-001
 4.9603716e-001
 4.9939689e-001
 5.0365788e-001
 5.0892115e-001
 5.1516056e-001
 5.2206749e-001
 5.2990395e-001
 5.3868812e-001
 5.4806387e-001
 5.5776078e-001
 5.6755894e-001
 5.7667035e-001
 5.8522731e-001
 5.9347761e-001
 6.0085988e-001
 6.0736310e-001
 6.1355370e-001
 6.1884105e-001
 6.2389070e-001
 6.2833959e-001
 6.3283885e-001
 6.3723654e-001
 6.4160329e-001
 6.4628595e-001
 6.5096527e-001
 6.5581483e-001
 6.6061336e-001
 6.6611677e-001
 6.7148948e-001
 6.7726654e-001
 6.8343765e-001
 6.8966329e-001
 6.9600296e-001
 7.0234591e-001
 6.9263369e-001
 6.9923234e-001
 7.0552182e-001
 7.1197480e-001
 7.1841949e-001
 7.2515494e-001
 7.3132741e-001
 7.3839200e-001
 7.4567854e-001
 7.5211316e-001
 7.5846899e-001
 7.6384169e-001
 7.6869106e-001
 7.7289516e-001
 7.7460498e-001
 7.7204424e-001
 7.6737022e-001
 7.6319551e-001
 7.6028067e-001
 7.5417203e-001
 7.3705494e-001
 7.0415032e-001
 7.1118295e-001
 7.4083292e-001
 7.4482590e-001
 7.4451244e-001
 7.4294031e-001
 7.4548846e-001
 7.5162143e-001
 7.6316822e-001
 7.7262652e-001
 7.8034168e-001
 7.8601766e-001
 7.9213917e-001
 7.9717517e-001
 8.0060577e-001
 8.0313110e-001
 8.0531919e-001
 8.0689567e-001
 8.0806118e-001
 8.0863827e-001
 8.0840647e-001
 8.0811948e-001
 8.0790591e-001
 8.0724162e-001
 8.0644667e-001
 8.0501539e-001
 8.0241024e-001
 7.9915386e-001
 7.9529053e-001
 7.9103166e-001
 7.8688484e-001
 7.8395611e-001
 7.8130835e-001
 7.7790880e-001
 7.7302140e-001
 7.6523769e-001
 7.5771552e-001
 7.4045795e-001
 7.0327258e-001
 6.8504506e-001
 6.9073218e-001
 7.1316755e-001
 7.2574246e-001
 7.2517008e-001
 7.1469361e-001
 6.8654120e-001
 6.6010106e-001
 6.4382428e-001
 6.3579160e-001
 6.3504195e-001
 6.3796180e-001
 6.4026064e-001
 6.4237714e-001
 6.4590770e-001
 6.4997220e-001
 6.5378952e-001
 6.5790087e-001
 6.6105849e-001
 6.6184491e-001
 6.6134542e-001
 6.6115540e-001
 6.6073889e-001
 6.5836167e-001
 6.5653110e-001
 6.5699959e-001
 6.5477556e-001
 6.5132159e-001
 6.4795417e-001
 6.4244097e-001
 6.3636518e-001
 6.2960577e-001
 6.2225902e-001
 6.1307096e-001
 6.0262269e-001
 5.8878326e-001
 5.7394928e-001
 5.6169188e-001
 5.6076753e-001
 5.6495708e-001
 5.6652695e-001
 5.3963900e-001
 4.8574141e-001
 4.7968736e-001
 5.1520205e-001
 5.6748426e-001
 5.6573653e-001
 6.0143071e-001
 6.2332743e-001
 6.2845486e-001
 6.2752372e-001
 6.2152088e-001
 6.1325812e-001
 6.0092366e-001
 5.8353424e-001
 5.5934608e-001
 5.3743857e-001
 5.2723789e-001
 5.3368652e-001
 5.3787750e-001
 5.2669930e-001
 4.9890015e-001
 4.7220102e-001
 4.7123724e-001
 4.7284779e-001
 4.6075788e-001
 4.3138599e-001
-1.2300000e+034
