s07_AV97 Record=2342: Nepheline HS19.3              BECKc AREF
 4.6281216e-001
 4.6743777e-001
 4.7243640e-001
 4.7638389e-001
 4.7888404e-001
 4.8256722e-001
 4.8553964e-001
 4.8819163e-001
 4.9018297e-001
 4.9245781e-001
 4.9514973e-001
 4.9621066e-001
 4.9769109e-001
 4.9940100e-001
 5.0124395e-001
 5.0287539e-001
 5.0464803e-001
 5.0631994e-001
 5.0693947e-001
 5.0811255e-001
 5.0913358e-001
 5.1015687e-001
 5.1115859e-001
 5.1207632e-001
 5.1234376e-001
 5.1323462e-001
 5.1353580e-001
 5.1408541e-001
 5.1452696e-001
 5.1552010e-001
 5.1651698e-001
 5.1687127e-001
 5.1659149e-001
 5.1665801e-001
 5.1781166e-001
 5.1838762e-001
 5.1966888e-001
 5.1997524e-001
 5.2075577e-001
 5.2209485e-001
 5.2276105e-001
 5.2302158e-001
 5.2411371e-001
 5.2505445e-001
 5.2578551e-001
 5.2671671e-001
 5.2704823e-001
 5.2820617e-001
 5.2849370e-001
 5.2774531e-001
 5.2649033e-001
 5.2847999e-001
 5.2837038e-001
 5.2635646e-001
 5.2642506e-001
 5.2556694e-001
 5.2481538e-001
 5.2306819e-001
 5.2196342e-001
 5.2164376e-001
 5.2212042e-001
 5.2202851e-001
 5.2098036e-001
 5.2014303e-001
 5.2191824e-001
 5.1971197e-001
 5.2025843e-001
 5.2105242e-001
 5.1745474e-001
 5.1881135e-001
 5.1872832e-001
 5.1826799e-001
 5.1801246e-001
 5.1694363e-001
 5.1732200e-001
 5.1728320e-001
 5.1686639e-001
 5.1717824e-001
 5.1635402e-001
 5.1503193e-001
 5.1705140e-001
 5.1560712e-001
 5.1550984e-001
 5.1463652e-001
 5.1376987e-001
 5.1431137e-001
 5.1429552e-001
 5.1493686e-001
 5.1520270e-001
 5.1476157e-001
 5.1451373e-001
 5.1529419e-001
 5.1557964e-001
 5.1628023e-001
 5.1559889e-001
 5.1605439e-001
 5.1589316e-001
 5.1607335e-001
 5.1535857e-001
 5.1527244e-001
 5.1535743e-001
 5.1559383e-001
 5.1579487e-001
 5.1525337e-001
 5.1451921e-001
 5.1443523e-001
 5.1398927e-001
 5.1398516e-001
 5.1249337e-001
 5.1251370e-001
 5.0910640e-001
 5.0521380e-001
 4.9924639e-001
 4.9430954e-001
 4.9554056e-001
 4.9988902e-001
 5.0359040e-001
 5.0391537e-001
 5.0609201e-001
 5.0769806e-001
 5.0814313e-001
 5.1037496e-001
 5.1047844e-001
 5.1309353e-001
 5.1325315e-001
 5.1368004e-001
 5.1456261e-001
 5.1413089e-001
 5.1489544e-001
 5.1514167e-001
 5.1492673e-001
 5.1471508e-001
 5.1368338e-001
 5.1335728e-001
 5.1352268e-001
 5.1556343e-001
 5.1560646e-001
 5.1562470e-001
 5.1377100e-001
 5.1396918e-001
 5.1298136e-001
 5.1516098e-001
 5.1510435e-001
 5.1386583e-001
 5.1301056e-001
 5.1323199e-001
 5.1135772e-001
 5.1153386e-001
 5.1255882e-001
 5.1069903e-001
 5.1258129e-001
 5.1083690e-001
 5.1173705e-001
 5.0947982e-001
 5.1107967e-001
 5.1201957e-001
 5.0926566e-001
 5.0845718e-001
 5.0598276e-001
 4.9982709e-001
 5.0220406e-001
 4.9104875e-001
 4.6798921e-001
 4.3668318e-001
 4.1887888e-001
 4.2106676e-001
 4.2868471e-001
 4.4363838e-001
 4.5661297e-001
 4.7047266e-001
 4.8295566e-001
 4.8961443e-001
 4.8927265e-001
 4.9028984e-001
 4.9606657e-001
 4.9985698e-001
 4.9897045e-001
 5.0173891e-001
 5.0475895e-001
 5.0356549e-001
 5.0253814e-001
 5.0411868e-001
 5.0654703e-001
 5.0737762e-001
 5.1090515e-001
 5.1106858e-001
 5.0965637e-001
 5.0922638e-001
 5.0575984e-001
 5.0463295e-001
 5.0243384e-001
 4.9876988e-001
 5.0008023e-001
 5.0216848e-001
 5.0207877e-001
 5.0458789e-001
 5.0328970e-001
 5.0378543e-001
 5.0491804e-001
 5.0424480e-001
 5.0569957e-001
 5.0770617e-001
 5.0194079e-001
 4.9916357e-001
 4.9894840e-001
 4.9882939e-001
 4.9561173e-001
 4.8977798e-001
 4.8389533e-001
 4.8452011e-001
 4.8418248e-001
 4.7410446e-001
 4.6901393e-001
 4.6095034e-001
 4.4976097e-001
 4.4002995e-001
 4.3187016e-001
 4.2437038e-001
 4.1868407e-001
 4.1480470e-001
 4.1413397e-001
 4.1517386e-001
 4.1599235e-001
 4.1526523e-001
