s07_AV97 Record=864: Clinochlore GDS158 Flagstaff NIC4bb RREF
-1.2300000e+034
-1.2300000e+034
-1.2300000e+034
-1.2300000e+034
-1.2300000e+034
-1.2300000e+034
-1.2300000e+034
-1.2300000e+034
-1.2300000e+034
-1.2300000e+034
-1.2300000e+034
-1.2300000e+034
-1.2300000e+034
-1.2300000e+034
-1.2300000e+034
-1.2300000e+034
-1.2300000e+034
-1.2300000e+034
-1.2300000e+034
-1.2300000e+034
-1.2300000e+034
-1.2300000e+034
-1.2300000e+034
-1.2300000e+034
-1.2300000e+034
-1.2300000e+034
-1.2300000e+034
-1.2300000e+034
-1.2300000e+034
-1.2300000e+034
-1.2300000e+034
-1.2300000e+034
-1.2300000e+034
-1.2300000e+034
-1.2300000e+034
-1.2300000e+034
-1.2300000e+034
-1.2300000e+034
-1.2300000e+034
-1.2300000e+034
-1.2300000e+034
-1.2300000e+034
-1.2300000e+034
-1.2300000e+034
-1.2300000e+034
-1.2300000e+034
-1.2300000e+034
-1.2300000e+034
-1.2300000e+034
-1.2300000e+034
-1.2300000e+034
-1.2300000e+034
-1.2300000e+034
-1.2300000e+034
-1.2300000e+034
-1.2300000e+034
-1.2300000e+034
-1.2300000e+034
-1.2300000e+034
-1.2300000e+034
-1.2300000e+034
-1.2300000e+034
-1.2300000e+034
-1.2300000e+034
-1.2300000e+034
-1.2300000e+034
-1.2300000e+034
-1.2300000e+034
-1.2300000e+034
-1.2300000e+034
-1.2300000e+034
-1.2300000e+034
-1.2300000e+034
-1.2300000e+034
-1.2300000e+034
-1.2300000e+034
-1.2300000e+034
-1.2300000e+034
-1.2300000e+034
-1.2300000e+034
-1.2300000e+034
-1.2300000e+034
-1.2300000e+034
-1.2300000e+034
-1.2300000e+034
-1.2300000e+034
-1.2300000e+034
-1.2300000e+034
-1.2300000e+034
-1.2300000e+034
-1.2300000e+034
-1.2300000e+034
-1.2300000e+034
-1.2300000e+034
-1.2300000e+034
-1.2300000e+034
-1.2300000e+034
-1.2300000e+034
-1.2300000e+034
-1.2300000e+034
-1.2300000e+034
-1.2300000e+034
-1.2300000e+034
-1.2300000e+034
-1.2300000e+034
-1.2300000e+034
-1.2300000e+034
-1.2300000e+034
-1.2300000e+034
-1.2300000e+034
-1.2300000e+034
-1.2300000e+034
-1.2300000e+034
-1.2300000e+034
-1.2300000e+034
-1.2300000e+034
-1.2300000e+034
-1.2300000e+034
-1.2300000e+034
-1.2300000e+034
-1.2300000e+034
-1.2300000e+034
-1.2300000e+034
-1.2300000e+034
-1.2300000e+034
-1.2300000e+034
-1.2300000e+034
-1.2300000e+034
-1.2300000e+034
-1.2300000e+034
-1.2300000e+034
 3.1958565e-001
 3.2801679e-001
 3.3769205e-001
 3.4657493e-001
 3.5471150e-001
 3.6214942e-001
 3.6906499e-001
 3.7542993e-001
 3.8136256e-001
 3.8679868e-001
 3.9199448e-001
 3.9687297e-001
 4.0142414e-001
 4.0578973e-001
 4.0983805e-001
 4.1359124e-001
 4.1717026e-001
 4.2038065e-001
 4.2347533e-001
 4.2626861e-001
 4.2859530e-001
 4.3064189e-001
 4.3233398e-001
 4.3369901e-001
 4.3447074e-001
 4.3460608e-001
 4.3444169e-001
 4.3355715e-001
 4.3435386e-001
 4.3390656e-001
 4.3594167e-001
 4.3812191e-001
 4.3969712e-001
 4.4148487e-001
 4.4283199e-001
 4.4248366e-001
 4.4071671e-001
 4.3968838e-001
 4.3872681e-001
 4.3643555e-001
 4.3504328e-001
 4.3587801e-001
 4.3910971e-001
 4.4468692e-001
 4.5152274e-001
 4.5749483e-001
 4.6189085e-001
 4.6507353e-001
 4.6730271e-001
 4.6889970e-001
 4.7004092e-001
 4.6998990e-001
 4.6916914e-001
 4.6914741e-001
 4.7007683e-001
 4.7090551e-001
 4.7087631e-001
 4.6982041e-001
 4.6820718e-001
 4.6588239e-001
 4.6247968e-001
 4.5867270e-001
 4.5400178e-001
 4.4674298e-001
 4.3244609e-001
 4.0414611e-001
 3.7621441e-001
 3.7866217e-001
 3.8773096e-001
 3.8817462e-001
 3.7730640e-001
 3.6607584e-001
 3.6034685e-001
 3.5255975e-001
 3.4403715e-001
 3.3970568e-001
 3.4375280e-001
 3.5493398e-001
 3.6999065e-001
 3.8204783e-001
 3.8674179e-001
 3.8966018e-001
 3.9533323e-001
 4.0023735e-001
 4.0027714e-001
 3.9749613e-001
 3.9311969e-001
 3.8619694e-001
 3.7887651e-001
 3.7414619e-001
 3.7214378e-001
 3.7152964e-001
 3.7135741e-001
