s07_AV97 Record=1009: Datolite HS442.3B           NIC4bbb RREF
-1.2300000e+034
-1.2300000e+034
-1.2300000e+034
-1.2300000e+034
-1.2300000e+034
-1.2300000e+034
-1.2300000e+034
-1.2300000e+034
-1.2300000e+034
-1.2300000e+034
-1.2300000e+034
-1.2300000e+034
-1.2300000e+034
-1.2300000e+034
-1.2300000e+034
-1.2300000e+034
-1.2300000e+034
-1.2300000e+034
-1.2300000e+034
-1.2300000e+034
-1.2300000e+034
-1.2300000e+034
-1.2300000e+034
-1.2300000e+034
-1.2300000e+034
-1.2300000e+034
-1.2300000e+034
-1.2300000e+034
-1.2300000e+034
-1.2300000e+034
-1.2300000e+034
-1.2300000e+034
-1.2300000e+034
-1.2300000e+034
-1.2300000e+034
-1.2300000e+034
-1.2300000e+034
-1.2300000e+034
-1.2300000e+034
-1.2300000e+034
-1.2300000e+034
-1.2300000e+034
-1.2300000e+034
-1.2300000e+034
-1.2300000e+034
-1.2300000e+034
-1.2300000e+034
-1.2300000e+034
-1.2300000e+034
-1.2300000e+034
-1.2300000e+034
-1.2300000e+034
-1.2300000e+034
-1.2300000e+034
-1.2300000e+034
-1.2300000e+034
-1.2300000e+034
-1.2300000e+034
-1.2300000e+034
-1.2300000e+034
-1.2300000e+034
-1.2300000e+034
-1.2300000e+034
-1.2300000e+034
-1.2300000e+034
-1.2300000e+034
-1.2300000e+034
-1.2300000e+034
-1.2300000e+034
-1.2300000e+034
-1.2300000e+034
-1.2300000e+034
-1.2300000e+034
-1.2300000e+034
-1.2300000e+034
-1.2300000e+034
-1.2300000e+034
-1.2300000e+034
-1.2300000e+034
-1.2300000e+034
-1.2300000e+034
-1.2300000e+034
-1.2300000e+034
-1.2300000e+034
-1.2300000e+034
-1.2300000e+034
-1.2300000e+034
-1.2300000e+034
-1.2300000e+034
-1.2300000e+034
-1.2300000e+034
-1.2300000e+034
-1.2300000e+034
-1.2300000e+034
-1.2300000e+034
-1.2300000e+034
-1.2300000e+034
-1.2300000e+034
-1.2300000e+034
-1.2300000e+034
-1.2300000e+034
-1.2300000e+034
-1.2300000e+034
-1.2300000e+034
-1.2300000e+034
-1.2300000e+034
-1.2300000e+034
-1.2300000e+034
-1.2300000e+034
-1.2300000e+034
-1.2300000e+034
-1.2300000e+034
 4.1959628e-001
 4.0278202e-001
 3.8630313e-001
 3.7288940e-001
 3.5658059e-001
 3.1888202e-001
 2.7648047e-001
 3.2106650e-001
 3.4688345e-001
 3.5980508e-001
 3.7248799e-001
 3.8703698e-001
 4.0179017e-001
 4.1471857e-001
 4.2438963e-001
 4.3269390e-001
 4.3960220e-001
 4.4524667e-001
 4.5025522e-001
 4.5456120e-001
 4.5800585e-001
 4.6066144e-001
 4.6254373e-001
 4.6392685e-001
 4.6471214e-001
 4.6497592e-001
 4.6421531e-001
 4.5998296e-001
 4.5326269e-001
 4.4688699e-001
 4.3748799e-001
 4.3119687e-001
 4.3147975e-001
 4.3743590e-001
 4.4270426e-001
 4.4526237e-001
 4.4347161e-001
 4.4135365e-001
 4.3989223e-001
 4.4180387e-001
 4.4651139e-001
 4.5281056e-001
 4.5768970e-001
 4.6049833e-001
 4.6211177e-001
 4.6338817e-001
 4.6322802e-001
 4.6334922e-001
 4.6332684e-001
 4.6340603e-001
 4.6408194e-001
 4.6489242e-001
 4.6593806e-001
 4.6615461e-001
 4.6545884e-001
 4.6503243e-001
 4.6395561e-001
 4.6151945e-001
 4.6033832e-001
 4.6128729e-001
 4.6267748e-001
 4.6247649e-001
 4.6077135e-001
 4.5919502e-001
 4.5683676e-001
 4.4514945e-001
 4.2168921e-001
 4.0662166e-001
 4.0075019e-001
 4.0882865e-001
 3.8960525e-001
 3.1835330e-001
 2.3159070e-001
 2.1111624e-001
 2.2463655e-001
 1.9503324e-001
 1.6664530e-001
 1.8742552e-001
 2.1247739e-001
 2.3835906e-001
 2.5409022e-001
 2.5790301e-001
 2.2174774e-001
 2.0764139e-001
 2.2643656e-001
 2.2669855e-001
 2.0912257e-001
 2.0958427e-001
 2.0300050e-001
 2.3135962e-001
 2.9038200e-001
 3.0401912e-001
 2.8979605e-001
 2.8980580e-001
 2.8183720e-001
 2.7459544e-001
 3.4010887e-001
 3.3189830e-001
 2.2729586e-001
 1.1707559e-001
 1.0845511e-001
 9.4591916e-002
 1.1610341e-001
 1.8005413e-001
 1.3773008e-001
 1.3398197e-001
 1.4960237e-001
 1.2997186e-001
 1.3209689e-001
 1.6075173e-001
 1.8516119e-001
 2.0191073e-001
