s07_AV97 Record=2663: Prochlorite SMR-14.c <30um    BECKa AREF
 8.5999213e-002
 9.0417929e-002
 9.4887607e-002
 1.0054366e-001
 1.0501105e-001
 1.1060558e-001
 1.1787107e-001
 1.2732990e-001
 1.3589495e-001
 1.3931957e-001
 1.4298956e-001
 1.4898548e-001
 1.5433265e-001
 1.5827437e-001
 1.6452451e-001
 1.6757156e-001
 1.7300929e-001
 1.7628931e-001
 1.7912833e-001
 1.8216619e-001
 1.8367279e-001
 1.8461204e-001
 1.8229672e-001
 1.8089250e-001
 1.7886655e-001
 1.7735022e-001
 1.7545097e-001
 1.7351571e-001
 1.7064603e-001
 1.6880767e-001
 1.6802904e-001
 1.6653512e-001
 1.6792457e-001
 1.6697358e-001
 1.6482918e-001
 1.6450635e-001
 1.6380924e-001
 1.6504404e-001
 1.6905807e-001
 1.6987944e-001
 1.7110763e-001
 1.7626680e-001
 1.7799464e-001
 1.8284097e-001
 1.8745399e-001
 1.9097807e-001
 1.8999849e-001
 1.9479133e-001
 1.9110371e-001
 1.9428597e-001
 1.9516377e-001
 1.9080535e-001
 1.8781692e-001
 1.9241540e-001
 1.8361650e-001
 1.8072405e-001
 1.7790325e-001
 1.8576688e-001
 1.8025944e-001
 1.8740802e-001
 1.8506876e-001
 1.8726166e-001
 1.8504360e-001
 1.8911916e-001
 1.9501331e-001
 1.9220588e-001
 1.9726284e-001
 1.9783621e-001
 1.9828661e-001
 1.9681537e-001
 1.9621089e-001
 1.9757524e-001
 1.9504483e-001
 1.9636534e-001
 1.9756891e-001
 2.0112506e-001
 1.9660334e-001
 2.0199472e-001
 2.0057592e-001
 2.0128298e-001
 2.0006718e-001
 2.0284401e-001
 2.1040687e-001
 2.0657681e-001
 2.0949905e-001
 2.1022165e-001
 2.1184956e-001
 2.1401417e-001
 2.1670201e-001
 2.2157672e-001
 2.2009782e-001
 2.2533043e-001
 2.2755098e-001
 2.3075548e-001
 2.3324658e-001
 2.3349787e-001
 2.3266461e-001
 2.3312323e-001
 2.3474370e-001
 2.3889273e-001
 2.4099691e-001
 2.4222599e-001
 2.4499257e-001
 2.4862793e-001
 2.4987777e-001
 2.5172192e-001
 2.5508243e-001
 2.5595573e-001
 2.5637418e-001
 2.5827459e-001
 2.5628233e-001
 2.5700688e-001
 2.6087391e-001
 2.6444143e-001
 2.6979986e-001
 2.6730904e-001
 2.7117062e-001
 2.6953214e-001
 2.7101833e-001
 2.7265546e-001
 2.7545267e-001
 2.8129777e-001
 2.8328383e-001
 2.7902979e-001
 2.8362325e-001
 2.8353840e-001
 2.8392729e-001
 2.8476259e-001
 2.8843859e-001
 2.8891730e-001
 2.9200405e-001
 2.8993532e-001
 2.9061279e-001
 2.9412574e-001
 2.9643667e-001
 2.9635793e-001
 3.0137521e-001
 3.0016980e-001
 2.9747176e-001
 2.9949400e-001
 2.9863542e-001
 3.0216601e-001
 3.0339235e-001
 3.0479354e-001
 3.0468580e-001
 3.0881712e-001
 3.0581421e-001
 3.0943140e-001
 3.0939886e-001
 3.1034169e-001
 3.0824333e-001
 3.0931467e-001
 3.0460083e-001
 3.0736035e-001
 3.0569863e-001
 3.0278298e-001
 3.1102490e-001
 3.1557041e-001
 3.1300703e-001
 3.0787116e-001
 3.0977532e-001
 3.0333787e-001
 3.0334949e-001
 3.0951393e-001
 3.0766717e-001
 3.0325720e-001
 3.0929491e-001
 3.1458852e-001
 3.0507994e-001
 3.0623356e-001
 3.0873367e-001
 3.0799001e-001
 3.0952182e-001
 3.1189930e-001
 3.0895767e-001
 3.1476593e-001
 3.1701404e-001
 3.1095287e-001
 3.1748506e-001
 3.1206638e-001
 3.1745270e-001
 3.2150662e-001
 3.1642485e-001
 3.1334454e-001
 3.1828201e-001
 3.1536913e-001
 3.1325787e-001
 3.1570354e-001
 3.1821671e-001
 3.1790712e-001
 3.1457070e-001
 3.1158435e-001
 3.1459934e-001
 3.1201389e-001
 3.1067958e-001
 3.1046411e-001
 2.9914343e-001
 2.9193527e-001
 3.0250126e-001
 2.9314783e-001
 2.9382563e-001
 3.0982795e-001
 2.9657128e-001
 2.8015405e-001
 2.8107864e-001
 2.8590527e-001
 2.8249064e-001
 2.8311774e-001
 2.8905949e-001
 2.8628266e-001
 2.9859510e-001
 2.9539207e-001
 2.9615426e-001
 2.9916012e-001
 3.0043906e-001
 2.9818442e-001
 2.9544920e-001
 2.9595163e-001
 2.9805022e-001
 2.9861328e-001
 2.9499593e-001
 2.8947765e-001
 2.8527603e-001
 2.8456119e-001
