s07_AV97 Record=3211: Thuringite SMR-15.b  80um     BECKa AREF
 6.7534730e-002
 7.0730649e-002
 7.4626818e-002
 7.7974983e-002
 8.0385491e-002
 8.4047623e-002
 8.9657642e-002
 9.5316745e-002
 9.9583708e-002
 1.0345893e-001
 1.0538208e-001
 1.0984135e-001
 1.1545412e-001
 1.1933990e-001
 1.2513630e-001
 1.2977111e-001
 1.3391528e-001
 1.3646747e-001
 1.3844112e-001
 1.3924187e-001
 1.3823573e-001
 1.3803047e-001
 1.3622592e-001
 1.3347131e-001
 1.3054101e-001
 1.2812857e-001
 1.2531470e-001
 1.2251942e-001
 1.2041669e-001
 1.1767876e-001
 1.1534861e-001
 1.1251955e-001
 1.1615895e-001
 1.1259886e-001
 1.1184136e-001
 1.1066123e-001
 1.0880345e-001
 1.0875798e-001
 1.0855521e-001
 1.0893012e-001
 1.0958822e-001
 1.0950638e-001
 1.1087719e-001
 1.1171533e-001
 1.1273324e-001
 1.1244392e-001
 1.1359677e-001
 1.1293492e-001
 1.1071735e-001
 1.0796023e-001
 1.0916829e-001
 1.0422163e-001
 1.0251739e-001
 1.0046642e-001
 1.0004523e-001
 1.0561050e-001
 1.0648665e-001
 1.0510474e-001
 1.0798758e-001
 1.0406508e-001
 1.0316368e-001
 1.1118684e-001
 1.0966840e-001
 1.0970645e-001
 1.0626695e-001
 1.1088870e-001
 1.0845737e-001
 1.1297511e-001
 1.1601124e-001
 1.1588084e-001
 1.1513651e-001
 1.1290974e-001
 1.1586231e-001
 1.1280077e-001
 1.1595779e-001
 1.1680435e-001
 1.1483719e-001
 1.1477912e-001
 1.1489876e-001
 1.1448921e-001
 1.1717691e-001
 1.2036663e-001
 1.2067346e-001
 1.2408747e-001
 1.2573127e-001
 1.2590127e-001
 1.2980355e-001
 1.3523416e-001
 1.3790941e-001
 1.3997942e-001
 1.4590487e-001
 1.5048239e-001
 1.5464681e-001
 1.6102628e-001
 1.6429161e-001
 1.7198102e-001
 1.6175143e-001
 1.6954385e-001
 1.7432341e-001
 1.7601828e-001
 1.8403885e-001
 1.8991759e-001
 1.9233948e-001
 1.9966829e-001
 2.0582001e-001
 2.1002099e-001
 2.1261398e-001
 2.1990296e-001
 2.3104323e-001
 2.3403490e-001
 2.3013648e-001
 2.1659477e-001
 2.2156912e-001
 2.4383812e-001
 2.5331527e-001
 2.5894296e-001
 2.6392105e-001
 2.7105275e-001
 2.7670962e-001
 2.8128481e-001
 2.8806576e-001
 2.9152098e-001
 2.9552293e-001
 2.9689217e-001
 3.0529255e-001
 3.1026414e-001
 3.2048309e-001
 3.2432577e-001
 3.2676744e-001
 3.3417630e-001
 3.3945030e-001
 3.4673801e-001
 3.5649276e-001
 3.6121443e-001
 3.6855376e-001
 3.7569249e-001
 3.8147452e-001
 3.9199644e-001
 3.9649314e-001
 3.9909145e-001
 4.0941739e-001
 4.1857612e-001
 4.2490587e-001
 4.2919037e-001
 4.3383822e-001
 4.3612155e-001
 4.4561136e-001
 4.4815096e-001
 4.5188096e-001
 4.6041217e-001
 4.5855406e-001
 4.6623161e-001
 4.6853793e-001
 4.7034031e-001
 4.7306621e-001
 4.7492322e-001
 4.7677609e-001
 4.7920743e-001
 4.7484681e-001
 4.8637697e-001
 4.8074305e-001
 4.8732954e-001
 4.8244041e-001
 4.8764256e-001
 4.8604357e-001
 4.9309164e-001
 4.9406207e-001
 4.9218130e-001
 4.9324051e-001
 4.9514616e-001
 4.8602393e-001
 4.8335287e-001
 4.7915182e-001
 4.8489958e-001
 4.8675558e-001
 5.0350612e-001
 5.1609212e-001
 5.2809888e-001
 5.3765303e-001
 5.4615778e-001
 5.5551016e-001
 5.6819403e-001
 5.7186443e-001
 5.7129884e-001
 5.6650144e-001
 5.7064271e-001
 5.6824499e-001
 5.6473094e-001
 5.6535953e-001
 5.6775308e-001
 5.6677186e-001
 5.6124276e-001
 5.4529268e-001
 5.3079081e-001
 5.2839226e-001
 5.0035942e-001
 4.5421970e-001
 3.8665733e-001
 3.4310904e-001
 3.6483821e-001
 3.9345205e-001
 4.1202831e-001
 4.2573100e-001
 4.0393582e-001
 3.8329554e-001
 3.5325781e-001
 3.3619225e-001
 3.2541350e-001
 3.2359859e-001
 3.3401871e-001
 3.5381231e-001
 3.8595337e-001
 4.0887237e-001
 4.1968068e-001
 4.2222738e-001
 4.2132968e-001
 4.1865733e-001
 4.1488275e-001
 4.1015470e-001
 4.0246195e-001
 3.9189762e-001
 3.8038900e-001
 3.7031204e-001
 3.6320940e-001
