s07_AV97 Record=1996: Margarite GDS106             NIC4cb RREF
-1.2300000e+034
-1.2300000e+034
-1.2300000e+034
-1.2300000e+034
-1.2300000e+034
-1.2300000e+034
-1.2300000e+034
-1.2300000e+034
-1.2300000e+034
-1.2300000e+034
-1.2300000e+034
-1.2300000e+034
-1.2300000e+034
-1.2300000e+034
-1.2300000e+034
-1.2300000e+034
-1.2300000e+034
-1.2300000e+034
-1.2300000e+034
-1.2300000e+034
-1.2300000e+034
-1.2300000e+034
-1.2300000e+034
-1.2300000e+034
-1.2300000e+034
-1.2300000e+034
-1.2300000e+034
-1.2300000e+034
-1.2300000e+034
-1.2300000e+034
-1.2300000e+034
-1.2300000e+034
-1.2300000e+034
-1.2300000e+034
-1.2300000e+034
-1.2300000e+034
-1.2300000e+034
-1.2300000e+034
-1.2300000e+034
-1.2300000e+034
-1.2300000e+034
-1.2300000e+034
-1.2300000e+034
-1.2300000e+034
-1.2300000e+034
-1.2300000e+034
-1.2300000e+034
-1.2300000e+034
-1.2300000e+034
-1.2300000e+034
-1.2300000e+034
-1.2300000e+034
-1.2300000e+034
-1.2300000e+034
-1.2300000e+034
-1.2300000e+034
-1.2300000e+034
-1.2300000e+034
-1.2300000e+034
-1.2300000e+034
-1.2300000e+034
-1.2300000e+034
-1.2300000e+034
-1.2300000e+034
-1.2300000e+034
-1.2300000e+034
-1.2300000e+034
-1.2300000e+034
-1.2300000e+034
-1.2300000e+034
-1.2300000e+034
-1.2300000e+034
-1.2300000e+034
-1.2300000e+034
-1.2300000e+034
-1.2300000e+034
-1.2300000e+034
-1.2300000e+034
-1.2300000e+034
-1.2300000e+034
-1.2300000e+034
-1.2300000e+034
-1.2300000e+034
-1.2300000e+034
-1.2300000e+034
-1.2300000e+034
-1.2300000e+034
-1.2300000e+034
-1.2300000e+034
-1.2300000e+034
-1.2300000e+034
-1.2300000e+034
-1.2300000e+034
-1.2300000e+034
-1.2300000e+034
-1.2300000e+034
-1.2300000e+034
-1.2300000e+034
-1.2300000e+034
-1.2300000e+034
-1.2300000e+034
-1.2300000e+034
-1.2300000e+034
-1.2300000e+034
-1.2300000e+034
-1.2300000e+034
-1.2300000e+034
-1.2300000e+034
-1.2300000e+034
-1.2300000e+034
 3.5018942e-001
 3.1297758e-001
 2.9977122e-001
 3.2952809e-001
 3.3642274e-001
 3.3695704e-001
 3.3706895e-001
 3.3736369e-001
 3.3770981e-001
 3.3819929e-001
 3.3923590e-001
 3.4092623e-001
 3.4244901e-001
 3.4438232e-001
 3.4653386e-001
 3.4866384e-001
 3.5121006e-001
 3.5429800e-001
 3.5776657e-001
 3.6128482e-001
 3.6474970e-001
 3.6797681e-001
 3.7103596e-001
 3.7424481e-001
 3.7745032e-001
 3.8080284e-001
 3.8397023e-001
 3.8702381e-001
 3.8962272e-001
 3.9185575e-001
 3.9397493e-001
 3.9621696e-001
 3.9849550e-001
 4.0068135e-001
 4.0286395e-001
 4.0487185e-001
 4.0657684e-001
 4.0817428e-001
 4.0969282e-001
 4.1128099e-001
 4.1288960e-001
 4.1434166e-001
 4.1564929e-001
 4.1671562e-001
 4.1708061e-001
 4.1726518e-001
 4.1798943e-001
 4.1838488e-001
 4.1844344e-001
 4.1868767e-001
 4.1853341e-001
 4.1931725e-001
 4.2007279e-001
 4.2048463e-001
 4.2110944e-001
 4.2168513e-001
 4.2171472e-001
 4.2116866e-001
 4.2099708e-001
 4.2065421e-001
 4.1971740e-001
 4.1936567e-001
 4.1969752e-001
 4.2126507e-001
 4.2398044e-001
 4.2700380e-001
 4.2930621e-001
 4.3077314e-001
 4.3175489e-001
 4.3217236e-001
 4.3210572e-001
 4.3185779e-001
 4.3127820e-001
 4.3009025e-001
 4.2757910e-001
 4.2176944e-001
 4.1166744e-001
 4.0213251e-001
 3.9642569e-001
 3.8422811e-001
 3.6720410e-001
 3.4529689e-001
 3.1296843e-001
 3.1251851e-001
 3.5536981e-001
 3.7772208e-001
 3.7250400e-001
 3.5396180e-001
 3.4142926e-001
 3.4791341e-001
 3.5653386e-001
 3.5141009e-001
 3.3742449e-001
 3.2571092e-001
 3.2110578e-001
 3.1360191e-001
 2.9959109e-001
 2.9695415e-001
 3.0050129e-001
 3.0700517e-001
 3.1410226e-001
 3.1290790e-001
 3.0895910e-001
 3.0707788e-001
 3.0544066e-001
 3.0172068e-001
 2.9939875e-001
 2.9937065e-001
 3.0242780e-001
 3.0862409e-001
 3.1313816e-001
 3.1393418e-001
 3.1179485e-001
 3.1032449e-001
