s07_AV97 Record=440: Anthophyllite HS286.2B       ASDFRc AREF
 3.5190210e-001
 3.6474940e-001
 3.8085759e-001
 3.9661813e-001
 4.1149333e-001
 4.2765680e-001
 4.4755545e-001
 4.7097370e-001
 4.8866558e-001
 4.9587265e-001
 4.9934086e-001
 5.0708050e-001
 5.2176422e-001
 5.4183340e-001
 5.6371105e-001
 5.8873880e-001
 6.1295331e-001
 6.3700914e-001
 6.6022211e-001
 6.8515617e-001
 7.0653421e-001
 7.2305739e-001
 7.3482049e-001
 7.4226338e-001
 7.4740434e-001
 7.5050288e-001
 7.5292051e-001
 7.5467354e-001
 7.5572950e-001
 7.5736409e-001
 7.5908089e-001
 7.6106584e-001
 7.5877881e-001
 7.6065981e-001
 7.6270479e-001
 7.6442695e-001
 7.6646900e-001
 7.6942265e-001
 7.7266824e-001
 7.7570277e-001
 7.7802300e-001
 7.7829510e-001
 7.7626359e-001
 7.7095121e-001
 7.6267260e-001
 7.5110239e-001
 7.3601598e-001
 7.1818191e-001
 6.9796950e-001
 6.7629683e-001
 6.5367222e-001
 6.3119882e-001
 6.0859913e-001
 5.8717245e-001
 5.6732410e-001
 5.4957122e-001
 5.3318769e-001
 5.1972657e-001
 5.0826442e-001
 4.9997759e-001
 4.9493611e-001
 4.9364802e-001
 4.9506959e-001
 5.0213832e-001
 5.1209670e-001
 5.2664256e-001
 5.4620582e-001
 5.7031882e-001
 5.9501648e-001
 6.2250817e-001
 6.4893198e-001
 6.7069799e-001
 6.9271797e-001
 7.1038145e-001
 7.2687441e-001
 7.3993921e-001
 7.4976718e-001
 7.5859946e-001
 7.6564318e-001
 7.7124089e-001
 7.7660543e-001
 7.8094757e-001
 7.8498822e-001
 7.8803772e-001
 7.9050308e-001
 7.9265273e-001
 7.9420131e-001
 7.9601920e-001
 7.9792893e-001
 7.9907131e-001
 8.0041045e-001
 8.0234915e-001
 8.0351120e-001
 8.0439818e-001
 8.0490094e-001
 8.0510026e-001
 8.0459821e-001
 8.0510443e-001
 8.0482161e-001
 8.0646056e-001
 8.0695516e-001
 8.0721331e-001
 8.0742854e-001
 8.0727208e-001
 8.0740494e-001
 8.0763066e-001
 8.0742365e-001
 8.0635810e-001
 8.0407327e-001
 7.7677947e-001
 7.0213711e-001
 7.7875900e-001
 7.9735768e-001
 8.0239069e-001
 8.0510485e-001
 8.0640411e-001
 8.0699509e-001
 8.0719543e-001
 8.0736661e-001
 8.0758554e-001
 8.0779344e-001
 8.0782831e-001
 8.0845821e-001
 8.0869806e-001
 8.0802596e-001
 8.0768794e-001
 8.0833125e-001
 8.0789733e-001
 8.0787313e-001
 8.0741751e-001
 8.0691659e-001
 8.0611020e-001
 8.0592340e-001
 8.0519509e-001
 8.0409127e-001
 8.0400008e-001
 8.0394387e-001
 8.0234456e-001
 8.0087209e-001
 7.9997402e-001
 7.9877174e-001
 7.9762554e-001
 7.9659224e-001
 7.9524910e-001
 7.9262835e-001
 7.9025733e-001
 7.8664476e-001
 7.8426713e-001
 7.8321195e-001
 7.8004402e-001
 7.7698916e-001
 7.7440107e-001
 7.7151906e-001
 7.6786953e-001
 7.6504993e-001
 7.6220691e-001
 7.5872499e-001
 7.5575620e-001
 7.5190991e-001
 7.4734569e-001
 7.4932629e-001
 7.4419725e-001
 7.3868763e-001
 7.3278272e-001
 7.2731346e-001
 7.2407842e-001
 7.2071189e-001
 7.1594137e-001
 7.1077102e-001
 7.0513320e-001
 7.0128059e-001
 6.9666219e-001
 6.9189137e-001
 6.8740404e-001
 6.8401802e-001
 6.8090463e-001
 6.7533469e-001
 6.6988534e-001
 6.6507268e-001
 6.5855545e-001
 6.5187824e-001
 6.4776903e-001
 6.4258069e-001
 6.3691014e-001
 6.3053423e-001
 6.2406546e-001
 6.1776775e-001
 6.1233038e-001
 6.0559893e-001
 5.9838599e-001
 5.9374744e-001
 5.8991432e-001
 5.8376908e-001
 5.7934177e-001
 5.7574916e-001
 5.6816745e-001
 5.6524062e-001
 5.6233859e-001
 5.5271661e-001
 5.3716946e-001
 5.1193839e-001
 4.6975935e-001
 4.5819825e-001
 4.1816869e-001
 4.4068983e-001
 4.9768883e-001
 5.2317733e-001
 5.2311230e-001
 5.1738477e-001
 5.0598216e-001
 4.8634434e-001
 4.7516125e-001
 4.9043167e-001
 5.1189041e-001
 5.1578587e-001
 5.1273310e-001
 5.1369089e-001
 5.1524299e-001
 5.1308972e-001
 5.1098633e-001
 5.2440250e-001
 5.3141004e-001
 5.3162754e-001
-1.2300000e+034
