s07_AV97 Record=3134: Strontianite HS272.3B         BECKb AREF
 7.7738887e-001
 7.9495531e-001
 8.1259906e-001
 8.2678831e-001
 8.3852673e-001
 8.4937268e-001
 8.6002427e-001
 8.6938941e-001
 8.7585926e-001
 8.8384068e-001
 8.8983995e-001
 8.9440638e-001
 8.9960694e-001
 9.0498275e-001
 9.1004908e-001
 9.1389126e-001
 9.1968417e-001
 9.2396992e-001
 9.2725164e-001
 9.2844588e-001
 9.2993850e-001
 9.3230367e-001
 9.3430990e-001
 9.3563300e-001
 9.3529052e-001
 9.3385994e-001
 9.3442726e-001
 9.3460548e-001
 9.3570668e-001
 9.3613505e-001
 9.3541896e-001
 9.3568850e-001
 9.3537980e-001
 9.3564200e-001
 9.3686384e-001
 9.3716085e-001
 9.3639225e-001
 9.3623692e-001
 9.3748808e-001
 9.3736213e-001
 9.3755311e-001
 9.3774861e-001
 9.3838865e-001
 9.3969208e-001
 9.3837619e-001
 9.3792331e-001
 9.3750268e-001
 9.3801171e-001
 9.3775827e-001
 9.3876791e-001
 9.3924659e-001
 9.4018239e-001
 9.4323182e-001
 9.4512576e-001
 9.4367129e-001
 9.4328600e-001
 9.4627744e-001
 9.4626772e-001
 9.4711858e-001
 9.4376016e-001
 9.4354641e-001
 9.4258410e-001
 9.4298273e-001
 9.4505841e-001
 9.4361639e-001
 9.4301581e-001
 9.4260901e-001
 9.4189501e-001
 9.4392335e-001
 9.4155079e-001
 9.4255686e-001
 9.4057643e-001
 9.4171184e-001
 9.4129318e-001
 9.4199693e-001
 9.4190252e-001
 9.4134706e-001
 9.3973124e-001
 9.4136047e-001
 9.3970865e-001
 9.4026935e-001
 9.4114166e-001
 9.4024670e-001
 9.3932718e-001
 9.3929327e-001
 9.3967229e-001
 9.3893898e-001
 9.4234753e-001
 9.3927217e-001
 9.3944031e-001
 9.4090420e-001
 9.3966031e-001
 9.3824536e-001
 9.4095147e-001
 9.4173265e-001
 9.4135141e-001
 9.4155997e-001
 9.4161630e-001
 9.4046509e-001
 9.3998456e-001
 9.3933105e-001
 9.3864149e-001
 9.3937010e-001
 9.3881726e-001
 9.3952376e-001
 9.3874747e-001
 9.3913555e-001
 9.3925524e-001
 9.3766242e-001
 9.3772030e-001
 9.3783653e-001
 9.3643719e-001
 9.3682098e-001
 9.3555045e-001
 9.3487173e-001
 9.3438041e-001
 9.3482637e-001
 9.3415803e-001
 9.3486750e-001
 9.3434072e-001
 9.3563002e-001
 9.3551189e-001
 9.3575603e-001
 9.3592346e-001
 9.3758398e-001
 9.3821412e-001
 9.3602914e-001
 9.3658626e-001
 9.3586749e-001
 9.3520635e-001
 9.3756890e-001
 9.3799102e-001
 9.3697327e-001
 9.3583816e-001
 9.3595487e-001
 9.3788147e-001
 9.3536794e-001
 9.3407178e-001
 9.3198901e-001
 9.3291193e-001
 9.3413454e-001
 9.3299180e-001
 9.2853016e-001
 9.2542982e-001
 9.2215413e-001
 9.2665130e-001
 9.2338204e-001
 9.2493588e-001
 9.2470175e-001
 9.3148488e-001
 9.3294626e-001
 9.2826068e-001
 9.2762542e-001
 9.2227280e-001
 9.1755933e-001
 9.1269523e-001
 9.0618753e-001
 8.9740837e-001
 8.8155043e-001
 8.6209786e-001
 8.6791718e-001
 8.6028194e-001
 8.7540185e-001
 8.9252990e-001
 8.9965618e-001
 8.9941424e-001
 8.9987361e-001
 8.9640641e-001
 8.9262366e-001
 8.8613933e-001
 8.8333005e-001
 8.8252568e-001
 8.6572844e-001
 8.4378284e-001
 8.4660625e-001
 8.7592798e-001
 9.0011805e-001
 9.1261601e-001
 9.1603976e-001
 9.1742855e-001
 9.1887265e-001
 9.1778225e-001
 9.1609937e-001
 9.1153663e-001
 9.0505016e-001
 9.0332973e-001
 8.9909697e-001
 8.8665336e-001
 8.6938238e-001
 8.4061825e-001
 8.2876998e-001
 8.4232223e-001
 8.5485339e-001
 8.4913516e-001
 8.3844054e-001
 8.1989044e-001
 8.0131382e-001
 7.7821034e-001
 7.5152951e-001
 7.2314626e-001
 6.9204855e-001
 6.6697997e-001
 6.4363599e-001
 6.2448126e-001
 5.9966415e-001
 5.6447655e-001
 5.2118742e-001
 5.0067061e-001
 5.3003925e-001
 5.9445727e-001
 6.8313569e-001
 7.4237061e-001
 7.7012628e-001
 7.8026003e-001
 7.8005528e-001
 7.7216804e-001
 7.5555867e-001
 7.2857636e-001
 6.9652027e-001
 6.5486681e-001
 6.0998368e-001
 5.6629753e-001
 5.2846986e-001
 4.9893421e-001
