s07_AV97 Record=1562: Hornblende_Mg NMNH117329     NIC4bb RREF
-1.2300000e+034
-1.2300000e+034
-1.2300000e+034
-1.2300000e+034
-1.2300000e+034
-1.2300000e+034
-1.2300000e+034
-1.2300000e+034
-1.2300000e+034
-1.2300000e+034
-1.2300000e+034
-1.2300000e+034
-1.2300000e+034
-1.2300000e+034
-1.2300000e+034
-1.2300000e+034
-1.2300000e+034
-1.2300000e+034
-1.2300000e+034
-1.2300000e+034
-1.2300000e+034
-1.2300000e+034
-1.2300000e+034
-1.2300000e+034
-1.2300000e+034
-1.2300000e+034
-1.2300000e+034
-1.2300000e+034
-1.2300000e+034
-1.2300000e+034
-1.2300000e+034
-1.2300000e+034
-1.2300000e+034
-1.2300000e+034
-1.2300000e+034
-1.2300000e+034
-1.2300000e+034
-1.2300000e+034
-1.2300000e+034
-1.2300000e+034
-1.2300000e+034
-1.2300000e+034
-1.2300000e+034
-1.2300000e+034
-1.2300000e+034
-1.2300000e+034
-1.2300000e+034
-1.2300000e+034
-1.2300000e+034
-1.2300000e+034
-1.2300000e+034
-1.2300000e+034
-1.2300000e+034
-1.2300000e+034
-1.2300000e+034
-1.2300000e+034
-1.2300000e+034
-1.2300000e+034
-1.2300000e+034
-1.2300000e+034
-1.2300000e+034
-1.2300000e+034
-1.2300000e+034
-1.2300000e+034
-1.2300000e+034
-1.2300000e+034
-1.2300000e+034
-1.2300000e+034
-1.2300000e+034
-1.2300000e+034
-1.2300000e+034
-1.2300000e+034
-1.2300000e+034
-1.2300000e+034
-1.2300000e+034
-1.2300000e+034
-1.2300000e+034
-1.2300000e+034
-1.2300000e+034
-1.2300000e+034
-1.2300000e+034
-1.2300000e+034
-1.2300000e+034
-1.2300000e+034
-1.2300000e+034
-1.2300000e+034
-1.2300000e+034
-1.2300000e+034
-1.2300000e+034
-1.2300000e+034
-1.2300000e+034
-1.2300000e+034
-1.2300000e+034
-1.2300000e+034
-1.2300000e+034
-1.2300000e+034
-1.2300000e+034
-1.2300000e+034
-1.2300000e+034
-1.2300000e+034
-1.2300000e+034
-1.2300000e+034
-1.2300000e+034
-1.2300000e+034
-1.2300000e+034
-1.2300000e+034
-1.2300000e+034
-1.2300000e+034
-1.2300000e+034
 4.9937618e-001
 4.8368302e-001
 4.9331149e-001
 4.9973747e-001
 5.0067323e-001
 5.0071001e-001
 5.0093037e-001
 5.0160408e-001
 5.0260162e-001
 5.0425351e-001
 5.0690663e-001
 5.1029408e-001
 5.1391888e-001
 5.1745856e-001
 5.2088797e-001
 5.2448159e-001
 5.2879882e-001
 5.3335291e-001
 5.3774512e-001
 5.4161137e-001
 5.4519075e-001
 5.4854333e-001
 5.5241722e-001
 5.5626917e-001
 5.6006765e-001
 5.6346416e-001
 5.6636280e-001
 5.6887805e-001
 5.7145810e-001
 5.7439232e-001
 5.7720602e-001
 5.7993889e-001
 5.8231801e-001
 5.8423716e-001
 5.8596754e-001
 5.8762914e-001
 5.8951199e-001
 5.9147060e-001
 5.9350425e-001
 5.9517527e-001
 5.9643018e-001
 5.9727341e-001
 5.9801227e-001
 5.9860557e-001
 5.9957087e-001
 6.0071319e-001
 6.0164988e-001
 6.0232496e-001
 6.0261208e-001
 6.0270822e-001
 6.0218072e-001
 6.0236478e-001
 6.0182178e-001
 6.0125571e-001
 6.0097796e-001
 6.0115641e-001
 6.0134077e-001
 6.0148180e-001
 6.0112405e-001
 6.0025728e-001
 5.9888339e-001
 5.9731996e-001
 5.9560716e-001
 5.9420735e-001
 5.9330106e-001
 5.9266806e-001
 5.9214437e-001
 5.9116513e-001
 5.8936059e-001
 5.8706671e-001
 5.8426189e-001
 5.8129525e-001
 5.7819277e-001
 5.7547039e-001
 5.7213467e-001
 5.6978685e-001
 5.6910008e-001
 5.6901687e-001
 5.6852639e-001
 5.6754446e-001
 5.6604069e-001
 5.6375474e-001
 5.6116134e-001
 5.5858690e-001
 5.5624872e-001
 5.5403274e-001
 5.5174011e-001
 5.4760045e-001
 5.4187292e-001
 5.3965878e-001
 5.3468955e-001
 5.2293164e-001
 5.0666082e-001
 4.8507383e-001
 4.7279158e-001
 4.6762547e-001
 4.8522639e-001
 5.0487578e-001
 5.1271409e-001
 5.1153058e-001
 5.0161660e-001
 4.8598051e-001
 4.7945076e-001
 4.9157864e-001
 5.0477296e-001
 5.0976664e-001
 5.1283389e-001
 5.1283687e-001
 5.1147509e-001
 5.1047891e-001
 5.1049912e-001
 5.1116365e-001
 5.1239747e-001
 5.1422596e-001
 5.1652473e-001
