s07_AV97 Record=153: Almandine HS114.3B Garnet     BECKb AREF
 1.7222628e-001
 1.9819774e-001
 2.1776608e-001
 2.2506604e-001
 2.2775812e-001
 2.2617914e-001
 2.2477797e-001
 2.3206072e-001
 2.3798522e-001
 2.3793975e-001
 2.4048533e-001
 2.4273382e-001
 2.4005517e-001
 2.3344712e-001
 2.3744845e-001
 2.5194216e-001
 2.6457149e-001
 2.8507617e-001
 3.0480433e-001
 3.1336865e-001
 3.1403026e-001
 3.2527325e-001
 3.5788471e-001
 3.8863182e-001
 4.0857449e-001
 4.2571583e-001
 4.5143783e-001
 4.8115286e-001
 5.0417948e-001
 5.1516032e-001
 5.1614785e-001
 5.1382303e-001
 5.1684082e-001
 5.1399755e-001
 5.1259941e-001
 5.1370370e-001
 5.2052617e-001
 5.3502178e-001
 5.5271387e-001
 5.7574242e-001
 6.0083109e-001
 6.2446189e-001
 6.4735150e-001
 6.6455323e-001
 6.8040729e-001
 6.9156039e-001
 7.0014048e-001
 7.0444620e-001
 7.0756626e-001
 7.1150815e-001
 7.1150672e-001
 7.1215475e-001
 7.1706402e-001
 7.1577758e-001
 7.1213359e-001
 7.0978838e-001
 7.0552891e-001
 7.0008594e-001
 6.9497204e-001
 6.9018769e-001
 6.8594885e-001
 6.7218310e-001
 6.5769249e-001
 6.4420766e-001
 6.2487894e-001
 6.0686451e-001
 5.8641177e-001
 5.6425852e-001
 5.4029638e-001
 5.1717246e-001
 4.9105111e-001
 4.6564913e-001
 4.3937358e-001
 4.1397426e-001
 3.9363930e-001
 3.6821502e-001
 3.4769061e-001
 3.2554689e-001
 3.0699673e-001
 2.9257858e-001
 2.7311957e-001
 2.5817385e-001
 2.4369001e-001
 2.3227219e-001
 2.2093473e-001
 2.0804255e-001
 1.9969502e-001
 1.9235444e-001
 1.8397835e-001
 1.7781202e-001
 1.7221972e-001
 1.6782144e-001
 1.6497445e-001
 1.6186897e-001
 1.5886074e-001
 1.5896215e-001
 1.6034420e-001
 1.5899901e-001
 1.5875131e-001
 1.5680964e-001
 1.5727702e-001
 1.5731584e-001
 1.5891248e-001
 1.6279963e-001
 1.6549721e-001
 1.6855332e-001
 1.7113724e-001
 1.7558834e-001
 1.8353525e-001
 1.8748006e-001
 1.9138382e-001
 1.9741113e-001
 2.0224434e-001
 2.0786494e-001
 2.1099295e-001
 2.1635945e-001
 2.2012539e-001
 2.2126958e-001
 2.2453722e-001
 2.2616331e-001
 2.2781549e-001
 2.2874504e-001
 2.2707734e-001
 2.2426824e-001
 2.2454649e-001
 2.2432135e-001
 2.2161718e-001
 2.2046027e-001
 2.1824817e-001
 2.1751352e-001
 2.1423838e-001
 2.1241550e-001
 2.0984964e-001
 2.0837931e-001
 2.0715806e-001
 2.0590475e-001
 2.0677860e-001
 2.0667255e-001
 2.0468885e-001
 2.0533369e-001
 2.0797777e-001
 2.0795529e-001
 2.0968807e-001
 2.0821328e-001
 2.1102099e-001
 2.1215937e-001
 2.1509308e-001
 2.1733569e-001
 2.1882781e-001
 2.2078060e-001
 2.2311361e-001
 2.2529581e-001
 2.2885294e-001
 2.2969711e-001
 2.3364748e-001
 2.3582077e-001
 2.3708023e-001
 2.4089172e-001
 2.4177592e-001
 2.4386318e-001
 2.4285774e-001
 2.4413244e-001
 2.4436244e-001
 2.4834438e-001
 2.4809138e-001
 2.4734147e-001
 2.4955115e-001
 2.5025588e-001
 2.5075915e-001
 2.5140527e-001
 2.5038493e-001
 2.4936192e-001
 2.4821977e-001
 2.4615768e-001
 2.4655622e-001
 2.4718963e-001
 2.4589099e-001
 2.4458127e-001
 2.4286149e-001
 2.4366190e-001
 2.4355641e-001
 2.4013987e-001
 2.3661128e-001
 2.3706509e-001
 2.3692331e-001
 2.3445179e-001
 2.3230773e-001
 2.2993058e-001
 2.2895803e-001
 2.2961292e-001
 2.2463255e-001
 2.2186184e-001
 2.2426178e-001
 2.2101805e-001
 2.1873309e-001
 2.1832389e-001
 2.1837799e-001
 2.1597120e-001
 2.1681611e-001
 2.1658707e-001
 2.1353707e-001
 2.1349704e-001
 2.1376933e-001
 2.1662804e-001
 2.1993680e-001
 2.2086991e-001
 2.2066173e-001
 2.2080384e-001
 2.1996556e-001
 2.2328721e-001
 2.2587092e-001
 2.2384796e-001
 2.2808900e-001
 2.3096044e-001
 2.3141380e-001
 2.3250555e-001
 2.3438418e-001
 2.3648241e-001
 2.3859562e-001
 2.4151786e-001
 2.4521585e-001
 2.4932362e-001
 2.5336641e-001
 2.5697708e-001
