s07_AV97 Record=2224: Muscovite GDS111 Guatemala  NIC4aaa RREF
-1.2300000e+034
-1.2300000e+034
-1.2300000e+034
-1.2300000e+034
-1.2300000e+034
-1.2300000e+034
-1.2300000e+034
-1.2300000e+034
-1.2300000e+034
-1.2300000e+034
-1.2300000e+034
-1.2300000e+034
-1.2300000e+034
-1.2300000e+034
-1.2300000e+034
-1.2300000e+034
-1.2300000e+034
-1.2300000e+034
-1.2300000e+034
-1.2300000e+034
-1.2300000e+034
-1.2300000e+034
-1.2300000e+034
-1.2300000e+034
-1.2300000e+034
-1.2300000e+034
-1.2300000e+034
-1.2300000e+034
-1.2300000e+034
-1.2300000e+034
-1.2300000e+034
-1.2300000e+034
-1.2300000e+034
-1.2300000e+034
-1.2300000e+034
-1.2300000e+034
-1.2300000e+034
-1.2300000e+034
-1.2300000e+034
-1.2300000e+034
-1.2300000e+034
-1.2300000e+034
-1.2300000e+034
-1.2300000e+034
-1.2300000e+034
-1.2300000e+034
-1.2300000e+034
-1.2300000e+034
-1.2300000e+034
-1.2300000e+034
-1.2300000e+034
-1.2300000e+034
-1.2300000e+034
-1.2300000e+034
-1.2300000e+034
-1.2300000e+034
-1.2300000e+034
-1.2300000e+034
-1.2300000e+034
-1.2300000e+034
-1.2300000e+034
-1.2300000e+034
-1.2300000e+034
-1.2300000e+034
-1.2300000e+034
-1.2300000e+034
-1.2300000e+034
-1.2300000e+034
-1.2300000e+034
-1.2300000e+034
-1.2300000e+034
-1.2300000e+034
-1.2300000e+034
-1.2300000e+034
-1.2300000e+034
-1.2300000e+034
-1.2300000e+034
-1.2300000e+034
-1.2300000e+034
-1.2300000e+034
-1.2300000e+034
-1.2300000e+034
-1.2300000e+034
-1.2300000e+034
-1.2300000e+034
-1.2300000e+034
-1.2300000e+034
-1.2300000e+034
-1.2300000e+034
-1.2300000e+034
-1.2300000e+034
-1.2300000e+034
-1.2300000e+034
-1.2300000e+034
-1.2300000e+034
-1.2300000e+034
-1.2300000e+034
-1.2300000e+034
-1.2300000e+034
-1.2300000e+034
-1.2300000e+034
-1.2300000e+034
-1.2300000e+034
-1.2300000e+034
-1.2300000e+034
-1.2300000e+034
-1.2300000e+034
 5.5963141e-001
 5.6444585e-001
 5.6830591e-001
 5.6555933e-001
 5.4776829e-001
 5.2520829e-001
 5.3342146e-001
 5.5825627e-001
 5.7455826e-001
 5.8106124e-001
 5.8315313e-001
 5.8467704e-001
 5.8664626e-001
 5.8861715e-001
 5.9040010e-001
 5.9180081e-001
 5.9313726e-001
 5.9476978e-001
 5.9694326e-001
 5.9914809e-001
 6.0095537e-001
 6.0248435e-001
 6.0388887e-001
 6.0551238e-001
 6.0763645e-001
 6.0992098e-001
 6.1192727e-001
 6.1353952e-001
 6.1474711e-001
 6.1575782e-001
 6.1701220e-001
 6.1882955e-001
 6.2070626e-001
 6.2247235e-001
 6.2362492e-001
 6.2441349e-001
 6.2507212e-001
 6.2579405e-001
 6.2692517e-001
 6.2840480e-001
 6.2976062e-001
 6.3105458e-001
 6.3182896e-001
 6.3216382e-001
 6.3242882e-001
 6.3274533e-001
 6.3347465e-001
 6.3453037e-001
 6.3526869e-001
 6.3542676e-001
 6.3577038e-001
 6.3574600e-001
 6.3250738e-001
 6.3360316e-001
 6.3084966e-001
 6.2755668e-001
 6.2440628e-001
 6.2396413e-001
 6.2537193e-001
 6.2746835e-001
 6.2930256e-001
 6.3060808e-001
 6.3117987e-001
 6.3155323e-001
 6.3188213e-001
 6.3217455e-001
 6.3285261e-001
 6.3373739e-001
 6.3457513e-001
 6.3532865e-001
 6.3572454e-001
 6.3561159e-001
 6.3496321e-001
 6.3388413e-001
 6.3176000e-001
 6.2838000e-001
 6.2445939e-001
 6.2121338e-001
 6.1961925e-001
 6.1976981e-001
 6.1930674e-001
 6.1685455e-001
 6.1191946e-001
 6.0329366e-001
 5.8729452e-001
 5.5760926e-001
 5.1985383e-001
 4.9738470e-001
 5.0925869e-001
 5.2721536e-001
 5.3042483e-001
 5.4459244e-001
 5.6845677e-001
 5.8179688e-001
 5.8598149e-001
 5.8538216e-001
 5.7866943e-001
 5.6530136e-001
 5.4776722e-001
 5.3028530e-001
 5.1827139e-001
 5.1502681e-001
 5.1892799e-001
 5.2354938e-001
 5.2855504e-001
 5.3332251e-001
 5.3481048e-001
 5.3173047e-001
 5.2512056e-001
 5.1840788e-001
 5.1584566e-001
 5.1811808e-001
 5.2273959e-001
 5.2813852e-001
 5.3300160e-001
 5.3661448e-001
 5.3961468e-001
