s07_AV97 Record=2071: Microcline NMNH135231 FSpr  NIC4ccc RREF
-1.2300000e+034
-1.2300000e+034
-1.2300000e+034
-1.2300000e+034
-1.2300000e+034
-1.2300000e+034
-1.2300000e+034
-1.2300000e+034
-1.2300000e+034
-1.2300000e+034
-1.2300000e+034
-1.2300000e+034
-1.2300000e+034
-1.2300000e+034
-1.2300000e+034
-1.2300000e+034
-1.2300000e+034
-1.2300000e+034
-1.2300000e+034
-1.2300000e+034
-1.2300000e+034
-1.2300000e+034
-1.2300000e+034
-1.2300000e+034
-1.2300000e+034
-1.2300000e+034
-1.2300000e+034
-1.2300000e+034
-1.2300000e+034
-1.2300000e+034
-1.2300000e+034
-1.2300000e+034
-1.2300000e+034
-1.2300000e+034
-1.2300000e+034
-1.2300000e+034
-1.2300000e+034
-1.2300000e+034
-1.2300000e+034
-1.2300000e+034
-1.2300000e+034
-1.2300000e+034
-1.2300000e+034
-1.2300000e+034
-1.2300000e+034
-1.2300000e+034
-1.2300000e+034
-1.2300000e+034
-1.2300000e+034
-1.2300000e+034
-1.2300000e+034
-1.2300000e+034
-1.2300000e+034
-1.2300000e+034
-1.2300000e+034
-1.2300000e+034
-1.2300000e+034
-1.2300000e+034
-1.2300000e+034
-1.2300000e+034
-1.2300000e+034
-1.2300000e+034
-1.2300000e+034
-1.2300000e+034
-1.2300000e+034
-1.2300000e+034
-1.2300000e+034
-1.2300000e+034
-1.2300000e+034
-1.2300000e+034
-1.2300000e+034
-1.2300000e+034
-1.2300000e+034
-1.2300000e+034
-1.2300000e+034
-1.2300000e+034
-1.2300000e+034
-1.2300000e+034
-1.2300000e+034
-1.2300000e+034
-1.2300000e+034
-1.2300000e+034
-1.2300000e+034
-1.2300000e+034
-1.2300000e+034
-1.2300000e+034
-1.2300000e+034
-1.2300000e+034
-1.2300000e+034
-1.2300000e+034
-1.2300000e+034
-1.2300000e+034
-1.2300000e+034
-1.2300000e+034
-1.2300000e+034
-1.2300000e+034
-1.2300000e+034
-1.2300000e+034
-1.2300000e+034
-1.2300000e+034
-1.2300000e+034
-1.2300000e+034
-1.2300000e+034
-1.2300000e+034
-1.2300000e+034
-1.2300000e+034
-1.2300000e+034
-1.2300000e+034
-1.2300000e+034
-1.2300000e+034
-1.2300000e+034
-1.2300000e+034
-1.2300000e+034
-1.2300000e+034
-1.2300000e+034
-1.2300000e+034
-1.2300000e+034
-1.2300000e+034
-1.2300000e+034
-1.2300000e+034
-1.2300000e+034
-1.2300000e+034
-1.2300000e+034
-1.2300000e+034
-1.2300000e+034
-1.2300000e+034
-1.2300000e+034
-1.2300000e+034
-1.2300000e+034
-1.2300000e+034
-1.2300000e+034
 7.5477105e-001
 7.5890446e-001
 7.6372606e-001
 7.6806080e-001
 7.7192938e-001
 7.7544701e-001
 7.7907187e-001
 7.8297889e-001
 7.8691936e-001
 7.9073662e-001
 7.9386705e-001
 7.9651797e-001
 7.9890579e-001
 8.0129606e-001
 8.0401671e-001
 8.0681294e-001
 8.0953079e-001
 8.1202501e-001
 8.1416214e-001
 8.1561548e-001
 8.1676841e-001
 8.1803745e-001
 8.1945240e-001
 8.2095236e-001
 8.2242680e-001
 8.2432199e-001
 8.2574350e-001
 8.2607937e-001
 8.2682461e-001
 8.2663929e-001
 8.2665205e-001
 8.2555634e-001
 8.2506299e-001
 8.2593030e-001
 8.2745910e-001
 8.2918978e-001
 8.3063155e-001
 8.3160752e-001
 8.3212835e-001
 8.3239716e-001
 8.3274025e-001
 8.3307362e-001
 8.3371097e-001
 8.3469105e-001
 8.3565605e-001
 8.3666497e-001
 8.3724046e-001
 8.3752394e-001
 8.3739793e-001
 8.3696818e-001
 8.3655196e-001
 8.3623171e-001
 8.3619893e-001
 8.3651692e-001
 8.3700556e-001
 8.3765376e-001
 8.3811009e-001
 8.3823961e-001
 8.3781016e-001
 8.3711773e-001
 8.3682770e-001
 8.3622479e-001
 8.3535284e-001
 8.3421737e-001
 8.3297700e-001
 8.3149248e-001
 8.3058423e-001
 8.2984841e-001
 8.2930571e-001
 8.2873267e-001
 8.2831234e-001
 8.2810414e-001
 8.2837188e-001
 8.2890022e-001
 8.2902658e-001
 8.2877350e-001
 8.2812387e-001
 8.2760894e-001
 8.2648128e-001
 8.2550853e-001
 8.2452554e-001
 8.2387698e-001
 8.2334501e-001
 8.2264721e-001
 8.2185817e-001
 8.2120371e-001
 8.2072753e-001
 8.2009542e-001
 8.1966692e-001
 8.1936234e-001
 8.1865311e-001
 8.1802458e-001
 8.1691933e-001
