s07_AV97 Record=2423: Olivine GDS71.b Fo91 <60um  NIC4cbu RREF
-1.2300000e+034
-1.2300000e+034
-1.2300000e+034
-1.2300000e+034
-1.2300000e+034
-1.2300000e+034
-1.2300000e+034
-1.2300000e+034
-1.2300000e+034
-1.2300000e+034
-1.2300000e+034
-1.2300000e+034
-1.2300000e+034
-1.2300000e+034
-1.2300000e+034
-1.2300000e+034
-1.2300000e+034
-1.2300000e+034
-1.2300000e+034
-1.2300000e+034
-1.2300000e+034
-1.2300000e+034
-1.2300000e+034
-1.2300000e+034
-1.2300000e+034
-1.2300000e+034
-1.2300000e+034
-1.2300000e+034
-1.2300000e+034
-1.2300000e+034
-1.2300000e+034
-1.2300000e+034
-1.2300000e+034
-1.2300000e+034
-1.2300000e+034
-1.2300000e+034
-1.2300000e+034
-1.2300000e+034
-1.2300000e+034
-1.2300000e+034
-1.2300000e+034
-1.2300000e+034
-1.2300000e+034
-1.2300000e+034
-1.2300000e+034
-1.2300000e+034
-1.2300000e+034
-1.2300000e+034
-1.2300000e+034
-1.2300000e+034
-1.2300000e+034
-1.2300000e+034
-1.2300000e+034
-1.2300000e+034
-1.2300000e+034
-1.2300000e+034
-1.2300000e+034
-1.2300000e+034
-1.2300000e+034
-1.2300000e+034
-1.2300000e+034
-1.2300000e+034
-1.2300000e+034
-1.2300000e+034
-1.2300000e+034
-1.2300000e+034
-1.2300000e+034
-1.2300000e+034
-1.2300000e+034
-1.2300000e+034
-1.2300000e+034
-1.2300000e+034
-1.2300000e+034
-1.2300000e+034
-1.2300000e+034
-1.2300000e+034
-1.2300000e+034
-1.2300000e+034
-1.2300000e+034
-1.2300000e+034
-1.2300000e+034
-1.2300000e+034
-1.2300000e+034
-1.2300000e+034
-1.2300000e+034
-1.2300000e+034
-1.2300000e+034
-1.2300000e+034
-1.2300000e+034
-1.2300000e+034
-1.2300000e+034
-1.2300000e+034
-1.2300000e+034
-1.2300000e+034
-1.2300000e+034
-1.2300000e+034
-1.2300000e+034
-1.2300000e+034
-1.2300000e+034
 5.4008210e-001
 5.4390925e-001
 5.4824030e-001
 5.5283177e-001
 5.5752647e-001
 5.6203127e-001
 5.6539631e-001
 5.6820309e-001
 5.7365453e-001
 5.7926244e-001
 5.8328593e-001
 5.8935523e-001
 5.9647381e-001
 6.0321981e-001
 6.0950178e-001
 6.1560404e-001
 6.2155092e-001
 6.2729073e-001
 6.3281292e-001
 6.3805413e-001
 6.4303148e-001
 6.4771134e-001
 6.5199614e-001
 6.5593404e-001
 6.5957618e-001
 6.6282332e-001
 6.6570127e-001
 6.6823590e-001
 6.7047203e-001
 6.7240608e-001
 6.7406821e-001
 6.7552841e-001
 6.7678821e-001
 6.7789108e-001
 6.7881089e-001
 6.7960966e-001
 6.8029821e-001
 6.8082577e-001
 6.8127334e-001
 6.8167108e-001
 6.8197358e-001
 6.8222153e-001
 6.8246800e-001
 6.8263710e-001
 6.8270493e-001
 6.8278664e-001
 6.8292528e-001
 6.8304998e-001
 6.8307215e-001
 6.8310124e-001
 6.8310827e-001
 6.8308157e-001
 6.8302613e-001
 6.8294901e-001
 6.8285549e-001
 6.8271405e-001
 6.8257666e-001
 6.8238986e-001
 6.8219489e-001
 6.8193328e-001
 6.8149579e-001
 6.8165094e-001
 6.8107301e-001
 6.8016285e-001
 6.7910641e-001
 6.7833877e-001
 6.7792547e-001
 6.7763406e-001
 6.7735827e-001
 6.7709786e-001
 6.7686176e-001
 6.7671418e-001
 6.7660451e-001
 6.7654783e-001
 6.7658991e-001
 6.7657220e-001
 6.7651927e-001
 6.7650527e-001
 6.7655134e-001
 6.7660242e-001
 6.7652303e-001
 6.7632902e-001
 6.7597038e-001
 6.7579323e-001
 6.7565292e-001
 6.7553830e-001
 6.7539406e-001
 6.7536998e-001
 6.7543489e-001
 6.7543995e-001
 6.7538071e-001
 6.7526448e-001
 6.7509604e-001
 6.7496121e-001
 6.7467839e-001
 6.7428273e-001
 6.7371505e-001
 6.7288107e-001
 6.7197490e-001
 6.7106789e-001
 6.6980839e-001
 6.6890204e-001
 6.6794676e-001
 6.6673791e-001
 6.6506958e-001
 6.6291082e-001
 6.6232342e-001
 6.6331095e-001
 6.6568255e-001
 6.6730446e-001
 6.6741276e-001
 6.6661471e-001
 6.6635025e-001
 6.6625029e-001
 6.6616124e-001
 6.6581184e-001
 6.6518050e-001
 6.6483343e-001
 6.6460139e-001
 6.6461051e-001
 6.6434771e-001
 6.6353393e-001
 6.6272920e-001
 6.6184574e-001
 6.6110414e-001
