s07_AV97 Record=830: Chrysocolla HS297.3B        NIC4bcb RREF
-1.2300000e+034
-1.2300000e+034
-1.2300000e+034
-1.2300000e+034
-1.2300000e+034
-1.2300000e+034
-1.2300000e+034
-1.2300000e+034
-1.2300000e+034
-1.2300000e+034
-1.2300000e+034
-1.2300000e+034
-1.2300000e+034
-1.2300000e+034
-1.2300000e+034
-1.2300000e+034
-1.2300000e+034
-1.2300000e+034
-1.2300000e+034
-1.2300000e+034
-1.2300000e+034
-1.2300000e+034
-1.2300000e+034
-1.2300000e+034
-1.2300000e+034
-1.2300000e+034
-1.2300000e+034
-1.2300000e+034
-1.2300000e+034
-1.2300000e+034
-1.2300000e+034
-1.2300000e+034
-1.2300000e+034
-1.2300000e+034
-1.2300000e+034
-1.2300000e+034
-1.2300000e+034
-1.2300000e+034
-1.2300000e+034
-1.2300000e+034
-1.2300000e+034
-1.2300000e+034
-1.2300000e+034
-1.2300000e+034
-1.2300000e+034
-1.2300000e+034
-1.2300000e+034
-1.2300000e+034
-1.2300000e+034
-1.2300000e+034
-1.2300000e+034
-1.2300000e+034
-1.2300000e+034
-1.2300000e+034
-1.2300000e+034
-1.2300000e+034
-1.2300000e+034
-1.2300000e+034
-1.2300000e+034
-1.2300000e+034
-1.2300000e+034
-1.2300000e+034
-1.2300000e+034
-1.2300000e+034
-1.2300000e+034
-1.2300000e+034
-1.2300000e+034
-1.2300000e+034
-1.2300000e+034
-1.2300000e+034
-1.2300000e+034
-1.2300000e+034
-1.2300000e+034
-1.2300000e+034
-1.2300000e+034
-1.2300000e+034
-1.2300000e+034
-1.2300000e+034
-1.2300000e+034
-1.2300000e+034
-1.2300000e+034
-1.2300000e+034
-1.2300000e+034
-1.2300000e+034
-1.2300000e+034
-1.2300000e+034
-1.2300000e+034
-1.2300000e+034
-1.2300000e+034
-1.2300000e+034
-1.2300000e+034
-1.2300000e+034
-1.2300000e+034
-1.2300000e+034
-1.2300000e+034
-1.2300000e+034
-1.2300000e+034
-1.2300000e+034
-1.2300000e+034
-1.2300000e+034
-1.2300000e+034
-1.2300000e+034
-1.2300000e+034
-1.2300000e+034
-1.2300000e+034
-1.2300000e+034
-1.2300000e+034
-1.2300000e+034
-1.2300000e+034
-1.2300000e+034
-1.2300000e+034
-1.2300000e+034
-1.2300000e+034
-1.2300000e+034
-1.2300000e+034
-1.2300000e+034
-1.2300000e+034
-1.2300000e+034
-1.2300000e+034
-1.2300000e+034
-1.2300000e+034
-1.2300000e+034
-1.2300000e+034
-1.2300000e+034
-1.2300000e+034
-1.2300000e+034
-1.2300000e+034
-1.2300000e+034
 2.1904314e-001
 2.2352330e-001
 2.2751670e-001
 2.3150946e-001
 2.3498440e-001
 2.3828459e-001
 2.4120268e-001
 2.4382330e-001
 2.4605833e-001
 2.4821682e-001
 2.5027743e-001
 2.5223982e-001
 2.5372881e-001
 2.5500208e-001
 2.5596943e-001
 2.5666800e-001
 2.5743261e-001
 2.5802955e-001
 2.5855044e-001
 2.5883842e-001
 2.5883427e-001
 2.5867462e-001
 2.5829464e-001
 2.5831491e-001
 2.5833097e-001
 2.5818369e-001
 2.5799865e-001
 2.5694442e-001
 2.5423506e-001
 2.4806146e-001
 2.3300487e-001
 2.0410618e-001
 2.1442117e-001
 1.8427126e-001
 1.6588622e-001
 1.6067880e-001
 1.6917878e-001
 1.8082291e-001
 1.9022638e-001
 1.9719127e-001
 2.0245945e-001
 2.0740531e-001
 2.1245746e-001
 2.1795088e-001
 2.2350490e-001
 2.2857989e-001
 2.3306240e-001
 2.3649377e-001
 2.3921923e-001
 2.4096091e-001
 2.4177974e-001
 2.4207442e-001
 2.4195604e-001
 2.4151237e-001
 2.4039860e-001
 2.3984286e-001
 2.3991425e-001
 2.3962921e-001
 2.3824877e-001
 2.3559999e-001
 2.3175448e-001
 2.2560510e-001
 2.1598105e-001
 2.0609391e-001
 2.0134734e-001
 1.9823016e-001
 1.9201820e-001
 1.8232472e-001
 1.6511062e-001
 1.4914845e-001
 1.4799006e-001
 1.5308577e-001
 1.6098483e-001
 1.7382337e-001
 1.8444277e-001
 1.9026297e-001
 1.9284107e-001
 1.9342406e-001
 1.9178104e-001
 1.8768673e-001
 1.8042435e-001
 1.6945261e-001
 1.5906312e-001
 1.5280388e-001
 1.4816914e-001
 1.4406924e-001
 1.4372662e-001
 1.4399785e-001
 1.4099477e-001
 1.3762537e-001
 1.3552542e-001
 1.3403943e-001
 1.3182671e-001
 1.2972428e-001
 1.2816226e-001
 1.2637269e-001
