s07_AV97 Record=2214: Muscovite GDS108              BECKb AREF
 4.1468522e-001
 4.0995187e-001
 3.9793527e-001
 3.8060758e-001
 3.6939368e-001
 3.6239687e-001
 3.6819729e-001
 4.0737271e-001
 4.7277680e-001
 5.3458625e-001
 5.7301408e-001
 5.9495163e-001
 6.0854465e-001
 6.1770153e-001
 6.2414265e-001
 6.2976587e-001
 6.3524765e-001
 6.3993919e-001
 6.4482206e-001
 6.4997584e-001
 6.5613073e-001
 6.6050982e-001
 6.6493809e-001
 6.6947085e-001
 6.7389345e-001
 6.7762113e-001
 6.8124831e-001
 6.8440938e-001
 6.8822116e-001
 6.9144291e-001
 6.9598216e-001
 6.9953787e-001
 6.9534916e-001
 6.9876057e-001
 7.0279908e-001
 7.0726186e-001
 7.0812607e-001
 7.1137160e-001
 7.1403718e-001
 7.1701956e-001
 7.1973246e-001
 7.2092122e-001
 7.2299343e-001
 7.2385573e-001
 7.2412777e-001
 7.2371465e-001
 7.2402292e-001
 7.2330230e-001
 7.2319341e-001
 7.2085148e-001
 7.2101676e-001
 7.1842390e-001
 7.1442431e-001
 7.1379018e-001
 7.1446568e-001
 7.1412122e-001
 7.1331877e-001
 7.1427888e-001
 7.1250653e-001
 7.1298617e-001
 7.1545821e-001
 7.1612710e-001
 7.1461415e-001
 7.1354049e-001
 7.1781963e-001
 7.2068238e-001
 7.2208685e-001
 7.2207987e-001
 7.2202504e-001
 7.2335976e-001
 7.2401500e-001
 7.2580129e-001
 7.2556901e-001
 7.2569323e-001
 7.2570300e-001
 7.2698849e-001
 7.2765219e-001
 7.2877145e-001
 7.3014164e-001
 7.3042315e-001
 7.3144519e-001
 7.3198897e-001
 7.3268539e-001
 7.3352492e-001
 7.3423618e-001
 7.3446530e-001
 7.3486769e-001
 7.3672980e-001
 7.3691696e-001
 7.3745251e-001
 7.3978704e-001
 7.3979789e-001
 7.4030071e-001
 7.4161255e-001
 7.4153250e-001
 7.4217570e-001
 7.4165869e-001
 7.4190229e-001
 7.4278426e-001
 7.4434215e-001
 7.4264234e-001
 7.4199212e-001
 7.4035525e-001
 7.4132633e-001
 7.4176353e-001
 7.4246460e-001
 7.4230218e-001
 7.4038875e-001
 7.3734444e-001
 7.2914350e-001
 6.8690163e-001
 6.0796875e-001
 5.9218520e-001
 6.6239810e-001
 7.1451586e-001
 7.3344201e-001
 7.3734599e-001
 7.3967564e-001
 7.4078381e-001
 7.4389917e-001
 7.4571347e-001
 7.4627048e-001
 7.4742091e-001
 7.4872524e-001
 7.4881554e-001
 7.4953204e-001
 7.4992800e-001
 7.5116873e-001
 7.5018299e-001
 7.4967176e-001
 7.5055784e-001
 7.5076061e-001
 7.5038588e-001
 7.5059944e-001
 7.5064582e-001
 7.5132596e-001
 7.5061989e-001
 7.5041890e-001
 7.4826550e-001
 7.4932247e-001
 7.5145119e-001
 7.5299042e-001
 7.4963701e-001
 7.4737275e-001
 7.4716759e-001
 7.4837810e-001
 7.4851006e-001
 7.4603444e-001
 7.4347907e-001
 7.4616170e-001
 7.4694324e-001
 7.4557137e-001
 7.4172312e-001
 7.4087578e-001
 7.3843712e-001
 7.3816574e-001
 7.3885542e-001
 7.3795825e-001
 7.3395014e-001
 7.2572607e-001
 7.2861153e-001
 7.2032505e-001
 7.0947951e-001
 6.9628459e-001
 6.9024968e-001
 6.8956226e-001
 6.9340038e-001
 6.9696146e-001
 6.9980580e-001
 7.0274186e-001
 7.0631939e-001
 7.0850384e-001
 7.1203262e-001
 7.1681291e-001
 7.1911669e-001
 7.1874636e-001
 7.1960741e-001
 7.2073835e-001
 7.2073078e-001
 7.2096878e-001
 7.1924335e-001
 7.1267068e-001
 7.0599508e-001
 6.9929636e-001
 6.9278848e-001
 6.9235772e-001
 6.9003236e-001
 6.8090069e-001
 6.6357684e-001
 6.3219619e-001
 5.7697856e-001
 5.0612414e-001
 4.6680743e-001
 4.9430361e-001
 5.5209190e-001
 5.8427060e-001
 6.0102952e-001
 6.1794949e-001
 6.2825036e-001
 6.3369656e-001
 6.3692009e-001
 6.3488305e-001
 6.2756896e-001
 6.0572445e-001
 5.8050752e-001
 5.5521995e-001
 5.3315389e-001
 5.2227616e-001
 5.2606112e-001
 5.3501272e-001
 5.3094286e-001
 5.2856934e-001
 5.2848637e-001
 5.1939511e-001
 5.0389397e-001
 4.9080607e-001
 4.8316666e-001
 4.8209143e-001
 4.8541680e-001
 4.9115986e-001
 4.9687278e-001
 5.0245982e-001
 5.0825989e-001
 5.1438546e-001
