s07_AV97 Record=332: Andalusite NMNHR17898 <74um  NIC4cb RREF
-1.2300000e+034
-1.2300000e+034
-1.2300000e+034
-1.2300000e+034
-1.2300000e+034
-1.2300000e+034
-1.2300000e+034
-1.2300000e+034
-1.2300000e+034
-1.2300000e+034
-1.2300000e+034
-1.2300000e+034
-1.2300000e+034
-1.2300000e+034
-1.2300000e+034
-1.2300000e+034
-1.2300000e+034
-1.2300000e+034
-1.2300000e+034
-1.2300000e+034
-1.2300000e+034
-1.2300000e+034
-1.2300000e+034
-1.2300000e+034
-1.2300000e+034
-1.2300000e+034
-1.2300000e+034
-1.2300000e+034
-1.2300000e+034
-1.2300000e+034
-1.2300000e+034
-1.2300000e+034
-1.2300000e+034
-1.2300000e+034
-1.2300000e+034
-1.2300000e+034
-1.2300000e+034
-1.2300000e+034
-1.2300000e+034
-1.2300000e+034
-1.2300000e+034
-1.2300000e+034
-1.2300000e+034
-1.2300000e+034
-1.2300000e+034
-1.2300000e+034
-1.2300000e+034
-1.2300000e+034
-1.2300000e+034
-1.2300000e+034
-1.2300000e+034
-1.2300000e+034
-1.2300000e+034
-1.2300000e+034
-1.2300000e+034
-1.2300000e+034
-1.2300000e+034
-1.2300000e+034
-1.2300000e+034
-1.2300000e+034
-1.2300000e+034
-1.2300000e+034
-1.2300000e+034
-1.2300000e+034
-1.2300000e+034
-1.2300000e+034
-1.2300000e+034
-1.2300000e+034
-1.2300000e+034
-1.2300000e+034
-1.2300000e+034
-1.2300000e+034
-1.2300000e+034
-1.2300000e+034
-1.2300000e+034
-1.2300000e+034
-1.2300000e+034
-1.2300000e+034
-1.2300000e+034
-1.2300000e+034
-1.2300000e+034
-1.2300000e+034
-1.2300000e+034
-1.2300000e+034
-1.2300000e+034
-1.2300000e+034
-1.2300000e+034
-1.2300000e+034
-1.2300000e+034
-1.2300000e+034
-1.2300000e+034
-1.2300000e+034
-1.2300000e+034
-1.2300000e+034
-1.2300000e+034
-1.2300000e+034
-1.2300000e+034
-1.2300000e+034
-1.2300000e+034
-1.2300000e+034
-1.2300000e+034
-1.2300000e+034
-1.2300000e+034
-1.2300000e+034
-1.2300000e+034
-1.2300000e+034
-1.2300000e+034
-1.2300000e+034
-1.2300000e+034
-1.2300000e+034
-1.2300000e+034
-1.2300000e+034
-1.2300000e+034
-1.2300000e+034
-1.2300000e+034
-1.2300000e+034
-1.2300000e+034
-1.2300000e+034
-1.2300000e+034
-1.2300000e+034
-1.2300000e+034
-1.2300000e+034
-1.2300000e+034
-1.2300000e+034
-1.2300000e+034
-1.2300000e+034
-1.2300000e+034
-1.2300000e+034
-1.2300000e+034
-1.2300000e+034
-1.2300000e+034
-1.2300000e+034
-1.2300000e+034
-1.2300000e+034
-1.2300000e+034
-1.2300000e+034
-1.2300000e+034
-1.2300000e+034
-1.2300000e+034
 6.4522874e-001
 6.4964515e-001
 6.5352833e-001
 6.5671611e-001
 6.6029745e-001
 6.6402668e-001
 6.6825527e-001
 6.7211282e-001
 6.7552382e-001
 6.7810339e-001
 6.8058050e-001
 6.8280137e-001
 6.8501270e-001
 6.8737072e-001
 6.8994367e-001
 6.9284350e-001
 6.9512904e-001
 6.9755852e-001
 6.9902503e-001
 7.0014024e-001
 7.0159435e-001
 7.0112455e-001
 7.0253086e-001
 7.0389104e-001
 7.0505029e-001
 7.0684111e-001
 7.0953155e-001
 7.1146274e-001
 7.1272397e-001
 7.1350557e-001
 7.1401924e-001
 7.1471590e-001
 7.1550876e-001
 7.1680373e-001
 7.1833825e-001
 7.1993035e-001
 7.2143501e-001
 7.2261369e-001
 7.2321308e-001
 7.2373712e-001
 7.2405356e-001
 7.2406846e-001
 7.2417432e-001
 7.2461021e-001
 7.2553474e-001
 7.2674060e-001
 7.2794592e-001
 7.2878891e-001
 7.2933108e-001
 7.2954911e-001
 7.2948849e-001
 7.2908330e-001
 7.2749448e-001
 7.2647911e-001
 7.2367930e-001
 7.2463340e-001
 7.2516507e-001
 7.2630626e-001
 7.2699612e-001
 7.2828948e-001
 7.3024547e-001
 7.3120987e-001
 7.3103511e-001
 7.3015535e-001
 7.2833467e-001
 7.2912419e-001
 7.3047256e-001
 7.2829479e-001
 7.2187763e-001
 7.2259194e-001
 7.2561091e-001
 7.2575438e-001
 7.2769284e-001
 7.2883761e-001
 7.2918701e-001
 7.2941023e-001
 7.2974509e-001
 7.2938764e-001
 7.2976154e-001
 7.2992235e-001
 7.2998077e-001
 7.2979128e-001
 7.2979069e-001
 7.3022407e-001
 7.3063493e-001
