s07_AV97 Record=2232: Muscovite GDS113 Ruby        ASDNGa AREF
 5.4953974e-001
 5.7483357e-001
 5.9985834e-001
 6.2493068e-001
 6.4483178e-001
 6.6022879e-001
 6.7777699e-001
 6.9113970e-001
 7.0327705e-001
 7.1467030e-001
 7.2051680e-001
 7.2755897e-001
 7.3815274e-001
 7.3760194e-001
 7.3085952e-001
 7.3107201e-001
 7.3271888e-001
 7.3430538e-001
 7.3650116e-001
 7.3865271e-001
 7.4109089e-001
 7.4527740e-001
 7.5214529e-001
 7.6058578e-001
 7.6959479e-001
 7.7814144e-001
 7.8592956e-001
 7.9307342e-001
 7.9974914e-001
 8.0596465e-001
 8.1184775e-001
 8.1753623e-001
 8.1091928e-001
 8.1646591e-001
 8.2175452e-001
 8.2667845e-001
 8.3114570e-001
 8.3504087e-001
 8.3830208e-001
 8.4078294e-001
 8.4246898e-001
 8.4375942e-001
 8.4403861e-001
 8.4354615e-001
 8.4249014e-001
 8.4089994e-001
 8.3888000e-001
 8.3661705e-001
 8.3428121e-001
 8.3193791e-001
 8.2967311e-001
 8.2765311e-001
 8.2598847e-001
 8.2479471e-001
 8.2407546e-001
 8.2382298e-001
 8.2402062e-001
 8.2459348e-001
 8.2550991e-001
 8.2693553e-001
 8.2876021e-001
 8.3031511e-001
 8.2959354e-001
 8.2754225e-001
 8.3260405e-001
 8.3754539e-001
 8.3959115e-001
 8.4069425e-001
 8.4148759e-001
 8.4209085e-001
 8.4251904e-001
 8.4296834e-001
 8.4338367e-001
 8.4377080e-001
 8.4428227e-001
 8.4492785e-001
 8.4572673e-001
 8.4662563e-001
 8.4776789e-001
 8.4910309e-001
 8.5060745e-001
 8.5219795e-001
 8.5383797e-001
 8.5551065e-001
 8.5721993e-001
 8.5893172e-001
 8.6081380e-001
 8.6293185e-001
 8.6511981e-001
 8.6726642e-001
 8.6932355e-001
 8.7147188e-001
 8.7274873e-001
 8.7407249e-001
 8.7768060e-001
 8.8026106e-001
 8.7575203e-001
 8.7906480e-001
 8.8122314e-001
 8.8214296e-001
 8.8183784e-001
 8.8205540e-001
 8.8253015e-001
 8.8394529e-001
 8.8661277e-001
 8.9027774e-001
 8.9220393e-001
 8.8976097e-001
 8.8390476e-001
 8.7054235e-001
 8.0106527e-001
 7.0553619e-001
 6.9734329e-001
 7.9678929e-001
 8.7055469e-001
 8.9364624e-001
 9.0100634e-001
 9.0546894e-001
 9.0819216e-001
 9.1003829e-001
 9.1146410e-001
 9.1251063e-001
 9.1333878e-001
 9.1407186e-001
 9.1468000e-001
 9.1525614e-001
 9.1616929e-001
 9.1765374e-001
 9.1934156e-001
 9.2081308e-001
 9.2186648e-001
 9.2251718e-001
 9.2281568e-001
 9.2291826e-001
 9.2302668e-001
 9.2328048e-001
 9.2360890e-001
 9.2385751e-001
 9.2413187e-001
 9.2435169e-001
 9.2453653e-001
 9.2459899e-001
 9.2446518e-001
 9.2411548e-001
 9.2342174e-001
 9.2234367e-001
 9.2085421e-001
 9.1939801e-001
 9.1878265e-001
 9.1897428e-001
 9.1908008e-001
 9.1888434e-001
 9.1827089e-001
 9.1525596e-001
 9.1080856e-001
 9.0900159e-001
 9.1175830e-001
 9.1378099e-001
 9.1054201e-001
 9.0279597e-001
 9.0536499e-001
 8.9795238e-001
 8.8908565e-001
 8.7911159e-001
 8.7358057e-001
 8.7267309e-001
 8.7319696e-001
 8.7271214e-001
 8.7100929e-001
 8.6809301e-001
 8.6449331e-001
 8.6098146e-001
 8.5841763e-001
 8.5758466e-001
 8.5753644e-001
 8.5726422e-001
 8.5570967e-001
 8.5360849e-001
 8.5098249e-001
 8.4725785e-001
 8.4141785e-001
 8.3108163e-001
 8.1746346e-001
 8.0571008e-001
 7.9869705e-001
 7.9882562e-001
 7.9874414e-001
 7.9110956e-001
 7.7234197e-001
 7.3545140e-001
 6.6903228e-001
 5.8995080e-001
 5.5821741e-001
 5.9685051e-001
 6.6637236e-001
 7.1991336e-001
 7.4484307e-001
 7.5672966e-001
 7.6361579e-001
 7.6835638e-001
 7.6852530e-001
 7.6244563e-001
 7.4699444e-001
 7.2335047e-001
 6.9549358e-001
 6.6567624e-001
 6.3926435e-001
 6.2797534e-001
 6.3701147e-001
 6.4727163e-001
 6.4841741e-001
 6.4769495e-001
 6.4567590e-001
 6.3303280e-001
 6.1338407e-001
 5.9579343e-001
 5.8720934e-001
 5.9019727e-001
 5.9974360e-001
 6.1112964e-001
 6.2006181e-001
 6.2574422e-001
 6.3129580e-001
-1.2300000e+034
