s07_AV97 Record=3372: Tremolite HS18.3              BECKc AREF
 4.0825737e-001
 4.1508135e-001
 4.2386994e-001
 4.3293449e-001
 4.3932328e-001
 4.4841674e-001
 4.5999095e-001
 4.6771839e-001
 4.7991329e-001
 4.8810130e-001
 4.9433443e-001
 5.0293410e-001
 5.0736022e-001
 5.1344031e-001
 5.1694900e-001
 5.2403253e-001
 5.2962768e-001
 5.3522551e-001
 5.3952062e-001
 5.4472649e-001
 5.4888165e-001
 5.5211574e-001
 5.5523336e-001
 5.5808467e-001
 5.6087732e-001
 5.6315100e-001
 5.6581223e-001
 5.6701660e-001
 5.6828612e-001
 5.7155007e-001
 5.7365662e-001
 5.7594675e-001
 5.7307553e-001
 5.7627803e-001
 5.7501483e-001
 5.7561231e-001
 5.7837248e-001
 5.7947546e-001
 5.8277762e-001
 5.8506626e-001
 5.8539712e-001
 5.8755642e-001
 5.8845842e-001
 5.8683693e-001
 5.8734506e-001
 5.8867031e-001
 5.9043932e-001
 5.8859670e-001
 5.8684194e-001
 5.8562750e-001
 5.7957470e-001
 5.7299578e-001
 5.7243782e-001
 5.6890911e-001
 5.6290275e-001
 5.5473208e-001
 5.5255264e-001
 5.4695994e-001
 5.4104471e-001
 5.3984517e-001
 5.2987003e-001
 5.2656984e-001
 5.2077758e-001
 5.2351087e-001
 5.2301633e-001
 5.1972568e-001
 5.1949781e-001
 5.1751024e-001
 5.1494819e-001
 5.1479399e-001
 5.1563191e-001
 5.1672584e-001
 5.2100587e-001
 5.2699292e-001
 5.3552711e-001
 5.4256892e-001
 5.5108809e-001
 5.5751067e-001
 5.6286770e-001
 5.6746900e-001
 5.7047236e-001
 5.7298547e-001
 5.7783389e-001
 5.7794398e-001
 5.7916081e-001
 5.8046275e-001
 5.8166045e-001
 5.8358526e-001
 5.8367121e-001
 5.8487314e-001
 5.8635306e-001
 5.8800894e-001
 5.8673871e-001
 5.8903217e-001
 5.8806258e-001
 5.8576059e-001
 5.8847994e-001
 5.8733869e-001
 5.8584714e-001
 5.8840829e-001
 5.8917493e-001
 5.8973670e-001
 5.8978218e-001
 5.8890665e-001
 5.8967751e-001
 5.8998543e-001
 5.8915728e-001
 5.8371937e-001
 5.6641763e-001
 5.1323169e-001
 4.3728995e-001
 5.5994743e-001
 5.8012074e-001
 5.8408809e-001
 5.8595371e-001
 5.8792257e-001
 5.8889318e-001
 5.8969051e-001
 5.9050179e-001
 5.9072614e-001
 5.9185445e-001
 5.9143198e-001
 5.8977306e-001
 5.9150714e-001
 5.9088504e-001
 5.9073144e-001
 5.9217423e-001
 5.9253919e-001
 5.9158331e-001
 5.9209639e-001
 5.9404784e-001
 5.9374607e-001
 5.9142661e-001
 5.9036773e-001
 5.9065509e-001
 5.9283864e-001
 5.9219426e-001
 5.9101689e-001
 5.9004885e-001
 5.9090877e-001
 5.9108478e-001
 5.9041119e-001
 5.9184343e-001
 5.9168905e-001
 5.9287465e-001
 5.9253269e-001
 5.8785343e-001
 5.8954567e-001
 5.8894759e-001
 5.8870125e-001
 5.8820415e-001
 5.8465719e-001
 5.8329129e-001
 5.8544809e-001
 5.8152056e-001
 5.7953268e-001
 5.7716340e-001
 5.7733297e-001
 5.7824641e-001
 5.7245523e-001
 5.7482773e-001
 5.6845111e-001
 5.6096321e-001
 5.5366325e-001
 5.5443442e-001
 5.5597681e-001
 5.5798894e-001
 5.5636328e-001
 5.5730915e-001
 5.5895990e-001
 5.5613071e-001
 5.5200660e-001
 5.5135477e-001
 5.5273789e-001
 5.5592638e-001
 5.6085163e-001
 5.5601263e-001
 5.5225486e-001
 5.5015731e-001
 5.4300684e-001
 5.3995007e-001
 5.3821379e-001
 5.3337198e-001
 5.1706582e-001
 5.1321894e-001
 5.1995736e-001
 5.2623540e-001
 5.3103203e-001
 5.3206843e-001
 5.3004867e-001
 5.2768821e-001
 5.3265756e-001
 5.3012258e-001
 5.2600950e-001
 5.2324247e-001
 5.1503611e-001
 4.9734512e-001
 4.8540851e-001
 4.6035570e-001
 4.0357542e-001
 3.5583299e-001
 2.9154941e-001
 2.4345660e-001
 2.3245975e-001
 2.7159387e-001
 3.9148125e-001
 4.4924867e-001
 4.4543076e-001
 4.2330870e-001
 3.7879720e-001
 3.1137937e-001
 3.0081093e-001
 3.5558468e-001
 3.9680055e-001
 4.0877888e-001
 4.0975073e-001
 4.0516233e-001
 3.9711091e-001
 3.8971946e-001
 3.8508031e-001
 3.8677710e-001
 3.9318505e-001
 4.0181881e-001
 4.1042498e-001
