s07_AV97 Record=1257: Gaylussite NMNH102876-2       BECKb AREF
 4.1713282e-001
 4.1656756e-001
 4.1355720e-001
 4.0877029e-001
 4.0983665e-001
 4.1936645e-001
 4.3510020e-001
 4.5186582e-001
 4.6707672e-001
 4.7972044e-001
 4.8948914e-001
 4.9896085e-001
 5.0621861e-001
 5.1139140e-001
 5.1870501e-001
 5.3035021e-001
 5.4167086e-001
 5.4877043e-001
 5.5421537e-001
 5.5969846e-001
 5.6359237e-001
 5.6919181e-001
 5.7252496e-001
 5.7025629e-001
 5.6788349e-001
 5.6924719e-001
 5.7224369e-001
 5.7139540e-001
 5.5797243e-001
 5.4417092e-001
 5.4898298e-001
 5.6696612e-001
 5.4713714e-001
 5.6242120e-001
 5.8573312e-001
 6.0551482e-001
 6.2336856e-001
 6.3754785e-001
 6.4916724e-001
 6.5833181e-001
 6.6687846e-001
 6.7349046e-001
 6.7912853e-001
 6.8512011e-001
 6.8981051e-001
 6.9447291e-001
 6.9906908e-001
 7.0187473e-001
 7.0536810e-001
 7.0696509e-001
 7.0767808e-001
 7.0923060e-001
 7.0908332e-001
 7.0940697e-001
 7.1015298e-001
 7.1044546e-001
 7.1128601e-001
 7.0886487e-001
 7.0632064e-001
 7.0603752e-001
 7.0676279e-001
 7.0396864e-001
 6.9879466e-001
 6.9438875e-001
 6.8989825e-001
 6.8313986e-001
 6.7583865e-001
 6.7163301e-001
 6.6586965e-001
 6.6503084e-001
 6.6559738e-001
 6.6767406e-001
 6.7009449e-001
 6.6958940e-001
 6.6921711e-001
 6.6802227e-001
 6.6604763e-001
 6.6276890e-001
 6.5876800e-001
 6.5459687e-001
 6.5116978e-001
 6.4545900e-001
 6.4016736e-001
 6.3116264e-001
 6.1784673e-001
 6.0102952e-001
 5.8598244e-001
 5.7346392e-001
 5.6174856e-001
 5.5317777e-001
 5.4876667e-001
 5.4476130e-001
 5.4057139e-001
 5.3919739e-001
 5.3659320e-001
 5.3644919e-001
 5.3809023e-001
 5.3622985e-001
 5.3589392e-001
 5.3606778e-001
 5.3536862e-001
 5.3176779e-001
 5.2649856e-001
 5.1831317e-001
 5.0473934e-001
 4.8815870e-001
 4.7036707e-001
 4.5425430e-001
 4.4154099e-001
 4.3254307e-001
 4.2246661e-001
 4.0595528e-001
 3.8114396e-001
 3.4866518e-001
 3.1654164e-001
 2.8077114e-001
 2.4693666e-001
 2.1719152e-001
 1.9126612e-001
 1.7035568e-001
 1.5977922e-001
 1.5497240e-001
 1.5150383e-001
 1.4467630e-001
 1.4006782e-001
 1.3602920e-001
 1.3129032e-001
 1.2865175e-001
 1.2824325e-001
 1.2905574e-001
 1.3171056e-001
 1.3471544e-001
 1.3733421e-001
 1.3770173e-001
 1.3647288e-001
 1.3412639e-001
 1.2919596e-001
 1.2573300e-001
 1.1985513e-001
 1.1340576e-001
 1.0890240e-001
 1.0409869e-001
 9.9969849e-002
 9.3158387e-002
 8.9368396e-002
 8.5519902e-002
 8.3504304e-002
 8.0849081e-002
 7.9271212e-002
 7.7601723e-002
 7.8262337e-002
 7.7713653e-002
 7.7803545e-002
 7.9677992e-002
 8.0867894e-002
 8.2889296e-002
 8.4640443e-002
 8.1464790e-002
 7.8754410e-002
 7.2886817e-002
 7.5384527e-002
 6.8447083e-002
 6.3353725e-002
 5.7398241e-002
 5.2999634e-002
 4.9242239e-002
 4.4887301e-002
 4.1480828e-002
 4.0496103e-002
 3.8773909e-002
 3.9170016e-002
 4.0072836e-002
 3.9414465e-002
 4.0980268e-002
 4.4178709e-002
 4.3101415e-002
 4.2384133e-002
 4.2688739e-002
 4.3754902e-002
 4.6830319e-002
 4.4691294e-002
 4.4876084e-002
 4.6853110e-002
 4.6782736e-002
 4.7889978e-002
 4.6408489e-002
 4.8886146e-002
 4.9807109e-002
 4.9042556e-002
 5.0963696e-002
 5.1643156e-002
 5.2913267e-002
 5.4067444e-002
 5.7042636e-002
 6.0379550e-002
 6.2936679e-002
 6.2640443e-002
 6.1914757e-002
 6.2373519e-002
 6.2970147e-002
 6.1511386e-002
 6.0160350e-002
 5.9508402e-002
 5.6731600e-002
 5.2473444e-002
 4.9760245e-002
 4.9564574e-002
 4.8217572e-002
 4.5793634e-002
 4.5482218e-002
 4.3979149e-002
 4.3442860e-002
 4.2025063e-002
 4.0085975e-002
 3.7897751e-002
 3.5552535e-002
 3.3472329e-002
 3.2102130e-002
 3.1409875e-002
 3.0925116e-002
 3.0493945e-002
 3.0143056e-002
 2.9955482e-002
 2.9959075e-002
