s07_AV97 Record=908: Clinoptilolite GDS152 Zeolit  BECKb AREF
 2.9114392e-001
 3.2379630e-001
 3.6416715e-001
 4.0391037e-001
 4.3596032e-001
 4.6106392e-001
 4.8047036e-001
 4.9659303e-001
 5.1368570e-001
 5.4775763e-001
 5.7723284e-001
 5.9673476e-001
 6.1537158e-001
 6.3641483e-001
 6.5936595e-001
 6.8103892e-001
 7.0047766e-001
 7.1757203e-001
 7.2916371e-001
 7.4019182e-001
 7.5105619e-001
 7.6158923e-001
 7.7068001e-001
 7.7770621e-001
 7.8409928e-001
 7.9037219e-001
 7.9587942e-001
 8.0158877e-001
 8.0735826e-001
 8.1359249e-001
 8.1973517e-001
 8.2560915e-001
 8.1881773e-001
 8.2437503e-001
 8.3047050e-001
 8.3720779e-001
 8.4360492e-001
 8.4903198e-001
 8.5381311e-001
 8.5778838e-001
 8.6032957e-001
 8.6303359e-001
 8.6475992e-001
 8.6586887e-001
 8.6637640e-001
 8.6649549e-001
 8.6555225e-001
 8.6418664e-001
 8.6204612e-001
 8.6089951e-001
 8.5785723e-001
 8.5750109e-001
 8.5757285e-001
 8.5425985e-001
 8.5172349e-001
 8.5256648e-001
 8.5163552e-001
 8.4944713e-001
 8.4649193e-001
 8.4630418e-001
 8.4540397e-001
 8.4375894e-001
 8.3969647e-001
 8.3726585e-001
 8.3783036e-001
 8.3977747e-001
 8.4322941e-001
 8.4815550e-001
 8.4887689e-001
 8.5130662e-001
 8.5596120e-001
 8.5742390e-001
 8.5968983e-001
 8.6170417e-001
 8.6405361e-001
 8.6529690e-001
 8.6758977e-001
 8.6935872e-001
 8.7039798e-001
 8.7156570e-001
 8.7146378e-001
 8.7024570e-001
 8.6169302e-001
 8.4949070e-001
 8.4797460e-001
 8.5685831e-001
 8.6246479e-001
 8.6717153e-001
 8.6909473e-001
 8.7185478e-001
 8.7496030e-001
 8.7625188e-001
 8.7795013e-001
 8.8015968e-001
 8.8072067e-001
 8.8252074e-001
 8.8011146e-001
 8.8179296e-001
 8.8149309e-001
 8.7978303e-001
 8.7705243e-001
 8.7358052e-001
 8.6789024e-001
 8.5852581e-001
 8.4709603e-001
 8.3713752e-001
 8.2846749e-001
 8.1799442e-001
 8.0120909e-001
 7.7351791e-001
 7.2731465e-001
 6.6689217e-001
 6.2440228e-001
 6.2084866e-001
 6.4261478e-001
 6.7213941e-001
 6.9316959e-001
 6.9898105e-001
 7.1306914e-001
 7.3595113e-001
 7.5611961e-001
 7.7083999e-001
 7.8097546e-001
 7.9114485e-001
 7.9716915e-001
 8.0190128e-001
 8.0629492e-001
 8.1209445e-001
 8.1313485e-001
 8.1611902e-001
 8.1917387e-001
 8.2108158e-001
 8.2346910e-001
 8.2463580e-001
 8.2712692e-001
 8.2887805e-001
 8.2994628e-001
 8.3083147e-001
 8.3013040e-001
 8.2929575e-001
 8.2917732e-001
 8.2520354e-001
 8.2282585e-001
 8.1734443e-001
 8.1171274e-001
 8.0739015e-001
 7.9826605e-001
 7.9260075e-001
 7.8451830e-001
 7.7852952e-001
 7.7663594e-001
 7.6869899e-001
 7.6463127e-001
 7.6204687e-001
 7.6048321e-001
 7.5463909e-001
 7.4290270e-001
 7.2236401e-001
 6.8090332e-001
 6.0669005e-001
 6.3440853e-001
 5.3029364e-001
 4.0946805e-001
 3.4224334e-001
 3.5087925e-001
 3.9687896e-001
 4.3814835e-001
 4.6606737e-001
 4.8547965e-001
 5.0298804e-001
 5.2306193e-001
 5.4319233e-001
 5.6558633e-001
 5.8710027e-001
 6.0946405e-001
 6.2927079e-001
 6.4160204e-001
 6.5360689e-001
 6.5821052e-001
 6.6444826e-001
 6.6593337e-001
 6.6888767e-001
 6.7547745e-001
 6.8088722e-001
 6.8568498e-001
 6.9295889e-001
 6.9625729e-001
 6.9857341e-001
 6.9985884e-001
 6.9769812e-001
 6.9470900e-001
 6.8915355e-001
 6.8748289e-001
 6.8521392e-001
 6.8226397e-001
 6.8120098e-001
 6.7741185e-001
 6.7164540e-001
 6.6775101e-001
 6.5998894e-001
 6.4975172e-001
 6.3462901e-001
 6.1788392e-001
 6.1220694e-001
 6.1121094e-001
 6.0286289e-001
 5.8928317e-001
 5.7200205e-001
 5.5546117e-001
 5.3706354e-001
 5.1955765e-001
 5.0539941e-001
 4.8840755e-001
 4.7363272e-001
 4.6069947e-001
 4.4645914e-001
 4.3146187e-001
 4.1712272e-001
 4.0503046e-001
 3.9226171e-001
 3.8005778e-001
 3.6864015e-001
 3.5830238e-001
 3.4925577e-001
