s07_AV97 Record=1490: Hematite GDS69.d 30-45um    NIC4bbb RREF
-1.2300000e+034
-1.2300000e+034
-1.2300000e+034
-1.2300000e+034
-1.2300000e+034
-1.2300000e+034
-1.2300000e+034
-1.2300000e+034
-1.2300000e+034
-1.2300000e+034
-1.2300000e+034
-1.2300000e+034
-1.2300000e+034
-1.2300000e+034
-1.2300000e+034
-1.2300000e+034
-1.2300000e+034
-1.2300000e+034
-1.2300000e+034
-1.2300000e+034
-1.2300000e+034
-1.2300000e+034
-1.2300000e+034
-1.2300000e+034
-1.2300000e+034
-1.2300000e+034
-1.2300000e+034
-1.2300000e+034
-1.2300000e+034
-1.2300000e+034
-1.2300000e+034
-1.2300000e+034
-1.2300000e+034
-1.2300000e+034
-1.2300000e+034
-1.2300000e+034
-1.2300000e+034
-1.2300000e+034
-1.2300000e+034
-1.2300000e+034
-1.2300000e+034
-1.2300000e+034
-1.2300000e+034
-1.2300000e+034
-1.2300000e+034
-1.2300000e+034
-1.2300000e+034
-1.2300000e+034
-1.2300000e+034
-1.2300000e+034
-1.2300000e+034
-1.2300000e+034
-1.2300000e+034
-1.2300000e+034
-1.2300000e+034
-1.2300000e+034
-1.2300000e+034
-1.2300000e+034
-1.2300000e+034
-1.2300000e+034
-1.2300000e+034
-1.2300000e+034
-1.2300000e+034
-1.2300000e+034
-1.2300000e+034
-1.2300000e+034
-1.2300000e+034
-1.2300000e+034
-1.2300000e+034
-1.2300000e+034
-1.2300000e+034
-1.2300000e+034
-1.2300000e+034
-1.2300000e+034
-1.2300000e+034
-1.2300000e+034
-1.2300000e+034
-1.2300000e+034
-1.2300000e+034
-1.2300000e+034
-1.2300000e+034
-1.2300000e+034
-1.2300000e+034
-1.2300000e+034
-1.2300000e+034
-1.2300000e+034
-1.2300000e+034
-1.2300000e+034
-1.2300000e+034
-1.2300000e+034
-1.2300000e+034
-1.2300000e+034
-1.2300000e+034
-1.2300000e+034
-1.2300000e+034
-1.2300000e+034
-1.2300000e+034
-1.2300000e+034
-1.2300000e+034
-1.2300000e+034
-1.2300000e+034
-1.2300000e+034
-1.2300000e+034
-1.2300000e+034
-1.2300000e+034
-1.2300000e+034
-1.2300000e+034
-1.2300000e+034
-1.2300000e+034
-1.2300000e+034
-1.2300000e+034
-1.2300000e+034
-1.2300000e+034
 1.6334207e-001
 1.6368361e-001
 1.6377366e-001
 1.6382290e-001
 1.6389696e-001
 1.6407175e-001
 1.6487436e-001
 1.6565089e-001
 1.6630930e-001
 1.6686457e-001
 1.6750216e-001
 1.6841941e-001
 1.6959208e-001
 1.7085350e-001
 1.7200021e-001
 1.7292209e-001
 1.7385165e-001
 1.7490456e-001
 1.7625344e-001
 1.7778885e-001
 1.7920007e-001
 1.8039210e-001
 1.8120812e-001
 1.8227021e-001
 1.8345615e-001
 1.8482889e-001
 1.8641646e-001
 1.8785460e-001
 1.8890645e-001
 1.8985243e-001
 1.9082932e-001
 1.9192258e-001
 1.9323877e-001
 1.9474533e-001
 1.9627017e-001
 1.9741154e-001
 1.9845466e-001
 1.9933912e-001
 2.0039132e-001
 2.0148151e-001
 2.0308135e-001
 2.0480719e-001
 2.0662972e-001
 2.0763789e-001
 2.0846139e-001
 2.0981345e-001
 2.0966938e-001
 2.0969619e-001
 2.1007133e-001
 2.1103287e-001
 2.1192303e-001
 2.1309139e-001
 2.1431695e-001
 2.1546130e-001
 2.1651830e-001
 2.1737173e-001
 2.1828453e-001
 2.1928687e-001
 2.2036570e-001
 2.2157876e-001
 2.2300731e-001
 2.2434916e-001
 2.2578380e-001
 2.2692941e-001
 2.2787264e-001
 2.2854812e-001
 2.2922848e-001
 2.3014075e-001
 2.3118390e-001
 2.3219089e-001
 2.3341583e-001
 2.3473820e-001
 2.3603927e-001
 2.3715304e-001
 2.3811512e-001
 2.3877805e-001
 2.3928148e-001
 2.3984769e-001
 2.4048057e-001
 2.4115948e-001
 2.4205726e-001
 2.4314389e-001
 2.4435836e-001
 2.4554726e-001
 2.4664393e-001
 2.4757402e-001
 2.4842547e-001
 2.4900170e-001
 2.4905068e-001
 2.4941061e-001
 2.4992681e-001
 2.5058556e-001
 2.5149208e-001
 2.5242737e-001
 2.5337502e-001
 2.5457773e-001
 2.5560337e-001
 2.5662434e-001
 2.5773010e-001
 2.5836337e-001
 2.5877070e-001
 2.5941157e-001
 2.5988644e-001
 2.6026180e-001
 2.6071125e-001
 2.6101658e-001
 2.6139247e-001
 2.6229629e-001
 2.6288232e-001
 2.6356179e-001
 2.6454622e-001
