s07_AV97 Record=1824: Kaolinite KGa-2 (pxl)       NIC4bbb RREF
-1.2300000e+034
-1.2300000e+034
-1.2300000e+034
-1.2300000e+034
-1.2300000e+034
-1.2300000e+034
-1.2300000e+034
-1.2300000e+034
-1.2300000e+034
-1.2300000e+034
-1.2300000e+034
-1.2300000e+034
-1.2300000e+034
-1.2300000e+034
-1.2300000e+034
-1.2300000e+034
-1.2300000e+034
-1.2300000e+034
-1.2300000e+034
-1.2300000e+034
-1.2300000e+034
-1.2300000e+034
-1.2300000e+034
-1.2300000e+034
-1.2300000e+034
-1.2300000e+034
-1.2300000e+034
-1.2300000e+034
-1.2300000e+034
-1.2300000e+034
-1.2300000e+034
-1.2300000e+034
-1.2300000e+034
-1.2300000e+034
-1.2300000e+034
-1.2300000e+034
-1.2300000e+034
-1.2300000e+034
-1.2300000e+034
-1.2300000e+034
-1.2300000e+034
-1.2300000e+034
-1.2300000e+034
-1.2300000e+034
-1.2300000e+034
-1.2300000e+034
-1.2300000e+034
-1.2300000e+034
-1.2300000e+034
-1.2300000e+034
-1.2300000e+034
-1.2300000e+034
-1.2300000e+034
-1.2300000e+034
-1.2300000e+034
-1.2300000e+034
-1.2300000e+034
-1.2300000e+034
-1.2300000e+034
-1.2300000e+034
-1.2300000e+034
-1.2300000e+034
-1.2300000e+034
-1.2300000e+034
-1.2300000e+034
-1.2300000e+034
-1.2300000e+034
-1.2300000e+034
-1.2300000e+034
-1.2300000e+034
-1.2300000e+034
-1.2300000e+034
-1.2300000e+034
-1.2300000e+034
-1.2300000e+034
-1.2300000e+034
-1.2300000e+034
-1.2300000e+034
-1.2300000e+034
-1.2300000e+034
-1.2300000e+034
-1.2300000e+034
-1.2300000e+034
-1.2300000e+034
-1.2300000e+034
-1.2300000e+034
-1.2300000e+034
-1.2300000e+034
-1.2300000e+034
-1.2300000e+034
-1.2300000e+034
-1.2300000e+034
-1.2300000e+034
-1.2300000e+034
-1.2300000e+034
-1.2300000e+034
-1.2300000e+034
-1.2300000e+034
-1.2300000e+034
-1.2300000e+034
-1.2300000e+034
-1.2300000e+034
-1.2300000e+034
-1.2300000e+034
-1.2300000e+034
-1.2300000e+034
-1.2300000e+034
-1.2300000e+034
 8.0062598e-001
 7.5129479e-001
 7.0449513e-001
 6.9304061e-001
 6.5492386e-001
 7.2405761e-001
 7.5624883e-001
 7.5909865e-001
 7.5697118e-001
 7.5413549e-001
 7.5117040e-001
 7.4956256e-001
 7.4829298e-001
 7.4932289e-001
 7.5136638e-001
 7.5233108e-001
 7.5359887e-001
 7.5611424e-001
 7.5907862e-001
 7.6210529e-001
 7.6492780e-001
 7.6758552e-001
 7.6973557e-001
 7.7233064e-001
 7.7522957e-001
 7.7812362e-001
 7.8083307e-001
 7.8307498e-001
 7.8461754e-001
 7.8599542e-001
 7.8767920e-001
 7.8927833e-001
 7.9108679e-001
 7.9239535e-001
 7.9313290e-001
 7.9334038e-001
 7.9328144e-001
 7.9362643e-001
 7.9397237e-001
 7.9395688e-001
 7.9353166e-001
 7.9183102e-001
 7.8930897e-001
 7.8803921e-001
 7.8674853e-001
 7.8568721e-001
 7.8653836e-001
 7.8525889e-001
 7.8890479e-001
 7.9107398e-001
 7.8846592e-001
 7.8362930e-001
 7.8531939e-001
 7.8037554e-001
 7.7508104e-001
 7.6983142e-001
 7.6783735e-001
 7.6748884e-001
 7.6672989e-001
 7.6671124e-001
 7.6669109e-001
 7.6611871e-001
 7.6539671e-001
 7.6407915e-001
 7.6202404e-001
 7.6035988e-001
 7.5859839e-001
 7.5607216e-001
 7.5332528e-001
 7.4989438e-001
 7.4545413e-001
 7.3912275e-001
 7.3165375e-001
 7.2381294e-001
 7.1788591e-001
 7.0671928e-001
 6.9817138e-001
 6.8839121e-001
 6.6343391e-001
 6.1573797e-001
 5.6724507e-001
 5.5224842e-001
 5.5157024e-001
 5.4296887e-001
 5.1447153e-001
 4.7329929e-001
 5.6848896e-001
 6.2020767e-001
 6.2515795e-001
 6.2730366e-001
 6.2478787e-001
 6.1817342e-001
 6.0675108e-001
 5.9403884e-001
 5.8216578e-001
 5.6786770e-001
 5.5830008e-001
 5.5513990e-001
 5.5406421e-001
 5.4083157e-001
 5.2864051e-001
 5.2568889e-001
 5.0968051e-001
 5.0208098e-001
 5.1183277e-001
 5.1691258e-001
 5.1186192e-001
 4.9992758e-001
 4.8133615e-001
 4.6860036e-001
 4.6123189e-001
 4.5521978e-001
 4.4653195e-001
 4.3401861e-001
 4.2890057e-001
 4.2233083e-001
