s07_AV97 Record=1582: Hydroxyl-Apatite WS425       NIC4bb RREF
-1.2300000e+034
-1.2300000e+034
-1.2300000e+034
-1.2300000e+034
-1.2300000e+034
-1.2300000e+034
-1.2300000e+034
-1.2300000e+034
-1.2300000e+034
-1.2300000e+034
-1.2300000e+034
-1.2300000e+034
-1.2300000e+034
-1.2300000e+034
-1.2300000e+034
-1.2300000e+034
-1.2300000e+034
-1.2300000e+034
-1.2300000e+034
-1.2300000e+034
-1.2300000e+034
-1.2300000e+034
-1.2300000e+034
-1.2300000e+034
-1.2300000e+034
-1.2300000e+034
-1.2300000e+034
-1.2300000e+034
-1.2300000e+034
-1.2300000e+034
-1.2300000e+034
-1.2300000e+034
-1.2300000e+034
-1.2300000e+034
-1.2300000e+034
-1.2300000e+034
-1.2300000e+034
-1.2300000e+034
-1.2300000e+034
-1.2300000e+034
-1.2300000e+034
-1.2300000e+034
-1.2300000e+034
-1.2300000e+034
-1.2300000e+034
-1.2300000e+034
-1.2300000e+034
-1.2300000e+034
-1.2300000e+034
-1.2300000e+034
-1.2300000e+034
-1.2300000e+034
-1.2300000e+034
-1.2300000e+034
-1.2300000e+034
-1.2300000e+034
-1.2300000e+034
-1.2300000e+034
-1.2300000e+034
-1.2300000e+034
-1.2300000e+034
-1.2300000e+034
-1.2300000e+034
-1.2300000e+034
-1.2300000e+034
-1.2300000e+034
-1.2300000e+034
-1.2300000e+034
-1.2300000e+034
-1.2300000e+034
-1.2300000e+034
-1.2300000e+034
-1.2300000e+034
-1.2300000e+034
-1.2300000e+034
-1.2300000e+034
-1.2300000e+034
-1.2300000e+034
-1.2300000e+034
-1.2300000e+034
-1.2300000e+034
-1.2300000e+034
-1.2300000e+034
-1.2300000e+034
-1.2300000e+034
-1.2300000e+034
-1.2300000e+034
-1.2300000e+034
-1.2300000e+034
-1.2300000e+034
-1.2300000e+034
-1.2300000e+034
-1.2300000e+034
-1.2300000e+034
-1.2300000e+034
-1.2300000e+034
-1.2300000e+034
-1.2300000e+034
-1.2300000e+034
-1.2300000e+034
-1.2300000e+034
-1.2300000e+034
-1.2300000e+034
-1.2300000e+034
-1.2300000e+034
-1.2300000e+034
-1.2300000e+034
-1.2300000e+034
-1.2300000e+034
-1.2300000e+034
-1.2300000e+034
-1.2300000e+034
-1.2300000e+034
-1.2300000e+034
-1.2300000e+034
-1.2300000e+034
-1.2300000e+034
-1.2300000e+034
-1.2300000e+034
-1.2300000e+034
-1.2300000e+034
-1.2300000e+034
-1.2300000e+034
-1.2300000e+034
-1.2300000e+034
-1.2300000e+034
-1.2300000e+034
-1.2300000e+034
-1.2300000e+034
-1.2300000e+034
-1.2300000e+034
-1.2300000e+034
 3.8160467e-001
 3.8851720e-001
 3.9482486e-001
 4.0066740e-001
 4.0600586e-001
 4.1106987e-001
 4.1631588e-001
 4.2139640e-001
 4.2651084e-001
 4.3119290e-001
 4.3554956e-001
 4.3948105e-001
 4.4342506e-001
 4.4746247e-001
 4.5147660e-001
 4.5499253e-001
 4.5815536e-001
 4.6135536e-001
 4.6433315e-001
 4.6740657e-001
 4.7061342e-001
 4.7376481e-001
 4.7688484e-001
 4.7968939e-001
 4.8203084e-001
 4.8391178e-001
 4.8417303e-001
 4.8240820e-001
 4.8324633e-001
 4.7887230e-001
 4.7112212e-001
 4.6401390e-001
 4.6124503e-001
 4.6218449e-001
 4.6517688e-001
 4.6898088e-001
 4.7289562e-001
 4.7668415e-001
 4.8037493e-001
 4.8389566e-001
 4.8752120e-001
 4.9107036e-001
 4.9483505e-001
 4.9844798e-001
 5.0150174e-001
 5.0397313e-001
 5.0614423e-001
 5.0803703e-001
 5.0960308e-001
 5.1091546e-001
 5.1209700e-001
 5.1353234e-001
 5.1469773e-001
 5.1567334e-001
 5.1670027e-001
 5.1770347e-001
 5.1913744e-001
 5.2055520e-001
 5.2169192e-001
 5.2196467e-001
 5.2190572e-001
 5.2191788e-001
 5.2270657e-001
 5.2379090e-001
 5.2490091e-001
 5.2561009e-001
 5.2644622e-001
 5.2692789e-001
 5.2732253e-001
 5.2740103e-001
 5.2664626e-001
 5.2550304e-001
 5.2410090e-001
 5.2221310e-001
 5.1967454e-001
 5.1711285e-001
 5.1474535e-001
 5.1255167e-001
 5.1038158e-001
 5.0833106e-001
 5.0556749e-001
 5.0208700e-001
 4.9800575e-001
 4.9403447e-001
 4.9067995e-001
 4.8722368e-001
 4.8410448e-001
 4.8138687e-001
 4.7893760e-001
 4.7669974e-001
 4.7491479e-001
 4.7340748e-001
