s07_AV97 Record=94: Albite HS66.3B Plagioclase  NIC4bbb RREF
-1.2300000e+034
-1.2300000e+034
-1.2300000e+034
-1.2300000e+034
-1.2300000e+034
-1.2300000e+034
-1.2300000e+034
-1.2300000e+034
-1.2300000e+034
-1.2300000e+034
-1.2300000e+034
-1.2300000e+034
-1.2300000e+034
-1.2300000e+034
-1.2300000e+034
-1.2300000e+034
-1.2300000e+034
-1.2300000e+034
-1.2300000e+034
-1.2300000e+034
-1.2300000e+034
-1.2300000e+034
-1.2300000e+034
-1.2300000e+034
-1.2300000e+034
-1.2300000e+034
-1.2300000e+034
-1.2300000e+034
-1.2300000e+034
-1.2300000e+034
-1.2300000e+034
-1.2300000e+034
-1.2300000e+034
-1.2300000e+034
-1.2300000e+034
-1.2300000e+034
-1.2300000e+034
-1.2300000e+034
-1.2300000e+034
-1.2300000e+034
-1.2300000e+034
-1.2300000e+034
-1.2300000e+034
-1.2300000e+034
-1.2300000e+034
-1.2300000e+034
-1.2300000e+034
-1.2300000e+034
-1.2300000e+034
-1.2300000e+034
-1.2300000e+034
-1.2300000e+034
-1.2300000e+034
-1.2300000e+034
-1.2300000e+034
-1.2300000e+034
-1.2300000e+034
-1.2300000e+034
-1.2300000e+034
-1.2300000e+034
-1.2300000e+034
-1.2300000e+034
-1.2300000e+034
-1.2300000e+034
-1.2300000e+034
-1.2300000e+034
-1.2300000e+034
-1.2300000e+034
-1.2300000e+034
-1.2300000e+034
-1.2300000e+034
-1.2300000e+034
-1.2300000e+034
-1.2300000e+034
-1.2300000e+034
-1.2300000e+034
-1.2300000e+034
-1.2300000e+034
-1.2300000e+034
-1.2300000e+034
-1.2300000e+034
-1.2300000e+034
-1.2300000e+034
-1.2300000e+034
-1.2300000e+034
-1.2300000e+034
-1.2300000e+034
-1.2300000e+034
-1.2300000e+034
-1.2300000e+034
-1.2300000e+034
-1.2300000e+034
-1.2300000e+034
-1.2300000e+034
-1.2300000e+034
-1.2300000e+034
-1.2300000e+034
-1.2300000e+034
-1.2300000e+034
-1.2300000e+034
-1.2300000e+034
-1.2300000e+034
-1.2300000e+034
-1.2300000e+034
-1.2300000e+034
-1.2300000e+034
-1.2300000e+034
-1.2300000e+034
-1.2300000e+034
-1.2300000e+034
-1.2300000e+034
-1.2300000e+034
-1.2300000e+034
-1.2300000e+034
-1.2300000e+034
-1.2300000e+034
-1.2300000e+034
-1.2300000e+034
-1.2300000e+034
-1.2300000e+034
-1.2300000e+034
-1.2300000e+034
-1.2300000e+034
-1.2300000e+034
-1.2300000e+034
-1.2300000e+034
-1.2300000e+034
 8.2891482e-001
 8.3002704e-001
 8.3067858e-001
 8.3174253e-001
 8.3294290e-001
 8.3425277e-001
 8.3512628e-001
 8.3504516e-001
 8.3518308e-001
 8.3565873e-001
 8.3634925e-001
 8.3796591e-001
 8.3903939e-001
 8.3978271e-001
 8.3988571e-001
 8.4015787e-001
 8.4044790e-001
 8.4108299e-001
 8.4235311e-001
 8.4373754e-001
 8.4496480e-001
 8.4549737e-001
 8.4572875e-001
 8.4580398e-001
 8.4598339e-001
 8.4663439e-001
 8.4780782e-001
 8.4947670e-001
 8.5082811e-001
 8.5176641e-001
 8.5189444e-001
 8.5166723e-001
 8.5056531e-001
 8.5103977e-001
 8.4947711e-001
 8.4815007e-001
 8.4719402e-001
 8.4767795e-001
 8.4894454e-001
 8.5051650e-001
 8.5169208e-001
 8.5253060e-001
 8.5308927e-001
 8.5358846e-001
 8.5431302e-001
 8.5537165e-001
 8.5698700e-001
 8.5864794e-001
 8.6034971e-001
 8.6172128e-001
 8.6258233e-001
 8.6312902e-001
 8.6315811e-001
 8.6290342e-001
 8.6305088e-001
 8.6362439e-001
 8.6434835e-001
 8.6539268e-001
 8.6637032e-001
 8.6750638e-001
 8.6844349e-001
 8.6904383e-001
 8.6911184e-001
 8.6832905e-001
 8.6676621e-001
 8.6598825e-001
 8.6677170e-001
 8.6803323e-001
 8.6903602e-001
 8.7014526e-001
 8.7115562e-001
 8.7212944e-001
 8.7169546e-001
 8.7159067e-001
 8.7157297e-001
 8.7120163e-001
 8.7025416e-001
 8.6975604e-001
 8.6884183e-001
 8.6793774e-001
 8.6739004e-001
 8.6695218e-001
 8.6629319e-001
 8.6636549e-001
 8.6635083e-001
 8.6634851e-001
 8.6590451e-001
 8.6518323e-001
 8.6413962e-001
 8.6286175e-001
 8.6206859e-001
 8.6125892e-001
 8.6077088e-001
 8.6003935e-001
 8.5933697e-001
 8.5889471e-001
 8.5859621e-001
