s07_AV97 Record=2655: Prochlorite SMR-14.a 115um    BECKa AREF
 7.2493404e-002
 7.5153656e-002
 7.6494612e-002
 7.8101277e-002
 7.9463035e-002
 8.2250647e-002
 8.3937488e-002
 8.7306388e-002
 9.0508603e-002
 8.9859426e-002
 9.1558143e-002
 9.3636915e-002
 9.5274389e-002
 9.6503139e-002
 1.0032441e-001
 1.0257876e-001
 1.0302067e-001
 1.0307420e-001
 1.0431063e-001
 1.0381988e-001
 1.0219640e-001
 1.0067418e-001
 9.9000074e-002
 9.7699627e-002
 9.6331514e-002
 9.3276709e-002
 8.9669369e-002
 9.0581082e-002
 8.6600594e-002
 8.5586458e-002
 8.4807679e-002
 8.2482204e-002
 8.5415348e-002
 8.2675554e-002
 8.2633056e-002
 8.2926199e-002
 8.1272639e-002
 8.1162818e-002
 8.2127467e-002
 8.3004296e-002
 8.1980392e-002
 8.4100939e-002
 8.5821420e-002
 8.8685624e-002
 8.7288618e-002
 8.9174017e-002
 8.6804703e-002
 9.1984287e-002
 8.9695029e-002
 9.2732772e-002
 9.1655053e-002
 8.8179864e-002
 8.8501640e-002
 8.3917834e-002
 8.4119037e-002
 8.5158013e-002
 8.2957789e-002
 8.1469901e-002
 8.8294096e-002
 7.9773217e-002
 8.2674012e-002
 8.6434357e-002
 8.9372084e-002
 8.4424898e-002
 9.0252981e-002
 8.6609028e-002
 8.5611701e-002
 8.8477947e-002
 9.1519468e-002
 8.6441547e-002
 9.1767706e-002
 8.7683171e-002
 8.8621326e-002
 9.1330208e-002
 8.6354546e-002
 8.7816879e-002
 9.1091968e-002
 9.2667110e-002
 9.0910815e-002
 8.9679912e-002
 9.4522864e-002
 9.1191411e-002
 9.5192544e-002
 9.3972482e-002
 9.6318834e-002
 9.6885629e-002
 9.8587602e-002
 9.9560671e-002
 9.8888390e-002
 1.0493930e-001
 1.0277073e-001
 1.0804684e-001
 1.0866185e-001
 1.0970898e-001
 1.1134940e-001
 1.1357432e-001
 1.1103325e-001
 1.1327466e-001
 1.1426912e-001
 1.1938690e-001
 1.2209303e-001
 1.2302519e-001
 1.2496360e-001
 1.2593979e-001
 1.2904310e-001
 1.3225576e-001
 1.3218340e-001
 1.3482241e-001
 1.3549785e-001
 1.3647053e-001
 1.3765372e-001
 1.3719822e-001
 1.4122051e-001
 1.4184320e-001
 1.4940929e-001
 1.4851129e-001
 1.5031438e-001
 1.5387364e-001
 1.5884030e-001
 1.6171546e-001
 1.6615516e-001
 1.7187361e-001
 1.6394953e-001
 1.6840218e-001
 1.7045273e-001
 1.7237090e-001
 1.7690949e-001
 1.7566974e-001
 1.7796557e-001
 1.8133695e-001
 1.8093571e-001
 1.8342194e-001
 1.8641034e-001
 1.9165409e-001
 1.8978776e-001
 1.9320244e-001
 2.0288768e-001
 2.0042089e-001
 2.0500796e-001
 2.0354891e-001
 2.0798662e-001
 2.0990762e-001
 2.0981406e-001
 2.1213962e-001
 2.2033857e-001
 2.1511984e-001
 2.1649806e-001
 2.1996024e-001
 2.1541284e-001
 2.2159763e-001
 2.2646654e-001
 2.2168526e-001
 2.2199668e-001
 2.3368442e-001
 2.3539135e-001
 2.3474877e-001
 2.3332952e-001
 2.2527188e-001
 2.2464111e-001
 2.2823909e-001
 2.2736567e-001
 2.2996981e-001
 2.3575889e-001
 2.3682933e-001
 2.3490818e-001
 2.3651248e-001
 2.3395133e-001
 2.3502131e-001
 2.2780827e-001
 2.2992736e-001
 2.3321432e-001
 2.2883463e-001
 2.2611882e-001
 2.3333712e-001
 2.4001506e-001
 2.4254560e-001
 2.4609849e-001
 2.4613532e-001
 2.4675070e-001
 2.5119331e-001
 2.5564259e-001
 2.5455883e-001
 2.5292921e-001
 2.5553420e-001
 2.5286016e-001
 2.5640839e-001
 2.5572377e-001
 2.5418571e-001
 2.4760459e-001
 2.4749130e-001
 2.5196940e-001
 2.4407053e-001
 2.4420322e-001
 2.4608734e-001
 2.3985462e-001
 2.3075674e-001
 2.1366838e-001
 1.9773802e-001
 1.9816458e-001
 2.0595275e-001
 1.9407357e-001
 1.6895728e-001
 1.6940737e-001
 1.7291443e-001
 1.6226701e-001
 1.7709953e-001
 1.7492165e-001
 1.7085820e-001
 1.7960611e-001
 1.9165385e-001
 1.9968961e-001
 2.0514619e-001
 2.0676397e-001
 2.0951471e-001
 2.1307375e-001
 2.1449150e-001
 2.1284303e-001
 2.0801215e-001
 2.0251681e-001
 1.9781989e-001
 1.9638968e-001
 1.9677021e-001
 1.9684303e-001
 1.9521497e-001
