s07_AV97 Record=305: Ammonio-Smectite GDS86        BECKb AREF
 2.8305414e-001
 3.0948716e-001
 3.3722916e-001
 3.5758540e-001
 3.7737498e-001
 3.9769623e-001
 4.1646960e-001
 4.3349162e-001
 4.5149839e-001
 4.6544462e-001
 4.7702846e-001
 4.8626527e-001
 4.9329221e-001
 5.0207216e-001
 5.1120007e-001
 5.2456343e-001
 5.3962350e-001
 5.5049121e-001
 5.6118333e-001
 5.7143730e-001
 5.8279204e-001
 5.8608502e-001
 5.8862573e-001
 5.8969277e-001
 5.9029460e-001
 5.8984751e-001
 5.9050721e-001
 5.9112847e-001
 5.9400529e-001
 5.9742153e-001
 6.0129732e-001
 6.0626149e-001
 6.0066932e-001
 6.0504830e-001
 6.1058903e-001
 6.1472213e-001
 6.1686748e-001
 6.2057191e-001
 6.2385911e-001
 6.2674588e-001
 6.2927312e-001
 6.3148278e-001
 6.3361341e-001
 6.3463354e-001
 6.3626617e-001
 6.3822401e-001
 6.3865036e-001
 6.3953185e-001
 6.3945645e-001
 6.3930070e-001
 6.3936490e-001
 6.3910502e-001
 6.3966602e-001
 6.3879848e-001
 6.3753492e-001
 6.3760173e-001
 6.3637251e-001
 6.3656127e-001
 6.3313454e-001
 6.3524467e-001
 6.3583732e-001
 6.3523722e-001
 6.3447583e-001
 6.3450438e-001
 6.3664269e-001
 6.3926029e-001
 6.4004815e-001
 6.4102077e-001
 6.4160269e-001
 6.4290124e-001
 6.4471972e-001
 6.4463204e-001
 6.4549434e-001
 6.4611459e-001
 6.4760125e-001
 6.4729416e-001
 6.4797568e-001
 6.4849603e-001
 6.4972860e-001
 6.4931995e-001
 6.5144998e-001
 6.5130222e-001
 6.4959270e-001
 6.4768875e-001
 6.5002078e-001
 6.5144461e-001
 6.5343618e-001
 6.5601480e-001
 6.5371394e-001
 6.5475643e-001
 6.5424949e-001
 6.5456969e-001
 6.5502673e-001
 6.5647107e-001
 6.5654022e-001
 6.5721816e-001
 6.5676880e-001
 6.5709507e-001
 6.5734744e-001
 6.5789664e-001
 6.5726382e-001
 6.5620267e-001
 6.5592599e-001
 6.5593493e-001
 6.5473950e-001
 6.5421832e-001
 6.5260851e-001
 6.4986300e-001
 6.4096904e-001
 6.1939466e-001
 5.8684313e-001
 5.4484695e-001
 5.2663463e-001
 5.5665278e-001
 5.9768814e-001
 6.2030566e-001
 6.2807775e-001
 6.2795830e-001
 6.3455874e-001
 6.4155120e-001
 6.4348483e-001
 6.4392042e-001
 6.4358932e-001
 6.4013755e-001
 6.3687676e-001
 6.3539040e-001
 6.3489294e-001
 6.3763154e-001
 6.4086366e-001
 6.4673829e-001
 6.5085906e-001
 6.5303129e-001
 6.5416062e-001
 6.5529627e-001
 6.5550590e-001
 6.5893662e-001
 6.6053671e-001
 6.6136932e-001
 6.6134471e-001
 6.6079950e-001
 6.6365063e-001
 6.6442555e-001
 6.6409224e-001
 6.6262990e-001
 6.6033107e-001
 6.6251034e-001
 6.6002023e-001
 6.5472305e-001
 6.5497005e-001
 6.5441579e-001
 6.5260911e-001
 6.4957374e-001
 6.4658225e-001
 6.4211786e-001
 6.4143199e-001
 6.3693398e-001
 6.3579321e-001
 6.2987882e-001
 6.0977674e-001
 5.7446116e-001
 5.8818644e-001
 5.2625787e-001
 4.3698928e-001
 4.1053805e-001
 4.6093255e-001
 5.0429428e-001
 5.2219653e-001
 5.2419573e-001
 5.2520907e-001
 5.2505547e-001
 5.2118278e-001
 5.1368862e-001
 5.0777489e-001
 5.0383496e-001
 5.0396037e-001
 5.0613624e-001
 5.0606412e-001
 5.0770468e-001
 5.0510329e-001
 4.9844497e-001
 4.8186082e-001
 4.6814796e-001
 4.5741272e-001
 4.5189995e-001
 4.5310184e-001
 4.5491242e-001
 4.5847526e-001
 4.6036783e-001
 4.6563056e-001
 4.6352923e-001
 4.4869483e-001
 4.2952904e-001
 4.0887389e-001
 4.0085396e-001
 4.1787735e-001
 4.4098064e-001
 4.5715943e-001
 4.7812381e-001
 4.9949223e-001
 5.1280808e-001
 5.1528311e-001
 5.1139081e-001
 5.0019675e-001
 4.9868241e-001
 4.9148145e-001
 4.8731649e-001
 4.7277883e-001
 4.6484706e-001
 4.5600507e-001
 4.4994399e-001
 4.4866490e-001
 4.4187254e-001
 4.3451977e-001
 4.2699313e-001
 4.1929397e-001
 4.1169736e-001
 4.0434691e-001
 3.9739776e-001
 3.9191911e-001
 3.8734505e-001
 3.8460606e-001
 3.8255149e-001
 3.7974945e-001
 3.7524760e-001
