s07_AV97 Record=3401: Ulexite HS441.1B             ASDFRa AREF
 7.0471305e-001
 7.1715939e-001
 7.2986233e-001
 7.4073017e-001
 7.4998057e-001
 7.5863665e-001
 7.6642966e-001
 7.7374423e-001
 7.8057164e-001
 7.8717667e-001
 7.9343462e-001
 7.9980743e-001
 8.0624390e-001
 8.1273437e-001
 8.1907511e-001
 8.2540941e-001
 8.3115828e-001
 8.3635932e-001
 8.4111935e-001
 8.4565353e-001
 8.4987080e-001
 8.5361904e-001
 8.5637307e-001
 8.5947150e-001
 8.6284035e-001
 8.6537766e-001
 8.6746031e-001
 8.6998147e-001
 8.7197739e-001
 8.7354690e-001
 8.7522805e-001
 8.7673771e-001
 8.7496120e-001
 8.7648326e-001
 8.7776732e-001
 8.7905717e-001
 8.8000685e-001
 8.8081008e-001
 8.8133436e-001
 8.8169271e-001
 8.8178921e-001
 8.8156784e-001
 8.8229090e-001
 8.8319290e-001
 8.8393521e-001
 8.8438123e-001
 8.8515437e-001
 8.8579082e-001
 8.8638848e-001
 8.8676792e-001
 8.8707632e-001
 8.8720304e-001
 8.8704568e-001
 8.8660383e-001
 8.8677442e-001
 8.8690621e-001
 8.8700855e-001
 8.8689923e-001
 8.8738275e-001
 8.8683492e-001
 8.8638568e-001
 8.8531005e-001
 8.8322234e-001
 8.7872362e-001
 8.7110507e-001
 8.6674517e-001
 8.7115854e-001
 8.7446642e-001
 8.7705183e-001
 8.7973684e-001
 8.8215184e-001
 8.8426799e-001
 8.8635826e-001
 8.8754761e-001
 8.8859421e-001
 8.8889158e-001
 8.8842785e-001
 8.8796341e-001
 8.8739979e-001
 8.8613641e-001
 8.8509601e-001
 8.8376963e-001
 8.8046700e-001
 8.7502378e-001
 8.6848551e-001
 8.5923827e-001
 8.5223311e-001
 8.4715670e-001
 8.4436476e-001
 8.4273076e-001
 8.4194100e-001
 8.4105533e-001
 8.4114283e-001
 8.4146112e-001
 8.4251302e-001
 8.4267157e-001
 8.4195065e-001
 8.4277201e-001
 8.4278536e-001
 8.4295541e-001
 8.4084880e-001
 8.3722591e-001
 8.3086389e-001
 8.2298732e-001
 8.1420714e-001
 8.0679470e-001
 8.0224019e-001
 7.9848784e-001
 7.9231369e-001
 7.8019935e-001
 7.5894040e-001
 7.2994709e-001
 6.8937790e-001
 6.4536977e-001
 6.3058800e-001
 6.3822025e-001
 6.3449699e-001
 6.2808836e-001
 6.2932622e-001
 6.3742983e-001
 6.4470470e-001
 6.5120095e-001
 6.5794218e-001
 6.6290027e-001
 6.6586822e-001
 6.6975290e-001
 6.7390156e-001
 6.7601210e-001
 6.7667061e-001
 6.7686564e-001
 6.7591631e-001
 6.7362922e-001
 6.7114615e-001
 6.6914856e-001
 6.6687274e-001
 6.6457582e-001
 6.6186583e-001
 6.6016829e-001
 6.5945190e-001
 6.5890926e-001
 6.5792388e-001
 6.5674937e-001
 6.5563524e-001
 6.5420127e-001
 6.5339535e-001
 6.5057451e-001
 6.4866489e-001
 6.4725018e-001
 6.4617813e-001
 6.4584136e-001
 6.4813954e-001
 6.5022510e-001
 6.5211523e-001
 6.5078849e-001
 6.4799964e-001
 6.4507449e-001
 6.3957429e-001
 6.3068181e-001
 6.1847609e-001
 6.0103792e-001
 6.0874707e-001
 5.8785790e-001
 5.5949247e-001
 5.2718449e-001
 4.9121881e-001
 4.4911823e-001
 3.9805657e-001
 3.6270675e-001
 3.6535436e-001
 3.8717872e-001
 4.0176484e-001
 4.1884539e-001
 4.3856144e-001
 4.5248917e-001
 4.6101096e-001
 4.6519241e-001
 4.6709096e-001
 4.6765989e-001
 4.6615672e-001
 4.6354753e-001
 4.6026826e-001
 4.5481911e-001
 4.4813645e-001
 4.3889672e-001
 4.2771262e-001
 4.2820948e-001
 4.3653673e-001
 4.3346569e-001
 4.2221180e-001
 4.1695487e-001
 4.2121920e-001
 4.3576765e-001
 4.5310447e-001
 4.6487004e-001
 4.7169995e-001
 4.7470173e-001
 4.7529063e-001
 4.8053584e-001
 4.9264008e-001
 5.0423640e-001
 5.0977290e-001
 5.1015681e-001
 5.0904691e-001
 5.0664568e-001
 5.0145346e-001
 4.9794495e-001
 4.9282324e-001
 4.8340845e-001
 4.7341183e-001
 4.6062520e-001
 4.4793704e-001
 4.3397465e-001
 4.1785002e-001
 4.0575910e-001
 3.9517879e-001
 3.8638735e-001
 3.7712678e-001
 3.6492395e-001
 3.4835443e-001
 3.3738512e-001
 3.2987556e-001
 3.2872599e-001
 3.3497325e-001
-1.2300000e+034
