s07_AV97 Record=400: Anhydrite GDS42 <250um       NIC4aa RREF
-1.2300000e+034
-1.2300000e+034
-1.2300000e+034
-1.2300000e+034
-1.2300000e+034
-1.2300000e+034
-1.2300000e+034
-1.2300000e+034
-1.2300000e+034
-1.2300000e+034
-1.2300000e+034
-1.2300000e+034
-1.2300000e+034
-1.2300000e+034
-1.2300000e+034
-1.2300000e+034
-1.2300000e+034
-1.2300000e+034
-1.2300000e+034
-1.2300000e+034
-1.2300000e+034
-1.2300000e+034
-1.2300000e+034
-1.2300000e+034
-1.2300000e+034
-1.2300000e+034
-1.2300000e+034
-1.2300000e+034
-1.2300000e+034
-1.2300000e+034
-1.2300000e+034
-1.2300000e+034
-1.2300000e+034
-1.2300000e+034
-1.2300000e+034
-1.2300000e+034
-1.2300000e+034
-1.2300000e+034
-1.2300000e+034
-1.2300000e+034
-1.2300000e+034
-1.2300000e+034
-1.2300000e+034
-1.2300000e+034
-1.2300000e+034
-1.2300000e+034
-1.2300000e+034
-1.2300000e+034
-1.2300000e+034
-1.2300000e+034
-1.2300000e+034
-1.2300000e+034
-1.2300000e+034
-1.2300000e+034
-1.2300000e+034
-1.2300000e+034
-1.2300000e+034
-1.2300000e+034
-1.2300000e+034
-1.2300000e+034
-1.2300000e+034
-1.2300000e+034
-1.2300000e+034
-1.2300000e+034
-1.2300000e+034
-1.2300000e+034
-1.2300000e+034
-1.2300000e+034
-1.2300000e+034
-1.2300000e+034
-1.2300000e+034
-1.2300000e+034
-1.2300000e+034
-1.2300000e+034
-1.2300000e+034
-1.2300000e+034
-1.2300000e+034
-1.2300000e+034
-1.2300000e+034
-1.2300000e+034
-1.2300000e+034
-1.2300000e+034
-1.2300000e+034
-1.2300000e+034
-1.2300000e+034
-1.2300000e+034
-1.2300000e+034
-1.2300000e+034
-1.2300000e+034
-1.2300000e+034
-1.2300000e+034
-1.2300000e+034
-1.2300000e+034
-1.2300000e+034
-1.2300000e+034
-1.2300000e+034
-1.2300000e+034
-1.2300000e+034
-1.2300000e+034
-1.2300000e+034
-1.2300000e+034
-1.2300000e+034
-1.2300000e+034
-1.2300000e+034
-1.2300000e+034
-1.2300000e+034
-1.2300000e+034
-1.2300000e+034
-1.2300000e+034
-1.2300000e+034
-1.2300000e+034
-1.2300000e+034
-1.2300000e+034
-1.2300000e+034
-1.2300000e+034
-1.2300000e+034
-1.2300000e+034
-1.2300000e+034
-1.2300000e+034
-1.2300000e+034
-1.2300000e+034
-1.2300000e+034
-1.2300000e+034
-1.2300000e+034
-1.2300000e+034
-1.2300000e+034
-1.2300000e+034
-1.2300000e+034
-1.2300000e+034
-1.2300000e+034
-1.2300000e+034
-1.2300000e+034
-1.2300000e+034
-1.2300000e+034
-1.2300000e+034
-1.2300000e+034
-1.2300000e+034
-1.2300000e+034
-1.2300000e+034
-1.2300000e+034
-1.2300000e+034
-1.2300000e+034
-1.2300000e+034
 7.7321446e-001
 7.7729923e-001
 7.8214282e-001
 7.8687394e-001
 7.9111874e-001
 7.9456341e-001
 7.9770285e-001
 8.0047411e-001
 8.0312443e-001
 8.0586565e-001
 8.0871654e-001
 8.1158578e-001
 8.1425738e-001
 8.1619793e-001
 8.1782037e-001
 8.1888431e-001
 8.1925648e-001
 8.1920815e-001
 8.1922144e-001
 8.1902534e-001
 8.1881535e-001
 8.1826574e-001
 8.1817561e-001
 8.1907988e-001
 8.2048136e-001
 8.2151181e-001
 8.2280082e-001
 8.2488084e-001
 8.2751530e-001
 8.3027875e-001
 8.3270514e-001
 8.3479720e-001
 8.3647954e-001
 8.3782005e-001
 8.3879000e-001
 8.3938944e-001
 8.3994728e-001
 8.4039891e-001
 8.4102261e-001
 8.4218931e-001
 8.4361488e-001
 8.4494293e-001
 8.4602123e-001
 8.4692127e-001
 8.4771013e-001
 8.4829378e-001
 8.4857881e-001
 8.4854966e-001
 8.4871161e-001
 8.4911889e-001
 8.4977573e-001
 8.5067689e-001
 8.5183150e-001
 8.5305464e-001
 8.5403389e-001
 8.5383427e-001
 8.5378134e-001
 8.5362673e-001
 8.5310715e-001
 8.5267544e-001
 8.5221428e-001
 8.5185009e-001
 8.5148376e-001
 8.5115224e-001
 8.5029066e-001
 8.5030055e-001
 8.5073119e-001
 8.5078597e-001
 8.5044461e-001
 8.4966338e-001
 8.4849221e-001
 8.4734249e-001
 8.4643930e-001
 8.4524602e-001
 8.4474015e-001
 8.4372389e-001
 8.4306616e-001
 8.4304506e-001
 8.4304589e-001
 8.4307915e-001
 8.4304678e-001
