s07_AV97 Record=3192: Thenardite GDS146           NIC4ccu RREF
-1.2300000e+034
-1.2300000e+034
-1.2300000e+034
-1.2300000e+034
-1.2300000e+034
-1.2300000e+034
-1.2300000e+034
-1.2300000e+034
-1.2300000e+034
-1.2300000e+034
-1.2300000e+034
-1.2300000e+034
-1.2300000e+034
-1.2300000e+034
-1.2300000e+034
-1.2300000e+034
-1.2300000e+034
-1.2300000e+034
-1.2300000e+034
-1.2300000e+034
-1.2300000e+034
-1.2300000e+034
-1.2300000e+034
-1.2300000e+034
-1.2300000e+034
-1.2300000e+034
-1.2300000e+034
-1.2300000e+034
-1.2300000e+034
-1.2300000e+034
-1.2300000e+034
-1.2300000e+034
-1.2300000e+034
-1.2300000e+034
-1.2300000e+034
-1.2300000e+034
-1.2300000e+034
-1.2300000e+034
-1.2300000e+034
-1.2300000e+034
-1.2300000e+034
-1.2300000e+034
-1.2300000e+034
-1.2300000e+034
-1.2300000e+034
-1.2300000e+034
-1.2300000e+034
-1.2300000e+034
-1.2300000e+034
-1.2300000e+034
-1.2300000e+034
-1.2300000e+034
-1.2300000e+034
-1.2300000e+034
-1.2300000e+034
-1.2300000e+034
-1.2300000e+034
-1.2300000e+034
-1.2300000e+034
-1.2300000e+034
-1.2300000e+034
-1.2300000e+034
-1.2300000e+034
-1.2300000e+034
-1.2300000e+034
-1.2300000e+034
-1.2300000e+034
-1.2300000e+034
-1.2300000e+034
-1.2300000e+034
-1.2300000e+034
-1.2300000e+034
-1.2300000e+034
-1.2300000e+034
-1.2300000e+034
-1.2300000e+034
-1.2300000e+034
-1.2300000e+034
-1.2300000e+034
-1.2300000e+034
-1.2300000e+034
-1.2300000e+034
-1.2300000e+034
-1.2300000e+034
-1.2300000e+034
-1.2300000e+034
-1.2300000e+034
-1.2300000e+034
-1.2300000e+034
-1.2300000e+034
-1.2300000e+034
-1.2300000e+034
-1.2300000e+034
-1.2300000e+034
-1.2300000e+034
-1.2300000e+034
-1.2300000e+034
-1.2300000e+034
-1.2300000e+034
-1.2300000e+034
-1.2300000e+034
-1.2300000e+034
-1.2300000e+034
-1.2300000e+034
-1.2300000e+034
-1.2300000e+034
-1.2300000e+034
-1.2300000e+034
-1.2300000e+034
-1.2300000e+034
-1.2300000e+034
-1.2300000e+034
-1.2300000e+034
-1.2300000e+034
-1.2300000e+034
-1.2300000e+034
-1.2300000e+034
-1.2300000e+034
-1.2300000e+034
-1.2300000e+034
-1.2300000e+034
-1.2300000e+034
-1.2300000e+034
-1.2300000e+034
-1.2300000e+034
-1.2300000e+034
-1.2300000e+034
-1.2300000e+034
-1.2300000e+034
-1.2300000e+034
-1.2300000e+034
 5.6004822e-001
 5.6051719e-001
 5.6057566e-001
 5.6015253e-001
 5.6014019e-001
 5.6064445e-001
 5.6185883e-001
 5.6330717e-001
 5.6493360e-001
 5.6667030e-001
 5.6791079e-001
 5.6892222e-001
 5.7007289e-001
 5.7122684e-001
 5.7272249e-001
 5.7371461e-001
 5.7430017e-001
 5.7444543e-001
 5.7416749e-001
 5.7443911e-001
 5.7421118e-001
 5.7479358e-001
 5.7614088e-001
 5.7738453e-001
 5.7815832e-001
 5.7840222e-001
 5.7739496e-001
 5.7491738e-001
 5.7071400e-001
 5.7218623e-001
 5.6679577e-001
 5.5887002e-001
 5.5069011e-001
 5.4432070e-001
 5.3857446e-001
 5.3283381e-001
 5.2899265e-001
 5.2771783e-001
 5.2874511e-001
 5.3121215e-001
 5.3383547e-001
 5.3668147e-001
 5.4044962e-001
 5.4376978e-001
 5.4603821e-001
 5.4794681e-001
 5.4912060e-001
 5.4883975e-001
 5.4787952e-001
 5.4500568e-001
 5.3739202e-001
 5.2741957e-001
 5.2435541e-001
 5.3012186e-001
 5.3598756e-001
 5.3890884e-001
 5.3942168e-001
 5.3735340e-001
 5.3513104e-001
 5.3510135e-001
 5.3679401e-001
 5.3534395e-001
 5.3565264e-001
 5.3890634e-001
 5.4119444e-001
 5.4541999e-001
 5.4893190e-001
 5.5250376e-001
 5.5489618e-001
 5.5716020e-001
 5.5784655e-001
 5.5740404e-001
 5.5634028e-001
 5.5483735e-001
 5.5170679e-001
 5.4710555e-001
 5.4321361e-001
 5.3820068e-001
 5.3323686e-001
 5.2991712e-001
 5.2780074e-001
 5.2582526e-001
 5.2170551e-001
 5.1763773e-001
 5.1432943e-001
 5.1230431e-001
 5.1105410e-001
 5.0858438e-001
 5.0541598e-001
 5.0305754e-001
 5.0356477e-001
 5.0327915e-001
 5.0189900e-001
