s07_AV97 Record=2293: Muscovite HS146.1B           ASDFRa AREF
 3.7181604e-001
 3.8630417e-001
 4.0303242e-001
 4.2003426e-001
 4.3648919e-001
 4.5038170e-001
 4.6099728e-001
 4.6836311e-001
 4.7692233e-001
 4.8943958e-001
 4.9855930e-001
 5.0636351e-001
 5.1357841e-001
 5.2036321e-001
 5.2638406e-001
 5.3182131e-001
 5.3668505e-001
 5.4107654e-001
 5.4506278e-001
 5.4882801e-001
 5.5232573e-001
 5.5567271e-001
 5.5886447e-001
 5.6202233e-001
 5.6507397e-001
 5.6800479e-001
 5.7074785e-001
 5.7347995e-001
 5.7601887e-001
 5.7858622e-001
 5.8095735e-001
 5.8351898e-001
 5.8056647e-001
 5.8301908e-001
 5.8559173e-001
 5.8811480e-001
 5.9065521e-001
 5.9322369e-001
 5.9584457e-001
 5.9843367e-001
 6.0088688e-001
 6.0336608e-001
 6.0569596e-001
 6.0794717e-001
 6.0982537e-001
 6.1143464e-001
 6.1258560e-001
 6.1325282e-001
 6.1326879e-001
 6.1289084e-001
 6.1230791e-001
 6.1144674e-001
 6.1053175e-001
 6.0973823e-001
 6.0912025e-001
 6.0884929e-001
 6.0898036e-001
 6.0952431e-001
 6.1059380e-001
 6.1220717e-001
 6.1424899e-001
 6.1681068e-001
 6.1938488e-001
 6.2136465e-001
 6.2371862e-001
 6.2782425e-001
 6.3156432e-001
 6.3438421e-001
 6.3634932e-001
 6.3822979e-001
 6.4051080e-001
 6.4096624e-001
 6.4137840e-001
 6.4197230e-001
 6.4141250e-001
 6.4178824e-001
 6.4151001e-001
 6.4156413e-001
 6.4163625e-001
 6.4121199e-001
 6.4123708e-001
 6.4121437e-001
 6.4173424e-001
 6.4200515e-001
 6.4260060e-001
 6.4332658e-001
 6.4404202e-001
 6.4505821e-001
 6.4663106e-001
 6.4786524e-001
 6.5000302e-001
 6.5203476e-001
 6.5418160e-001
 6.5639204e-001
 6.5860438e-001
 6.6096151e-001
 6.5707928e-001
 6.5976006e-001
 6.6206229e-001
 6.6487706e-001
 6.6659051e-001
 6.6887718e-001
 6.7121631e-001
 6.7422163e-001
 6.7700487e-001
 6.8015820e-001
 6.8302482e-001
 6.8559438e-001
 6.8646699e-001
 6.8488246e-001
 6.6994661e-001
 6.3096303e-001
 6.0451412e-001
 6.2789518e-001
 6.6898572e-001
 6.9476944e-001
 7.0552462e-001
 7.1167320e-001
 7.1568167e-001
 7.1921104e-001
 7.2273862e-001
 7.2580105e-001
 7.2869098e-001
 7.3176348e-001
 7.3434120e-001
 7.3726493e-001
 7.3963642e-001
 7.4167758e-001
 7.4404466e-001
 7.4615031e-001
 7.4749631e-001
 7.4896836e-001
 7.5045842e-001
 7.5238824e-001
 7.5411665e-001
 7.5513011e-001
 7.5646150e-001
 7.5769448e-001
 7.5839913e-001
 7.5905544e-001
 7.5999027e-001
 7.6055354e-001
 7.6117176e-001
 7.6151532e-001
 7.6178926e-001
 7.6185036e-001
 7.6183444e-001
 7.6223797e-001
 7.6273954e-001
 7.6314574e-001
 7.6358527e-001
 7.6423401e-001
 7.6453882e-001
 7.6390690e-001
 7.6224065e-001
 7.6039010e-001
 7.6086038e-001
 7.6175267e-001
 7.5861228e-001
 7.5073981e-001
 7.5433493e-001
 7.4488586e-001
 7.3148692e-001
 7.1846122e-001
 7.1352571e-001
 7.1510369e-001
 7.1996582e-001
 7.2357666e-001
 7.2686714e-001
 7.2969824e-001
 7.3282689e-001
 7.3596931e-001
 7.3892283e-001
 7.4261457e-001
 7.4502242e-001
 7.4706233e-001
 7.4794126e-001
 7.4848461e-001
 7.4958676e-001
 7.5002652e-001
 7.4943185e-001
 7.4572212e-001
 7.3943388e-001
 7.3103946e-001
 7.2496480e-001
 7.2128391e-001
 7.1933734e-001
 7.1251780e-001
 7.0008445e-001
 6.8040830e-001
 6.4720106e-001
 5.9826314e-001
 5.5259436e-001
 5.3713048e-001
 5.5609709e-001
 5.8769906e-001
 6.0475129e-001
 6.2213463e-001
 6.4908504e-001
 6.6583139e-001
 6.7183399e-001
 6.7137766e-001
 6.6549379e-001
 6.5327311e-001
 6.3486409e-001
 6.1337131e-001
 5.9301120e-001
 5.7819110e-001
 5.7675111e-001
 5.7881522e-001
 5.7904100e-001
 5.8251435e-001
 5.8581388e-001
 5.8555126e-001
 5.7976860e-001
 5.6970489e-001
 5.6127089e-001
 5.5720687e-001
 5.5703712e-001
 5.6290531e-001
 5.6744426e-001
 5.7077688e-001
 5.8276117e-001
-1.2300000e+034
