s07_AV97 Record=657: Bytownite HS105.6  Plagio    ASDFRb AREF
 2.3820515e-001
 2.4178600e-001
 2.4691604e-001
 2.5159857e-001
 2.5374714e-001
 2.5442728e-001
 2.5555390e-001
 2.5774935e-001
 2.5946680e-001
 2.6072952e-001
 2.6098895e-001
 2.6075178e-001
 2.6073876e-001
 2.6139674e-001
 2.6185977e-001
 2.6208004e-001
 2.6201114e-001
 2.6170552e-001
 2.6115796e-001
 2.6064771e-001
 2.6023209e-001
 2.5965267e-001
 2.5850129e-001
 2.5731888e-001
 2.5592315e-001
 2.5379351e-001
 2.5210300e-001
 2.5067881e-001
 2.4916294e-001
 2.4783999e-001
 2.4666320e-001
 2.4559176e-001
 2.4684766e-001
 2.4578299e-001
 2.4489336e-001
 2.4437106e-001
 2.4403192e-001
 2.4386702e-001
 2.4375251e-001
 2.4361335e-001
 2.4346720e-001
 2.4326129e-001
 2.4288517e-001
 2.4234320e-001
 2.4165063e-001
 2.4086787e-001
 2.3996335e-001
 2.3900746e-001
 2.3789188e-001
 2.3685488e-001
 2.3595633e-001
 2.3513748e-001
 2.3425964e-001
 2.3342082e-001
 2.3258916e-001
 2.3179373e-001
 2.3097821e-001
 2.3011900e-001
 2.2910559e-001
 2.2816572e-001
 2.2727865e-001
 2.2633639e-001
 2.2537440e-001
 2.2427826e-001
 2.2330429e-001
 2.2230347e-001
 2.2109573e-001
 2.2007416e-001
 2.1904656e-001
 2.1732141e-001
 2.1603987e-001
 2.1498093e-001
 2.1341532e-001
 2.1238807e-001
 2.1119526e-001
 2.1026661e-001
 2.0925467e-001
 2.0826554e-001
 2.0745182e-001
 2.0636664e-001
 2.0546795e-001
 2.0446445e-001
 2.0343578e-001
 2.0258395e-001
 2.0192395e-001
 2.0124742e-001
 2.0056966e-001
 1.9967543e-001
 1.9896622e-001
 1.9824064e-001
 1.9740331e-001
 1.9686019e-001
 1.9640692e-001
 1.9559686e-001
 1.9493379e-001
 1.9448502e-001
 1.9520904e-001
 1.9468620e-001
 1.9428313e-001
 1.9382831e-001
 1.9335914e-001
 1.9295509e-001
 1.9252542e-001
 1.9209009e-001
 1.9173574e-001
 1.9128312e-001
 1.9086954e-001
 1.9065191e-001
 1.9022317e-001
 1.8991753e-001
 1.8903746e-001
 1.8787555e-001
 1.8740965e-001
 1.8789293e-001
 1.8817474e-001
 1.8825155e-001
 1.8840304e-001
 1.8848830e-001
 1.8864734e-001
 1.8860579e-001
 1.8876933e-001
 1.8918362e-001
 1.8933086e-001
 1.8943231e-001
 1.8970503e-001
 1.8994156e-001
 1.9001272e-001
 1.9013833e-001
 1.9034281e-001
 1.9050239e-001
 1.9053322e-001
 1.9040599e-001
 1.9027568e-001
 1.9010231e-001
 1.8995148e-001
 1.8990809e-001
 1.8967697e-001
 1.8938971e-001
 1.8904360e-001
 1.8894830e-001
 1.8879041e-001
 1.8880822e-001
 1.8879145e-001
 1.8845561e-001
 1.8809336e-001
 1.8768007e-001
 1.8720514e-001
 1.8661512e-001
 1.8636848e-001
 1.8625829e-001
 1.8609068e-001
 1.8576124e-001
 1.8569879e-001
 1.8547699e-001
 1.8539278e-001
 1.8504384e-001
 1.8473241e-001
 1.8460582e-001
 1.8429381e-001
 1.8359455e-001
 1.8393666e-001
 1.8311055e-001
 1.8200439e-001
 1.8069008e-001
 1.7980361e-001
 1.7950974e-001
 1.7944929e-001
 1.7952597e-001
 1.7912981e-001
 1.7873226e-001
 1.7869885e-001
 1.7890976e-001
 1.7882782e-001
 1.7859392e-001
 1.7847976e-001
 1.7838836e-001
 1.7832439e-001
 1.7832275e-001
 1.7830722e-001
 1.7809124e-001
 1.7792749e-001
 1.7771244e-001
 1.7762169e-001
 1.7739676e-001
 1.7712937e-001
 1.7671338e-001
 1.7658693e-001
 1.7606442e-001
 1.7485736e-001
 1.7394842e-001
 1.7281209e-001
 1.7179093e-001
 1.7138733e-001
 1.7131926e-001
 1.7099276e-001
 1.7024527e-001
 1.6944110e-001
 1.6840649e-001
 1.6763072e-001
 1.6721632e-001
 1.6678093e-001
 1.6621889e-001
 1.6590369e-001
 1.6495189e-001
 1.6352434e-001
 1.6224092e-001
 1.6145876e-001
 1.6157882e-001
 1.6222514e-001
 1.6262423e-001
 1.6330723e-001
 1.6330415e-001
 1.6342895e-001
 1.6316116e-001
 1.6265921e-001
 1.6173029e-001
 1.6136304e-001
 1.6061418e-001
 1.6032386e-001
 1.6043130e-001
 1.5945944e-001
 1.5925558e-001
 1.5996231e-001
-1.2300000e+034
