s07_AV97 Record=3483: Wollastonite HS348.3B         BECKc AREF
 7.6893222e-001
 7.7596545e-001
 7.8168267e-001
 7.8652668e-001
 7.8903466e-001
 7.9477972e-001
 7.9538190e-001
 7.9795784e-001
 8.0065829e-001
 8.0321985e-001
 8.0531162e-001
 8.0883586e-001
 8.1244534e-001
 8.1689709e-001
 8.1802201e-001
 8.2375950e-001
 8.2800615e-001
 8.3076787e-001
 8.3467209e-001
 8.3675045e-001
 8.3789408e-001
 8.4013557e-001
 8.4112710e-001
 8.4319448e-001
 8.4367865e-001
 8.4391654e-001
 8.4488845e-001
 8.4501976e-001
 8.4855622e-001
 8.4916502e-001
 8.5012740e-001
 8.5137969e-001
 8.4988499e-001
 8.5099405e-001
 8.5239434e-001
 8.5254431e-001
 8.5479343e-001
 8.5444367e-001
 8.5414732e-001
 8.5500073e-001
 8.5638028e-001
 8.5653239e-001
 8.5807955e-001
 8.5752207e-001
 8.5980761e-001
 8.5991162e-001
 8.5959357e-001
 8.5717916e-001
 8.5847151e-001
 8.6174768e-001
 8.5567027e-001
 8.5859317e-001
 8.6272323e-001
 8.6530370e-001
 8.6624366e-001
 8.5735518e-001
 8.5368317e-001
 8.5526669e-001
 8.5892069e-001
 8.5991919e-001
 8.5722148e-001
 8.5330588e-001
 8.4768677e-001
 8.4963751e-001
 8.4733486e-001
 8.4485322e-001
 8.4530503e-001
 8.4259588e-001
 8.4339935e-001
 8.4369552e-001
 8.4174383e-001
 8.4064239e-001
 8.4242851e-001
 8.3949834e-001
 8.4066772e-001
 8.4093475e-001
 8.3782804e-001
 8.4132248e-001
 8.3938992e-001
 8.4314990e-001
 8.3864510e-001
 8.3943588e-001
 8.3612329e-001
 8.3758616e-001
 8.3525211e-001
 8.3544141e-001
 8.3678466e-001
 8.3446902e-001
 8.3201009e-001
 8.3235312e-001
 8.3040768e-001
 8.3010077e-001
 8.3027810e-001
 8.2956553e-001
 8.3056992e-001
 8.2614660e-001
 8.3002681e-001
 8.2840526e-001
 8.2796919e-001
 8.2828146e-001
 8.2658416e-001
 8.2668179e-001
 8.2591331e-001
 8.2423115e-001
 8.2571226e-001
 8.2557958e-001
 8.2495761e-001
 8.2579166e-001
 8.2662570e-001
 8.2583874e-001
 8.2425588e-001
 8.2173455e-001
 8.2302296e-001
 8.2406658e-001
 8.2389349e-001
 8.2290572e-001
 8.2139295e-001
 8.2613945e-001
 8.2536781e-001
 8.2559550e-001
 8.2588577e-001
 8.2701629e-001
 8.2860994e-001
 8.2950574e-001
 8.2847250e-001
 8.3376473e-001
 8.3317894e-001
 8.3469611e-001
 8.3583927e-001
 8.3779716e-001
 8.3813709e-001
 8.3776331e-001
 8.3607203e-001
 8.3775455e-001
 8.3714443e-001
 8.4198081e-001
 8.4139794e-001
 8.4502190e-001
 8.4551501e-001
 8.4419441e-001
 8.4438866e-001
 8.4889430e-001
 8.5095531e-001
 8.4950674e-001
 8.5356486e-001
 8.5350877e-001
 8.5213047e-001
 8.5598797e-001
 8.5735214e-001
 8.5268939e-001
 8.5399592e-001
 8.5340768e-001
 8.5471946e-001
 8.5194522e-001
 8.5600883e-001
 8.5720789e-001
 8.5467613e-001
 8.5321671e-001
 8.4666783e-001
 8.4083629e-001
 8.4241021e-001
 8.3525723e-001
 8.2365012e-001
 8.1652462e-001
 8.1772375e-001
 8.2051718e-001
 8.2199264e-001
 8.2544684e-001
 8.2851106e-001
 8.3386886e-001
 8.3601236e-001
 8.3930892e-001
 8.3690995e-001
 8.4308344e-001
 8.4673464e-001
 8.4530240e-001
 8.5037810e-001
 8.5064375e-001
 8.5010993e-001
 8.4962922e-001
 8.5295200e-001
 8.5237390e-001
 8.5332310e-001
 8.5677445e-001
 8.6105162e-001
 8.5685772e-001
 8.6051744e-001
 8.5992444e-001
 8.5484737e-001
 8.5312408e-001
 8.5123390e-001
 8.5061848e-001
 8.4836370e-001
 8.4311467e-001
 8.4585840e-001
 8.4709650e-001
 8.3743536e-001
 8.3908874e-001
 8.4450644e-001
 8.4526455e-001
 8.4715384e-001
 8.4699851e-001
 8.4004903e-001
 8.4350491e-001
 8.5119957e-001
 8.4483624e-001
 8.4340304e-001
 8.4085602e-001
 8.4550625e-001
 8.4924406e-001
 8.4913737e-001
 8.4807736e-001
 8.4798872e-001
 8.4529632e-001
 8.4041470e-001
 8.3566391e-001
 8.3138043e-001
 8.2740653e-001
 8.2425487e-001
 8.2156694e-001
 8.1982821e-001
 8.1828898e-001
 8.1603026e-001
 8.1254888e-001
