s07_AV97 Record=2119: Monazite_REE WS385 crystal   ASDFRb AREF
 6.5704755e-002
 6.5724619e-002
 6.7345180e-002
 6.9405422e-002
 7.1863100e-002
 7.4935466e-002
 7.9118192e-002
 8.4524222e-002
 8.9839645e-002
 9.4025388e-002
 9.6929647e-002
 1.0072374e-001
 1.0669585e-001
 1.1407043e-001
 1.2060332e-001
 1.2807250e-001
 1.3919990e-001
 1.6064315e-001
 1.8082239e-001
 2.0236348e-001
 2.0894490e-001
 1.8563801e-001
 2.0915033e-001
 2.5919950e-001
 2.9764593e-001
 3.1652647e-001
 3.2185274e-001
 3.3312041e-001
 3.3847380e-001
 3.4471720e-001
 3.5113925e-001
 3.4557635e-001
 3.5129583e-001
 3.4647894e-001
 3.5542560e-001
 3.8241836e-001
 4.0670484e-001
 4.1622245e-001
 4.0446216e-001
 3.0309591e-001
 2.2323702e-001
 2.3547514e-001
 3.1982905e-001
 3.9240298e-001
 3.8246697e-001
 2.7642027e-001
 2.0512827e-001
 2.2708991e-001
 3.0051365e-001
 3.7191424e-001
 4.1147429e-001
 4.1296422e-001
 3.5880372e-001
 2.8932616e-001
 2.9055646e-001
 3.3145013e-001
 3.5249555e-001
 3.6740720e-001
 3.8344130e-001
 4.0555999e-001
 4.1250327e-001
 4.1328070e-001
 4.2617416e-001
 4.3509787e-001
 4.3947515e-001
 4.4029087e-001
 4.4203678e-001
 4.3749756e-001
 4.3221250e-001
 4.2893192e-001
 4.2729703e-001
 4.2343587e-001
 4.1180459e-001
 3.8978419e-001
 3.4668678e-001
 3.1084901e-001
 3.2335374e-001
 3.4152406e-001
 3.5243356e-001
 3.7485272e-001
 4.0634018e-001
 4.2753506e-001
 4.4475299e-001
 4.6132663e-001
 4.7653636e-001
 4.8768872e-001
 4.8713210e-001
 4.7075757e-001
 4.3565333e-001
 3.8372883e-001
 3.1479222e-001
 2.8040224e-001
 3.1235823e-001
 3.4613729e-001
 3.4008518e-001
 3.5478708e-001
 3.4361348e-001
 3.4455970e-001
 3.6535391e-001
 3.8599053e-001
 4.1033262e-001
 4.2793903e-001
 4.3767378e-001
 4.4017339e-001
 4.3534195e-001
 4.1681930e-001
 3.7994525e-001
 3.3056864e-001
 2.9662538e-001
 3.1814122e-001
 3.4440446e-001
 3.2447094e-001
 3.0174440e-001
 3.0162600e-001
 2.9655406e-001
 2.8229794e-001
 2.7208638e-001
 2.6326120e-001
 2.5650656e-001
 2.6100948e-001
 2.7492744e-001
 2.8030556e-001
 2.7366838e-001
 2.6223278e-001
 2.4914521e-001
 2.3795414e-001
 2.3693247e-001
 2.4245511e-001
 2.4868068e-001
 2.5546387e-001
 2.6842192e-001
 2.8854892e-001
 3.1001836e-001
 3.2817444e-001
 3.4718663e-001
 3.6625692e-001
 3.7990740e-001
 3.8632897e-001
 3.8877884e-001
 3.8859344e-001
 3.8743559e-001
 3.9337564e-001
 3.9312959e-001
 4.0492857e-001
 4.2115098e-001
 4.3401983e-001
 4.4665262e-001
 4.5539948e-001
 4.6091408e-001
 4.6329495e-001
 4.6357489e-001
 4.6144325e-001
 4.5863536e-001
 4.5298269e-001
 4.4528687e-001
 4.3543139e-001
 4.2389789e-001
 4.1113722e-001
 3.9573655e-001
 3.7763163e-001
 3.8494685e-001
 3.6578873e-001
 3.4323207e-001
 3.2087633e-001
 3.0442640e-001
 2.9211780e-001
 2.8073588e-001
 2.7446499e-001
 2.7181146e-001
 2.7378964e-001
 2.8072038e-001
 2.8985804e-001
 2.9595992e-001
 2.9906660e-001
 3.0553848e-001
 3.1645685e-001
 3.2774544e-001
 3.3794495e-001
 3.4667566e-001
 3.5303625e-001
 3.5829437e-001
 3.6262181e-001
 3.6614168e-001
 3.6890697e-001
 3.7067953e-001
 3.7161413e-001
 3.7132782e-001
 3.6940634e-001
 3.6570713e-001
 3.6101913e-001
 3.5575607e-001
 3.4971285e-001
 3.4258643e-001
 3.3719361e-001
 3.3581647e-001
 3.3372408e-001
 3.3039716e-001
 3.2721132e-001
 3.2274964e-001
 3.1754270e-001
 3.1150508e-001
 3.0474088e-001
 2.9695877e-001
 2.8916973e-001
 2.8131944e-001
 2.7236834e-001
 2.6157364e-001
 2.4926969e-001
 2.3891948e-001
 2.3239268e-001
 2.2706966e-001
 2.1999799e-001
 2.1299474e-001
 2.0683250e-001
 2.0160273e-001
 1.9830631e-001
 1.9585867e-001
 1.9313303e-001
 1.9036812e-001
 1.8656933e-001
 1.8244866e-001
 1.7771465e-001
 1.7318936e-001
-1.2300000e+034
