s07_AV97 Record=1284: Glauconite HS313.3B          ASDFRc AREF
 8.0134168e-002
 8.4595010e-002
 9.1418140e-002
 9.6850269e-002
 1.0099137e-001
 1.0476791e-001
 1.0894246e-001
 1.1280041e-001
 1.1568834e-001
 1.1950050e-001
 1.2500907e-001
 1.3140547e-001
 1.3677216e-001
 1.4097354e-001
 1.4516084e-001
 1.4895242e-001
 1.5218683e-001
 1.5480325e-001
 1.5650608e-001
 1.5685089e-001
 1.5564872e-001
 1.5305151e-001
 1.4945664e-001
 1.4555307e-001
 1.4130603e-001
 1.3704748e-001
 1.3284662e-001
 1.2868933e-001
 1.2479005e-001
 1.2102826e-001
 1.1759578e-001
 1.1429999e-001
 1.1813162e-001
 1.1492150e-001
 1.1182849e-001
 1.0900369e-001
 1.0638264e-001
 1.0394268e-001
 1.0183530e-001
 1.0000744e-001
 9.8525658e-002
 9.7441889e-002
 9.6734323e-002
 9.6407540e-002
 9.6282996e-002
 9.6419245e-002
 9.6803829e-002
 9.7234651e-002
 9.7566783e-002
 9.7745731e-002
 9.7741477e-002
 9.7610123e-002
 9.7270861e-002
 9.6683636e-002
 9.5834039e-002
 9.5049471e-002
 9.4128825e-002
 9.3249887e-002
 9.2406370e-002
 9.1641046e-002
 9.0919770e-002
 9.0237580e-002
 8.9561626e-002
 8.9069523e-002
 8.8652588e-002
 8.8337623e-002
 8.8050492e-002
 8.7677993e-002
 8.7361403e-002
 8.6783856e-002
 8.7067395e-002
 8.6453795e-002
 8.5988656e-002
 8.5748248e-002
 8.5149683e-002
 8.5154556e-002
 8.5054666e-002
 8.5126854e-002
 8.5458055e-002
 8.5286684e-002
 8.5305579e-002
 8.5402824e-002
 8.5840978e-002
 8.6316228e-002
 8.6763278e-002
 8.7307140e-002
 8.7794378e-002
 8.8411301e-002
 8.8985398e-002
 8.9657523e-002
 9.0617813e-002
 9.1496974e-002
 9.2206538e-002
 9.2886366e-002
 9.3635000e-002
 9.4615281e-002
 9.3149215e-002
 9.4187498e-002
 9.5185325e-002
 9.6025884e-002
 9.6878208e-002
 9.7773857e-002
 9.8793343e-002
 9.9745587e-002
 1.0063746e-001
 1.0150713e-001
 1.0273214e-001
 1.0397691e-001
 1.0497674e-001
 1.0610492e-001
 1.0697480e-001
 1.0785663e-001
 1.0880467e-001
 1.0973166e-001
 1.1061399e-001
 1.1160520e-001
 1.1282395e-001
 1.1410848e-001
 1.1531602e-001
 1.1664286e-001
 1.1779740e-001
 1.1900833e-001
 1.2039559e-001
 1.2157369e-001
 1.2280603e-001
 1.2423769e-001
 1.2578234e-001
 1.2710263e-001
 1.2854145e-001
 1.3002436e-001
 1.3152786e-001
 1.3306768e-001
 1.3465002e-001
 1.3645764e-001
 1.3791345e-001
 1.3961717e-001
 1.4114363e-001
 1.4267908e-001
 1.4449513e-001
 1.4620933e-001
 1.4828940e-001
 1.5040034e-001
 1.5230262e-001
 1.5411502e-001
 1.5573606e-001
 1.5788458e-001
 1.6001138e-001
 1.6186120e-001
 1.6412029e-001
 1.6669312e-001
 1.6890714e-001
 1.7121035e-001
 1.7361271e-001
 1.7636463e-001
 1.7872855e-001
 1.8120210e-001
 1.8388201e-001
 1.8623349e-001
 1.8844372e-001
 1.8910721e-001
 1.8898778e-001
 1.8920492e-001
 1.8818410e-001
 1.8733929e-001
 1.8992846e-001
 1.9426799e-001
 1.9827437e-001
 2.0168914e-001
 2.0488469e-001
 2.0850481e-001
 2.1238276e-001
 2.1613671e-001
 2.1999758e-001
 2.2384942e-001
 2.2778745e-001
 2.3207131e-001
 2.3612760e-001
 2.4039088e-001
 2.4427998e-001
 2.4803686e-001
 2.5204667e-001
 2.5534883e-001
 2.5887907e-001
 2.6245111e-001
 2.6588058e-001
 2.6815909e-001
 2.6992705e-001
 2.7230412e-001
 2.7440429e-001
 2.7666026e-001
 2.7875566e-001
 2.7988616e-001
 2.8087899e-001
 2.8086424e-001
 2.7930579e-001
 2.7632046e-001
 2.7142325e-001
 2.6602986e-001
 2.6309222e-001
 2.6207244e-001
 2.6193601e-001
 2.4805737e-001
 2.2722550e-001
 2.1508262e-001
 2.1999556e-001
 2.3692006e-001
 2.4369511e-001
 2.3838060e-001
 2.3062378e-001
 2.2951730e-001
 2.4036731e-001
 2.5744236e-001
 2.7181447e-001
 2.7801430e-001
 2.7811188e-001
 2.7460125e-001
 2.6908579e-001
 2.6345137e-001
 2.6011023e-001
 2.5712481e-001
 2.5485480e-001
 2.5014699e-001
 2.5469995e-001
-1.2300000e+034
