s07_AV97 Record=818: Chromite HS281.1B            ASDFRc AREF
 3.9587922e-002
 4.0193800e-002
 4.1208185e-002
 4.1832697e-002
 4.2581130e-002
 4.3653924e-002
 4.4925183e-002
 4.6329804e-002
 4.7721382e-002
 4.8893426e-002
 5.0116271e-002
 5.1567506e-002
 5.3280409e-002
 5.5296320e-002
 5.7710435e-002
 6.0478624e-002
 6.3427903e-002
 6.6241212e-002
 6.8758868e-002
 7.1141481e-002
 7.3676534e-002
 7.6635726e-002
 8.0165230e-002
 8.4190153e-002
 8.8954836e-002
 9.4220601e-002
 1.0002541e-001
 1.0529776e-001
 1.0940861e-001
 1.1246874e-001
 1.1517100e-001
 1.1733293e-001
 1.1476776e-001
 1.1698556e-001
 1.1850198e-001
 1.1957649e-001
 1.2081747e-001
 1.2228203e-001
 1.2414587e-001
 1.2653227e-001
 1.2938559e-001
 1.3295414e-001
 1.3715918e-001
 1.4201002e-001
 1.4723372e-001
 1.5295209e-001
 1.5914516e-001
 1.6582118e-001
 1.7288122e-001
 1.8033557e-001
 1.8823041e-001
 1.9671875e-001
 2.0562857e-001
 2.1482201e-001
 2.2418964e-001
 2.3379523e-001
 2.4358489e-001
 2.5336576e-001
 2.6319319e-001
 2.7297679e-001
 2.8261426e-001
 2.9221138e-001
 3.0168423e-001
 3.1128389e-001
 3.2066524e-001
 3.2988948e-001
 3.3896366e-001
 3.4787479e-001
 3.5634759e-001
 3.6430353e-001
 3.7350565e-001
 3.8027290e-001
 3.8809764e-001
 3.9478025e-001
 4.0153575e-001
 4.0810147e-001
 4.1384363e-001
 4.1961643e-001
 4.2523590e-001
 4.2998740e-001
 4.3482289e-001
 4.3880448e-001
 4.4315043e-001
 4.4721815e-001
 4.5066038e-001
 4.5396128e-001
 4.5713750e-001
 4.6055114e-001
 4.6352941e-001
 4.6636185e-001
 4.6972844e-001
 4.7259462e-001
 4.7494692e-001
 4.7753075e-001
 4.7997773e-001
 4.8224688e-001
 4.7849751e-001
 4.8107770e-001
 4.8343682e-001
 4.8549181e-001
 4.8735556e-001
 4.8950154e-001
 4.9175224e-001
 4.9344465e-001
 4.9511045e-001
 4.9553075e-001
 4.9616295e-001
 4.9615592e-001
 4.9603319e-001
 4.9358678e-001
 4.9068755e-001
 4.9039590e-001
 4.8810211e-001
 4.8495242e-001
 4.8089653e-001
 4.7660890e-001
 4.7253186e-001
 4.6726713e-001
 4.6088141e-001
 4.5363766e-001
 4.4648784e-001
 4.3861556e-001
 4.3035781e-001
 4.2210281e-001
 4.1300932e-001
 4.0380239e-001
 3.9444941e-001
 3.8507450e-001
 3.7556124e-001
 3.6587420e-001
 3.5646090e-001
 3.4715468e-001
 3.3823279e-001
 3.2904857e-001
 3.1997940e-001
 3.1100789e-001
 3.0239472e-001
 2.9405367e-001
 2.8569031e-001
 2.7861407e-001
 2.7079540e-001
 2.6328272e-001
 2.5571233e-001
 2.4863833e-001
 2.4185990e-001
 2.3458105e-001
 2.2794704e-001
 2.2131911e-001
 2.1525574e-001
 2.0936967e-001
 2.0386098e-001
 1.9859731e-001
 1.9366781e-001
 1.8875344e-001
 1.8455271e-001
 1.8008097e-001
 1.7569421e-001
 1.7132349e-001
 1.6754501e-001
 1.6408037e-001
 1.6536959e-001
 1.6222873e-001
 1.5937918e-001
 1.5669744e-001
 1.5420343e-001
 1.5189612e-001
 1.4917149e-001
 1.4680451e-001
 1.4508016e-001
 1.4335293e-001
 1.4187238e-001
 1.4048910e-001
 1.3943586e-001
 1.3866180e-001
 1.3811049e-001
 1.3735165e-001
 1.3685404e-001
 1.3636662e-001
 1.3600256e-001
 1.3573141e-001
 1.3543448e-001
 1.3503240e-001
 1.3454840e-001
 1.3416566e-001
 1.3386138e-001
 1.3352677e-001
 1.3301414e-001
 1.3284740e-001
 1.3290460e-001
 1.3285238e-001
 1.3267490e-001
 1.3246572e-001
 1.3236712e-001
 1.3257740e-001
 1.3266385e-001
 1.3295020e-001
 1.3335542e-001
 1.3373040e-001
 1.3425435e-001
 1.3466148e-001
 1.3508736e-001
 1.3581552e-001
 1.3650449e-001
 1.3735226e-001
 1.3853371e-001
 1.3980339e-001
 1.4110756e-001
 1.4246178e-001
 1.4387500e-001
 1.4487624e-001
 1.4597887e-001
 1.4713700e-001
 1.4826298e-001
 1.5006126e-001
 1.5099452e-001
 1.5288591e-001
 1.5380222e-001
 1.5516897e-001
 1.5604906e-001
 1.5698934e-001
 1.5756288e-001
 1.5970984e-001
 1.6087934e-001
-1.2300000e+034
