s07_AV97 Record=1675: Jadeite HS343.3B              BECKb AREF
 1.8814340e-001
 1.9127332e-001
 2.0024763e-001
 2.1031122e-001
 2.1810755e-001
 2.2545630e-001
 2.2710994e-001
 2.3149650e-001
 2.4567617e-001
 2.5625473e-001
 2.6324695e-001
 2.6911080e-001
 2.7459437e-001
 2.7765596e-001
 2.8091267e-001
 2.8329027e-001
 2.8346559e-001
 2.8294289e-001
 2.8185445e-001
 2.8030992e-001
 2.7805850e-001
 2.7458435e-001
 2.7116331e-001
 2.6824570e-001
 2.6379284e-001
 2.6050976e-001
 2.5740167e-001
 2.5523421e-001
 2.5204393e-001
 2.4821505e-001
 2.4592030e-001
 2.4433413e-001
 2.4610528e-001
 2.4477039e-001
 2.4150850e-001
 2.3800591e-001
 2.3634696e-001
 2.3390935e-001
 2.3158747e-001
 2.2986129e-001
 2.2861260e-001
 2.2710150e-001
 2.2638011e-001
 2.2601789e-001
 2.2757336e-001
 2.2912094e-001
 2.2959629e-001
 2.3280977e-001
 2.3712851e-001
 2.3916368e-001
 2.4657352e-001
 2.4778493e-001
 2.4691232e-001
 2.4961543e-001
 2.5171348e-001
 2.5053653e-001
 2.5069052e-001
 2.5029609e-001
 2.4904971e-001
 2.4542771e-001
 2.4907213e-001
 2.4353853e-001
 2.4227464e-001
 2.4480015e-001
 2.4233647e-001
 2.4548459e-001
 2.4324690e-001
 2.4426119e-001
 2.4596488e-001
 2.4381289e-001
 2.4538450e-001
 2.4589543e-001
 2.4510008e-001
 2.4605659e-001
 2.4379906e-001
 2.4376868e-001
 2.4427113e-001
 2.4384336e-001
 2.4394542e-001
 2.4495360e-001
 2.4337953e-001
 2.4342816e-001
 2.4484056e-001
 2.4361065e-001
 2.4543990e-001
 2.4423915e-001
 2.4654496e-001
 2.4683297e-001
 2.4816702e-001
 2.5009030e-001
 2.5032347e-001
 2.5325570e-001
 2.5435641e-001
 2.5630632e-001
 2.5611195e-001
 2.5863796e-001
 2.5550160e-001
 2.5749019e-001
 2.5973335e-001
 2.6174802e-001
 2.6458678e-001
 2.6718724e-001
 2.6908234e-001
 2.6881409e-001
 2.7318823e-001
 2.7462336e-001
 2.7751148e-001
 2.7811420e-001
 2.8108707e-001
 2.8243199e-001
 2.8377905e-001
 2.8519246e-001
 2.8690124e-001
 2.8749308e-001
 2.9077768e-001
 2.9310232e-001
 2.9412633e-001
 2.9723901e-001
 3.0073014e-001
 3.0273351e-001
 3.0455771e-001
 3.0535698e-001
 3.0618355e-001
 3.0946910e-001
 3.1081533e-001
 3.1277654e-001
 3.1404746e-001
 3.1639138e-001
 3.1786221e-001
 3.1748906e-001
 3.2018426e-001
 3.2165217e-001
 3.2410938e-001
 3.2569665e-001
 3.2715112e-001
 3.2684073e-001
 3.2908699e-001
 3.3369941e-001
 3.3149764e-001
 3.3152294e-001
 3.3367392e-001
 3.3417997e-001
 3.3818907e-001
 3.3954817e-001
 3.3843717e-001
 3.3837381e-001
 3.4197843e-001
 3.4108913e-001
 3.4403688e-001
 3.4343809e-001
 3.4492776e-001
 3.4782532e-001
 3.4622332e-001
 3.4882155e-001
 3.4851691e-001
 3.5085988e-001
 3.5275117e-001
 3.5323599e-001
 3.5471758e-001
 3.5236749e-001
 3.5340214e-001
 3.5277814e-001
 3.4674916e-001
 3.3434412e-001
 3.3873767e-001
 3.4365639e-001
 3.4660578e-001
 3.4909713e-001
 3.5055202e-001
 3.5312009e-001
 3.5562178e-001
 3.5852689e-001
 3.5976747e-001
 3.6218241e-001
 3.6478630e-001
 3.6506870e-001
 3.6189008e-001
 3.6741838e-001
 3.6742866e-001
 3.6630443e-001
 3.6989468e-001
 3.7136546e-001
 3.7228462e-001
 3.7173721e-001
 3.7299773e-001
 3.7477759e-001
 3.7516072e-001
 3.7719163e-001
 3.7522128e-001
 3.7298405e-001
 3.7577951e-001
 3.7518477e-001
 3.7587297e-001
 3.7449363e-001
 3.7332705e-001
 3.7247124e-001
 3.7456337e-001
 3.7648413e-001
 3.7638125e-001
 3.7575611e-001
 3.7675053e-001
 3.7186974e-001
 3.7402365e-001
 3.7552127e-001
 3.8148069e-001
 3.8090745e-001
 3.7879878e-001
 3.8150045e-001
 3.7964845e-001
 3.7986338e-001
 3.8626012e-001
 3.8164136e-001
 3.7981519e-001
 3.7893617e-001
 3.7746736e-001
 3.7551671e-001
 3.7315664e-001
 3.7047803e-001
 3.6807129e-001
 3.6582157e-001
 3.6429533e-001
 3.6325607e-001
 3.6236206e-001
 3.6135650e-001
