s07_AV97 Record=3473: Witherite HS273.3B           ASDFRa AREF
 6.0792172e-001
 6.1829412e-001
 6.2981397e-001
 6.4130074e-001
 6.5223014e-001
 6.6166824e-001
 6.7080694e-001
 6.7898637e-001
 6.8673873e-001
 6.9423634e-001
 7.0128691e-001
 7.0782340e-001
 7.1388590e-001
 7.1941966e-001
 7.2470105e-001
 7.3022610e-001
 7.3533911e-001
 7.3974901e-001
 7.4345320e-001
 7.4653870e-001
 7.4912989e-001
 7.5101894e-001
 7.5292343e-001
 7.5479203e-001
 7.5636423e-001
 7.5759578e-001
 7.5871193e-001
 7.6008421e-001
 7.6152879e-001
 7.6307327e-001
 7.6446199e-001
 7.6581115e-001
 7.6423955e-001
 7.6555544e-001
 7.6682580e-001
 7.6799452e-001
 7.6910239e-001
 7.7006114e-001
 7.7092195e-001
 7.7164501e-001
 7.7237284e-001
 7.7290744e-001
 7.7349114e-001
 7.7394551e-001
 7.7428526e-001
 7.7453673e-001
 7.7479672e-001
 7.7515429e-001
 7.7558136e-001
 7.7594805e-001
 7.7635550e-001
 7.7678376e-001
 7.7729928e-001
 7.7790070e-001
 7.7834874e-001
 7.7887464e-001
 7.7939260e-001
 7.7992439e-001
 7.8044385e-001
 7.8093922e-001
 7.8139251e-001
 7.8160214e-001
 7.8191745e-001
 7.8221643e-001
 7.8246325e-001
 7.8278399e-001
 7.8307909e-001
 7.8334075e-001
 7.8375477e-001
 7.8341150e-001
 7.8386843e-001
 7.8384000e-001
 7.8380591e-001
 7.8416246e-001
 7.8429246e-001
 7.8475350e-001
 7.8488636e-001
 7.8507572e-001
 7.8507906e-001
 7.8487468e-001
 7.8518009e-001
 7.8534597e-001
 7.8533131e-001
 7.8535736e-001
 7.8560334e-001
 7.8553396e-001
 7.8532296e-001
 7.8540707e-001
 7.8565598e-001
 7.8580540e-001
 7.8591156e-001
 7.8612900e-001
 7.8634977e-001
 7.8638589e-001
 7.8639001e-001
 7.8625619e-001
 7.8632802e-001
 7.8634983e-001
 7.8651005e-001
 7.8650653e-001
 7.8639245e-001
 7.8593451e-001
 7.8592920e-001
 7.8582597e-001
 7.8563780e-001
 7.8553033e-001
 7.8522885e-001
 7.8511554e-001
 7.8495562e-001
 7.8443462e-001
 7.8391790e-001
 7.8319043e-001
 7.8277940e-001
 7.8231388e-001
 7.8196615e-001
 7.8171295e-001
 7.8158838e-001
 7.8160769e-001
 7.8202277e-001
 7.8202063e-001
 7.8237772e-001
 7.8244829e-001
 7.8267294e-001
 7.8340358e-001
 7.8441054e-001
 7.8467894e-001
 7.8477323e-001
 7.8498936e-001
 7.8475815e-001
 7.8444344e-001
 7.8366745e-001
 7.8249770e-001
 7.8409249e-001
 7.8498673e-001
 7.8530663e-001
 7.8513479e-001
 7.8516227e-001
 7.8498983e-001
 7.8466630e-001
 7.8418303e-001
 7.8279048e-001
 7.8409922e-001
 7.8453147e-001
 7.8358591e-001
 7.8186500e-001
 7.8001815e-001
 7.7793092e-001
 7.7666217e-001
 7.7643812e-001
 7.7623266e-001
 7.7489728e-001
 7.7548933e-001
 7.8087950e-001
 7.8169638e-001
 7.8106672e-001
 7.7911758e-001
 7.7647662e-001
 7.7218431e-001
 7.6512659e-001
 7.5929296e-001
 7.6129347e-001
 7.5653535e-001
 7.4843681e-001
 7.3078030e-001
 7.1516722e-001
 7.3486221e-001
 7.5139797e-001
 7.5595081e-001
 7.5774580e-001
 7.5865716e-001
 7.5900233e-001
 7.5675070e-001
 7.5115037e-001
 7.4810618e-001
 7.4707723e-001
 7.3958111e-001
 7.2102457e-001
 7.1758354e-001
 7.5047457e-001
 7.6766193e-001
 7.7294832e-001
 7.7513540e-001
 7.7566636e-001
 7.7628720e-001
 7.7677214e-001
 7.7435476e-001
 7.7145725e-001
 7.6629746e-001
 7.6185703e-001
 7.6009178e-001
 7.5623769e-001
 7.4682146e-001
 7.2320235e-001
 7.0650375e-001
 7.2838908e-001
 7.4654400e-001
 7.4540734e-001
 7.3960388e-001
 7.3062772e-001
 7.1914828e-001
 7.0645207e-001
 6.9188458e-001
 6.7416960e-001
 6.5413719e-001
 6.3298601e-001
 6.0771781e-001
 5.9006029e-001
 5.8073843e-001
 5.6907880e-001
 5.4437810e-001
 4.8839691e-001
 4.3517214e-001
 4.8321697e-001
 5.7628071e-001
 6.3939959e-001
 6.6708779e-001
 6.7941594e-001
 6.7882878e-001
 6.7836976e-001
 6.7568803e-001
 6.6885507e-001
 6.5860915e-001
 6.4523023e-001
-1.2300000e+034
