s07_AV97 Record=3414: Uralite HS345.3B              BECKb AREF
 1.8903233e-001
 2.0207694e-001
 2.1543753e-001
 2.2637358e-001
 2.3659940e-001
 2.4819097e-001
 2.5997335e-001
 2.6970971e-001
 2.7386969e-001
 2.8355736e-001
 2.9528072e-001
 3.0788353e-001
 3.1842604e-001
 3.2766548e-001
 3.3748549e-001
 3.4349498e-001
 3.4885523e-001
 3.5307413e-001
 3.5551599e-001
 3.5491961e-001
 3.5418004e-001
 3.5261402e-001
 3.4837931e-001
 3.4449154e-001
 3.3943060e-001
 3.3445054e-001
 3.2911292e-001
 3.2476676e-001
 3.2014966e-001
 3.1562459e-001
 3.1227645e-001
 3.1009668e-001
 3.1296918e-001
 3.1044266e-001
 3.0684549e-001
 3.0421734e-001
 3.0183467e-001
 3.0017754e-001
 2.9832098e-001
 2.9786992e-001
 2.9696709e-001
 2.9685354e-001
 2.9804093e-001
 2.9973525e-001
 3.0132377e-001
 3.0215046e-001
 3.0506399e-001
 3.0623356e-001
 3.0642691e-001
 3.0720371e-001
 3.0259547e-001
 3.0392501e-001
 3.0653754e-001
 3.0086663e-001
 2.9487681e-001
 2.9508218e-001
 2.9014495e-001
 2.8315118e-001
 2.8312701e-001
 2.7611423e-001
 2.7569377e-001
 2.7317244e-001
 2.7337712e-001
 2.7182207e-001
 2.7073422e-001
 2.6950714e-001
 2.7141899e-001
 2.7194512e-001
 2.7059814e-001
 2.7127042e-001
 2.6889065e-001
 2.6831710e-001
 2.6922342e-001
 2.6778606e-001
 2.6944020e-001
 2.7072537e-001
 2.7422592e-001
 2.7631268e-001
 2.8034067e-001
 2.8418148e-001
 2.8599569e-001
 2.8883043e-001
 2.9058447e-001
 2.9665035e-001
 3.0103096e-001
 3.0390796e-001
 3.0715853e-001
 3.1449738e-001
 3.2033142e-001
 3.2679838e-001
 3.3294901e-001
 3.4021881e-001
 3.4799990e-001
 3.5481694e-001
 3.6320481e-001
 3.7211537e-001
 3.5837206e-001
 3.6778164e-001
 3.7696803e-001
 3.8480359e-001
 3.9327437e-001
 4.0224516e-001
 4.1109201e-001
 4.1560844e-001
 4.2780873e-001
 4.3471330e-001
 4.4308040e-001
 4.4969100e-001
 4.5696992e-001
 4.5933291e-001
 4.2735735e-001
 4.4382891e-001
 4.6704167e-001
 4.7894886e-001
 4.8640615e-001
 4.9341229e-001
 4.9937904e-001
 5.0701648e-001
 5.1161760e-001
 5.1891667e-001
 5.2399099e-001
 5.2695578e-001
 5.3192455e-001
 5.3724545e-001
 5.4270482e-001
 5.4610920e-001
 5.5174124e-001
 5.5767816e-001
 5.6067169e-001
 5.6489515e-001
 5.6963474e-001
 5.7211673e-001
 5.7403529e-001
 5.7987744e-001
 5.8272249e-001
 5.8657807e-001
 5.8870965e-001
 5.9288341e-001
 5.9818876e-001
 5.9824747e-001
 6.0049963e-001
 6.0537046e-001
 6.0906208e-001
 6.1126852e-001
 6.1330479e-001
 6.1841708e-001
 6.2019265e-001
 6.2275559e-001
 6.2536526e-001
 6.2434244e-001
 6.2887031e-001
 6.3149977e-001
 6.3033062e-001
 6.3115865e-001
 6.3193440e-001
 6.3180685e-001
 6.3486296e-001
 6.3258016e-001
 6.2932342e-001
 6.2596649e-001
 6.2777573e-001
 6.1420274e-001
 5.8066171e-001
 5.5332720e-001
 5.5709398e-001
 5.7033068e-001
 5.8167803e-001
 5.9414506e-001
 5.9690869e-001
 6.0198331e-001
 6.0687619e-001
 6.1154813e-001
 6.1410117e-001
 6.2093884e-001
 6.2632185e-001
 6.2787145e-001
 6.3801676e-001
 6.3541037e-001
 6.3564759e-001
 6.3756520e-001
 6.3920605e-001
 6.3941085e-001
 6.3769025e-001
 6.3183600e-001
 6.3082868e-001
 6.3023800e-001
 6.3408768e-001
 6.3737142e-001
 6.3467056e-001
 6.3689017e-001
 6.3632667e-001
 6.3342577e-001
 6.3243556e-001
 6.2557846e-001
 6.2727040e-001
 6.2589991e-001
 6.1094427e-001
 6.0169882e-001
 5.9994411e-001
 5.7932752e-001
 5.5731171e-001
 5.1807755e-001
 4.4673523e-001
 4.4333544e-001
 4.4046327e-001
 4.8251253e-001
 5.3128225e-001
 5.5495584e-001
 5.6055540e-001
 5.4487711e-001
 5.1320297e-001
 4.8159042e-001
 4.9912697e-001
 5.2598947e-001
 5.4287404e-001
 5.4850858e-001
 5.4573709e-001
 5.3840774e-001
 5.3058779e-001
 5.2322578e-001
 5.1906610e-001
 5.1676589e-001
 5.1433766e-001
 5.1056504e-001
