s07_AV97 Record=2627: Pinnoite NMNH123943         NIC4aaa RREF
-1.2300000e+034
-1.2300000e+034
-1.2300000e+034
-1.2300000e+034
-1.2300000e+034
-1.2300000e+034
-1.2300000e+034
-1.2300000e+034
-1.2300000e+034
-1.2300000e+034
-1.2300000e+034
-1.2300000e+034
-1.2300000e+034
-1.2300000e+034
-1.2300000e+034
-1.2300000e+034
-1.2300000e+034
-1.2300000e+034
-1.2300000e+034
-1.2300000e+034
-1.2300000e+034
-1.2300000e+034
-1.2300000e+034
-1.2300000e+034
-1.2300000e+034
-1.2300000e+034
-1.2300000e+034
-1.2300000e+034
-1.2300000e+034
-1.2300000e+034
-1.2300000e+034
-1.2300000e+034
-1.2300000e+034
-1.2300000e+034
-1.2300000e+034
-1.2300000e+034
-1.2300000e+034
-1.2300000e+034
-1.2300000e+034
-1.2300000e+034
-1.2300000e+034
-1.2300000e+034
-1.2300000e+034
-1.2300000e+034
-1.2300000e+034
-1.2300000e+034
-1.2300000e+034
-1.2300000e+034
-1.2300000e+034
-1.2300000e+034
-1.2300000e+034
-1.2300000e+034
-1.2300000e+034
-1.2300000e+034
-1.2300000e+034
-1.2300000e+034
-1.2300000e+034
-1.2300000e+034
-1.2300000e+034
-1.2300000e+034
-1.2300000e+034
-1.2300000e+034
-1.2300000e+034
-1.2300000e+034
-1.2300000e+034
-1.2300000e+034
-1.2300000e+034
-1.2300000e+034
-1.2300000e+034
-1.2300000e+034
-1.2300000e+034
-1.2300000e+034
-1.2300000e+034
-1.2300000e+034
-1.2300000e+034
-1.2300000e+034
-1.2300000e+034
-1.2300000e+034
-1.2300000e+034
-1.2300000e+034
-1.2300000e+034
-1.2300000e+034
-1.2300000e+034
-1.2300000e+034
-1.2300000e+034
-1.2300000e+034
-1.2300000e+034
-1.2300000e+034
-1.2300000e+034
-1.2300000e+034
-1.2300000e+034
-1.2300000e+034
-1.2300000e+034
-1.2300000e+034
-1.2300000e+034
-1.2300000e+034
-1.2300000e+034
-1.2300000e+034
-1.2300000e+034
-1.2300000e+034
-1.2300000e+034
-1.2300000e+034
-1.2300000e+034
-1.2300000e+034
-1.2300000e+034
-1.2300000e+034
-1.2300000e+034
-1.2300000e+034
-1.2300000e+034
-1.2300000e+034
-1.2300000e+034
-1.2300000e+034
-1.2300000e+034
 5.6418449e-001
 5.2022445e-001
 4.8456061e-001
 4.6743241e-001
 4.4694975e-001
 4.2947799e-001
 4.1529161e-001
 4.0485859e-001
 3.9625436e-001
 3.9112753e-001
 3.9140341e-001
 3.9291239e-001
 3.9309663e-001
 3.9531147e-001
 4.0414825e-001
 4.1180527e-001
 4.1508687e-001
 4.1585019e-001
 4.1546211e-001
 4.1394457e-001
 4.1147435e-001
 4.0908524e-001
 4.0838102e-001
 4.0987897e-001
 4.1183427e-001
 4.1382608e-001
 4.1625896e-001
 4.1858265e-001
 4.2073178e-001
 4.2253745e-001
 4.2376658e-001
 4.2302755e-001
 4.2155385e-001
 4.2102194e-001
 4.2157188e-001
 4.2249340e-001
 4.2338166e-001
 4.2395762e-001
 4.2431831e-001
 4.2434442e-001
 4.2416063e-001
 4.2402881e-001
 4.2344910e-001
 4.2217323e-001
 4.1979876e-001
 4.1435054e-001
 4.0540510e-001
 4.0879282e-001
 3.9598790e-001
 3.7820160e-001
 3.5837451e-001
 3.4233361e-001
 3.3256230e-001
 3.2752192e-001
 3.2497159e-001
 3.2333416e-001
 3.2227889e-001
 3.2184240e-001
 3.2189342e-001
 3.2276994e-001
 3.2483822e-001
 3.2764280e-001
 3.2965595e-001
 3.2834536e-001
 3.2035062e-001
 3.1474176e-001
 3.1733647e-001
 3.1875232e-001
 3.1507397e-001
 2.9893231e-001
 2.7620754e-001
 2.5469896e-001
 2.5433895e-001
 2.7793711e-001
 2.8954783e-001
 2.8918672e-001
 2.8505173e-001
 2.8101298e-001
 2.8050709e-001
 2.7909723e-001
 2.7785236e-001
 2.8417504e-001
 2.9205862e-001
 2.9838291e-001
 3.0459112e-001
 3.1136045e-001
 3.1768501e-001
 3.1950665e-001
 3.1793344e-001
 3.1506604e-001
 3.1235901e-001
 3.0652633e-001
 2.9989815e-001
 2.9407337e-001
 2.8676587e-001
 2.7731657e-001
 2.6743495e-001
 2.5699976e-001
 2.4878803e-001
 2.4315567e-001
 2.3888834e-001
 2.3392236e-001
 2.2722580e-001
 2.1843103e-001
 2.1163431e-001
 2.0839307e-001
 2.0474508e-001
 2.0131610e-001
 1.9846602e-001
 1.9665009e-001
 1.9402809e-001
