s07_AV97 Record=2557: Pectolite NMNH94865.a         BECKb AREF
 4.3873879e-001
 4.9881595e-001
 5.5372453e-001
 6.0005987e-001
 6.3594204e-001
 6.6307664e-001
 6.8135619e-001
 6.9314605e-001
 7.0256484e-001
 7.0948726e-001
 7.1479487e-001
 7.1897584e-001
 7.2237188e-001
 7.2579521e-001
 7.2943771e-001
 7.3257917e-001
 7.3634672e-001
 7.3994422e-001
 7.4152911e-001
 7.4256957e-001
 7.4356472e-001
 7.4710000e-001
 7.5021267e-001
 7.5025308e-001
 7.4904221e-001
 7.4926132e-001
 7.5080860e-001
 7.5199723e-001
 7.5367922e-001
 7.5399673e-001
 7.5416076e-001
 7.5535083e-001
 7.5402296e-001
 7.5505656e-001
 7.5674373e-001
 7.5791895e-001
 7.5990820e-001
 7.6123357e-001
 7.6203442e-001
 7.6443988e-001
 7.6522022e-001
 7.6651067e-001
 7.6813763e-001
 7.6943541e-001
 7.7114880e-001
 7.7136695e-001
 7.7192932e-001
 7.7159625e-001
 7.7118605e-001
 7.7131587e-001
 7.7382183e-001
 7.7585399e-001
 7.7515954e-001
 7.7501905e-001
 7.7236706e-001
 7.7109349e-001
 7.7749914e-001
 7.7468336e-001
 7.7328658e-001
 7.7008706e-001
 7.7033538e-001
 7.6834977e-001
 7.6593912e-001
 7.6668215e-001
 7.6825833e-001
 7.6622415e-001
 7.6598537e-001
 7.6629812e-001
 7.6412868e-001
 7.6184559e-001
 7.6196676e-001
 7.6076609e-001
 7.5897527e-001
 7.5972527e-001
 7.5831109e-001
 7.5831062e-001
 7.5653040e-001
 7.5677592e-001
 7.5486386e-001
 7.5390744e-001
 7.5227714e-001
 7.5224203e-001
 7.5163937e-001
 7.5196981e-001
 7.5173843e-001
 7.4940109e-001
 7.4843985e-001
 7.5323105e-001
 7.5063968e-001
 7.5107235e-001
 7.5241601e-001
 7.5181812e-001
 7.5217521e-001
 7.5287348e-001
 7.5535077e-001
 7.5488430e-001
 7.5435537e-001
 7.5517684e-001
 7.5512064e-001
 7.5611502e-001
 7.5648171e-001
 7.5562674e-001
 7.5665039e-001
 7.5600910e-001
 7.5605553e-001
 7.5638396e-001
 7.5483191e-001
 7.5399882e-001
 7.5435692e-001
 7.5240117e-001
 7.5168264e-001
 7.4980932e-001
 7.4768323e-001
 7.4433768e-001
 7.4248028e-001
 7.4021542e-001
 7.3675001e-001
 7.3413837e-001
 7.2983634e-001
 7.2647792e-001
 7.2185349e-001
 7.1635294e-001
 7.1050084e-001
 7.0687973e-001
 6.9972521e-001
 6.9438988e-001
 6.8920225e-001
 6.8321431e-001
 6.7568558e-001
 6.6922033e-001
 6.6104066e-001
 6.5233743e-001
 6.4518720e-001
 6.3618654e-001
 6.2894291e-001
 6.1795861e-001
 6.0835892e-001
 5.9915322e-001
 5.8931708e-001
 5.7855034e-001
 5.7224101e-001
 5.6222236e-001
 5.5091023e-001
 5.3951156e-001
 5.2725017e-001
 5.1825976e-001
 5.1466274e-001
 5.0591880e-001
 4.9513268e-001
 4.9094659e-001
 4.8344234e-001
 4.7492599e-001
 4.6878138e-001
 4.6143931e-001
 4.5258132e-001
 4.4777513e-001
 4.3713048e-001
 4.2784312e-001
 4.1993472e-001
 4.1044286e-001
 4.1343901e-001
 4.0384009e-001
 3.9312017e-001
 3.8389623e-001
 3.7705263e-001
 3.6759681e-001
 3.5826725e-001
 3.5034272e-001
 3.4303772e-001
 3.3906871e-001
 3.3052444e-001
 3.2448226e-001
 3.1846744e-001
 3.1447798e-001
 3.0880672e-001
 2.9905766e-001
 2.9635063e-001
 2.9195568e-001
 2.8379717e-001
 2.7671227e-001
 2.7289370e-001
 2.6489857e-001
 2.5743747e-001
 2.5257519e-001
 2.4791808e-001
 2.4221839e-001
 2.3846225e-001
 2.3503684e-001
 2.2572750e-001
 2.2248900e-001
 2.1788707e-001
 2.1338774e-001
 2.0630574e-001
 2.0150504e-001
 2.0192650e-001
 1.9719376e-001
 1.9201253e-001
 1.9157955e-001
 1.8879588e-001
 1.8570164e-001
 1.8173192e-001
 1.7763694e-001
 1.7551863e-001
 1.7261238e-001
 1.6873126e-001
 1.6871136e-001
 1.6891848e-001
 1.6407701e-001
 1.6194092e-001
 1.6363305e-001
 1.6061190e-001
 1.5826872e-001
 1.5758644e-001
 1.5683088e-001
 1.5547113e-001
 1.5375304e-001
 1.5208989e-001
 1.5088721e-001
 1.5019585e-001
 1.4967006e-001
 1.4920245e-001
 1.4861003e-001
 1.4771396e-001
 1.4640772e-001
