s07_AV97 Record=2617: Pigeonite HS199.3B            BECKc AREF
 1.2161832e-001
 1.2638114e-001
 1.3196622e-001
 1.3590769e-001
 1.3950850e-001
 1.4236528e-001
 1.4471519e-001
 1.4800985e-001
 1.5022719e-001
 1.5380329e-001
 1.5649886e-001
 1.5728310e-001
 1.6036028e-001
 1.6197848e-001
 1.6284136e-001
 1.6559900e-001
 1.6795743e-001
 1.7005523e-001
 1.7087227e-001
 1.7164093e-001
 1.7350765e-001
 1.7455645e-001
 1.7559640e-001
 1.7590725e-001
 1.7633836e-001
 1.7695345e-001
 1.7753071e-001
 1.7815167e-001
 1.7789628e-001
 1.7833658e-001
 1.7878100e-001
 1.7957757e-001
 1.7867963e-001
 1.7935529e-001
 1.8017729e-001
 1.8073003e-001
 1.8260993e-001
 1.8214121e-001
 1.8369269e-001
 1.8398233e-001
 1.8470317e-001
 1.8547671e-001
 1.8488348e-001
 1.8574299e-001
 1.8504763e-001
 1.8527082e-001
 1.8409160e-001
 1.8417805e-001
 1.8203467e-001
 1.7999941e-001
 1.7525692e-001
 1.7199689e-001
 1.7326395e-001
 1.7455530e-001
 1.7157288e-001
 1.6739804e-001
 1.6593602e-001
 1.6304880e-001
 1.6086324e-001
 1.6235897e-001
 1.5654549e-001
 1.5830299e-001
 1.5460490e-001
 1.5718979e-001
 1.5478529e-001
 1.5444568e-001
 1.5505339e-001
 1.5326998e-001
 1.5355904e-001
 1.5394719e-001
 1.5584600e-001
 1.5494615e-001
 1.5729441e-001
 1.5796015e-001
 1.5837914e-001
 1.5926151e-001
 1.5944262e-001
 1.6269851e-001
 1.6447687e-001
 1.6622156e-001
 1.6681401e-001
 1.6858453e-001
 1.6905260e-001
 1.7203468e-001
 1.7175153e-001
 1.7306955e-001
 1.7445539e-001
 1.7391938e-001
 1.7540286e-001
 1.7719913e-001
 1.7752938e-001
 1.7858641e-001
 1.8027434e-001
 1.8037628e-001
 1.8122497e-001
 1.8303883e-001
 1.8067276e-001
 1.8230030e-001
 1.8447435e-001
 1.8460236e-001
 1.8515182e-001
 1.8740487e-001
 1.8847741e-001
 1.8955493e-001
 1.8985598e-001
 1.9174407e-001
 1.9254789e-001
 1.9375961e-001
 1.9502842e-001
 1.9615448e-001
 1.9578834e-001
 1.9438726e-001
 1.9611812e-001
 1.9859061e-001
 2.0052275e-001
 2.0188335e-001
 2.0239761e-001
 2.0415084e-001
 2.0324902e-001
 2.0361201e-001
 2.0506307e-001
 2.0458515e-001
 2.0488659e-001
 2.0429453e-001
 2.0395295e-001
 2.0673716e-001
 2.0420946e-001
 2.0541227e-001
 2.0442374e-001
 2.0359054e-001
 2.0331106e-001
 2.0376028e-001
 2.0186765e-001
 2.0048419e-001
 1.9999622e-001
 2.0011939e-001
 1.9795576e-001
 1.9876701e-001
 1.9596522e-001
 1.9689229e-001
 1.9381298e-001
 1.9533715e-001
 1.9462207e-001
 1.9308665e-001
 1.8924652e-001
 1.9108136e-001
 1.8991208e-001
 1.8952329e-001
 1.8886937e-001
 1.8883748e-001
 1.8628564e-001
 1.8461964e-001
 1.8526207e-001
 1.8562140e-001
 1.8413416e-001
 1.8054123e-001
 1.8226072e-001
 1.8120584e-001
 1.8158495e-001
 1.8068573e-001
 1.8156515e-001
 1.7890961e-001
 1.7603561e-001
 1.7631887e-001
 1.7792626e-001
 1.7425238e-001
 1.7631614e-001
 1.7611326e-001
 1.7538430e-001
 1.7401963e-001
 1.7533262e-001
 1.7745747e-001
 1.7421807e-001
 1.7597157e-001
 1.7679827e-001
 1.7660640e-001
 1.7654529e-001
 1.7696108e-001
 1.7791973e-001
 1.7420371e-001
 1.7308091e-001
 1.7423154e-001
 1.7501260e-001
 1.7725667e-001
 1.7610806e-001
 1.7854652e-001
 1.8144941e-001
 1.7952068e-001
 1.7693192e-001
 1.7712262e-001
 1.8034172e-001
 1.7749301e-001
 1.7609206e-001
 1.7775957e-001
 1.8094932e-001
 1.8006204e-001
 1.7955047e-001
 1.8170273e-001
 1.8241985e-001
 1.8143465e-001
 1.7869548e-001
 1.8129690e-001
 1.8063621e-001
 1.8003231e-001
 1.8350719e-001
 1.8197484e-001
 1.7939985e-001
 1.8013494e-001
 1.8574072e-001
 1.8434270e-001
 1.8842797e-001
 1.9442554e-001
 1.9237146e-001
 1.9013293e-001
 1.9055647e-001
 1.9253518e-001
 1.9453532e-001
 1.9516729e-001
 1.9506343e-001
 1.9567519e-001
 1.9798388e-001
 2.0097764e-001
 2.0324844e-001
 2.0388114e-001
