s07_AV97 Record=1602: Hypersthene PYX02.b 120um   NIC4cbb RREF
-1.2300000e+034
-1.2300000e+034
-1.2300000e+034
-1.2300000e+034
-1.2300000e+034
-1.2300000e+034
-1.2300000e+034
-1.2300000e+034
-1.2300000e+034
-1.2300000e+034
-1.2300000e+034
-1.2300000e+034
-1.2300000e+034
-1.2300000e+034
-1.2300000e+034
-1.2300000e+034
-1.2300000e+034
-1.2300000e+034
-1.2300000e+034
-1.2300000e+034
-1.2300000e+034
-1.2300000e+034
-1.2300000e+034
-1.2300000e+034
-1.2300000e+034
-1.2300000e+034
-1.2300000e+034
-1.2300000e+034
-1.2300000e+034
-1.2300000e+034
-1.2300000e+034
-1.2300000e+034
-1.2300000e+034
-1.2300000e+034
-1.2300000e+034
-1.2300000e+034
-1.2300000e+034
-1.2300000e+034
-1.2300000e+034
-1.2300000e+034
-1.2300000e+034
-1.2300000e+034
-1.2300000e+034
-1.2300000e+034
-1.2300000e+034
-1.2300000e+034
-1.2300000e+034
-1.2300000e+034
-1.2300000e+034
-1.2300000e+034
-1.2300000e+034
-1.2300000e+034
-1.2300000e+034
-1.2300000e+034
-1.2300000e+034
-1.2300000e+034
-1.2300000e+034
-1.2300000e+034
-1.2300000e+034
-1.2300000e+034
-1.2300000e+034
-1.2300000e+034
-1.2300000e+034
-1.2300000e+034
-1.2300000e+034
-1.2300000e+034
-1.2300000e+034
-1.2300000e+034
-1.2300000e+034
-1.2300000e+034
-1.2300000e+034
-1.2300000e+034
-1.2300000e+034
-1.2300000e+034
-1.2300000e+034
-1.2300000e+034
-1.2300000e+034
-1.2300000e+034
-1.2300000e+034
-1.2300000e+034
-1.2300000e+034
-1.2300000e+034
-1.2300000e+034
-1.2300000e+034
-1.2300000e+034
-1.2300000e+034
-1.2300000e+034
-1.2300000e+034
-1.2300000e+034
-1.2300000e+034
-1.2300000e+034
-1.2300000e+034
-1.2300000e+034
-1.2300000e+034
-1.2300000e+034
-1.2300000e+034
-1.2300000e+034
-1.2300000e+034
-1.2300000e+034
-1.2300000e+034
-1.2300000e+034
-1.2300000e+034
-1.2300000e+034
-1.2300000e+034
-1.2300000e+034
-1.2300000e+034
-1.2300000e+034
-1.2300000e+034
-1.2300000e+034
-1.2300000e+034
-1.2300000e+034
-1.2300000e+034
-1.2300000e+034
-1.2300000e+034
-1.2300000e+034
-1.2300000e+034
-1.2300000e+034
-1.2300000e+034
-1.2300000e+034
-1.2300000e+034
-1.2300000e+034
-1.2300000e+034
-1.2300000e+034
-1.2300000e+034
-1.2300000e+034
-1.2300000e+034
-1.2300000e+034
-1.2300000e+034
-1.2300000e+034
-1.2300000e+034
-1.2300000e+034
-1.2300000e+034
-1.2300000e+034
-1.2300000e+034
 2.5879586e-001
 2.5825712e-001
 2.5753030e-001
 2.5683174e-001
 2.5604558e-001
 2.5513929e-001
 2.5411129e-001
 2.5319216e-001
 2.5231960e-001
 2.5140044e-001
 2.5061688e-001
 2.4987584e-001
 2.4915971e-001
 2.4840292e-001
 2.4774733e-001
 2.4719308e-001
 2.4680920e-001
 2.4652395e-001
 2.4635534e-001
 2.4630927e-001
 2.4636672e-001
 2.4646774e-001
 2.4673067e-001
 2.4712786e-001
 2.4747643e-001
 2.4827647e-001
 2.4798749e-001
 2.4877921e-001
 2.4950381e-001
 2.5065613e-001
 2.5204664e-001
 2.5362724e-001
 2.5517476e-001
 2.5680056e-001
 2.5844115e-001
 2.6029733e-001
 2.6244310e-001
 2.6470363e-001
 2.6719347e-001
 2.6972404e-001
 2.7236465e-001
 2.7496994e-001
 2.7754489e-001
 2.8019509e-001
 2.8281188e-001
 2.8543890e-001
 2.8815380e-001
 2.9106942e-001
 2.9403663e-001
 2.9704279e-001
 3.0007288e-001
 3.0293751e-001
 3.0577645e-001
 3.0850032e-001
 3.1109095e-001
 3.1344512e-001
 3.1569591e-001
 3.1791076e-001
 3.2006469e-001
 3.2217786e-001
 3.2430702e-001
 3.2630908e-001
 3.2825178e-001
 3.2988220e-001
 3.3119583e-001
 3.3181256e-001
 3.3172020e-001
 3.2975090e-001
 3.2939470e-001
 3.2692149e-001
 3.2775539e-001
 3.3318409e-001
 3.3708861e-001
 3.3948633e-001
 3.4114912e-001
 3.4202126e-001
 3.4153989e-001
 3.4112141e-001
 3.4271875e-001
 3.4488043e-001
 3.4567526e-001
 3.4561756e-001
 3.4570318e-001
 3.4579414e-001
 3.4594154e-001
 3.4603351e-001
 3.4678841e-001
 3.4730273e-001
 3.4750658e-001
 3.4794062e-001
