s07_AV97 Record=3457: Vesuvianite HS446.1B Idocras ASDFRa AREF
 3.1570306e-001
 3.2883224e-001
 3.4647512e-001
 3.6629051e-001
 3.8985252e-001
 4.1659293e-001
 4.4486335e-001
 4.7256926e-001
 4.9854878e-001
 5.2136058e-001
 5.4091579e-001
 5.5789381e-001
 5.7162690e-001
 5.8365953e-001
 5.9397238e-001
 6.0298091e-001
 6.1085862e-001
 6.1841077e-001
 6.2557197e-001
 6.3243496e-001
 6.3935477e-001
 6.4839613e-001
 6.5057731e-001
 6.5060061e-001
-1.2300000e+034
 6.7266679e-001
 6.7273271e-001
 6.7385352e-001
 6.7557001e-001
 6.7944443e-001
 6.8227088e-001
 6.8463999e-001
 6.8192536e-001
 6.8414819e-001
 6.8645000e-001
 6.8819046e-001
 6.8941444e-001
 6.9079328e-001
 6.9188666e-001
 6.9279259e-001
 6.9355422e-001
 6.9464272e-001
 6.9573587e-001
 6.9699782e-001
 6.9838905e-001
 6.9919682e-001
 7.0001119e-001
 7.0119762e-001
 7.0259011e-001
 7.0361733e-001
 7.0447797e-001
 7.0523012e-001
 7.0596963e-001
 7.0614123e-001
 7.0624518e-001
 7.0645899e-001
 7.0614529e-001
 7.0544106e-001
 7.0431918e-001
 7.0340270e-001
 7.0301008e-001
 7.0479703e-001
 7.0822108e-001
 7.1239227e-001
 7.1547657e-001
 7.1800989e-001
 7.2015321e-001
 7.2162008e-001
 7.2237158e-001
 7.2109681e-001
 7.2080553e-001
 7.2033995e-001
 7.1976185e-001
 7.1937108e-001
 7.1911317e-001
 7.1969187e-001
 7.2039860e-001
 7.2097731e-001
 7.2156084e-001
 7.2204930e-001
 7.2308630e-001
 7.2428113e-001
 7.2475398e-001
 7.2543293e-001
 7.2609812e-001
 7.2632056e-001
 7.2696257e-001
 7.2798520e-001
 7.2893292e-001
 7.3003572e-001
 7.3151255e-001
 7.3280853e-001
 7.3396724e-001
 7.3563129e-001
 7.3694330e-001
 7.3856360e-001
 7.3619151e-001
 7.3785359e-001
 7.3950905e-001
 7.4142236e-001
 7.4292439e-001
 7.4404037e-001
 7.4528563e-001
 7.4640608e-001
 7.4737561e-001
 7.4882227e-001
 7.5048125e-001
 7.5166321e-001
 7.5024480e-001
 7.4775809e-001
 7.4053556e-001
 7.3506308e-001
 7.3476619e-001
 7.3168105e-001
 7.2458506e-001
 7.3026472e-001
 7.3851275e-001
 7.4189675e-001
 7.4275386e-001
 7.4310017e-001
 7.4369669e-001
 7.4476945e-001
 7.4524045e-001
 7.4625576e-001
 7.4677134e-001
 7.4842417e-001
 7.4951357e-001
 7.5152081e-001
 7.5285196e-001
 7.5360900e-001
 7.5412470e-001
 7.5502419e-001
 7.5531870e-001
 7.5449663e-001
 7.5272495e-001
 7.5106835e-001
 7.4923873e-001
 7.4621278e-001
 7.4283701e-001
 7.4022371e-001
 7.3664451e-001
 7.3255980e-001
 7.2908765e-001
 7.2555113e-001
 7.2187257e-001
 7.1797293e-001
 7.1426934e-001
 7.1104401e-001
 7.0969951e-001
 7.0743978e-001
 7.0607853e-001
 7.0543820e-001
 7.0453554e-001
 7.0320147e-001
 7.0210552e-001
 7.0118767e-001
 7.0056295e-001
 7.0071900e-001
 7.0046943e-001
 6.9680327e-001
 6.9796419e-001
 6.9563848e-001
 6.9170344e-001
 6.8596786e-001
 6.8087345e-001
 6.7722279e-001
 6.7683107e-001
 6.7675835e-001
 6.7648554e-001
 6.7524940e-001
 6.7522800e-001
 6.7601138e-001
 6.7647880e-001
 6.7767608e-001
 6.7840075e-001
 6.7850947e-001
 6.7963022e-001
 6.8169320e-001
 6.8240988e-001
 6.8260020e-001
 6.8313652e-001
 6.8295586e-001
 6.8217188e-001
 6.8122876e-001
 6.7948085e-001
 6.7691773e-001
 6.7291242e-001
 6.6971976e-001
 6.6821975e-001
 6.6572946e-001
 6.6133994e-001
 6.5429711e-001
 6.4138710e-001
 6.2481296e-001
 6.1850011e-001
 6.2195110e-001
 6.2527359e-001
 6.2687689e-001
 6.2540334e-001
 6.2523013e-001
 6.2404788e-001
 6.2186855e-001
 6.1665457e-001
 6.1438167e-001
 6.1119968e-001
 6.0425049e-001
 5.9013295e-001
 5.7586318e-001
 5.6876504e-001
 5.7152575e-001
 5.7515156e-001
 5.7585216e-001
 5.7512486e-001
 5.7513154e-001
 5.7165152e-001
 5.6863672e-001
 5.6583565e-001
 5.6622672e-001
 5.6465286e-001
 5.6440324e-001
 5.6251580e-001
 5.6324726e-001
 5.6572896e-001
-1.2300000e+034
