s07_AV97 Record=2234: Muscovite GDS113a Ruby       ASDNGa AREF
 5.5303979e-001
 5.7972676e-001
 6.0582888e-001
 6.3220501e-001
 6.5329611e-001
 6.6979688e-001
 6.8852824e-001
 7.0289284e-001
 7.1591312e-001
 7.2800881e-001
 7.3446846e-001
 7.4206668e-001
 7.5324774e-001
 7.5294507e-001
 7.4625462e-001
 7.4684972e-001
 7.4885529e-001
 7.5067019e-001
 7.5316769e-001
 7.5554258e-001
 7.5820947e-001
 7.6284611e-001
 7.7028602e-001
 7.7906781e-001
 7.8834993e-001
 7.9721713e-001
 8.0531293e-001
 8.1285375e-001
 8.2000339e-001
 8.2664239e-001
 8.3276969e-001
 8.3860642e-001
 8.3181667e-001
 8.3749974e-001
 8.4302747e-001
 8.4826958e-001
 8.5300392e-001
 8.5713565e-001
 8.6060226e-001
 8.6326665e-001
 8.6507517e-001
 8.6653620e-001
 8.6699790e-001
 8.6650205e-001
 8.6527801e-001
 8.6360323e-001
 8.6157501e-001
 8.5925555e-001
 8.5680610e-001
 8.5439658e-001
 8.5216576e-001
 8.5020077e-001
 8.4860545e-001
 8.4739888e-001
 8.4665817e-001
 8.4641492e-001
 8.4662467e-001
 8.4721601e-001
 8.4820729e-001
 8.4967798e-001
 8.5150087e-001
 8.5305655e-001
 8.5234219e-001
 8.5018545e-001
 8.5526991e-001
 8.6006838e-001
 8.6184371e-001
 8.6278540e-001
 8.6357635e-001
 8.6419630e-001
 8.6476272e-001
 8.6516660e-001
 8.6572266e-001
 8.6623657e-001
 8.6683655e-001
 8.6752319e-001
 8.6834443e-001
 8.6930740e-001
 8.7043208e-001
 8.7171429e-001
 8.7315130e-001
 8.7468815e-001
 8.7630606e-001
 8.7797320e-001
 8.7965238e-001
 8.8143927e-001
 8.8345104e-001
 8.8569421e-001
 8.8807201e-001
 8.9038575e-001
 8.9251888e-001
 8.9475727e-001
 8.9611357e-001
 8.9753884e-001
 9.0129197e-001
 9.0394545e-001
 8.9928514e-001
 9.0271503e-001
 9.0495783e-001
 9.0596819e-001
 9.0565419e-001
 9.0578276e-001
 9.0618801e-001
 9.0755183e-001
 9.1026741e-001
 9.1398990e-001
 9.1602319e-001
 9.1355819e-001
 9.0792787e-001
 8.9473504e-001
 8.2354206e-001
 7.2540933e-001
 7.1733576e-001
 8.1999981e-001
 8.9541173e-001
 9.1879392e-001
 9.2623758e-001
 9.3064070e-001
 9.3320096e-001
 9.3493378e-001
 9.3627578e-001
 9.3723971e-001
 9.3798691e-001
 9.3868101e-001
 9.3935961e-001
 9.4001311e-001
 9.4095612e-001
 9.4248694e-001
 9.4422597e-001
 9.4571882e-001
 9.4683355e-001
 9.4752032e-001
 9.4781959e-001
 9.4793028e-001
 9.4804859e-001
 9.4815636e-001
 9.4809854e-001
 9.4810241e-001
 9.4817293e-001
 9.4843984e-001
 9.4887567e-001
 9.4917047e-001
 9.4904989e-001
 9.4860810e-001
 9.4815695e-001
 9.4741422e-001
 9.4601035e-001
 9.4472957e-001
 9.4440341e-001
 9.4464660e-001
 9.4481432e-001
 9.4409394e-001
 9.4228387e-001
 9.3893731e-001
 9.3419719e-001
 9.3200374e-001
 9.3422538e-001
 9.3638581e-001
 9.3475300e-001
 9.2927164e-001
 9.3127698e-001
 9.2426986e-001
 9.1444880e-001
 9.0403956e-001
 8.9837736e-001
 8.9734286e-001
 8.9767623e-001
 8.9694595e-001
 8.9469206e-001
 8.9124614e-001
 8.8728505e-001
 8.8352633e-001
 8.8069284e-001
 8.7956607e-001
 8.7929529e-001
 8.7882370e-001
 8.7712187e-001
 8.7501615e-001
 8.7224942e-001
 8.6837280e-001
 8.6248767e-001
 8.5213882e-001
 8.3847558e-001
 8.2655680e-001
 8.1935483e-001
 8.1923956e-001
 8.1903738e-001
 8.1150287e-001
 7.9294521e-001
 7.5599533e-001
 6.8856853e-001
 6.0774010e-001
 5.7518035e-001
 6.1519253e-001
 6.8643957e-001
 7.4110258e-001
 7.6653939e-001
 7.7857852e-001
 7.8539217e-001
 7.9038513e-001
 7.9066330e-001
 7.8421116e-001
 7.6849520e-001
 7.4433219e-001
 7.1617347e-001
 6.8549567e-001
 6.5823299e-001
 6.4655107e-001
 6.5607876e-001
 6.6693407e-001
 6.6837108e-001
 6.6760433e-001
 6.6522688e-001
 6.5210617e-001
 6.3190931e-001
 6.1374605e-001
 6.0483927e-001
 6.0830903e-001
 6.1791378e-001
 6.2891805e-001
 6.3837779e-001
 6.4468670e-001
 6.5077877e-001
-1.2300000e+034
