s07_AV97 Record=253: Alunite HS295.4B             ASDFRa AREF
 2.3087412e-001
 2.5353700e-001
 2.7444500e-001
 2.9059020e-001
 3.0302936e-001
 3.1288478e-001
 3.2096657e-001
 3.2864004e-001
 3.3553988e-001
 3.4174919e-001
 3.4814969e-001
 3.5559011e-001
 3.6483881e-001
 3.7618110e-001
 3.8927370e-001
 4.0388557e-001
 4.1969264e-001
 4.3697062e-001
 4.5588821e-001
 4.7644424e-001
 4.9840015e-001
 5.2076411e-001
 5.4354787e-001
 5.6472892e-001
 5.8395964e-001
 6.0056323e-001
 6.1597931e-001
 6.2958556e-001
 6.4120382e-001
 6.5196520e-001
 6.6223049e-001
 6.7244279e-001
 6.6056901e-001
 6.7056274e-001
 6.7973638e-001
 6.8815589e-001
 6.9579887e-001
 7.0288599e-001
 7.0911902e-001
 7.1381819e-001
 7.1718234e-001
 7.2097749e-001
 7.2355062e-001
 7.2409427e-001
 7.2550648e-001
 7.2878605e-001
 7.3141986e-001
 7.3613042e-001
 7.3896116e-001
 7.3981720e-001
 7.4147719e-001
 7.4388576e-001
 7.4519688e-001
 7.4530727e-001
 7.4525815e-001
 7.4471223e-001
 7.4374348e-001
 7.4296343e-001
 7.4390060e-001
 7.4929953e-001
 7.5231761e-001
 7.5176328e-001
 7.5141966e-001
 7.4909312e-001
 7.4036568e-001
 7.2437340e-001
 7.0377332e-001
 6.8797547e-001
 6.8714827e-001
 7.1362150e-001
 7.4111718e-001
 7.5111765e-001
 7.5425297e-001
 7.5501323e-001
 7.5571185e-001
 7.5572997e-001
 7.5510216e-001
 7.5432760e-001
 7.5361735e-001
 7.5411117e-001
 7.5975329e-001
 7.6319236e-001
 7.6140225e-001
 7.5585258e-001
 7.5024235e-001
 7.4479485e-001
 7.4030256e-001
 7.3312587e-001
 7.2407597e-001
 7.1230692e-001
 6.9440556e-001
 6.7111266e-001
 6.5409642e-001
 6.3404077e-001
 5.9262472e-001
 5.6372207e-001
 6.1935514e-001
 5.6862128e-001
 5.8093864e-001
 6.4123040e-001
 6.7982823e-001
 6.8304008e-001
 6.6557086e-001
 6.3693440e-001
 6.0074496e-001
 5.8314872e-001
 5.8213174e-001
 5.9194952e-001
 5.9574127e-001
 5.7870394e-001
 5.4631019e-001
 4.8547721e-001
 3.9491788e-001
 2.3942679e-001
 2.3511785e-001
 2.8183928e-001
 2.4887007e-001
 2.1847974e-001
 1.5825012e-001
 1.8185261e-001
 2.8031316e-001
 3.2378313e-001
 3.7089667e-001
 3.9532134e-001
 4.0316936e-001
 4.1037557e-001
 4.1308296e-001
 4.1287598e-001
 4.1029397e-001
 4.0676272e-001
 4.0382931e-001
 4.0225494e-001
 4.0041649e-001
 3.9905566e-001
 3.9560983e-001
 3.9065704e-001
 3.8447618e-001
 3.7574044e-001
 3.6526081e-001
 3.5549662e-001
 3.4463555e-001
 3.3454642e-001
 3.2147864e-001
 2.9911926e-001
 2.6640195e-001
 2.3169997e-001
 2.0352219e-001
 1.8816678e-001
 1.9424708e-001
 2.2403820e-001
 2.7235815e-001
 3.0161974e-001
 3.0935565e-001
 3.0911896e-001
 3.0547971e-001
 2.9986721e-001
 2.9335174e-001
 2.8416359e-001
 2.7077872e-001
 2.5251344e-001
 2.6040810e-001
 2.3984712e-001
 2.1684231e-001
 1.9335872e-001
 1.7462648e-001
 1.6395552e-001
 1.5827923e-001
 1.5322605e-001
 1.4871968e-001
 1.4879431e-001
 1.4995061e-001
 1.4450568e-001
 1.3495414e-001
 1.2930971e-001
 1.2905359e-001
 1.2798043e-001
 1.2428596e-001
 1.1999188e-001
 1.1651739e-001
 1.1611062e-001
 1.1642858e-001
 1.1307532e-001
 1.0443534e-001
 9.0564266e-002
 7.3273912e-002
 6.0315128e-002
 5.3130202e-002
 4.7519512e-002
 4.4111300e-002
 4.4326942e-002
 4.5464315e-002
 5.1897544e-002
 6.0764890e-002
 5.8742847e-002
 8.6661823e-002
 1.2502219e-001
 1.4118943e-001
 1.4590840e-001
 1.4575759e-001
 1.4422986e-001
 1.4092319e-001
 1.3464999e-001
 1.2199818e-001
 9.8393522e-002
 7.9549551e-002
 7.9895645e-002
 9.4284549e-002
 1.0516565e-001
 1.0551009e-001
 9.6286967e-002
 7.9763822e-002
 6.3873172e-002
 5.4411072e-002
 4.9977090e-002
 4.5636415e-002
 4.2222545e-002
 4.0764451e-002
 4.3298788e-002
 4.1867130e-002
 3.8469970e-002
 4.1229732e-002
 4.1634236e-002
 3.6119554e-002
-1.2300000e+034
