s07_AV97 Record=1428: Halloysite NMNH106237         BECKa AREF
 7.3018318e-001
 7.4320453e-001
 7.5488162e-001
 7.6607931e-001
 7.7721602e-001
 7.8643233e-001
 7.9258096e-001
 7.9985815e-001
 8.0692238e-001
 8.1388730e-001
 8.2087249e-001
 8.2798910e-001
 8.3481103e-001
 8.4093523e-001
 8.4716576e-001
 8.5390657e-001
 8.5916466e-001
 8.6459905e-001
 8.7038696e-001
 8.7499255e-001
 8.7963873e-001
 8.8321835e-001
 8.8675481e-001
 8.9010853e-001
 8.9258236e-001
 8.9560473e-001
 8.9876723e-001
 9.0059733e-001
 9.0219730e-001
 9.0386856e-001
 9.0617383e-001
 9.0817767e-001
 9.0593046e-001
 9.0772623e-001
 9.0916449e-001
 9.1120249e-001
 9.1271174e-001
 9.1416109e-001
 9.1560161e-001
 9.1489035e-001
 9.1604191e-001
 9.1827708e-001
 9.2172396e-001
 9.2373753e-001
 9.2341453e-001
 9.2448872e-001
 9.2588884e-001
 9.2646646e-001
 9.2525816e-001
 9.2583311e-001
 9.2865908e-001
 9.2454582e-001
 9.2042315e-001
 9.2137641e-001
 9.2435169e-001
 9.2150563e-001
 9.2001176e-001
 9.1640294e-001
 9.1067672e-001
 9.0462583e-001
 9.0272814e-001
 8.8526511e-001
 8.7988514e-001
 8.7452090e-001
 8.8471180e-001
 8.9950907e-001
 9.0544629e-001
 9.0831137e-001
 9.0670955e-001
 9.0680325e-001
 9.0892845e-001
 9.0838510e-001
 9.1005963e-001
 9.0762788e-001
 9.0851128e-001
 9.0826410e-001
 9.0787613e-001
 9.0761131e-001
 9.0511233e-001
 9.0580606e-001
 9.0501231e-001
 9.0242207e-001
 8.9808297e-001
 8.9280808e-001
 8.9011914e-001
 8.9194912e-001
 8.9360809e-001
 8.9247864e-001
 8.9213580e-001
 8.8956624e-001
 8.8564026e-001
 8.7836117e-001
 8.7190235e-001
 8.7441111e-001
 8.7792724e-001
 8.7771332e-001
 8.7563396e-001
 8.7851530e-001
 8.7363350e-001
 8.5894150e-001
 8.4107935e-001
 8.2466036e-001
 8.1620777e-001
 8.0782622e-001
 8.0044717e-001
 7.8585434e-001
 7.5729001e-001
 7.2321457e-001
 6.6143328e-001
 5.6578434e-001
 5.5326796e-001
 5.6035566e-001
 5.3754485e-001
 6.4589095e-001
 6.9948471e-001
 7.2630137e-001
 7.4398649e-001
 7.5358087e-001
 7.6552850e-001
 7.7873683e-001
 7.8770036e-001
 7.9614836e-001
 8.0344421e-001
 8.1167072e-001
 8.1661749e-001
 8.1925058e-001
 8.2230002e-001
 8.2546121e-001
 8.2815212e-001
 8.2814902e-001
 8.3063579e-001
 8.3134425e-001
 8.3145171e-001
 8.3147550e-001
 8.3116317e-001
 8.3129019e-001
 8.3017641e-001
 8.3005172e-001
 8.2435471e-001
 8.2392812e-001
 8.2125324e-001
 8.2168800e-001
 8.1581903e-001
 8.1133604e-001
 8.0903584e-001
 8.0735481e-001
 8.0156070e-001
 7.9436129e-001
 7.8762627e-001
 7.8225809e-001
 7.7591872e-001
 7.7065343e-001
 7.6622391e-001
 7.6573694e-001
 7.6171929e-001
 7.5592172e-001
 7.5696969e-001
 7.4864775e-001
 7.2082913e-001
 6.8062741e-001
 6.9451022e-001
 6.4767963e-001
 5.8726108e-001
 5.3363037e-001
 5.2940792e-001
 5.5492568e-001
 5.7347554e-001
 5.8519191e-001
 5.9496933e-001
 6.0824758e-001
 6.1588949e-001
 6.2652969e-001
 6.3686347e-001
 6.4388901e-001
 6.5100127e-001
 6.5656775e-001
 6.6135073e-001
 6.6012448e-001
 6.5621972e-001
 6.5033805e-001
 6.4563179e-001
 6.4184171e-001
 6.3399887e-001
 6.1906224e-001
 6.1039406e-001
 5.9523928e-001
 5.6263781e-001
 5.1273566e-001
 4.6241343e-001
 4.4015542e-001
 4.3392155e-001
 4.0823835e-001
 3.4709165e-001
 3.2457066e-001
 4.1344023e-001
 4.8751339e-001
 5.0862348e-001
 5.1737869e-001
 5.1795936e-001
 5.1488268e-001
 5.1022512e-001
 4.9847263e-001
 4.7799426e-001
 4.5568040e-001
 4.4078255e-001
 4.3991259e-001
 4.3084580e-001
 4.1368669e-001
 4.0625772e-001
 3.9543822e-001
 3.8099882e-001
 3.7290975e-001
 3.7341380e-001
 3.7001127e-001
 3.6084864e-001
 3.4985459e-001
 3.3894402e-001
 3.2930765e-001
 3.2159740e-001
 3.1333676e-001
 3.0483198e-001
 2.9625803e-001
 2.8794181e-001
 2.8009057e-001
