s07_AV97 Record=1871: Laumontite GDS5 Zeolite      NIC4bb RREF
-1.2300000e+034
-1.2300000e+034
-1.2300000e+034
-1.2300000e+034
-1.2300000e+034
-1.2300000e+034
-1.2300000e+034
-1.2300000e+034
-1.2300000e+034
-1.2300000e+034
-1.2300000e+034
-1.2300000e+034
-1.2300000e+034
-1.2300000e+034
-1.2300000e+034
-1.2300000e+034
-1.2300000e+034
-1.2300000e+034
-1.2300000e+034
-1.2300000e+034
-1.2300000e+034
-1.2300000e+034
-1.2300000e+034
-1.2300000e+034
-1.2300000e+034
-1.2300000e+034
-1.2300000e+034
-1.2300000e+034
-1.2300000e+034
-1.2300000e+034
-1.2300000e+034
-1.2300000e+034
-1.2300000e+034
-1.2300000e+034
-1.2300000e+034
-1.2300000e+034
-1.2300000e+034
-1.2300000e+034
-1.2300000e+034
-1.2300000e+034
-1.2300000e+034
-1.2300000e+034
-1.2300000e+034
-1.2300000e+034
-1.2300000e+034
-1.2300000e+034
-1.2300000e+034
-1.2300000e+034
-1.2300000e+034
-1.2300000e+034
-1.2300000e+034
-1.2300000e+034
-1.2300000e+034
-1.2300000e+034
-1.2300000e+034
-1.2300000e+034
-1.2300000e+034
-1.2300000e+034
-1.2300000e+034
-1.2300000e+034
-1.2300000e+034
-1.2300000e+034
-1.2300000e+034
-1.2300000e+034
-1.2300000e+034
-1.2300000e+034
-1.2300000e+034
-1.2300000e+034
-1.2300000e+034
-1.2300000e+034
-1.2300000e+034
-1.2300000e+034
-1.2300000e+034
-1.2300000e+034
-1.2300000e+034
-1.2300000e+034
-1.2300000e+034
-1.2300000e+034
-1.2300000e+034
-1.2300000e+034
-1.2300000e+034
-1.2300000e+034
-1.2300000e+034
-1.2300000e+034
-1.2300000e+034
-1.2300000e+034
-1.2300000e+034
-1.2300000e+034
-1.2300000e+034
-1.2300000e+034
-1.2300000e+034
-1.2300000e+034
-1.2300000e+034
-1.2300000e+034
-1.2300000e+034
-1.2300000e+034
-1.2300000e+034
-1.2300000e+034
-1.2300000e+034
-1.2300000e+034
-1.2300000e+034
-1.2300000e+034
-1.2300000e+034
-1.2300000e+034
-1.2300000e+034
-1.2300000e+034
-1.2300000e+034
-1.2300000e+034
-1.2300000e+034
-1.2300000e+034
-1.2300000e+034
-1.2300000e+034
-1.2300000e+034
-1.2300000e+034
-1.2300000e+034
-1.2300000e+034
-1.2300000e+034
-1.2300000e+034
-1.2300000e+034
-1.2300000e+034
-1.2300000e+034
-1.2300000e+034
-1.2300000e+034
-1.2300000e+034
-1.2300000e+034
-1.2300000e+034
-1.2300000e+034
-1.2300000e+034
-1.2300000e+034
-1.2300000e+034
-1.2300000e+034
 3.5151261e-001
 3.5945439e-001
 3.6819640e-001
 3.7587303e-001
 3.8277563e-001
 3.8875398e-001
 3.9427727e-001
 3.9922634e-001
 4.0342209e-001
 4.0658313e-001
 4.0859663e-001
 4.0967044e-001
 4.1003090e-001
 4.0977713e-001
 4.0955520e-001
 4.0924239e-001
 4.0854007e-001
 4.0728503e-001
 4.0601492e-001
 4.0525922e-001
 4.0548688e-001
 4.0660179e-001
 4.0785879e-001
 4.0865120e-001
 4.0819800e-001
 4.0494153e-001
 3.9747497e-001
 3.8364753e-001
 3.5960093e-001
 3.6854059e-001
 3.3472791e-001
 2.8487843e-001
 2.3123427e-001
 2.0056103e-001
 2.1506709e-001
 2.5241524e-001
 2.7586618e-001
 2.8561625e-001
 2.9372314e-001
 3.0749720e-001
 3.2547569e-001
 3.4455302e-001
 3.6060917e-001
 3.7198335e-001
 3.7821189e-001
 3.8131276e-001
 3.8658765e-001
 3.9309269e-001
 3.9817482e-001
 4.0194321e-001
 4.0465891e-001
 4.0650541e-001
 4.0744227e-001
 4.0761554e-001
 4.0712124e-001
 4.0615901e-001
 4.0521863e-001
 4.0439898e-001
 4.0386724e-001
 4.0344304e-001
 4.0294355e-001
 4.0252057e-001
 4.0215075e-001
 4.0168148e-001
 4.0123385e-001
 4.0042946e-001
 3.9925084e-001
 3.9769456e-001
 3.9532679e-001
 3.9210498e-001
 3.8799831e-001
 3.8301471e-001
 3.7772131e-001
 3.7170315e-001
 3.6430284e-001
 3.5577181e-001
 3.4615278e-001
 3.3532158e-001
 3.2311612e-001
 3.0999774e-001
 2.9679635e-001
 2.8379333e-001
 2.7104425e-001
 2.5890988e-001
 2.4774577e-001
 2.3860422e-001
 2.3127212e-001
 2.2562629e-001
 2.2103305e-001
 2.1687113e-001
 2.1329151e-001
 2.1049368e-001
 2.0824561e-001
