s07_AV97 Record=3284: Topaz HS184.3B               ASDNGb AREF
 7.1301055e-001
 7.2088778e-001
 7.2891533e-001
 7.3653293e-001
 7.4366832e-001
 7.5098234e-001
 7.5846857e-001
 7.6600677e-001
 7.7322525e-001
 7.7974123e-001
 7.8537971e-001
 7.9049003e-001
 7.9530269e-001
 7.9977697e-001
 8.0410790e-001
 8.0796820e-001
 8.1122094e-001
 8.1392014e-001
 8.1633824e-001
 8.1837964e-001
 8.2009047e-001
 8.2183051e-001
 8.2375842e-001
 8.2562011e-001
 8.2751524e-001
 8.2937306e-001
 8.3109725e-001
 8.3287972e-001
 8.3471912e-001
 8.3658051e-001
 8.3844733e-001
 8.4032869e-001
 8.3811688e-001
 8.3999974e-001
 8.4174824e-001
 8.4500003e-001
 8.4558249e-001
 8.4708774e-001
 8.4862345e-001
 8.5006189e-001
 8.5149348e-001
 8.5356581e-001
 8.5535818e-001
 8.5688281e-001
 8.5843122e-001
 8.5982031e-001
 8.6121511e-001
 8.6233258e-001
 8.6342961e-001
 8.6442566e-001
 8.6525261e-001
 8.6607778e-001
 8.6681724e-001
 8.6761332e-001
 8.6826223e-001
 8.6896658e-001
 8.6984736e-001
 8.7052011e-001
 8.7115210e-001
 8.7161070e-001
 8.7155354e-001
 8.7177926e-001
 8.6917365e-001
 8.6293286e-001
 8.7481195e-001
 8.7870991e-001
 8.8044769e-001
 8.8192606e-001
 8.8269120e-001
 8.8345873e-001
 8.8412607e-001
 8.8456041e-001
 8.8514709e-001
 8.8548917e-001
 8.8562644e-001
 8.8633078e-001
 8.8655317e-001
 8.8713801e-001
 8.8749194e-001
 8.8758379e-001
 8.8774115e-001
 8.8814676e-001
 8.8820279e-001
 8.8800377e-001
 8.8741571e-001
 8.8748676e-001
 8.8794315e-001
 8.8820022e-001
 8.8628501e-001
 8.7624449e-001
 8.8714457e-001
 8.8755560e-001
 8.8821340e-001
 8.8872886e-001
 8.8940561e-001
 8.8964319e-001
 8.8896924e-001
 8.8963860e-001
 8.8896847e-001
 8.8662332e-001
 8.8435107e-001
 8.8320631e-001
 8.8135612e-001
 8.7862563e-001
 8.7079304e-001
 8.5695201e-001
 8.5566926e-001
 8.6119473e-001
 8.5572249e-001
 8.5533410e-001
 8.0977952e-001
 6.4079159e-001
 7.4881363e-001
 8.5353392e-001
 8.7272346e-001
 8.7589908e-001
 8.7819344e-001
 8.7905663e-001
 8.8256550e-001
 8.8599968e-001
 8.8814056e-001
 8.9040703e-001
 8.9233798e-001
 8.9361483e-001
 8.9462864e-001
 8.9521462e-001
 8.9559567e-001
 8.9567858e-001
 8.9524156e-001
 8.9321554e-001
 8.8950336e-001
 8.8710588e-001
 8.8921279e-001
 8.9250851e-001
 8.9335442e-001
 8.9423752e-001
 8.9475083e-001
 8.9310312e-001
 8.7716067e-001
 8.3866489e-001
 8.6626345e-001
 8.8761598e-001
 8.8575029e-001
 8.7857366e-001
 8.7993497e-001
 8.8287967e-001
 8.8286996e-001
 8.8097131e-001
 8.8297760e-001
 8.8582659e-001
 8.8473880e-001
 8.8593942e-001
 8.8815439e-001
 8.8583028e-001
 8.8291860e-001
 8.8069111e-001
 8.8022119e-001
 8.7772638e-001
 8.7404335e-001
 8.6879414e-001
 8.7107807e-001
 8.6133826e-001
 8.4892333e-001
 8.4139508e-001
 8.3682340e-001
 8.3272099e-001
 8.3181763e-001
 8.3183140e-001
 8.3238715e-001
 8.3454192e-001
 8.3972681e-001
 8.4142041e-001
 8.3661920e-001
 8.3324498e-001
 8.3569384e-001
 8.3571249e-001
 8.2600653e-001
 8.0364865e-001
 7.5020796e-001
 6.0274643e-001
 3.3111301e-001
 3.5179716e-001
 5.9018344e-001
 7.0278800e-001
 7.4567372e-001
 7.3434371e-001
 6.7517304e-001
 6.3555235e-001
 6.4385802e-001
 6.7540532e-001
 6.9028950e-001
 7.0641065e-001
 6.9753832e-001
 6.9102198e-001
 7.1405947e-001
 7.5958699e-001
 7.7876168e-001
 7.7122134e-001
 7.1163416e-001
 7.1723014e-001
 7.5869054e-001
 7.5225353e-001
 7.1499747e-001
 6.8657035e-001
 6.6370851e-001
 6.4114225e-001
 6.3528168e-001
 6.3541400e-001
 6.3421959e-001
 6.2073869e-001
 6.1081594e-001
 6.0746700e-001
 5.9460700e-001
 5.7677996e-001
 5.5040050e-001
 5.4233700e-001
 5.4717469e-001
 5.3488529e-001
 4.9832362e-001
 4.6013546e-001
 4.4352415e-001
 4.2128268e-001
 3.8576236e-001
-1.2300000e+034
