s07_AV97 Record=300: Ammonio-Jarosite SCF-NHJ      NIC4a RREF
-1.2300000e+034
-1.2300000e+034
-1.2300000e+034
-1.2300000e+034
-1.2300000e+034
-1.2300000e+034
-1.2300000e+034
-1.2300000e+034
-1.2300000e+034
-1.2300000e+034
-1.2300000e+034
-1.2300000e+034
-1.2300000e+034
-1.2300000e+034
-1.2300000e+034
-1.2300000e+034
-1.2300000e+034
-1.2300000e+034
-1.2300000e+034
-1.2300000e+034
-1.2300000e+034
-1.2300000e+034
-1.2300000e+034
-1.2300000e+034
-1.2300000e+034
-1.2300000e+034
-1.2300000e+034
-1.2300000e+034
-1.2300000e+034
-1.2300000e+034
-1.2300000e+034
-1.2300000e+034
-1.2300000e+034
-1.2300000e+034
-1.2300000e+034
-1.2300000e+034
-1.2300000e+034
-1.2300000e+034
-1.2300000e+034
-1.2300000e+034
-1.2300000e+034
-1.2300000e+034
-1.2300000e+034
-1.2300000e+034
-1.2300000e+034
-1.2300000e+034
-1.2300000e+034
-1.2300000e+034
-1.2300000e+034
-1.2300000e+034
-1.2300000e+034
-1.2300000e+034
-1.2300000e+034
-1.2300000e+034
-1.2300000e+034
-1.2300000e+034
-1.2300000e+034
-1.2300000e+034
-1.2300000e+034
-1.2300000e+034
-1.2300000e+034
-1.2300000e+034
-1.2300000e+034
-1.2300000e+034
-1.2300000e+034
-1.2300000e+034
-1.2300000e+034
-1.2300000e+034
-1.2300000e+034
-1.2300000e+034
-1.2300000e+034
-1.2300000e+034
-1.2300000e+034
-1.2300000e+034
-1.2300000e+034
-1.2300000e+034
-1.2300000e+034
-1.2300000e+034
-1.2300000e+034
-1.2300000e+034
-1.2300000e+034
-1.2300000e+034
-1.2300000e+034
-1.2300000e+034
-1.2300000e+034
-1.2300000e+034
-1.2300000e+034
-1.2300000e+034
-1.2300000e+034
-1.2300000e+034
-1.2300000e+034
-1.2300000e+034
-1.2300000e+034
-1.2300000e+034
-1.2300000e+034
-1.2300000e+034
-1.2300000e+034
-1.2300000e+034
-1.2300000e+034
-1.2300000e+034
-1.2300000e+034
-1.2300000e+034
-1.2300000e+034
-1.2300000e+034
-1.2300000e+034
-1.2300000e+034
 6.1861998e-001
 6.1490393e-001
 6.0863912e-001
 6.0135490e-001
 5.9364098e-001
 5.8481669e-001
 5.7434052e-001
 5.6123960e-001
 5.4693770e-001
 5.3246927e-001
 5.1555473e-001
 5.1091009e-001
 5.1335955e-001
 5.1343447e-001
 5.1523548e-001
 5.1990306e-001
 5.2680832e-001
 5.3395188e-001
 5.3938252e-001
 5.4486424e-001
 5.5401731e-001
 5.6713301e-001
 5.8012313e-001
 5.9182167e-001
 6.0195822e-001
 6.1017895e-001
 6.1643326e-001
 6.2181741e-001
 6.2751800e-001
 6.3446969e-001
 6.4218163e-001
 6.4920163e-001
 6.5486133e-001
 6.5953386e-001
 6.6329694e-001
 6.6701710e-001
 6.7065299e-001
 6.7452300e-001
 6.7806631e-001
 6.8101925e-001
 6.8301868e-001
 6.8399578e-001
 6.8420494e-001
 6.8421161e-001
 6.8442148e-001
 6.8455940e-001
 6.8389648e-001
 6.8253899e-001
 6.7694217e-001
 6.6162330e-001
 6.4801008e-001
 6.4952910e-001
 6.6294158e-001
 6.7348582e-001
 6.7136562e-001
 6.7268872e-001
 6.6479355e-001
 6.5314907e-001
 6.3857228e-001
 6.2147665e-001
 6.1188221e-001
 6.0738230e-001
 5.9820449e-001
 5.8614391e-001
 5.7167274e-001
 5.5359161e-001
 5.3397268e-001
 5.2154249e-001
 5.1904523e-001
 5.2007121e-001
 5.2020687e-001
 5.1888257e-001
 5.1642489e-001
 5.1299268e-001
 5.0741357e-001
 4.9917346e-001
 4.8893657e-001
 4.8105830e-001
 4.7973987e-001
 4.8614699e-001
 4.9708232e-001
 5.0796223e-001
 5.1703370e-001
 5.2404583e-001
 5.2943885e-001
 5.3689581e-001
 5.4587108e-001
 5.5277902e-001
 5.5619210e-001
 5.5643094e-001
 5.4814249e-001
 5.2404505e-001
 5.0474912e-001
 5.1342088e-001
 5.4231477e-001
 5.6655312e-001
 5.9041178e-001
 6.0841131e-001
 6.1680055e-001
 6.1986572e-001
 6.2029934e-001
 6.1776167e-001
 6.1249638e-001
 6.0469121e-001
 5.9491652e-001
 5.8442158e-001
 5.7490700e-001
 5.6737643e-001
 5.6029248e-001
 5.5123585e-001
 5.3967005e-001
 5.2740842e-001
 5.1746827e-001
 5.0859135e-001
 4.9708033e-001
 4.8607534e-001
 4.8134065e-001
 4.7911251e-001
