s07_AV97 Record=1090: Dolomite HS102.1B            ASDNGb AREF
 7.4942237e-001
 7.6486975e-001
 7.8115112e-001
 7.9617959e-001
 8.0931717e-001
 8.2073897e-001
 8.3040667e-001
 8.3847392e-001
 8.4535974e-001
 8.5129160e-001
 8.5661876e-001
 8.6152893e-001
 8.6596251e-001
 8.6992490e-001
 8.7356532e-001
 8.7681597e-001
 8.7975234e-001
 8.8247615e-001
 8.8508451e-001
 8.8747287e-001
 8.8971567e-001
 8.9174318e-001
 8.9382666e-001
 8.9587170e-001
 8.9771688e-001
 8.9946759e-001
 9.0103197e-001
 9.0254968e-001
 9.0375346e-001
 9.0481520e-001
 9.0584648e-001
 9.0666819e-001
 9.0569580e-001
 9.0650207e-001
 9.0738940e-001
 9.0798515e-001
 9.0860540e-001
 9.0911114e-001
 9.0950930e-001
 9.0975809e-001
 9.1009486e-001
 9.1042542e-001
 9.1065383e-001
 9.1086465e-001
 9.1096884e-001
 9.1102546e-001
 9.1130298e-001
 9.1138387e-001
 9.1145706e-001
 9.1141617e-001
 9.1144538e-001
 9.1146165e-001
 9.1147876e-001
 9.1145223e-001
 9.1142142e-001
 9.1136354e-001
 9.1123241e-001
 9.1126049e-001
 9.1135657e-001
 9.1105115e-001
 9.1105151e-001
 9.1079450e-001
 9.1080266e-001
 9.1072744e-001
 9.1055036e-001
 9.1040003e-001
 9.1017801e-001
 9.1011178e-001
 9.1005147e-001
 9.0989661e-001
 9.0993875e-001
 9.0994591e-001
 9.1011208e-001
 9.1026217e-001
 9.1010308e-001
 9.1012526e-001
 9.1031271e-001
 9.1024828e-001
 9.1033584e-001
 9.1047102e-001
 9.1053867e-001
 9.1059452e-001
 9.1077536e-001
 9.1058218e-001
 9.1043639e-001
 9.1038322e-001
 9.1023594e-001
 9.0996093e-001
 9.0980679e-001
 9.0969831e-001
 9.0972602e-001
 9.0976053e-001
 9.0983218e-001
 9.0991437e-001
 9.0969276e-001
 9.0953314e-001
 9.0980047e-001
 9.0967798e-001
 9.0940392e-001
 9.0913826e-001
 9.0907794e-001
 9.0906882e-001
 9.0866786e-001
 9.0867192e-001
 9.0852475e-001
 9.0820616e-001
 9.0876722e-001
 9.0917832e-001
 9.0895659e-001
 9.0913272e-001
 9.0890086e-001
 9.0893626e-001
 9.0870029e-001
 9.0881556e-001
 9.0879840e-001
 9.0899336e-001
 9.0916032e-001
 9.0931183e-001
 9.0955770e-001
 9.0952396e-001
 9.0927631e-001
 9.0950978e-001
 9.0974742e-001
 9.0991956e-001
 9.1030669e-001
 9.1046089e-001
 9.1036558e-001
 9.1049927e-001
 9.1055065e-001
 9.1095006e-001
 9.1066307e-001
 9.1046447e-001
 9.1075587e-001
 9.1086274e-001
 9.1116238e-001
 9.1124576e-001
 9.1142923e-001
 9.1153878e-001
 9.1125882e-001
 9.1131985e-001
 9.1184378e-001
 9.1215599e-001
 9.1235203e-001
 9.1247922e-001
 9.1199523e-001
 9.1079819e-001
 9.1031891e-001
 9.1010904e-001
 9.1022527e-001
 9.1065782e-001
 9.1022742e-001
 9.1084445e-001
 9.1097772e-001
 9.1047961e-001
 9.1038030e-001
 9.1014475e-001
 9.0922445e-001
 9.0873253e-001
 9.0999323e-001
 9.1016507e-001
 9.1022396e-001
 9.0984482e-001
 9.0908402e-001
 9.0730166e-001
 9.0545517e-001
 9.0393937e-001
 9.0317047e-001
 9.0273511e-001
 9.0167153e-001
 9.0104681e-001
 9.0123498e-001
 9.0232557e-001
 9.0400124e-001
 9.0612227e-001
 9.0746170e-001
 9.0937150e-001
 9.1029203e-001
 9.1135854e-001
 9.1281563e-001
 9.1394490e-001
 9.1447794e-001
 9.1467899e-001
 9.1531765e-001
 9.1575801e-001
 9.1535568e-001
 9.1418284e-001
 9.1409737e-001
 9.1312349e-001
 9.1297144e-001
 9.1277504e-001
 9.1152495e-001
 9.0985894e-001
 9.0849221e-001
 9.0676641e-001
 9.0385836e-001
 9.0169269e-001
 8.9856577e-001
 8.9335960e-001
 8.8665718e-001
 8.8165700e-001
 8.7799871e-001
 8.7355614e-001
 8.6784774e-001
 8.6388415e-001
 8.6159718e-001
 8.6579227e-001
 8.7969637e-001
 8.9515376e-001
 9.0408337e-001
 9.0618491e-001
 9.0521616e-001
 9.0275174e-001
 9.0074492e-001
 8.9676619e-001
 8.9236462e-001
 8.8338780e-001
 8.7358052e-001
 8.6110979e-001
 8.5148311e-001
 8.4692544e-001
 8.4139043e-001
 8.3242321e-001
 8.2299447e-001
-1.2300000e+034
