s07_AV97 Record=623: Brucite HS247.2B             ASDFRc AREF
 5.4949170e-001
 5.8972639e-001
 6.2752044e-001
 6.6092628e-001
 6.8765306e-001
 7.0859480e-001
 7.2415012e-001
 7.3796231e-001
 7.5028062e-001
 7.6046711e-001
 7.6790601e-001
 7.7325594e-001
 7.7785647e-001
 7.8189367e-001
 7.8552282e-001
 7.8895694e-001
 7.9311252e-001
 7.9675502e-001
 7.9970884e-001
 8.0245447e-001
 8.0522114e-001
 8.0782151e-001
 8.1011492e-001
 8.1214452e-001
 8.1416065e-001
 8.1598938e-001
 8.1750125e-001
 8.1886405e-001
 8.2015866e-001
 8.2137144e-001
 8.2257736e-001
 8.2376063e-001
 8.2239711e-001
 8.2352769e-001
 8.2459134e-001
 8.2545298e-001
 8.2602143e-001
 8.2631516e-001
 8.2616997e-001
 8.2283670e-001
 8.2442456e-001
 8.2492518e-001
 8.2409704e-001
 8.2289314e-001
 8.2151127e-001
 8.1993228e-001
 8.1829888e-001
 8.1668425e-001
 8.1506735e-001
 8.1361711e-001
 8.1242913e-001
 8.1144279e-001
 8.1070119e-001
 8.1038165e-001
 8.1048930e-001
 8.1090766e-001
 8.1118572e-001
 8.1177288e-001
 8.1190044e-001
 8.0912417e-001
 8.1195092e-001
 8.0800420e-001
 7.8293234e-001
 7.8436774e-001
 8.1108844e-001
 8.1547022e-001
 8.1608438e-001
 8.1643784e-001
 8.1729788e-001
 8.1720114e-001
 8.1780761e-001
 8.1817067e-001
 8.1851304e-001
 8.1931883e-001
 8.1950372e-001
 8.2011837e-001
 8.2105416e-001
 8.2208943e-001
 8.2320189e-001
 8.2358563e-001
 8.2476956e-001
 8.2524920e-001
 8.2581657e-001
 8.2557762e-001
 8.2530522e-001
 8.2519925e-001
 8.2498854e-001
 8.2490855e-001
 8.2498884e-001
 8.2475966e-001
 8.2358068e-001
 8.2141322e-001
 8.1896341e-001
 8.1962162e-001
 8.2070613e-001
 8.2119715e-001
 8.1990504e-001
 8.2167476e-001
 8.1986552e-001
 8.1155932e-001
 7.9785842e-001
 7.9622018e-001
 8.0055922e-001
 7.9896909e-001
 7.9581463e-001
 7.9032695e-001
 7.6927072e-001
 7.1851164e-001
 7.3983759e-001
 6.8625838e-001
 5.4655325e-001
 5.9911251e-001
 7.3089528e-001
 7.6858467e-001
 7.7554619e-001
 7.7877730e-001
 7.8262025e-001
 7.8280348e-001
 7.8715491e-001
 7.9006833e-001
 7.9231972e-001
 7.9535216e-001
 7.9732960e-001
 7.9795545e-001
 7.9846770e-001
 7.9965776e-001
 8.0071634e-001
 8.0076551e-001
 8.0193704e-001
 8.0233055e-001
 8.0271095e-001
 8.0244642e-001
 8.0126208e-001
 7.9984570e-001
 7.9814422e-001
 7.9575223e-001
 7.9410595e-001
 7.9148144e-001
 7.8895438e-001
 7.8614807e-001
 7.8258342e-001
 7.7923465e-001
 7.7572876e-001
 7.7226025e-001
 7.6886857e-001
 7.6452506e-001
 7.6097876e-001
 7.5760323e-001
 7.5434303e-001
 7.5140017e-001
 7.4806303e-001
 7.4453771e-001
 7.3960173e-001
 7.3426789e-001
 7.2996378e-001
 7.2440445e-001
 7.1944678e-001
 7.1357375e-001
 7.0475769e-001
 6.9657344e-001
 6.9985682e-001
 6.9141167e-001
 6.8127000e-001
 6.6958648e-001
 6.5958983e-001
 6.5316498e-001
 6.4692342e-001
 6.4332473e-001
 6.4015180e-001
 6.3776195e-001
 6.3465232e-001
 6.2827295e-001
 6.2028778e-001
 6.1257565e-001
 6.0671145e-001
 6.0408819e-001
 6.0161906e-001
 5.9809703e-001
 5.9579355e-001
 5.9399718e-001
 5.9288621e-001
 5.9139675e-001
 5.8922356e-001
 5.8674896e-001
 5.8341116e-001
 5.8210033e-001
 5.8277476e-001
 5.8094144e-001
 5.7674712e-001
 5.6689215e-001
 5.4820120e-001
 5.2477807e-001
 5.0457627e-001
 4.9220827e-001
 4.8845455e-001
 4.7706163e-001
 4.6462488e-001
 4.5618421e-001
 4.5006937e-001
 4.4621801e-001
 4.4099161e-001
 4.2654708e-001
 4.0083387e-001
 3.7143764e-001
 3.5200721e-001
 3.6253911e-001
 3.9942619e-001
 4.4200423e-001
 4.6547583e-001
 4.7450531e-001
 4.7547653e-001
 4.7140989e-001
 4.5949727e-001
 4.2272609e-001
 3.4445021e-001
 2.7763322e-001
 2.4073564e-001
 2.1100210e-001
 1.8653400e-001
 1.6346951e-001
 1.3605702e-001
 1.4305373e-001
 1.7072694e-001
-1.2300000e+034
