s07_AV97 Record=917: Clinoptilolite GDS2 Zeolite NIC4bbb RREF
-1.2300000e+034
-1.2300000e+034
-1.2300000e+034
-1.2300000e+034
-1.2300000e+034
-1.2300000e+034
-1.2300000e+034
-1.2300000e+034
-1.2300000e+034
-1.2300000e+034
-1.2300000e+034
-1.2300000e+034
-1.2300000e+034
-1.2300000e+034
-1.2300000e+034
-1.2300000e+034
-1.2300000e+034
-1.2300000e+034
-1.2300000e+034
-1.2300000e+034
-1.2300000e+034
-1.2300000e+034
-1.2300000e+034
-1.2300000e+034
-1.2300000e+034
-1.2300000e+034
-1.2300000e+034
-1.2300000e+034
-1.2300000e+034
-1.2300000e+034
-1.2300000e+034
-1.2300000e+034
-1.2300000e+034
-1.2300000e+034
-1.2300000e+034
-1.2300000e+034
-1.2300000e+034
-1.2300000e+034
-1.2300000e+034
-1.2300000e+034
-1.2300000e+034
-1.2300000e+034
-1.2300000e+034
-1.2300000e+034
-1.2300000e+034
-1.2300000e+034
-1.2300000e+034
-1.2300000e+034
-1.2300000e+034
-1.2300000e+034
-1.2300000e+034
-1.2300000e+034
-1.2300000e+034
-1.2300000e+034
-1.2300000e+034
-1.2300000e+034
-1.2300000e+034
-1.2300000e+034
-1.2300000e+034
-1.2300000e+034
-1.2300000e+034
-1.2300000e+034
-1.2300000e+034
-1.2300000e+034
-1.2300000e+034
-1.2300000e+034
-1.2300000e+034
-1.2300000e+034
-1.2300000e+034
-1.2300000e+034
-1.2300000e+034
-1.2300000e+034
-1.2300000e+034
-1.2300000e+034
-1.2300000e+034
-1.2300000e+034
-1.2300000e+034
-1.2300000e+034
-1.2300000e+034
-1.2300000e+034
-1.2300000e+034
-1.2300000e+034
-1.2300000e+034
-1.2300000e+034
-1.2300000e+034
-1.2300000e+034
-1.2300000e+034
-1.2300000e+034
-1.2300000e+034
-1.2300000e+034
-1.2300000e+034
-1.2300000e+034
-1.2300000e+034
-1.2300000e+034
-1.2300000e+034
-1.2300000e+034
-1.2300000e+034
-1.2300000e+034
-1.2300000e+034
-1.2300000e+034
-1.2300000e+034
-1.2300000e+034
-1.2300000e+034
-1.2300000e+034
-1.2300000e+034
-1.2300000e+034
-1.2300000e+034
-1.2300000e+034
-1.2300000e+034
-1.2300000e+034
 4.6289423e-001
 4.2592159e-001
 4.0031540e-001
 3.9848369e-001
 4.1144308e-001
 4.2424092e-001
 4.2913434e-001
 4.2838871e-001
 4.3487006e-001
 4.4540286e-001
 4.5368600e-001
 4.5989907e-001
 4.6491602e-001
 4.6930540e-001
 4.7371247e-001
 4.7845557e-001
 4.8318198e-001
 4.8755983e-001
 4.9155420e-001
 4.9531776e-001
 4.9906734e-001
 5.0317448e-001
 5.0732541e-001
 5.1130593e-001
 5.1482838e-001
 5.1784313e-001
 5.2052033e-001
 5.2315146e-001
 5.2593285e-001
 5.2862561e-001
 5.3093833e-001
 5.3250688e-001
 5.3323013e-001
 5.3329283e-001
 5.3284186e-001
 5.3217340e-001
 5.3120679e-001
 5.3009319e-001
 5.2880967e-001
 5.2740550e-001
 5.2598327e-001
 5.2489948e-001
 5.2434546e-001
 5.2459878e-001
 5.2510685e-001
 5.2460265e-001
 5.2179813e-001
 5.1366585e-001
 4.9402690e-001
 4.5039648e-001
 4.6772325e-001
 3.9848635e-001
 3.1941268e-001
 2.8715441e-001
 3.1047586e-001
 3.5252106e-001
 3.8450238e-001
 4.0399852e-001
 4.1739008e-001
 4.2970961e-001
 4.4260263e-001
 4.5568058e-001
 4.6845764e-001
 4.8022628e-001
 4.9015251e-001
 4.9797866e-001
 5.0370425e-001
 5.0755531e-001
 5.0964916e-001
 5.1048440e-001
 5.1068062e-001
 5.1085275e-001
 5.1137108e-001
 5.1239669e-001
 5.1394594e-001
 5.1554471e-001
 5.1707375e-001
 5.1818693e-001
 5.1843154e-001
 5.1723796e-001
 5.1526773e-001
 5.1436538e-001
 5.1346409e-001
 5.1212347e-001
 5.1093447e-001
 5.0989169e-001
 5.0843608e-001
 5.0680041e-001
 5.0474107e-001
 5.0219619e-001
 4.9905798e-001
 4.9540570e-001
 4.9192300e-001
 4.8861709e-001
 4.8539820e-001
 4.8113042e-001
 4.7515070e-001
 4.6774995e-001
 4.5959139e-001
 4.5066521e-001
 4.4112587e-001
 4.3082869e-001
 4.1971290e-001
 4.0785682e-001
 3.9528358e-001
 3.8220990e-001
 3.6946219e-001
 3.5725939e-001
 3.4578225e-001
 3.3560586e-001
 3.2647783e-001
 3.1848079e-001
 3.1115764e-001
 3.0457047e-001
