s07_AV97 Record=2391: Oligoclase HS110.3B          NIC4bb RREF
-1.2300000e+034
-1.2300000e+034
-1.2300000e+034
-1.2300000e+034
-1.2300000e+034
-1.2300000e+034
-1.2300000e+034
-1.2300000e+034
-1.2300000e+034
-1.2300000e+034
-1.2300000e+034
-1.2300000e+034
-1.2300000e+034
-1.2300000e+034
-1.2300000e+034
-1.2300000e+034
-1.2300000e+034
-1.2300000e+034
-1.2300000e+034
-1.2300000e+034
-1.2300000e+034
-1.2300000e+034
-1.2300000e+034
-1.2300000e+034
-1.2300000e+034
-1.2300000e+034
-1.2300000e+034
-1.2300000e+034
-1.2300000e+034
-1.2300000e+034
-1.2300000e+034
-1.2300000e+034
-1.2300000e+034
-1.2300000e+034
-1.2300000e+034
-1.2300000e+034
-1.2300000e+034
-1.2300000e+034
-1.2300000e+034
-1.2300000e+034
-1.2300000e+034
-1.2300000e+034
-1.2300000e+034
-1.2300000e+034
-1.2300000e+034
-1.2300000e+034
-1.2300000e+034
-1.2300000e+034
-1.2300000e+034
-1.2300000e+034
-1.2300000e+034
-1.2300000e+034
-1.2300000e+034
-1.2300000e+034
-1.2300000e+034
-1.2300000e+034
-1.2300000e+034
-1.2300000e+034
-1.2300000e+034
-1.2300000e+034
-1.2300000e+034
-1.2300000e+034
-1.2300000e+034
-1.2300000e+034
-1.2300000e+034
-1.2300000e+034
-1.2300000e+034
-1.2300000e+034
-1.2300000e+034
-1.2300000e+034
-1.2300000e+034
-1.2300000e+034
-1.2300000e+034
-1.2300000e+034
-1.2300000e+034
-1.2300000e+034
-1.2300000e+034
-1.2300000e+034
-1.2300000e+034
-1.2300000e+034
-1.2300000e+034
-1.2300000e+034
-1.2300000e+034
-1.2300000e+034
-1.2300000e+034
-1.2300000e+034
-1.2300000e+034
-1.2300000e+034
-1.2300000e+034
-1.2300000e+034
-1.2300000e+034
-1.2300000e+034
-1.2300000e+034
-1.2300000e+034
-1.2300000e+034
-1.2300000e+034
-1.2300000e+034
-1.2300000e+034
-1.2300000e+034
-1.2300000e+034
-1.2300000e+034
-1.2300000e+034
-1.2300000e+034
-1.2300000e+034
-1.2300000e+034
-1.2300000e+034
-1.2300000e+034
-1.2300000e+034
-1.2300000e+034
-1.2300000e+034
-1.2300000e+034
-1.2300000e+034
-1.2300000e+034
-1.2300000e+034
-1.2300000e+034
-1.2300000e+034
-1.2300000e+034
-1.2300000e+034
-1.2300000e+034
-1.2300000e+034
-1.2300000e+034
-1.2300000e+034
-1.2300000e+034
-1.2300000e+034
-1.2300000e+034
-1.2300000e+034
-1.2300000e+034
-1.2300000e+034
-1.2300000e+034
-1.2300000e+034
-1.2300000e+034
 6.9705904e-001
 7.0359319e-001
 7.1039867e-001
 7.1641195e-001
 7.2189158e-001
 7.2691292e-001
 7.3198068e-001
 7.3726177e-001
 7.4226856e-001
 7.4640232e-001
 7.5022566e-001
 7.5310367e-001
 7.5586331e-001
 7.5843185e-001
 7.6176155e-001
 7.6488090e-001
 7.6791751e-001
 7.7067733e-001
 7.7276188e-001
 7.7378333e-001
 7.7494395e-001
 7.7604282e-001
 7.7763909e-001
 7.7945894e-001
 7.8139794e-001
 7.8336823e-001
 7.8456283e-001
 7.8389829e-001
 7.8219193e-001
 7.8296238e-001
 7.7928430e-001
 7.7322626e-001
 7.6784736e-001
 7.6531953e-001
 7.6572883e-001
 7.6783478e-001
 7.7031022e-001
 7.7272671e-001
 7.7466267e-001
 7.7678782e-001
 7.7844262e-001
 7.8014916e-001
 7.8255153e-001
 7.8487766e-001
 7.8739113e-001
 7.8991961e-001
 7.9195076e-001
 7.9336673e-001
 7.9415703e-001
 7.9414600e-001
 7.9362148e-001
 7.9300046e-001
 7.9253805e-001
 7.9265541e-001
 7.9346603e-001
 7.9439741e-001
 7.9513103e-001
 7.9557532e-001
 7.9519898e-001
 7.9184967e-001
 7.8607363e-001
 7.8187364e-001
 7.8248996e-001
 7.8583109e-001
 7.8788275e-001
 7.8802836e-001
 7.8823954e-001
 7.8799653e-001
 7.8829008e-001
 7.8789622e-001
 7.8694266e-001
 7.8577232e-001
 7.8398764e-001
 7.8091705e-001
 7.7664006e-001
 7.7259475e-001
 7.6961035e-001
 7.6801378e-001
 7.6945859e-001
 7.7068925e-001
 7.7042598e-001
 7.7007812e-001
 7.6869780e-001
 7.6657039e-001
 7.6393765e-001
 7.6172072e-001
 7.5995672e-001
 7.5920391e-001
 7.5853992e-001
 7.5832742e-001
 7.5781989e-001
 7.5714207e-001
 7.5610322e-001
