s07_AV97 Record=2665: Prochlorite SMR-14.c <30um   NIC4aa RREF
-1.2300000e+034
-1.2300000e+034
-1.2300000e+034
-1.2300000e+034
-1.2300000e+034
-1.2300000e+034
-1.2300000e+034
-1.2300000e+034
-1.2300000e+034
-1.2300000e+034
-1.2300000e+034
-1.2300000e+034
-1.2300000e+034
-1.2300000e+034
-1.2300000e+034
-1.2300000e+034
-1.2300000e+034
-1.2300000e+034
-1.2300000e+034
-1.2300000e+034
-1.2300000e+034
-1.2300000e+034
-1.2300000e+034
-1.2300000e+034
-1.2300000e+034
-1.2300000e+034
-1.2300000e+034
-1.2300000e+034
-1.2300000e+034
-1.2300000e+034
-1.2300000e+034
-1.2300000e+034
-1.2300000e+034
-1.2300000e+034
-1.2300000e+034
-1.2300000e+034
-1.2300000e+034
-1.2300000e+034
-1.2300000e+034
-1.2300000e+034
-1.2300000e+034
-1.2300000e+034
-1.2300000e+034
-1.2300000e+034
-1.2300000e+034
-1.2300000e+034
-1.2300000e+034
-1.2300000e+034
-1.2300000e+034
-1.2300000e+034
-1.2300000e+034
-1.2300000e+034
-1.2300000e+034
-1.2300000e+034
-1.2300000e+034
-1.2300000e+034
-1.2300000e+034
-1.2300000e+034
-1.2300000e+034
-1.2300000e+034
-1.2300000e+034
-1.2300000e+034
-1.2300000e+034
-1.2300000e+034
-1.2300000e+034
-1.2300000e+034
-1.2300000e+034
-1.2300000e+034
-1.2300000e+034
-1.2300000e+034
-1.2300000e+034
-1.2300000e+034
-1.2300000e+034
-1.2300000e+034
-1.2300000e+034
-1.2300000e+034
-1.2300000e+034
-1.2300000e+034
-1.2300000e+034
-1.2300000e+034
-1.2300000e+034
-1.2300000e+034
-1.2300000e+034
-1.2300000e+034
-1.2300000e+034
-1.2300000e+034
-1.2300000e+034
-1.2300000e+034
-1.2300000e+034
-1.2300000e+034
-1.2300000e+034
-1.2300000e+034
-1.2300000e+034
-1.2300000e+034
-1.2300000e+034
-1.2300000e+034
-1.2300000e+034
-1.2300000e+034
-1.2300000e+034
-1.2300000e+034
-1.2300000e+034
-1.2300000e+034
-1.2300000e+034
-1.2300000e+034
-1.2300000e+034
-1.2300000e+034
-1.2300000e+034
-1.2300000e+034
 2.1580279e-001
 2.1761911e-001
 2.1724612e-001
 2.1843933e-001
 2.2057149e-001
 2.2285980e-001
 2.2427233e-001
 2.2531293e-001
 2.2662748e-001
 2.2798690e-001
 2.2941177e-001
 2.3100783e-001
 2.3276715e-001
 2.3440301e-001
 2.3601037e-001
 2.3744620e-001
 2.3897317e-001
 2.4090210e-001
 2.4306080e-001
 2.4507147e-001
 2.4700440e-001
 2.4885930e-001
 2.5058863e-001
 2.5252783e-001
 2.5468621e-001
 2.5674659e-001
 2.5858703e-001
 2.6033896e-001
 2.6191559e-001
 2.6348528e-001
 2.6533598e-001
 2.6702219e-001
 2.6876238e-001
 2.7027613e-001
 2.7161646e-001
 2.7296585e-001
 2.7408659e-001
 2.7551007e-001
 2.7686709e-001
 2.7823648e-001
 2.7964303e-001
 2.8079480e-001
 2.8171813e-001
 2.8252196e-001
 2.8337303e-001
 2.8421873e-001
 2.8512543e-001
 2.8609535e-001
 2.8694537e-001
 2.8777462e-001
 2.8816453e-001
 2.8888685e-001
 2.8864381e-001
 2.8934214e-001
 2.9009193e-001
 2.9094747e-001
 2.9188180e-001
 2.9287586e-001
 2.9357991e-001
 2.9403666e-001
 2.9436111e-001
 2.9447141e-001
 2.9449770e-001
 2.9447293e-001
 2.9480150e-001
 2.9559290e-001
 2.9680154e-001
 2.9822955e-001
 2.9951271e-001
 3.0059025e-001
 3.0142269e-001
 3.0194771e-001
 3.0208790e-001
 3.0228937e-001
 3.0232587e-001
 3.0231440e-001
 3.0261341e-001
 3.0328625e-001
 3.0391738e-001
 3.0450401e-001
 3.0476072e-001
 3.0499622e-001
 3.0521542e-001
 3.0493364e-001
 3.0454269e-001
 3.0407402e-001
 3.0306232e-001
 3.0099371e-001
 2.9627752e-001
 2.9024756e-001
 2.9003412e-001
 2.9173484e-001
 2.9204264e-001
 2.9013273e-001
 2.8759146e-001
 2.8586257e-001
 2.8417498e-001
 2.8196469e-001
 2.8024444e-001
 2.8042382e-001
 2.8263667e-001
 2.8609821e-001
 2.8950346e-001
 2.9155117e-001
 2.9247487e-001
 2.9354474e-001
 2.9440248e-001
 2.9427117e-001
 2.9357412e-001
 2.9273048e-001
 2.9151410e-001
 2.8994924e-001
 2.8825143e-001
 2.8731042e-001
 2.8658792e-001
 2.8628489e-001
