s07_AV97 Record=342: Andesine HS142.3B            ASDFRc AREF
 2.5980651e-001
 2.6662675e-001
 2.8159171e-001
 2.9441008e-001
 3.0474806e-001
 3.1354207e-001
 3.2208553e-001
 3.3264723e-001
 3.4587055e-001
 3.5804054e-001
 3.6720830e-001
 3.7410891e-001
 3.8169736e-001
 3.9112863e-001
 4.0239125e-001
 4.1462788e-001
 4.2723033e-001
 4.3948001e-001
 4.5038226e-001
 4.5937490e-001
 4.6630585e-001
 4.7140670e-001
 4.7488564e-001
 4.7687057e-001
 4.7827342e-001
 4.7920612e-001
 4.8034191e-001
 4.8152655e-001
 4.8224956e-001
 4.8272350e-001
 4.8311451e-001
 4.8361203e-001
 4.8304790e-001
 4.8352525e-001
 4.8391774e-001
 4.8444799e-001
 4.8472100e-001
 4.8492983e-001
 4.8505536e-001
 4.8511335e-001
 4.8508930e-001
 4.8506323e-001
 4.8503301e-001
 4.8514631e-001
 4.8533258e-001
 4.8562425e-001
 4.8632154e-001
 4.8736978e-001
 4.8875001e-001
 4.9055892e-001
 4.9243468e-001
 4.9460796e-001
 4.9710801e-001
 4.9947488e-001
 5.0184125e-001
 5.0445104e-001
 5.0693822e-001
 5.0902057e-001
 5.1109606e-001
 5.1308358e-001
 5.1482427e-001
 5.1657480e-001
 5.1815426e-001
 5.1975679e-001
 5.2124220e-001
 5.2288646e-001
 5.2458245e-001
 5.2645105e-001
 5.2816713e-001
 5.2936500e-001
 5.3072804e-001
 5.3202564e-001
 5.3350687e-001
 5.3460491e-001
 5.3600752e-001
 5.3717571e-001
 5.3834569e-001
 5.3959781e-001
 5.4070169e-001
 5.4189795e-001
 5.4307681e-001
 5.4387480e-001
 5.4470927e-001
 5.4511493e-001
 5.4553002e-001
 5.4604888e-001
 5.4659539e-001
 5.4690295e-001
 5.4757261e-001
 5.4832155e-001
 5.4920083e-001
 5.5068076e-001
 5.5178767e-001
 5.5294573e-001
 5.5395085e-001
 5.5516016e-001
 5.5329895e-001
 5.5463135e-001
 5.5585182e-001
 5.5715454e-001
 5.5851460e-001
 5.5981535e-001
 5.6111717e-001
 5.6270778e-001
 5.6409037e-001
 5.6555718e-001
 5.6720310e-001
 5.6873649e-001
 5.7002455e-001
 5.7141453e-001
 5.7249916e-001
 5.7269990e-001
 5.7245159e-001
 5.7334298e-001
 5.7523268e-001
 5.7879961e-001
 5.8243543e-001
 5.8518916e-001
 5.8769041e-001
 5.9031093e-001
 5.9308565e-001
 5.9561467e-001
 5.9813982e-001
 6.0045177e-001
 6.0282922e-001
 6.0531688e-001
 6.0754752e-001
 6.0956353e-001
 6.1220318e-001
 6.1466336e-001
 6.1660063e-001
 6.1882722e-001
 6.2075561e-001
 6.2327653e-001
 6.2557256e-001
 6.2761539e-001
 6.3003236e-001
 6.3188148e-001
 6.3358283e-001
 6.3509256e-001
 6.3599080e-001
 6.3717943e-001
 6.3887870e-001
 6.4049208e-001
 6.4175415e-001
 6.4239508e-001
 6.4340681e-001
 6.4460385e-001
 6.4620185e-001
 6.4742446e-001
 6.4885247e-001
 6.5018559e-001
 6.5171432e-001
 6.5261263e-001
 6.5344286e-001
 6.5517974e-001
 6.5688032e-001
 6.5804583e-001
 6.5707690e-001
 6.5345156e-001
 6.5545756e-001
 6.4924705e-001
 6.3900030e-001
 6.3166189e-001
 6.3255668e-001
 6.3758832e-001
 6.4248967e-001
 6.4566439e-001
 6.4885831e-001
 6.5181035e-001
 6.5482277e-001
 6.5774256e-001
 6.6048115e-001
 6.6293001e-001
 6.6454464e-001
 6.6625834e-001
 6.6765749e-001
 6.6878492e-001
 6.7025733e-001
 6.7075706e-001
 6.7185205e-001
 6.7290062e-001
 6.7435241e-001
 6.7552775e-001
 6.7649478e-001
 6.7707175e-001
 6.7738461e-001
 6.7716491e-001
 6.7659903e-001
 6.7620534e-001
 6.7547554e-001
 6.7443049e-001
 6.7311555e-001
 6.7336857e-001
 6.7347813e-001
 6.7178643e-001
 6.7114991e-001
 6.7112052e-001
 6.7048711e-001
 6.6733205e-001
 6.6367954e-001
 6.6073686e-001
 6.6197550e-001
 6.6692531e-001
 6.7105585e-001
 6.7379183e-001
 6.7449999e-001
 6.7367971e-001
 6.7207360e-001
 6.6964316e-001
 6.6728139e-001
 6.6549313e-001
 6.6379726e-001
 6.6253394e-001
 6.6206509e-001
 6.5973020e-001
 6.5721530e-001
 6.5412927e-001
 6.5083855e-001
 6.4732045e-001
 6.4503735e-001
 6.3997298e-001
 6.4045829e-001
-1.2300000e+034
