s07_AV97 Record=1743: Jarosite NMNH95074-1 (Na)    NIC4bb RREF
-1.2300000e+034
-1.2300000e+034
-1.2300000e+034
-1.2300000e+034
-1.2300000e+034
-1.2300000e+034
-1.2300000e+034
-1.2300000e+034
-1.2300000e+034
-1.2300000e+034
-1.2300000e+034
-1.2300000e+034
-1.2300000e+034
-1.2300000e+034
-1.2300000e+034
-1.2300000e+034
-1.2300000e+034
-1.2300000e+034
-1.2300000e+034
-1.2300000e+034
-1.2300000e+034
-1.2300000e+034
-1.2300000e+034
-1.2300000e+034
-1.2300000e+034
-1.2300000e+034
-1.2300000e+034
-1.2300000e+034
-1.2300000e+034
-1.2300000e+034
-1.2300000e+034
-1.2300000e+034
-1.2300000e+034
-1.2300000e+034
-1.2300000e+034
-1.2300000e+034
-1.2300000e+034
-1.2300000e+034
-1.2300000e+034
-1.2300000e+034
-1.2300000e+034
-1.2300000e+034
-1.2300000e+034
-1.2300000e+034
-1.2300000e+034
-1.2300000e+034
-1.2300000e+034
-1.2300000e+034
-1.2300000e+034
-1.2300000e+034
-1.2300000e+034
-1.2300000e+034
-1.2300000e+034
-1.2300000e+034
-1.2300000e+034
-1.2300000e+034
-1.2300000e+034
-1.2300000e+034
-1.2300000e+034
-1.2300000e+034
-1.2300000e+034
-1.2300000e+034
-1.2300000e+034
-1.2300000e+034
-1.2300000e+034
-1.2300000e+034
-1.2300000e+034
-1.2300000e+034
-1.2300000e+034
-1.2300000e+034
-1.2300000e+034
-1.2300000e+034
-1.2300000e+034
-1.2300000e+034
-1.2300000e+034
-1.2300000e+034
-1.2300000e+034
-1.2300000e+034
-1.2300000e+034
-1.2300000e+034
-1.2300000e+034
-1.2300000e+034
-1.2300000e+034
-1.2300000e+034
-1.2300000e+034
-1.2300000e+034
-1.2300000e+034
-1.2300000e+034
-1.2300000e+034
-1.2300000e+034
-1.2300000e+034
-1.2300000e+034
-1.2300000e+034
-1.2300000e+034
-1.2300000e+034
-1.2300000e+034
-1.2300000e+034
-1.2300000e+034
-1.2300000e+034
-1.2300000e+034
-1.2300000e+034
-1.2300000e+034
-1.2300000e+034
-1.2300000e+034
-1.2300000e+034
-1.2300000e+034
-1.2300000e+034
-1.2300000e+034
-1.2300000e+034
 4.6160012e-001
 4.6455428e-001
 4.6780363e-001
 4.7009760e-001
 4.7174144e-001
 4.7355020e-001
 4.7358310e-001
 4.7267440e-001
 4.6031100e-001
 4.3906504e-001
 4.5206457e-001
 4.7487000e-001
 4.7437793e-001
 4.8207486e-001
 4.8266259e-001
 4.8494285e-001
 4.8804516e-001
 4.9116778e-001
 4.9547192e-001
 5.0050086e-001
 5.0579500e-001
 5.1030695e-001
 5.1393485e-001
 5.1723766e-001
 5.2003413e-001
 5.2233523e-001
 5.2545428e-001
 5.2789843e-001
 5.3072572e-001
 5.3319907e-001
 5.3485018e-001
 5.3624874e-001
 5.3791249e-001
 5.3942573e-001
 5.4073417e-001
 5.4219764e-001
 5.4331899e-001
 5.4357010e-001
 5.4347050e-001
 5.4233897e-001
 5.4193985e-001
 5.4090858e-001
 5.3917354e-001
 5.3512859e-001
 5.2943492e-001
 5.1383054e-001
 4.8431692e-001
 4.8056585e-001
 4.9253109e-001
 5.1749092e-001
 5.3632611e-001
 5.3182685e-001
 5.4074413e-001
 5.4234594e-001
 5.4213500e-001
 5.4140568e-001
 5.4061669e-001
 5.3950250e-001
 5.3896421e-001
 5.3836179e-001
 5.3777653e-001
 5.3842694e-001
 5.3918308e-001
 5.3841889e-001
 5.3770596e-001
 5.3673214e-001
 5.3307879e-001
 5.2745003e-001
 5.2228028e-001
 5.1820213e-001
 5.1447004e-001
 5.1207948e-001
 5.1087141e-001
 5.1030332e-001
 5.0794202e-001
 5.0469512e-001
 5.0034153e-001
 4.9469984e-001
 4.8802257e-001
 4.8201180e-001
 4.7660354e-001
 4.7029144e-001
 4.6115163e-001
 4.5125300e-001
 4.4081536e-001
 4.2877153e-001
 4.2005384e-001
 4.1477787e-001
 4.0282124e-001
 3.7028176e-001
 3.4968618e-001
 3.6676428e-001
 4.0745714e-001
 4.3151399e-001
 4.4293854e-001
 4.6868041e-001
 4.8307496e-001
 4.8825988e-001
 4.8733455e-001
 4.8142707e-001
 4.7009185e-001
 4.5319095e-001
 4.2938796e-001
 4.0281358e-001
 3.8277870e-001
 3.7394187e-001
 3.7257057e-001
 3.6969706e-001
 3.5573941e-001
 3.3842185e-001
 3.3564433e-001
 3.4121382e-001
 3.4229550e-001
 3.3187318e-001
 3.0573592e-001
