s07_AV97 Record=1725: Jarosite GDS636 K Pena<325um ASDNGa AREF
 5.5911042e-002
 6.5967113e-002
 8.5612595e-002
 1.2310698e-001
 1.7093164e-001
 1.9292881e-001
 1.7699307e-001
 1.7670573e-001
 2.2480680e-001
 2.7802226e-001
 3.1329581e-001
 3.3865544e-001
 3.6265945e-001
 3.8729858e-001
 4.1324356e-001
 4.4100514e-001
 4.7082505e-001
 5.0211859e-001
 5.3319579e-001
 5.6139606e-001
 5.8466274e-001
 6.0254687e-001
 6.1652517e-001
 6.2853354e-001
 6.4042819e-001
 6.5208155e-001
 6.6335702e-001
 6.7427945e-001
 6.8538088e-001
 6.9681966e-001
 7.0932144e-001
 7.2227883e-001
 7.0723814e-001
 7.1982640e-001
 7.3189557e-001
 7.4198294e-001
 7.4924254e-001
 7.5247532e-001
 7.5223303e-001
 7.4833965e-001
 7.4114197e-001
 7.3134959e-001
 7.1904933e-001
 7.0470661e-001
 6.8938285e-001
 6.7366081e-001
 6.5786189e-001
 6.4212227e-001
 6.2746251e-001
 6.1335790e-001
 6.0067451e-001
 5.8950174e-001
 5.7959580e-001
 5.7105380e-001
 5.6394583e-001
 5.5801171e-001
 5.5313414e-001
 5.4961193e-001
 5.4706872e-001
 5.4571372e-001
 5.4567534e-001
 5.4674768e-001
 5.4869109e-001
 5.5170673e-001
 5.5544937e-001
 5.6027627e-001
 5.6586069e-001
 5.7221073e-001
 5.7955486e-001
 5.8770138e-001
 5.9622520e-001
 6.0469359e-001
 6.1362225e-001
 6.2205523e-001
 6.2990808e-001
 6.3734329e-001
 6.4418536e-001
 6.5052134e-001
 6.5593153e-001
 6.6088444e-001
 6.6579121e-001
 6.6990381e-001
 6.7369777e-001
 6.7762715e-001
 6.8157649e-001
 6.8570811e-001
 6.8934846e-001
 6.9331753e-001
 6.9737077e-001
 7.0174485e-001
 7.0639855e-001
 7.1097428e-001
 7.1544755e-001
 7.1990299e-001
 7.2480124e-001
 7.2923350e-001
 7.2221357e-001
 7.2701442e-001
 7.3202312e-001
 7.3724389e-001
 7.4202555e-001
 7.4658710e-001
 7.5134605e-001
 7.5686628e-001
 7.6264101e-001
 7.6757497e-001
 7.7211851e-001
 7.7551621e-001
 7.7948463e-001
 7.8343731e-001
 7.8753793e-001
 7.9065454e-001
 7.9289073e-001
 7.9422766e-001
 7.9372174e-001
 7.8830618e-001
 7.7247226e-001
 7.5159299e-001
 7.5754786e-001
 7.7863657e-001
 7.8078860e-001
 7.7976018e-001
 7.7903539e-001
 7.8107506e-001
 7.8585917e-001
 7.9387695e-001
 7.9981744e-001
 8.0428809e-001
 8.0815500e-001
 8.1144255e-001
 8.1480479e-001
 8.1792784e-001
 8.2027966e-001
 8.2194912e-001
 8.2374972e-001
 8.2514691e-001
 8.2585585e-001
 8.2595217e-001
 8.2696795e-001
 8.2799023e-001
 8.2799345e-001
 8.2832897e-001
 8.2798648e-001
 8.2723200e-001
 8.2638133e-001
 8.2531977e-001
 8.2294625e-001
 8.2118303e-001
 8.2054257e-001
 8.1937593e-001
 8.1658751e-001
 8.1185800e-001
 8.0831230e-001
 8.0517459e-001
 7.9522347e-001
 7.6771545e-001
 7.5259697e-001
 7.5917095e-001
 7.8434253e-001
 8.0705965e-001
 8.0180818e-001
 8.1138712e-001
 8.1154490e-001
 8.0842549e-001
 8.0432719e-001
 8.0153728e-001
 7.9971838e-001
 7.9865199e-001
 7.9752499e-001
 7.9535079e-001
 7.9493171e-001
 7.9450285e-001
 7.9292792e-001
 7.9170483e-001
 7.8946131e-001
 7.8549546e-001
 7.8011483e-001
 7.7659315e-001
 7.7280861e-001
 7.6742452e-001
 7.6479614e-001
 7.6232928e-001
 7.5841486e-001
 7.5238913e-001
 7.4809611e-001
 7.4180341e-001
 7.3368514e-001
 7.2501850e-001
 7.1486616e-001
 7.0297444e-001
 6.9098067e-001
 6.7767131e-001
 6.6355485e-001
 6.4880133e-001
 6.4380753e-001
 6.5510368e-001
 6.6082853e-001
 6.3380980e-001
 5.8372265e-001
 5.7589084e-001
 6.0735303e-001
 6.6168809e-001
 6.7630124e-001
 7.1114177e-001
 7.3754704e-001
 7.4778390e-001
 7.4936962e-001
 7.4521327e-001
 7.3668575e-001
 7.2328663e-001
 7.0442683e-001
 6.8499452e-001
 6.6990161e-001
 6.6535133e-001
 6.7466390e-001
 6.7879647e-001
 6.6633862e-001
 6.3590723e-001
 6.0741788e-001
 6.0745329e-001
 6.1016130e-001
 5.9592390e-001
 5.6638873e-001
-1.2300000e+034
