s07_AV97 Record=2409: Olivine GDS70.e Fo89 <30um   ASDNGb AREF
 2.8920004e-001
 3.0651560e-001
 3.2274717e-001
 3.3818486e-001
 3.5468733e-001
 3.6806154e-001
 3.7798116e-001
 3.8644058e-001
 3.9126465e-001
 3.9881399e-001
 4.0987006e-001
 4.2381287e-001
 4.3735427e-001
 4.5451540e-001
 4.7786814e-001
 4.9632055e-001
 5.1260579e-001
 5.2918530e-001
 5.4299599e-001
 5.5295199e-001
 5.5796963e-001
 5.5983526e-001
 5.5878252e-001
 5.5648047e-001
 5.5229962e-001
 5.4542381e-001
 5.3755385e-001
 5.3241742e-001
 5.3120834e-001
 5.3071105e-001
 5.3045279e-001
 5.3304130e-001
 5.3035080e-001
 5.3242177e-001
 5.3242934e-001
 5.2647394e-001
 5.2315247e-001
 5.1999706e-001
 5.1590830e-001
 5.1047868e-001
 5.0342089e-001
 4.9452761e-001
 4.8444852e-001
 4.7368759e-001
 4.6280479e-001
 4.5215628e-001
 4.4207495e-001
 4.3274519e-001
 4.2432779e-001
 4.1675359e-001
 4.1009825e-001
 4.0413129e-001
 3.9887199e-001
 3.9404768e-001
 3.8937521e-001
 3.8470498e-001
 3.7972018e-001
 3.7410629e-001
 3.6776227e-001
 3.6065552e-001
 3.5301703e-001
 3.4478375e-001
 3.3627123e-001
 3.2751575e-001
 3.1896117e-001
 3.1089902e-001
 3.0348819e-001
 2.9697531e-001
 2.9092431e-001
 2.8584385e-001
 2.8193372e-001
 2.7897897e-001
 2.7724379e-001
 2.7671793e-001
 2.7749857e-001
 2.7931419e-001
 2.8227496e-001
 2.8614140e-001
 2.9039755e-001
 2.9497659e-001
 2.9976168e-001
 3.0425188e-001
 3.0845168e-001
 3.1241202e-001
 3.1598562e-001
 3.1913280e-001
 3.2192761e-001
 3.2452229e-001
 3.2710660e-001
 3.2951683e-001
 3.3197248e-001
 3.3472422e-001
 3.3736894e-001
 3.4029871e-001
 3.4332359e-001
 3.4668830e-001
 3.4173372e-001
 3.4498119e-001
 3.4865853e-001
 3.5248011e-001
 3.5673079e-001
 3.6136398e-001
 3.6665952e-001
 3.7238583e-001
 3.7838638e-001
 3.8495830e-001
 3.9217076e-001
 3.9990097e-001
 4.0734708e-001
 4.1554546e-001
 4.2383879e-001
 4.3249428e-001
 4.4158807e-001
 4.5123655e-001
 4.6119547e-001
 4.7148725e-001
 4.8209861e-001
 4.9269086e-001
 5.0329059e-001
 5.1399082e-001
 5.2488112e-001
 5.3571510e-001
 5.4659599e-001
 5.5751413e-001
 5.6812125e-001
 5.7843941e-001
 5.8863211e-001
 5.9863055e-001
 6.0820234e-001
 6.1746329e-001
 6.2611383e-001
 6.3418901e-001
 6.4188743e-001
 6.4932370e-001
 6.5608370e-001
 6.6254938e-001
 6.6856283e-001
 6.7377388e-001
 6.7863715e-001
 6.8299437e-001
 6.8700665e-001
 6.9142348e-001
 6.9498909e-001
 6.9767326e-001
 6.9971037e-001
 7.0165801e-001
 7.0310128e-001
 7.0482987e-001
 7.0618105e-001
 7.0749104e-001
 7.0899862e-001
 7.1026206e-001
 7.1264166e-001
 7.1405250e-001
 7.1482009e-001
 7.1524888e-001
 7.1554506e-001
 7.1579826e-001
 7.1676368e-001
 7.1599770e-001
 7.1632570e-001
 7.1568662e-001
 7.1475554e-001
 7.1353465e-001
 7.1248710e-001
 7.1168929e-001
 7.1139789e-001
 7.1171933e-001
 7.1184617e-001
 7.1192688e-001
 7.1205986e-001
 7.1218431e-001
 7.1294850e-001
 7.1421802e-001
 7.1554977e-001
 7.1687877e-001
 7.1789765e-001
 7.1935350e-001
 7.2002321e-001
 7.2109956e-001
 7.2205013e-001
 7.2300905e-001
 7.2427088e-001
 7.2485459e-001
 7.2564232e-001
 7.2543067e-001
 7.2506636e-001
 7.2462714e-001
 7.2412026e-001
 7.2389340e-001
 7.2325975e-001
 7.2270620e-001
 7.2273284e-001
 7.2308457e-001
 7.2283334e-001
 7.2222412e-001
 7.2324002e-001
 7.2392684e-001
 7.2423190e-001
 7.2496879e-001
 7.2561997e-001
 7.2639430e-001
 7.2600305e-001
 7.2747040e-001
 7.2858226e-001
 7.2953022e-001
 7.3017997e-001
 7.3085147e-001
 7.3021358e-001
 7.3108846e-001
 7.3116040e-001
 7.3082626e-001
 7.3129296e-001
 7.3025525e-001
 7.2978956e-001
 7.2959024e-001
 7.2896695e-001
 7.2812766e-001
 7.2699749e-001
 7.2537112e-001
 7.2390300e-001
 7.2683078e-001
 7.2500974e-001
-1.2300000e+034
