s07_AV97 Record=612: Brookite HS443.2B             BECKb AREF
 6.2775992e-002
 6.8420716e-002
 7.1820654e-002
 7.3867254e-002
 7.4851915e-002
 7.5346082e-002
 7.6183140e-002
 7.6998837e-002
 7.7869214e-002
 7.8653581e-002
 7.9377621e-002
 8.0009073e-002
 8.0704652e-002
 8.1448227e-002
 8.2437880e-002
 8.3342113e-002
 8.4088780e-002
 8.4815085e-002
 8.5806929e-002
 8.6729243e-002
 8.7608658e-002
 8.8455133e-002
 8.8920869e-002
 8.9433551e-002
 8.9580402e-002
 9.0091795e-002
 9.0191029e-002
 9.0303257e-002
 9.0356693e-002
 9.0499103e-002
 9.0929344e-002
 9.1112956e-002
 9.0866864e-002
 9.1040350e-002
 9.1314338e-002
 9.1739796e-002
 9.1851704e-002
 9.2176691e-002
 9.2331104e-002
 9.2697695e-002
 9.2961304e-002
 9.3158200e-002
 9.3433090e-002
 9.3631715e-002
 9.3619823e-002
 9.3995228e-002
 9.4230473e-002
 9.4404489e-002
 9.4616890e-002
 9.4514616e-002
 9.4316222e-002
 9.5576972e-002
 9.7040422e-002
 9.6126042e-002
 9.5493391e-002
 9.5306404e-002
 9.6078321e-002
 9.8060697e-002
 9.4905064e-002
 9.6038982e-002
 9.4920486e-002
 9.5261507e-002
 9.5708445e-002
 9.6114382e-002
 9.6368581e-002
 9.5889546e-002
 9.6557118e-002
 9.6129417e-002
 9.6186049e-002
 9.6552141e-002
 9.7837508e-002
 9.7004354e-002
 9.7534619e-002
 9.7776808e-002
 9.7978450e-002
 9.7906582e-002
 9.9114783e-002
 9.8400585e-002
 9.8304115e-002
 9.8241083e-002
 9.9360496e-002
 9.8289594e-002
 9.8911479e-002
 9.8951757e-002
 9.8820344e-002
 9.9879287e-002
 9.9366777e-002
 1.0011000e-001
 9.9899247e-002
 1.0033517e-001
 1.0077385e-001
 1.0102794e-001
 1.0077398e-001
 1.0087896e-001
 1.0073464e-001
 1.0139112e-001
 1.0066308e-001
 1.0118125e-001
 1.0057135e-001
 1.0094941e-001
 1.0131256e-001
 1.0155095e-001
 1.0098963e-001
 1.0136186e-001
 1.0137530e-001
 1.0123769e-001
 1.0137799e-001
 1.0202546e-001
 1.0255146e-001
 1.0289550e-001
 1.0223327e-001
 1.0258976e-001
 1.0272965e-001
 1.0327361e-001
 1.0270799e-001
 1.0317986e-001
 1.0344327e-001
 1.0388459e-001
 1.0394298e-001
 1.0403240e-001
 1.0379326e-001
 1.0366211e-001
 1.0328843e-001
 1.0421342e-001
 1.0509643e-001
 1.0349382e-001
 1.0450648e-001
 1.0503363e-001
 1.0444097e-001
 1.0422885e-001
 1.0498528e-001
 1.0507859e-001
 1.0477954e-001
 1.0464793e-001
 1.0517306e-001
 1.0558985e-001
 1.0595579e-001
 1.0491271e-001
 1.0513384e-001
 1.0567255e-001
 1.0565203e-001
 1.0676013e-001
 1.0522542e-001
 1.0501650e-001
 1.0660602e-001
 1.0503557e-001
 1.0442335e-001
 1.0531493e-001
 1.0569274e-001
 1.0546381e-001
 1.0575144e-001
 1.0611852e-001
 1.0569251e-001
 1.0569238e-001
 1.0563409e-001
 1.0527528e-001
 1.0524592e-001
 1.0572728e-001
 1.0598837e-001
 1.0532816e-001
 1.0558981e-001
 1.0531899e-001
 1.0586744e-001
 1.0601708e-001
 1.0588416e-001
 1.0480653e-001
 1.0492561e-001
 1.0564074e-001
 1.0424656e-001
 1.0515371e-001
 1.0583129e-001
 1.0438913e-001
 1.0537567e-001
 1.0494705e-001
 1.0459906e-001
 1.0428526e-001
 1.0489355e-001
 1.0530220e-001
 1.0541295e-001
 1.0470334e-001
 1.0399064e-001
 1.0576624e-001
 1.0675641e-001
 1.0531472e-001
 1.0397817e-001
 1.0213445e-001
 1.0376600e-001
 1.0485826e-001
 1.0351086e-001
 1.0349589e-001
 1.0366410e-001
 1.0261879e-001
 1.0232604e-001
 1.0201003e-001
 1.0142691e-001
 1.0317957e-001
 1.0270878e-001
 1.0212182e-001
 1.0247286e-001
 1.0228784e-001
 1.0179056e-001
 9.8735377e-002
 1.0153017e-001
 1.0398085e-001
 1.0236429e-001
 1.0141404e-001
 1.0280241e-001
 1.0053649e-001
 1.0134415e-001
 1.0002811e-001
 1.0041014e-001
 1.0026912e-001
 1.0048036e-001
 1.0043574e-001
 1.0018957e-001
 1.0016408e-001
 1.0032298e-001
 1.0050664e-001
 1.0056929e-001
 1.0039187e-001
 9.9904738e-002
 9.9340834e-002
 9.8990075e-002
 9.9026516e-002
