s07_AV97 Record=1697: Jarosite GDS24 Na             BECKb AREF
 2.0835884e-002
 2.0496739e-002
 2.1991959e-002
 2.7396318e-002
 3.8481668e-002
 4.4057239e-002
 3.8286980e-002
 3.5394568e-002
 4.8240729e-002
 6.7073181e-002
 8.4395930e-002
 1.0133769e-001
 1.2030532e-001
 1.4142783e-001
 1.6585800e-001
 1.9330168e-001
 2.2509858e-001
 2.5981143e-001
 2.9611742e-001
 3.3090141e-001
 3.6023608e-001
 3.8197544e-001
 3.9689523e-001
 4.0720880e-001
 4.1786516e-001
 4.3021125e-001
 4.4429082e-001
 4.5883754e-001
 4.7446039e-001
 4.9243799e-001
 5.1445448e-001
 5.3785324e-001
 5.1079303e-001
 5.3321272e-001
 5.5671293e-001
 5.7820946e-001
 5.9209859e-001
 5.9751719e-001
 5.9287661e-001
 5.8068383e-001
 5.6211364e-001
 5.3895909e-001
 5.1374280e-001
 4.8772943e-001
 4.6198249e-001
 4.3570349e-001
 4.1217047e-001
 3.8974553e-001
 3.7047303e-001
 3.5219628e-001
 3.3779955e-001
 3.2514685e-001
 3.1163177e-001
 2.9991493e-001
 2.9453671e-001
 2.8998309e-001
 2.8443128e-001
 2.8245890e-001
 2.7800158e-001
 2.7733162e-001
 2.7793914e-001
 2.7904806e-001
 2.8159562e-001
 2.8647995e-001
 2.9390380e-001
 2.9948455e-001
 3.0783004e-001
 3.1741971e-001
 3.2980832e-001
 3.4222391e-001
 3.5521957e-001
 3.7014121e-001
 3.8242340e-001
 3.9610779e-001
 4.0799665e-001
 4.1918111e-001
 4.3008479e-001
 4.3896714e-001
 4.4808352e-001
 4.5464304e-001
 4.6251729e-001
 4.6903741e-001
 4.7576767e-001
 4.8290548e-001
 4.8922181e-001
 4.9589929e-001
 5.0422108e-001
 5.1239640e-001
 5.1977324e-001
 5.2826226e-001
 5.3875536e-001
 5.4774386e-001
 5.5687201e-001
 5.6786597e-001
 5.7884949e-001
 5.8986586e-001
 5.7265007e-001
 5.8432788e-001
 5.9549487e-001
 6.0613465e-001
 6.1787319e-001
 6.3068181e-001
 6.4240766e-001
 6.5335768e-001
 6.6648072e-001
 6.7852300e-001
 6.9033635e-001
 7.0053512e-001
 7.1139431e-001
 7.2241992e-001
 7.3530883e-001
 7.4652666e-001
 7.5540626e-001
 7.5969553e-001
 7.6014596e-001
 7.5639111e-001
 7.3504633e-001
 6.8523395e-001
 6.2676436e-001
 6.3712829e-001
 7.0698059e-001
 7.2625214e-001
 7.2649032e-001
 7.2254491e-001
 7.1835673e-001
 7.1817166e-001
 7.1966076e-001
 7.3225796e-001
 7.4451596e-001
 7.5934601e-001
 7.7102596e-001
 7.8061593e-001
 7.8965986e-001
 7.9956460e-001
 8.0591160e-001
 8.1366843e-001
 8.2310730e-001
 8.2946873e-001
 8.3386475e-001
 8.3870602e-001
 8.4767467e-001
 8.5360795e-001
 8.5402077e-001
 8.5529935e-001
 8.5238397e-001
 8.5420585e-001
 8.4971625e-001
 8.4237725e-001
 8.3470130e-001
 8.3160853e-001
 8.2567978e-001
 8.1094021e-001
 7.8645563e-001
 7.5952327e-001
 7.1130818e-001
 6.3386244e-001
 6.2183678e-001
 6.4930558e-001
 7.1536297e-001
 7.7935410e-001
 7.6314837e-001
 7.9752839e-001
 8.0424148e-001
 7.9727149e-001
 7.8671861e-001
 7.7410251e-001
 7.6281548e-001
 7.6185417e-001
 7.6085997e-001
 7.5818878e-001
 7.5759286e-001
 7.5602067e-001
 7.4760789e-001
 7.4026704e-001
 7.3717010e-001
 7.2585773e-001
 7.0997816e-001
 7.0034224e-001
 6.9108099e-001
 6.8424898e-001
 6.8218738e-001
 6.7945409e-001
 6.7251587e-001
 6.6528803e-001
 6.5696841e-001
 6.4791352e-001
 6.3820922e-001
 6.2504911e-001
 6.1518306e-001
 6.0797548e-001
 5.9694058e-001
 5.8459103e-001
 5.6767982e-001
 5.4159158e-001
 5.2149308e-001
 5.0157970e-001
 4.9787885e-001
 4.8182371e-001
 4.3058324e-001
 3.9718404e-001
 4.2346376e-001
 4.8371270e-001
 5.3185809e-001
 5.5068362e-001
 6.0149354e-001
 6.3614368e-001
 6.3934588e-001
 6.3857424e-001
 6.2504852e-001
 5.9885454e-001
 5.6660849e-001
 5.2548140e-001
 4.8495099e-001
 4.5398900e-001
 4.3693653e-001
 4.3346226e-001
 4.3244612e-001
 4.2175364e-001
 4.0615642e-001
 3.9165446e-001
 3.8635305e-001
 3.8475800e-001
 3.7898093e-001
 3.6454254e-001
