s07_AV97 Record=3437: Vermiculite VTx-1.a <250um    BECKb AREF
 6.5765011e-001
 6.7763948e-001
 6.9326448e-001
 7.0509440e-001
 7.1292996e-001
 7.1975243e-001
 7.2667468e-001
 7.3464793e-001
 7.4267739e-001
 7.5017637e-001
 7.5609851e-001
 7.6301253e-001
 7.7012336e-001
 7.7697933e-001
 7.8363019e-001
 7.8970933e-001
 7.9519582e-001
 7.9997140e-001
 8.0373359e-001
 8.0653584e-001
 8.0922019e-001
 8.1181347e-001
 8.1519639e-001
 8.1795025e-001
 8.2090509e-001
 8.2349378e-001
 8.2673168e-001
 8.2986164e-001
 8.3259058e-001
 8.3449376e-001
 8.3769524e-001
 8.3898199e-001
 8.3750218e-001
 8.3862519e-001
 8.4004849e-001
 8.4151554e-001
 8.4319198e-001
 8.4419835e-001
 8.4558189e-001
 8.4670371e-001
 8.4886259e-001
 8.5058713e-001
 8.5056698e-001
 8.5230058e-001
 8.5402930e-001
 8.5441446e-001
 8.5391581e-001
 8.5569113e-001
 8.5534364e-001
 8.5630196e-001
 8.5861826e-001
 8.5737783e-001
 8.5374475e-001
 8.5556000e-001
 8.5635960e-001
 8.5521770e-001
 8.5642916e-001
 8.5805732e-001
 8.5407692e-001
 8.5497350e-001
 8.5227478e-001
 8.4780121e-001
 8.3952260e-001
 8.4640741e-001
 8.4460229e-001
 8.4456325e-001
 8.4514010e-001
 8.4718519e-001
 8.4908718e-001
 8.4925252e-001
 8.4994555e-001
 8.5179043e-001
 8.5179806e-001
 8.5113627e-001
 8.5238200e-001
 8.5244006e-001
 8.5151803e-001
 8.4933287e-001
 8.4914631e-001
 8.4846348e-001
 8.4672248e-001
 8.4375167e-001
 8.3622837e-001
 8.2853574e-001
 8.2096344e-001
 8.2083964e-001
 8.2228464e-001
 8.2213360e-001
 8.2024747e-001
 8.2018167e-001
 8.2179523e-001
 8.1916273e-001
 8.2056308e-001
 8.2027233e-001
 8.1858301e-001
 8.1674588e-001
 8.1931460e-001
 8.1728590e-001
 8.1545031e-001
 8.1374007e-001
 8.1234157e-001
 8.0868298e-001
 8.0460793e-001
 7.9816055e-001
 7.8791457e-001
 7.8075051e-001
 7.7151591e-001
 7.6422256e-001
 7.4921352e-001
 6.6590464e-001
 5.9543657e-001
 6.1592329e-001
 5.9791374e-001
 5.7953781e-001
 5.7332557e-001
 5.7680464e-001
 5.8253020e-001
 5.8506501e-001
 5.8748287e-001
 5.9296829e-001
 6.0087353e-001
 6.0808593e-001
 6.1548865e-001
 6.2228966e-001
 6.2815982e-001
 6.3443577e-001
 6.3938451e-001
 6.4329803e-001
 6.4597511e-001
 6.4635026e-001
 6.4614761e-001
 6.4573336e-001
 6.4295179e-001
 6.4031941e-001
 6.3817745e-001
 6.3426864e-001
 6.3133979e-001
 6.2740952e-001
 6.2220955e-001
 6.2090403e-001
 6.1970341e-001
 6.1953998e-001
 6.1273468e-001
 6.1368501e-001
 6.1399984e-001
 6.1167574e-001
 6.1116076e-001
 6.0872978e-001
 6.1033994e-001
 6.0983789e-001
 6.1224806e-001
 6.1300683e-001
 6.1422557e-001
 6.1458170e-001
 6.1388671e-001
 6.1232752e-001
 6.0608941e-001
 5.9172082e-001
 5.6725937e-001
 5.3122091e-001
 5.4426330e-001
 4.9489439e-001
 4.2862004e-001
 3.7064496e-001
 3.4159181e-001
 3.3778259e-001
 3.4481069e-001
 3.5529640e-001
 3.6342046e-001
 3.7108517e-001
 3.8020405e-001
 3.8921207e-001
 3.9994308e-001
 4.0757486e-001
 4.1643503e-001
 4.2674252e-001
 4.3361405e-001
 4.3878624e-001
 4.4381726e-001
 4.5051590e-001
 4.5779961e-001
 4.6727467e-001
 4.7154364e-001
 4.7631508e-001
 4.8498330e-001
 4.9418047e-001
 5.0212741e-001
 5.0958323e-001
 5.1629156e-001
 5.2094817e-001
 5.2630275e-001
 5.3099746e-001
 5.3302830e-001
 5.3424054e-001
 5.3796464e-001
 5.3115237e-001
 5.0463027e-001
 4.8681054e-001
 5.0521845e-001
 5.0815839e-001
 4.8157722e-001
 4.4243333e-001
 4.1547436e-001
 4.0146464e-001
 3.8023886e-001
 3.7610531e-001
 3.8877255e-001
 3.9980459e-001
 3.9676455e-001
 3.8571391e-001
 3.6834610e-001
 3.5178491e-001
 3.4357575e-001
 3.4087640e-001
 3.3935881e-001
 3.3552122e-001
 3.2931221e-001
 3.2159460e-001
 3.1395587e-001
 3.0529737e-001
 2.9707003e-001
 2.8984916e-001
 2.8419784e-001
 2.8040048e-001
