s07_AV97 Record=1823: Kaolinite KGa-2 (pxl)         NIC4b RREF
-1.2300000e+034
-1.2300000e+034
-1.2300000e+034
-1.2300000e+034
-1.2300000e+034
-1.2300000e+034
-1.2300000e+034
-1.2300000e+034
-1.2300000e+034
-1.2300000e+034
-1.2300000e+034
-1.2300000e+034
-1.2300000e+034
-1.2300000e+034
-1.2300000e+034
-1.2300000e+034
-1.2300000e+034
-1.2300000e+034
-1.2300000e+034
-1.2300000e+034
-1.2300000e+034
-1.2300000e+034
-1.2300000e+034
-1.2300000e+034
-1.2300000e+034
-1.2300000e+034
-1.2300000e+034
-1.2300000e+034
-1.2300000e+034
-1.2300000e+034
-1.2300000e+034
-1.2300000e+034
-1.2300000e+034
-1.2300000e+034
-1.2300000e+034
-1.2300000e+034
-1.2300000e+034
-1.2300000e+034
-1.2300000e+034
-1.2300000e+034
-1.2300000e+034
-1.2300000e+034
-1.2300000e+034
-1.2300000e+034
-1.2300000e+034
-1.2300000e+034
-1.2300000e+034
-1.2300000e+034
-1.2300000e+034
-1.2300000e+034
-1.2300000e+034
-1.2300000e+034
-1.2300000e+034
-1.2300000e+034
-1.2300000e+034
-1.2300000e+034
-1.2300000e+034
-1.2300000e+034
-1.2300000e+034
-1.2300000e+034
-1.2300000e+034
-1.2300000e+034
-1.2300000e+034
-1.2300000e+034
-1.2300000e+034
-1.2300000e+034
-1.2300000e+034
-1.2300000e+034
-1.2300000e+034
-1.2300000e+034
-1.2300000e+034
-1.2300000e+034
-1.2300000e+034
-1.2300000e+034
-1.2300000e+034
-1.2300000e+034
-1.2300000e+034
-1.2300000e+034
-1.2300000e+034
-1.2300000e+034
-1.2300000e+034
-1.2300000e+034
-1.2300000e+034
-1.2300000e+034
-1.2300000e+034
-1.2300000e+034
-1.2300000e+034
-1.2300000e+034
-1.2300000e+034
-1.2300000e+034
-1.2300000e+034
-1.2300000e+034
-1.2300000e+034
-1.2300000e+034
-1.2300000e+034
-1.2300000e+034
-1.2300000e+034
-1.2300000e+034
-1.2300000e+034
-1.2300000e+034
-1.2300000e+034
-1.2300000e+034
-1.2300000e+034
-1.2300000e+034
-1.2300000e+034
-1.2300000e+034
 8.7220138e-001
 8.5508060e-001
 8.2904416e-001
 7.7701145e-001
 7.2860658e-001
 7.1676004e-001
 6.7733872e-001
 7.4883860e-001
 7.8213155e-001
 7.8507894e-001
 7.8287864e-001
 7.7994591e-001
 7.7687937e-001
 7.7521646e-001
 7.7390343e-001
 7.7496856e-001
 7.7708203e-001
 7.7807975e-001
 7.7939093e-001
 7.8199238e-001
 7.8505820e-001
 7.8818846e-001
 7.9110759e-001
 7.9385626e-001
 7.9607993e-001
 7.9876375e-001
 8.0176193e-001
 8.0475497e-001
 8.0755723e-001
 8.0987585e-001
 8.1147122e-001
 8.1289625e-001
 8.1463766e-001
 8.1629145e-001
 8.1816185e-001
 8.1951523e-001
 8.2027799e-001
 8.2049257e-001
 8.2043159e-001
 8.2078844e-001
 8.2114625e-001
 8.2113022e-001
 8.2069039e-001
 8.1893158e-001
 8.1632322e-001
 8.1501001e-001
 8.1367511e-001
 8.1257749e-001
 8.1345779e-001
 8.1213450e-001
 8.1590521e-001
 8.1814861e-001
 8.1545132e-001
 8.1044918e-001
 8.1219709e-001
 8.0708402e-001
 8.0160832e-001
 7.9617900e-001
 7.9411674e-001
 7.9375631e-001
 7.9297137e-001
 7.9295206e-001
 7.9293120e-001
 7.9233921e-001
 7.9159254e-001
 7.9022986e-001
 7.8810447e-001
 7.8638327e-001
 7.8456151e-001
 7.8194880e-001
 7.7910799e-001
 7.7555966e-001
 7.7096742e-001
 7.6441932e-001
 7.5669473e-001
 7.4858558e-001
 7.4245566e-001
 7.3090684e-001
 7.2206640e-001
 7.1195155e-001
 6.8614006e-001
 6.3681173e-001
 5.8665913e-001
 5.7114923e-001
 5.7044780e-001
 5.6155205e-001
 5.3207940e-001
 4.8949805e-001
 5.8794558e-001
 6.4143437e-001
 6.4655405e-001
 6.4877319e-001
 6.4617133e-001
 6.3933051e-001
 6.2751728e-001
 6.1436993e-001
 6.0209048e-001
 5.8730304e-001
 5.7740802e-001
 5.7413965e-001
 5.7302713e-001
 5.5934167e-001
 5.4673332e-001
 5.4368067e-001
 5.2712440e-001
 5.1926476e-001
 5.2935028e-001
 5.3460401e-001
 5.2938044e-001
 5.1703769e-001
 4.9780995e-001
 4.8463830e-001
 4.7701761e-001
 4.7079974e-001
 4.6181458e-001
 4.4887295e-001
 4.4357973e-001
 4.3678519e-001
