s07_AV97 Record=383: Andradite WS487 Garnet        BECKb AREF
 1.3216996e-001
 1.4501259e-001
 1.7181633e-001
 2.1570928e-001
 2.4305978e-001
 2.6073107e-001
 2.6103142e-001
 2.5290379e-001
 3.0274963e-001
 3.3809179e-001
 3.6087528e-001
 3.8317728e-001
 4.1209751e-001
 4.4149175e-001
 4.7088087e-001
 4.9796715e-001
 5.2258861e-001
 5.4254663e-001
 5.5659199e-001
 5.6698811e-001
 5.7562286e-001
 5.8444756e-001
 5.9404904e-001
 6.0281181e-001
 6.1092937e-001
 6.1989981e-001
 6.2985480e-001
 6.4198422e-001
 6.5503836e-001
 6.6974652e-001
 6.8550098e-001
 6.9932240e-001
 6.8308711e-001
 6.9685757e-001
 7.0873225e-001
 7.1965414e-001
 7.2802913e-001
 7.3588246e-001
 7.4099654e-001
 7.4509048e-001
 7.4732363e-001
 7.4855483e-001
 7.4619436e-001
 7.4216926e-001
 7.3585534e-001
 7.2608322e-001
 7.1599633e-001
 7.0597881e-001
 6.9535756e-001
 6.8439496e-001
 6.7599553e-001
 6.7123789e-001
 6.6973305e-001
 6.6917127e-001
 6.6835827e-001
 6.7564392e-001
 6.8061513e-001
 6.9283259e-001
 6.9557846e-001
 7.0261216e-001
 7.1476829e-001
 7.2766459e-001
 7.3672664e-001
 7.4873650e-001
 7.6032454e-001
 7.6862955e-001
 7.7766055e-001
 7.8432238e-001
 7.9418778e-001
 7.9931206e-001
 8.0587244e-001
 8.1176043e-001
 8.1883949e-001
 8.2273841e-001
 8.2530451e-001
 8.3140069e-001
 8.3522385e-001
 8.4105372e-001
 8.4299058e-001
 8.4635162e-001
 8.5135752e-001
 8.5397065e-001
 8.5593450e-001
 8.6054242e-001
 8.6008561e-001
 8.6380845e-001
 8.6665928e-001
 8.6886209e-001
 8.6903262e-001
 8.7224329e-001
 8.7347651e-001
 8.7423676e-001
 8.7623769e-001
 8.7569541e-001
 8.7885690e-001
 8.7994903e-001
 8.7706989e-001
 8.7971580e-001
 8.8035637e-001
 8.8121873e-001
 8.8075429e-001
 8.8214701e-001
 8.8207126e-001
 8.8224339e-001
 8.8297093e-001
 8.8318223e-001
 8.8347590e-001
 8.8411087e-001
 8.8242346e-001
 8.8049507e-001
 8.7243128e-001
 8.5250044e-001
 8.2660013e-001
 8.3513218e-001
 8.5470331e-001
 8.7246066e-001
 8.8516057e-001
 8.9252251e-001
 8.9581794e-001
 8.9864856e-001
 9.0030009e-001
 9.0092605e-001
 9.0131187e-001
 9.0276676e-001
 9.0424120e-001
 9.0507591e-001
 9.0625656e-001
 9.0848970e-001
 9.0889841e-001
 9.0936309e-001
 9.0951604e-001
 9.0848345e-001
 9.0982944e-001
 9.0910202e-001
 9.0904027e-001
 9.1017830e-001
 9.0885174e-001
 9.0844762e-001
 9.0647149e-001
 9.0880787e-001
 9.0790743e-001
 9.0766841e-001
 9.0810043e-001
 9.0749496e-001
 9.0493685e-001
 9.0695184e-001
 9.0858674e-001
 9.0866452e-001
 9.0954965e-001
 9.0996623e-001
 9.1237503e-001
 9.0905726e-001
 9.0722167e-001
 9.0628338e-001
 9.0828109e-001
 9.0565765e-001
 9.0638703e-001
 9.0541697e-001
 9.0153044e-001
 9.0076572e-001
 9.0082353e-001
 9.0032262e-001
 8.9947599e-001
 8.9765131e-001
 8.9376140e-001
 8.9281899e-001
 8.9392227e-001
 8.9246386e-001
 8.9261383e-001
 8.9459658e-001
 8.9350456e-001
 8.9363116e-001
 8.9285159e-001
 8.9741176e-001
 8.9781445e-001
 8.9861667e-001
 8.9999616e-001
 8.9586991e-001
 8.9977664e-001
 8.9787227e-001
 8.9458776e-001
 8.9651859e-001
 8.9743155e-001
 8.9239585e-001
 8.9556020e-001
 8.9760816e-001
 8.9183968e-001
 8.8757956e-001
 8.8122624e-001
 8.7640792e-001
 8.6006945e-001
 8.4283388e-001
 8.3442473e-001
 8.1661624e-001
 7.9707748e-001
 7.8692180e-001
 7.7457231e-001
 7.7523392e-001
 7.8128642e-001
 7.8476852e-001
 7.8532439e-001
 7.8687066e-001
 7.9288054e-001
 7.8843254e-001
 7.8704363e-001
 7.9516089e-001
 7.9622650e-001
 7.8919274e-001
 7.7222443e-001
 7.5248170e-001
 7.2514665e-001
 6.9553459e-001
 6.8694252e-001
 6.9149721e-001
 6.9966310e-001
 7.0475125e-001
 7.0520991e-001
 7.0111459e-001
 6.9518203e-001
 6.8881094e-001
 6.8458623e-001
 6.8148965e-001
 6.7790097e-001
 6.7283970e-001
