s07_AV97 Record=2075: Mirabilite GDS150 Na2SO4      BECKa AREF
 8.5476315e-001
 8.5865909e-001
 8.6236280e-001
 8.6573827e-001
 8.6865771e-001
 8.7007052e-001
 8.7177265e-001
 8.7384915e-001
 8.7580478e-001
 8.7776262e-001
 8.7928301e-001
 8.8024551e-001
 8.8158017e-001
 8.8322151e-001
 8.8446975e-001
 8.8555336e-001
 8.8623041e-001
 8.8658106e-001
 8.8673288e-001
 8.8749528e-001
 8.8791049e-001
 8.8931853e-001
 8.8968253e-001
 8.8951892e-001
 8.8908458e-001
 8.8923991e-001
 8.9011818e-001
 8.9095151e-001
 8.9140576e-001
 8.9159048e-001
 8.9209980e-001
 8.9223659e-001
 8.9216799e-001
 8.9207768e-001
 8.9265132e-001
 8.9294732e-001
 8.9326024e-001
 8.9358574e-001
 8.9348167e-001
 8.9276898e-001
 8.9187688e-001
 8.8967377e-001
 8.8713944e-001
 8.8618606e-001
 8.8425165e-001
 8.8472861e-001
 8.8569272e-001
 8.8606834e-001
 8.8497615e-001
 8.8438129e-001
 8.8064623e-001
 8.8056272e-001
 8.8178384e-001
 8.7857854e-001
 8.7546438e-001
 8.7204987e-001
 8.7093079e-001
 8.7211609e-001
 8.6925006e-001
 8.6922771e-001
 8.6595851e-001
 8.6231112e-001
 8.5419226e-001
 8.4393150e-001
 8.3079815e-001
 8.1364399e-001
 8.0094838e-001
 7.9461604e-001
 7.9582381e-001
 8.0174637e-001
 8.1481522e-001
 8.2759082e-001
 8.3838499e-001
 8.4605485e-001
 8.4870338e-001
 8.4863603e-001
 8.4730709e-001
 8.4289622e-001
 8.3802253e-001
 8.3309323e-001
 8.2874483e-001
 8.2120180e-001
 8.0795592e-001
 7.8140688e-001
 7.4776262e-001
 7.1978724e-001
 7.0163494e-001
 6.8728250e-001
 6.7661661e-001
 6.7236525e-001
 6.7169231e-001
 6.7456239e-001
 6.7982864e-001
 6.8566400e-001
 6.9525278e-001
 7.0539796e-001
 6.8991262e-001
 7.0016426e-001
 7.1145463e-001
 7.2033274e-001
 7.2421229e-001
 7.2231424e-001
 7.1438015e-001
 6.9903463e-001
 6.7762280e-001
 6.5684235e-001
 6.4241379e-001
 6.3563257e-001
 6.3007087e-001
 6.1797959e-001
 5.9339499e-001
 5.4725951e-001
 4.8835978e-001
 4.2948383e-001
 3.8368419e-001
 3.5382062e-001
 3.4133208e-001
 3.3973703e-001
 3.4243774e-001
 3.5066304e-001
 3.6264724e-001
 3.7569708e-001
 3.8756868e-001
 4.0088958e-001
 4.1233870e-001
 4.2165786e-001
 4.3181252e-001
 4.4054216e-001
 4.5107105e-001
 4.6191764e-001
 4.7353339e-001
 4.8598510e-001
 4.9932101e-001
 5.1175445e-001
 5.2388954e-001
 5.3667665e-001
 5.4868948e-001
 5.5807334e-001
 5.6527978e-001
 5.6826490e-001
 5.6960481e-001
 5.6729001e-001
 5.5916911e-001
 5.4644716e-001
 5.3142208e-001
 5.1013738e-001
 4.8450494e-001
 4.6381488e-001
 4.5557234e-001
 4.5691133e-001
 4.6311310e-001
 4.6737447e-001
 4.7566944e-001
 4.8293078e-001
 4.8867261e-001
 4.8774901e-001
 4.7936612e-001
 4.5785448e-001
 4.2169875e-001
 3.7606791e-001
 3.9143211e-001
 3.4471357e-001
 3.0390045e-001
 2.6923046e-001
 2.4163902e-001
 2.2217956e-001
 2.1020576e-001
 2.0692247e-001
 2.0829746e-001
 2.1132247e-001
 2.1446843e-001
 2.2078469e-001
 2.2639272e-001
 2.3370115e-001
 2.4203274e-001
 2.4885590e-001
 2.5566369e-001
 2.6356581e-001
 2.7096397e-001
 2.7807781e-001
 2.8397673e-001
 2.9236707e-001
 2.9974294e-001
 3.0379146e-001
 3.0822411e-001
 3.1262839e-001
 3.1581435e-001
 3.1849331e-001
 3.1968209e-001
 3.1919447e-001
 3.1812471e-001
 3.1825581e-001
 3.1895152e-001
 3.2142055e-001
 3.2350057e-001
 3.2474577e-001
 3.2636315e-001
 3.2960391e-001
 3.3676779e-001
 3.4311318e-001
 3.4718129e-001
 3.4887975e-001
 3.4813043e-001
 3.4800175e-001
 3.3731332e-001
 3.3076489e-001
 3.2284766e-001
 3.1490317e-001
 3.0509406e-001
 2.9495284e-001
 2.8536546e-001
 2.7657723e-001
 2.6842543e-001
 2.5973141e-001
 2.5129083e-001
 2.4444199e-001
 2.3843364e-001
 2.3211817e-001
 2.2632286e-001
 2.2054482e-001
 2.1614628e-001
 2.1337199e-001
 2.1237338e-001
 2.1311317e-001
