s07_AV97 Record=994: Cuprite HS127.2B             ASDFRb AREF
 3.1806231e-002
 3.2880239e-002
 3.3991855e-002
 3.4511771e-002
 3.5133094e-002
 3.5330363e-002
 3.5358649e-002
 3.5441536e-002
 3.5558574e-002
 3.5582040e-002
 3.5647787e-002
 3.5722371e-002
 3.5849456e-002
 3.5987210e-002
 3.6154695e-002
 3.6289640e-002
 3.6430210e-002
 3.6615729e-002
 3.6764078e-002
 3.6931075e-002
 3.7123851e-002
 3.7359476e-002
 3.7638448e-002
 3.8071055e-002
 3.8680807e-002
 3.9315272e-002
 4.0049430e-002
 4.1009806e-002
 4.2000663e-002
 4.3024294e-002
 4.4190422e-002
 4.5494288e-002
 4.3994322e-002
 4.5229863e-002
 4.6595115e-002
 4.8083905e-002
 4.9728461e-002
 5.1575877e-002
 5.3663705e-002
 5.6095954e-002
 5.8972258e-002
 6.2428240e-002
 6.6635840e-002
 7.1752779e-002
 7.7910520e-002
 8.5267901e-002
 9.3895257e-002
 1.0376260e-001
 1.1472615e-001
 1.2648630e-001
 1.3867861e-001
 1.5094118e-001
 1.6288844e-001
 1.7432724e-001
 1.8498810e-001
 1.9490258e-001
 2.0406803e-001
 2.1253222e-001
 2.2038524e-001
 2.2767544e-001
 2.3446125e-001
 2.4080491e-001
 2.4673912e-001
 2.5225553e-001
 2.5740093e-001
 2.6224548e-001
 2.6681983e-001
 2.7131838e-001
 2.7496752e-001
 2.7907532e-001
 2.8272986e-001
 2.8579819e-001
 2.8889930e-001
 2.9143992e-001
 2.9416975e-001
 2.9665664e-001
 2.9871184e-001
 3.0071768e-001
 3.0257532e-001
 3.0427831e-001
 3.0593279e-001
 3.0752513e-001
 3.0913284e-001
 3.1067911e-001
 3.1187806e-001
 3.1325603e-001
 3.1451595e-001
 3.1577626e-001
 3.1714839e-001
 3.1833839e-001
 3.1964460e-001
 3.2096246e-001
 3.2212570e-001
 3.2341859e-001
 3.2453069e-001
 3.2581940e-001
 3.2396010e-001
 3.2517415e-001
 3.2643414e-001
 3.2764995e-001
 3.2883930e-001
 3.3001184e-001
 3.3132148e-001
 3.3247817e-001
 3.3379701e-001
 3.3517751e-001
 3.3674008e-001
 3.3819073e-001
 3.3940220e-001
 3.4061337e-001
 3.4150335e-001
 3.4213495e-001
 3.4247315e-001
 3.4365687e-001
 3.4505391e-001
 3.4658024e-001
 3.4792241e-001
 3.4938899e-001
 3.5074016e-001
 3.5212743e-001
 3.5335135e-001
 3.5469863e-001
 3.5603929e-001
 3.5730919e-001
 3.5859212e-001
 3.5985157e-001
 3.6104852e-001
 3.6232287e-001
 3.6355314e-001
 3.6481118e-001
 3.6595374e-001
 3.6712557e-001
 3.6838093e-001
 3.6958134e-001
 3.7071809e-001
 3.7176865e-001
 3.7294829e-001
 3.7405738e-001
 3.7509364e-001
 3.7600583e-001
 3.7705395e-001
 3.7821335e-001
 3.7931618e-001
 3.8039821e-001
 3.8125259e-001
 3.8187543e-001
 3.8248289e-001
 3.8322598e-001
 3.8407034e-001
 3.8491574e-001
 3.8565308e-001
 3.8630462e-001
 3.8686910e-001
 3.8762072e-001
 3.8812876e-001
 3.8858241e-001
 3.8892350e-001
 3.8923180e-001
 3.8976499e-001
 3.8932979e-001
 3.8959897e-001
 3.8894805e-001
 3.8825768e-001
 3.8747022e-001
 3.8711655e-001
 3.8697556e-001
 3.8714287e-001
 3.8738957e-001
 3.8760892e-001
 3.8784146e-001
 3.8830721e-001
 3.8891041e-001
 3.8955215e-001
 3.9029720e-001
 3.9110604e-001
 3.9201808e-001
 3.9303815e-001
 3.9398366e-001
 3.9497095e-001
 3.9574113e-001
 3.9678359e-001
 3.9743805e-001
 3.9788970e-001
 3.9832312e-001
 3.9871594e-001
 3.9911312e-001
 3.9926443e-001
 3.9930928e-001
 3.9911538e-001
 3.9903170e-001
 3.9897493e-001
 3.9856058e-001
 3.9800954e-001
 3.9704272e-001
 3.9584097e-001
 3.9543650e-001
 3.9462110e-001
 3.9368242e-001
 3.9173540e-001
 3.9029899e-001
 3.9066735e-001
 3.9210910e-001
 3.9353403e-001
 3.9466533e-001
 3.9561766e-001
 3.9545637e-001
 3.9432380e-001
 3.9276987e-001
 3.9218980e-001
 3.9192602e-001
 3.9146286e-001
 3.9086050e-001
 3.8997343e-001
 3.8911179e-001
 3.8922489e-001
 3.8969249e-001
 3.8956943e-001
 3.9019531e-001
 3.9088872e-001
 3.9142996e-001
 3.9174363e-001
 3.9228109e-001
 3.9247727e-001
-1.2300000e+034
