s07_AV97 Record=1881: Lazurite HS418.3B           NIC4ccu RREF
-1.2300000e+034
-1.2300000e+034
-1.2300000e+034
-1.2300000e+034
-1.2300000e+034
-1.2300000e+034
-1.2300000e+034
-1.2300000e+034
-1.2300000e+034
-1.2300000e+034
-1.2300000e+034
-1.2300000e+034
-1.2300000e+034
-1.2300000e+034
-1.2300000e+034
-1.2300000e+034
-1.2300000e+034
-1.2300000e+034
-1.2300000e+034
-1.2300000e+034
-1.2300000e+034
-1.2300000e+034
-1.2300000e+034
-1.2300000e+034
-1.2300000e+034
-1.2300000e+034
-1.2300000e+034
-1.2300000e+034
-1.2300000e+034
-1.2300000e+034
-1.2300000e+034
-1.2300000e+034
-1.2300000e+034
-1.2300000e+034
-1.2300000e+034
-1.2300000e+034
-1.2300000e+034
-1.2300000e+034
-1.2300000e+034
-1.2300000e+034
-1.2300000e+034
-1.2300000e+034
-1.2300000e+034
-1.2300000e+034
-1.2300000e+034
-1.2300000e+034
-1.2300000e+034
-1.2300000e+034
-1.2300000e+034
-1.2300000e+034
-1.2300000e+034
-1.2300000e+034
-1.2300000e+034
-1.2300000e+034
-1.2300000e+034
-1.2300000e+034
-1.2300000e+034
-1.2300000e+034
-1.2300000e+034
-1.2300000e+034
-1.2300000e+034
-1.2300000e+034
-1.2300000e+034
-1.2300000e+034
-1.2300000e+034
-1.2300000e+034
-1.2300000e+034
-1.2300000e+034
-1.2300000e+034
-1.2300000e+034
-1.2300000e+034
-1.2300000e+034
-1.2300000e+034
-1.2300000e+034
-1.2300000e+034
-1.2300000e+034
-1.2300000e+034
-1.2300000e+034
-1.2300000e+034
-1.2300000e+034
-1.2300000e+034
-1.2300000e+034
-1.2300000e+034
-1.2300000e+034
-1.2300000e+034
-1.2300000e+034
-1.2300000e+034
-1.2300000e+034
-1.2300000e+034
-1.2300000e+034
-1.2300000e+034
-1.2300000e+034
-1.2300000e+034
-1.2300000e+034
-1.2300000e+034
-1.2300000e+034
-1.2300000e+034
-1.2300000e+034
-1.2300000e+034
-1.2300000e+034
-1.2300000e+034
-1.2300000e+034
-1.2300000e+034
-1.2300000e+034
-1.2300000e+034
-1.2300000e+034
-1.2300000e+034
-1.2300000e+034
-1.2300000e+034
-1.2300000e+034
-1.2300000e+034
-1.2300000e+034
-1.2300000e+034
-1.2300000e+034
-1.2300000e+034
-1.2300000e+034
-1.2300000e+034
-1.2300000e+034
-1.2300000e+034
-1.2300000e+034
-1.2300000e+034
-1.2300000e+034
 3.6888409e-001
 3.6046511e-001
 3.6499602e-001
 3.7559086e-001
 3.8790026e-001
 3.9928496e-001
 4.0911016e-001
 4.1783714e-001
 4.2530051e-001
 4.3176931e-001
 4.3785948e-001
 4.4280654e-001
 4.4659781e-001
 4.4970635e-001
 4.5227516e-001
 4.5454636e-001
 4.5686695e-001
 4.5903817e-001
 4.6067473e-001
 4.6148026e-001
 4.6169227e-001
 4.6167785e-001
 4.6147358e-001
 4.6167377e-001
 4.6195379e-001
 4.6229145e-001
 4.6240902e-001
 4.6219844e-001
 4.6190163e-001
 4.6133411e-001
 4.6105260e-001
 4.6114880e-001
 4.6153757e-001
 4.6141872e-001
 4.6054101e-001
 4.5852938e-001
 4.5500508e-001
 4.4750205e-001
 4.5034975e-001
 4.3910420e-001
 4.1995499e-001
 3.9496192e-001
 3.8143575e-001
 3.7935597e-001
 3.8026816e-001
 3.8343501e-001
 3.8779673e-001
 3.9212149e-001
 3.9654961e-001
 4.0136203e-001
 4.0625712e-001
 4.1125068e-001
 4.1529518e-001
 4.1835049e-001
 4.2079800e-001
 4.2306319e-001
 4.2502415e-001
 4.2676428e-001
 4.2814052e-001
 4.2946258e-001
 4.3073124e-001
 4.3208680e-001
 4.3336201e-001
 4.3463203e-001
 4.3583027e-001
 4.3698126e-001
 4.3808192e-001
 4.3890208e-001
 4.3937826e-001
 4.3980765e-001
 4.4018793e-001
 4.4053763e-001
 4.4102022e-001
 4.4157538e-001
 4.4201756e-001
 4.4255719e-001
 4.4297579e-001
 4.4322258e-001
 4.4336587e-001
 4.4300780e-001
 4.4235840e-001
 4.4129255e-001
 4.3958306e-001
 4.3749005e-001
 4.3491545e-001
 4.3168828e-001
 4.2772731e-001
 4.2349511e-001
 4.1815114e-001
 4.1195697e-001
 4.0548801e-001
 3.9832613e-001
 3.9113411e-001
 3.8413668e-001
 3.7756816e-001
 3.7176365e-001
 3.6642075e-001
 3.6166170e-001
 3.5727325e-001
 3.5362539e-001
 3.5092515e-001
 3.4896702e-001
