s07_AV97 Record=862: Clinochlore GDS158 Flagstaff ASDNGb AREF
 1.6116945e-001
 1.6928057e-001
 1.7737027e-001
 1.8456365e-001
 1.9001718e-001
 1.9861279e-001
 2.0980333e-001
 2.2027275e-001
 2.2710076e-001
 2.3188405e-001
 2.3998387e-001
 2.5031853e-001
 2.5967884e-001
 2.6474750e-001
 2.7258348e-001
 2.7752671e-001
 2.7944016e-001
 2.8006709e-001
 2.8053597e-001
 2.7985305e-001
 2.7784291e-001
 2.7470994e-001
 2.7063724e-001
 2.6601225e-001
 2.6097816e-001
 2.5576371e-001
 2.5048202e-001
 2.4519441e-001
 2.4001220e-001
 2.3510446e-001
 2.3056488e-001
 2.2654267e-001
 2.3125714e-001
 2.2725953e-001
 2.2384220e-001
 2.2114760e-001
 2.1931221e-001
 2.1841043e-001
 2.1849592e-001
 2.1948747e-001
 2.2126500e-001
 2.2366230e-001
 2.2650774e-001
 2.2947486e-001
 2.3213859e-001
 2.3408660e-001
 2.3498026e-001
 2.3474136e-001
 2.3351955e-001
 2.3159358e-001
 2.2927825e-001
 2.2688554e-001
 2.2468638e-001
 2.2287335e-001
 2.2161579e-001
 2.2099851e-001
 2.2109926e-001
 2.2197552e-001
 2.2357289e-001
 2.2579806e-001
 2.2852655e-001
 2.3154211e-001
 2.3456068e-001
 2.3771679e-001
 2.4067172e-001
 2.4314873e-001
 2.4513239e-001
 2.4664150e-001
 2.4786057e-001
 2.4872485e-001
 2.4938512e-001
 2.4984346e-001
 2.5019863e-001
 2.5051692e-001
 2.5092691e-001
 2.5146574e-001
 2.5220662e-001
 2.5317454e-001
 2.5445938e-001
 2.5603035e-001
 2.5795275e-001
 2.6023096e-001
 2.6284617e-001
 2.6580524e-001
 2.6912174e-001
 2.7275470e-001
 2.7670199e-001
 2.8096667e-001
 2.8553393e-001
 2.9039153e-001
 2.9555258e-001
 3.0099985e-001
 3.0652592e-001
 3.1220278e-001
 3.1793153e-001
 3.2355121e-001
 3.1489205e-001
 3.2075596e-001
 3.2658178e-001
 3.3247015e-001
 3.3838153e-001
 3.4414887e-001
 3.5008836e-001
 3.5628048e-001
 3.6234859e-001
 3.6832836e-001
 3.7445366e-001
 3.8047206e-001
 3.8557944e-001
 3.8174030e-001
 3.6107886e-001
 3.6653838e-001
 3.8320044e-001
 3.9723101e-001
 3.9983395e-001
 4.0137020e-001
 4.0688553e-001
 4.1470322e-001
 4.2232418e-001
 4.2873687e-001
 4.3355146e-001
 4.3681186e-001
 4.3924427e-001
 4.4180575e-001
 4.4512093e-001
 4.4917762e-001
 4.5392057e-001
 4.5939127e-001
 4.6553880e-001
 4.7207844e-001
 4.7887269e-001
 4.8571321e-001
 4.9251974e-001
 4.9924219e-001
 5.0575185e-001
 5.1196182e-001
 5.1800013e-001
 5.2381289e-001
 5.2941084e-001
 5.3484476e-001
 5.4011315e-001
 5.4519695e-001
 5.5001664e-001
 5.5445451e-001
 5.5851197e-001
 5.6226045e-001
 5.6583261e-001
 5.6935483e-001
 5.7275295e-001
 5.7586420e-001
 5.7840264e-001
 5.8008456e-001
 5.8100194e-001
 5.8173692e-001
 5.8204710e-001
 5.8099896e-001
 5.7778549e-001
 5.7394642e-001
 5.6986213e-001
 5.6654161e-001
 5.6722695e-001
 5.6720972e-001
 5.6757557e-001
 5.6616628e-001
 5.6764817e-001
 5.6928152e-001
 5.6715012e-001
 5.6138337e-001
 5.5742735e-001
 5.5355269e-001
 5.4636204e-001
 5.4151565e-001
 5.4200745e-001
 5.4856551e-001
 5.6195068e-001
 5.7921511e-001
 5.9503454e-001
 6.0750771e-001
 6.1668193e-001
 6.2317544e-001
 6.2780923e-001
 6.3036060e-001
 6.2835068e-001
 6.2403417e-001
 6.2205285e-001
 6.2321848e-001
 6.2474936e-001
 6.2395787e-001
 6.2055892e-001
 6.1594939e-001
 6.0944307e-001
 5.9997827e-001
 5.8914036e-001
 5.7565302e-001
 5.5495089e-001
 5.1852417e-001
 4.5558757e-001
 4.0152055e-001
 4.0649122e-001
 4.2333561e-001
 4.2448741e-001
 4.0492395e-001
 3.8530114e-001
 3.7569004e-001
 3.6289391e-001
 3.4904253e-001
 3.4145284e-001
 3.4773374e-001
 3.6618006e-001
 3.9180958e-001
 4.1230643e-001
 4.2022112e-001
 4.2497870e-001
 4.3456444e-001
 4.4271618e-001
 4.4238961e-001
 4.3636885e-001
 4.2787042e-001
 4.1475824e-001
 4.0127173e-001
 3.9273486e-001
 3.8937029e-001
 3.8839644e-001
-1.2300000e+034
