s07_AV97 Record=3507: Zoisite HS347.4B             ASDFRb AREF
 2.3930171e-001
 2.2804879e-001
 1.9966401e-001
 1.7105870e-001
 1.4899898e-001
 1.3484812e-001
 1.3011186e-001
 1.3717166e-001
 1.5554704e-001
 1.8118988e-001
 1.9209372e-001
 1.7534143e-001
 1.6371825e-001
 1.4416899e-001
 1.2035155e-001
 1.0607371e-001
 1.0118012e-001
 1.0415704e-001
 1.1422115e-001
 1.3339643e-001
 1.6572894e-001
 2.1315207e-001
 2.7042413e-001
 3.2302961e-001
 3.6183500e-001
 3.8028505e-001
 3.8231996e-001
 3.7054515e-001
 3.5194913e-001
 3.3159041e-001
 3.1221452e-001
 2.9460642e-001
 3.1520674e-001
 2.9781368e-001
 2.8223667e-001
 2.6853418e-001
 2.5649512e-001
 2.4615212e-001
 2.3729590e-001
 2.3000540e-001
 2.2391666e-001
 2.1930620e-001
 2.1586482e-001
 2.1363850e-001
 2.1251447e-001
 2.1224070e-001
 2.1302541e-001
 2.1487251e-001
 2.1776526e-001
 2.2145669e-001
 2.2622554e-001
 2.3180036e-001
 2.3845810e-001
 2.4597475e-001
 2.5445744e-001
 2.6386079e-001
 2.7401742e-001
 2.8526631e-001
 2.9717571e-001
 3.0985430e-001
 3.2326075e-001
 3.3735883e-001
 3.5195956e-001
 3.6695880e-001
 3.8178724e-001
 3.9720446e-001
 4.1236335e-001
 4.2711738e-001
 4.4113028e-001
 4.5418051e-001
 4.6646827e-001
 4.7629306e-001
 4.8597911e-001
 4.9453864e-001
 5.0235248e-001
 5.0962609e-001
 5.1555377e-001
 5.2202195e-001
 5.2818608e-001
 5.3374779e-001
 5.3952426e-001
 5.4501283e-001
 5.5097610e-001
 5.5640531e-001
 5.6191766e-001
 5.6899387e-001
 5.7573032e-001
 5.8403784e-001
 5.9363472e-001
 6.0253984e-001
 6.1263478e-001
 6.2257600e-001
 6.3129234e-001
 6.4047152e-001
 6.4949471e-001
 6.5986985e-001
 6.4441919e-001
 6.5455174e-001
 6.6510737e-001
 6.7663175e-001
 6.8835908e-001
 6.9883293e-001
 7.0868421e-001
 7.1685094e-001
 7.2397918e-001
 7.2925103e-001
 7.3265386e-001
 7.3535329e-001
 7.3626775e-001
 7.1855175e-001
 6.9971359e-001
 7.1312326e-001
 7.1146297e-001
 7.1083307e-001
 7.1024847e-001
 7.0955747e-001
 7.1082169e-001
 7.1254969e-001
 7.1162033e-001
 7.0809048e-001
 7.0025164e-001
 6.8838984e-001
 6.7248261e-001
 6.5240371e-001
 6.2963998e-001
 6.0653019e-001
 5.8561969e-001
 5.6726903e-001
 5.4996520e-001
 5.3281784e-001
 5.1499164e-001
 4.9649665e-001
 4.7520262e-001
 4.5541522e-001
 4.3818888e-001
 4.2157647e-001
 4.0675625e-001
 3.9977354e-001
 4.0193009e-001
 4.0609643e-001
 4.0929183e-001
 4.1460791e-001
 4.2432672e-001
 4.3646678e-001
 4.4907358e-001
 4.6091068e-001
 4.7314215e-001
 4.8518625e-001
 4.9728975e-001
 5.1059508e-001
 5.2357167e-001
 5.3564036e-001
 5.4898894e-001
 5.5533838e-001
 5.4195499e-001
 5.1124448e-001
 5.0702006e-001
 5.1785189e-001
 5.2273506e-001
 5.2225524e-001
 5.2275634e-001
 5.2080417e-001
 5.1504451e-001
 5.0788122e-001
 5.0122738e-001
 4.9803904e-001
 5.0849497e-001
 5.2058691e-001
 5.2854288e-001
 5.3507453e-001
 5.4192609e-001
 5.4857373e-001
 5.5499470e-001
 5.6132644e-001
 5.6687689e-001
 5.7242721e-001
 5.7664955e-001
 5.7951581e-001
 5.7836318e-001
 5.7517409e-001
 5.7752198e-001
 5.8114380e-001
 5.8187115e-001
 5.8376497e-001
 5.8552605e-001
 5.8637881e-001
 5.8654124e-001
 5.8529097e-001
 5.8387512e-001
 5.8003849e-001
 5.7247251e-001
 5.6460667e-001
 5.5849797e-001
 5.5171263e-001
 5.4094523e-001
 5.2493376e-001
 4.9850360e-001
 4.6787766e-001
 4.4913876e-001
 4.4171697e-001
 4.1231796e-001
 3.4945783e-001
 3.0401811e-001
 3.3021250e-001
 3.5954911e-001
 3.5955170e-001
 3.4747934e-001
 3.3870018e-001
 3.4364381e-001
 3.6304963e-001
 3.7902904e-001
 3.7766990e-001
 3.6203974e-001
 3.3791816e-001
 3.1278518e-001
 2.9439181e-001
 2.7157837e-001
 2.4244365e-001
 2.0206384e-001
 1.6865028e-001
 1.7403920e-001
 2.1982010e-001
 2.6608795e-001
-1.2300000e+034
