s07_AV97 Record=2250: Muscovite GDS116 Tanzania     BECKa AREF
 3.3067393e-001
 3.5332558e-001
 3.7580383e-001
 3.9702627e-001
 4.0969563e-001
 4.2068720e-001
 4.3048796e-001
 4.3722183e-001
 4.4532582e-001
 4.6233436e-001
 4.6987495e-001
 4.7749308e-001
 4.8614815e-001
 4.9080864e-001
 4.9093661e-001
 4.9308723e-001
 4.9599010e-001
 4.9762899e-001
 5.0039488e-001
 5.0424701e-001
 5.0718629e-001
 5.1020885e-001
 5.1483256e-001
 5.1977819e-001
 5.2486777e-001
 5.2874082e-001
 5.3269684e-001
 5.3629875e-001
 5.3985244e-001
 5.4313952e-001
 5.4699510e-001
 5.5069667e-001
 5.4635680e-001
 5.5008936e-001
 5.5325419e-001
 5.5796146e-001
 5.6080806e-001
 5.6419688e-001
 5.6847650e-001
 5.7192600e-001
 5.7556725e-001
 5.7840794e-001
 5.8144057e-001
 5.8501410e-001
 5.8756757e-001
 5.9048933e-001
 5.9303927e-001
 5.9437591e-001
 5.9693474e-001
 5.9638560e-001
 5.9915316e-001
 5.9622991e-001
 5.9587002e-001
 5.9484375e-001
 5.9494472e-001
 5.9656382e-001
 5.9741318e-001
 5.9603059e-001
 5.9764326e-001
 6.0169041e-001
 6.0204464e-001
 6.0541123e-001
 6.0429317e-001
 6.0642219e-001
 6.1073780e-001
 6.1481988e-001
 6.1754847e-001
 6.2055504e-001
 6.2127811e-001
 6.2244231e-001
 6.2308949e-001
 6.2599176e-001
 6.2640107e-001
 6.2720031e-001
 6.2802380e-001
 6.2855601e-001
 6.3123876e-001
 6.3339359e-001
 6.3532293e-001
 6.3760269e-001
 6.3999885e-001
 6.4333534e-001
 6.4709491e-001
 6.5100551e-001
 6.5311044e-001
 6.5776139e-001
 6.6285241e-001
 6.6745108e-001
 6.7217785e-001
 6.7718560e-001
 6.8236107e-001
 6.8561071e-001
 6.9150484e-001
 6.9402111e-001
 7.0011640e-001
 7.0578611e-001
 6.9703865e-001
 7.0292115e-001
 7.0894557e-001
 7.1311092e-001
 7.1586901e-001
 7.1836770e-001
 7.2229147e-001
 7.2796500e-001
 7.3216867e-001
 7.3635978e-001
 7.4157983e-001
 7.4333352e-001
 7.4343193e-001
 7.3910993e-001
 7.1112674e-001
 6.3362342e-001
 5.8218116e-001
 6.2016863e-001
 6.9588923e-001
 7.4994832e-001
 7.7018392e-001
 7.7733964e-001
 7.8349370e-001
 7.8456175e-001
 7.8814840e-001
 7.9145199e-001
 7.9446644e-001
 7.9703450e-001
 7.9955041e-001
 8.0278009e-001
 8.0565834e-001
 8.0735826e-001
 8.0883127e-001
 8.1117082e-001
 8.1294328e-001
 8.1563210e-001
 8.1737179e-001
 8.1891769e-001
 8.2135326e-001
 8.2121807e-001
 8.2259125e-001
 8.2435614e-001
 8.2644856e-001
 8.2644188e-001
 8.2838058e-001
 8.3118695e-001
 8.3070445e-001
 8.3291072e-001
 8.3380044e-001
 8.3528978e-001
 8.3601367e-001
 8.3486521e-001
 8.3593708e-001
 8.3679157e-001
 8.3752382e-001
 8.3807009e-001
 8.3683258e-001
 8.3677024e-001
 8.3817440e-001
 8.3293599e-001
 8.2663262e-001
 8.3089763e-001
 8.3321422e-001
 8.2875693e-001
 8.3038622e-001
 8.2538950e-001
 8.2091624e-001
 8.1633282e-001
 8.1407154e-001
 8.1622440e-001
 8.1764042e-001
 8.1684655e-001
 8.1850380e-001
 8.2134718e-001
 8.2406199e-001
 8.2614237e-001
 8.2362932e-001
 8.2521218e-001
 8.2851750e-001
 8.2863778e-001
 8.2900506e-001
 8.2807058e-001
 8.2444060e-001
 8.2436514e-001
 8.2307577e-001
 8.1400156e-001
 7.9809111e-001
 7.8268218e-001
 7.6903123e-001
 7.6299310e-001
 7.6322180e-001
 7.6102632e-001
 7.4826568e-001
 7.2627085e-001
 6.8761539e-001
 6.2321037e-001
 5.4511803e-001
 4.9388552e-001
 4.9569345e-001
 5.3340995e-001
 5.6176531e-001
 5.8172381e-001
 6.2045741e-001
 6.5754622e-001
 6.7152196e-001
 6.7156595e-001
 6.6718924e-001
 6.4830142e-001
 6.2345707e-001
 5.8119166e-001
 5.5022240e-001
 5.3019267e-001
 5.2730149e-001
 5.3023386e-001
 5.2974737e-001
 5.3393173e-001
 5.4027772e-001
 5.4290897e-001
 5.3967696e-001
 5.3131539e-001
 5.2247536e-001
 5.1834917e-001
 5.1961148e-001
 5.2571809e-001
 5.3562176e-001
 5.4726648e-001
 5.5842382e-001
 5.6750661e-001
