s07_AV97 Record=999: Cuprite HS127.4B             ASDFRb AREF
 3.5454210e-002
 3.6468949e-002
 3.7539035e-002
 3.7333317e-002
 3.7551168e-002
 3.7762627e-002
 3.7666976e-002
 3.7629105e-002
 3.7729114e-002
 3.7904754e-002
 3.7979595e-002
 3.8063910e-002
 3.8177188e-002
 3.8342211e-002
 3.8447440e-002
 3.8585350e-002
 3.8749587e-002
 3.8901981e-002
 3.9070208e-002
 3.9267253e-002
 3.9473072e-002
 3.9765116e-002
 4.0134210e-002
 4.0624999e-002
 4.1392069e-002
 4.2156506e-002
 4.3081634e-002
 4.4325933e-002
 4.5569651e-002
 4.6651799e-002
 4.7782876e-002
 4.9012072e-002
 4.7594741e-002
 4.8765779e-002
 5.0021581e-002
 5.1373780e-002
 5.2847795e-002
 5.4443412e-002
 5.6226619e-002
 5.8275532e-002
 6.0632084e-002
 6.3402295e-002
 6.6680714e-002
 7.0521168e-002
 7.4988231e-002
 8.0107622e-002
 8.5868508e-002
 9.2115030e-002
 9.8695487e-002
 1.0537796e-001
 1.1197447e-001
 1.1825564e-001
 1.2408411e-001
 1.2935136e-001
 1.3408633e-001
 1.3831031e-001
 1.4208189e-001
 1.4549276e-001
 1.4855134e-001
 1.5134576e-001
 1.5389018e-001
 1.5619950e-001
 1.5831660e-001
 1.6027518e-001
 1.6208456e-001
 1.6373388e-001
 1.6525307e-001
 1.6687366e-001
 1.6789947e-001
 1.6946745e-001
 1.7057246e-001
 1.7151660e-001
 1.7231269e-001
 1.7294227e-001
 1.7368360e-001
 1.7429911e-001
 1.7480519e-001
 1.7509365e-001
 1.7549117e-001
 1.7587130e-001
 1.7619644e-001
 1.7651550e-001
 1.7673188e-001
 1.7703554e-001
 1.7716256e-001
 1.7737950e-001
 1.7753893e-001
 1.7775862e-001
 1.7806125e-001
 1.7827073e-001
 1.7859158e-001
 1.7879574e-001
 1.7901400e-001
 1.7927708e-001
 1.7946275e-001
 1.7973809e-001
 1.7938845e-001
 1.7961322e-001
 1.7983444e-001
 1.8012114e-001
 1.8038520e-001
 1.8068697e-001
 1.8087538e-001
 1.8117172e-001
 1.8151289e-001
 1.8186098e-001
 1.8238306e-001
 1.8281408e-001
 1.8305555e-001
 1.8339337e-001
 1.8359224e-001
 1.8341368e-001
 1.8337233e-001
 1.8395878e-001
 1.8459216e-001
 1.8516695e-001
 1.8560132e-001
 1.8610466e-001
 1.8665342e-001
 1.8713214e-001
 1.8758513e-001
 1.8809138e-001
 1.8854679e-001
 1.8896639e-001
 1.8943313e-001
 1.8986851e-001
 1.9033568e-001
 1.9086991e-001
 1.9136725e-001
 1.9175480e-001
 1.9220150e-001
 1.9268025e-001
 1.9321258e-001
 1.9360672e-001
 1.9410571e-001
 1.9449890e-001
 1.9490358e-001
 1.9537070e-001
 1.9580011e-001
 1.9628720e-001
 1.9668069e-001
 1.9708019e-001
 1.9761942e-001
 1.9802922e-001
 1.9824712e-001
 1.9843298e-001
 1.9861501e-001
 1.9896261e-001
 1.9925515e-001
 1.9960758e-001
 1.9982600e-001
 2.0018467e-001
 2.0040128e-001
 2.0052448e-001
 2.0064265e-001
 2.0081864e-001
 2.0088124e-001
 2.0092097e-001
 2.0098345e-001
 2.0025912e-001
 2.0058666e-001
 1.9967657e-001
 1.9843262e-001
 1.9717139e-001
 1.9694397e-001
 1.9703560e-001
 1.9718468e-001
 1.9730663e-001
 1.9744819e-001
 1.9752251e-001
 1.9766746e-001
 1.9787499e-001
 1.9816622e-001
 1.9843590e-001
 1.9869635e-001
 1.9912493e-001
 1.9943787e-001
 2.0004712e-001
 2.0051919e-001
 2.0071673e-001
 2.0109858e-001
 2.0133397e-001
 2.0134838e-001
 2.0139171e-001
 2.0149371e-001
 2.0144232e-001
 2.0125619e-001
 2.0093472e-001
 2.0052609e-001
 2.0018877e-001
 1.9948906e-001
 1.9882710e-001
 1.9772254e-001
 1.9620404e-001
 1.9510742e-001
 1.9468506e-001
 1.9400023e-001
 1.9287570e-001
 1.9110936e-001
 1.8970717e-001
 1.8990909e-001
 1.9095246e-001
 1.9224504e-001
 1.9331457e-001
 1.9395415e-001
 1.9341171e-001
 1.9211815e-001
 1.9053458e-001
 1.8972871e-001
 1.8918173e-001
 1.8922462e-001
 1.8848135e-001
 1.8805148e-001
 1.8756200e-001
 1.8702321e-001
 1.8727180e-001
 1.8726039e-001
 1.8712570e-001
 1.8771707e-001
 1.8795380e-001
 1.8814059e-001
 1.8846443e-001
 1.8767437e-001
-1.2300000e+034
