s07_AV97 Record=3215: Thuringite SMR-15.c  32um    NIC4aa RREF
-1.2300000e+034
-1.2300000e+034
-1.2300000e+034
-1.2300000e+034
-1.2300000e+034
-1.2300000e+034
-1.2300000e+034
-1.2300000e+034
-1.2300000e+034
-1.2300000e+034
-1.2300000e+034
-1.2300000e+034
-1.2300000e+034
-1.2300000e+034
-1.2300000e+034
-1.2300000e+034
-1.2300000e+034
-1.2300000e+034
-1.2300000e+034
-1.2300000e+034
-1.2300000e+034
-1.2300000e+034
-1.2300000e+034
-1.2300000e+034
-1.2300000e+034
-1.2300000e+034
-1.2300000e+034
-1.2300000e+034
-1.2300000e+034
-1.2300000e+034
-1.2300000e+034
-1.2300000e+034
-1.2300000e+034
-1.2300000e+034
-1.2300000e+034
-1.2300000e+034
-1.2300000e+034
-1.2300000e+034
-1.2300000e+034
-1.2300000e+034
-1.2300000e+034
-1.2300000e+034
-1.2300000e+034
-1.2300000e+034
-1.2300000e+034
-1.2300000e+034
-1.2300000e+034
-1.2300000e+034
-1.2300000e+034
-1.2300000e+034
-1.2300000e+034
-1.2300000e+034
-1.2300000e+034
-1.2300000e+034
-1.2300000e+034
-1.2300000e+034
-1.2300000e+034
-1.2300000e+034
-1.2300000e+034
-1.2300000e+034
-1.2300000e+034
-1.2300000e+034
-1.2300000e+034
-1.2300000e+034
-1.2300000e+034
-1.2300000e+034
-1.2300000e+034
-1.2300000e+034
-1.2300000e+034
-1.2300000e+034
-1.2300000e+034
-1.2300000e+034
-1.2300000e+034
-1.2300000e+034
-1.2300000e+034
-1.2300000e+034
-1.2300000e+034
-1.2300000e+034
-1.2300000e+034
-1.2300000e+034
-1.2300000e+034
-1.2300000e+034
-1.2300000e+034
-1.2300000e+034
-1.2300000e+034
-1.2300000e+034
-1.2300000e+034
-1.2300000e+034
-1.2300000e+034
-1.2300000e+034
-1.2300000e+034
-1.2300000e+034
-1.2300000e+034
-1.2300000e+034
-1.2300000e+034
-1.2300000e+034
-1.2300000e+034
-1.2300000e+034
-1.2300000e+034
-1.2300000e+034
-1.2300000e+034
-1.2300000e+034
-1.2300000e+034
-1.2300000e+034
-1.2300000e+034
-1.2300000e+034
-1.2300000e+034
-1.2300000e+034
 3.1849632e-001
 3.2288110e-001
 3.2325301e-001
 3.1329089e-001
 3.0830008e-001
 3.2557362e-001
 3.3339211e-001
 3.3616778e-001
 3.3988461e-001
 3.4427834e-001
 3.4893712e-001
 3.5376871e-001
 3.5857108e-001
 3.6323276e-001
 3.6761314e-001
 3.7163767e-001
 3.7583357e-001
 3.8060257e-001
 3.8578868e-001
 3.9140007e-001
 3.9703447e-001
 4.0289524e-001
 4.0872672e-001
 4.1479689e-001
 4.2091927e-001
 4.2744169e-001
 4.3366611e-001
 4.3967146e-001
 4.4517809e-001
 4.5071760e-001
 4.5633155e-001
 4.6185920e-001
 4.6739006e-001
 4.7278613e-001
 4.7793815e-001
 4.8267391e-001
 4.8721951e-001
 4.9166602e-001
 4.9618727e-001
 5.0062585e-001
 5.0500494e-001
 5.0928015e-001
 5.1305389e-001
 5.1640636e-001
 5.1944965e-001
 5.2259135e-001
 5.2587116e-001
 5.2894521e-001
 5.3133506e-001
 5.3334153e-001
 5.3560048e-001
 5.3700554e-001
 5.3651047e-001
 5.3852332e-001
 5.4131329e-001
 5.4432285e-001
 5.4754436e-001
 5.5059630e-001
 5.5287570e-001
 5.5397296e-001
 5.5409104e-001
 5.5375534e-001
 5.5243462e-001
 5.4989070e-001
 5.4807961e-001
 5.4875648e-001
 5.5250269e-001
 5.5906707e-001
 5.6728250e-001
 5.7506984e-001
 5.8142322e-001
 5.8653009e-001
 5.9060246e-001
 5.9383905e-001
 5.9624070e-001
 5.9743917e-001
 5.9749031e-001
 5.9728914e-001
 5.9803289e-001
 5.9895957e-001
 5.9924829e-001
 5.9934318e-001
 5.9891820e-001
 5.9785163e-001
 5.9468299e-001
 5.8941340e-001
 5.8260226e-001
 5.6910449e-001
 5.4247934e-001
 4.9914071e-001
 4.6736547e-001
 4.7559130e-001
 4.9715713e-001
 5.0702822e-001
 5.0589079e-001
 4.9779797e-001
 4.8733121e-001
 4.7592404e-001
 4.6236524e-001
 4.4920561e-001
 4.4457266e-001
 4.5183298e-001
 4.7093320e-001
 4.9265236e-001
 5.0709271e-001
 5.1313925e-001
 5.1452512e-001
 5.1477820e-001
 5.1421326e-001
 5.1342160e-001
 5.1063019e-001
 5.0403839e-001
 4.9551830e-001
 4.8697108e-001
 4.7942191e-001
 4.7440106e-001
