s07_AV97 Record=352: Andradite GDS12 Garnet       NIC4cc RREF
-1.2300000e+034
-1.2300000e+034
-1.2300000e+034
-1.2300000e+034
-1.2300000e+034
-1.2300000e+034
-1.2300000e+034
-1.2300000e+034
-1.2300000e+034
-1.2300000e+034
-1.2300000e+034
-1.2300000e+034
-1.2300000e+034
-1.2300000e+034
-1.2300000e+034
-1.2300000e+034
-1.2300000e+034
-1.2300000e+034
-1.2300000e+034
-1.2300000e+034
-1.2300000e+034
-1.2300000e+034
-1.2300000e+034
-1.2300000e+034
-1.2300000e+034
-1.2300000e+034
-1.2300000e+034
-1.2300000e+034
-1.2300000e+034
-1.2300000e+034
-1.2300000e+034
-1.2300000e+034
-1.2300000e+034
-1.2300000e+034
-1.2300000e+034
-1.2300000e+034
-1.2300000e+034
-1.2300000e+034
-1.2300000e+034
-1.2300000e+034
-1.2300000e+034
-1.2300000e+034
-1.2300000e+034
-1.2300000e+034
-1.2300000e+034
-1.2300000e+034
-1.2300000e+034
-1.2300000e+034
-1.2300000e+034
-1.2300000e+034
-1.2300000e+034
-1.2300000e+034
-1.2300000e+034
-1.2300000e+034
-1.2300000e+034
-1.2300000e+034
-1.2300000e+034
-1.2300000e+034
-1.2300000e+034
-1.2300000e+034
-1.2300000e+034
-1.2300000e+034
-1.2300000e+034
-1.2300000e+034
-1.2300000e+034
-1.2300000e+034
-1.2300000e+034
-1.2300000e+034
-1.2300000e+034
-1.2300000e+034
-1.2300000e+034
-1.2300000e+034
-1.2300000e+034
-1.2300000e+034
-1.2300000e+034
-1.2300000e+034
-1.2300000e+034
-1.2300000e+034
-1.2300000e+034
-1.2300000e+034
-1.2300000e+034
-1.2300000e+034
-1.2300000e+034
-1.2300000e+034
-1.2300000e+034
-1.2300000e+034
-1.2300000e+034
-1.2300000e+034
-1.2300000e+034
-1.2300000e+034
-1.2300000e+034
-1.2300000e+034
-1.2300000e+034
-1.2300000e+034
-1.2300000e+034
-1.2300000e+034
-1.2300000e+034
-1.2300000e+034
-1.2300000e+034
-1.2300000e+034
-1.2300000e+034
-1.2300000e+034
-1.2300000e+034
-1.2300000e+034
-1.2300000e+034
-1.2300000e+034
-1.2300000e+034
-1.2300000e+034
-1.2300000e+034
-1.2300000e+034
-1.2300000e+034
-1.2300000e+034
-1.2300000e+034
-1.2300000e+034
-1.2300000e+034
-1.2300000e+034
-1.2300000e+034
-1.2300000e+034
-1.2300000e+034
-1.2300000e+034
-1.2300000e+034
-1.2300000e+034
-1.2300000e+034
-1.2300000e+034
-1.2300000e+034
-1.2300000e+034
-1.2300000e+034
 6.2246192e-001
 6.3040096e-001
 6.3878250e-001
 6.4667720e-001
 6.5388745e-001
 6.5999806e-001
 6.6543126e-001
 6.7022640e-001
 6.7483562e-001
 6.7905748e-001
 6.8344069e-001
 6.8769634e-001
 6.9127059e-001
 6.9454616e-001
 6.9751585e-001
 7.0041347e-001
 7.0348561e-001
 7.0646524e-001
 7.0970201e-001
 7.1297151e-001
 7.1586651e-001
 7.1818227e-001
 7.2034806e-001
 7.2263217e-001
 7.2498930e-001
 7.2746074e-001
 7.3011070e-001
 7.3279673e-001
 7.3518044e-001
 7.3756790e-001
 7.3945922e-001
 7.4035668e-001
 7.4172246e-001
 7.4142683e-001
 7.4118489e-001
 7.3845154e-001
 7.3689842e-001
 7.3930925e-001
 7.4375075e-001
 7.4754775e-001
 7.5079381e-001
 7.5356168e-001
 7.5570309e-001
 7.5812554e-001
 7.6074171e-001
 7.6388025e-001
 7.6704735e-001
 7.7001041e-001
 7.7254891e-001
 7.7459037e-001
 7.7619618e-001
 7.7757883e-001
 7.7888650e-001
 7.7997327e-001
 7.8123921e-001
 7.8272754e-001
 7.8417444e-001
 7.8576136e-001
 7.8715253e-001
 7.8790087e-001
 7.8804302e-001
 7.8745538e-001
 7.8616661e-001
 7.8417027e-001
 7.8220904e-001
 7.8029621e-001
 7.7931476e-001
 7.7931613e-001
 7.7854335e-001
 7.7561325e-001
 7.7200341e-001
 7.7536124e-001
 7.7985108e-001
 7.8327340e-001
 7.8406698e-001
 7.8352565e-001
 7.8383797e-001
 7.8251624e-001
 7.8002053e-001
 7.7408028e-001
 7.6524764e-001
 7.5550878e-001
 7.5405520e-001
 7.5819319e-001
 7.6022792e-001
 7.6128638e-001
 7.6094514e-001
 7.6050693e-001
 7.5915658e-001
 7.5864136e-001
 7.5727433e-001
 7.5456446e-001
 7.5069940e-001
 7.4785775e-001
 7.4591929e-001
 7.4528313e-001
 7.4560744e-001
