s07_AV97 Record=3358: Topaz Wigwam_Area_#10        NIC4bb RREF
-1.2300000e+034
-1.2300000e+034
-1.2300000e+034
-1.2300000e+034
-1.2300000e+034
-1.2300000e+034
-1.2300000e+034
-1.2300000e+034
-1.2300000e+034
-1.2300000e+034
-1.2300000e+034
-1.2300000e+034
-1.2300000e+034
-1.2300000e+034
-1.2300000e+034
-1.2300000e+034
-1.2300000e+034
-1.2300000e+034
-1.2300000e+034
-1.2300000e+034
-1.2300000e+034
-1.2300000e+034
-1.2300000e+034
-1.2300000e+034
-1.2300000e+034
-1.2300000e+034
-1.2300000e+034
-1.2300000e+034
-1.2300000e+034
-1.2300000e+034
-1.2300000e+034
-1.2300000e+034
-1.2300000e+034
-1.2300000e+034
-1.2300000e+034
-1.2300000e+034
-1.2300000e+034
-1.2300000e+034
-1.2300000e+034
-1.2300000e+034
-1.2300000e+034
-1.2300000e+034
-1.2300000e+034
-1.2300000e+034
-1.2300000e+034
-1.2300000e+034
-1.2300000e+034
-1.2300000e+034
-1.2300000e+034
-1.2300000e+034
-1.2300000e+034
-1.2300000e+034
-1.2300000e+034
-1.2300000e+034
-1.2300000e+034
-1.2300000e+034
-1.2300000e+034
-1.2300000e+034
-1.2300000e+034
-1.2300000e+034
-1.2300000e+034
-1.2300000e+034
-1.2300000e+034
-1.2300000e+034
-1.2300000e+034
-1.2300000e+034
-1.2300000e+034
-1.2300000e+034
-1.2300000e+034
-1.2300000e+034
-1.2300000e+034
-1.2300000e+034
-1.2300000e+034
-1.2300000e+034
-1.2300000e+034
-1.2300000e+034
-1.2300000e+034
-1.2300000e+034
-1.2300000e+034
-1.2300000e+034
-1.2300000e+034
-1.2300000e+034
-1.2300000e+034
-1.2300000e+034
-1.2300000e+034
-1.2300000e+034
-1.2300000e+034
-1.2300000e+034
-1.2300000e+034
-1.2300000e+034
-1.2300000e+034
-1.2300000e+034
-1.2300000e+034
-1.2300000e+034
-1.2300000e+034
-1.2300000e+034
-1.2300000e+034
-1.2300000e+034
-1.2300000e+034
-1.2300000e+034
-1.2300000e+034
-1.2300000e+034
-1.2300000e+034
-1.2300000e+034
-1.2300000e+034
-1.2300000e+034
-1.2300000e+034
-1.2300000e+034
-1.2300000e+034
-1.2300000e+034
 7.5633657e-001
 7.1245819e-001
 7.2713506e-001
 7.2629142e-001
 7.1881539e-001
 7.1237361e-001
 7.0702708e-001
 7.0325321e-001
 7.0124096e-001
 7.0091230e-001
 7.0162344e-001
 7.0329678e-001
 7.0551950e-001
 7.0774412e-001
 7.1084845e-001
 7.1500331e-001
 7.1961075e-001
 7.2404701e-001
 7.2795594e-001
 7.3172414e-001
 7.3546255e-001
 7.3983467e-001
 7.4483103e-001
 7.4998981e-001
 7.5427783e-001
 7.5813466e-001
 7.6161253e-001
 7.6502007e-001
 7.6815808e-001
 7.6921481e-001
 7.7582484e-001
 7.8018701e-001
 7.8275061e-001
 7.8486276e-001
 7.8737462e-001
 7.9048938e-001
 7.9358214e-001
 7.9680121e-001
 7.9979479e-001
 8.0227321e-001
 8.0382991e-001
 8.0529159e-001
 8.0671924e-001
 8.0837518e-001
 8.1034034e-001
 8.1243837e-001
 8.1468219e-001
 8.1641024e-001
 8.1730556e-001
 8.1762183e-001
 8.1753874e-001
 8.1773049e-001
 8.1779897e-001
 8.1841290e-001
 8.1929862e-001
 8.2045633e-001
 8.2208866e-001
 8.2343698e-001
 8.2438290e-001
 8.2477862e-001
 8.2523799e-001
 8.2533389e-001
 8.2520664e-001
 8.2547122e-001
 8.2667917e-001
 8.2766372e-001
 8.2770473e-001
 8.2610899e-001
 8.1887800e-001
 7.8353614e-001
 6.5242457e-001
 6.8849975e-001
 7.8893256e-001
 8.1227601e-001
 8.1822938e-001
 8.1440634e-001
 8.0131131e-001
 7.9185110e-001
 7.9663903e-001
 8.0478221e-001
 8.0916011e-001
 8.1294250e-001
 8.0909497e-001
 8.0666631e-001
 8.1345290e-001
 8.2140034e-001
 8.2292175e-001
 8.2086205e-001
 8.0867124e-001
 8.1357437e-001
 8.1976068e-001
 8.1720984e-001
 8.0987000e-001
 8.0499434e-001
 8.0006981e-001
 7.9451001e-001
 7.9304641e-001
 7.9144007e-001
 7.9038459e-001
 7.8648388e-001
 7.8533453e-001
 7.8533161e-001
 7.8141880e-001
 7.7594781e-001
 7.6711309e-001
 7.6514673e-001
 7.6712006e-001
 7.6202196e-001
 7.4831837e-001
 7.3333716e-001
 7.2819978e-001
 7.1706986e-001
 6.9257367e-001
 6.7633069e-001
