s07_AV97 Record=3382: Tremolite NMNH117611.HCl      BECKb AREF
 4.2336005e-001
 4.3389261e-001
 4.4567087e-001
 4.5658165e-001
 4.6534884e-001
 4.7284183e-001
 4.7832391e-001
 4.8218819e-001
 4.8920006e-001
 4.9521026e-001
 5.0061071e-001
 5.0575614e-001
 5.1072276e-001
 5.1532298e-001
 5.1907140e-001
 5.2325052e-001
 5.2710485e-001
 5.3062189e-001
 5.3435987e-001
 5.3862280e-001
 5.4241234e-001
 5.4650897e-001
 5.5054700e-001
 5.5408281e-001
 5.5784303e-001
 5.6131750e-001
 5.6530046e-001
 5.6945890e-001
 5.7264149e-001
 5.7726288e-001
 5.8255619e-001
 5.8666754e-001
 5.8187753e-001
 5.8575135e-001
 5.9024835e-001
 5.9452522e-001
 5.9942210e-001
 6.0425675e-001
 6.0881889e-001
 6.1334080e-001
 6.1757737e-001
 6.2202281e-001
 6.2618560e-001
 6.3041449e-001
 6.3296145e-001
 6.3560915e-001
 6.3663489e-001
 6.3788825e-001
 6.3731289e-001
 6.3634360e-001
 6.3481110e-001
 6.3405055e-001
 6.3535231e-001
 6.3354081e-001
 6.3134515e-001
 6.3077199e-001
 6.3143003e-001
 6.2940758e-001
 6.2756097e-001
 6.2821138e-001
 6.2755936e-001
 6.2705898e-001
 6.2459016e-001
 6.2650144e-001
 6.2355381e-001
 6.1864340e-001
 6.1788386e-001
 6.1184281e-001
 6.1056590e-001
 6.1128384e-001
 6.0922331e-001
 6.1064881e-001
 6.1276931e-001
 6.1748356e-001
 6.2260205e-001
 6.2952024e-001
 6.3608032e-001
 6.4191341e-001
 6.4817381e-001
 6.5306181e-001
 6.5687221e-001
 6.6140956e-001
 6.6378528e-001
 6.6626924e-001
 6.6815579e-001
 6.7036545e-001
 6.7552829e-001
 6.7724836e-001
 6.7964250e-001
 6.8311375e-001
 6.8701959e-001
 6.8927938e-001
 6.9405967e-001
 6.9851238e-001
 7.0429796e-001
 7.0608628e-001
 7.0117122e-001
 7.0532531e-001
 7.0814687e-001
 7.1310651e-001
 7.1916521e-001
 7.2352105e-001
 7.2808856e-001
 7.3294693e-001
 7.3912936e-001
 7.4298912e-001
 7.4676299e-001
 7.4609518e-001
 7.2327048e-001
 7.1633339e-001
 7.3058802e-001
 7.6339376e-001
 7.7324319e-001
 7.7903700e-001
 7.8232163e-001
 7.8664225e-001
 7.9009044e-001
 7.9441375e-001
 7.9656661e-001
 8.0067343e-001
 8.0194598e-001
 8.0632234e-001
 8.0804676e-001
 8.1048679e-001
 8.1379491e-001
 8.1573939e-001
 8.1831455e-001
 8.2116842e-001
 8.2151312e-001
 8.2397449e-001
 8.2523060e-001
 8.2785845e-001
 8.2998443e-001
 8.3194071e-001
 8.3158183e-001
 8.3346742e-001
 8.3538008e-001
 8.3562529e-001
 8.3661550e-001
 8.3704078e-001
 8.3805162e-001
 8.4169775e-001
 8.4189022e-001
 8.4157795e-001
 8.4057951e-001
 8.3975750e-001
 8.4522873e-001
 8.4478593e-001
 8.4382159e-001
 8.4789592e-001
 8.4787154e-001
 8.4448403e-001
 8.4487098e-001
 8.4321815e-001
 8.4453124e-001
 8.4681565e-001
 8.4144533e-001
 8.4075755e-001
 8.4277582e-001
 8.4087765e-001
 8.4172893e-001
 8.3896846e-001
 8.3877420e-001
 8.3638561e-001
 8.3249146e-001
 8.3612210e-001
 8.3566809e-001
 8.3319813e-001
 8.3634025e-001
 8.3963805e-001
 8.3522481e-001
 8.3350521e-001
 8.3437055e-001
 8.3387375e-001
 8.3128512e-001
 8.3207130e-001
 8.3407390e-001
 8.3169007e-001
 8.2643586e-001
 8.2491016e-001
 8.1975979e-001
 8.1529456e-001
 8.0945593e-001
 8.1032550e-001
 8.1537473e-001
 8.1466442e-001
 8.1691843e-001
 8.2018143e-001
 8.2042408e-001
 8.1762707e-001
 8.1576407e-001
 8.1412363e-001
 8.0854857e-001
 8.0749816e-001
 8.0671066e-001
 8.0720097e-001
 8.0634236e-001
 8.0167979e-001
 7.9186451e-001
 7.7742869e-001
 7.6207525e-001
 7.3969114e-001
 6.8724680e-001
 6.3188291e-001
 6.5229088e-001
 7.2455835e-001
 7.4739605e-001
 7.4495614e-001
 7.3034841e-001
 6.8882042e-001
 6.5141684e-001
 6.8274081e-001
 7.1355987e-001
 7.3200029e-001
 7.3922199e-001
 7.3770505e-001
 7.3243028e-001
 7.2861171e-001
 7.2785741e-001
 7.2998643e-001
 7.3481393e-001
 7.4064082e-001
 7.4551582e-001
 7.4800152e-001
