s07_AV97 Record=2800: Quartz HS117.3B Aventurin     BECKb AREF
 6.4804012e-001
 6.6226858e-001
 6.7313367e-001
 6.8446648e-001
 6.9079816e-001
 6.9125259e-001
 6.8613517e-001
 6.7863876e-001
 6.7364639e-001
 6.7055112e-001
 6.5832204e-001
 6.4211726e-001
 6.2655175e-001
 6.0939074e-001
 5.9029281e-001
 5.7540447e-001
 5.5948716e-001
 5.4583472e-001
 5.3065568e-001
 5.1779938e-001
 5.0789106e-001
 4.9818915e-001
 4.9164116e-001
 4.8794585e-001
 4.8460475e-001
 4.8440024e-001
 4.8401615e-001
 4.8819280e-001
 4.9436718e-001
 5.0270092e-001
 5.1315528e-001
 5.2458501e-001
 5.1127243e-001
 5.2245420e-001
 5.3428793e-001
 5.4789287e-001
 5.6105840e-001
 5.7698333e-001
 5.9470218e-001
 6.1288929e-001
 6.2966865e-001
 6.4708984e-001
 6.6400993e-001
 6.8190825e-001
 6.9845784e-001
 7.1871555e-001
 7.3309678e-001
 7.4784702e-001
 7.6163250e-001
 7.7417523e-001
 7.9313892e-001
 8.0235720e-001
 8.1046772e-001
 8.2408196e-001
 8.3310431e-001
 8.3568746e-001
 8.4358484e-001
 8.4606797e-001
 8.4995168e-001
 8.6063254e-001
 8.6363161e-001
 8.6707306e-001
 8.7107325e-001
 8.7282032e-001
 8.7518799e-001
 8.8670260e-001
 8.8462961e-001
 8.8749212e-001
 8.9206582e-001
 8.9471543e-001
 8.9767784e-001
 9.0003532e-001
 9.0164661e-001
 9.0515751e-001
 9.0458792e-001
 9.0561616e-001
 9.0434122e-001
 9.0839136e-001
 9.1129315e-001
 9.1277510e-001
 9.1350508e-001
 9.1370785e-001
 9.1641045e-001
 9.1844881e-001
 9.1767240e-001
 9.1593367e-001
 9.1567779e-001
 9.1789579e-001
 9.1749632e-001
 9.2031753e-001
 9.2024320e-001
 9.2170995e-001
 9.2190450e-001
 9.2053735e-001
 9.2272377e-001
 9.2317152e-001
 9.2101467e-001
 9.2335308e-001
 9.2251337e-001
 9.2107940e-001
 9.1786307e-001
 9.1958904e-001
 9.1776687e-001
 9.1806012e-001
 9.1742271e-001
 9.1908824e-001
 9.2014945e-001
 9.1496187e-001
 9.1332591e-001
 9.0208083e-001
 8.4731555e-001
 7.7418023e-001
 7.7835685e-001
 8.5617507e-001
 9.0043026e-001
 9.0981370e-001
 9.0457928e-001
 8.9418268e-001
 8.9800000e-001
 9.0800595e-001
 9.1800725e-001
 9.1934353e-001
 9.1938114e-001
 9.1921443e-001
 9.1786152e-001
 9.1940588e-001
 9.1749072e-001
 9.1764325e-001
 9.1544497e-001
 9.1264677e-001
 9.1043603e-001
 9.0898401e-001
 9.0670043e-001
 9.0567458e-001
 9.0382594e-001
 9.0097845e-001
 8.9545667e-001
 8.9479023e-001
 8.8874322e-001
 8.8495606e-001
 8.7997282e-001
 8.7676865e-001
 8.6864495e-001
 8.6238068e-001
 8.5982239e-001
 8.5879844e-001
 8.5656714e-001
 8.5049820e-001
 8.5438615e-001
 8.5335380e-001
 8.5155576e-001
 8.5016948e-001
 8.4592026e-001
 8.4159750e-001
 8.3847988e-001
 8.3306891e-001
 8.3359641e-001
 8.2836193e-001
 8.2199693e-001
 8.1806093e-001
 8.1944311e-001
 8.1688035e-001
 8.1181514e-001
 8.0494553e-001
 8.0483508e-001
 8.0085135e-001
 7.9817539e-001
 7.9348290e-001
 7.9047257e-001
 7.9128146e-001
 7.8946811e-001
 7.8775269e-001
 7.8740644e-001
 7.8187168e-001
 7.8324682e-001
 7.8189087e-001
 7.7705526e-001
 7.7569115e-001
 7.7117693e-001
 7.6994318e-001
 7.6765025e-001
 7.6461118e-001
 7.5896227e-001
 7.5589114e-001
 7.5514090e-001
 7.4784636e-001
 7.4431556e-001
 7.4059427e-001
 7.2885168e-001
 7.1107912e-001
 6.7227477e-001
 6.1798996e-001
 6.0169089e-001
 6.3661027e-001
 6.7282909e-001
 6.6994488e-001
 6.5790838e-001
 6.5014815e-001
 6.4635545e-001
 6.5111792e-001
 6.5941823e-001
 6.6447741e-001
 6.7079115e-001
 6.6256618e-001
 6.4989698e-001
 6.3687783e-001
 6.2275481e-001
 6.2080866e-001
 6.1895907e-001
 6.2263590e-001
 6.2168479e-001
 6.1758554e-001
 6.1302483e-001
 6.0448319e-001
 5.9339404e-001
 5.8365732e-001
 5.7730216e-001
 5.7556605e-001
 5.7714409e-001
 5.8046204e-001
 5.8383036e-001
 5.8697414e-001
 5.8989453e-001
 5.9251004e-001
