s07_AV97 Record=3356: Topaz Wigwam_Area_A_#10       BECKb AREF
 8.7614554e-001
 8.7685406e-001
 8.7797725e-001
 8.7857080e-001
 8.7929600e-001
 8.8096470e-001
 8.8433331e-001
 8.8791734e-001
 8.9163232e-001
 8.9540380e-001
 8.9758497e-001
 9.0210104e-001
 9.0456098e-001
 9.0667659e-001
 9.0836102e-001
 9.0971249e-001
 9.1096443e-001
 9.1307884e-001
 9.1615057e-001
 9.2078507e-001
 9.2377490e-001
 9.2855233e-001
 9.3448442e-001
 9.4157702e-001
 9.4803268e-001
 9.5261371e-001
 9.5500273e-001
 9.5847654e-001
 9.6061260e-001
 9.6264237e-001
 9.6526355e-001
 9.6886599e-001
 9.6477234e-001
 9.6848845e-001
 9.7086108e-001
 9.7392941e-001
 9.7323078e-001
 9.7343725e-001
 9.7339231e-001
 9.7502577e-001
 9.7544408e-001
 9.7680956e-001
 9.7586948e-001
 9.7552037e-001
 9.7747159e-001
 9.7651619e-001
 9.7731072e-001
 9.7626388e-001
 9.7318417e-001
 9.7335505e-001
 9.6929723e-001
 9.7611254e-001
 9.8489863e-001
 9.8631805e-001
 9.8707908e-001
 9.8852086e-001
 9.9555612e-001
 9.8851395e-001
 9.8771518e-001
 9.8753822e-001
 9.9000788e-001
 9.8676807e-001
 9.9148488e-001
 9.8610926e-001
 9.8778230e-001
 9.9138558e-001
 9.9357808e-001
 9.9304557e-001
 9.9247330e-001
 9.9587244e-001
 9.9304330e-001
 9.9249905e-001
 9.9559337e-001
 9.9974662e-001
 1.0002259e+000
 9.9833369e-001
 1.0010419e+000
 1.0014080e+000
 9.9806261e-001
 1.0015079e+000
 1.0021987e+000
 1.0009922e+000
 1.0009125e+000
 1.0026240e+000
 1.0010813e+000
 1.0031494e+000
 1.0002121e+000
 1.0000396e+000
 1.0002159e+000
 9.9803263e-001
 1.0017327e+000
 1.0036451e+000
 1.0061785e+000
 1.0038463e+000
 1.0016080e+000
 1.0040028e+000
 1.0019128e+000
 1.0040579e+000
 1.0026815e+000
 1.0033616e+000
 1.0036572e+000
 1.0006862e+000
 1.0029271e+000
 1.0027021e+000
 9.9778223e-001
 9.9425048e-001
 9.9389064e-001
 9.9410105e-001
 9.9227965e-001
 9.9061286e-001
 9.7531581e-001
 8.9686483e-001
 9.5901918e-001
 9.8902267e-001
 9.9274439e-001
 9.9667710e-001
 9.9859595e-001
 9.9895567e-001
 9.9994433e-001
 1.0005003e+000
 9.9930769e-001
 9.9861825e-001
 9.9905908e-001
 9.9999642e-001
 9.9995130e-001
 1.0010301e+000
 1.0033425e+000
 1.0006292e+000
 1.0025855e+000
 1.0028327e+000
 1.0011235e+000
 1.0033133e+000
 1.0016502e+000
 1.0005927e+000
 1.0006609e+000
 9.9973905e-001
 1.0017636e+000
 1.0014943e+000
 9.9509633e-001
 9.7906888e-001
 9.8186243e-001
 9.9155551e-001
 9.8945373e-001
 9.8893344e-001
 9.8905319e-001
 9.8396397e-001
 9.8918414e-001
 9.9230725e-001
 9.9346244e-001
 9.9314946e-001
 9.9234349e-001
 9.9707335e-001
 9.9997091e-001
 9.9323261e-001
 9.8957473e-001
 9.8726207e-001
 9.8727983e-001
 9.8876059e-001
 9.8778534e-001
 9.8399478e-001
 9.8543632e-001
 9.8208570e-001
 9.7977245e-001
 9.7545391e-001
 9.7258097e-001
 9.7114682e-001
 9.7195059e-001
 9.7385722e-001
 9.7036105e-001
 9.6978611e-001
 9.7614193e-001
 9.7922188e-001
 9.7928369e-001
 9.7218823e-001
 9.7507876e-001
 9.8042774e-001
 9.7578079e-001
 9.7029841e-001
 9.5395261e-001
 8.9140958e-001
 7.1055794e-001
 6.8081617e-001
 8.8113028e-001
 9.2962486e-001
 9.4675088e-001
 9.3980521e-001
 9.1477823e-001
 8.8824165e-001
 8.9587575e-001
 9.1250592e-001
 9.1728759e-001
 9.2334664e-001
 9.1172248e-001
 8.9802927e-001
 9.1969436e-001
 9.4646025e-001
 9.4825745e-001
 9.4548285e-001
 9.1337949e-001
 9.0276939e-001
 9.3301725e-001
 9.3086439e-001
 9.3060690e-001
 9.1882890e-001
 9.0671539e-001
 8.8799590e-001
 8.8224441e-001
 8.8804340e-001
 8.8364685e-001
 8.7688392e-001
 8.6471784e-001
 8.6970228e-001
 8.7180591e-001
 8.6068285e-001
 8.4513980e-001
 8.3810163e-001
 8.3469290e-001
 8.2624823e-001
 8.1388456e-001
 7.9810429e-001
 7.8239691e-001
 7.6521081e-001
 7.4421996e-001
 7.1849406e-001
