s07_AV97 Record=2980: Serpentine HS8.6             ASDFRc AREF
 2.2128420e-001
 2.2429110e-001
 2.2557919e-001
 2.2564390e-001
 2.2513841e-001
 2.2463077e-001
 2.2352822e-001
 2.2190464e-001
 2.1999837e-001
 2.1853043e-001
 2.1800794e-001
 2.1775006e-001
 2.1616772e-001
 2.1354923e-001
 2.1135573e-001
 2.0864210e-001
 2.0507196e-001
 2.0165595e-001
 1.9861181e-001
 1.9536714e-001
 1.9207434e-001
 1.8869793e-001
 1.8537793e-001
 1.8217963e-001
 1.7931572e-001
 1.7587188e-001
 1.7261672e-001
 1.6960740e-001
 1.6650458e-001
 1.6363586e-001
 1.6098703e-001
 1.5847735e-001
 1.6138516e-001
 1.5895659e-001
 1.5654440e-001
 1.5421999e-001
 1.5197180e-001
 1.5008630e-001
 1.4843084e-001
 1.4677927e-001
 1.4524405e-001
 1.4394537e-001
 1.4287354e-001
 1.4201249e-001
 1.4075369e-001
 1.3968915e-001
 1.3853131e-001
 1.3699561e-001
 1.3538349e-001
 1.3363607e-001
 1.3196614e-001
 1.3036780e-001
 1.2863335e-001
 1.2690800e-001
 1.2544030e-001
 1.2375774e-001
 1.2249047e-001
 1.2128090e-001
 1.2015315e-001
 1.1886340e-001
 1.1777561e-001
 1.1681717e-001
 1.1581282e-001
 1.1478145e-001
 1.1399659e-001
 1.1303914e-001
 1.1199924e-001
 1.1107308e-001
 1.1002878e-001
 1.0773385e-001
 1.0720134e-001
 1.0559479e-001
 1.0386498e-001
 1.0324924e-001
 1.0176829e-001
 1.0095692e-001
 9.9944778e-002
 9.8955519e-002
 9.8215714e-002
 9.6833825e-002
 9.5824637e-002
 9.4879955e-002
 9.4441190e-002
 9.3805440e-002
 9.3089573e-002
 9.2257410e-002
 9.1819659e-002
 9.1393396e-002
 9.0893410e-002
 9.0509757e-002
 8.9979306e-002
 8.9917913e-002
 8.9496344e-002
 8.8880107e-002
 8.8497050e-002
 8.8293016e-002
 8.8616744e-002
 8.8468157e-002
 8.8191561e-002
 8.7710619e-002
 8.7358095e-002
 8.6983569e-002
 8.6910740e-002
 8.6545378e-002
 8.6296707e-002
 8.5925423e-002
 8.5357204e-002
 8.4673189e-002
 8.3911888e-002
 8.0257677e-002
 7.8314431e-002
 7.9005048e-002
 8.1079312e-002
 8.1795044e-002
 8.1868030e-002
 8.1828006e-002
 8.1702411e-002
 8.1378520e-002
 8.1154771e-002
 8.0786496e-002
 8.0678180e-002
 8.0507673e-002
 8.0250002e-002
 8.0092788e-002
 7.9748489e-002
 7.9595245e-002
 7.9532005e-002
 7.9265527e-002
 7.8889631e-002
 7.8487545e-002
 7.8023039e-002
 7.7859722e-002
 7.7666134e-002
 7.7566735e-002
 7.7631429e-002
 7.7651814e-002
 7.7461340e-002
 7.7367164e-002
 7.7338919e-002
 7.7183761e-002
 7.7004254e-002
 7.6780207e-002
 7.6481849e-002
 7.6260172e-002
 7.6014489e-002
 7.5779498e-002
 7.5515367e-002
 7.4908175e-002
 7.4661680e-002
 7.4271739e-002
 7.3674761e-002
 7.3214710e-002
 7.3169917e-002
 7.3273107e-002
 7.3052511e-002
 7.2577015e-002
 7.1915962e-002
 7.1495131e-002
 7.0748396e-002
 6.9174804e-002
 6.9885843e-002
 6.8049967e-002
 6.5931588e-002
 6.4191006e-002
 6.3371360e-002
 6.2829025e-002
 6.2186599e-002
 6.1423015e-002
 6.0576554e-002
 6.0063507e-002
 5.9537236e-002
 5.9550550e-002
 5.9779983e-002
 6.0105223e-002
 6.0416151e-002
 6.0876690e-002
 6.1429176e-002
 6.2142473e-002
 6.2778495e-002
 6.2720813e-002
 6.1440539e-002
 5.9658747e-002
 5.8872767e-002
 5.8575727e-002
 5.8686990e-002
 5.8438424e-002
 5.8370482e-002
 5.9073366e-002
 5.9788898e-002
 6.0332995e-002
 6.0476571e-002
 6.0322944e-002
 5.9636515e-002
 5.8851138e-002
 5.7417907e-002
 5.5182837e-002
 5.2802317e-002
 5.1444430e-002
 5.0672472e-002
 4.9605113e-002
 4.8930645e-002
 4.8423205e-002
 4.7469880e-002
 4.6274930e-002
 4.5504630e-002
 4.5407258e-002
 4.6128821e-002
 4.7091983e-002
 4.7997635e-002
 4.7830030e-002
 4.7135945e-002
 4.6804268e-002
 4.6173427e-002
 4.5864750e-002
 4.5771103e-002
 4.5258019e-002
 4.4662829e-002
 4.4511501e-002
 4.4255633e-002
 4.4733979e-002
 4.3563277e-002
 4.3406848e-002
 4.3812111e-002
-1.2300000e+034
