s07_AV97 Record=1497: Hematite GDS69.g <10um        BECKb AREF
 3.8065437e-002
 3.8890582e-002
 4.0160589e-002
 4.1211821e-002
 4.1716017e-002
 4.2155366e-002
 4.2655598e-002
 4.2568006e-002
 4.2230528e-002
 4.1552968e-002
 4.0917497e-002
 4.0477511e-002
 4.0380739e-002
 4.0074401e-002
 3.9951421e-002
 3.9907105e-002
 4.0210404e-002
 4.0435407e-002
 4.0405925e-002
 4.0658850e-002
 4.0865306e-002
 4.2184129e-002
 4.4754293e-002
 4.8097081e-002
 5.1790684e-002
 5.4734424e-002
 5.7094943e-002
 5.8593400e-002
 6.0625833e-002
 6.3115276e-002
 6.5906085e-002
 6.9452614e-002
 6.5443479e-002
 6.8591513e-002
 7.3193207e-002
 7.9022244e-002
 8.5838251e-002
 9.3186453e-002
 1.0045835e-001
 1.0672266e-001
 1.1002177e-001
 1.1108101e-001
 1.0945914e-001
 1.0568801e-001
 1.0123406e-001
 9.6368909e-002
 9.2526332e-002
 8.8553123e-002
 8.5873142e-002
 8.3278470e-002
 8.1347145e-002
 8.0733851e-002
 7.6833628e-002
 8.0461107e-002
 8.3041877e-002
 8.0422305e-002
 8.5468166e-002
 9.1562055e-002
 9.3534909e-002
 9.7257808e-002
 1.0373177e-001
 1.0717156e-001
 1.1519030e-001
 1.2788761e-001
 1.4158878e-001
 1.5351443e-001
 1.6894208e-001
 1.8409753e-001
 1.9955459e-001
 2.1270658e-001
 2.2257371e-001
 2.3519988e-001
 2.4748494e-001
 2.5602046e-001
 2.6290742e-001
 2.7370772e-001
 2.8104520e-001
 2.8877404e-001
 2.9594502e-001
 3.0387527e-001
 3.1387803e-001
 3.1882367e-001
 3.2731146e-001
 3.3235961e-001
 3.3802474e-001
 3.4245262e-001
 3.4451735e-001
 3.4938920e-001
 3.5211882e-001
 3.5219872e-001
 3.5598594e-001
 3.5643184e-001
 3.5810098e-001
 3.6079717e-001
 3.6122149e-001
 3.6278042e-001
 3.6026922e-001
 3.6276901e-001
 3.6114436e-001
 3.6207756e-001
 3.6144501e-001
 3.6433879e-001
 3.6454928e-001
 3.6463165e-001
 3.6370015e-001
 3.6429846e-001
 3.6516854e-001
 3.6622116e-001
 3.6552942e-001
 3.6726123e-001
 3.6677837e-001
 3.6900163e-001
 3.6892241e-001
 3.6840621e-001
 3.6816466e-001
 3.7148842e-001
 3.7223321e-001
 3.7428540e-001
 3.7364671e-001
 3.7457481e-001
 3.7384820e-001
 3.7611821e-001
 3.7556353e-001
 3.7828255e-001
 3.8047367e-001
 3.8242826e-001
 3.8061076e-001
 3.8483486e-001
 3.8364300e-001
 3.8558200e-001
 3.8385072e-001
 3.8888898e-001
 3.8582376e-001
 3.8688806e-001
 3.8956344e-001
 3.9107400e-001
 3.9078760e-001
 3.9304608e-001
 3.9494094e-001
 3.9361730e-001
 3.9362335e-001
 3.9309075e-001
 3.9560661e-001
 3.9821377e-001
 3.9611179e-001
 3.9778751e-001
 4.0033260e-001
 4.0126559e-001
 4.0166953e-001
 4.0470722e-001
 4.0788594e-001
 4.1074768e-001
 4.0847486e-001
 4.1001162e-001
 4.1481912e-001
 4.0834990e-001
 4.1482913e-001
 4.1386786e-001
 4.1318297e-001
 4.1395035e-001
 4.1453955e-001
 4.1464171e-001
 4.1799048e-001
 4.1776013e-001
 4.1754836e-001
 4.2009959e-001
 4.2467201e-001
 4.2260966e-001
 4.2044184e-001
 4.2305616e-001
 4.2637876e-001
 4.2730787e-001
 4.2821705e-001
 4.2880136e-001
 4.2894003e-001
 4.2958015e-001
 4.3353474e-001
 4.3485552e-001
 4.3599191e-001
 4.3802419e-001
 4.4079590e-001
 4.4326648e-001
 4.4231281e-001
 4.4176081e-001
 4.4306058e-001
 4.4770786e-001
 4.4946185e-001
 4.4910353e-001
 4.4903430e-001
 4.5037770e-001
 4.5058954e-001
 4.5060575e-001
 4.4801000e-001
 4.4614655e-001
 4.4662070e-001
 4.4707829e-001
 4.4934839e-001
 4.4776469e-001
 4.4537663e-001
 4.4013375e-001
 4.4287497e-001
 4.2524946e-001
 4.1712785e-001
 4.3134037e-001
 4.3989804e-001
 4.5208514e-001
 4.5616576e-001
 4.5757684e-001
 4.5345056e-001
 4.5505157e-001
 4.5845389e-001
 4.6064460e-001
 4.6261474e-001
 4.6288472e-001
 4.6317515e-001
 4.6598825e-001
 4.6943197e-001
 4.7081631e-001
 4.7062853e-001
 4.7061944e-001
 4.7212592e-001
 4.7463468e-001
 4.7725859e-001
 4.7928673e-001
