s07_AV97 Record=1797: Kaolinite CM9               NIC4bbb RREF
-1.2300000e+034
-1.2300000e+034
-1.2300000e+034
-1.2300000e+034
-1.2300000e+034
-1.2300000e+034
-1.2300000e+034
-1.2300000e+034
-1.2300000e+034
-1.2300000e+034
-1.2300000e+034
-1.2300000e+034
-1.2300000e+034
-1.2300000e+034
-1.2300000e+034
-1.2300000e+034
-1.2300000e+034
-1.2300000e+034
-1.2300000e+034
-1.2300000e+034
-1.2300000e+034
-1.2300000e+034
-1.2300000e+034
-1.2300000e+034
-1.2300000e+034
-1.2300000e+034
-1.2300000e+034
-1.2300000e+034
-1.2300000e+034
-1.2300000e+034
-1.2300000e+034
-1.2300000e+034
-1.2300000e+034
-1.2300000e+034
-1.2300000e+034
-1.2300000e+034
-1.2300000e+034
-1.2300000e+034
-1.2300000e+034
-1.2300000e+034
-1.2300000e+034
-1.2300000e+034
-1.2300000e+034
-1.2300000e+034
-1.2300000e+034
-1.2300000e+034
-1.2300000e+034
-1.2300000e+034
-1.2300000e+034
-1.2300000e+034
-1.2300000e+034
-1.2300000e+034
-1.2300000e+034
-1.2300000e+034
-1.2300000e+034
-1.2300000e+034
-1.2300000e+034
-1.2300000e+034
-1.2300000e+034
-1.2300000e+034
-1.2300000e+034
-1.2300000e+034
-1.2300000e+034
-1.2300000e+034
-1.2300000e+034
-1.2300000e+034
-1.2300000e+034
-1.2300000e+034
-1.2300000e+034
-1.2300000e+034
-1.2300000e+034
-1.2300000e+034
-1.2300000e+034
-1.2300000e+034
-1.2300000e+034
-1.2300000e+034
-1.2300000e+034
-1.2300000e+034
-1.2300000e+034
-1.2300000e+034
-1.2300000e+034
-1.2300000e+034
-1.2300000e+034
-1.2300000e+034
-1.2300000e+034
-1.2300000e+034
-1.2300000e+034
-1.2300000e+034
-1.2300000e+034
-1.2300000e+034
-1.2300000e+034
-1.2300000e+034
-1.2300000e+034
-1.2300000e+034
-1.2300000e+034
-1.2300000e+034
-1.2300000e+034
-1.2300000e+034
-1.2300000e+034
-1.2300000e+034
-1.2300000e+034
-1.2300000e+034
-1.2300000e+034
-1.2300000e+034
-1.2300000e+034
-1.2300000e+034
 6.4266855e-001
 6.2735909e-001
 6.1092913e-001
 5.4607606e-001
 4.4672698e-001
 4.3869352e-001
 4.3558136e-001
 5.6553847e-001
 6.2092113e-001
 6.2981820e-001
 6.3149357e-001
 6.3212699e-001
 6.3201237e-001
 6.3269341e-001
 6.3428664e-001
 6.3609028e-001
 6.3819361e-001
 6.4010394e-001
 6.4235651e-001
 6.4557111e-001
 6.4898884e-001
 6.5240163e-001
 6.5542376e-001
 6.5861094e-001
 6.6176951e-001
 6.6523135e-001
 6.6872090e-001
 6.7202485e-001
 6.7497307e-001
 6.7733043e-001
 6.7916483e-001
 6.8096220e-001
 6.8311048e-001
 6.8524760e-001
 6.8723410e-001
 6.8859166e-001
 6.8907249e-001
 6.8881947e-001
 6.8835181e-001
 6.8861198e-001
 6.8911684e-001
 6.8843883e-001
 6.8652660e-001
 6.8180448e-001
 6.7605716e-001
 6.7365199e-001
 6.6965300e-001
 6.6842550e-001
 6.7475355e-001
 6.7409605e-001
 6.8245173e-001
 6.8745828e-001
 6.8475664e-001
 6.7600107e-001
 6.7912024e-001
 6.6961485e-001
 6.5937293e-001
 6.4999431e-001
 6.4768302e-001
 6.4723223e-001
 6.4598000e-001
 6.4709157e-001
 6.4851564e-001
 6.4881366e-001
 6.4888626e-001
 6.4768517e-001
 6.4463419e-001
 6.4183360e-001
 6.3827068e-001
 6.3365030e-001
 6.2878841e-001
 6.2291074e-001
 6.1589873e-001
 6.0303450e-001
 5.8851254e-001
 5.7312942e-001
 5.6683719e-001
 5.4981685e-001
 5.3239274e-001
 5.1806432e-001
 4.8523247e-001
 4.1841933e-001
 3.6390904e-001
 3.6030698e-001
 3.7572041e-001
 3.6533919e-001
 3.3390158e-001
 2.9536623e-001
 3.9972615e-001
 4.5767215e-001
 4.5828116e-001
 4.5417100e-001
 4.4957253e-001
 4.3683156e-001
 4.1743374e-001
 4.0238941e-001
 3.9230722e-001
 3.7668046e-001
 3.6438063e-001
 3.6266130e-001
 3.6754850e-001
 3.5761809e-001
 3.4620777e-001
 3.4380311e-001
 3.2575837e-001
 3.1940198e-001
 3.3286428e-001
 3.3942184e-001
 3.3321860e-001
 3.1991369e-001
 3.0007318e-001
 2.8537416e-001
 2.7618554e-001
 2.7234116e-001
 2.6662195e-001
 2.5498700e-001
 2.4973075e-001
 2.4596256e-001
