s07_AV97 Record=1652: Illite IMt-1.a               NIC4bb RREF
-1.2300000e+034
-1.2300000e+034
-1.2300000e+034
-1.2300000e+034
-1.2300000e+034
-1.2300000e+034
-1.2300000e+034
-1.2300000e+034
-1.2300000e+034
-1.2300000e+034
-1.2300000e+034
-1.2300000e+034
-1.2300000e+034
-1.2300000e+034
-1.2300000e+034
-1.2300000e+034
-1.2300000e+034
-1.2300000e+034
-1.2300000e+034
-1.2300000e+034
-1.2300000e+034
-1.2300000e+034
-1.2300000e+034
-1.2300000e+034
-1.2300000e+034
-1.2300000e+034
-1.2300000e+034
-1.2300000e+034
-1.2300000e+034
-1.2300000e+034
-1.2300000e+034
-1.2300000e+034
-1.2300000e+034
-1.2300000e+034
-1.2300000e+034
-1.2300000e+034
-1.2300000e+034
-1.2300000e+034
-1.2300000e+034
-1.2300000e+034
-1.2300000e+034
-1.2300000e+034
-1.2300000e+034
-1.2300000e+034
-1.2300000e+034
-1.2300000e+034
-1.2300000e+034
-1.2300000e+034
-1.2300000e+034
-1.2300000e+034
-1.2300000e+034
-1.2300000e+034
-1.2300000e+034
-1.2300000e+034
-1.2300000e+034
-1.2300000e+034
-1.2300000e+034
-1.2300000e+034
-1.2300000e+034
-1.2300000e+034
-1.2300000e+034
-1.2300000e+034
-1.2300000e+034
-1.2300000e+034
-1.2300000e+034
-1.2300000e+034
-1.2300000e+034
-1.2300000e+034
-1.2300000e+034
-1.2300000e+034
-1.2300000e+034
-1.2300000e+034
-1.2300000e+034
-1.2300000e+034
-1.2300000e+034
-1.2300000e+034
-1.2300000e+034
-1.2300000e+034
-1.2300000e+034
-1.2300000e+034
-1.2300000e+034
-1.2300000e+034
-1.2300000e+034
-1.2300000e+034
-1.2300000e+034
-1.2300000e+034
-1.2300000e+034
-1.2300000e+034
-1.2300000e+034
-1.2300000e+034
-1.2300000e+034
-1.2300000e+034
-1.2300000e+034
-1.2300000e+034
-1.2300000e+034
-1.2300000e+034
-1.2300000e+034
-1.2300000e+034
-1.2300000e+034
-1.2300000e+034
-1.2300000e+034
-1.2300000e+034
-1.2300000e+034
-1.2300000e+034
-1.2300000e+034
-1.2300000e+034
-1.2300000e+034
-1.2300000e+034
-1.2300000e+034
-1.2300000e+034
-1.2300000e+034
 4.3120173e-001
 4.2405543e-001
 4.2262584e-001
 4.2377859e-001
 4.2456701e-001
 4.2525557e-001
 4.2577660e-001
 4.2672873e-001
 4.2870951e-001
 4.3165827e-001
 4.3494686e-001
 4.3806899e-001
 4.4105038e-001
 4.4455397e-001
 4.4867992e-001
 4.5329341e-001
 4.5798358e-001
 4.6225053e-001
 4.6611187e-001
 4.6991190e-001
 4.7433424e-001
 4.7898260e-001
 4.8365033e-001
 4.8790401e-001
 4.9176040e-001
 4.9521470e-001
 4.9854150e-001
 5.0261742e-001
 5.0670356e-001
 5.1075715e-001
 5.1452196e-001
 5.1767612e-001
 5.2031159e-001
 5.2299660e-001
 5.2599573e-001
 5.2933151e-001
 5.3261656e-001
 5.3572398e-001
 5.3843218e-001
 5.4045677e-001
 5.4228407e-001
 5.4404634e-001
 5.4626280e-001
 5.4874468e-001
 5.5131966e-001
 5.5349624e-001
 5.5467355e-001
 5.5403006e-001
 5.4993117e-001
 5.5159360e-001
 5.4513788e-001
 5.3739017e-001
 5.3550518e-001
 5.4045784e-001
 5.4689717e-001
 5.5206764e-001
 5.5598623e-001
 5.5870432e-001
 5.6070048e-001
 5.6228715e-001
 5.6376177e-001
 5.6537175e-001
 5.6733483e-001
 5.6985581e-001
 5.7231796e-001
 5.7466483e-001
 5.7626641e-001
 5.7711375e-001
 5.7694298e-001
 5.7615364e-001
 5.7462865e-001
 5.7283294e-001
 5.7125330e-001
 5.7048410e-001
 5.7080787e-001
 5.7146329e-001
 5.7088846e-001
 5.6765389e-001
 5.5988836e-001
 5.4762977e-001
 5.3212631e-001
 5.1763171e-001
 5.0908822e-001
 5.0730771e-001
 5.1061159e-001
 5.1573360e-001
 5.1806688e-001
 5.2090144e-001
 5.2931434e-001
 5.3768104e-001
 5.3689265e-001
 5.2856362e-001
 5.1950377e-001
 5.1043022e-001
 5.0115794e-001
 4.9146426e-001
 4.8515821e-001
 4.8469621e-001
 4.8542333e-001
 4.8564053e-001
 4.8667523e-001
 4.8725694e-001
 4.8535955e-001
 4.8049283e-001
 4.7416636e-001
 4.6815842e-001
 4.6569821e-001
 4.6481225e-001
 4.6461433e-001
 4.6453875e-001
 4.6388248e-001
 4.6312854e-001
 4.6234837e-001
