s07_AV97 Record=2003: Marialite NMNH126018-2      NIC4cbu RREF
-1.2300000e+034
-1.2300000e+034
-1.2300000e+034
-1.2300000e+034
-1.2300000e+034
-1.2300000e+034
-1.2300000e+034
-1.2300000e+034
-1.2300000e+034
-1.2300000e+034
-1.2300000e+034
-1.2300000e+034
-1.2300000e+034
-1.2300000e+034
-1.2300000e+034
-1.2300000e+034
-1.2300000e+034
-1.2300000e+034
-1.2300000e+034
-1.2300000e+034
-1.2300000e+034
-1.2300000e+034
-1.2300000e+034
-1.2300000e+034
-1.2300000e+034
-1.2300000e+034
-1.2300000e+034
-1.2300000e+034
-1.2300000e+034
-1.2300000e+034
-1.2300000e+034
-1.2300000e+034
-1.2300000e+034
-1.2300000e+034
-1.2300000e+034
-1.2300000e+034
-1.2300000e+034
-1.2300000e+034
-1.2300000e+034
-1.2300000e+034
-1.2300000e+034
-1.2300000e+034
-1.2300000e+034
-1.2300000e+034
-1.2300000e+034
-1.2300000e+034
-1.2300000e+034
-1.2300000e+034
-1.2300000e+034
-1.2300000e+034
-1.2300000e+034
-1.2300000e+034
-1.2300000e+034
-1.2300000e+034
-1.2300000e+034
-1.2300000e+034
-1.2300000e+034
-1.2300000e+034
-1.2300000e+034
-1.2300000e+034
-1.2300000e+034
-1.2300000e+034
-1.2300000e+034
-1.2300000e+034
-1.2300000e+034
-1.2300000e+034
-1.2300000e+034
-1.2300000e+034
-1.2300000e+034
-1.2300000e+034
-1.2300000e+034
-1.2300000e+034
-1.2300000e+034
-1.2300000e+034
-1.2300000e+034
-1.2300000e+034
-1.2300000e+034
-1.2300000e+034
-1.2300000e+034
-1.2300000e+034
-1.2300000e+034
-1.2300000e+034
-1.2300000e+034
-1.2300000e+034
-1.2300000e+034
-1.2300000e+034
-1.2300000e+034
-1.2300000e+034
-1.2300000e+034
-1.2300000e+034
-1.2300000e+034
-1.2300000e+034
-1.2300000e+034
-1.2300000e+034
-1.2300000e+034
-1.2300000e+034
-1.2300000e+034
-1.2300000e+034
-1.2300000e+034
-1.2300000e+034
-1.2300000e+034
-1.2300000e+034
-1.2300000e+034
-1.2300000e+034
-1.2300000e+034
-1.2300000e+034
-1.2300000e+034
 7.8441787e-001
 7.9432070e-001
 7.8971982e-001
 7.8077102e-001
 7.8200662e-001
 7.7968174e-001
 7.8571361e-001
 7.9386479e-001
 7.9766309e-001
 7.9805338e-001
 7.9694581e-001
 7.9635775e-001
 7.9706520e-001
 7.9786211e-001
 7.9872197e-001
 7.9920799e-001
 7.9937422e-001
 7.9989636e-001
 8.0105114e-001
 8.0246836e-001
 8.0403793e-001
 8.0538696e-001
 8.0669999e-001
 8.0772084e-001
 8.0931979e-001
 8.1118143e-001
 8.1309903e-001
 8.1490326e-001
 8.1637615e-001
 8.1746417e-001
 8.1863403e-001
 8.2007992e-001
 8.2158875e-001
 8.2324749e-001
 8.2469118e-001
 8.2571173e-001
 8.2647395e-001
 8.2723260e-001
 8.2796639e-001
 8.2905132e-001
 8.3005470e-001
 8.3114076e-001
 8.3185905e-001
 8.3219439e-001
 8.3248597e-001
 8.3240962e-001
 8.3264500e-001
 8.3282781e-001
 8.3273613e-001
 8.3253688e-001
 8.3155668e-001
 8.2836813e-001
 8.2069290e-001
 8.2382786e-001
 8.0956608e-001
 7.8442651e-001
 7.6900619e-001
 7.7394307e-001
 7.8486520e-001
 7.9352885e-001
 7.9907197e-001
 8.0249798e-001
 8.0490011e-001
 8.0695856e-001
 8.0920941e-001
 8.1176120e-001
 8.1473631e-001
 8.1770706e-001
 8.2042277e-001
 8.2290292e-001
 8.2478058e-001
 8.2588738e-001
 8.2620734e-001
 8.2577121e-001
 8.2464534e-001
 8.2321978e-001
 8.2183093e-001
 8.2146972e-001
 8.2163948e-001
 8.2166719e-001
 8.2058781e-001
 8.1881273e-001
 8.1499803e-001
 8.0911624e-001
 8.0123323e-001
 7.9207700e-001
 7.8446156e-001
 7.8132427e-001
 7.8048390e-001
 7.7947313e-001
 7.8101295e-001
 7.8497398e-001
 7.8623956e-001
 7.8096938e-001
 7.6945668e-001
 7.6094389e-001
 7.5210780e-001
 7.4217153e-001
 7.4528247e-001
 7.5073016e-001
 7.5390708e-001
 7.5521243e-001
 7.5495309e-001
 7.5057024e-001
 7.4562728e-001
 7.4513572e-001
 7.4550372e-001
 7.4083024e-001
 7.3498434e-001
 7.3068541e-001
 7.2762275e-001
 7.2543931e-001
 7.2472370e-001
 7.2507256e-001
 7.2477877e-001
 7.2322190e-001
 7.2123796e-001
