s07_AV97 Record=2090: Mizzonite NMNH113775-1 Scap   BECKb AREF
 6.1075813e-001
 6.2128222e-001
 6.2952566e-001
 6.3498735e-001
 6.3735288e-001
 6.3902950e-001
 6.3901293e-001
 6.3856059e-001
 6.3620698e-001
 6.3262028e-001
 6.2907004e-001
 6.2419832e-001
 6.1823434e-001
 6.1267865e-001
 6.0626554e-001
 6.0021740e-001
 5.9326011e-001
 5.8663005e-001
 5.8189595e-001
 5.7652789e-001
 5.7219577e-001
 5.7049054e-001
 5.7172400e-001
 5.7409024e-001
 5.7683367e-001
 5.8115441e-001
 5.8699626e-001
 5.9478390e-001
 6.0348952e-001
 6.1446053e-001
 6.2638724e-001
 6.3729674e-001
 6.2453222e-001
 6.3519347e-001
 6.4573598e-001
 6.5615892e-001
 6.6863358e-001
 6.8465245e-001
 7.0139617e-001
 7.1496832e-001
 7.2716218e-001
 7.3595947e-001
 7.4407649e-001
 7.5212348e-001
 7.5702089e-001
 7.6264161e-001
 7.6735395e-001
 7.7053726e-001
 7.7183062e-001
 7.7426744e-001
 7.7227718e-001
 7.7440810e-001
 7.7910417e-001
 7.8208315e-001
 7.8020060e-001
 7.7666080e-001
 7.7759469e-001
 7.7648598e-001
 7.7548444e-001
 7.7679873e-001
 7.7784115e-001
 7.7608025e-001
 7.7462649e-001
 7.7618432e-001
 7.7902305e-001
 7.7769196e-001
 7.8040224e-001
 7.7969664e-001
 7.8076738e-001
 7.7939266e-001
 7.8214270e-001
 7.8259152e-001
 7.8258711e-001
 7.8135628e-001
 7.8286040e-001
 7.8293628e-001
 7.8413779e-001
 7.8407425e-001
 7.8277802e-001
 7.8223813e-001
 7.8531986e-001
 7.8512412e-001
 7.8549522e-001
 7.8475893e-001
 7.8461891e-001
 7.8576589e-001
 7.8985405e-001
 7.9139823e-001
 7.9217994e-001
 7.9503596e-001
 7.9596317e-001
 7.9768103e-001
 8.0019391e-001
 8.0024314e-001
 8.0231690e-001
 8.0360466e-001
 8.0127478e-001
 8.0293834e-001
 8.0443871e-001
 8.0745959e-001
 8.0833966e-001
 8.0985051e-001
 8.1081069e-001
 8.1115115e-001
 8.1148559e-001
 8.1160617e-001
 8.1163776e-001
 8.1283331e-001
 8.1301624e-001
 8.0870038e-001
 8.0444688e-001
 7.9561579e-001
 7.7317142e-001
 7.5534093e-001
 7.6952636e-001
 7.9111695e-001
 8.0245799e-001
 8.0417883e-001
 8.0538577e-001
 8.1833827e-001
 8.2459325e-001
 8.2807815e-001
 8.3069241e-001
 8.3584899e-001
 8.3742446e-001
 8.3857548e-001
 8.4013814e-001
 8.4369582e-001
 8.4418356e-001
 8.4442621e-001
 8.4693217e-001
 8.4757209e-001
 8.4763354e-001
 8.4922123e-001
 8.4971118e-001
 8.5094833e-001
 8.5202473e-001
 8.5470313e-001
 8.5290200e-001
 8.5264295e-001
 8.5525548e-001
 8.5750943e-001
 8.5573369e-001
 8.5295850e-001
 8.5370201e-001
 8.5569865e-001
 8.5512429e-001
 8.5056716e-001
 8.4577668e-001
 8.4481752e-001
 8.4572059e-001
 8.4335500e-001
 8.4452409e-001
 8.4623462e-001
 8.4810954e-001
 8.4798110e-001
 8.4783876e-001
 8.4593844e-001
 8.3847111e-001
 8.1913781e-001
 8.2668120e-001
 7.9960775e-001
 7.4042517e-001
 6.5588099e-001
 6.4649856e-001
 7.0403707e-001
 7.3748499e-001
 7.5361115e-001
 7.6708931e-001
 7.7792197e-001
 7.8920335e-001
 8.0016989e-001
 8.0663687e-001
 8.1837666e-001
 8.2553303e-001
 8.2543635e-001
 8.2979119e-001
 8.3248997e-001
 8.3401138e-001
 8.3593255e-001
 8.3800387e-001
 8.3939850e-001
 8.3724803e-001
 8.3527344e-001
 8.3797264e-001
 8.3969039e-001
 8.3690524e-001
 8.2876438e-001
 8.2519007e-001
 8.1983840e-001
 8.1333244e-001
 8.0928534e-001
 8.0306816e-001
 8.0192941e-001
 8.0642158e-001
 8.1123936e-001
 8.1143481e-001
 8.1186420e-001
 8.1446135e-001
 8.1384963e-001
 8.1582642e-001
 8.1174439e-001
 8.0923319e-001
 8.0449539e-001
 7.9547089e-001
 7.9082429e-001
 7.8365219e-001
 7.7619237e-001
 7.7350360e-001
 7.7189106e-001
 7.7371186e-001
 7.6398224e-001
 7.5843436e-001
 7.4781263e-001
 7.3193717e-001
 7.1606177e-001
 7.0015448e-001
 6.8299204e-001
 6.6705716e-001
 6.5035439e-001
 6.3602316e-001
 6.2443084e-001
 6.1574340e-001
 6.0997003e-001
