s07_AV97 Record=1027: Diaspore HS416.6             ASDFRb AREF
 1.6443473e-001
 1.8266596e-001
 2.0009495e-001
 2.1726921e-001
 2.3075050e-001
 2.4157171e-001
 2.5144392e-001
 2.6030898e-001
 2.6833463e-001
 2.7538219e-001
 2.8285107e-001
 2.9068604e-001
 2.9798529e-001
 3.0487773e-001
 3.1194791e-001
 3.1918171e-001
 3.2623997e-001
 3.3301699e-001
 3.3976862e-001
 3.4638372e-001
 3.5306686e-001
 3.6029145e-001
 3.6791539e-001
 3.7545896e-001
 3.8310811e-001
 3.8996917e-001
 3.9750123e-001
 4.0490657e-001
 4.1185710e-001
 4.1847143e-001
 4.2501929e-001
 4.3153650e-001
 4.2396751e-001
 4.3027091e-001
 4.3666905e-001
 4.4302952e-001
 4.4957915e-001
 4.5609486e-001
 4.6284491e-001
 4.6961260e-001
 4.7614747e-001
 4.8256248e-001
 4.8910454e-001
 4.9548984e-001
 5.0167805e-001
 5.0773662e-001
 5.1342177e-001
 5.1897913e-001
 5.2450514e-001
 5.2977294e-001
 5.3483719e-001
 5.3967834e-001
 5.4445827e-001
 5.4904580e-001
 5.5354947e-001
 5.5796915e-001
 5.6203103e-001
 5.6625402e-001
 5.7029140e-001
 5.7433659e-001
 5.7806557e-001
 5.8195555e-001
 5.8533478e-001
 5.8884501e-001
 5.9258735e-001
 5.9657735e-001
 6.0049379e-001
 6.0412717e-001
 6.0794288e-001
 6.1066455e-001
 6.1347443e-001
 6.1599410e-001
 6.1838001e-001
 6.2086296e-001
 6.2338281e-001
 6.2607110e-001
 6.2788236e-001
 6.3039327e-001
 6.3240975e-001
 6.3450474e-001
 6.3669175e-001
 6.3875574e-001
 6.4047140e-001
 6.4197659e-001
 6.4353406e-001
 6.4537168e-001
 6.4680922e-001
 6.4815462e-001
 6.4976156e-001
 6.5093344e-001
 6.5222692e-001
 6.5441811e-001
 6.5593827e-001
 6.5794623e-001
 6.5940183e-001
 6.6121298e-001
 6.5863967e-001
 6.6045803e-001
 6.6201407e-001
 6.6317898e-001
 6.6488069e-001
 6.6610885e-001
 6.6709810e-001
 6.6764456e-001
 6.6824859e-001
 6.6856796e-001
 6.6891217e-001
 6.6843826e-001
 6.6555083e-001
 6.5732247e-001
 6.4054865e-001
 6.2349778e-001
 6.2111670e-001
 6.3254303e-001
 6.4013475e-001
 6.4131957e-001
 6.3930154e-001
 6.3805300e-001
 6.3629001e-001
 6.3350010e-001
 6.3046479e-001
 6.2663734e-001
 6.2189019e-001
 6.1644590e-001
 6.0848773e-001
 5.9905106e-001
 5.8786654e-001
 5.7483798e-001
 5.6076604e-001
 5.4564905e-001
 5.3079379e-001
 5.1649779e-001
 5.0276279e-001
 4.9012688e-001
 4.7776943e-001
 4.6487129e-001
 4.5276859e-001
 4.4041604e-001
 4.2810944e-001
 4.1776419e-001
 4.0587774e-001
 3.9390945e-001
 3.8159490e-001
 3.6980096e-001
 3.5771686e-001
 3.4668821e-001
 3.3593580e-001
 3.2574373e-001
 3.1759554e-001
 3.1112105e-001
 3.0633128e-001
 3.0343211e-001
 3.0184644e-001
 3.0171484e-001
 3.0196700e-001
 3.0394787e-001
 3.0761269e-001
 3.1211233e-001
 3.1593111e-001
 3.1695369e-001
 3.1679842e-001
 3.1747928e-001
 3.1751439e-001
 3.1727096e-001
 3.1711456e-001
 3.1703374e-001
 3.1595936e-001
 3.1263554e-001
 3.0742186e-001
 3.0072978e-001
 2.9390851e-001
 2.8648973e-001
 2.8049475e-001
 2.7613544e-001
 2.7370077e-001
 2.7221796e-001
 2.7095509e-001
 2.7041021e-001
 2.7033374e-001
 2.6985559e-001
 2.6964971e-001
 2.6950771e-001
 2.6915619e-001
 2.6843402e-001
 2.6734903e-001
 2.6754761e-001
 2.6639527e-001
 2.6477325e-001
 2.6263142e-001
 2.5968891e-001
 2.5689888e-001
 2.5460097e-001
 2.5291759e-001
 2.5356197e-001
 2.5449914e-001
 2.5478345e-001
 2.5427023e-001
 2.5336215e-001
 2.5185961e-001
 2.5088787e-001
 2.4943629e-001
 2.4706618e-001
 2.4468291e-001
 2.4202809e-001
 2.4053268e-001
 2.3801546e-001
 2.3407327e-001
 2.2935192e-001
 2.2585912e-001
 2.2272705e-001
 2.1954091e-001
 2.1538986e-001
 2.1039802e-001
 2.0607184e-001
 2.0183297e-001
 1.9703372e-001
 1.9378141e-001
 1.9037101e-001
 1.8973936e-001
 1.8776068e-001
 1.8420017e-001
 1.8356270e-001
 1.8135695e-001
-1.2300000e+034
