s07_AV97 Record=1399: Halite HS433.1B              ASDFRa AREF
 4.2333806e-001
 4.3689433e-001
 4.5278510e-001
 4.6736121e-001
 4.8200786e-001
 4.9683520e-001
 5.1168090e-001
 5.2704751e-001
 5.4283667e-001
 5.5870521e-001
 5.7424784e-001
 5.8955485e-001
 6.0459310e-001
 6.1953110e-001
 6.3408995e-001
 6.4823532e-001
 6.6189528e-001
 6.7491567e-001
 6.8739390e-001
 6.9960272e-001
 7.1128362e-001
 7.2243154e-001
 7.3298776e-001
 7.4204093e-001
 7.5110132e-001
 7.5972271e-001
 7.6852769e-001
 7.7672374e-001
 7.8424853e-001
 7.9135787e-001
 7.9802561e-001
 8.0426276e-001
 7.9700673e-001
 8.0308831e-001
 8.0888152e-001
 8.1437385e-001
 8.1940621e-001
 8.2407761e-001
 8.2852238e-001
 8.3258623e-001
 8.3641666e-001
 8.4000182e-001
 8.4321564e-001
 8.4627950e-001
 8.4901577e-001
 8.5156655e-001
 8.5391206e-001
 8.5609072e-001
 8.5792434e-001
 8.6003351e-001
 8.6168939e-001
 8.6328179e-001
 8.6491388e-001
 8.6641443e-001
 8.6796212e-001
 8.6940736e-001
 8.7088519e-001
 8.7241030e-001
 8.7370062e-001
 8.7487257e-001
 8.7634653e-001
 8.7751806e-001
 8.7885386e-001
 8.7995100e-001
 8.8114959e-001
 8.8231897e-001
 8.8374591e-001
 8.8482594e-001
 8.8656008e-001
 8.8728291e-001
 8.8800526e-001
 8.8837600e-001
 8.8841927e-001
 8.8887566e-001
 8.8892698e-001
 8.8991362e-001
 8.9002961e-001
 8.9035386e-001
 8.9066374e-001
 8.9099997e-001
 8.9051306e-001
 8.9122331e-001
 8.9120430e-001
 8.9125150e-001
 8.9128190e-001
 8.9050430e-001
 8.9056182e-001
 8.9127183e-001
 8.9109874e-001
 8.9108890e-001
 8.9159548e-001
 8.9197570e-001
 8.9224494e-001
 8.9263308e-001
 8.9289063e-001
 8.9289010e-001
 8.9269537e-001
 8.9305645e-001
 8.9268082e-001
 8.9257002e-001
 8.9224446e-001
 8.9238793e-001
 8.9221036e-001
 8.9215028e-001
 8.9177006e-001
 8.9184457e-001
 8.9180964e-001
 8.9196354e-001
 8.9206016e-001
 8.9203501e-001
 8.9118773e-001
 8.9081866e-001
 8.9090288e-001
 8.9023823e-001
 8.8998079e-001
 8.8962024e-001
 8.8975054e-001
 8.9024174e-001
 8.8997471e-001
 8.9078206e-001
 8.9138621e-001
 8.9147508e-001
 8.9224851e-001
 8.9265490e-001
 8.9220482e-001
 8.9276320e-001
 8.9342791e-001
 8.9397216e-001
 8.9344096e-001
 8.9356583e-001
 8.9338601e-001
 8.9380378e-001
 8.9435750e-001
 8.9406365e-001
 8.9452052e-001
 8.9420682e-001
 8.9436764e-001
 8.9441198e-001
 8.9404702e-001
 8.9425945e-001
 8.9469624e-001
 8.9481986e-001
 8.9480788e-001
 8.9445162e-001
 8.9443672e-001
 8.9349908e-001
 8.9400262e-001
 8.9439100e-001
 8.9470738e-001
 8.9453048e-001
 8.9417982e-001
 8.9432561e-001
 8.9458072e-001
 8.9470422e-001
 8.9357084e-001
 8.9315176e-001
 8.9320946e-001
 8.9348382e-001
 8.9297068e-001
 8.9253104e-001
 8.9250815e-001
 8.9233547e-001
 8.8941759e-001
 8.8502306e-001
 8.7971824e-001
 8.7483144e-001
 8.7329668e-001
 8.7220657e-001
 8.7350929e-001
 8.7480062e-001
 8.7507427e-001
 8.7694794e-001
 8.7866014e-001
 8.8096029e-001
 8.8353848e-001
 8.8627344e-001
 8.8781488e-001
 8.9005888e-001
 8.9102256e-001
 8.9248568e-001
 8.9410508e-001
 8.9527202e-001
 8.9680445e-001
 8.9739531e-001
 8.9775234e-001
 8.9768243e-001
 8.9601439e-001
 8.9561582e-001
 8.9499950e-001
 8.9551359e-001
 8.9492959e-001
 8.9524513e-001
 8.9585418e-001
 8.9593595e-001
 8.9541537e-001
 8.9436269e-001
 8.9532226e-001
 8.9393967e-001
 8.9312190e-001
 8.9413017e-001
 8.9361703e-001
 8.9233410e-001
 8.9168042e-001
 8.9418578e-001
 8.9548445e-001
 8.9662629e-001
 8.9633900e-001
 8.9441782e-001
 8.9492154e-001
 8.9478743e-001
 8.9340520e-001
 8.9344698e-001
 8.9038712e-001
 8.9036447e-001
 8.8962448e-001
 8.8827723e-001
 8.8377547e-001
 8.8214433e-001
 8.7818193e-001
 8.7769496e-001
 8.7509930e-001
 8.7531126e-001
 8.7596154e-001
-1.2300000e+034
