s07_AV97 Record=281: Alunite RES12 NA78% Syn 450C  NIC4a RREF
-1.2300000e+034
-1.2300000e+034
-1.2300000e+034
-1.2300000e+034
-1.2300000e+034
-1.2300000e+034
-1.2300000e+034
-1.2300000e+034
-1.2300000e+034
-1.2300000e+034
-1.2300000e+034
-1.2300000e+034
-1.2300000e+034
-1.2300000e+034
-1.2300000e+034
-1.2300000e+034
-1.2300000e+034
-1.2300000e+034
-1.2300000e+034
-1.2300000e+034
-1.2300000e+034
-1.2300000e+034
-1.2300000e+034
-1.2300000e+034
-1.2300000e+034
-1.2300000e+034
-1.2300000e+034
-1.2300000e+034
-1.2300000e+034
-1.2300000e+034
-1.2300000e+034
-1.2300000e+034
-1.2300000e+034
-1.2300000e+034
-1.2300000e+034
-1.2300000e+034
-1.2300000e+034
-1.2300000e+034
-1.2300000e+034
-1.2300000e+034
-1.2300000e+034
-1.2300000e+034
-1.2300000e+034
-1.2300000e+034
-1.2300000e+034
-1.2300000e+034
-1.2300000e+034
-1.2300000e+034
-1.2300000e+034
-1.2300000e+034
-1.2300000e+034
-1.2300000e+034
-1.2300000e+034
-1.2300000e+034
-1.2300000e+034
-1.2300000e+034
-1.2300000e+034
-1.2300000e+034
-1.2300000e+034
-1.2300000e+034
-1.2300000e+034
-1.2300000e+034
-1.2300000e+034
-1.2300000e+034
-1.2300000e+034
-1.2300000e+034
-1.2300000e+034
-1.2300000e+034
-1.2300000e+034
-1.2300000e+034
-1.2300000e+034
-1.2300000e+034
-1.2300000e+034
-1.2300000e+034
-1.2300000e+034
-1.2300000e+034
-1.2300000e+034
-1.2300000e+034
-1.2300000e+034
-1.2300000e+034
-1.2300000e+034
-1.2300000e+034
-1.2300000e+034
-1.2300000e+034
-1.2300000e+034
-1.2300000e+034
-1.2300000e+034
-1.2300000e+034
-1.2300000e+034
-1.2300000e+034
-1.2300000e+034
-1.2300000e+034
-1.2300000e+034
-1.2300000e+034
-1.2300000e+034
-1.2300000e+034
-1.2300000e+034
-1.2300000e+034
-1.2300000e+034
-1.2300000e+034
-1.2300000e+034
-1.2300000e+034
-1.2300000e+034
-1.2300000e+034
-1.2300000e+034
-1.2300000e+034
 5.4736435e-001
 5.4378134e-001
 5.3792572e-001
 5.2959621e-001
 5.1970321e-001
 5.0892270e-001
 4.9569517e-001
 4.7408208e-001
 4.3225491e-001
 4.3647197e-001
 4.5677742e-001
 4.5145744e-001
 4.4125971e-001
 4.2196783e-001
 4.0509653e-001
 4.4077224e-001
 4.5815641e-001
 4.6430540e-001
 4.7066066e-001
 4.7476915e-001
 4.7764277e-001
 4.8119730e-001
 4.8421797e-001
 4.8654470e-001
 4.8878747e-001
 4.9167308e-001
 4.9486241e-001
 4.9798292e-001
 5.0056440e-001
 5.0265294e-001
 5.0409216e-001
 5.0538689e-001
 5.0695902e-001
 5.0839674e-001
 5.0965154e-001
 5.1006824e-001
 5.0869960e-001
 5.0401992e-001
 4.9511415e-001
 4.8463729e-001
 4.7486371e-001
 4.7112030e-001
 4.7615221e-001
 4.9195060e-001
 5.0908041e-001
 5.1958627e-001
 5.2300566e-001
 5.2414829e-001
 5.2456957e-001
 5.2456105e-001
 5.2460712e-001
 5.2363938e-001
 5.2113593e-001
 5.1776570e-001
 5.1903301e-001
 5.1411796e-001
 5.0825828e-001
 5.0446498e-001
 5.0342816e-001
 5.0458634e-001
 5.0627309e-001
 5.0621432e-001
 5.0464010e-001
 5.0401390e-001
 5.0351113e-001
 4.9938852e-001
 4.9227947e-001
 4.8794013e-001
 4.8756200e-001
 4.8553771e-001
 4.8042184e-001
 4.7628325e-001
 4.7337231e-001
 4.7086090e-001
 4.6855584e-001
 4.6427414e-001
 4.5782113e-001
 4.5226890e-001
 4.4441178e-001
 4.2454773e-001
 3.9663106e-001
 3.6952800e-001
 3.5131764e-001
 3.4725699e-001
 3.5357338e-001
 3.6962783e-001
 3.9908960e-001
 4.0944418e-001
 4.0237775e-001
 4.4225028e-001
 4.7778860e-001
 4.9463722e-001
 4.9728832e-001
 4.9602664e-001
 4.9286449e-001
 4.8793402e-001
 4.7811776e-001
 4.5266581e-001
 4.1373885e-001
 4.0487555e-001
 4.2491239e-001
 4.4763252e-001
 4.5783317e-001
 4.5178738e-001
 4.2838562e-001
 3.9225078e-001
 3.6947292e-001
 3.6764362e-001
 3.6640608e-001
 3.4356269e-001
 3.0923557e-001
 2.9669908e-001
 3.0900052e-001
 3.1380478e-001
 3.0810708e-001
 3.0946770e-001
 3.0227828e-001
 2.9050538e-001
