s07_AV97 Record=540: Barite HS79.3B               NIC4bb RREF
-1.2300000e+034
-1.2300000e+034
-1.2300000e+034
-1.2300000e+034
-1.2300000e+034
-1.2300000e+034
-1.2300000e+034
-1.2300000e+034
-1.2300000e+034
-1.2300000e+034
-1.2300000e+034
-1.2300000e+034
-1.2300000e+034
-1.2300000e+034
-1.2300000e+034
-1.2300000e+034
-1.2300000e+034
-1.2300000e+034
-1.2300000e+034
-1.2300000e+034
-1.2300000e+034
-1.2300000e+034
-1.2300000e+034
-1.2300000e+034
-1.2300000e+034
-1.2300000e+034
-1.2300000e+034
-1.2300000e+034
-1.2300000e+034
-1.2300000e+034
-1.2300000e+034
-1.2300000e+034
-1.2300000e+034
-1.2300000e+034
-1.2300000e+034
-1.2300000e+034
-1.2300000e+034
-1.2300000e+034
-1.2300000e+034
-1.2300000e+034
-1.2300000e+034
-1.2300000e+034
-1.2300000e+034
-1.2300000e+034
-1.2300000e+034
-1.2300000e+034
-1.2300000e+034
-1.2300000e+034
-1.2300000e+034
-1.2300000e+034
-1.2300000e+034
-1.2300000e+034
-1.2300000e+034
-1.2300000e+034
-1.2300000e+034
-1.2300000e+034
-1.2300000e+034
-1.2300000e+034
-1.2300000e+034
-1.2300000e+034
-1.2300000e+034
-1.2300000e+034
-1.2300000e+034
-1.2300000e+034
-1.2300000e+034
-1.2300000e+034
-1.2300000e+034
-1.2300000e+034
-1.2300000e+034
-1.2300000e+034
-1.2300000e+034
-1.2300000e+034
-1.2300000e+034
-1.2300000e+034
-1.2300000e+034
-1.2300000e+034
-1.2300000e+034
-1.2300000e+034
-1.2300000e+034
-1.2300000e+034
-1.2300000e+034
-1.2300000e+034
-1.2300000e+034
-1.2300000e+034
-1.2300000e+034
-1.2300000e+034
-1.2300000e+034
-1.2300000e+034
-1.2300000e+034
-1.2300000e+034
-1.2300000e+034
-1.2300000e+034
-1.2300000e+034
-1.2300000e+034
-1.2300000e+034
-1.2300000e+034
-1.2300000e+034
-1.2300000e+034
-1.2300000e+034
-1.2300000e+034
-1.2300000e+034
-1.2300000e+034
-1.2300000e+034
-1.2300000e+034
-1.2300000e+034
-1.2300000e+034
-1.2300000e+034
-1.2300000e+034
-1.2300000e+034
-1.2300000e+034
-1.2300000e+034
-1.2300000e+034
-1.2300000e+034
-1.2300000e+034
-1.2300000e+034
-1.2300000e+034
-1.2300000e+034
-1.2300000e+034
-1.2300000e+034
-1.2300000e+034
-1.2300000e+034
-1.2300000e+034
-1.2300000e+034
-1.2300000e+034
-1.2300000e+034
-1.2300000e+034
-1.2300000e+034
-1.2300000e+034
-1.2300000e+034
-1.2300000e+034
-1.2300000e+034
-1.2300000e+034
 7.7423167e-001
 7.7713281e-001
 7.7934265e-001
 7.8132403e-001
 7.8367919e-001
 7.8594512e-001
 7.8883874e-001
 7.9094201e-001
 7.9266089e-001
 7.9364359e-001
 7.9452223e-001
 7.9560214e-001
 7.9713970e-001
 7.9887110e-001
 8.0053467e-001
 8.0224961e-001
 8.0299759e-001
 8.0344969e-001
 8.0393505e-001
 8.0453837e-001
 8.0549252e-001
 8.0690753e-001
 8.0826759e-001
 8.0989504e-001
 8.1070936e-001
 8.1067634e-001
 8.1044692e-001
 8.0880994e-001
 8.0945951e-001
 8.0749804e-001
 8.0540055e-001
 8.0365151e-001
 8.0327660e-001
 8.0357850e-001
 8.0460411e-001
 8.0561990e-001
 8.0674893e-001
 8.0751866e-001
 8.0844498e-001
 8.0985606e-001
 8.1121588e-001
 8.1299996e-001
 8.1479764e-001
 8.1648052e-001
 8.1770170e-001
 8.1867349e-001
 8.1900311e-001
 8.1894505e-001
 8.1898516e-001
 8.1896460e-001
 8.1945562e-001
 8.2013392e-001
 8.2119817e-001
 8.2234132e-001
 8.2336628e-001
 8.2414836e-001
 8.2460767e-001
 8.2456893e-001
 8.2429188e-001
 8.2379085e-001
 8.2349938e-001
 8.2343972e-001
 8.2368314e-001
 8.2412833e-001
 8.2488650e-001
 8.2573497e-001
 8.2662648e-001
 8.2705885e-001
 8.2726443e-001
 8.2688141e-001
 8.2689381e-001
 8.2657230e-001
 8.2645077e-001
 8.2621670e-001
 8.2618755e-001
 8.2558751e-001
 8.2503933e-001
 8.2453305e-001
 8.2429463e-001
 8.2379854e-001
 8.2362670e-001
 8.2378864e-001
 8.2311547e-001
 8.2224298e-001
 8.2152271e-001
 8.2095003e-001
 8.2053030e-001
 8.1970930e-001
 8.1908333e-001
 8.1848878e-001
 8.1774420e-001
 8.1734151e-001
