s07_AV97 Record=2516: Opal WS732                    BECKa AREF
 1.5271325e-001
 1.6941731e-001
 1.9090296e-001
 2.0999233e-001
 2.2319819e-001
 2.3293641e-001
 2.4085535e-001
 2.4858478e-001
 2.6253316e-001
 2.7801859e-001
 2.8565580e-001
 2.9028034e-001
 2.9642722e-001
 3.0550635e-001
 3.1615043e-001
 3.2549521e-001
 3.3386600e-001
 3.4125447e-001
 3.4691140e-001
 3.5416362e-001
 3.6356398e-001
 3.7320170e-001
 3.8105848e-001
 3.8679475e-001
 3.9074406e-001
 3.9525944e-001
 3.9940691e-001
 4.0258989e-001
 4.0523490e-001
 4.0740672e-001
 4.0959364e-001
 4.1134849e-001
 4.0934864e-001
 4.1101286e-001
 4.1280973e-001
 4.1340744e-001
 4.1340956e-001
 4.1346893e-001
 4.1231659e-001
 4.1004798e-001
 4.0805066e-001
 4.0582338e-001
 4.0368524e-001
 4.0140247e-001
 3.9804593e-001
 3.9454067e-001
 3.9116243e-001
 3.8777226e-001
 3.8371810e-001
 3.7936997e-001
 3.7450227e-001
 3.7357220e-001
 3.7236360e-001
 3.6818469e-001
 3.6279833e-001
 3.5979810e-001
 3.5822690e-001
 3.5526532e-001
 3.4939325e-001
 3.4756395e-001
 3.4153119e-001
 3.3285880e-001
 3.2116261e-001
 3.1417650e-001
 3.1560203e-001
 3.1871042e-001
 3.2243708e-001
 3.2422271e-001
 3.2528168e-001
 3.2589650e-001
 3.2900369e-001
 3.3013698e-001
 3.3033562e-001
 3.3014029e-001
 3.3024448e-001
 3.2864779e-001
 3.2707006e-001
 3.2597658e-001
 3.2240841e-001
 3.2019976e-001
 3.1378609e-001
 3.0076414e-001
 2.8239653e-001
 2.6780558e-001
 2.7186346e-001
 2.7579713e-001
 2.7767652e-001
 2.7792439e-001
 2.7760175e-001
 2.7796584e-001
 2.7808467e-001
 2.7392980e-001
 2.7201992e-001
 2.7171153e-001
 2.7037787e-001
 2.6899624e-001
 2.7075726e-001
 2.6987821e-001
 2.6829889e-001
 2.6398927e-001
 2.5802010e-001
 2.5118324e-001
 2.4128748e-001
 2.2656339e-001
 2.0801230e-001
 1.9193053e-001
 1.7891224e-001
 1.5800206e-001
 1.2567206e-001
 9.9094316e-002
 7.7314802e-002
 6.0588576e-002
 5.4501031e-002
 5.6044973e-002
 5.9080258e-002
 6.1092649e-002
 6.1270084e-002
 6.1017018e-002
 6.6286623e-002
 7.1000911e-002
 7.4517928e-002
 7.9421155e-002
 8.3070964e-002
 8.8624693e-002
 9.2191473e-002
 9.4770089e-002
 9.9435702e-002
 1.0195282e-001
 1.0321018e-001
 1.0422741e-001
 1.0549201e-001
 1.0791983e-001
 1.0764097e-001
 1.0850202e-001
 1.0742619e-001
 1.0551316e-001
 1.0598265e-001
 1.0705470e-001
 1.0564163e-001
 1.0432612e-001
 1.0251598e-001
 1.0230502e-001
 1.0250875e-001
 9.8506205e-002
 9.5865972e-002
 9.4312169e-002
 9.1582149e-002
 8.7733090e-002
 8.6315602e-002
 8.4052615e-002
 8.3892412e-002
 8.0267154e-002
 7.9472750e-002
 7.7798970e-002
 7.6560378e-002
 7.5509824e-002
 7.2458275e-002
 6.4133488e-002
 4.9311262e-002
 3.6315922e-002
 3.9975107e-002
 3.0183572e-002
 2.5815984e-002
 2.4917761e-002
 2.4318749e-002
 2.6274456e-002
 2.7172992e-002
 2.7182132e-002
 2.5884215e-002
 2.7485605e-002
 2.8612746e-002
 3.0160705e-002
 3.0563353e-002
 3.2243978e-002
 3.5694998e-002
 3.6718570e-002
 3.6268432e-002
 3.9212883e-002
 4.2075895e-002
 4.1645404e-002
 3.9948214e-002
 4.3475587e-002
 4.3670252e-002
 4.3055516e-002
 4.4049762e-002
 4.4762325e-002
 4.5097455e-002
 4.3576419e-002
 4.3323293e-002
 3.6464121e-002
 3.3946026e-002
 3.4865674e-002
 3.4173775e-002
 2.8885819e-002
 2.6552910e-002
 2.6744679e-002
 2.4711983e-002
 2.6429759e-002
 3.0643772e-002
 2.6034089e-002
 2.3884781e-002
 2.9323928e-002
 2.9770298e-002
 2.5852252e-002
 2.9920440e-002
 3.5438489e-002
 3.2872524e-002
 2.9082097e-002
 3.0278603e-002
 3.2317854e-002
 3.3218209e-002
 2.8720189e-002
 2.6230829e-002
 2.6070904e-002
 2.6054876e-002
 2.4224410e-002
 2.2120159e-002
 2.1900618e-002
 2.2964107e-002
 2.3961296e-002
 2.3636570e-002
 2.2554627e-002
 2.1627534e-002
 2.1465832e-002
