s07_AV97 Record=2353: Nephrite HS296.3B            NIC4cb RREF
-1.2300000e+034
-1.2300000e+034
-1.2300000e+034
-1.2300000e+034
-1.2300000e+034
-1.2300000e+034
-1.2300000e+034
-1.2300000e+034
-1.2300000e+034
-1.2300000e+034
-1.2300000e+034
-1.2300000e+034
-1.2300000e+034
-1.2300000e+034
-1.2300000e+034
-1.2300000e+034
-1.2300000e+034
-1.2300000e+034
-1.2300000e+034
-1.2300000e+034
-1.2300000e+034
-1.2300000e+034
-1.2300000e+034
-1.2300000e+034
-1.2300000e+034
-1.2300000e+034
-1.2300000e+034
-1.2300000e+034
-1.2300000e+034
-1.2300000e+034
-1.2300000e+034
-1.2300000e+034
-1.2300000e+034
-1.2300000e+034
-1.2300000e+034
-1.2300000e+034
-1.2300000e+034
-1.2300000e+034
-1.2300000e+034
-1.2300000e+034
-1.2300000e+034
-1.2300000e+034
-1.2300000e+034
-1.2300000e+034
-1.2300000e+034
-1.2300000e+034
-1.2300000e+034
-1.2300000e+034
-1.2300000e+034
-1.2300000e+034
-1.2300000e+034
-1.2300000e+034
-1.2300000e+034
-1.2300000e+034
-1.2300000e+034
-1.2300000e+034
-1.2300000e+034
-1.2300000e+034
-1.2300000e+034
-1.2300000e+034
-1.2300000e+034
-1.2300000e+034
-1.2300000e+034
-1.2300000e+034
-1.2300000e+034
-1.2300000e+034
-1.2300000e+034
-1.2300000e+034
-1.2300000e+034
-1.2300000e+034
-1.2300000e+034
-1.2300000e+034
-1.2300000e+034
-1.2300000e+034
-1.2300000e+034
-1.2300000e+034
-1.2300000e+034
-1.2300000e+034
-1.2300000e+034
-1.2300000e+034
-1.2300000e+034
-1.2300000e+034
-1.2300000e+034
-1.2300000e+034
-1.2300000e+034
-1.2300000e+034
-1.2300000e+034
-1.2300000e+034
-1.2300000e+034
-1.2300000e+034
-1.2300000e+034
-1.2300000e+034
-1.2300000e+034
-1.2300000e+034
-1.2300000e+034
-1.2300000e+034
-1.2300000e+034
-1.2300000e+034
-1.2300000e+034
-1.2300000e+034
-1.2300000e+034
-1.2300000e+034
-1.2300000e+034
-1.2300000e+034
-1.2300000e+034
-1.2300000e+034
-1.2300000e+034
-1.2300000e+034
-1.2300000e+034
-1.2300000e+034
-1.2300000e+034
-1.2300000e+034
-1.2300000e+034
-1.2300000e+034
-1.2300000e+034
-1.2300000e+034
-1.2300000e+034
-1.2300000e+034
-1.2300000e+034
-1.2300000e+034
-1.2300000e+034
-1.2300000e+034
-1.2300000e+034
-1.2300000e+034
-1.2300000e+034
-1.2300000e+034
-1.2300000e+034
-1.2300000e+034
-1.2300000e+034
-1.2300000e+034
-1.2300000e+034
 2.7147913e-001
 2.7496579e-001
 2.7837172e-001
 2.8159624e-001
 2.8467116e-001
 2.8749654e-001
 2.9027489e-001
 2.9271224e-001
 2.9513246e-001
 2.9727247e-001
 2.9921514e-001
 3.0087146e-001
 3.0249378e-001
 3.0414242e-001
 3.0577007e-001
 3.0710101e-001
 3.0853736e-001
 3.0974647e-001
 3.1081432e-001
 3.1165352e-001
 3.1235021e-001
 3.1330776e-001
 3.1457341e-001
 3.1571925e-001
 3.1636629e-001
 3.1678277e-001
 3.1720960e-001
 3.1767634e-001
 3.1634229e-001
 3.1686220e-001
 3.1505069e-001
 3.1236166e-001
 3.1001124e-001
 3.0884933e-001
 3.0846828e-001
 3.0783153e-001
 3.0634040e-001
 3.0425125e-001
 3.0238634e-001
 3.0153090e-001
 3.0229601e-001
 3.0437890e-001
 3.0651495e-001
 3.0863541e-001
 3.1108171e-001
 3.1395084e-001
 3.1682932e-001
 3.1874445e-001
 3.1910938e-001
 3.1659865e-001
 3.1127384e-001
 3.0843198e-001
 3.0767754e-001
 3.0895999e-001
 3.0829883e-001
 3.0910414e-001
 3.1219974e-001
 3.1533477e-001
 3.1726530e-001
 3.1778404e-001
 3.1723991e-001
 3.1640396e-001
 3.1507951e-001
 3.1193414e-001
 3.0403939e-001
 2.9023314e-001
 2.7997261e-001
 2.7422830e-001
 2.6282302e-001
 2.5166479e-001
 2.4176443e-001
 2.2822109e-001
 2.1323283e-001
 1.9529249e-001
 1.9352536e-001
 2.1035418e-001
 2.3583443e-001
 2.5278145e-001
 2.5212109e-001
 2.3812935e-001
 2.3186731e-001
 2.3657799e-001
 2.3641877e-001
 2.3111255e-001
 2.2897321e-001
 2.2793882e-001
 2.2257425e-001
 2.2217977e-001
 2.2779174e-001
 2.2700323e-001
 2.1971299e-001
 2.1309856e-001
 2.0928243e-001
