s07_AV97 Record=1006: Datolite HS442.2B            ASDFRb AREF
 7.1223235e-001
 7.2760260e-001
 7.4228472e-001
 7.5394249e-001
 7.6398242e-001
 7.7367449e-001
 7.8320479e-001
 7.9261911e-001
 8.0121893e-001
 8.0838096e-001
 8.1405801e-001
 8.1926250e-001
 8.2392395e-001
 8.2832968e-001
 8.3371955e-001
 8.3963597e-001
 8.4427845e-001
 8.4738439e-001
 8.4965616e-001
 8.5157901e-001
 8.5295677e-001
 8.5402614e-001
 8.5485500e-001
 8.5626835e-001
 8.5779262e-001
 8.5904241e-001
 8.6093414e-001
 8.6232293e-001
 8.6353755e-001
 8.6460137e-001
 8.6552954e-001
 8.6633748e-001
 8.6539376e-001
 8.6617672e-001
 8.6698091e-001
 8.6814260e-001
 8.6814457e-001
 8.6851686e-001
 8.6888111e-001
 8.6934054e-001
 8.6984962e-001
 8.7048537e-001
 8.7097502e-001
 8.7134010e-001
 8.7170315e-001
 8.7358898e-001
 8.7493879e-001
 8.7566042e-001
 8.7641633e-001
 8.7720984e-001
 8.7777644e-001
 8.7807477e-001
 8.7848318e-001
 8.7886375e-001
 8.7920445e-001
 8.7983054e-001
 8.7990367e-001
 8.7946433e-001
 8.8026989e-001
 8.8125944e-001
 8.8256419e-001
 8.8365924e-001
 8.8474870e-001
 8.8583839e-001
 8.8622493e-001
 8.8552463e-001
 8.8291609e-001
 8.7750793e-001
 8.6456418e-001
 8.7947649e-001
 8.9139956e-001
 8.9463919e-001
 8.9603382e-001
 8.9733571e-001
 8.9797044e-001
 8.9854759e-001
 8.9803177e-001
 8.9764386e-001
 8.9814144e-001
 8.9925927e-001
 8.9900619e-001
 9.0008765e-001
 9.0074098e-001
 9.0121096e-001
 9.0133101e-001
 9.0133727e-001
 9.0147239e-001
 9.0239727e-001
 9.0196455e-001
 9.0101320e-001
 8.9937216e-001
 8.9429092e-001
 8.8758659e-001
 8.6923945e-001
 8.6014849e-001
 8.7065399e-001
 8.6362988e-001
 8.6307532e-001
 8.7698263e-001
 8.8216257e-001
 8.8379902e-001
 8.8620144e-001
 8.8963294e-001
 8.9135295e-001
 8.9409810e-001
 8.9256078e-001
 8.9202821e-001
 8.9226866e-001
 8.9275056e-001
 8.9110571e-001
 8.8454956e-001
 8.7610286e-001
 8.6643320e-001
 8.4396231e-001
 8.1873685e-001
 8.0279398e-001
 7.7774614e-001
 6.7079461e-001
 5.3472310e-001
 7.2727478e-001
 8.2480621e-001
 8.5652399e-001
 8.7209237e-001
 8.8390273e-001
 8.9398724e-001
 8.9898825e-001
 9.0130860e-001
 9.0273088e-001
 9.0414429e-001
 9.0457332e-001
 9.0488714e-001
 9.0432304e-001
 9.0440989e-001
 9.0387404e-001
 9.0192538e-001
 9.0035135e-001
 8.9683467e-001
 8.9294934e-001
 8.8707668e-001
 8.7808526e-001
 8.6438638e-001
 8.5247493e-001
 8.3644480e-001
 8.2488328e-001
 8.2381064e-001
 8.2947141e-001
 8.3448988e-001
 8.3615744e-001
 8.3284181e-001
 8.2907051e-001
 8.2673496e-001
 8.2953501e-001
 8.3495569e-001
 8.4223181e-001
 8.4645522e-001
 8.4958225e-001
 8.5020751e-001
 8.5250586e-001
 8.5245645e-001
 8.5133970e-001
 8.5159904e-001
 8.5093558e-001
 8.5002184e-001
 8.4727055e-001
 8.4631377e-001
 8.4518397e-001
 8.4366423e-001
 8.4213978e-001
 8.4089261e-001
 8.3710986e-001
 8.3468282e-001
 8.3718568e-001
 8.3761001e-001
 8.3609259e-001
 8.3378309e-001
 8.3158064e-001
 8.2794344e-001
 8.1175596e-001
 7.8258950e-001
 7.6606762e-001
 7.6029372e-001
 7.6763707e-001
 7.3697108e-001
 6.4101875e-001
 5.3044641e-001
 5.0614095e-001
 5.1882231e-001
 4.7119582e-001
 4.3766472e-001
 4.7760788e-001
 5.1906818e-001
 5.5339712e-001
 5.7666451e-001
 5.7514405e-001
 5.3005666e-001
 5.1826370e-001
 5.3905654e-001
 5.3347361e-001
 5.1102316e-001
 5.1502472e-001
 5.0847274e-001
 5.4996121e-001
 6.1913437e-001
 6.3406289e-001
 6.2103343e-001
 6.2202346e-001
 6.0860854e-001
 6.1066037e-001
 6.8127513e-001
 6.6383284e-001
 5.2561522e-001
 3.7450686e-001
 3.5887584e-001
 3.1811813e-001
 3.7184545e-001
 4.7064349e-001
 4.1544390e-001
 4.0892449e-001
 4.3038696e-001
 3.9945489e-001
 4.0129328e-001
 4.4770136e-001
 4.8452720e-001
-1.2300000e+034
