s07_AV97 Record=2107: Monazite_REE GDS947 Calif    ASDFRb AREF
 1.4127706e-001
 1.4781615e-001
 1.5939221e-001
 1.7204012e-001
 1.8681097e-001
 2.0215884e-001
 2.1826166e-001
 2.3337920e-001
 2.4853650e-001
 2.6684451e-001
 2.8025237e-001
 2.9726371e-001
 3.1755030e-001
 3.3410117e-001
 3.3752507e-001
 3.4083942e-001
 3.5298294e-001
 3.9559519e-001
 4.1772717e-001
 4.3668306e-001
 4.2670196e-001
 3.4842339e-001
 3.8667318e-001
 4.6788675e-001
 5.1655161e-001
 5.3774828e-001
 5.4137695e-001
 5.5490106e-001
 5.6111145e-001
 5.6597239e-001
 5.6750935e-001
 5.5777651e-001
 5.6857514e-001
 5.5919123e-001
 5.6711406e-001
 5.9142005e-001
 6.1103678e-001
 6.1707556e-001
 6.0683268e-001
 4.9980658e-001
 3.7815917e-001
 4.0167627e-001
 5.2357453e-001
 5.9881938e-001
 5.9283841e-001
 4.7107816e-001
 3.6362049e-001
 4.0308204e-001
 5.1523399e-001
 5.9597474e-001
 6.3052082e-001
 6.3278520e-001
 5.9169936e-001
 5.0235629e-001
 5.1057094e-001
 5.6718147e-001
 5.9896874e-001
 6.2244266e-001
 6.4187145e-001
 6.5359157e-001
 6.5758616e-001
 6.5803611e-001
 6.6353220e-001
 6.6632885e-001
 6.6885102e-001
 6.6841233e-001
 6.6648299e-001
 6.6114318e-001
 6.5468085e-001
 6.5107691e-001
 6.5079647e-001
 6.5113741e-001
 6.4914465e-001
 6.4350098e-001
 6.2793642e-001
 6.0745180e-001
 6.1814851e-001
 6.2665188e-001
 6.2697935e-001
 6.3500375e-001
 6.4640582e-001
 6.5322518e-001
 6.5802598e-001
 6.6447276e-001
 6.7173368e-001
 6.7960238e-001
 6.8406397e-001
 6.8533194e-001
 6.8246335e-001
 6.7310357e-001
 6.4301473e-001
 6.0961717e-001
 6.3351911e-001
 6.6443789e-001
 6.5941483e-001
 6.6480625e-001
 6.6304696e-001
 6.6010785e-001
 6.7074269e-001
 6.8293005e-001
 6.9212884e-001
 6.9522601e-001
 6.9515681e-001
 6.9273949e-001
 6.8885845e-001
 6.8328494e-001
 6.7283577e-001
 6.5062684e-001
 6.1824846e-001
 6.2797743e-001
 6.4230794e-001
 6.2647712e-001
 6.0004026e-001
 5.8741975e-001
 5.7824945e-001
 5.5532867e-001
 5.4019374e-001
 5.3809732e-001
 5.3805381e-001
 5.4654336e-001
 5.6509954e-001
 5.7437027e-001
 5.6777257e-001
 5.5603391e-001
 5.3265768e-001
 5.0405377e-001
 4.9266753e-001
 4.9388748e-001
 4.9831647e-001
 5.0283176e-001
 5.2199906e-001
 5.5144984e-001
 5.7985967e-001
 5.9922117e-001
 6.1821502e-001
 6.3723534e-001
 6.5063363e-001
 6.5723377e-001
 6.6009867e-001
 6.6037697e-001
 6.5725058e-001
 6.6737151e-001
 6.6820180e-001
 6.8032038e-001
 6.8812102e-001
 6.9903266e-001
 7.0861834e-001
 7.1331888e-001
 7.1560645e-001
 7.1682614e-001
 7.1867937e-001
 7.1878588e-001
 7.1743965e-001
 7.1634889e-001
 7.1382898e-001
 7.1113324e-001
 7.0747721e-001
 7.0310122e-001
 6.9751841e-001
 6.9006699e-001
 6.9349098e-001
 6.8447590e-001
 6.7363602e-001
 6.6131711e-001
 6.5098554e-001
 6.3879061e-001
 6.2186790e-001
 6.0556102e-001
 5.9352332e-001
 5.8816189e-001
 5.9524941e-001
 6.1059648e-001
 6.1778593e-001
 6.1986339e-001
 6.2659001e-001
 6.3861430e-001
 6.5154213e-001
 6.6361642e-001
 6.7349654e-001
 6.8058568e-001
 6.8581754e-001
 6.8983644e-001
 6.9375449e-001
 6.9733554e-001
 6.9950145e-001
 7.0014238e-001
 6.9977742e-001
 6.9751054e-001
 6.9518203e-001
 6.9368064e-001
 6.9139129e-001
 6.8856692e-001
 6.8644589e-001
 6.8358570e-001
 6.8283755e-001
 6.8116456e-001
 6.7884308e-001
 6.7850864e-001
 6.7569697e-001
 6.7270333e-001
 6.6790527e-001
 6.6380006e-001
 6.6002262e-001
 6.5590113e-001
 6.5201479e-001
 6.4684719e-001
 6.3765234e-001
 6.2155133e-001
 5.9892339e-001
 5.8956623e-001
 5.9065557e-001
 5.8154774e-001
 5.7029629e-001
 5.5998558e-001
 5.4941708e-001
 5.4709888e-001
 5.5271292e-001
 5.5874795e-001
 5.6048244e-001
 5.5550891e-001
 5.4879147e-001
 5.3524983e-001
 5.1739228e-001
-1.2300000e+034
