s07_AV97 Record=3349: Topaz Wigwam_Area_6_#16       BECKb AREF
 8.8025331e-001
 8.8468069e-001
 8.8488686e-001
 8.8498503e-001
 8.8618255e-001
 8.8886416e-001
 8.9304799e-001
 8.9880306e-001
 9.0331447e-001
 9.0750122e-001
 9.1224462e-001
 9.1484791e-001
 9.1547167e-001
 9.1632837e-001
 9.1648591e-001
 9.1419166e-001
 9.1217589e-001
 9.0776569e-001
 9.0667272e-001
 9.0658402e-001
 9.0619457e-001
 9.0555829e-001
 9.0790480e-001
 9.1253000e-001
 9.1589624e-001
 9.1689414e-001
 9.1615522e-001
 9.1586941e-001
 9.1725254e-001
 9.1773736e-001
 9.1833156e-001
 9.1987926e-001
 9.1821545e-001
 9.1952449e-001
 9.2129159e-001
 9.2225718e-001
 9.2134988e-001
 9.1966558e-001
 9.2020637e-001
 9.2178774e-001
 9.2135495e-001
 9.2434466e-001
 9.2365235e-001
 9.2463696e-001
 9.2578411e-001
 9.2491227e-001
 9.2532337e-001
 9.2820066e-001
 9.2899233e-001
 9.2599839e-001
 9.3181890e-001
 9.3315595e-001
 9.3467432e-001
 9.3640918e-001
 9.3569130e-001
 9.3439054e-001
 9.3723494e-001
 9.3864548e-001
 9.3804139e-001
 9.3609059e-001
 9.4126081e-001
 9.4580120e-001
 9.4029051e-001
 9.4075632e-001
 9.4331282e-001
 9.4748640e-001
 9.4698429e-001
 9.5193809e-001
 9.4886047e-001
 9.5214576e-001
 9.4930911e-001
 9.5267862e-001
 9.5272374e-001
 9.5558172e-001
 9.5301449e-001
 9.5375675e-001
 9.5641237e-001
 9.5778275e-001
 9.5653862e-001
 9.5957541e-001
 9.5566607e-001
 9.5894229e-001
 9.5654953e-001
 9.5602721e-001
 9.6008837e-001
 9.5824534e-001
 9.5726663e-001
 9.5433331e-001
 9.5620346e-001
 9.5765382e-001
 9.5843428e-001
 9.5662385e-001
 9.5960248e-001
 9.5892471e-001
 9.6184963e-001
 9.6301836e-001
 9.6020037e-001
 9.6222812e-001
 9.6378011e-001
 9.6273804e-001
 9.6114951e-001
 9.6177202e-001
 9.6436447e-001
 9.6130395e-001
 9.5820618e-001
 9.5479530e-001
 9.5060343e-001
 9.5401454e-001
 9.5089149e-001
 9.5414585e-001
 9.4137949e-001
 8.7261152e-001
 9.2261654e-001
 9.5297462e-001
 9.5702994e-001
 9.5972812e-001
 9.6126795e-001
 9.6079874e-001
 9.6054840e-001
 9.6094584e-001
 9.6238357e-001
 9.6139330e-001
 9.6477866e-001
 9.6740431e-001
 9.6665192e-001
 9.6525311e-001
 9.6530718e-001
 9.6585178e-001
 9.6569079e-001
 9.6672195e-001
 9.6629947e-001
 9.6469724e-001
 9.6785921e-001
 9.7072029e-001
 9.6604228e-001
 9.6535093e-001
 9.6668875e-001
 9.6538877e-001
 9.6464264e-001
 9.5126975e-001
 9.5368797e-001
 9.5589083e-001
 9.5933330e-001
 9.6024513e-001
 9.5980376e-001
 9.5831501e-001
 9.5931363e-001
 9.6174568e-001
 9.5848185e-001
 9.5939535e-001
 9.6234173e-001
 9.6464545e-001
 9.6551508e-001
 9.6833086e-001
 9.6296841e-001
 9.6025002e-001
 9.5757425e-001
 9.5856613e-001
 9.5763755e-001
 9.5474619e-001
 9.5518410e-001
 9.5614475e-001
 9.5247912e-001
 9.4839066e-001
 9.5036602e-001
 9.4199002e-001
 9.4416296e-001
 9.4721156e-001
 9.4458330e-001
 9.4625044e-001
 9.5273638e-001
 9.5343226e-001
 9.4885212e-001
 9.5096773e-001
 9.5269537e-001
 9.5696729e-001
 9.5173115e-001
 9.4486326e-001
 9.3002945e-001
 8.7152028e-001
 7.0853454e-001
 6.7748350e-001
 8.5778970e-001
 9.0361655e-001
 9.2418879e-001
 9.1850507e-001
 8.9673865e-001
 8.7437826e-001
 8.8224268e-001
 8.9426535e-001
 8.9976192e-001
 9.0149826e-001
 8.9430702e-001
 8.8931572e-001
 8.9915818e-001
 9.2146981e-001
 9.1865307e-001
 9.1822505e-001
 9.1096860e-001
 8.9957458e-001
 9.1880518e-001
 9.1842330e-001
 9.0857249e-001
 8.9137530e-001
 8.8165843e-001
 8.7528032e-001
 8.7632525e-001
 8.7892777e-001
 8.7883008e-001
 8.6348456e-001
 8.5186803e-001
 8.6396170e-001
 8.6510700e-001
 8.5306436e-001
 8.3944768e-001
 8.3551764e-001
 8.3446896e-001
 8.2595104e-001
 8.1205213e-001
 7.9473633e-001
 7.7911788e-001
 7.6369077e-001
 7.4588382e-001
 7.2430581e-001
