s07_AV97 Record=151: Almandine HS114.1B Garnet    ASDFRb AREF
 2.9098809e-001
 3.1978783e-001
 3.4582850e-001
 3.6710608e-001
 3.8576761e-001
 4.0204257e-001
 4.1616538e-001
 4.2946219e-001
 4.4000590e-001
 4.4767499e-001
 4.5609540e-001
 4.6488491e-001
 4.7200817e-001
 4.7689226e-001
 4.8366678e-001
 4.9394479e-001
 5.0279230e-001
 5.1327366e-001
 5.2282381e-001
 5.2923411e-001
 5.3339148e-001
 5.3975123e-001
 5.4987031e-001
 5.5830359e-001
 5.6492329e-001
 5.7092959e-001
 5.7634413e-001
 5.8291698e-001
 5.8785516e-001
 5.9103411e-001
 5.9280527e-001
 5.9404367e-001
 5.9259790e-001
 5.9381217e-001
 5.9498662e-001
 5.9625417e-001
 5.9781140e-001
 5.9977591e-001
 6.0213464e-001
 6.0447025e-001
 6.0692358e-001
 6.0875982e-001
 6.1025810e-001
 6.1150539e-001
 6.1231101e-001
 6.1302370e-001
 6.1312509e-001
 6.1318839e-001
 6.1315888e-001
 6.1292940e-001
 6.1258221e-001
 6.1237293e-001
 6.1214703e-001
 6.1188757e-001
 6.1158931e-001
 6.1120665e-001
 6.1077571e-001
 6.1053216e-001
 6.1021000e-001
 6.0986435e-001
 6.0950941e-001
 6.0907167e-001
 6.0852158e-001
 6.0785979e-001
 6.0699505e-001
 6.0577792e-001
 6.0503489e-001
 6.0388404e-001
 6.0249221e-001
 6.0021657e-001
 5.9792131e-001
 5.9585434e-001
 5.9292471e-001
 5.9006101e-001
 5.8640444e-001
 5.8230919e-001
 5.7821149e-001
 5.7326049e-001
 5.6885099e-001
 5.6453031e-001
 5.5913210e-001
 5.5424893e-001
 5.4939759e-001
 5.4373407e-001
 5.3927445e-001
 5.3439730e-001
 5.2998829e-001
 5.2512240e-001
 5.2067882e-001
 5.1697934e-001
 5.1380879e-001
 5.1161730e-001
 5.0954068e-001
 5.0736439e-001
 5.0636727e-001
 5.0562763e-001
 5.0684631e-001
 5.0595808e-001
 5.0544560e-001
 5.0564986e-001
 5.0585842e-001
 5.0665152e-001
 5.0848454e-001
 5.1069927e-001
 5.1348573e-001
 5.1692611e-001
 5.2075714e-001
 5.2460784e-001
 5.2859837e-001
 5.3232253e-001
 5.3670043e-001
 5.4085916e-001
 5.4516602e-001
 5.4814494e-001
 5.5119085e-001
 5.5432802e-001
 5.5684370e-001
 5.5839074e-001
 5.6015366e-001
 5.6215954e-001
 5.6321853e-001
 5.6290877e-001
 5.6270486e-001
 5.6221259e-001
 5.6180573e-001
 5.6114948e-001
 5.6077528e-001
 5.6030083e-001
 5.5951625e-001
 5.5844629e-001
 5.5661708e-001
 5.5632234e-001
 5.5573106e-001
 5.5528790e-001
 5.5500132e-001
 5.5482209e-001
 5.5436140e-001
 5.5384904e-001
 5.5388516e-001
 5.5378437e-001
 5.5447012e-001
 5.5459529e-001
 5.5527252e-001
 5.5555582e-001
 5.5559438e-001
 5.5533576e-001
 5.5685663e-001
 5.5830479e-001
 5.5996346e-001
 5.6180733e-001
 5.6338787e-001
 5.6486446e-001
 5.6621206e-001
 5.6662381e-001
 5.6771868e-001
 5.6896460e-001
 5.7110721e-001
 5.7203066e-001
 5.7312298e-001
 5.7357186e-001
 5.7351768e-001
 5.7344186e-001
 5.7536215e-001
 5.7657969e-001
 5.7731861e-001
 5.7732213e-001
 5.7801288e-001
 5.7846034e-001
 5.7793158e-001
 5.7839537e-001
 5.7813048e-001
 5.7906878e-001
 5.7905674e-001
 5.7997340e-001
 5.7980126e-001
 5.7903934e-001
 5.7989866e-001
 5.8061856e-001
 5.7994401e-001
 5.8056468e-001
 5.8102107e-001
 5.8061093e-001
 5.8126253e-001
 5.7998747e-001
 5.7918519e-001
 5.7804477e-001
 5.7859534e-001
 5.7855850e-001
 5.7742488e-001
 5.7622260e-001
 5.7394224e-001
 5.7421178e-001
 5.7429338e-001
 5.7336211e-001
 5.7300717e-001
 5.7157314e-001
 5.7028151e-001
 5.6997091e-001
 5.6872177e-001
 5.6798536e-001
 5.6817514e-001
 5.6826746e-001
 5.6812853e-001
 5.6819153e-001
 5.6879723e-001
 5.7004189e-001
 5.7010967e-001
 5.7077450e-001
 5.7165825e-001
 5.7117945e-001
 5.7050377e-001
 5.7157719e-001
 5.7253861e-001
 5.7277596e-001
 5.7302481e-001
 5.7506722e-001
 5.7707602e-001
 5.7683027e-001
 5.7689291e-001
 5.7716775e-001
 5.7785583e-001
 5.8047491e-001
 5.8125621e-001
-1.2300000e+034
