s07_AV97 Record=1062: Diopside HS317.3B (Cr)Pyx    ASDFRc AREF
 2.5773847e-001
 2.7398485e-001
 2.8860283e-001
 3.0028296e-001
 3.0795205e-001
 3.1304857e-001
 3.1721446e-001
 3.2077840e-001
 3.2475948e-001
 3.2966003e-001
 3.3694839e-001
 3.4692591e-001
 3.5982326e-001
 3.7633836e-001
 3.9352456e-001
 4.1259569e-001
 4.2961189e-001
 4.4140548e-001
 4.4663548e-001
 4.4657683e-001
 4.4139147e-001
 4.3162748e-001
 4.1881999e-001
 4.0510091e-001
 3.9078102e-001
 3.7765247e-001
 3.6575839e-001
 3.5745078e-001
 3.5601792e-001
 3.5435757e-001
 3.5837510e-001
 3.7000695e-001
 3.5702279e-001
 3.6745149e-001
 3.7534055e-001
 3.7645400e-001
 3.9103165e-001
 4.0735391e-001
 4.2238593e-001
 4.3497884e-001
 4.4475302e-001
 4.5147720e-001
 4.5556998e-001
 4.5731708e-001
 4.5713675e-001
 4.5511407e-001
 4.5154789e-001
 4.4671679e-001
 4.4069037e-001
 4.3386391e-001
 4.2651561e-001
 4.1863665e-001
 4.1048381e-001
 4.0223736e-001
 3.9414719e-001
 3.8617125e-001
 3.7848592e-001
 3.7115544e-001
 3.6428520e-001
 3.5782519e-001
 3.5176682e-001
 3.4611845e-001
 3.4016901e-001
 3.3562142e-001
 3.3082566e-001
 3.2619825e-001
 3.2153007e-001
 3.1675896e-001
 3.1221575e-001
 3.0704778e-001
 3.0378205e-001
 3.0065528e-001
 2.9886135e-001
 2.9898641e-001
 2.9980186e-001
 3.0310220e-001
 3.0739048e-001
 3.1331721e-001
 3.2026735e-001
 3.2663074e-001
 3.3389670e-001
 3.3991992e-001
 3.4623897e-001
 3.5252911e-001
 3.5788888e-001
 3.6374596e-001
 3.6921895e-001
 3.7537256e-001
 3.8180631e-001
 3.8800639e-001
 3.9484152e-001
 4.0236774e-001
 4.0908644e-001
 4.1649771e-001
 4.2340699e-001
 4.3106809e-001
 4.1948509e-001
 4.2727083e-001
 4.3466944e-001
 4.4214892e-001
 4.4948709e-001
 4.5641005e-001
 4.6340859e-001
 4.6972921e-001
 4.7576237e-001
 4.8141995e-001
 4.8689395e-001
 4.9207833e-001
 4.9517077e-001
 4.8419082e-001
 4.5765555e-001
 4.8958459e-001
 5.0144339e-001
 5.0621885e-001
 5.1104629e-001
 5.1496798e-001
 5.1742905e-001
 5.1983827e-001
 5.2227914e-001
 5.2443284e-001
 5.2636844e-001
 5.2838475e-001
 5.2998823e-001
 5.3141809e-001
 5.3258365e-001
 5.3389430e-001
 5.3497797e-001
 5.3585130e-001
 5.3642726e-001
 5.3704035e-001
 5.3758371e-001
 5.3821188e-001
 5.3849488e-001
 5.3891104e-001
 5.3943992e-001
 5.3990346e-001
 5.4012102e-001
 5.4024637e-001
 5.4086590e-001
 5.4103452e-001
 5.4116809e-001
 5.4148394e-001
 5.4139429e-001
 5.4128283e-001
 5.4073250e-001
 5.4027587e-001
 5.3986979e-001
 5.3953278e-001
 5.3915972e-001
 5.3905296e-001
 5.3867316e-001
 5.3824258e-001
 5.3760773e-001
 5.3725833e-001
 5.3660452e-001
 5.3610373e-001
 5.3478777e-001
 5.3362685e-001
 5.3111678e-001
 5.2458948e-001
 5.2780366e-001
 5.1839095e-001
 5.0668395e-001
 5.0216293e-001
 5.0422293e-001
 5.0656921e-001
 5.0823289e-001
 5.0842065e-001
 5.0825775e-001
 5.0807124e-001
 5.0805497e-001
 5.0811070e-001
 5.0828075e-001
 5.0844586e-001
 5.0874764e-001
 5.0913846e-001
 5.0909674e-001
 5.0798011e-001
 5.0734395e-001
 5.0498474e-001
 5.0345141e-001
 5.0212127e-001
 5.0107807e-001
 4.9822956e-001
 4.9594545e-001
 4.9400052e-001
 4.9326730e-001
 4.9228925e-001
 4.8984498e-001
 4.8736683e-001
 4.8467258e-001
 4.8252457e-001
 4.7930041e-001
 4.7524697e-001
 4.7114202e-001
 4.6764156e-001
 4.6597275e-001
 4.6491179e-001
 4.6086976e-001
 4.5096621e-001
 4.3347090e-001
 4.0535775e-001
 3.9219683e-001
 3.6940619e-001
 3.7254530e-001
 4.1518822e-001
 4.4116125e-001
 4.4693807e-001
 4.4540817e-001
 4.3839213e-001
 4.2180908e-001
 4.1143024e-001
 4.2481840e-001
 4.4277200e-001
 4.4325113e-001
 4.4096902e-001
 4.3960488e-001
 4.3722045e-001
 4.3335852e-001
 4.3173006e-001
 4.3576756e-001
 4.3824396e-001
 4.3537465e-001
-1.2300000e+034
