s07_AV97 Record=105: Albite HS143.3B Plagioclase  ASDFRc AREF
 5.5288327e-001
 5.6545120e-001
 5.8486593e-001
 6.0264498e-001
 6.1795145e-001
 6.3232601e-001
 6.4829206e-001
 6.6464686e-001
 6.7752159e-001
 6.8696725e-001
 6.9357800e-001
 6.9925100e-001
 7.0572788e-001
 7.1287012e-001
 7.2020453e-001
 7.2740269e-001
 7.3377573e-001
 7.3952079e-001
 7.4450952e-001
 7.4864328e-001
 7.5241017e-001
 7.5545245e-001
 7.5847316e-001
 7.6158702e-001
 7.6398498e-001
 7.6582384e-001
 7.6735282e-001
 7.6871639e-001
 7.7007234e-001
 7.7137917e-001
 7.7269447e-001
 7.7408767e-001
 7.7247292e-001
 7.7382326e-001
 7.7516085e-001
 7.7734733e-001
 7.7819568e-001
 7.7954471e-001
 7.8076041e-001
 7.8163600e-001
 7.8242189e-001
 7.8362590e-001
 7.8498006e-001
 7.8593785e-001
 7.8667694e-001
 7.8703493e-001
 7.8723085e-001
 7.8803545e-001
 7.8896320e-001
 7.8950578e-001
 7.9014230e-001
 7.9074979e-001
 7.9126590e-001
 7.9177159e-001
 7.9245722e-001
 7.9291451e-001
 7.9319537e-001
 7.9336458e-001
 7.9340667e-001
 7.9319394e-001
 7.9297358e-001
 7.9247320e-001
 7.9188436e-001
 7.9092824e-001
 7.9015833e-001
 7.8937852e-001
 7.8847396e-001
 7.8740942e-001
 7.8632522e-001
 7.8370053e-001
 7.8345931e-001
 7.8140873e-001
 7.8011459e-001
 7.7920479e-001
 7.7674657e-001
 7.7541518e-001
 7.7443022e-001
 7.7288496e-001
 7.7154702e-001
 7.7025771e-001
 7.6944333e-001
 7.6827455e-001
 7.6725620e-001
 7.6646167e-001
 7.6567465e-001
 7.6484770e-001
 7.6407421e-001
 7.6373482e-001
 7.6343638e-001
 7.6314241e-001
 7.6313150e-001
 7.6338995e-001
 7.6337665e-001
 7.6375324e-001
 7.6398045e-001
 7.6433331e-001
 7.6356429e-001
 7.6409966e-001
 7.6460195e-001
 7.6470435e-001
 7.6498312e-001
 7.6494366e-001
 7.6533234e-001
 7.6553351e-001
 7.6603884e-001
 7.6643622e-001
 7.6639712e-001
 7.6655328e-001
 7.6674676e-001
 7.6538944e-001
 7.6247275e-001
 7.5762534e-001
 7.5762153e-001
 7.6373887e-001
 7.6665151e-001
 7.6826543e-001
 7.6953363e-001
 7.7105409e-001
 7.7255964e-001
 7.7456099e-001
 7.7650052e-001
 7.7801019e-001
 7.8005028e-001
 7.8190404e-001
 7.8314447e-001
 7.8433847e-001
 7.8596568e-001
 7.8681642e-001
 7.8785956e-001
 7.8867114e-001
 7.8958738e-001
 7.9038465e-001
 7.9097378e-001
 7.9181617e-001
 7.9233307e-001
 7.9294008e-001
 7.9350972e-001
 7.9401785e-001
 7.9451269e-001
 7.9504257e-001
 7.9494911e-001
 7.9554009e-001
 7.9624838e-001
 7.9669482e-001
 7.9628724e-001
 7.9586577e-001
 7.9565352e-001
 7.9519355e-001
 7.9535937e-001
 7.9621810e-001
 7.9608858e-001
 7.9619259e-001
 7.9677850e-001
 7.9604644e-001
 7.9611111e-001
 7.9560763e-001
 7.9587311e-001
 7.9513597e-001
 7.9223162e-001
 7.8745508e-001
 7.8966624e-001
 7.8292292e-001
 7.7261376e-001
 7.6403594e-001
 7.5889283e-001
 7.5817484e-001
 7.5916505e-001
 7.6092643e-001
 7.6340657e-001
 7.6566070e-001
 7.6837307e-001
 7.7123916e-001
 7.7457952e-001
 7.7778912e-001
 7.8089213e-001
 7.8336179e-001
 7.8570986e-001
 7.8837007e-001
 7.8982449e-001
 7.9195374e-001
 7.9370248e-001
 7.9455841e-001
 7.9457653e-001
 7.9492700e-001
 7.9563737e-001
 7.9562157e-001
 7.9424876e-001
 7.9297131e-001
 7.8962892e-001
 7.8563589e-001
 7.7865452e-001
 7.6925117e-001
 7.6639897e-001
 7.7320123e-001
 7.8004211e-001
 7.8223526e-001
 7.8305095e-001
 7.8235430e-001
 7.8284079e-001
 7.8362244e-001
 7.8381509e-001
 7.8190821e-001
 7.8067362e-001
 7.7793485e-001
 7.7416503e-001
 7.6993555e-001
 7.6671875e-001
 7.6492608e-001
 7.6392841e-001
 7.6653308e-001
 7.6645780e-001
 7.6716131e-001
 7.6611316e-001
 7.6211673e-001
 7.5895536e-001
 7.5552869e-001
 7.5089961e-001
 7.4693412e-001
 7.4631011e-001
 7.4478573e-001
 7.4237096e-001
 7.4759340e-001
 7.4129564e-001
-1.2300000e+034
