s07_AV97 Record=2723: Pyrolusite HS138.3B           BECKb AREF
 4.8877213e-002
 4.9416326e-002
 4.9832888e-002
 5.0688602e-002
 5.1610436e-002
 5.2371919e-002
 5.2858606e-002
 5.3806189e-002
 5.3997468e-002
 5.4501589e-002
 5.4861065e-002
 5.4781087e-002
 5.4789506e-002
 5.5159565e-002
 5.5215694e-002
 5.5438630e-002
 5.5821817e-002
 5.6203365e-002
 5.6115851e-002
 5.6018263e-002
 5.6318339e-002
 5.6393597e-002
 5.6525625e-002
 5.5824399e-002
 5.5722397e-002
 5.5508558e-002
 5.5049211e-002
 5.5328924e-002
 5.4925013e-002
 5.5256363e-002
 5.5389173e-002
 5.5235300e-002
 5.5442400e-002
 5.5265900e-002
 5.5296078e-002
 5.5311531e-002
 5.5405278e-002
 5.5390012e-002
 5.5616409e-002
 5.5699553e-002
 5.5890359e-002
 5.6207120e-002
 5.6468941e-002
 5.6669563e-002
 5.6788109e-002
 5.6909248e-002
 5.7223152e-002
 5.7337739e-002
 5.7443570e-002
 5.7322133e-002
 5.7283115e-002
 5.8581222e-002
 5.8469586e-002
 6.0070038e-002
 6.1150771e-002
 6.1549969e-002
 6.3764766e-002
 6.1609179e-002
 6.1248805e-002
 6.0612053e-002
 6.0147688e-002
 6.3498728e-002
 6.0349878e-002
 6.1978940e-002
 6.4073041e-002
 6.3602574e-002
 6.3421637e-002
 6.4005241e-002
 6.4635888e-002
 6.4698435e-002
 6.6281781e-002
 6.8533890e-002
 6.8809509e-002
 6.9944851e-002
 6.9302298e-002
 6.9531173e-002
 7.1964309e-002
 7.3002897e-002
 7.3521927e-002
 7.5550325e-002
 7.6402262e-002
 7.6896146e-002
 7.7916875e-002
 7.8591891e-002
 8.0017664e-002
 8.0958508e-002
 8.3144948e-002
 8.4445827e-002
 8.4622823e-002
 8.4952228e-002
 8.5467629e-002
 8.7454565e-002
 8.8503808e-002
 8.9161545e-002
 9.0704955e-002
 9.1303177e-002
 8.9793958e-002
 9.1131605e-002
 9.1770127e-002
 9.2932649e-002
 9.2943862e-002
 9.3691155e-002
 9.4704710e-002
 9.4512939e-002
 9.5164381e-002
 9.6015163e-002
 9.6066624e-002
 9.5946312e-002
 9.6780531e-002
 9.6782006e-002
 9.6096247e-002
 9.7487159e-002
 9.7199082e-002
 9.6470982e-002
 9.6374504e-002
 9.6999526e-002
 9.7040981e-002
 9.6435100e-002
 9.6505053e-002
 9.5981956e-002
 9.5816836e-002
 9.6556127e-002
 9.5174603e-002
 9.5907435e-002
 9.6069448e-002
 9.5552526e-002
 9.5706582e-002
 9.6006058e-002
 9.5119588e-002
 9.4464384e-002
 9.4694406e-002
 9.4820231e-002
 9.3346640e-002
 9.3638182e-002
 9.4604485e-002
 9.4045117e-002
 9.3744487e-002
 9.3120135e-002
 9.3476206e-002
 9.1035455e-002
 9.1207609e-002
 9.2015438e-002
 9.1782063e-002
 9.1513112e-002
 9.2600048e-002
 9.0472706e-002
 9.0755500e-002
 9.1165088e-002
 9.2501961e-002
 9.2402600e-002
 9.0826787e-002
 9.0413779e-002
 9.0787694e-002
 9.0099782e-002
 8.9580737e-002
 9.1229573e-002
 9.1891229e-002
 9.1646753e-002
 9.0334840e-002
 9.0290964e-002
 9.0077631e-002
 9.0158485e-002
 8.8735417e-002
 8.9066334e-002
 8.9105688e-002
 8.6907290e-002
 8.8996336e-002
 9.0519719e-002
 8.8549905e-002
 8.8365182e-002
 8.7230161e-002
 8.8482574e-002
 8.7835558e-002
 8.7956779e-002
 8.8524058e-002
 8.7442957e-002
 8.7329559e-002
 8.7325439e-002
 8.9423545e-002
 8.9538030e-002
 8.8038139e-002
 8.6063176e-002
 8.6593129e-002
 8.7135740e-002
 8.8888884e-002
 8.6839773e-002
 8.4764011e-002
 8.5654676e-002
 8.6668238e-002
 8.8135526e-002
 8.3965339e-002
 8.1860036e-002
 8.2377978e-002
 8.4462009e-002
 8.6345971e-002
 8.4333427e-002
 8.4105000e-002
 8.3567388e-002
 8.1124954e-002
 8.4685959e-002
 8.3374321e-002
 8.2377210e-002
 8.6195819e-002
 8.0931842e-002
 8.4044866e-002
 8.2807913e-002
 8.0645509e-002
 8.1261724e-002
 8.2594641e-002
 8.0494739e-002
 8.4013484e-002
 8.1269823e-002
 8.1194028e-002
 8.2587607e-002
 8.3453976e-002
 8.2815185e-002
 8.1525587e-002
 8.0792770e-002
 8.0692448e-002
 8.0781877e-002
 8.0723427e-002
 8.0418736e-002
 7.9824358e-002
 7.8985572e-002
