s07_AV97 Record=2696: Pyrite S142-1                 BECKc AREF
 5.9687812e-002
 6.1105430e-002
 6.2702678e-002
 6.4548135e-002
 6.6083938e-002
 6.7180805e-002
 6.8140842e-002
 6.8880528e-002
 6.9882743e-002
 7.1179613e-002
 7.2547205e-002
 7.3798418e-002
 7.5127169e-002
 7.6579340e-002
 7.7791862e-002
 7.8825437e-002
 7.9464763e-002
 8.0429763e-002
 8.1199758e-002
 8.2054749e-002
 8.2743764e-002
 8.3704114e-002
 8.4356382e-002
 8.4664479e-002
 8.4664650e-002
 8.5326612e-002
 8.5849725e-002
 8.6371817e-002
 8.6935297e-002
 8.7534606e-002
 8.8653639e-002
 8.9164205e-002
 8.8537805e-002
 8.9080803e-002
 8.9599080e-002
 9.0312093e-002
 9.0788491e-002
 9.1423437e-002
 9.1770478e-002
 9.2046008e-002
 9.2158936e-002
 9.2451349e-002
 9.2427775e-002
 9.2562489e-002
 9.2605375e-002
 9.3195520e-002
 9.2991807e-002
 9.3245208e-002
 9.3586743e-002
 9.3378872e-002
 9.3497664e-002
 9.4557203e-002
 9.3505748e-002
 9.2866227e-002
 9.5008008e-002
 9.3373150e-002
 9.5366865e-002
 9.7908147e-002
 9.5776081e-002
 9.3850195e-002
 9.6246161e-002
 9.5331714e-002
 9.5186591e-002
 9.7096123e-002
 9.7783677e-002
 9.6365973e-002
 9.9619418e-002
 9.7665668e-002
 9.6781604e-002
 9.9116132e-002
 9.9518441e-002
 9.9418983e-002
 1.0068811e-001
 1.0199898e-001
 1.0222320e-001
 1.0274944e-001
 1.0438561e-001
 1.0399903e-001
 1.0720517e-001
 1.0680164e-001
 1.0739928e-001
 1.0845528e-001
 1.0926576e-001
 1.0924826e-001
 1.1000640e-001
 1.1176492e-001
 1.1283700e-001
 1.1446112e-001
 1.1468576e-001
 1.1627936e-001
 1.1588677e-001
 1.1774098e-001
 1.1745105e-001
 1.1859141e-001
 1.1866821e-001
 1.1990988e-001
 1.1866678e-001
 1.1920878e-001
 1.2016920e-001
 1.2035029e-001
 1.2095148e-001
 1.2183314e-001
 1.2271811e-001
 1.2309541e-001
 1.2384260e-001
 1.2321506e-001
 1.2455657e-001
 1.2577951e-001
 1.2631953e-001
 1.2690552e-001
 1.2699392e-001
 1.2811740e-001
 1.2748696e-001
 1.2731808e-001
 1.2780340e-001
 1.3032871e-001
 1.3058208e-001
 1.3035168e-001
 1.3175306e-001
 1.3205266e-001
 1.3204154e-001
 1.3123432e-001
 1.3074794e-001
 1.3372459e-001
 1.3275690e-001
 1.3346672e-001
 1.3327897e-001
 1.3485736e-001
 1.3407323e-001
 1.3412957e-001
 1.3340139e-001
 1.3398670e-001
 1.3373621e-001
 1.3370903e-001
 1.3346851e-001
 1.3557559e-001
 1.3542913e-001
 1.3475280e-001
 1.3408166e-001
 1.3583569e-001
 1.3513930e-001
 1.3740151e-001
 1.3745035e-001
 1.3681754e-001
 1.3603133e-001
 1.3784234e-001
 1.3503322e-001
 1.3687274e-001
 1.3662006e-001
 1.3603686e-001
 1.3726772e-001
 1.3631116e-001
 1.3673908e-001
 1.3661619e-001
 1.3642980e-001
 1.3674428e-001
 1.3694261e-001
 1.3616958e-001
 1.3711622e-001
 1.3648202e-001
 1.3696168e-001
 1.3751401e-001
 1.3933505e-001
 1.3824889e-001
 1.3929833e-001
 1.3746512e-001
 1.3581751e-001
 1.3642263e-001
 1.3578179e-001
 1.3568366e-001
 1.3672923e-001
 1.3656898e-001
 1.3811776e-001
 1.3979454e-001
 1.3849087e-001
 1.3742848e-001
 1.3636966e-001
 1.3666166e-001
 1.4022273e-001
 1.3737904e-001
 1.3873202e-001
 1.3883129e-001
 1.3971198e-001
 1.4083885e-001
 1.3954495e-001
 1.3919273e-001
 1.4006320e-001
 1.4290266e-001
 1.3935536e-001
 1.3981275e-001
 1.3933504e-001
 1.3702603e-001
 1.3810113e-001
 1.3753690e-001
 1.3887100e-001
 1.4049786e-001
 1.3983102e-001
 1.4086697e-001
 1.4092407e-001
 1.4075473e-001
 1.4150710e-001
 1.4284140e-001
 1.4063244e-001
 1.3704084e-001
 1.4124171e-001
 1.4222468e-001
 1.4093396e-001
 1.4139307e-001
 1.4166011e-001
 1.4109273e-001
 1.4206885e-001
 1.4224999e-001
 1.4411749e-001
 1.4374909e-001
 1.4207262e-001
 1.4206611e-001
 1.4294928e-001
 1.4311622e-001
 1.4259008e-001
 1.4189096e-001
 1.4158647e-001
 1.4170483e-001
 1.4217287e-001
 1.4286681e-001
