s07_AV97 Record=135: Allanite HS293.3B             BECKb AREF
 3.7346270e-002
 3.8473859e-002
 3.9626922e-002
 4.0370028e-002
 4.1224178e-002
 3.9823223e-002
 4.2295400e-002
 4.2307857e-002
 4.3398160e-002
 4.3644052e-002
 4.4534013e-002
 4.4556331e-002
 4.4059467e-002
 4.4714767e-002
 4.4894766e-002
 4.5008361e-002
 4.5403890e-002
 4.5318324e-002
 4.6374638e-002
 4.6254065e-002
 4.6036176e-002
 4.5743480e-002
 4.6488348e-002
 4.6744898e-002
 4.5782644e-002
 4.7556311e-002
 4.6801411e-002
 4.7278989e-002
 4.6957154e-002
 4.6489421e-002
 4.7324512e-002
 4.7257245e-002
 4.7300659e-002
 4.7264677e-002
 4.7153458e-002
 4.7369048e-002
 4.7146734e-002
 4.7151692e-002
 4.7186490e-002
 4.7077067e-002
 4.7585148e-002
 4.7042582e-002
 4.7376152e-002
 4.7891051e-002
 4.7686629e-002
 4.8470136e-002
 4.8190396e-002
 4.7875009e-002
 4.8232596e-002
 4.7690298e-002
 4.6028465e-002
 4.3354537e-002
 4.8524436e-002
 5.0285801e-002
 4.8208348e-002
 4.9744312e-002
 4.8886932e-002
 4.7591764e-002
 4.6105616e-002
 4.5840561e-002
 4.9770385e-002
 4.6530616e-002
 4.8063684e-002
 4.6358272e-002
 4.5943886e-002
 4.7729831e-002
 4.7366239e-002
 4.8397683e-002
 4.7144268e-002
 4.7099665e-002
 4.7474124e-002
 4.7699552e-002
 4.7591969e-002
 4.6298470e-002
 4.9644414e-002
 4.8480500e-002
 4.8702709e-002
 4.7866054e-002
 4.8708420e-002
 4.9672868e-002
 4.9416590e-002
 4.9229227e-002
 4.9631596e-002
 5.1875148e-002
 5.0501801e-002
 4.9188115e-002
 5.1041372e-002
 5.1727649e-002
 5.1574085e-002
 5.1577773e-002
 5.3537875e-002
 5.4408431e-002
 5.4682530e-002
 5.3531203e-002
 5.5554159e-002
 5.7579502e-002
 5.3973164e-002
 5.6901097e-002
 5.6777820e-002
 5.6352150e-002
 5.7936400e-002
 5.8012880e-002
 5.8289040e-002
 5.8767691e-002
 5.9267621e-002
 5.9987381e-002
 6.0276937e-002
 6.1590035e-002
 6.3026138e-002
 6.2767096e-002
 6.2605701e-002
 6.3166186e-002
 6.3267566e-002
 6.3999139e-002
 6.4499140e-002
 6.5069005e-002
 6.5412939e-002
 6.5426722e-002
 6.4512514e-002
 6.5884270e-002
 6.4728819e-002
 6.6282064e-002
 6.6840038e-002
 6.6647917e-002
 6.8083301e-002
 6.6772528e-002
 6.7539856e-002
 6.9272555e-002
 6.7098930e-002
 6.6857852e-002
 6.7713425e-002
 6.7784235e-002
 6.7804307e-002
 6.7452274e-002
 6.7251921e-002
 6.6425368e-002
 6.5554842e-002
 6.7421965e-002
 6.7145415e-002
 6.7060135e-002
 6.8122901e-002
 6.6596344e-002
 6.6247217e-002
 6.8055421e-002
 6.3152678e-002
 6.6743001e-002
 6.5634057e-002
 6.6222683e-002
 6.6990502e-002
 6.7801215e-002
 6.9684736e-002
 6.7754366e-002
 6.7640744e-002
 6.7892276e-002
 6.8127953e-002
 6.8011299e-002
 6.7052163e-002
 6.8877377e-002
 6.8939798e-002
 6.7794658e-002
 6.7959405e-002
 6.7820631e-002
 6.8568505e-002
 6.9618925e-002
 6.9580197e-002
 7.0032187e-002
 6.9379322e-002
 6.8930477e-002
 6.9520220e-002
 6.9340102e-002
 7.0707060e-002
 7.1162544e-002
 7.4291639e-002
 7.3155425e-002
 7.1339771e-002
 7.2871231e-002
 7.5214311e-002
 7.4365772e-002
 7.4210934e-002
 7.6440312e-002
 7.3916517e-002
 7.3947661e-002
 8.0199063e-002
 7.6926365e-002
 7.5010613e-002
 8.0261797e-002
 8.1462093e-002
 8.0905564e-002
 7.8799330e-002
 8.0190703e-002
 7.7824637e-002
 7.7535294e-002
 8.0757424e-002
 8.0433384e-002
 8.1727736e-002
 7.8530632e-002
 7.9364724e-002
 8.0661796e-002
 8.0893859e-002
 7.9765476e-002
 7.7477768e-002
 8.1400543e-002
 8.0736563e-002
 7.9575844e-002
 7.8233488e-002
 7.9039581e-002
 8.1081986e-002
 7.9046816e-002
 7.8199744e-002
 8.2878344e-002
 8.0666497e-002
 7.8332298e-002
 8.1519321e-002
 8.2339749e-002
 8.0669381e-002
 8.0263741e-002
 8.0865256e-002
 8.1247531e-002
 8.1191249e-002
 8.0896311e-002
 8.0580801e-002
 8.0468267e-002
 8.0780491e-002
 8.1631199e-002
