s07_AV97 Record=1612: Hypersthene PYX02.f 60um      BECKc AREF
 1.9806086e-001
 2.1706268e-001
 2.3605937e-001
 2.5451684e-001
 2.7365863e-001
 2.8772286e-001
 2.9451168e-001
 3.0970016e-001
 3.1642282e-001
 3.2450193e-001
 3.3264464e-001
 3.4094495e-001
 3.5126230e-001
 3.5890514e-001
 3.5863394e-001
 3.7895089e-001
 3.8531390e-001
 3.8595778e-001
 3.8270187e-001
 3.8988987e-001
 3.9839432e-001
 4.0310538e-001
 4.0705326e-001
 4.1060212e-001
 4.1332999e-001
 4.1562724e-001
 4.1882482e-001
 4.2178002e-001
 4.2454073e-001
 4.2697322e-001
 4.2929319e-001
 4.3124476e-001
 4.2893112e-001
 4.3088949e-001
 4.3275917e-001
 4.3266264e-001
 4.3175939e-001
 4.2795265e-001
 4.2097324e-001
 4.1008902e-001
 3.9417472e-001
 3.7333331e-001
 3.4806919e-001
 3.1950673e-001
 2.8847098e-001
 2.5769347e-001
 2.2806956e-001
 2.0033522e-001
 1.7622221e-001
 1.5543559e-001
 1.3826752e-001
 1.2457908e-001
 1.1216871e-001
 1.0221910e-001
 9.7292081e-002
 9.1811255e-002
 8.8563591e-002
 8.5488290e-002
 8.3315030e-002
 8.4661432e-002
 8.7188482e-002
 9.2410773e-002
 9.7571872e-002
 1.0495903e-001
 1.1923783e-001
 1.3241290e-001
 1.5005730e-001
 1.7183426e-001
 1.9556028e-001
 2.2403906e-001
 2.5239351e-001
 2.8200161e-001
 3.1174916e-001
 3.3989266e-001
 3.6485618e-001
 3.8593310e-001
 4.0451065e-001
 4.2073464e-001
 4.3241143e-001
 4.4114575e-001
 4.4874400e-001
 4.5455253e-001
 4.5847508e-001
 4.6184605e-001
 4.6351779e-001
 4.6750262e-001
 4.6819043e-001
 4.7065583e-001
 4.7029293e-001
 4.7259331e-001
 4.7427049e-001
 4.7474587e-001
 4.7437909e-001
 4.7600415e-001
 4.7512746e-001
 4.7504646e-001
 4.7571075e-001
 4.7501081e-001
 4.7459030e-001
 4.7351050e-001
 4.7184697e-001
 4.7010601e-001
 4.6788752e-001
 4.6446711e-001
 4.6116889e-001
 4.5671174e-001
 4.5214087e-001
 4.4707295e-001
 4.4071808e-001
 4.2660356e-001
 4.1114607e-001
 4.1294998e-001
 4.0859762e-001
 4.0184259e-001
 3.9429021e-001
 3.8512656e-001
 3.7630826e-001
 3.6711028e-001
 3.5805279e-001
 3.4696251e-001
 3.3741486e-001
 3.2760438e-001
 3.1795087e-001
 3.0754182e-001
 2.9864228e-001
 2.8894779e-001
 2.7943951e-001
 2.6961568e-001
 2.6099023e-001
 2.5139469e-001
 2.4395414e-001
 2.3565643e-001
 2.2788402e-001
 2.2072949e-001
 2.1371847e-001
 2.0733696e-001
 2.0024565e-001
 1.9538708e-001
 1.8898191e-001
 1.8187287e-001
 1.7830472e-001
 1.7430848e-001
 1.6774008e-001
 1.6496280e-001
 1.6169538e-001
 1.5687309e-001
 1.5440431e-001
 1.5198825e-001
 1.4876336e-001
 1.4768557e-001
 1.4562431e-001
 1.4400432e-001
 1.4235926e-001
 1.4163588e-001
 1.4146285e-001
 1.4004865e-001
 1.3976151e-001
 1.3907890e-001
 1.4080927e-001
 1.4005522e-001
 1.4080068e-001
 1.4000818e-001
 1.4184849e-001
 1.4099292e-001
 1.4317638e-001
 1.4700276e-001
 1.4891176e-001
 1.5199013e-001
 1.5453623e-001
 1.5917651e-001
 1.6221382e-001
 1.6539977e-001
 1.6905682e-001
 1.7549296e-001
 1.8013893e-001
 1.8303575e-001
 1.9216718e-001
 1.9964428e-001
 2.0528103e-001
 2.1018961e-001
 2.1759495e-001
 2.2777507e-001
 2.3589437e-001
 2.4317521e-001
 2.5280121e-001
 2.6153189e-001
 2.7176458e-001
 2.7900583e-001
 2.8700325e-001
 2.9671326e-001
 3.0455735e-001
 3.1334847e-001
 3.2093778e-001
 3.3025077e-001
 3.3514524e-001
 3.4217259e-001
 3.5078642e-001
 3.5816285e-001
 3.6479127e-001
 3.6797231e-001
 3.7265432e-001
 3.7387902e-001
 3.7243602e-001
 3.7065193e-001
 3.7766993e-001
 3.9330578e-001
 4.0157560e-001
 4.0777797e-001
 4.1284570e-001
 4.1656134e-001
 4.1911006e-001
 4.1785988e-001
 4.2231590e-001
 4.2697930e-001
 4.2961922e-001
 4.3086290e-001
 4.3131167e-001
 4.3153214e-001
 4.3185681e-001
 4.3263236e-001
 4.3393746e-001
 4.3525290e-001
 4.3593600e-001
 4.3561110e-001
