s07_AV97 Record=2174: Montmorillonite SCa-2.b      NIC4bb RREF
-1.2300000e+034
-1.2300000e+034
-1.2300000e+034
-1.2300000e+034
-1.2300000e+034
-1.2300000e+034
-1.2300000e+034
-1.2300000e+034
-1.2300000e+034
-1.2300000e+034
-1.2300000e+034
-1.2300000e+034
-1.2300000e+034
-1.2300000e+034
-1.2300000e+034
-1.2300000e+034
-1.2300000e+034
-1.2300000e+034
-1.2300000e+034
-1.2300000e+034
-1.2300000e+034
-1.2300000e+034
-1.2300000e+034
-1.2300000e+034
-1.2300000e+034
-1.2300000e+034
-1.2300000e+034
-1.2300000e+034
-1.2300000e+034
-1.2300000e+034
-1.2300000e+034
-1.2300000e+034
-1.2300000e+034
-1.2300000e+034
-1.2300000e+034
-1.2300000e+034
-1.2300000e+034
-1.2300000e+034
-1.2300000e+034
-1.2300000e+034
-1.2300000e+034
-1.2300000e+034
-1.2300000e+034
-1.2300000e+034
-1.2300000e+034
-1.2300000e+034
-1.2300000e+034
-1.2300000e+034
-1.2300000e+034
-1.2300000e+034
-1.2300000e+034
-1.2300000e+034
-1.2300000e+034
-1.2300000e+034
-1.2300000e+034
-1.2300000e+034
-1.2300000e+034
-1.2300000e+034
-1.2300000e+034
-1.2300000e+034
-1.2300000e+034
-1.2300000e+034
-1.2300000e+034
-1.2300000e+034
-1.2300000e+034
-1.2300000e+034
-1.2300000e+034
-1.2300000e+034
-1.2300000e+034
-1.2300000e+034
-1.2300000e+034
-1.2300000e+034
-1.2300000e+034
-1.2300000e+034
-1.2300000e+034
-1.2300000e+034
-1.2300000e+034
-1.2300000e+034
-1.2300000e+034
-1.2300000e+034
-1.2300000e+034
-1.2300000e+034
-1.2300000e+034
-1.2300000e+034
-1.2300000e+034
-1.2300000e+034
-1.2300000e+034
-1.2300000e+034
-1.2300000e+034
-1.2300000e+034
-1.2300000e+034
-1.2300000e+034
-1.2300000e+034
-1.2300000e+034
-1.2300000e+034
-1.2300000e+034
-1.2300000e+034
-1.2300000e+034
-1.2300000e+034
-1.2300000e+034
-1.2300000e+034
-1.2300000e+034
-1.2300000e+034
-1.2300000e+034
-1.2300000e+034
-1.2300000e+034
-1.2300000e+034
-1.2300000e+034
-1.2300000e+034
 4.9422455e-001
 4.5635086e-001
 4.1678163e-001
 3.9145520e-001
 3.9693975e-001
 4.1947320e-001
 4.3524671e-001
 4.4080725e-001
 4.4092789e-001
 4.4474459e-001
 4.5172951e-001
 4.5805255e-001
 4.6322525e-001
 4.6742639e-001
 4.7103930e-001
 4.7455898e-001
 4.7836041e-001
 4.8221886e-001
 4.8574540e-001
 4.8891571e-001
 4.9177870e-001
 4.9461883e-001
 4.9780154e-001
 5.0113475e-001
 5.0427502e-001
 5.0708658e-001
 5.0935948e-001
 5.1140177e-001
 5.1352763e-001
 5.1574397e-001
 5.1786542e-001
 5.1966453e-001
 5.2080786e-001
 5.2133995e-001
 5.2157009e-001
 5.2192307e-001
 5.2277452e-001
 5.2355844e-001
 5.2405864e-001
 5.2418065e-001
 5.2351344e-001
 5.2273738e-001
 5.2204627e-001
 5.2177817e-001
 5.2151000e-001
 5.2078158e-001
 5.1874828e-001
 5.1546174e-001
 5.0789791e-001
 4.8933521e-001
 4.5256630e-001
 4.6662557e-001
 4.1323054e-001
 3.4718943e-001
 3.1344643e-001
 3.2893237e-001
 3.5993618e-001
 3.8465571e-001
 4.0254688e-001
 4.1640556e-001
 4.2814422e-001
 4.3891087e-001
 4.4918707e-001
 4.5903197e-001
 4.6837673e-001
 4.7685412e-001
 4.8376194e-001
 4.8891634e-001
 4.9235988e-001
 4.9428827e-001
 4.9499062e-001
 4.9475569e-001
 4.9386334e-001
 4.9265388e-001
 4.9184898e-001
 4.9171674e-001
 4.9217996e-001
 4.9174407e-001
 4.9122643e-001
 4.8984483e-001
 4.8539805e-001
 4.7543728e-001
 4.5622337e-001
 4.2396909e-001
 3.8718107e-001
 3.7691066e-001
 3.8999090e-001
 4.0336698e-001
 4.1726544e-001
 4.3179494e-001
 4.4133592e-001
 4.4152924e-001
 4.3518612e-001
 4.2532060e-001
 4.1437310e-001
 4.0333799e-001
 3.9345202e-001
 3.8439554e-001
 3.7650552e-001
 3.6813882e-001
 3.5944444e-001
 3.5185072e-001
 3.4430701e-001
 3.3752027e-001
 3.3248121e-001
 3.2808110e-001
 3.2337210e-001
 3.1792018e-001
 3.1289887e-001
 3.0955684e-001
 3.0728310e-001
 3.0468845e-001
 3.0090436e-001
 2.9569057e-001
 2.8958976e-001
