s07_AV97 Record=1414: Halloysite CM13             NIC4bbb RREF
-1.2300000e+034
-1.2300000e+034
-1.2300000e+034
-1.2300000e+034
-1.2300000e+034
-1.2300000e+034
-1.2300000e+034
-1.2300000e+034
-1.2300000e+034
-1.2300000e+034
-1.2300000e+034
-1.2300000e+034
-1.2300000e+034
-1.2300000e+034
-1.2300000e+034
-1.2300000e+034
-1.2300000e+034
-1.2300000e+034
-1.2300000e+034
-1.2300000e+034
-1.2300000e+034
-1.2300000e+034
-1.2300000e+034
-1.2300000e+034
-1.2300000e+034
-1.2300000e+034
-1.2300000e+034
-1.2300000e+034
-1.2300000e+034
-1.2300000e+034
-1.2300000e+034
-1.2300000e+034
-1.2300000e+034
-1.2300000e+034
-1.2300000e+034
-1.2300000e+034
-1.2300000e+034
-1.2300000e+034
-1.2300000e+034
-1.2300000e+034
-1.2300000e+034
-1.2300000e+034
-1.2300000e+034
-1.2300000e+034
-1.2300000e+034
-1.2300000e+034
-1.2300000e+034
-1.2300000e+034
-1.2300000e+034
-1.2300000e+034
-1.2300000e+034
-1.2300000e+034
-1.2300000e+034
-1.2300000e+034
-1.2300000e+034
-1.2300000e+034
-1.2300000e+034
-1.2300000e+034
-1.2300000e+034
-1.2300000e+034
-1.2300000e+034
-1.2300000e+034
-1.2300000e+034
-1.2300000e+034
-1.2300000e+034
-1.2300000e+034
-1.2300000e+034
-1.2300000e+034
-1.2300000e+034
-1.2300000e+034
-1.2300000e+034
-1.2300000e+034
-1.2300000e+034
-1.2300000e+034
-1.2300000e+034
-1.2300000e+034
-1.2300000e+034
-1.2300000e+034
-1.2300000e+034
-1.2300000e+034
-1.2300000e+034
-1.2300000e+034
-1.2300000e+034
-1.2300000e+034
-1.2300000e+034
-1.2300000e+034
-1.2300000e+034
-1.2300000e+034
-1.2300000e+034
-1.2300000e+034
-1.2300000e+034
-1.2300000e+034
-1.2300000e+034
-1.2300000e+034
-1.2300000e+034
-1.2300000e+034
-1.2300000e+034
-1.2300000e+034
-1.2300000e+034
-1.2300000e+034
-1.2300000e+034
-1.2300000e+034
-1.2300000e+034
-1.2300000e+034
-1.2300000e+034
-1.2300000e+034
-1.2300000e+034
-1.2300000e+034
 5.5645937e-001
 4.9153212e-001
 4.5795223e-001
 4.5753655e-001
 4.3550560e-001
 5.0692099e-001
 5.3775322e-001
 5.4736280e-001
 5.5074441e-001
 5.5117118e-001
 5.5254817e-001
 5.5527967e-001
 5.5782408e-001
 5.6081629e-001
 5.6348068e-001
 5.6564218e-001
 5.6804031e-001
 5.7118452e-001
 5.7444984e-001
 5.7780457e-001
 5.8081114e-001
 5.8347309e-001
 5.8614063e-001
 5.8909220e-001
 5.9225321e-001
 5.9524596e-001
 5.9798056e-001
 6.0013282e-001
 6.0198069e-001
 6.0382897e-001
 6.0572600e-001
 6.0746533e-001
 6.0913533e-001
 6.1040163e-001
 6.1100030e-001
 6.1110651e-001
 6.1103994e-001
 6.1104757e-001
 6.1096460e-001
 6.1040676e-001
 6.0939890e-001
 6.0759300e-001
 6.0554135e-001
 6.0420495e-001
 6.0315830e-001
 6.0254014e-001
 6.0296142e-001
 6.0164130e-001
 6.0298735e-001
 6.0207289e-001
 5.9396476e-001
 5.7524920e-001
 5.8219147e-001
 5.5943251e-001
 5.3198850e-001
 5.0898385e-001
 5.1555884e-001
 5.3331763e-001
 5.4454923e-001
 5.5171984e-001
 5.5682588e-001
 5.6070882e-001
 5.6400692e-001
 5.6670213e-001
 5.6862158e-001
 5.7050884e-001
 5.7161081e-001
 5.7140338e-001
 5.6978279e-001
 5.6743425e-001
 5.6326330e-001
 5.5776763e-001
 5.5146432e-001
 5.4532927e-001
 5.3912544e-001
 5.2700371e-001
 5.1679754e-001
 5.0509375e-001
 4.8179960e-001
 4.3858489e-001
 3.9585510e-001
 3.8183132e-001
 3.8019958e-001
 3.6134464e-001
 3.2170540e-001
 2.9586002e-001
 3.7447545e-001
 4.2726374e-001
 4.4145364e-001
 4.4704753e-001
 4.4683677e-001
 4.4189698e-001
 4.3228221e-001
 4.2149115e-001
 4.0925628e-001
 3.9472550e-001
 3.8593549e-001
 3.8247919e-001
 3.7884551e-001
 3.6703357e-001
 3.5906705e-001
 3.5448131e-001
 3.3916929e-001
 3.3154359e-001
 3.3475962e-001
 3.3430049e-001
 3.2697290e-001
 3.1549665e-001
 3.0270582e-001
 2.9508379e-001
 2.9078048e-001
 2.8529909e-001
 2.7714521e-001
 2.6832289e-001
 2.6390338e-001
 2.5864336e-001
