s07_AV97 Record=3229: Topaz Cameron_Cone_#42        BECKb AREF
 7.1799833e-001
 7.1870476e-001
 7.1772748e-001
 7.1728754e-001
 7.1661353e-001
 7.1837211e-001
 7.2099960e-001
 7.2354048e-001
 7.2831422e-001
 7.3171830e-001
 7.3383957e-001
 7.3628688e-001
 7.3712260e-001
 7.3918140e-001
 7.4014264e-001
 7.4113202e-001
 7.4197954e-001
 7.4297476e-001
 7.4231339e-001
 7.4169862e-001
 7.4092621e-001
 7.4468851e-001
 7.5084955e-001
 7.5343990e-001
 7.5394785e-001
 7.5426817e-001
 7.5546533e-001
 7.5740027e-001
 7.5904155e-001
 7.6060021e-001
 7.6299369e-001
 7.6431644e-001
 7.6291394e-001
 7.6417780e-001
 7.6528543e-001
 7.6716399e-001
 7.6971227e-001
 7.7178019e-001
 7.7169538e-001
 7.7125770e-001
 7.7264982e-001
 7.7377760e-001
 7.7429074e-001
 7.7437347e-001
 7.7523041e-001
 7.7625906e-001
 7.7806944e-001
 7.7785540e-001
 7.7664852e-001
 7.7936220e-001
 7.8066522e-001
 7.7219170e-001
 7.6831162e-001
 7.7022099e-001
 7.7069545e-001
 7.7682865e-001
 7.8024381e-001
 7.7579647e-001
 7.7831787e-001
 7.7940071e-001
 7.8165895e-001
 7.8721863e-001
 7.7934915e-001
 7.8461903e-001
 7.8371930e-001
 7.8739595e-001
 7.9054463e-001
 7.8840971e-001
 7.9207695e-001
 7.9167604e-001
 7.9307538e-001
 7.9575431e-001
 7.9559648e-001
 7.9786140e-001
 7.9898071e-001
 7.9896015e-001
 8.0287927e-001
 8.0102694e-001
 8.0155861e-001
 8.0344963e-001
 8.0532998e-001
 8.0510098e-001
 8.0462074e-001
 8.0828524e-001
 8.0710459e-001
 8.0502123e-001
 8.0744416e-001
 8.0797201e-001
 8.0873734e-001
 8.0600625e-001
 8.1145346e-001
 8.0997294e-001
 8.1198585e-001
 8.1319183e-001
 8.0989563e-001
 8.1131226e-001
 8.1185836e-001
 8.0994552e-001
 8.1248462e-001
 8.1256193e-001
 8.1255388e-001
 8.1328183e-001
 8.1387246e-001
 8.1500119e-001
 8.1275117e-001
 8.1090134e-001
 8.0833411e-001
 8.0907512e-001
 8.0966651e-001
 8.0800813e-001
 8.0271512e-001
 7.5396174e-001
 7.8782958e-001
 8.1003129e-001
 8.1446373e-001
 8.1657284e-001
 8.1717920e-001
 8.1775558e-001
 8.1638545e-001
 8.2092869e-001
 8.2035714e-001
 8.1956112e-001
 8.2060236e-001
 8.2046276e-001
 8.1978250e-001
 8.2021922e-001
 8.2355040e-001
 8.2470185e-001
 8.2363522e-001
 8.2390863e-001
 8.2539934e-001
 8.2333559e-001
 8.2315189e-001
 8.2500905e-001
 8.2474548e-001
 8.2671070e-001
 8.2406908e-001
 8.2490873e-001
 8.2296222e-001
 8.1519270e-001
 8.2121760e-001
 8.2067955e-001
 8.2331032e-001
 8.2229012e-001
 8.2588428e-001
 8.2263923e-001
 8.2671791e-001
 8.2816428e-001
 8.3017129e-001
 8.3199883e-001
 8.3083481e-001
 8.2971650e-001
 8.3240038e-001
 8.3124185e-001
 8.2594699e-001
 8.2555908e-001
 8.3040506e-001
 8.3009368e-001
 8.2692629e-001
 8.2765740e-001
 8.2709128e-001
 8.2770336e-001
 8.2519144e-001
 8.2444078e-001
 8.2001203e-001
 8.1543875e-001
 8.1818503e-001
 8.1767452e-001
 8.2003498e-001
 8.1892616e-001
 8.2304442e-001
 8.2887387e-001
 8.2485926e-001
 8.2263929e-001
 8.2196027e-001
 8.2231426e-001
 8.2307506e-001
 8.1602985e-001
 8.0567151e-001
 7.6702791e-001
 6.4379776e-001
 6.2312222e-001
 7.5886577e-001
 7.9142231e-001
 8.0641222e-001
 8.0449963e-001
 7.8662944e-001
 7.7028483e-001
 7.7352327e-001
 7.8326178e-001
 7.8540331e-001
 7.8890169e-001
 7.8784764e-001
 7.8183013e-001
 7.9226309e-001
 8.0359846e-001
 8.0851209e-001
 8.0549169e-001
 7.8933960e-001
 7.9111421e-001
 8.0355543e-001
 7.9952759e-001
 7.7680278e-001
 7.7514172e-001
 7.7338421e-001
 7.7372706e-001
 7.7477497e-001
 7.7287066e-001
 7.6881450e-001
 7.6179004e-001
 7.6519197e-001
 7.6896995e-001
 7.6232445e-001
 7.5439584e-001
 7.5032878e-001
 7.5072157e-001
 7.5146383e-001
 7.4775857e-001
 7.4042225e-001
 7.2971445e-001
 7.1774346e-001
 7.0417362e-001
 6.8830425e-001
 6.7014152e-001
