s07_AV97 Record=2574: Perthite HS415.6             ASDFRc AREF
 2.2414611e-001
 2.2938880e-001
 2.3389538e-001
 2.3853865e-001
 2.4251349e-001
 2.4658029e-001
 2.5141796e-001
 2.5692439e-001
 2.6260376e-001
 2.6730892e-001
 2.7111810e-001
 2.7446833e-001
 2.7784166e-001
 2.8184101e-001
 2.8611907e-001
 2.9037005e-001
 2.9552928e-001
 3.0304250e-001
 3.1510824e-001
 3.3444852e-001
 3.6298525e-001
 3.9884537e-001
 4.3493962e-001
 4.6300605e-001
 4.8217380e-001
 4.9386173e-001
 5.0222033e-001
 5.0877941e-001
 5.1468581e-001
 5.2069181e-001
 5.2720296e-001
 5.3429407e-001
 5.2609730e-001
 5.3290635e-001
 5.3996831e-001
 5.4701364e-001
 5.5356646e-001
 5.5953413e-001
 5.6465924e-001
 5.6870383e-001
 5.7156479e-001
 5.7335168e-001
 5.7417768e-001
 5.7407153e-001
 5.7330120e-001
 5.7213420e-001
 5.7092988e-001
 5.6963986e-001
 5.6845582e-001
 5.6757575e-001
 5.6707937e-001
 5.6711483e-001
 5.6777239e-001
 5.6885713e-001
 5.7057285e-001
 5.7297140e-001
 5.7589304e-001
 5.7933521e-001
 5.8324629e-001
 5.8761013e-001
 5.9219950e-001
 5.9713352e-001
 6.0204297e-001
 6.0677773e-001
 6.1166072e-001
 6.1657524e-001
 6.2120700e-001
 6.2554049e-001
 6.2984717e-001
 6.3269562e-001
 6.3469237e-001
 6.3649750e-001
 6.3831234e-001
 6.4011687e-001
 6.4185727e-001
 6.4388043e-001
 6.4514315e-001
 6.4704263e-001
 6.4871126e-001
 6.5030831e-001
 6.5205061e-001
 6.5359706e-001
 6.5469009e-001
 6.5596038e-001
 6.5681595e-001
 6.5783238e-001
 6.5870106e-001
 6.5959877e-001
 6.6066808e-001
 6.6158122e-001
 6.6279608e-001
 6.6432530e-001
 6.6559178e-001
 6.6707283e-001
 6.6821045e-001
 6.6949499e-001
 6.6757393e-001
 6.6888529e-001
 6.7026246e-001
 6.7109865e-001
 6.7205089e-001
 6.7284429e-001
 6.7356354e-001
 6.7396027e-001
 6.7443603e-001
 6.7456377e-001
 6.7471927e-001
 6.7513227e-001
 6.7246968e-001
 6.6712135e-001
 6.5862900e-001
 6.4791614e-001
 6.4453077e-001
 6.5753180e-001
 6.6334510e-001
 6.6499436e-001
 6.6547990e-001
 6.6630298e-001
 6.6703683e-001
 6.6800839e-001
 6.6881204e-001
 6.6985917e-001
 6.7034084e-001
 6.7103416e-001
 6.7082489e-001
 6.7097783e-001
 6.7118162e-001
 6.7182666e-001
 6.7351037e-001
 6.7419600e-001
 6.7525858e-001
 6.7650855e-001
 6.7747056e-001
 6.7830539e-001
 6.7919272e-001
 6.7967999e-001
 6.8058938e-001
 6.8144542e-001
 6.8177539e-001
 6.8202370e-001
 6.8164188e-001
 6.8125749e-001
 6.8071383e-001
 6.8010408e-001
 6.7955810e-001
 6.7936796e-001
 6.7854893e-001
 6.7819166e-001
 6.7823076e-001
 6.7858857e-001
 6.7866641e-001
 6.7952579e-001
 6.7970097e-001
 6.8035275e-001
 6.8041903e-001
 6.8124253e-001
 6.8178564e-001
 6.8111271e-001
 6.7992598e-001
 6.7215097e-001
 6.7589450e-001
 6.6551006e-001
 6.5145141e-001
 6.3920200e-001
 6.3136065e-001
 6.2705141e-001
 6.2509316e-001
 6.2595910e-001
 6.2787431e-001
 6.2978739e-001
 6.3056397e-001
 6.2867039e-001
 6.2337375e-001
 6.2311441e-001
 6.2593681e-001
 6.2761891e-001
 6.2696630e-001
 6.2583578e-001
 6.2489802e-001
 6.2395608e-001
 6.2179732e-001
 6.1347097e-001
 6.0458130e-001
 6.0354704e-001
 6.0485947e-001
 6.0536355e-001
 6.0373741e-001
 6.0006702e-001
 5.9533685e-001
 5.9176636e-001
 5.8418989e-001
 5.7268190e-001
 5.6589371e-001
 5.7630152e-001
 5.9830481e-001
 6.0941762e-001
 6.1408526e-001
 6.1589855e-001
 6.1717784e-001
 6.1710382e-001
 6.1616582e-001
 6.1465675e-001
 6.1055052e-001
 6.0551721e-001
 6.0212833e-001
 5.9807688e-001
 5.9241033e-001
 5.8792353e-001
 5.8834296e-001
 5.8823097e-001
 5.8380264e-001
 5.8033741e-001
 5.7776958e-001
 5.7195258e-001
 5.6318462e-001
 5.5526614e-001
 5.4734880e-001
 5.4284751e-001
 5.4055530e-001
 5.3563040e-001
 5.3224176e-001
 5.3067172e-001
 5.2819031e-001
-1.2300000e+034
