s07_AV97 Record=1164: Epidote HS328.3B              BECKc AREF
 9.2876375e-002
 9.6080504e-002
 1.0305464e-001
 1.0039274e-001
 1.0154509e-001
 1.0811383e-001
 1.2193760e-001
 1.3698590e-001
 1.4334030e-001
 1.3538677e-001
 1.3618405e-001
 1.3886875e-001
 1.6131304e-001
 1.9366305e-001
 2.2335111e-001
 2.4450235e-001
 2.5735769e-001
 2.6458001e-001
 2.6795626e-001
 2.6702195e-001
 2.6447806e-001
 2.6229018e-001
 2.5809631e-001
 2.5504914e-001
 2.5486639e-001
 2.5682044e-001
 2.6022303e-001
 2.6627517e-001
 2.7453315e-001
 2.8438434e-001
 2.9476476e-001
 3.0481640e-001
 2.9291883e-001
 3.0316493e-001
 3.1249505e-001
 3.2025385e-001
 3.2825989e-001
 3.3493811e-001
 3.4056979e-001
 3.4587589e-001
 3.5168138e-001
 3.5336703e-001
 3.6169195e-001
 3.6620888e-001
 3.7442961e-001
 3.7767991e-001
 3.8201812e-001
 3.8804233e-001
 3.8845584e-001
 3.9110956e-001
 3.9612660e-001
 3.9715904e-001
 3.9882043e-001
 3.9896491e-001
 3.9923266e-001
 4.0012091e-001
 3.9831510e-001
 3.9822757e-001
 3.9738590e-001
 3.9757037e-001
 3.9069870e-001
 3.9023593e-001
 3.8690123e-001
 3.8576248e-001
 3.8240924e-001
 3.7970105e-001
 3.7751287e-001
 3.7523264e-001
 3.7294284e-001
 3.7198874e-001
 3.6931074e-001
 3.7037629e-001
 3.7032390e-001
 3.7121791e-001
 3.7122780e-001
 3.7429425e-001
 3.7788102e-001
 3.8187110e-001
 3.8690859e-001
 3.9182627e-001
 3.9882979e-001
 4.0466332e-001
 4.1118518e-001
 4.1775253e-001
 4.2440778e-001
 4.3254006e-001
 4.4133413e-001
 4.4871995e-001
 4.7452062e-001
 4.9462861e-001
 5.0672442e-001
 5.1287758e-001
 5.1954073e-001
 5.2762163e-001
 5.2987266e-001
 5.3745812e-001
 5.2918631e-001
 5.3270358e-001
 5.4075283e-001
 5.4168838e-001
 5.4211819e-001
 5.4126179e-001
 5.3888041e-001
 5.3867716e-001
 5.3690493e-001
 5.2768749e-001
 5.1784879e-001
 5.1576555e-001
 5.1736206e-001
 5.1860535e-001
 5.1753384e-001
 5.1341951e-001
 5.1312894e-001
 5.1859951e-001
 5.2163243e-001
 5.2469122e-001
 5.2755815e-001
 5.2855039e-001
 5.3011167e-001
 5.3168017e-001
 5.2972531e-001
 5.2719390e-001
 5.2431566e-001
 5.1896715e-001
 5.1473927e-001
 5.1329297e-001
 5.2214193e-001
 5.5007023e-001
 5.7653058e-001
 5.8145630e-001
 5.8510303e-001
 5.8965302e-001
 5.9086972e-001
 5.8284509e-001
 5.7837558e-001
 5.7266569e-001
 5.7467055e-001
 5.7858866e-001
 5.7963383e-001
 5.8307487e-001
 5.8529037e-001
 5.8787572e-001
 5.9366512e-001
 5.9623873e-001
 6.0288602e-001
 6.0330641e-001
 6.0614532e-001
 6.0816306e-001
 6.1039430e-001
 6.1217666e-001
 6.1078662e-001
 6.3684922e-001
 6.4216876e-001
 6.2357581e-001
 6.0589552e-001
 6.0574067e-001
 6.1567354e-001
 6.1784577e-001
 6.1501992e-001
 6.1011410e-001
 6.1178780e-001
 6.0728532e-001
 5.9993511e-001
 5.9264880e-001
 5.9071797e-001
 5.8904356e-001
 5.8999598e-001
 5.8862609e-001
 5.9496582e-001
 6.0180354e-001
 6.1072129e-001
 6.1875051e-001
 6.2109989e-001
 6.2178808e-001
 6.2594128e-001
 6.2898654e-001
 6.3238400e-001
 6.3614887e-001
 6.3685542e-001
 6.3758081e-001
 6.3833451e-001
 6.4358485e-001
 6.3986707e-001
 6.3716823e-001
 6.4028090e-001
 6.4322835e-001
 6.4303535e-001
 6.3721895e-001
 6.3288236e-001
 6.2688267e-001
 6.2044346e-001
 6.0731131e-001
 6.0018927e-001
 5.9473622e-001
 5.8677280e-001
 5.6938595e-001
 5.2341324e-001
 4.5962137e-001
 4.4682860e-001
 4.8406601e-001
 4.9083248e-001
 4.6288499e-001
 4.1958797e-001
 3.6307731e-001
 3.0275872e-001
 2.5524533e-001
 2.3153980e-001
 2.6520601e-001
 3.4530288e-001
 4.4051331e-001
 5.0590217e-001
 5.3931546e-001
 5.5002415e-001
 5.5733371e-001
 5.6661493e-001
 5.7531440e-001
 5.7874197e-001
 5.7255924e-001
 5.6115186e-001
 5.4796314e-001
 5.3871524e-001
 5.3226960e-001
 5.2632755e-001
 5.1931667e-001
