s07_AV97 Record=469: Antigorite NMNH96917.b 165um  BECKb AREF
 1.8012786e-001
 1.7699173e-001
 1.7931671e-001
 1.8252440e-001
 1.8494557e-001
 1.9453275e-001
 2.0294596e-001
 2.1086404e-001
 2.1177359e-001
 2.1886180e-001
 2.2827421e-001
 2.4037625e-001
 2.4986379e-001
 2.5506723e-001
 2.6212850e-001
 2.6331195e-001
 2.5924072e-001
 2.5647447e-001
 2.5389609e-001
 2.5008187e-001
 2.4550895e-001
 2.4062891e-001
 2.3496084e-001
 2.2970863e-001
 2.2370704e-001
 2.1879017e-001
 2.1279772e-001
 2.0678329e-001
 2.0156813e-001
 1.9893965e-001
 1.9520594e-001
 1.9096814e-001
 1.9608873e-001
 1.9155036e-001
 1.8950137e-001
 1.8785959e-001
 1.8619354e-001
 1.8564063e-001
 1.8674435e-001
 1.8866330e-001
 1.8989080e-001
 1.9210468e-001
 1.9563533e-001
 2.0109856e-001
 2.0593998e-001
 2.1190467e-001
 2.1650057e-001
 2.1608302e-001
 2.1585841e-001
 2.1064378e-001
 2.1294574e-001
 2.1575685e-001
 2.1016565e-001
 2.0704412e-001
 2.0886934e-001
 2.0468599e-001
 1.9999237e-001
 2.0664787e-001
 2.0114198e-001
 1.9614090e-001
 2.0265830e-001
 2.0469493e-001
 2.0599088e-001
 2.0515451e-001
 2.1195805e-001
 2.1015114e-001
 2.1031573e-001
 2.1145278e-001
 2.1267533e-001
 2.1082118e-001
 2.0918313e-001
 2.0623966e-001
 2.0998049e-001
 2.0718673e-001
 2.0884135e-001
 2.1485621e-001
 2.1030280e-001
 2.1078008e-001
 2.1450800e-001
 2.1632175e-001
 2.1750686e-001
 2.2109593e-001
 2.2346580e-001
 2.2181700e-001
 2.2642551e-001
 2.3130456e-001
 2.3367201e-001
 2.4027637e-001
 2.4085094e-001
 2.4668522e-001
 2.5590783e-001
 2.5749251e-001
 2.6068011e-001
 2.7085805e-001
 2.7553150e-001
 2.7994433e-001
 2.7244571e-001
 2.7908763e-001
 2.7902362e-001
 2.8466377e-001
 2.9478899e-001
 3.0116817e-001
 3.0730641e-001
 3.1140742e-001
 3.1757712e-001
 3.2452717e-001
 3.2639882e-001
 3.2458067e-001
 3.1675559e-001
 2.7176207e-001
 2.6152739e-001
 2.8631806e-001
 3.2641888e-001
 3.4611392e-001
 3.6201322e-001
 3.7255415e-001
 3.8152182e-001
 3.8833657e-001
 3.9835855e-001
 4.0367293e-001
 4.0756175e-001
 4.1282898e-001
 4.1832522e-001
 4.2550302e-001
 4.3330181e-001
 4.3641302e-001
 4.4456804e-001
 4.4868073e-001
 4.5400897e-001
 4.6089426e-001
 4.6351480e-001
 4.7164091e-001
 4.6861085e-001
 4.7416976e-001
 4.7852457e-001
 4.8480156e-001
 4.8554358e-001
 4.9135593e-001
 4.9376971e-001
 4.9455386e-001
 4.9551204e-001
 5.0022930e-001
 5.0552267e-001
 5.0432318e-001
 5.1016486e-001
 5.1145691e-001
 5.1017648e-001
 5.1162750e-001
 5.1183891e-001
 5.1991922e-001
 5.1729083e-001
 5.1408458e-001
 5.1643640e-001
 5.1859373e-001
 5.1857179e-001
 5.2208185e-001
 5.1804817e-001
 5.2224094e-001
 5.1864547e-001
 5.1099277e-001
 5.1277566e-001
 5.0425571e-001
 4.9216214e-001
 4.8196128e-001
 4.6462160e-001
 4.5733941e-001
 4.5364234e-001
 4.4166982e-001
 4.3649542e-001
 4.3128705e-001
 4.2660281e-001
 4.2269206e-001
 4.3271735e-001
 4.4513774e-001
 4.5491606e-001
 4.6756887e-001
 4.8403502e-001
 4.8973006e-001
 5.0044048e-001
 5.0142401e-001
 4.8865107e-001
 4.7394344e-001
 4.6031234e-001
 4.5980039e-001
 4.5977977e-001
 4.6230760e-001
 4.6354336e-001
 4.6513388e-001
 4.7752145e-001
 4.8736340e-001
 4.8714322e-001
 4.8407918e-001
 4.8293394e-001
 4.7647035e-001
 4.5799419e-001
 4.1126871e-001
 3.5967866e-001
 3.3578131e-001
 3.2305366e-001
 3.0529758e-001
 2.7464202e-001
 2.3789416e-001
 2.1648403e-001
 1.8704250e-001
 1.6360465e-001
 1.7559604e-001
 2.0894557e-001
 2.4859093e-001
 2.7903053e-001
 2.7944228e-001
 2.5760913e-001
 2.5302762e-001
 2.5923511e-001
 2.5061643e-001
 2.3427910e-001
 2.2906379e-001
 2.3082611e-001
 2.3022281e-001
 2.2668003e-001
 2.2210610e-001
 2.1883017e-001
 2.1607111e-001
 2.1248215e-001
 2.0741875e-001
