s07_AV97 Record=3214: Thuringite SMR-15.b  80um    NIC4aa RREF
-1.2300000e+034
-1.2300000e+034
-1.2300000e+034
-1.2300000e+034
-1.2300000e+034
-1.2300000e+034
-1.2300000e+034
-1.2300000e+034
-1.2300000e+034
-1.2300000e+034
-1.2300000e+034
-1.2300000e+034
-1.2300000e+034
-1.2300000e+034
-1.2300000e+034
-1.2300000e+034
-1.2300000e+034
-1.2300000e+034
-1.2300000e+034
-1.2300000e+034
-1.2300000e+034
-1.2300000e+034
-1.2300000e+034
-1.2300000e+034
-1.2300000e+034
-1.2300000e+034
-1.2300000e+034
-1.2300000e+034
-1.2300000e+034
-1.2300000e+034
-1.2300000e+034
-1.2300000e+034
-1.2300000e+034
-1.2300000e+034
-1.2300000e+034
-1.2300000e+034
-1.2300000e+034
-1.2300000e+034
-1.2300000e+034
-1.2300000e+034
-1.2300000e+034
-1.2300000e+034
-1.2300000e+034
-1.2300000e+034
-1.2300000e+034
-1.2300000e+034
-1.2300000e+034
-1.2300000e+034
-1.2300000e+034
-1.2300000e+034
-1.2300000e+034
-1.2300000e+034
-1.2300000e+034
-1.2300000e+034
-1.2300000e+034
-1.2300000e+034
-1.2300000e+034
-1.2300000e+034
-1.2300000e+034
-1.2300000e+034
-1.2300000e+034
-1.2300000e+034
-1.2300000e+034
-1.2300000e+034
-1.2300000e+034
-1.2300000e+034
-1.2300000e+034
-1.2300000e+034
-1.2300000e+034
-1.2300000e+034
-1.2300000e+034
-1.2300000e+034
-1.2300000e+034
-1.2300000e+034
-1.2300000e+034
-1.2300000e+034
-1.2300000e+034
-1.2300000e+034
-1.2300000e+034
-1.2300000e+034
-1.2300000e+034
-1.2300000e+034
-1.2300000e+034
-1.2300000e+034
-1.2300000e+034
-1.2300000e+034
-1.2300000e+034
-1.2300000e+034
-1.2300000e+034
-1.2300000e+034
-1.2300000e+034
-1.2300000e+034
-1.2300000e+034
-1.2300000e+034
-1.2300000e+034
-1.2300000e+034
-1.2300000e+034
-1.2300000e+034
-1.2300000e+034
-1.2300000e+034
-1.2300000e+034
-1.2300000e+034
-1.2300000e+034
-1.2300000e+034
-1.2300000e+034
-1.2300000e+034
-1.2300000e+034
-1.2300000e+034
-1.2300000e+034
 2.4074276e-001
 2.4104153e-001
 2.3109405e-001
 2.2588733e-001
 2.4335659e-001
 2.5169271e-001
 2.5427353e-001
 2.5789496e-001
 2.6231110e-001
 2.6695874e-001
 2.7152404e-001
 2.7601150e-001
 2.8026062e-001
 2.8423980e-001
 2.8782997e-001
 2.9184905e-001
 2.9623953e-001
 3.0117226e-001
 3.0634838e-001
 3.1163502e-001
 3.1698939e-001
 3.2245511e-001
 3.2835260e-001
 3.3441353e-001
 3.4067205e-001
 3.4672809e-001
 3.5249600e-001
 3.5779926e-001
 3.6317545e-001
 3.6865050e-001
 3.7417179e-001
 3.7969437e-001
 3.8514555e-001
 3.9019215e-001
 3.9473748e-001
 3.9910340e-001
 4.0363494e-001
 4.0824869e-001
 4.1284266e-001
 4.1738102e-001
 4.2155895e-001
 4.2517838e-001
 4.2840469e-001
 4.3121701e-001
 4.3412685e-001
 4.3733856e-001
 4.4031820e-001
 4.4274303e-001
 4.4460756e-001
 4.4610801e-001
 4.4707304e-001
 4.4671142e-001
 4.4826317e-001
 4.5076680e-001
 4.5389533e-001
 4.5744449e-001
 4.6092704e-001
 4.6337926e-001
 4.6413615e-001
 4.6363693e-001
 4.6306831e-001
 4.6140322e-001
 4.5815954e-001
 4.5554468e-001
 4.5581108e-001
 4.5985961e-001
 4.6737602e-001
 4.7676137e-001
 4.8585552e-001
 4.9314567e-001
 4.9885070e-001
 5.0331104e-001
 5.0676084e-001
 5.0920397e-001
 5.1035464e-001
 5.0990462e-001
 5.0938535e-001
 5.1008403e-001
 5.1124030e-001
 5.1164937e-001
 5.1119894e-001
 5.0998139e-001
 5.0809586e-001
 5.0370347e-001
 4.9674383e-001
 4.8780671e-001
 4.7139716e-001
 4.3987626e-001
 3.9101958e-001
 3.5570845e-001
 3.6419344e-001
 3.8880524e-001
 4.0118566e-001
 4.0053323e-001
 3.9184958e-001
 3.7986386e-001
 3.6731920e-001
 3.5200560e-001
 3.3735487e-001
 3.3149683e-001
 3.3879179e-001
 3.5934049e-001
 3.8362840e-001
 4.0020442e-001
 4.0782189e-001
 4.0969908e-001
 4.0953472e-001
 4.0880236e-001
 4.0769792e-001
 4.0455160e-001
 3.9762160e-001
 3.8814557e-001
 3.7893394e-001
 3.7131545e-001
 3.6588606e-001
