s07_AV97 Record=2649: Prehnite GDS613.b >60um      NIC4aa RREF
-1.2300000e+034
-1.2300000e+034
-1.2300000e+034
-1.2300000e+034
-1.2300000e+034
-1.2300000e+034
-1.2300000e+034
-1.2300000e+034
-1.2300000e+034
-1.2300000e+034
-1.2300000e+034
-1.2300000e+034
-1.2300000e+034
-1.2300000e+034
-1.2300000e+034
-1.2300000e+034
-1.2300000e+034
-1.2300000e+034
-1.2300000e+034
-1.2300000e+034
-1.2300000e+034
-1.2300000e+034
-1.2300000e+034
-1.2300000e+034
-1.2300000e+034
-1.2300000e+034
-1.2300000e+034
-1.2300000e+034
-1.2300000e+034
-1.2300000e+034
-1.2300000e+034
-1.2300000e+034
-1.2300000e+034
-1.2300000e+034
-1.2300000e+034
-1.2300000e+034
-1.2300000e+034
-1.2300000e+034
-1.2300000e+034
-1.2300000e+034
-1.2300000e+034
-1.2300000e+034
-1.2300000e+034
-1.2300000e+034
-1.2300000e+034
-1.2300000e+034
-1.2300000e+034
-1.2300000e+034
-1.2300000e+034
-1.2300000e+034
-1.2300000e+034
-1.2300000e+034
-1.2300000e+034
-1.2300000e+034
-1.2300000e+034
-1.2300000e+034
-1.2300000e+034
-1.2300000e+034
-1.2300000e+034
-1.2300000e+034
-1.2300000e+034
-1.2300000e+034
-1.2300000e+034
-1.2300000e+034
-1.2300000e+034
-1.2300000e+034
-1.2300000e+034
-1.2300000e+034
-1.2300000e+034
-1.2300000e+034
-1.2300000e+034
-1.2300000e+034
-1.2300000e+034
-1.2300000e+034
-1.2300000e+034
-1.2300000e+034
-1.2300000e+034
-1.2300000e+034
-1.2300000e+034
-1.2300000e+034
-1.2300000e+034
-1.2300000e+034
-1.2300000e+034
-1.2300000e+034
-1.2300000e+034
-1.2300000e+034
-1.2300000e+034
-1.2300000e+034
-1.2300000e+034
-1.2300000e+034
-1.2300000e+034
-1.2300000e+034
-1.2300000e+034
-1.2300000e+034
-1.2300000e+034
-1.2300000e+034
-1.2300000e+034
-1.2300000e+034
-1.2300000e+034
 6.0233903e-001
 6.0243374e-001
 6.0417020e-001
 6.0722643e-001
 6.0922056e-001
 6.1093479e-001
 6.1248523e-001
 6.1310011e-001
 6.1328632e-001
 6.1317182e-001
 6.1226845e-001
 6.0966152e-001
 6.0538161e-001
 6.0110217e-001
 5.9552962e-001
 5.8540589e-001
 5.8106869e-001
 5.7016772e-001
 5.4046094e-001
 4.8672634e-001
 4.7377855e-001
 5.3856093e-001
 5.7104129e-001
 5.8920199e-001
 5.9993780e-001
 6.0508668e-001
 6.0768712e-001
 6.0960662e-001
 6.1090845e-001
 6.1203432e-001
 6.1272252e-001
 6.1289227e-001
 6.1312729e-001
 6.1316073e-001
 6.1325884e-001
 6.1358619e-001
 6.1350453e-001
 6.1323774e-001
 6.1287659e-001
 6.1244959e-001
 6.1201519e-001
 6.1117435e-001
 6.0952348e-001
 6.0753506e-001
 6.0547966e-001
 6.0374618e-001
 6.0315526e-001
 6.0353100e-001
 6.0442144e-001
 6.0536277e-001
 6.0593724e-001
 6.0579616e-001
 6.0438466e-001
 6.0111523e-001
 5.9647858e-001
 5.9185606e-001
 5.8958203e-001
 5.8858925e-001
 5.8497751e-001
 5.7602298e-001
 5.6775886e-001
 5.6966484e-001
 5.6589854e-001
 5.5809927e-001
 5.5187362e-001
 5.5162436e-001
 5.5105239e-001
 5.5158532e-001
 5.5563205e-001
 5.6028152e-001
 5.6307226e-001
 5.6338865e-001
 5.6215298e-001
 5.6211048e-001
 5.6327856e-001
 5.6388855e-001
 5.6486708e-001
 5.6667244e-001
 5.6796694e-001
 5.6827617e-001
 5.6791979e-001
 5.6688577e-001
 5.6498158e-001
 5.6175268e-001
 5.5795634e-001
 5.5481124e-001
 5.5251795e-001
 5.5060077e-001
 5.4767120e-001
 5.4372412e-001
 5.3876799e-001
 5.3310394e-001
 5.2637428e-001
 5.1253873e-001
 4.8363835e-001
 4.3759927e-001
 3.9806533e-001
 3.8408482e-001
 4.0797332e-001
 4.3004507e-001
 4.2445058e-001
 3.9950415e-001
 3.9230663e-001
 4.0621230e-001
 4.2140824e-001
 3.8397995e-001
 3.0047014e-001
 2.3975892e-001
 2.2234735e-001
 2.2182037e-001
 2.4442500e-001
 2.6108682e-001
 2.6252168e-001
 2.7790043e-001
 3.0013081e-001
 3.2060206e-001
 3.4454814e-001
 3.6138144e-001
 3.6625805e-001
 3.5584182e-001
 3.4097597e-001
 3.2857844e-001
 3.2891715e-001
 3.2505721e-001
 3.1779569e-001
