s07_AV97 Record=1238: Galena S105-2                 BECKb AREF
 7.9126403e-002
 7.8255497e-002
 7.6896921e-002
 7.5367920e-002
 7.3716834e-002
 7.2293803e-002
 7.1037360e-002
 6.9794305e-002
 6.8380475e-002
 6.7249671e-002
 6.6447511e-002
 6.5433107e-002
 6.4641818e-002
 6.3392103e-002
 6.2465224e-002
 6.1902702e-002
 6.1201066e-002
 6.0693685e-002
 6.0092449e-002
 5.9619740e-002
 5.9211873e-002
 5.9114587e-002
 5.8796432e-002
 5.8990199e-002
 5.8704875e-002
 5.8909740e-002
 5.9110381e-002
 5.9437908e-002
 5.9665859e-002
 5.9902668e-002
 6.0122911e-002
 5.9961621e-002
 6.0098045e-002
 6.0057774e-002
 5.9960209e-002
 6.0491122e-002
 6.0212851e-002
 5.9855420e-002
 5.9603997e-002
 5.9542410e-002
 5.9681401e-002
 5.9380997e-002
 5.9147857e-002
 5.9013993e-002
 5.8800209e-002
 5.8881760e-002
 5.8587991e-002
 5.8649838e-002
 5.8615223e-002
 5.8106922e-002
 5.8293369e-002
 5.8893226e-002
 5.8995429e-002
 5.5806577e-002
 5.6732081e-002
 5.8153283e-002
 5.8092922e-002
 6.0340319e-002
 5.6409381e-002
 5.6141116e-002
 5.9316475e-002
 5.8013834e-002
 5.7224680e-002
 5.4797698e-002
 5.6937013e-002
 5.6345381e-002
 5.5340685e-002
 5.4187208e-002
 5.4562479e-002
 5.2858654e-002
 5.5792138e-002
 5.5475201e-002
 5.5383231e-002
 5.4138139e-002
 5.2573949e-002
 5.3480759e-002
 5.3511221e-002
 5.3435877e-002
 5.4018490e-002
 5.3633496e-002
 5.3794798e-002
 5.3520806e-002
 5.2527696e-002
 5.2599084e-002
 5.2153107e-002
 5.2470423e-002
 5.2339155e-002
 5.4199457e-002
 5.1361397e-002
 5.2194733e-002
 5.2130677e-002
 5.1968664e-002
 5.1444095e-002
 5.1608186e-002
 5.1595386e-002
 5.1941626e-002
 5.1357254e-002
 5.1799525e-002
 5.1808305e-002
 5.1418085e-002
 5.1196404e-002
 5.0732840e-002
 5.0988473e-002
 5.0980080e-002
 5.1345095e-002
 5.0722454e-002
 5.0596237e-002
 5.0293352e-002
 5.1701378e-002
 5.1087439e-002
 5.0516948e-002
 5.1295072e-002
 5.1048048e-002
 5.0993633e-002
 5.1043835e-002
 5.1828343e-002
 5.0747883e-002
 5.1239289e-002
 5.1405441e-002
 5.1405400e-002
 5.1290397e-002
 5.0450418e-002
 5.1207751e-002
 5.1342681e-002
 5.1132154e-002
 5.0088860e-002
 5.0757851e-002
 5.1965259e-002
 5.0991323e-002
 4.9838435e-002
 5.0026871e-002
 5.1023480e-002
 5.0561622e-002
 4.9817543e-002
 4.9460649e-002
 4.9660936e-002
 5.1072728e-002
 4.9293537e-002
 4.9840078e-002
 4.8906863e-002
 4.9899668e-002
 4.9815852e-002
 5.1158153e-002
 4.9055047e-002
 4.8956174e-002
 5.0561622e-002
 5.0912250e-002
 4.9220558e-002
 4.9985413e-002
 5.0826609e-002
 5.0701585e-002
 4.9383350e-002
 4.9132075e-002
 5.0165825e-002
 5.0926935e-002
 4.7167674e-002
 4.9194425e-002
 5.0420802e-002
 5.1382743e-002
 5.0077584e-002
 5.1027775e-002
 4.9256228e-002
 5.0129093e-002
 5.0219554e-002
 5.0393760e-002
 4.8833534e-002
 4.9327299e-002
 5.0321210e-002
 4.9614631e-002
 5.0537176e-002
 5.0849374e-002
 5.0082661e-002
 4.8883922e-002
 5.0428052e-002
 4.9394872e-002
 4.9191628e-002
 5.0546769e-002
 5.1895093e-002
 5.0309587e-002
 5.0070949e-002
 5.1571053e-002
 5.0969534e-002
 5.0188717e-002
 5.1591624e-002
 5.2340828e-002
 5.2441932e-002
 5.3510118e-002
 5.2879054e-002
 5.1002081e-002
 5.0946072e-002
 4.9697291e-002
 4.8716929e-002
 4.9318880e-002
 5.0063275e-002
 4.9208127e-002
 5.2134331e-002
 5.1625811e-002
 5.0261945e-002
 5.3650051e-002
 5.3413726e-002
 5.2264176e-002
 5.1811650e-002
 5.3541876e-002
 5.3373069e-002
 5.2820791e-002
 5.3355485e-002
 5.1603734e-002
 5.1554747e-002
 4.9384501e-002
 5.1310502e-002
 5.2792236e-002
 5.2966747e-002
 5.2962922e-002
 5.2283749e-002
 5.1780634e-002
 5.2571230e-002
 5.3460922e-002
 5.2892383e-002
 5.1558327e-002
 5.0593264e-002
 5.1140048e-002
 5.2481133e-002
 5.3554252e-002
 5.3664904e-002
