s07_AV97 Record=2008: Mascagnite GDS65.a (coarse)   BECKa AREF
 7.5925034e-001
 7.5884193e-001
 7.5979942e-001
 7.5891483e-001
 7.6072866e-001
 7.6224762e-001
 7.6141840e-001
 7.6084775e-001
 7.6381546e-001
 7.6346189e-001
 7.6523858e-001
 7.6506746e-001
 7.6509368e-001
 7.6671875e-001
 7.6631665e-001
 7.6721430e-001
 7.6713711e-001
 7.6850522e-001
 7.6819396e-001
 7.6841873e-001
 7.6848763e-001
 7.7049077e-001
 7.7202100e-001
 7.7086514e-001
 7.7006876e-001
 7.7175397e-001
 7.7112883e-001
 7.7266628e-001
 7.7152282e-001
 7.7069229e-001
 7.7243811e-001
 7.7054584e-001
 7.7185822e-001
 7.7131414e-001
 7.7047604e-001
 7.7067143e-001
 7.7034014e-001
 7.6950520e-001
 7.7184314e-001
 7.7085221e-001
 7.7152473e-001
 7.7400684e-001
 7.7316022e-001
 7.6948684e-001
 7.7079636e-001
 7.6722270e-001
 7.6577008e-001
 7.5992674e-001
 7.5697291e-001
 7.5680023e-001
 7.5856185e-001
 7.6264822e-001
 7.6804453e-001
 7.6520061e-001
 7.7015859e-001
 7.6636654e-001
 7.5942534e-001
 7.5168204e-001
 7.4576777e-001
 7.4674881e-001
 7.4085027e-001
 7.3954904e-001
 7.4252862e-001
 7.4376261e-001
 7.4825549e-001
 7.4566543e-001
 7.4098390e-001
 7.3067325e-001
 7.1174133e-001
 6.9008178e-001
 6.6109341e-001
 6.2592030e-001
 5.9906727e-001
 5.8353424e-001
 5.8656579e-001
 5.9613526e-001
 6.1271137e-001
 6.3024223e-001
 6.4728063e-001
 6.6482526e-001
 6.7854059e-001
 6.8608242e-001
 6.8973416e-001
 6.8727291e-001
 6.8283999e-001
 6.6998631e-001
 6.4692909e-001
 6.1863858e-001
 5.7888162e-001
 5.2932733e-001
 4.7713694e-001
 4.3847796e-001
 4.0785035e-001
 3.8187620e-001
 3.5883683e-001
 3.4856835e-001
 3.7098244e-001
 3.5249829e-001
 3.4765276e-001
 3.4833908e-001
 3.5040236e-001
 3.5431653e-001
 3.6279881e-001
 3.7365326e-001
 3.8402137e-001
 3.9510891e-001
 4.0526992e-001
 4.1552812e-001
 4.2265147e-001
 4.2844948e-001
 4.3196261e-001
 4.3170953e-001
 4.2879337e-001
 4.1905242e-001
 4.0335280e-001
 3.8264155e-001
 3.5599855e-001
 3.2771853e-001
 2.9723138e-001
 2.6423374e-001
 2.3099920e-001
 1.9719167e-001
 1.6464348e-001
 1.3194269e-001
 1.0581319e-001
 8.4064454e-002
 7.0735723e-002
 6.0051188e-002
 5.8119670e-002
 6.1310396e-002
 6.7970991e-002
 7.6124474e-002
 8.4346741e-002
 9.1219932e-002
 9.5128611e-002
 9.9494636e-002
 1.0424312e-001
 1.1320584e-001
 1.2073157e-001
 1.2886232e-001
 1.4072850e-001
 1.4815496e-001
 1.5384938e-001
 1.5996113e-001
 1.6808492e-001
 1.7320998e-001
 1.7307940e-001
 1.7023884e-001
 1.7034425e-001
 1.6945188e-001
 1.6655050e-001
 1.6231658e-001
 1.5918843e-001
 1.5864778e-001
 1.5346491e-001
 1.4229058e-001
 1.3316724e-001
 1.3106844e-001
 1.2630568e-001
 1.1545922e-001
 1.1917789e-001
 1.0899962e-001
 1.0106261e-001
 9.1317557e-002
 8.0649510e-002
 7.0401266e-002
 6.1910920e-002
 5.4230917e-002
 4.2918842e-002
 3.3224054e-002
 2.9771302e-002
 2.0693114e-002
 1.5092272e-002
 1.5260778e-002
 1.6047193e-002
 1.8024437e-002
 1.5292032e-002
 1.5931694e-002
 1.2992526e-002
 1.3142965e-002
 1.7451704e-002
 1.7882602e-002
 1.3851337e-002
 1.2728765e-002
 1.5236996e-002
 1.5187779e-002
 1.6864287e-002
 1.5538487e-002
 1.5461011e-002
 1.4771820e-002
 1.7177880e-002
 1.5414331e-002
 1.2425668e-002
 1.2663391e-002
 1.5243719e-002
 1.4382326e-002
 1.3346636e-002
 1.6136637e-002
 1.4323185e-002
 1.2738761e-002
 1.5453662e-002
 1.7455880e-002
 1.5663879e-002
 1.7690368e-002
 2.1926925e-002
 2.1549381e-002
 2.6160173e-002
 2.7132198e-002
 3.0441819e-002
 3.4649614e-002
 3.6062345e-002
 3.8771648e-002
 4.1523680e-002
 4.6249084e-002
 5.2612178e-002
 5.8903735e-002
 6.3566141e-002
 6.5315485e-002
 6.4839028e-002
 6.3360669e-002
 6.1906159e-002
 6.0327917e-002
 5.8236279e-002
 5.5419605e-002
