s07_AV97 Record=3127: Stilbite HS482.6  Zeolite    ASDFRb AREF
 1.9228247e-001
 1.9781029e-001
 2.0326211e-001
 2.0973600e-001
 2.1536323e-001
 2.2147308e-001
 2.2950651e-001
 2.3961043e-001
 2.4915959e-001
 2.5562164e-001
 2.6019266e-001
 2.6453498e-001
 2.7037805e-001
 2.7833742e-001
 2.8775749e-001
 2.9818729e-001
 3.0980408e-001
 3.2397646e-001
 3.4238645e-001
 3.6630452e-001
 3.9535940e-001
 4.2591387e-001
 4.5315486e-001
 4.7225705e-001
 4.8715335e-001
 4.9723068e-001
 5.0464523e-001
 5.1162958e-001
 5.1693267e-001
 5.2193743e-001
 5.2695256e-001
 5.3221953e-001
 5.2612430e-001
 5.3121185e-001
 5.3644669e-001
 5.4173797e-001
 5.4645592e-001
 5.5053467e-001
 5.5369747e-001
 5.5530453e-001
 5.5498588e-001
 5.5633688e-001
 5.5911589e-001
 5.6111449e-001
 5.6215143e-001
 5.6267202e-001
 5.6241250e-001
 5.6148893e-001
 5.6022489e-001
 5.5793172e-001
 5.5339295e-001
 5.5105466e-001
 5.5203801e-001
 5.5315435e-001
 5.5413234e-001
 5.5483007e-001
 5.5515033e-001
 5.5514938e-001
 5.5414879e-001
 5.5125642e-001
 5.4491466e-001
 5.3368926e-001
 5.1593995e-001
 4.8509258e-001
 4.6366242e-001
 4.6772882e-001
 4.8392832e-001
 5.0565928e-001
 5.2414554e-001
 5.3838181e-001
 5.4999888e-001
 5.5790192e-001
 5.6403440e-001
 5.6799304e-001
 5.6975347e-001
 5.6942075e-001
 5.6677449e-001
 5.6178820e-001
 5.5495191e-001
 5.4699945e-001
 5.3310353e-001
 5.0796592e-001
 4.5227855e-001
 3.8605472e-001
 3.6351362e-001
 3.7957853e-001
 4.0010065e-001
 4.1244644e-001
 4.2093056e-001
 4.3106705e-001
 4.4027224e-001
 4.4702181e-001
 4.5116720e-001
 4.5436418e-001
 4.5612901e-001
 4.5617062e-001
 4.5528337e-001
 4.5651326e-001
 4.5490739e-001
 4.4858274e-001
 4.3677118e-001
 4.1876307e-001
 3.9314786e-001
 3.6300102e-001
 3.3376208e-001
 3.0795288e-001
 2.8342375e-001
 2.5862822e-001
 2.3344006e-001
 2.0145531e-001
 1.6143756e-001
 1.2226836e-001
 9.7134963e-002
 8.9348704e-002
 9.2858650e-002
 1.0183484e-001
 1.1045534e-001
 1.1493315e-001
 1.1976972e-001
 1.3342045e-001
 1.4836819e-001
 1.6165839e-001
 1.7227100e-001
 1.8101540e-001
 1.8739285e-001
 1.9208933e-001
 1.9530180e-001
 1.9761291e-001
 1.9932677e-001
 2.0063160e-001
 2.0172890e-001
 2.0273609e-001
 2.0379244e-001
 2.0529094e-001
 2.0677403e-001
 2.0823377e-001
 2.0978904e-001
 2.1106748e-001
 2.1152230e-001
 2.1107675e-001
 2.0910634e-001
 2.0504466e-001
 1.9831906e-001
 1.8936653e-001
 1.7997211e-001
 1.7222899e-001
 1.6693301e-001
 1.6328032e-001
 1.6085100e-001
 1.5865245e-001
 1.5628740e-001
 1.5424182e-001
 1.5216576e-001
 1.4969507e-001
 1.4660254e-001
 1.4005013e-001
 1.3059837e-001
 1.1667023e-001
 9.9113248e-002
 7.8516401e-002
 8.6871371e-002
 6.6568978e-002
 5.0247096e-002
 4.1723467e-002
 3.9768226e-002
 4.1495610e-002
 4.4771895e-002
 4.7447734e-002
 4.9623504e-002
 5.1500279e-002
 5.3637542e-002
 5.6154799e-002
 5.9437264e-002
 6.3261621e-002
 6.7532741e-002
 7.1797617e-002
 7.5677499e-002
 7.8971788e-002
 8.1661828e-002
 8.3153240e-002
 8.4432632e-002
 8.5842393e-002
 8.7426722e-002
 8.9244328e-002
 9.0809904e-002
 9.2090912e-002
 9.3071759e-002
 9.3704671e-002
 9.4277665e-002
 9.4670795e-002
 9.4745822e-002
 9.4872676e-002
 9.4591931e-002
 9.4305068e-002
 9.3717426e-002
 9.3011424e-002
 9.2308484e-002
 9.1357432e-002
 8.9454137e-002
 8.7422147e-002
 8.4982112e-002
 8.2037963e-002
 7.8794733e-002
 7.4984744e-002
 7.1387671e-002
 6.7498058e-002
 6.3079163e-002
 5.8983468e-002
 5.5062354e-002
 5.1297840e-002
 4.7523282e-002
 4.4448987e-002
 4.1915178e-002
 3.9322585e-002
 3.7278667e-002
 3.7025098e-002
 3.5238277e-002
 3.3739641e-002
 3.3434391e-002
 3.2823388e-002
 3.2456782e-002
 3.1748123e-002
 3.2034434e-002
-1.2300000e+034
