s07_AV97 Record=1834: Karpatite GDS978  85K        NIC4uu RREF
-1.2300000e+034
-1.2300000e+034
-1.2300000e+034
-1.2300000e+034
-1.2300000e+034
-1.2300000e+034
-1.2300000e+034
-1.2300000e+034
-1.2300000e+034
-1.2300000e+034
-1.2300000e+034
-1.2300000e+034
-1.2300000e+034
-1.2300000e+034
-1.2300000e+034
-1.2300000e+034
-1.2300000e+034
-1.2300000e+034
-1.2300000e+034
-1.2300000e+034
-1.2300000e+034
-1.2300000e+034
-1.2300000e+034
-1.2300000e+034
-1.2300000e+034
-1.2300000e+034
-1.2300000e+034
-1.2300000e+034
-1.2300000e+034
-1.2300000e+034
-1.2300000e+034
-1.2300000e+034
-1.2300000e+034
-1.2300000e+034
-1.2300000e+034
-1.2300000e+034
-1.2300000e+034
-1.2300000e+034
-1.2300000e+034
-1.2300000e+034
-1.2300000e+034
-1.2300000e+034
-1.2300000e+034
-1.2300000e+034
-1.2300000e+034
-1.2300000e+034
-1.2300000e+034
-1.2300000e+034
-1.2300000e+034
-1.2300000e+034
-1.2300000e+034
-1.2300000e+034
-1.2300000e+034
-1.2300000e+034
-1.2300000e+034
-1.2300000e+034
-1.2300000e+034
-1.2300000e+034
-1.2300000e+034
-1.2300000e+034
-1.2300000e+034
-1.2300000e+034
-1.2300000e+034
-1.2300000e+034
-1.2300000e+034
-1.2300000e+034
-1.2300000e+034
-1.2300000e+034
-1.2300000e+034
-1.2300000e+034
-1.2300000e+034
-1.2300000e+034
-1.2300000e+034
-1.2300000e+034
-1.2300000e+034
-1.2300000e+034
-1.2300000e+034
-1.2300000e+034
-1.2300000e+034
-1.2300000e+034
 7.2468466e-001
 7.2468466e-001
 7.2468466e-001
 7.2468466e-001
 7.2468466e-001
 7.2468466e-001
 7.2468466e-001
 7.2468466e-001
 7.2468466e-001
 7.2468466e-001
 7.2468466e-001
 7.2468466e-001
 7.2468466e-001
 7.2468466e-001
 7.2468466e-001
 7.2468466e-001
 7.2468466e-001
 7.2468466e-001
 7.2468466e-001
 7.2468466e-001
 7.2468466e-001
 7.2468466e-001
 7.2468466e-001
 7.2468466e-001
 7.2468466e-001
 7.2468466e-001
 7.2468466e-001
 7.2468466e-001
 7.2468466e-001
 7.2468466e-001
 7.2468466e-001
 7.2468466e-001
 7.2468305e-001
 7.2417045e-001
 7.2081864e-001
 7.1514165e-001
 7.0924020e-001
 7.0947671e-001
 7.0943224e-001
 7.0637941e-001
 7.0548004e-001
 7.0601118e-001
 7.0476067e-001
 7.0395088e-001
 7.0329130e-001
 7.0162255e-001
 6.9819552e-001
 6.9515258e-001
 6.9282037e-001
 6.8830550e-001
 6.8284619e-001
 6.7431760e-001
 6.6159070e-001
 6.3291353e-001
 5.7543552e-001
 5.1212728e-001
 5.0098544e-001
 4.9515787e-001
 4.3343654e-001
 3.5783920e-001
 3.6319962e-001
 4.2962179e-001
 4.8286712e-001
 5.0864321e-001
 5.3327495e-001
 5.4495907e-001
 5.5038875e-001
 5.4819691e-001
 5.4662508e-001
 5.4966617e-001
 5.5542076e-001
 5.5603766e-001
 5.6131548e-001
 5.6619465e-001
 5.6297714e-001
 5.5996209e-001
 5.5077249e-001
 5.4705799e-001
 5.4632270e-001
 5.5404133e-001
 5.4984373e-001
 5.6039882e-001
 5.6254900e-001
 5.6525660e-001
 5.6750596e-001
 5.6512731e-001
 5.6685388e-001
 5.6783277e-001
 5.6803721e-001
 5.6963736e-001
 5.6929064e-001
 5.6309712e-001
 5.5739945e-001
 5.5140001e-001
 5.4218251e-001
 5.3623533e-001
 5.3886813e-001
 5.4443347e-001
 5.3678852e-001
 5.2090466e-001
 5.0886548e-001
 5.0327551e-001
 4.9270740e-001
 4.6467477e-001
 4.3411288e-001
 3.7077919e-001
 3.1536144e-001
 3.0609494e-001
 3.0361241e-001
 2.8148630e-001
 3.1526405e-001
 3.0785793e-001
 3.0592620e-001
 2.9066408e-001
 2.8286827e-001
 2.6221004e-001
 2.5164464e-001
 2.8655443e-001
 3.1860158e-001
 3.4297064e-001
 3.2597643e-001
 2.9705375e-001
 2.9010889e-001
 2.7822474e-001
 3.3037251e-001
 3.4647062e-001
 3.3674014e-001
 3.4799632e-001
 3.1415623e-001
 2.8839168e-001
 2.7895555e-001
 2.5492072e-001
 2.6642331e-001
 2.9179144e-001
 3.2266641e-001
 3.5512063e-001
 3.6270711e-001
 3.2487774e-001
 3.1096074e-001
 2.7421311e-001
 2.7415413e-001
 2.6455384e-001
 2.6165608e-001
 2.3505156e-001
