s07_AV97 Record=1166: Epidote HS328.3B             NIC4bc RREF
-1.2300000e+034
-1.2300000e+034
-1.2300000e+034
-1.2300000e+034
-1.2300000e+034
-1.2300000e+034
-1.2300000e+034
-1.2300000e+034
-1.2300000e+034
-1.2300000e+034
-1.2300000e+034
-1.2300000e+034
-1.2300000e+034
-1.2300000e+034
-1.2300000e+034
-1.2300000e+034
-1.2300000e+034
-1.2300000e+034
-1.2300000e+034
-1.2300000e+034
-1.2300000e+034
-1.2300000e+034
-1.2300000e+034
-1.2300000e+034
-1.2300000e+034
-1.2300000e+034
-1.2300000e+034
-1.2300000e+034
-1.2300000e+034
-1.2300000e+034
-1.2300000e+034
-1.2300000e+034
-1.2300000e+034
-1.2300000e+034
-1.2300000e+034
-1.2300000e+034
-1.2300000e+034
-1.2300000e+034
-1.2300000e+034
-1.2300000e+034
-1.2300000e+034
-1.2300000e+034
-1.2300000e+034
-1.2300000e+034
-1.2300000e+034
-1.2300000e+034
-1.2300000e+034
-1.2300000e+034
-1.2300000e+034
-1.2300000e+034
-1.2300000e+034
-1.2300000e+034
-1.2300000e+034
-1.2300000e+034
-1.2300000e+034
-1.2300000e+034
-1.2300000e+034
-1.2300000e+034
-1.2300000e+034
-1.2300000e+034
-1.2300000e+034
-1.2300000e+034
-1.2300000e+034
-1.2300000e+034
-1.2300000e+034
-1.2300000e+034
-1.2300000e+034
-1.2300000e+034
-1.2300000e+034
-1.2300000e+034
-1.2300000e+034
-1.2300000e+034
-1.2300000e+034
-1.2300000e+034
-1.2300000e+034
-1.2300000e+034
-1.2300000e+034
-1.2300000e+034
-1.2300000e+034
-1.2300000e+034
-1.2300000e+034
-1.2300000e+034
-1.2300000e+034
-1.2300000e+034
-1.2300000e+034
-1.2300000e+034
-1.2300000e+034
-1.2300000e+034
-1.2300000e+034
-1.2300000e+034
-1.2300000e+034
-1.2300000e+034
-1.2300000e+034
-1.2300000e+034
-1.2300000e+034
-1.2300000e+034
-1.2300000e+034
-1.2300000e+034
-1.2300000e+034
-1.2300000e+034
-1.2300000e+034
-1.2300000e+034
-1.2300000e+034
-1.2300000e+034
-1.2300000e+034
-1.2300000e+034
-1.2300000e+034
-1.2300000e+034
-1.2300000e+034
-1.2300000e+034
-1.2300000e+034
-1.2300000e+034
-1.2300000e+034
-1.2300000e+034
-1.2300000e+034
-1.2300000e+034
-1.2300000e+034
-1.2300000e+034
-1.2300000e+034
-1.2300000e+034
-1.2300000e+034
-1.2300000e+034
-1.2300000e+034
-1.2300000e+034
-1.2300000e+034
-1.2300000e+034
-1.2300000e+034
-1.2300000e+034
-1.2300000e+034
-1.2300000e+034
-1.2300000e+034
-1.2300000e+034
-1.2300000e+034
 4.5473972e-001
 4.6083549e-001
 4.6780983e-001
 4.7429714e-001
 4.8046035e-001
 4.8605210e-001
 4.9087870e-001
 4.9598432e-001
 5.0063223e-001
 5.0494379e-001
 5.0912654e-001
 5.1347399e-001
 5.1781750e-001
 5.2183461e-001
 5.2509308e-001
 5.2820194e-001
 5.3072888e-001
 5.3324300e-001
 5.3539765e-001
 5.3647470e-001
 5.3481948e-001
 5.3352332e-001
 5.3825730e-001
 5.4368967e-001
 5.4649639e-001
 5.4635930e-001
 5.4576313e-001
 5.4589188e-001
 5.4582399e-001
 5.4460675e-001
 5.4306293e-001
 5.4423809e-001
 5.4648912e-001
 5.4661429e-001
 5.4500055e-001
 5.4780334e-001
 5.5256951e-001
 5.5616766e-001
 5.5840707e-001
 5.6071842e-001
 5.6311178e-001
 5.6546980e-001
 5.6765211e-001
 5.6983131e-001
 5.7113755e-001
 5.7161874e-001
 5.7193148e-001
 5.7216567e-001
 5.7265604e-001
 5.7321537e-001
 5.7360226e-001
 5.7414854e-001
 5.7461083e-001
 5.7518792e-001
 5.7492292e-001
 5.7355440e-001
 5.7025194e-001
 5.6493598e-001
 5.5851930e-001
 5.5316681e-001
 5.5087614e-001
 5.4846054e-001
 5.3977364e-001
 5.1304990e-001
 4.6903127e-001
 4.6406275e-001
 4.8681408e-001
 4.9182579e-001
 4.7694987e-001
 4.5283768e-001
 4.1005009e-001
 3.6148816e-001
 3.1413367e-001
 2.8325531e-001
 3.0799913e-001
 3.8157931e-001
 4.5385003e-001
 4.9567950e-001
 5.1747036e-001
 5.2964103e-001
 5.3645813e-001
 5.3978795e-001
 5.4077458e-001
 5.3926456e-001
 5.3666359e-001
 5.3370154e-001
 5.3056741e-001
 5.2649504e-001
 5.2124691e-001
 5.1620162e-001
 5.1089281e-001
