s07_AV97 Record=2638: Polyhalite NMNH92669-4      NIC4aau RREF
-1.2300000e+034
-1.2300000e+034
-1.2300000e+034
-1.2300000e+034
-1.2300000e+034
-1.2300000e+034
-1.2300000e+034
-1.2300000e+034
-1.2300000e+034
-1.2300000e+034
-1.2300000e+034
-1.2300000e+034
-1.2300000e+034
-1.2300000e+034
-1.2300000e+034
-1.2300000e+034
-1.2300000e+034
-1.2300000e+034
-1.2300000e+034
-1.2300000e+034
-1.2300000e+034
-1.2300000e+034
-1.2300000e+034
-1.2300000e+034
-1.2300000e+034
-1.2300000e+034
-1.2300000e+034
-1.2300000e+034
-1.2300000e+034
-1.2300000e+034
-1.2300000e+034
-1.2300000e+034
-1.2300000e+034
-1.2300000e+034
-1.2300000e+034
-1.2300000e+034
-1.2300000e+034
-1.2300000e+034
-1.2300000e+034
-1.2300000e+034
-1.2300000e+034
-1.2300000e+034
-1.2300000e+034
-1.2300000e+034
-1.2300000e+034
-1.2300000e+034
-1.2300000e+034
-1.2300000e+034
-1.2300000e+034
-1.2300000e+034
-1.2300000e+034
-1.2300000e+034
-1.2300000e+034
-1.2300000e+034
-1.2300000e+034
-1.2300000e+034
-1.2300000e+034
-1.2300000e+034
-1.2300000e+034
-1.2300000e+034
-1.2300000e+034
-1.2300000e+034
-1.2300000e+034
-1.2300000e+034
-1.2300000e+034
-1.2300000e+034
-1.2300000e+034
-1.2300000e+034
-1.2300000e+034
-1.2300000e+034
-1.2300000e+034
-1.2300000e+034
-1.2300000e+034
-1.2300000e+034
-1.2300000e+034
-1.2300000e+034
-1.2300000e+034
-1.2300000e+034
-1.2300000e+034
-1.2300000e+034
-1.2300000e+034
-1.2300000e+034
-1.2300000e+034
-1.2300000e+034
-1.2300000e+034
-1.2300000e+034
-1.2300000e+034
-1.2300000e+034
-1.2300000e+034
-1.2300000e+034
-1.2300000e+034
-1.2300000e+034
-1.2300000e+034
-1.2300000e+034
-1.2300000e+034
-1.2300000e+034
-1.2300000e+034
-1.2300000e+034
-1.2300000e+034
-1.2300000e+034
-1.2300000e+034
-1.2300000e+034
-1.2300000e+034
-1.2300000e+034
-1.2300000e+034
-1.2300000e+034
-1.2300000e+034
-1.2300000e+034
-1.2300000e+034
-1.2300000e+034
-1.2300000e+034
-1.2300000e+034
-1.2300000e+034
-1.2300000e+034
-1.2300000e+034
-1.2300000e+034
-1.2300000e+034
-1.2300000e+034
-1.2300000e+034
-1.2300000e+034
-1.2300000e+034
-1.2300000e+034
-1.2300000e+034
-1.2300000e+034
-1.2300000e+034
-1.2300000e+034
-1.2300000e+034
-1.2300000e+034
-1.2300000e+034
-1.2300000e+034
-1.2300000e+034
-1.2300000e+034
-1.2300000e+034
-1.2300000e+034
-1.2300000e+034
-1.2300000e+034
-1.2300000e+034
-1.2300000e+034
-1.2300000e+034
-1.2300000e+034
-1.2300000e+034
 6.0310906e-001
 6.0721785e-001
 6.1183017e-001
 6.1584961e-001
 6.1854303e-001
 6.1875606e-001
 6.1898506e-001
 6.2005931e-001
 6.2061268e-001
 6.2366104e-001
 6.2873942e-001
 6.3340229e-001
 6.3670081e-001
 6.3895291e-001
 6.3945085e-001
 6.3722003e-001
 6.3292462e-001
 6.2740922e-001
 6.1920571e-001
 6.2221587e-001
 6.1116236e-001
 5.9494162e-001
 5.7259488e-001
 5.4401386e-001
 5.0587380e-001
 4.5802012e-001
 4.5068157e-001
 4.8280144e-001
 4.7124353e-001
 4.4545722e-001
 4.4930673e-001
 4.6740130e-001
 4.7746140e-001
 4.7223020e-001
 4.6434382e-001
 4.7371542e-001
 4.9483779e-001
 5.1118577e-001
 5.1942217e-001
 5.2511239e-001
 5.3340542e-001
 5.4328120e-001
 5.5275249e-001
 5.6116825e-001
 5.6753188e-001
 5.7016301e-001
 5.6930596e-001
 5.6666124e-001
 5.6518972e-001
 5.6614953e-001
 5.6693250e-001
 5.6444174e-001
 5.6156081e-001
 5.6079131e-001
 5.5720824e-001
 5.4268932e-001
 5.3910464e-001
 5.6170893e-001
 5.7533336e-001
 5.7917035e-001
 5.7851893e-001
 5.7524908e-001
 5.6935531e-001
 5.5933499e-001
 5.4547298e-001
 5.2726150e-001
 5.0042373e-001
 4.5962167e-001
 4.0626553e-001
 3.6728439e-001
 3.7644410e-001
 4.0557694e-001
 4.2228714e-001
 4.2084053e-001
 4.0721333e-001
 3.8797709e-001
 3.7236249e-001
 3.6850277e-001
 3.7699941e-001
 3.9069718e-001
 3.9401871e-001
 3.8684234e-001
 3.8762558e-001
