s07_AV97 Record=1852: Knebelite HS419.3B          NIC4cbb RREF
-1.2300000e+034
-1.2300000e+034
-1.2300000e+034
-1.2300000e+034
-1.2300000e+034
-1.2300000e+034
-1.2300000e+034
-1.2300000e+034
-1.2300000e+034
-1.2300000e+034
-1.2300000e+034
-1.2300000e+034
-1.2300000e+034
-1.2300000e+034
-1.2300000e+034
-1.2300000e+034
-1.2300000e+034
-1.2300000e+034
-1.2300000e+034
-1.2300000e+034
-1.2300000e+034
-1.2300000e+034
-1.2300000e+034
-1.2300000e+034
-1.2300000e+034
-1.2300000e+034
-1.2300000e+034
-1.2300000e+034
-1.2300000e+034
-1.2300000e+034
-1.2300000e+034
-1.2300000e+034
-1.2300000e+034
-1.2300000e+034
-1.2300000e+034
-1.2300000e+034
-1.2300000e+034
-1.2300000e+034
-1.2300000e+034
-1.2300000e+034
-1.2300000e+034
-1.2300000e+034
-1.2300000e+034
-1.2300000e+034
-1.2300000e+034
-1.2300000e+034
-1.2300000e+034
-1.2300000e+034
-1.2300000e+034
-1.2300000e+034
-1.2300000e+034
-1.2300000e+034
-1.2300000e+034
-1.2300000e+034
-1.2300000e+034
-1.2300000e+034
-1.2300000e+034
-1.2300000e+034
-1.2300000e+034
-1.2300000e+034
-1.2300000e+034
-1.2300000e+034
-1.2300000e+034
-1.2300000e+034
-1.2300000e+034
-1.2300000e+034
-1.2300000e+034
-1.2300000e+034
-1.2300000e+034
-1.2300000e+034
-1.2300000e+034
-1.2300000e+034
-1.2300000e+034
-1.2300000e+034
-1.2300000e+034
-1.2300000e+034
-1.2300000e+034
-1.2300000e+034
-1.2300000e+034
-1.2300000e+034
-1.2300000e+034
-1.2300000e+034
-1.2300000e+034
-1.2300000e+034
-1.2300000e+034
-1.2300000e+034
-1.2300000e+034
-1.2300000e+034
-1.2300000e+034
-1.2300000e+034
-1.2300000e+034
-1.2300000e+034
-1.2300000e+034
-1.2300000e+034
-1.2300000e+034
-1.2300000e+034
-1.2300000e+034
-1.2300000e+034
-1.2300000e+034
-1.2300000e+034
-1.2300000e+034
-1.2300000e+034
-1.2300000e+034
-1.2300000e+034
-1.2300000e+034
-1.2300000e+034
-1.2300000e+034
-1.2300000e+034
-1.2300000e+034
-1.2300000e+034
-1.2300000e+034
-1.2300000e+034
-1.2300000e+034
-1.2300000e+034
-1.2300000e+034
-1.2300000e+034
-1.2300000e+034
-1.2300000e+034
-1.2300000e+034
-1.2300000e+034
-1.2300000e+034
-1.2300000e+034
-1.2300000e+034
-1.2300000e+034
-1.2300000e+034
-1.2300000e+034
-1.2300000e+034
-1.2300000e+034
-1.2300000e+034
-1.2300000e+034
 2.3832485e-001
 2.4174604e-001
 2.4508704e-001
 2.4843226e-001
 2.5160962e-001
 2.5428060e-001
 2.5708708e-001
 2.5996321e-001
 2.6265121e-001
 2.6522756e-001
 2.6776263e-001
 2.6979181e-001
 2.7128085e-001
 2.7278832e-001
 2.7450430e-001
 2.7608830e-001
 2.7762640e-001
 2.7895850e-001
 2.8008658e-001
 2.8087196e-001
 2.8139609e-001
 2.8180742e-001
 2.8247520e-001
 2.8292742e-001
 2.8348580e-001
 2.8413007e-001
 2.8441507e-001
 2.8456119e-001
 2.8438964e-001
 2.8393582e-001
 2.8411931e-001
 2.8343439e-001
 2.8258044e-001
 2.8199774e-001
 2.8182393e-001
 2.8191733e-001
 2.8193665e-001
 2.8193319e-001
 2.8171456e-001
 2.8142419e-001
 2.8091744e-001
 2.8052956e-001
 2.8014344e-001
 2.8004709e-001
 2.7999502e-001
 2.8021961e-001
 2.8048763e-001
 2.8066891e-001
 2.8080368e-001
 2.8072855e-001
 2.8046101e-001
 2.8028923e-001
 2.8008327e-001
 2.7964789e-001
 2.7921471e-001
 2.7909526e-001
 2.7908194e-001
 2.7918577e-001
 2.7923188e-001
 2.7927718e-001
 2.7910984e-001
 2.7888107e-001
 2.7855483e-001
 2.7821821e-001
 2.7807119e-001
 2.7775201e-001
 2.7721819e-001
 2.7670008e-001
 2.7573147e-001
 2.7478254e-001
 2.7355757e-001
 2.7190766e-001
 2.7003619e-001
 2.6815277e-001
 2.6640961e-001
 2.6470956e-001
 2.6322854e-001
 2.6178780e-001
 2.6119560e-001
 2.6190782e-001
 2.6420423e-001
 2.6638475e-001
 2.6744527e-001
 2.6769048e-001
 2.6738641e-001
 2.6717269e-001
 2.6698551e-001
 2.6647455e-001
 2.6579964e-001
 2.6469153e-001
 2.6322535e-001
 2.6170561e-001
 2.6049474e-001
 2.5960135e-001
