s07_AV97 Record=2125: Monticellite HS339.2B        ASDFRb AREF
 3.4843805e-001
 3.5426143e-001
 3.5906410e-001
 3.6662757e-001
 3.7508997e-001
 3.8278571e-001
 3.8811973e-001
 3.9105678e-001
 3.9182806e-001
 3.9092234e-001
 3.9189911e-001
 3.9497793e-001
 3.9915699e-001
 4.0208995e-001
 4.0353680e-001
 4.0405983e-001
 4.0409079e-001
 4.0407017e-001
 4.0405595e-001
 4.0415499e-001
 4.0433607e-001
 4.0461099e-001
 4.0487233e-001
 4.0534991e-001
 4.0501520e-001
 4.0507269e-001
 4.0499702e-001
 4.0457988e-001
 4.0462181e-001
 4.0477312e-001
 4.0512607e-001
 4.0582103e-001
 4.0503776e-001
 4.0567836e-001
 4.0630749e-001
 4.0723246e-001
 4.0804523e-001
 4.0888429e-001
 4.0987909e-001
 4.1070175e-001
 4.1134453e-001
 4.1195121e-001
 4.1243771e-001
 4.1266471e-001
 4.1302088e-001
 4.1311523e-001
 4.1302606e-001
 4.1289482e-001
 4.1247812e-001
 4.1193935e-001
 4.1129231e-001
 4.1050890e-001
 4.0961742e-001
 4.0869603e-001
 4.0760940e-001
 4.0647802e-001
 4.0567654e-001
 4.0476614e-001
 4.0403464e-001
 4.0349460e-001
 4.0331006e-001
 4.0352672e-001
 4.0361252e-001
 4.0429509e-001
 4.0522966e-001
 4.0615806e-001
 4.0760627e-001
 4.0892696e-001
 4.1001955e-001
 4.1132537e-001
 4.1316018e-001
 4.1439623e-001
 4.1598630e-001
 4.1721624e-001
 4.1821131e-001
 4.1943413e-001
 4.2016092e-001
 4.2097816e-001
 4.2163819e-001
 4.2192057e-001
 4.2257264e-001
 4.2291048e-001
 4.2326736e-001
 4.2377567e-001
 4.2426729e-001
 4.2472163e-001
 4.2509934e-001
 4.2570281e-001
 4.2602444e-001
 4.2638838e-001
 4.2715356e-001
 4.2789099e-001
 4.2838222e-001
 4.2891270e-001
 4.2939508e-001
 4.3008879e-001
 4.2905161e-001
 4.2984188e-001
 4.3027040e-001
 4.3059161e-001
 4.3098548e-001
 4.3140718e-001
 4.3184093e-001
 4.3263969e-001
 4.3294156e-001
 4.3305695e-001
 4.3300256e-001
 4.3292966e-001
 4.3292129e-001
 4.3191233e-001
 4.3060225e-001
 4.3106201e-001
 4.3198189e-001
 4.3293884e-001
 4.3356416e-001
 4.3398464e-001
 4.3455732e-001
 4.3432182e-001
 4.3495703e-001
 4.3492305e-001
 4.3487865e-001
 4.3442070e-001
 4.3452737e-001
 4.3403155e-001
 4.3410346e-001
 4.3357843e-001
 4.3295246e-001
 4.3248293e-001
 4.3163225e-001
 4.3095779e-001
 4.3052483e-001
 4.2952707e-001
 4.2866319e-001
 4.2811885e-001
 4.2720744e-001
 4.2571840e-001
 4.2438939e-001
 4.2347759e-001
 4.2251682e-001
 4.2148098e-001
 4.1977358e-001
 4.1929522e-001
 4.1806808e-001
 4.1697606e-001
 4.1613638e-001
 4.1416544e-001
 4.1303629e-001
 4.1200000e-001
 4.1187856e-001
 4.1072315e-001
 4.0923169e-001
 4.0846962e-001
 4.0748498e-001
 4.0740016e-001
 4.0640309e-001
 4.0596053e-001
 4.0594947e-001
 4.0555623e-001
 4.0438524e-001
 4.0356597e-001
 4.0400943e-001
 4.0325138e-001
 4.0252191e-001
 4.0081427e-001
 4.0028423e-001
 3.9983147e-001
 4.0050408e-001
 4.0041956e-001
 4.0023601e-001
 4.0041038e-001
 4.0062001e-001
 4.0142938e-001
 4.0226650e-001
 4.0370464e-001
 4.0446606e-001
 4.0561685e-001
 4.0715066e-001
 4.0692642e-001
 4.0797096e-001
 4.0907693e-001
 4.1043857e-001
 4.1133592e-001
 4.1153863e-001
 4.1223800e-001
 4.1313788e-001
 4.1342622e-001
 4.1378778e-001
 4.1434255e-001
 4.1493759e-001
 4.1521621e-001
 4.1456378e-001
 4.1488951e-001
 4.1546288e-001
 4.1585043e-001
 4.1531748e-001
 4.1582334e-001
 4.1547516e-001
 4.1629508e-001
 4.1703171e-001
 4.1806653e-001
 4.1862676e-001
 4.1883141e-001
 4.1965032e-001
 4.2111847e-001
 4.2172673e-001
 4.2206156e-001
 4.2279810e-001
 4.2392686e-001
 4.2458770e-001
 4.2454979e-001
 4.2440319e-001
 4.2519578e-001
 4.2481354e-001
 4.2399162e-001
 4.2351753e-001
 4.2251384e-001
 4.2131424e-001
 4.1905716e-001
 4.1843113e-001
 4.1819867e-001
 4.1684335e-001
 4.1654041e-001
 4.1618469e-001
-1.2300000e+034
