s07_AV97 Record=3376: Tremolite HS18.4B            ASDFRc AREF
 4.2515817e-001
 4.4215310e-001
 4.5670387e-001
 4.6944717e-001
 4.7763714e-001
 4.8766628e-001
 4.9667543e-001
 5.0424922e-001
 5.1301295e-001
 5.2016306e-001
 5.2650702e-001
 5.3254789e-001
 5.3785586e-001
 5.4245836e-001
 5.4649788e-001
 5.5112594e-001
 5.5472606e-001
 5.5800176e-001
 5.6111616e-001
 5.6500757e-001
 5.6801987e-001
 5.7018721e-001
 5.7149780e-001
 5.7508749e-001
 5.7664335e-001
 5.7776272e-001
 5.7811296e-001
 5.7897514e-001
 5.8017808e-001
 5.8130223e-001
 5.8233982e-001
 5.8348024e-001
 5.8217269e-001
 5.8324677e-001
 5.8448082e-001
 5.8574414e-001
 5.8679092e-001
 5.8756357e-001
 5.8769882e-001
 5.8692253e-001
 5.8765483e-001
 5.8721769e-001
 5.8663601e-001
 5.8559048e-001
 5.8399588e-001
 5.8181900e-001
 5.7903028e-001
 5.7573348e-001
 5.7197601e-001
 5.6799656e-001
 5.6371510e-001
 5.5939031e-001
 5.5490500e-001
 5.5018318e-001
 5.4508132e-001
 5.3995520e-001
 5.3408915e-001
 5.2738261e-001
 5.2027875e-001
 5.1192427e-001
 5.0246376e-001
 4.9126095e-001
 4.6816716e-001
 4.6901387e-001
 4.5816347e-001
 4.4656238e-001
 4.3521312e-001
 4.2478570e-001
 4.1583118e-001
 4.0881467e-001
 4.0697634e-001
 4.0846181e-001
 4.1514191e-001
 4.2557836e-001
 4.4188336e-001
 4.6166536e-001
 4.8083189e-001
 5.0119787e-001
 5.1985490e-001
 5.3507745e-001
 5.5033994e-001
 5.6235266e-001
 5.7361764e-001
 5.8344382e-001
 5.9109974e-001
 5.9856069e-001
 6.0512751e-001
 6.1195922e-001
 6.1869192e-001
 6.2456447e-001
 6.3147318e-001
 6.3896441e-001
 6.4539176e-001
 6.5184945e-001
 6.5629709e-001
 6.5673047e-001
 6.5414625e-001
 6.5733421e-001
 6.5641636e-001
 6.6578466e-001
 6.7001575e-001
 6.7597806e-001
 6.8300498e-001
 6.8519610e-001
 6.8923122e-001
 6.9194204e-001
 6.8937361e-001
 6.7656112e-001
 6.2787169e-001
 5.6307626e-001
 4.3174231e-001
 5.8931416e-001
 6.6133362e-001
 6.8066698e-001
 6.8615901e-001
 6.9002545e-001
 6.9325507e-001
 6.9473958e-001
 6.9638735e-001
 6.9837308e-001
 6.9984537e-001
 7.0117539e-001
 7.0428103e-001
 7.0558029e-001
 7.0469552e-001
 7.0645827e-001
 7.1004170e-001
 7.1205539e-001
 7.1355975e-001
 7.1458477e-001
 7.1639496e-001
 7.1738261e-001
 7.1978325e-001
 7.2207719e-001
 7.2365922e-001
 7.2536236e-001
 7.2725606e-001
 7.2897184e-001
 7.2950166e-001
 7.2915119e-001
 7.2616476e-001
 7.2402978e-001
 7.2355741e-001
 7.2269613e-001
 7.2156775e-001
 7.2047162e-001
 7.1955723e-001
 7.1904022e-001
 7.1840459e-001
 7.1821189e-001
 7.1718866e-001
 7.1528149e-001
 7.1222037e-001
 7.0818669e-001
 7.0497376e-001
 7.0060390e-001
 6.9589049e-001
 6.9483870e-001
 6.9456166e-001
 6.9025815e-001
 6.9250846e-001
 6.8405956e-001
 6.6780508e-001
 6.5391421e-001
 6.5066296e-001
 6.5223306e-001
 6.5410763e-001
 6.5289730e-001
 6.4962143e-001
 6.4346611e-001
 6.3517398e-001
 6.2484574e-001
 6.1862755e-001
 6.1649221e-001
 6.2195355e-001
 6.2886506e-001
 6.1981291e-001
 6.0324365e-001
 5.9421819e-001
 5.8843440e-001
 5.7776260e-001
 5.6929857e-001
 5.5668420e-001
 5.0881243e-001
 5.0712079e-001
 5.1638079e-001
 5.3749567e-001
 5.4628789e-001
 5.5942172e-001
 5.6621450e-001
 5.6306231e-001
 5.6535798e-001
 5.6438148e-001
 5.6151730e-001
 5.5655128e-001
 5.3911418e-001
 4.8990190e-001
 4.5894960e-001
 4.4384325e-001
 3.6887506e-001
 2.8913906e-001
 2.2771262e-001
 1.7669694e-001
 1.6426577e-001
 1.7311001e-001
 2.9024807e-001
 3.8491252e-001
 3.8899726e-001
 3.5862890e-001
 2.9828691e-001
 2.2306411e-001
 2.0610426e-001
 2.8081331e-001
 3.3258989e-001
 3.3283886e-001
 3.4988984e-001
 3.3116722e-001
 3.1629115e-001
 3.0570346e-001
 3.0365223e-001
 3.0967000e-001
 3.1450987e-001
 3.1835613e-001
-1.2300000e+034
