s07_AV97 Record=247: Alunite HS295.3B              BECKa AREF
 3.4687847e-001
 3.8160464e-001
 4.1324538e-001
 4.3891010e-001
 4.5621067e-001
 4.7011498e-001
 4.8081860e-001
 4.8865637e-001
 4.9818650e-001
 5.0365973e-001
 5.0980324e-001
 5.1620817e-001
 5.2713686e-001
 5.4033941e-001
 5.5209935e-001
 5.6744158e-001
 5.8254886e-001
 5.9963387e-001
 6.1877143e-001
 6.3662058e-001
 6.5695447e-001
 6.8076187e-001
 7.0285052e-001
 7.2280848e-001
 7.4202752e-001
 7.5848418e-001
 7.7284580e-001
 7.8621131e-001
 7.9746562e-001
 8.1017369e-001
 8.2067829e-001
 8.2819402e-001
 8.1961536e-001
 8.2657546e-001
 8.3532435e-001
 8.3996093e-001
 8.4859830e-001
 8.5442936e-001
 8.6349976e-001
 8.6413711e-001
 8.6646724e-001
 8.7149131e-001
 8.7418842e-001
 8.6825138e-001
 8.7085003e-001
 8.7226224e-001
 8.7263894e-001
 8.7859017e-001
 8.7928289e-001
 8.7728238e-001
 8.7483704e-001
 8.8002062e-001
 8.8717556e-001
 8.8210660e-001
 8.8389248e-001
 8.7286001e-001
 8.7525308e-001
 8.7906146e-001
 8.7770343e-001
 8.7807226e-001
 8.7652868e-001
 8.7847650e-001
 8.7597013e-001
 8.7287229e-001
 8.6197591e-001
 8.5124683e-001
 8.3192515e-001
 8.1906068e-001
 8.2569224e-001
 8.4733260e-001
 8.7282819e-001
 8.8089979e-001
 8.8515115e-001
 8.8590419e-001
 8.8876486e-001
 8.8511497e-001
 8.8358182e-001
 8.8325518e-001
 8.8270885e-001
 8.8305312e-001
 8.8725901e-001
 8.8955283e-001
 8.9057869e-001
 8.8706207e-001
 8.8284224e-001
 8.7588060e-001
 8.7356412e-001
 8.6776900e-001
 8.6375439e-001
 8.5361975e-001
 8.3759582e-001
 8.1699502e-001
 7.9999357e-001
 7.8807187e-001
 7.4423075e-001
 7.1812141e-001
 7.7104187e-001
 7.2544509e-001
 7.3775566e-001
 7.9140538e-001
 8.2524204e-001
 8.2495278e-001
 8.0927432e-001
 7.8440696e-001
 7.5221229e-001
 7.4139667e-001
 7.4184072e-001
 7.5190979e-001
 7.5494146e-001
 7.4093407e-001
 7.1420592e-001
 6.6514355e-001
 5.7539028e-001
 3.8465723e-001
 3.8291940e-001
 4.5620608e-001
 4.1169262e-001
 3.7452894e-001
 2.7783754e-001
 3.1994891e-001
 4.5847693e-001
 5.0799769e-001
 5.5854553e-001
 5.8262712e-001
 5.9273946e-001
 5.9608114e-001
 5.9879172e-001
 5.9723824e-001
 5.9708411e-001
 5.9348392e-001
 5.9148157e-001
 5.8898973e-001
 5.8588302e-001
 5.8501911e-001
 5.8154017e-001
 5.7634687e-001
 5.6982636e-001
 5.6030929e-001
 5.5006206e-001
 5.4111075e-001
 5.2699161e-001
 5.1780611e-001
 5.0550175e-001
 4.8024312e-001
 4.3816209e-001
 3.9236206e-001
 3.5716435e-001
 3.3327338e-001
 3.3995554e-001
 3.8506263e-001
 4.4876039e-001
 4.8497689e-001
 4.9551961e-001
 4.9393556e-001
 4.8946056e-001
 4.8431718e-001
 4.7796762e-001
 4.6836701e-001
 4.5584971e-001
 4.3356535e-001
 4.4193348e-001
 4.1511053e-001
 3.8925469e-001
 3.5963649e-001
 3.3225921e-001
 3.2068354e-001
 3.1151369e-001
 2.9932332e-001
 2.9566148e-001
 2.9609203e-001
 2.9565200e-001
 2.9072899e-001
 2.7423576e-001
 2.6244587e-001
 2.6040089e-001
 2.6068807e-001
 2.5338852e-001
 2.4492477e-001
 2.3944998e-001
 2.3494451e-001
 2.3589882e-001
 2.3120910e-001
 2.1750271e-001
 1.9201194e-001
 1.5397328e-001
 1.2117515e-001
 1.0687838e-001
 8.8339038e-002
 7.9299502e-002
 8.1893250e-002
 8.3755665e-002
 1.0227873e-001
 1.2505299e-001
 1.2684293e-001
 1.7641212e-001
 2.5409058e-001
 2.8465420e-001
 2.9765189e-001
 2.9756939e-001
 2.9661530e-001
 2.8237599e-001
 2.7361596e-001
 2.4468037e-001
 1.9602139e-001
 1.4796500e-001
 1.6270933e-001
 2.0305984e-001
 2.2593459e-001
 2.3085013e-001
 2.0843187e-001
 1.6785522e-001
 1.2864730e-001
 1.1066585e-001
 9.7708665e-002
 8.5753955e-002
 7.8477524e-002
 7.5437993e-002
 7.5033300e-002
 7.5375706e-002
 7.4699357e-002
 7.1646623e-002
 6.7038789e-002
 6.2124129e-002
 5.8050979e-002
