s07_AV97 Record=516: Augite WS592 Pyroxene        NIC4cc RREF
-1.2300000e+034
-1.2300000e+034
-1.2300000e+034
-1.2300000e+034
-1.2300000e+034
-1.2300000e+034
-1.2300000e+034
-1.2300000e+034
-1.2300000e+034
-1.2300000e+034
-1.2300000e+034
-1.2300000e+034
-1.2300000e+034
-1.2300000e+034
-1.2300000e+034
-1.2300000e+034
-1.2300000e+034
-1.2300000e+034
-1.2300000e+034
-1.2300000e+034
-1.2300000e+034
-1.2300000e+034
-1.2300000e+034
-1.2300000e+034
-1.2300000e+034
-1.2300000e+034
-1.2300000e+034
-1.2300000e+034
-1.2300000e+034
-1.2300000e+034
-1.2300000e+034
-1.2300000e+034
-1.2300000e+034
-1.2300000e+034
-1.2300000e+034
-1.2300000e+034
-1.2300000e+034
-1.2300000e+034
-1.2300000e+034
-1.2300000e+034
-1.2300000e+034
-1.2300000e+034
-1.2300000e+034
-1.2300000e+034
-1.2300000e+034
-1.2300000e+034
-1.2300000e+034
-1.2300000e+034
-1.2300000e+034
-1.2300000e+034
-1.2300000e+034
-1.2300000e+034
-1.2300000e+034
-1.2300000e+034
-1.2300000e+034
-1.2300000e+034
-1.2300000e+034
-1.2300000e+034
-1.2300000e+034
-1.2300000e+034
-1.2300000e+034
-1.2300000e+034
-1.2300000e+034
-1.2300000e+034
-1.2300000e+034
-1.2300000e+034
-1.2300000e+034
-1.2300000e+034
-1.2300000e+034
-1.2300000e+034
-1.2300000e+034
-1.2300000e+034
-1.2300000e+034
-1.2300000e+034
-1.2300000e+034
-1.2300000e+034
-1.2300000e+034
-1.2300000e+034
-1.2300000e+034
-1.2300000e+034
-1.2300000e+034
-1.2300000e+034
-1.2300000e+034
-1.2300000e+034
-1.2300000e+034
-1.2300000e+034
-1.2300000e+034
-1.2300000e+034
-1.2300000e+034
-1.2300000e+034
-1.2300000e+034
-1.2300000e+034
-1.2300000e+034
-1.2300000e+034
-1.2300000e+034
-1.2300000e+034
-1.2300000e+034
-1.2300000e+034
-1.2300000e+034
-1.2300000e+034
-1.2300000e+034
-1.2300000e+034
-1.2300000e+034
-1.2300000e+034
-1.2300000e+034
-1.2300000e+034
-1.2300000e+034
-1.2300000e+034
-1.2300000e+034
-1.2300000e+034
-1.2300000e+034
-1.2300000e+034
-1.2300000e+034
-1.2300000e+034
-1.2300000e+034
-1.2300000e+034
-1.2300000e+034
-1.2300000e+034
-1.2300000e+034
-1.2300000e+034
 4.9318308e-001
 4.9684134e-001
 5.0043291e-001
 5.0349361e-001
 5.0654095e-001
 5.1003259e-001
 5.1369393e-001
 5.1742321e-001
 5.2074945e-001
 5.2350980e-001
 5.2576602e-001
 5.2818352e-001
 5.3080809e-001
 5.3333068e-001
 5.3561336e-001
 5.3739572e-001
 5.3859037e-001
 5.3945601e-001
 5.4039228e-001
 5.4130995e-001
 5.4214102e-001
 5.4255593e-001
 5.4256207e-001
 5.4235619e-001
 5.4162234e-001
 5.4097521e-001
 5.4031658e-001
 5.3943968e-001
 5.3838217e-001
 5.3695279e-001
 5.3520560e-001
 5.3315437e-001
 5.3075618e-001
 5.2837592e-001
 5.2582341e-001
 5.2318913e-001
 5.2092367e-001
 5.1816297e-001
 5.1386261e-001
 5.1022303e-001
 5.1151288e-001
 5.0626248e-001
 4.9921989e-001
 4.9438748e-001
 4.9233460e-001
 4.9089441e-001
 4.8892769e-001
 4.8668599e-001
 4.8367700e-001
 4.8031643e-001
 4.7699785e-001
 4.7375938e-001
 4.7058287e-001
 4.6766490e-001
 4.6494734e-001
 4.6205589e-001
 4.5911363e-001
 4.5598674e-001
 4.5259127e-001
 4.4891942e-001
 4.4528535e-001
 4.4165885e-001
 4.3826762e-001
 4.3531421e-001
 4.3169221e-001
 4.2782936e-001
 4.2392227e-001
 4.2066169e-001
 4.1738790e-001
 4.1427138e-001
 4.1105014e-001
 4.0801629e-001
 4.0513217e-001
 4.0245667e-001
 3.9962110e-001
 3.9661977e-001
 3.9346465e-001
 3.9084601e-001
 3.8839328e-001
 3.8576344e-001
 3.8312632e-001
 3.8054946e-001
 3.7854895e-001
 3.7684184e-001
 3.7571338e-001
 3.7551826e-001
 3.7581301e-001
 3.7641463e-001
 3.7679708e-001
 3.7693188e-001
 3.7698817e-001
 3.7697846e-001
 3.7772727e-001
 3.7876868e-001
 3.7976852e-001
 3.8085592e-001
 3.8199276e-001
 3.8353011e-001
 3.8518980e-001
 3.8678926e-001
 3.8890198e-001
 3.9062423e-001
 3.9241377e-001
 3.9412349e-001
