s07_AV97 Record=2925: Scolecite GDS7 Zeolite       NIC4bb RREF
-1.2300000e+034
-1.2300000e+034
-1.2300000e+034
-1.2300000e+034
-1.2300000e+034
-1.2300000e+034
-1.2300000e+034
-1.2300000e+034
-1.2300000e+034
-1.2300000e+034
-1.2300000e+034
-1.2300000e+034
-1.2300000e+034
-1.2300000e+034
-1.2300000e+034
-1.2300000e+034
-1.2300000e+034
-1.2300000e+034
-1.2300000e+034
-1.2300000e+034
-1.2300000e+034
-1.2300000e+034
-1.2300000e+034
-1.2300000e+034
-1.2300000e+034
-1.2300000e+034
-1.2300000e+034
-1.2300000e+034
-1.2300000e+034
-1.2300000e+034
-1.2300000e+034
-1.2300000e+034
-1.2300000e+034
-1.2300000e+034
-1.2300000e+034
-1.2300000e+034
-1.2300000e+034
-1.2300000e+034
-1.2300000e+034
-1.2300000e+034
-1.2300000e+034
-1.2300000e+034
-1.2300000e+034
-1.2300000e+034
-1.2300000e+034
-1.2300000e+034
-1.2300000e+034
-1.2300000e+034
-1.2300000e+034
-1.2300000e+034
-1.2300000e+034
-1.2300000e+034
-1.2300000e+034
-1.2300000e+034
-1.2300000e+034
-1.2300000e+034
-1.2300000e+034
-1.2300000e+034
-1.2300000e+034
-1.2300000e+034
-1.2300000e+034
-1.2300000e+034
-1.2300000e+034
-1.2300000e+034
-1.2300000e+034
-1.2300000e+034
-1.2300000e+034
-1.2300000e+034
-1.2300000e+034
-1.2300000e+034
-1.2300000e+034
-1.2300000e+034
-1.2300000e+034
-1.2300000e+034
-1.2300000e+034
-1.2300000e+034
-1.2300000e+034
-1.2300000e+034
-1.2300000e+034
-1.2300000e+034
-1.2300000e+034
-1.2300000e+034
-1.2300000e+034
-1.2300000e+034
-1.2300000e+034
-1.2300000e+034
-1.2300000e+034
-1.2300000e+034
-1.2300000e+034
-1.2300000e+034
-1.2300000e+034
-1.2300000e+034
-1.2300000e+034
-1.2300000e+034
-1.2300000e+034
-1.2300000e+034
-1.2300000e+034
-1.2300000e+034
-1.2300000e+034
-1.2300000e+034
-1.2300000e+034
-1.2300000e+034
-1.2300000e+034
-1.2300000e+034
-1.2300000e+034
-1.2300000e+034
-1.2300000e+034
-1.2300000e+034
-1.2300000e+034
-1.2300000e+034
-1.2300000e+034
-1.2300000e+034
-1.2300000e+034
 3.7558687e-001
 3.5647377e-001
 3.3990049e-001
 3.4389955e-001
 3.4915906e-001
 3.5668784e-001
 3.5391244e-001
 3.5965693e-001
 3.7238616e-001
 3.8079742e-001
 3.8487229e-001
 3.8617063e-001
 3.8708824e-001
 3.9032581e-001
 3.9330387e-001
 3.9469606e-001
 3.9483258e-001
 3.9548829e-001
 3.9724681e-001
 3.9894822e-001
 4.0076458e-001
 4.0258941e-001
 4.0561187e-001
 4.0982330e-001
 4.1407248e-001
 4.1825309e-001
 4.2221120e-001
 4.2579901e-001
 4.2840278e-001
 4.2874026e-001
 4.2667350e-001
 4.2540765e-001
 4.2706102e-001
 4.2961872e-001
 4.3302923e-001
 4.3554372e-001
 4.3759820e-001
 4.3965629e-001
 4.4161519e-001
 4.4331479e-001
 4.4492853e-001
 4.4538811e-001
 4.4504938e-001
 4.4358236e-001
 4.3802077e-001
 4.2568266e-001
 4.0547135e-001
 4.1290647e-001
 3.8525978e-001
 3.4538728e-001
 3.0315003e-001
 2.7257395e-001
 2.3754583e-001
 1.9942492e-001
 2.1083865e-001
 2.6218477e-001
 2.7597171e-001
 2.8023961e-001
 3.0375758e-001
 3.1931812e-001
 3.2354015e-001
 3.2647952e-001
 3.3159608e-001
 3.3784366e-001
 3.4470746e-001
 3.4711859e-001
 3.5406730e-001
 3.6826020e-001
 3.7860784e-001
 3.8518181e-001
 3.8946435e-001
 3.9123231e-001
 3.9007261e-001
 3.8726181e-001
 3.8418713e-001
 3.8138035e-001
 3.7907180e-001
 3.7836215e-001
 3.7865576e-001
 3.7935570e-001
 3.8058093e-001
 3.8205421e-001
 3.8396111e-001
 3.8542390e-001
 3.8644400e-001
 3.8676059e-001
 3.8604876e-001
 3.8435245e-001
 3.8167211e-001
 3.7760979e-001
 3.7308758e-001
 3.6783528e-001
 3.6025363e-001
 3.5027984e-001
 3.3789113e-001
 3.2327285e-001
 3.0573180e-001
 2.8483605e-001
 2.6133066e-001
 2.4149585e-001
 2.3187067e-001
 2.2747120e-001
 2.2157350e-001
 2.1486446e-001
 2.0809224e-001
 2.0214556e-001
 2.0005497e-001
 2.0116842e-001
 2.0200668e-001
 2.0115735e-001
 1.9793984e-001
