s07_AV97 Record=2631: Pitch_Limonite GDS104 Cu      BECKu AREF
 3.6078960e-002
 4.0992290e-002
 4.5912329e-002
 5.0647166e-002
 5.5089004e-002
 5.9898291e-002
 6.4767204e-002
 6.9635011e-002
 7.4206635e-002
 7.8106202e-002
 8.0935940e-002
 8.3698533e-002
 8.7425396e-002
 9.2087038e-002
 9.8372214e-002
 1.0724507e-001
 1.1794729e-001
 1.2968534e-001
 1.4133498e-001
 1.5348014e-001
 1.6516462e-001
 1.7500643e-001
 1.8199743e-001
 1.8543276e-001
 1.8509942e-001
 1.8075612e-001
 1.7444204e-001
 1.6678768e-001
 1.5894224e-001
 1.5125401e-001
 1.4445917e-001
 1.3919552e-001
 1.4552748e-001
 1.4018361e-001
 1.3504611e-001
 1.3168178e-001
 1.2842177e-001
 1.2683825e-001
 1.2581798e-001
 1.2548999e-001
 1.2600191e-001
 1.2677965e-001
 1.2816539e-001
 1.2964679e-001
 1.3173048e-001
 1.3364151e-001
 1.3586453e-001
 1.3864851e-001
 1.4068276e-001
 1.4311545e-001
 1.4546792e-001
 1.4685625e-001
 1.5084527e-001
 1.5492187e-001
 1.5678902e-001
 1.6002369e-001
 1.6439454e-001
 1.6707200e-001
 1.6899593e-001
 1.7491154e-001
 1.7946906e-001
 1.8299557e-001
 1.8716544e-001
 1.9495639e-001
 2.0045079e-001
 2.0671786e-001
 2.1142304e-001
 2.1819480e-001
 2.2409528e-001
 2.3021352e-001
 2.3711580e-001
 2.4379440e-001
 2.5082052e-001
 2.5774431e-001
 2.6376802e-001
 2.7047428e-001
 2.7718481e-001
 2.8525853e-001
 2.9115650e-001
 2.9832312e-001
 3.0665535e-001
 3.1351578e-001
 3.2127923e-001
 3.2845452e-001
 3.3552751e-001
 3.4249383e-001
 3.5149437e-001
 3.5971349e-001
 3.6713398e-001
 3.7477505e-001
 3.8223153e-001
 3.8980252e-001
 3.9792860e-001
 4.0490642e-001
 4.1326889e-001
 4.2069656e-001
 4.0881950e-001
 4.1681114e-001
 4.2504805e-001
 4.3275505e-001
 4.4061050e-001
 4.4767493e-001
 4.5304906e-001
 4.5943642e-001
 4.6595606e-001
 4.7008193e-001
 4.7425160e-001
 4.7863296e-001
 4.7891945e-001
 4.7263449e-001
 4.6193331e-001
 4.3816966e-001
 4.1201308e-001
 4.1975993e-001
 4.3420973e-001
 4.4643098e-001
 4.5513070e-001
 4.6226290e-001
 4.7117829e-001
 4.8237091e-001
 4.9340156e-001
 5.0238580e-001
 5.1242292e-001
 5.2128005e-001
 5.2865112e-001
 5.3548974e-001
 5.4215467e-001
 5.4819679e-001
 5.5448097e-001
 5.5885321e-001
 5.6423515e-001
 5.6797779e-001
 5.7263559e-001
 5.7526302e-001
 5.7710367e-001
 5.7997841e-001
 5.8348954e-001
 5.8513743e-001
 5.8446598e-001
 5.8732796e-001
 5.9080124e-001
 5.9352022e-001
 5.9043270e-001
 5.9046674e-001
 5.8983999e-001
 5.9136689e-001
 5.8732462e-001
 5.8585835e-001
 5.8183151e-001
 5.8400077e-001
 5.8227205e-001
 5.7935756e-001
 5.8000755e-001
 5.7849371e-001
 5.7860678e-001
 5.7742029e-001
 5.7006407e-001
 5.5410671e-001
 5.1761198e-001
 4.5524821e-001
 4.7721565e-001
 4.1066152e-001
 3.5216025e-001
 3.1148505e-001
 3.0528799e-001
 3.1623438e-001
 3.2875407e-001
 3.4060857e-001
 3.5217214e-001
 3.6682418e-001
 3.8009208e-001
 3.9386144e-001
 4.1085687e-001
 4.2730221e-001
 4.4230369e-001
 4.5375150e-001
 4.6474108e-001
 4.7489384e-001
 4.8075235e-001
 4.8613504e-001
 4.9285668e-001
 4.9607244e-001
 5.0314921e-001
 5.0683838e-001
 5.0680745e-001
 5.1282877e-001
 5.1667738e-001
 5.1601827e-001
 5.0910330e-001
 5.0182295e-001
 4.9490383e-001
 4.8591763e-001
 4.7891036e-001
 4.7065431e-001
 4.6007368e-001
 4.4681072e-001
 4.2154890e-001
 3.9363563e-001
 3.8096124e-001
 3.8111573e-001
 3.8634187e-001
 4.0067479e-001
 4.0722644e-001
 4.1021436e-001
 4.1248104e-001
 4.0679601e-001
 4.0428892e-001
 3.9747515e-001
 3.8816696e-001
 3.7596589e-001
 3.6264324e-001
 3.4984577e-001
 3.4149316e-001
 3.3422124e-001
 3.2677194e-001
 3.1940770e-001
 3.1210950e-001
 3.0478984e-001
 2.9817483e-001
 2.9082045e-001
 2.8355122e-001
 2.7665707e-001
 2.7046680e-001
 2.6516658e-001
