s07_AV97 Record=3115: Stilbite GDS8 Zeolite        NIC4bb RREF
-1.2300000e+034
-1.2300000e+034
-1.2300000e+034
-1.2300000e+034
-1.2300000e+034
-1.2300000e+034
-1.2300000e+034
-1.2300000e+034
-1.2300000e+034
-1.2300000e+034
-1.2300000e+034
-1.2300000e+034
-1.2300000e+034
-1.2300000e+034
-1.2300000e+034
-1.2300000e+034
-1.2300000e+034
-1.2300000e+034
-1.2300000e+034
-1.2300000e+034
-1.2300000e+034
-1.2300000e+034
-1.2300000e+034
-1.2300000e+034
-1.2300000e+034
-1.2300000e+034
-1.2300000e+034
-1.2300000e+034
-1.2300000e+034
-1.2300000e+034
-1.2300000e+034
-1.2300000e+034
-1.2300000e+034
-1.2300000e+034
-1.2300000e+034
-1.2300000e+034
-1.2300000e+034
-1.2300000e+034
-1.2300000e+034
-1.2300000e+034
-1.2300000e+034
-1.2300000e+034
-1.2300000e+034
-1.2300000e+034
-1.2300000e+034
-1.2300000e+034
-1.2300000e+034
-1.2300000e+034
-1.2300000e+034
-1.2300000e+034
-1.2300000e+034
-1.2300000e+034
-1.2300000e+034
-1.2300000e+034
-1.2300000e+034
-1.2300000e+034
-1.2300000e+034
-1.2300000e+034
-1.2300000e+034
-1.2300000e+034
-1.2300000e+034
-1.2300000e+034
-1.2300000e+034
-1.2300000e+034
-1.2300000e+034
-1.2300000e+034
-1.2300000e+034
-1.2300000e+034
-1.2300000e+034
-1.2300000e+034
-1.2300000e+034
-1.2300000e+034
-1.2300000e+034
-1.2300000e+034
-1.2300000e+034
-1.2300000e+034
-1.2300000e+034
-1.2300000e+034
-1.2300000e+034
-1.2300000e+034
-1.2300000e+034
-1.2300000e+034
-1.2300000e+034
-1.2300000e+034
-1.2300000e+034
-1.2300000e+034
-1.2300000e+034
-1.2300000e+034
-1.2300000e+034
-1.2300000e+034
-1.2300000e+034
-1.2300000e+034
-1.2300000e+034
-1.2300000e+034
-1.2300000e+034
-1.2300000e+034
-1.2300000e+034
-1.2300000e+034
-1.2300000e+034
-1.2300000e+034
-1.2300000e+034
-1.2300000e+034
-1.2300000e+034
-1.2300000e+034
-1.2300000e+034
-1.2300000e+034
-1.2300000e+034
-1.2300000e+034
-1.2300000e+034
-1.2300000e+034
-1.2300000e+034
-1.2300000e+034
-1.2300000e+034
-1.2300000e+034
-1.2300000e+034
-1.2300000e+034
-1.2300000e+034
-1.2300000e+034
-1.2300000e+034
-1.2300000e+034
-1.2300000e+034
-1.2300000e+034
-1.2300000e+034
-1.2300000e+034
 3.1599995e-001
 3.2511589e-001
 3.3618233e-001
 3.4708750e-001
 3.5735324e-001
 3.6738405e-001
 3.7667382e-001
 3.8525543e-001
 3.9319634e-001
 4.0036306e-001
 4.0678722e-001
 4.1274306e-001
 4.1829598e-001
 4.2368558e-001
 4.2868912e-001
 4.3304172e-001
 4.3642277e-001
 4.3834656e-001
 4.3875983e-001
 4.3808165e-001
 4.3702134e-001
 4.3671542e-001
 4.3728656e-001
 4.3855003e-001
 4.3998981e-001
 4.4091815e-001
 4.4138575e-001
 4.4176161e-001
 4.4201002e-001
 4.4219592e-001
 4.4148722e-001
 4.3878570e-001
 4.3248352e-001
 4.2089963e-001
 4.0081683e-001
 3.6535987e-001
 3.7865666e-001
 3.2855612e-001
 2.6202238e-001
 2.1425799e-001
 2.0663707e-001
 2.2420456e-001
 2.4748287e-001
 2.6625773e-001
 2.8023303e-001
 2.9169664e-001
 3.0305848e-001
 3.1571975e-001
 3.3008087e-001
 3.4509522e-001
 3.5941243e-001
 3.7197682e-001
 3.8203773e-001
 3.8954309e-001
 3.9491737e-001
 3.9840761e-001
 4.0131676e-001
 4.0465754e-001
 4.0840173e-001
 4.1259456e-001
 4.1651502e-001
 4.2010692e-001
 4.2320380e-001
 4.2571819e-001
 4.2776904e-001
 4.2909321e-001
 4.2989418e-001
 4.3043488e-001
 4.3083772e-001
 4.3115389e-001
 4.3146312e-001
 4.3189710e-001
 4.3194777e-001
 4.3155590e-001
 4.3038991e-001
 4.2861909e-001
 4.2589247e-001
 4.2116123e-001
 4.1524792e-001
 4.0808758e-001
 3.9946207e-001
 3.8924342e-001
 3.7701645e-001
 3.6309844e-001
 3.4746149e-001
 3.3083016e-001
 3.1385872e-001
 2.9801944e-001
 2.8365493e-001
 2.7136105e-001
 2.6135901e-001
 2.5383255e-001
 2.4808571e-001
 2.4369706e-001
 2.4000216e-001
 2.3624188e-001
 2.3194388e-001
 2.2698602e-001
 2.2185384e-001
 2.1634150e-001
