s07_AV97 Record=1961: Magnetite HS195.1B           ASDFRb AREF
 5.1312849e-002
 5.1511638e-002
 5.1197026e-002
 5.0953083e-002
 5.0436556e-002
 5.0136574e-002
 4.9656808e-002
 4.9032327e-002
 4.8352778e-002
 4.7828924e-002
 4.7468435e-002
 4.7198437e-002
 4.7002707e-002
 4.6773404e-002
 4.6551842e-002
 4.6310212e-002
 4.6123687e-002
 4.6000052e-002
 4.5931749e-002
 4.5874696e-002
 4.5856580e-002
 4.5832593e-002
 4.5800891e-002
 4.5829710e-002
 4.5778289e-002
 4.5832455e-002
 4.5790780e-002
 4.5788653e-002
 4.5728732e-002
 4.5658037e-002
 4.5537863e-002
 4.5378078e-002
 4.5561895e-002
 4.5407951e-002
 4.5238733e-002
 4.5030467e-002
 4.4803493e-002
 4.4570260e-002
 4.4303823e-002
 4.4014934e-002
 4.3698635e-002
 4.3379363e-002
 4.3030564e-002
 4.2668145e-002
 4.2282313e-002
 4.1890759e-002
 4.1482199e-002
 4.1071218e-002
 4.0674217e-002
 4.0256273e-002
 3.9862081e-002
 3.9469287e-002
 3.9092064e-002
 3.8742449e-002
 3.8402829e-002
 3.8078267e-002
 3.7767362e-002
 3.7484072e-002
 3.7213068e-002
 3.6951613e-002
 3.6715493e-002
 3.6495566e-002
 3.6285777e-002
 3.6118668e-002
 3.5933830e-002
 3.5828087e-002
 3.5641741e-002
 3.5743158e-002
 3.5357948e-002
 3.5825431e-002
 3.5572819e-002
 3.5339072e-002
 3.5380010e-002
 3.5412803e-002
 3.5385989e-002
 3.5369072e-002
 3.5448786e-002
 3.5548639e-002
 3.5452027e-002
 3.5561532e-002
 3.5703044e-002
 3.5845067e-002
 3.5936199e-002
 3.6162559e-002
 3.6271807e-002
 3.6404822e-002
 3.6533043e-002
 3.6764517e-002
 3.6950883e-002
 3.7164766e-002
 3.7367623e-002
 3.7623283e-002
 3.7786629e-002
 3.8100988e-002
 3.8256623e-002
 3.8523789e-002
 3.8178068e-002
 3.8413215e-002
 3.8661573e-002
 3.8890854e-002
 3.9147481e-002
 3.9449200e-002
 3.9701074e-002
 4.0011484e-002
 4.0254120e-002
 4.0553574e-002
 4.0803209e-002
 4.1105390e-002
 4.1345950e-002
 4.1681066e-002
 4.1950233e-002
 4.2243019e-002
 4.2499904e-002
 4.2811707e-002
 4.3103561e-002
 4.3371629e-002
 4.3623660e-002
 4.3911722e-002
 4.4180173e-002
 4.4460911e-002
 4.4741925e-002
 4.4991709e-002
 4.5271888e-002
 4.5575481e-002
 4.5841891e-002
 4.6113573e-002
 4.6393719e-002
 4.6654988e-002
 4.6935137e-002
 4.7178362e-002
 4.7443558e-002
 4.7718342e-002
 4.7984295e-002
 4.8214849e-002
 4.8489209e-002
 4.8723154e-002
 4.8963550e-002
 4.9216878e-002
 4.9478937e-002
 4.9733408e-002
 4.9957708e-002
 5.0228711e-002
 5.0499696e-002
 5.0728090e-002
 5.0916895e-002
 5.1104240e-002
 5.1330019e-002
 5.1521052e-002
 5.1718321e-002
 5.1939663e-002
 5.2159965e-002
 5.2315921e-002
 5.2496880e-002
 5.2661952e-002
 5.2855182e-002
 5.3084299e-002
 5.3247113e-002
 5.3404301e-002
 5.3594101e-002
 5.3797331e-002
 5.3755529e-002
 5.3866513e-002
 5.4084472e-002
 5.4238517e-002
 5.4375727e-002
 5.4472964e-002
 5.4703072e-002
 5.4887217e-002
 5.4999411e-002
 5.5107761e-002
 5.5268854e-002
 5.5400718e-002
 5.5563834e-002
 5.5786613e-002
 5.5943593e-002
 5.6057625e-002
 5.6229163e-002
 5.6460828e-002
 5.6690261e-002
 5.6796078e-002
 5.7078198e-002
 5.7124153e-002
 5.7314761e-002
 5.7425849e-002
 5.7565589e-002
 5.7635374e-002
 5.7711393e-002
 5.7847764e-002
 5.7973776e-002
 5.8125939e-002
 5.8205310e-002
 5.8365218e-002
 5.8555417e-002
 5.8654666e-002
 5.8647104e-002
 5.8876779e-002
 5.9014890e-002
 5.9098613e-002
 5.9122670e-002
 5.9299994e-002
 5.9377786e-002
 5.9513897e-002
 5.9580818e-002
 5.9741747e-002
 5.9851706e-002
 5.9960969e-002
 6.0031477e-002
 6.0186997e-002
 6.0181070e-002
 6.0269516e-002
 6.0323529e-002
 6.0247011e-002
 6.0528066e-002
 6.0471434e-002
 6.0279787e-002
 6.0247295e-002
 6.0242794e-002
 6.0747709e-002
 6.0465574e-002
 5.9722897e-002
 6.0656834e-002
 5.9388734e-002
 6.0742129e-002
-1.2300000e+034
