s07_AV97 Record=2128: Monticellite HS339.3B        ASDFRc AREF
 2.5681192e-001
 2.6336032e-001
 2.6836336e-001
 2.7652022e-001
 2.8527150e-001
 2.9273659e-001
 2.9777092e-001
 3.0025771e-001
 3.0041498e-001
 2.9901004e-001
 2.9969209e-001
 3.0250850e-001
 3.0638558e-001
 3.0904087e-001
 3.1027859e-001
 3.1053495e-001
 3.1036308e-001
 3.1011179e-001
 3.0990306e-001
 3.0976787e-001
 3.0981407e-001
 3.0986828e-001
 3.0999276e-001
 3.0997187e-001
 3.0988550e-001
 3.0976716e-001
 3.0931494e-001
 3.0906960e-001
 3.0897689e-001
 3.0912775e-001
 3.0946624e-001
 3.1004754e-001
 3.0938318e-001
 3.0993742e-001
 3.1044868e-001
 3.1122291e-001
 3.1206381e-001
 3.1293166e-001
 3.1366628e-001
 3.1427509e-001
 3.1479499e-001
 3.1515321e-001
 3.1544998e-001
 3.1559137e-001
 3.1543437e-001
 3.1506032e-001
 3.1444150e-001
 3.1357086e-001
 3.1246167e-001
 3.1100243e-001
 3.0932984e-001
 3.0749360e-001
 3.0553561e-001
 3.0336934e-001
 3.0130252e-001
 2.9920891e-001
 2.9724163e-001
 2.9537913e-001
 2.9374793e-001
 2.9247776e-001
 2.9150254e-001
 2.9107061e-001
 2.9081225e-001
 2.9117030e-001
 2.9188216e-001
 2.9292044e-001
 2.9427618e-001
 2.9580536e-001
 2.9728118e-001
 2.9910839e-001
 3.0139020e-001
 3.0305085e-001
 3.0459559e-001
 3.0579391e-001
 3.0664408e-001
 3.0798629e-001
 3.0876145e-001
 3.0951867e-001
 3.1019804e-001
 3.1046629e-001
 3.1061694e-001
 3.1067759e-001
 3.1099048e-001
 3.1129810e-001
 3.1170613e-001
 3.1189379e-001
 3.1210908e-001
 3.1264904e-001
 3.1319830e-001
 3.1363499e-001
 3.1433409e-001
 3.1518114e-001
 3.1566232e-001
 3.1647393e-001
 3.1711948e-001
 3.1770533e-001
 3.1665400e-001
 3.1749341e-001
 3.1815571e-001
 3.1868181e-001
 3.1939888e-001
 3.1992677e-001
 3.2065570e-001
 3.2147437e-001
 3.2206157e-001
 3.2268462e-001
 3.2317233e-001
 3.2360867e-001
 3.2379857e-001
 3.2304209e-001
 3.2167426e-001
 3.2224131e-001
 3.2397854e-001
 3.2524002e-001
 3.2648504e-001
 3.2750168e-001
 3.2817769e-001
 3.2837701e-001
 3.2898059e-001
 3.2915452e-001
 3.2905290e-001
 3.2926208e-001
 3.2914382e-001
 3.2901201e-001
 3.2885209e-001
 3.2867631e-001
 3.2813764e-001
 3.2789966e-001
 3.2738775e-001
 3.2661727e-001
 3.2585898e-001
 3.2515740e-001
 3.2422483e-001
 3.2316551e-001
 3.2240510e-001
 3.2143936e-001
 3.2021573e-001
 3.1916180e-001
 3.1812939e-001
 3.1705016e-001
 3.1556165e-001
 3.1451991e-001
 3.1347141e-001
 3.1198940e-001
 3.1064683e-001
 3.0939651e-001
 3.0802852e-001
 3.0672777e-001
 3.0602437e-001
 3.0500445e-001
 3.0408320e-001
 3.0344048e-001
 3.0223027e-001
 3.0141321e-001
 3.0081838e-001
 2.9981187e-001
 2.9905295e-001
 2.9880017e-001
 2.9825354e-001
 2.9815027e-001
 2.9827103e-001
 2.9786271e-001
 2.9686710e-001
 2.9580370e-001
 2.9513890e-001
 2.9495084e-001
 2.9478586e-001
 2.9460499e-001
 2.9442009e-001
 2.9451934e-001
 2.9500908e-001
 2.9601476e-001
 2.9686123e-001
 2.9769477e-001
 2.9819009e-001
 2.9928821e-001
 3.0020821e-001
 3.0109572e-001
 3.0188531e-001
 3.0274203e-001
 3.0359474e-001
 3.0456790e-001
 3.0546543e-001
 3.0591479e-001
 3.0682734e-001
 3.0744559e-001
 3.0807549e-001
 3.0844969e-001
 3.0923620e-001
 3.0951777e-001
 3.0901250e-001
 3.0938047e-001
 3.0986577e-001
 3.1042925e-001
 3.1056848e-001
 3.1050420e-001
 3.1052184e-001
 3.1081462e-001
 3.1169575e-001
 3.1319743e-001
 3.1394020e-001
 3.1504223e-001
 3.1550130e-001
 3.1580272e-001
 3.1605345e-001
 3.1739262e-001
 3.1752294e-001
 3.1848267e-001
 3.1900054e-001
 3.1901315e-001
 3.1940141e-001
 3.1956992e-001
 3.1996438e-001
 3.1997159e-001
 3.1959239e-001
 3.1809902e-001
 3.1671071e-001
 3.1498000e-001
 3.1455496e-001
 3.1325552e-001
 3.1294271e-001
 3.1126738e-001
 3.1150290e-001
-1.2300000e+034
