s07_AV97 Record=2947: Sepiolite SepSp-1             BECKb AREF
 3.6027074e-001
 3.7097412e-001
 3.8070747e-001
 3.8925308e-001
 3.9646375e-001
 4.0295625e-001
 4.0948388e-001
 4.1796318e-001
 4.2593187e-001
 4.3470302e-001
 4.4419762e-001
 4.5302114e-001
 4.6140635e-001
 4.7101226e-001
 4.8162204e-001
 4.9225298e-001
 5.0291777e-001
 5.1371926e-001
 5.2382207e-001
 5.3373122e-001
 5.4368871e-001
 5.5491084e-001
 5.6611538e-001
 5.7690960e-001
 5.8793175e-001
 5.9882456e-001
 6.0952872e-001
 6.1978191e-001
 6.2987679e-001
 6.4040416e-001
 6.4980799e-001
 6.5923828e-001
 6.4828116e-001
 6.5741622e-001
 6.6613317e-001
 6.7517346e-001
 6.8375933e-001
 6.9214904e-001
 6.9924545e-001
 7.0680791e-001
 7.1389502e-001
 7.2095752e-001
 7.2837675e-001
 7.3414195e-001
 7.4133015e-001
 7.4753559e-001
 7.5131190e-001
 7.5902039e-001
 7.6493287e-001
 7.6899028e-001
 7.7226573e-001
 7.7884644e-001
 7.8028768e-001
 7.8333139e-001
 7.8492320e-001
 7.8407496e-001
 7.9295880e-001
 7.9648328e-001
 7.9830211e-001
 7.9948521e-001
 7.9999381e-001
 8.0225801e-001
 8.0146867e-001
 8.0385113e-001
 8.0609483e-001
 8.0560243e-001
 8.1395161e-001
 8.1763041e-001
 8.1947213e-001
 8.2470459e-001
 8.2763720e-001
 8.2994455e-001
 8.3022916e-001
 8.3333039e-001
 8.3676863e-001
 8.3735347e-001
 8.3871549e-001
 8.4031898e-001
 8.3971983e-001
 8.3980912e-001
 8.3915883e-001
 8.3853263e-001
 8.3024132e-001
 8.2337713e-001
 8.2428139e-001
 8.2967508e-001
 8.3360857e-001
 8.3727986e-001
 8.3811325e-001
 8.4056562e-001
 8.4274125e-001
 8.4238029e-001
 8.4480613e-001
 8.4678054e-001
 8.4721911e-001
 8.4570831e-001
 8.4755427e-001
 8.4632564e-001
 8.4621131e-001
 8.4651995e-001
 8.4485799e-001
 8.4184563e-001
 8.3670807e-001
 8.2683593e-001
 8.1672192e-001
 8.0737776e-001
 7.9942000e-001
 7.8498781e-001
 7.4360639e-001
 6.5574819e-001
 6.4688629e-001
 6.0776126e-001
 5.7319874e-001
 5.8296776e-001
 5.9684670e-001
 6.0647613e-001
 6.2207282e-001
 6.2960285e-001
 6.4144826e-001
 6.6993076e-001
 6.9176972e-001
 7.0604998e-001
 7.1689457e-001
 7.2765446e-001
 7.3625535e-001
 7.4475509e-001
 7.4931234e-001
 7.5462347e-001
 7.6018471e-001
 7.6386434e-001
 7.6687986e-001
 7.7159482e-001
 7.7363253e-001
 7.7571052e-001
 7.7777839e-001
 7.7887404e-001
 7.8152889e-001
 7.8312284e-001
 7.8293943e-001
 7.8255188e-001
 7.8300190e-001
 7.7906615e-001
 7.7276433e-001
 7.6855087e-001
 7.6375431e-001
 7.6612973e-001
 7.6129591e-001
 7.4965173e-001
 7.4126667e-001
 7.3479229e-001
 7.2937840e-001
 7.2541517e-001
 7.2728235e-001
 7.2417223e-001
 7.2073931e-001
 7.1146220e-001
 6.9674993e-001
 6.7170322e-001
 6.0850543e-001
 5.1828986e-001
 5.4919213e-001
 4.3936592e-001
 3.2830217e-001
 2.8028870e-001
 2.9136887e-001
 3.4787577e-001
 4.1370201e-001
 4.4107822e-001
 4.4430485e-001
 4.5110241e-001
 4.5930332e-001
 4.7337717e-001
 4.9289915e-001
 5.1667029e-001
 5.3972822e-001
 5.5500454e-001
 5.6859052e-001
 5.7694727e-001
 5.8233863e-001
 5.8790785e-001
 5.9461594e-001
 5.9640998e-001
 6.0223645e-001
 6.1264402e-001
 6.1783266e-001
 6.2196088e-001
 6.2268722e-001
 6.2242121e-001
 6.1779809e-001
 6.1167383e-001
 6.0052103e-001
 5.9685796e-001
 5.9941238e-001
 5.8757186e-001
 5.8608794e-001
 5.8405352e-001
 5.8051103e-001
 5.7688808e-001
 5.6571382e-001
 5.5407953e-001
 5.2878648e-001
 4.8456448e-001
 4.5449263e-001
 4.2172581e-001
 4.1537017e-001
 4.5979986e-001
 4.6781775e-001
 4.5219564e-001
 4.3683079e-001
 4.1983032e-001
 3.8388741e-001
 3.6622474e-001
 3.6049485e-001
 3.5613850e-001
 3.5036343e-001
 3.4399462e-001
 3.3782390e-001
 3.3245608e-001
 3.2768968e-001
 3.2114610e-001
 3.1238878e-001
 3.0203900e-001
 2.9102913e-001
 2.8036159e-001
