s07_AV97 Record=2810: Quartz HS32.4B                BECKa AREF
 6.6253436e-001
 6.7254770e-001
 6.8216330e-001
 6.8992221e-001
 6.9710678e-001
 7.0370024e-001
 7.1027809e-001
 7.1467453e-001
 7.1856105e-001
 7.2590119e-001
 7.2985530e-001
 7.3410243e-001
 7.3831242e-001
 7.4136031e-001
 7.4319643e-001
 7.4655938e-001
 7.4820143e-001
 7.5163108e-001
 7.5275546e-001
 7.5465399e-001
 7.5637746e-001
 7.5802207e-001
 7.6031166e-001
 7.6156664e-001
 7.6190865e-001
 7.6444578e-001
 7.6453310e-001
 7.6570970e-001
 7.6707000e-001
 7.6845700e-001
 7.6977152e-001
 7.7181363e-001
 7.6934236e-001
 7.7134758e-001
 7.7371085e-001
 7.7516055e-001
 7.7523893e-001
 7.7679998e-001
 7.7701384e-001
 7.8024912e-001
 7.8197402e-001
 7.8221643e-001
 7.8383738e-001
 7.8560466e-001
 7.8817350e-001
 7.8955066e-001
 7.8755009e-001
 7.9149967e-001
 7.9152119e-001
 7.9242915e-001
 7.9206371e-001
 7.8914666e-001
 7.9251683e-001
 7.9393995e-001
 7.9173869e-001
 7.9454416e-001
 7.9690450e-001
 7.9282188e-001
 7.9396319e-001
 7.9321051e-001
 7.9200208e-001
 7.9020262e-001
 7.9225630e-001
 7.9442728e-001
 7.9003978e-001
 7.9330748e-001
 7.9020828e-001
 7.9464829e-001
 7.9273576e-001
 7.9170001e-001
 7.9436964e-001
 7.9398841e-001
 7.9297847e-001
 7.9406047e-001
 7.9425681e-001
 7.9352164e-001
 7.9207307e-001
 7.9563981e-001
 7.9672575e-001
 7.9611701e-001
 7.9503691e-001
 7.9719126e-001
 7.9603463e-001
 7.9706258e-001
 7.9628795e-001
 7.9585338e-001
 7.9623657e-001
 7.9601240e-001
 7.9488862e-001
 7.9611492e-001
 7.9718482e-001
 7.9525959e-001
 7.9801816e-001
 7.9775864e-001
 7.9759395e-001
 7.9787952e-001
 7.9690641e-001
 7.9774529e-001
 7.9822206e-001
 7.9730195e-001
 7.9758811e-001
 7.9730082e-001
 7.9791141e-001
 7.9723442e-001
 7.9670459e-001
 7.9748863e-001
 7.9830444e-001
 7.9649234e-001
 7.9829490e-001
 7.9755718e-001
 7.9782963e-001
 7.9684436e-001
 7.9753304e-001
 7.9727679e-001
 7.9800290e-001
 7.9749084e-001
 7.9759955e-001
 7.9703283e-001
 7.9776496e-001
 7.9771864e-001
 7.9834670e-001
 7.9970717e-001
 7.9656917e-001
 7.9857504e-001
 8.0049956e-001
 8.0201727e-001
 8.0013555e-001
 8.0225277e-001
 8.0154568e-001
 8.0000961e-001
 8.0205989e-001
 8.0277574e-001
 8.0348545e-001
 8.0163813e-001
 8.0282438e-001
 8.0588865e-001
 8.0297524e-001
 8.0283374e-001
 8.0452788e-001
 8.0497032e-001
 8.0394536e-001
 8.0516410e-001
 8.0516320e-001
 8.0494916e-001
 8.0543751e-001
 8.0422312e-001
 8.0410200e-001
 8.0448145e-001
 8.0781645e-001
 8.0731046e-001
 8.0514562e-001
 8.0529851e-001
 8.0490714e-001
 8.0437952e-001
 8.0619538e-001
 8.0483973e-001
 8.0637902e-001
 8.0730879e-001
 8.0431807e-001
 8.0074096e-001
 8.0172372e-001
 8.0223167e-001
 8.0081689e-001
 7.9597294e-001
 8.0124652e-001
 7.9654622e-001
 7.9438919e-001
 7.9743403e-001
 7.9812801e-001
 8.0307502e-001
 8.0082458e-001
 8.0199814e-001
 8.0379480e-001
 8.0671054e-001
 8.0477172e-001
 8.0303782e-001
 8.0452293e-001
 8.0650878e-001
 8.0620110e-001
 8.1007391e-001
 8.0915177e-001
 8.1280845e-001
 8.1136101e-001
 8.1183600e-001
 8.1362635e-001
 8.1427652e-001
 8.1293029e-001
 8.1248349e-001
 8.1270432e-001
 8.1148344e-001
 8.0852741e-001
 8.0455548e-001
 8.0731905e-001
 8.0475682e-001
 8.0801201e-001
 8.0580038e-001
 8.0600607e-001
 8.0671173e-001
 8.0540341e-001
 8.0413324e-001
 8.0677658e-001
 8.0367583e-001
 8.0753917e-001
 8.1180829e-001
 8.1076711e-001
 8.1146145e-001
 8.0859745e-001
 8.1171739e-001
 8.0843580e-001
 8.0601746e-001
 8.0913073e-001
 8.1095880e-001
 8.1088465e-001
 8.0981427e-001
 8.0786872e-001
 8.0500758e-001
 8.0234921e-001
 8.0116057e-001
 8.0131686e-001
 8.0221462e-001
 8.0324012e-001
 8.0386573e-001
 8.0359006e-001
 8.0215538e-001
