s07_AV97 Record=2152: Montmorillonite CM27          BECKb AREF
 4.2555302e-001
 4.5956635e-001
 4.9424687e-001
 5.1967943e-001
 5.3674167e-001
 5.5647343e-001
 5.7861072e-001
 5.9897953e-001
 6.2112677e-001
 6.3428241e-001
 6.4718473e-001
 6.6219956e-001
 6.7506081e-001
 6.8903250e-001
 7.0135796e-001
 7.1339166e-001
 7.2450495e-001
 7.3367894e-001
 7.3934430e-001
 7.4479127e-001
 7.4833310e-001
 7.5164449e-001
 7.5522268e-001
 7.5719297e-001
 7.5955075e-001
 7.6001775e-001
 7.6094472e-001
 7.6155180e-001
 7.6416576e-001
 7.6567590e-001
 7.6768374e-001
 7.7017301e-001
 7.6725107e-001
 7.6960254e-001
 7.7158153e-001
 7.7413565e-001
 7.7472639e-001
 7.7644020e-001
 7.7698010e-001
 7.7757710e-001
 7.7770603e-001
 7.7857161e-001
 7.8031051e-001
 7.7897716e-001
 7.8036129e-001
 7.8014171e-001
 7.7890807e-001
 7.7772373e-001
 7.7716970e-001
 7.7486497e-001
 7.7222288e-001
 7.7505207e-001
 7.6940048e-001
 7.6760554e-001
 7.6773393e-001
 7.5968337e-001
 7.6178783e-001
 7.5499403e-001
 7.5245869e-001
 7.5820917e-001
 7.5373375e-001
 7.5196004e-001
 7.4821258e-001
 7.4570024e-001
 7.4656737e-001
 7.5067067e-001
 7.5433439e-001
 7.5629342e-001
 7.5634891e-001
 7.5988722e-001
 7.6064169e-001
 7.6084244e-001
 7.5937462e-001
 7.5955021e-001
 7.6304036e-001
 7.5881785e-001
 7.5955009e-001
 7.6093674e-001
 7.6046205e-001
 7.6257336e-001
 7.6097411e-001
 7.6047552e-001
 7.5596601e-001
 7.5337702e-001
 7.5424933e-001
 7.5728214e-001
 7.6095998e-001
 7.6142907e-001
 7.6072925e-001
 7.6226884e-001
 7.6440799e-001
 7.6633328e-001
 7.6598769e-001
 7.6635969e-001
 7.6718390e-001
 7.6910245e-001
 7.6700926e-001
 7.6742744e-001
 7.6945841e-001
 7.6729178e-001
 7.6594627e-001
 7.6343304e-001
 7.6099879e-001
 7.5549072e-001
 7.5248128e-001
 7.4798566e-001
 7.4380118e-001
 7.3394901e-001
 7.1194154e-001
 6.7032939e-001
 6.1228740e-001
 5.5582219e-001
 5.4029191e-001
 5.8060551e-001
 6.2747556e-001
 6.5669984e-001
 6.6743332e-001
 6.6999459e-001
 6.8304664e-001
 7.0016348e-001
 7.1251816e-001
 7.2117871e-001
 7.2682148e-001
 7.3200637e-001
 7.3993832e-001
 7.4447125e-001
 7.4783850e-001
 7.5132722e-001
 7.5270426e-001
 7.5460076e-001
 7.5613964e-001
 7.6021367e-001
 7.6027226e-001
 7.6255554e-001
 7.6416975e-001
 7.6625246e-001
 7.6660919e-001
 7.6890630e-001
 7.6496929e-001
 7.6247054e-001
 7.6540512e-001
 7.6164329e-001
 7.5828934e-001
 7.5862324e-001
 7.5418675e-001
 7.4829632e-001
 7.4577397e-001
 7.3729354e-001
 7.3375225e-001
 7.3054397e-001
 7.2595978e-001
 7.2350860e-001
 7.2246760e-001
 7.1837473e-001
 7.1172637e-001
 7.0798695e-001
 6.9811517e-001
 6.7756313e-001
 6.3264549e-001
 5.6459457e-001
 5.8884066e-001
 4.9504787e-001
 3.9709434e-001
 3.7182176e-001
 4.0221760e-001
 4.5390716e-001
 4.8975292e-001
 4.9893832e-001
 5.0910795e-001
 5.2335948e-001
 5.3832209e-001
 5.5233216e-001
 5.6404632e-001
 5.8071554e-001
 5.9861624e-001
 6.0863358e-001
 6.1627585e-001
 6.2266296e-001
 6.2646717e-001
 6.2273163e-001
 6.2222701e-001
 6.1774224e-001
 6.1881220e-001
 6.2262309e-001
 6.2367719e-001
 6.2448621e-001
 6.2001401e-001
 6.0913414e-001
 5.8367234e-001
 5.4523301e-001
 5.0785834e-001
 4.7408229e-001
 4.4659898e-001
 4.4286677e-001
 4.6715596e-001
 4.9091300e-001
 5.0807893e-001
 5.3093773e-001
 5.4689801e-001
 5.5316859e-001
 5.4931164e-001
 5.2977312e-001
 5.1872236e-001
 4.9994999e-001
 4.9300584e-001
 4.8474610e-001
 4.6930483e-001
 4.5735472e-001
 4.4529161e-001
 4.3736684e-001
 4.2653134e-001
 4.1640043e-001
 4.0635201e-001
 3.9831495e-001
 3.9110273e-001
 3.8242334e-001
 3.7296227e-001
 3.6412781e-001
 3.5732263e-001
 3.5140216e-001
 3.4722751e-001
 3.4366474e-001
 3.3934841e-001
 3.3351117e-001
