s07_AV97 Record=890: Clinochlore_Fe GDS157        NIC4aa RREF
-1.2300000e+034
-1.2300000e+034
-1.2300000e+034
-1.2300000e+034
-1.2300000e+034
-1.2300000e+034
-1.2300000e+034
-1.2300000e+034
-1.2300000e+034
-1.2300000e+034
-1.2300000e+034
-1.2300000e+034
-1.2300000e+034
-1.2300000e+034
-1.2300000e+034
-1.2300000e+034
-1.2300000e+034
-1.2300000e+034
-1.2300000e+034
-1.2300000e+034
-1.2300000e+034
-1.2300000e+034
-1.2300000e+034
-1.2300000e+034
-1.2300000e+034
-1.2300000e+034
-1.2300000e+034
-1.2300000e+034
-1.2300000e+034
-1.2300000e+034
-1.2300000e+034
-1.2300000e+034
-1.2300000e+034
-1.2300000e+034
-1.2300000e+034
-1.2300000e+034
-1.2300000e+034
-1.2300000e+034
-1.2300000e+034
-1.2300000e+034
-1.2300000e+034
-1.2300000e+034
-1.2300000e+034
-1.2300000e+034
-1.2300000e+034
-1.2300000e+034
-1.2300000e+034
-1.2300000e+034
-1.2300000e+034
-1.2300000e+034
-1.2300000e+034
-1.2300000e+034
-1.2300000e+034
-1.2300000e+034
-1.2300000e+034
-1.2300000e+034
-1.2300000e+034
-1.2300000e+034
-1.2300000e+034
-1.2300000e+034
-1.2300000e+034
-1.2300000e+034
-1.2300000e+034
-1.2300000e+034
-1.2300000e+034
-1.2300000e+034
-1.2300000e+034
-1.2300000e+034
-1.2300000e+034
-1.2300000e+034
-1.2300000e+034
-1.2300000e+034
-1.2300000e+034
-1.2300000e+034
-1.2300000e+034
-1.2300000e+034
-1.2300000e+034
-1.2300000e+034
-1.2300000e+034
-1.2300000e+034
-1.2300000e+034
-1.2300000e+034
-1.2300000e+034
-1.2300000e+034
-1.2300000e+034
-1.2300000e+034
-1.2300000e+034
-1.2300000e+034
-1.2300000e+034
-1.2300000e+034
-1.2300000e+034
-1.2300000e+034
-1.2300000e+034
-1.2300000e+034
-1.2300000e+034
-1.2300000e+034
-1.2300000e+034
-1.2300000e+034
-1.2300000e+034
-1.2300000e+034
-1.2300000e+034
-1.2300000e+034
-1.2300000e+034
-1.2300000e+034
-1.2300000e+034
-1.2300000e+034
-1.2300000e+034
-1.2300000e+034
-1.2300000e+034
-1.2300000e+034
-1.2300000e+034
-1.2300000e+034
-1.2300000e+034
-1.2300000e+034
-1.2300000e+034
-1.2300000e+034
-1.2300000e+034
-1.2300000e+034
-1.2300000e+034
-1.2300000e+034
-1.2300000e+034
-1.2300000e+034
-1.2300000e+034
-1.2300000e+034
-1.2300000e+034
-1.2300000e+034
-1.2300000e+034
-1.2300000e+034
-1.2300000e+034
-1.2300000e+034
 2.5611043e-001
 2.6099876e-001
 2.6659182e-001
 2.7187300e-001
 2.7574247e-001
 2.7973747e-001
 2.8386027e-001
 2.8801572e-001
 2.9218549e-001
 2.9675028e-001
 3.0068678e-001
 3.0474606e-001
 3.0775750e-001
 3.1096086e-001
 3.1443238e-001
 3.1797013e-001
 3.2112670e-001
 3.2472327e-001
 3.2805303e-001
 3.3109552e-001
 3.3411384e-001
 3.3672297e-001
 3.3932120e-001
 3.4165767e-001
 3.4393412e-001
 3.4645149e-001
 3.4852368e-001
 3.5075104e-001
 3.5181725e-001
 3.5427532e-001
 3.5343584e-001
 3.5588518e-001
 3.5858077e-001
 3.6170468e-001
 3.6465645e-001
 3.6733800e-001
 3.6932856e-001
 3.7032023e-001
 3.7126711e-001
 3.7252495e-001
 3.7244058e-001
 3.7239665e-001
 3.7332091e-001
 3.7552851e-001
 3.7987888e-001
 3.8535389e-001
 3.9097455e-001
 3.9565185e-001
 3.9934221e-001
 4.0247816e-001
 4.0481827e-001
 4.0717712e-001
 4.0899730e-001
 4.1018590e-001
 4.1099313e-001
 4.1244456e-001
 4.1432410e-001
 4.1595107e-001
 4.1695020e-001
 4.1755480e-001
 4.1736299e-001
 4.1654545e-001
 4.1494513e-001
 4.1273618e-001
 4.0889269e-001
 4.0067294e-001
 3.8262475e-001
 3.5753316e-001
 3.5103127e-001
 3.5944957e-001
 3.6552188e-001
 3.6304709e-001
 3.5535890e-001
 3.4873259e-001
 3.4348285e-001
 3.3687899e-001
 3.2901466e-001
 3.2604375e-001
 3.3226395e-001
 3.4533125e-001
 3.6022311e-001
 3.7066776e-001
 3.7590444e-001
 3.7923267e-001
 3.8208997e-001
 3.8319221e-001
 3.8240653e-001
 3.8003489e-001
 3.7562379e-001
 3.6987269e-001
 3.6459613e-001
 3.6051974e-001
 3.5825688e-001
 3.5697535e-001
