s07_AV97 Record=2746: Pyrophyllite PYS1A fine gr  NIC4aaa RREF
-1.2300000e+034
-1.2300000e+034
-1.2300000e+034
-1.2300000e+034
-1.2300000e+034
-1.2300000e+034
-1.2300000e+034
-1.2300000e+034
-1.2300000e+034
-1.2300000e+034
-1.2300000e+034
-1.2300000e+034
-1.2300000e+034
-1.2300000e+034
-1.2300000e+034
-1.2300000e+034
-1.2300000e+034
-1.2300000e+034
-1.2300000e+034
-1.2300000e+034
-1.2300000e+034
-1.2300000e+034
-1.2300000e+034
-1.2300000e+034
-1.2300000e+034
-1.2300000e+034
-1.2300000e+034
-1.2300000e+034
-1.2300000e+034
-1.2300000e+034
-1.2300000e+034
-1.2300000e+034
-1.2300000e+034
-1.2300000e+034
-1.2300000e+034
-1.2300000e+034
-1.2300000e+034
-1.2300000e+034
-1.2300000e+034
-1.2300000e+034
-1.2300000e+034
-1.2300000e+034
-1.2300000e+034
-1.2300000e+034
-1.2300000e+034
-1.2300000e+034
-1.2300000e+034
-1.2300000e+034
-1.2300000e+034
-1.2300000e+034
-1.2300000e+034
-1.2300000e+034
-1.2300000e+034
-1.2300000e+034
-1.2300000e+034
-1.2300000e+034
-1.2300000e+034
-1.2300000e+034
-1.2300000e+034
-1.2300000e+034
-1.2300000e+034
-1.2300000e+034
-1.2300000e+034
-1.2300000e+034
-1.2300000e+034
-1.2300000e+034
-1.2300000e+034
-1.2300000e+034
-1.2300000e+034
-1.2300000e+034
-1.2300000e+034
-1.2300000e+034
-1.2300000e+034
-1.2300000e+034
-1.2300000e+034
-1.2300000e+034
-1.2300000e+034
-1.2300000e+034
-1.2300000e+034
-1.2300000e+034
-1.2300000e+034
-1.2300000e+034
-1.2300000e+034
-1.2300000e+034
-1.2300000e+034
-1.2300000e+034
-1.2300000e+034
-1.2300000e+034
-1.2300000e+034
-1.2300000e+034
-1.2300000e+034
-1.2300000e+034
-1.2300000e+034
-1.2300000e+034
-1.2300000e+034
-1.2300000e+034
-1.2300000e+034
-1.2300000e+034
-1.2300000e+034
-1.2300000e+034
-1.2300000e+034
-1.2300000e+034
-1.2300000e+034
-1.2300000e+034
-1.2300000e+034
 6.0467470e-001
 6.0620522e-001
 6.0218531e-001
 5.9624523e-001
 5.7285815e-001
 4.9992338e-001
 5.4681218e-001
 5.5763513e-001
 5.5509734e-001
 5.4947317e-001
 5.4579413e-001
 5.4200035e-001
 5.3877956e-001
 5.3711325e-001
 5.3639328e-001
 5.3668648e-001
 5.3726143e-001
 5.3801244e-001
 5.3896749e-001
 5.4082972e-001
 5.4331028e-001
 5.4597491e-001
 5.4883468e-001
 5.5133021e-001
 5.5359656e-001
 5.5590618e-001
 5.5847675e-001
 5.6135654e-001
 5.6433159e-001
 5.6703848e-001
 5.6923091e-001
 5.7120204e-001
 5.7316869e-001
 5.7542527e-001
 5.7724440e-001
 5.7943434e-001
 5.8156931e-001
 5.8309317e-001
 5.8430254e-001
 5.8565766e-001
 5.8734018e-001
 5.8894521e-001
 5.9062624e-001
 5.9232527e-001
 5.9347904e-001
 5.9413874e-001
 5.9468025e-001
 5.9551209e-001
 5.9673107e-001
 5.9781581e-001
 5.9875095e-001
 5.9962499e-001
 6.0010111e-001
 6.0018331e-001
 5.9979445e-001
 5.9994769e-001
 5.9948528e-001
 5.9903139e-001
 5.9897578e-001
 5.9932196e-001
 5.9972304e-001
 5.9989697e-001
 5.9982276e-001
 5.9985512e-001
 5.9988141e-001
 5.9961975e-001
 5.9942371e-001
 5.9935772e-001
 5.9938037e-001
 5.9970474e-001
 6.0022169e-001
 6.0065329e-001
 5.9938335e-001
 5.9375966e-001
 5.8532172e-001
 5.5903739e-001
 5.4203165e-001
 5.7600981e-001
 5.8959621e-001
 5.8765429e-001
 5.8056146e-001
 5.7218182e-001
 5.5307770e-001
 4.9650365e-001
 4.4700211e-001
 5.1734811e-001
 5.6049556e-001
 5.6957328e-001
 5.7009727e-001
 5.6629330e-001
 5.7046217e-001
 5.7176548e-001
 5.6835693e-001
 5.6336588e-001
 5.5710965e-001
 5.4858816e-001
 5.3799450e-001
 5.3061068e-001
 5.1987678e-001
 5.0607938e-001
 5.1483303e-001
 5.2620268e-001
 5.2087414e-001
 5.2183378e-001
 5.2566957e-001
 5.2243108e-001
 5.0894523e-001
 5.0584507e-001
 5.0657064e-001
 5.0565493e-001
 4.9973881e-001
 5.0087935e-001
 5.0234514e-001
 4.9960148e-001
 4.9690592e-001
 4.8901740e-001
 4.7696218e-001
 4.6883991e-001
 4.6078703e-001
