s07_AV97 Record=847: Chrysotile ML99-12C Fine Fib ASDFRb AREF
 9.4883934e-002
 9.9439315e-002
 1.0323079e-001
 1.0703833e-001
 1.0953929e-001
 1.1235151e-001
 1.1553229e-001
 1.1827019e-001
 1.2080993e-001
 1.2359884e-001
 1.2737660e-001
 1.3204904e-001
 1.3573535e-001
 1.3884187e-001
 1.4234935e-001
 1.4518338e-001
 1.4728889e-001
 1.4910658e-001
 1.5072776e-001
 1.5202393e-001
 1.5282528e-001
 1.5318395e-001
 1.5319368e-001
 1.5299782e-001
 1.5299629e-001
 1.5278615e-001
 1.5155424e-001
 1.5044330e-001
 1.4943625e-001
 1.4824469e-001
 1.4702494e-001
 1.4586477e-001
 1.4721820e-001
 1.4608128e-001
 1.4501813e-001
 1.4406921e-001
 1.4311922e-001
 1.4220631e-001
 1.4133862e-001
 1.4063083e-001
 1.4013565e-001
 1.3987282e-001
 1.3984187e-001
 1.4006911e-001
 1.4046922e-001
 1.4095287e-001
 1.4144041e-001
 1.4180802e-001
 1.4199689e-001
 1.4195158e-001
 1.4162326e-001
 1.4112091e-001
 1.4051275e-001
 1.3984570e-001
 1.3920356e-001
 1.3860071e-001
 1.3805489e-001
 1.3764800e-001
 1.3741288e-001
 1.3724628e-001
 1.3719936e-001
 1.3652050e-001
 1.3637935e-001
 1.3717799e-001
 1.3770485e-001
 1.3804062e-001
 1.3827728e-001
 1.3839467e-001
 1.3842991e-001
 1.3841553e-001
 1.3828732e-001
 1.3825484e-001
 1.3806917e-001
 1.3787092e-001
 1.3762097e-001
 1.3732579e-001
 1.3707277e-001
 1.3675314e-001
 1.3651858e-001
 1.3638289e-001
 1.3621002e-001
 1.3595141e-001
 1.3562776e-001
 1.3540907e-001
 1.3530417e-001
 1.3534850e-001
 1.3540298e-001
 1.3558698e-001
 1.3587096e-001
 1.3612357e-001
 1.3647529e-001
 1.3686159e-001
 1.3724825e-001
 1.3751936e-001
 1.3756895e-001
 1.3749121e-001
 1.3756104e-001
 1.3754548e-001
 1.3739316e-001
 1.3731912e-001
 1.3818496e-001
 1.3896930e-001
 1.3934761e-001
 1.3959488e-001
 1.3966073e-001
 1.3912156e-001
 1.3677214e-001
 1.3549837e-001
 1.3030420e-001
 1.1378062e-001
 1.1196449e-001
 1.2331191e-001
 1.3191302e-001
 1.3534446e-001
 1.3670628e-001
 1.3764103e-001
 1.3821431e-001
 1.3871562e-001
 1.3926251e-001
 1.3982955e-001
 1.4043568e-001
 1.4090972e-001
 1.4126974e-001
 1.4167361e-001
 1.4211914e-001
 1.4253165e-001
 1.4287451e-001
 1.4318436e-001
 1.4343107e-001
 1.4359975e-001
 1.4373189e-001
 1.4384152e-001
 1.4390785e-001
 1.4395164e-001
 1.4390771e-001
 1.4385627e-001
 1.4373145e-001
 1.4358130e-001
 1.4340025e-001
 1.4327462e-001
 1.4309175e-001
 1.4283787e-001
 1.4250208e-001
 1.4207698e-001
 1.4157985e-001
 1.4103977e-001
 1.4049937e-001
 1.4004520e-001
 1.3959341e-001
 1.3929524e-001
 1.3899511e-001
 1.3877463e-001
 1.3855490e-001
 1.3852660e-001
 1.3849013e-001
 1.3808148e-001
 1.3727993e-001
 1.3651708e-001
 1.3504282e-001
 1.3197978e-001
 1.3327514e-001
 1.2999578e-001
 1.2633371e-001
 1.2259761e-001
 1.2010974e-001
 1.1922039e-001
 1.1873310e-001
 1.1825183e-001
 1.1760332e-001
 1.1695328e-001
 1.1669757e-001
 1.1704779e-001
 1.1820199e-001
 1.1988822e-001
 1.2117690e-001
 1.2191154e-001
 1.2291566e-001
 1.2469506e-001
 1.2638789e-001
 1.2692717e-001
 1.2547711e-001
 1.2260840e-001
 1.2103035e-001
 1.2116320e-001
 1.2052928e-001
 1.1999640e-001
 1.2171780e-001
 1.2379487e-001
 1.2527291e-001
 1.2597416e-001
 1.2607163e-001
 1.2593724e-001
 1.2562461e-001
 1.2494127e-001
 1.2273139e-001
 1.1795822e-001
 1.1297417e-001
 1.1002400e-001
 1.0743803e-001
 1.0319440e-001
 1.0079002e-001
 9.8319590e-002
 9.4418295e-002
 8.8704556e-002
 8.0514908e-002
 7.6724574e-002
 7.9005867e-002
 8.9521319e-002
 9.7357661e-002
 9.5987685e-002
 9.2216238e-002
 9.1276996e-002
 9.0161823e-002
 9.0446994e-002
 8.9300364e-002
 8.7795720e-002
 8.7495901e-002
 8.8242441e-002
 8.9081757e-002
 8.9265414e-002
 8.6570434e-002
 8.5226893e-002
 8.2630321e-002
-1.2300000e+034
