s07_AV97 Record=982: Cummingtonite HS294.1B       ASDFRc AREF
 1.0403678e-001
 1.1617538e-001
 1.2973590e-001
 1.4148310e-001
 1.5225796e-001
 1.6269161e-001
 1.7362526e-001
 1.8422109e-001
 1.9384541e-001
 2.0181313e-001
 2.0931575e-001
 2.1710885e-001
 2.2561704e-001
 2.3400274e-001
 2.4206796e-001
 2.5004581e-001
 2.5780898e-001
 2.6409057e-001
 2.6901621e-001
 2.7331445e-001
 2.7763915e-001
 2.8054175e-001
 2.8229591e-001
 2.8319177e-001
 2.8372923e-001
 2.8368083e-001
 2.8317398e-001
 2.8236187e-001
 2.8130820e-001
 2.7999461e-001
 2.7861518e-001
 2.7723372e-001
 2.7883819e-001
 2.7751017e-001
 2.7615476e-001
 2.7517438e-001
 2.7449885e-001
 2.7416056e-001
 2.7413210e-001
 2.7474436e-001
 2.7581912e-001
 2.7727056e-001
 2.7923635e-001
 2.8129664e-001
 2.8343308e-001
 2.8538960e-001
 2.8673238e-001
 2.8739882e-001
 2.8724495e-001
 2.8613287e-001
 2.8395429e-001
 2.8074214e-001
 2.7680999e-001
 2.7216941e-001
 2.6675928e-001
 2.6089400e-001
 2.5495639e-001
 2.4864234e-001
 2.4256101e-001
 2.3657557e-001
 2.3092161e-001
 2.2597758e-001
 2.2160177e-001
 2.1835756e-001
 2.1618469e-001
 2.1519840e-001
 2.1584968e-001
 2.1820936e-001
 2.2208020e-001
 2.2994401e-001
 2.4041680e-001
 2.4944927e-001
 2.5979465e-001
 2.6853165e-001
 2.7631050e-001
 2.8273651e-001
 2.8731534e-001
 2.9123905e-001
 2.9449582e-001
 2.9647288e-001
 2.9872489e-001
 3.0040392e-001
 3.0204904e-001
 3.0368078e-001
 3.0488056e-001
 3.0669433e-001
 3.0837217e-001
 3.1002864e-001
 3.1208885e-001
 3.1413621e-001
 3.1637639e-001
 3.1897095e-001
 3.2092825e-001
 3.2320866e-001
 3.2574227e-001
 3.2852948e-001
 3.2434234e-001
 3.2719657e-001
 3.2990357e-001
 3.3255473e-001
 3.3529857e-001
 3.3786649e-001
 3.4079191e-001
 3.4380329e-001
 3.4658977e-001
 3.4922644e-001
 3.5214093e-001
 3.5521853e-001
 3.5770294e-001
 3.6028785e-001
 3.6182970e-001
 3.6211827e-001
 3.6407307e-001
 3.6910865e-001
 3.7261239e-001
 3.7484854e-001
 3.7680322e-001
 3.7933508e-001
 3.8151258e-001
 3.8360277e-001
 3.8524270e-001
 3.8729128e-001
 3.8935775e-001
 3.9098680e-001
 3.9308503e-001
 3.9485243e-001
 3.9634460e-001
 3.9831868e-001
 4.0007144e-001
 4.0134940e-001
 4.0248537e-001
 4.0381697e-001
 4.0550423e-001
 4.0649137e-001
 4.0781626e-001
 4.0910783e-001
 4.0993485e-001
 4.1094315e-001
 4.1236186e-001
 4.1302198e-001
 4.1411349e-001
 4.1541708e-001
 4.1673881e-001
 4.1817546e-001
 4.1845679e-001
 4.1878325e-001
 4.1906112e-001
 4.1930971e-001
 4.2025468e-001
 4.2154640e-001
 4.2191529e-001
 4.2301419e-001
 4.2388940e-001
 4.2430466e-001
 4.2491260e-001
 4.2618814e-001
 4.2661527e-001
 4.2693576e-001
 4.2771325e-001
 4.2740902e-001
 4.2770612e-001
 4.2728198e-001
 4.2804772e-001
 4.2816421e-001
 4.2758390e-001
 4.2836437e-001
 4.2863968e-001
 4.2829406e-001
 4.2834413e-001
 4.2806813e-001
 4.2783487e-001
 4.2840120e-001
 4.2829844e-001
 4.2883155e-001
 4.2919832e-001
 4.2984399e-001
 4.3024698e-001
 4.3034405e-001
 4.3085983e-001
 4.3138996e-001
 4.3174708e-001
 4.3182513e-001
 4.3086293e-001
 4.3068576e-001
 4.2985719e-001
 4.2860621e-001
 4.2822295e-001
 4.2702666e-001
 4.2514351e-001
 4.2414477e-001
 4.2319012e-001
 4.2246285e-001
 4.2144030e-001
 4.2064789e-001
 4.1917184e-001
 4.1679975e-001
 4.1480947e-001
 4.1330904e-001
 4.1097113e-001
 4.1013277e-001
 4.0859103e-001
 4.0672511e-001
 4.0342498e-001
 3.9984754e-001
 3.9702883e-001
 3.9473858e-001
 3.9324152e-001
 3.9366916e-001
 3.9374828e-001
 3.9330098e-001
 3.9349362e-001
 3.9201987e-001
 3.9094794e-001
 3.8858905e-001
 3.8787079e-001
 3.8649490e-001
 3.8579237e-001
 3.8417542e-001
 3.8281769e-001
 3.8130718e-001
 3.8019842e-001
 3.7874737e-001
 3.8018817e-001
-1.2300000e+034
