s07_AV97 Record=490: Arsenopyrite HS262.2B        ASDFRc AREF
 1.2129439e-001
 1.2577513e-001
 1.2991974e-001
 1.3343278e-001
 1.3635431e-001
 1.3845795e-001
 1.3974407e-001
 1.4081977e-001
 1.4225307e-001
 1.4322476e-001
 1.4390835e-001
 1.4440504e-001
 1.4470664e-001
 1.4494146e-001
 1.4501686e-001
 1.4500871e-001
 1.4491712e-001
 1.4478493e-001
 1.4458737e-001
 1.4432949e-001
 1.4407739e-001
 1.4376716e-001
 1.4338902e-001
 1.4307469e-001
 1.4269687e-001
 1.4235510e-001
 1.4196979e-001
 1.4156544e-001
 1.4119378e-001
 1.4080989e-001
 1.4042167e-001
 1.4004070e-001
 1.4048296e-001
 1.4011048e-001
 1.3976790e-001
 1.3939291e-001
 1.3902351e-001
 1.3866284e-001
 1.3828903e-001
 1.3793227e-001
 1.3754649e-001
 1.3716935e-001
 1.3678145e-001
 1.3642709e-001
 1.3607764e-001
 1.3571469e-001
 1.3535316e-001
 1.3498570e-001
 1.3464266e-001
 1.3431431e-001
 1.3397314e-001
 1.3363169e-001
 1.3332012e-001
 1.3302703e-001
 1.3274585e-001
 1.3247980e-001
 1.3219541e-001
 1.3197401e-001
 1.3168649e-001
 1.3146709e-001
 1.3126869e-001
 1.3104899e-001
 1.3086936e-001
 1.3069038e-001
 1.3047341e-001
 1.3030455e-001
 1.3015808e-001
 1.3015234e-001
 1.2971912e-001
 1.2990353e-001
 1.2968297e-001
 1.2958685e-001
 1.2946740e-001
 1.2930217e-001
 1.2921301e-001
 1.2916546e-001
 1.2907310e-001
 1.2889296e-001
 1.2875119e-001
 1.2883250e-001
 1.2873198e-001
 1.2869285e-001
 1.2866047e-001
 1.2867998e-001
 1.2862022e-001
 1.2857775e-001
 1.2852050e-001
 1.2848313e-001
 1.2853098e-001
 1.2851711e-001
 1.2854919e-001
 1.2853581e-001
 1.2860130e-001
 1.2860060e-001
 1.2867726e-001
 1.2873197e-001
 1.2859778e-001
 1.2871307e-001
 1.2870972e-001
 1.2871094e-001
 1.2875137e-001
 1.2874785e-001
 1.2873040e-001
 1.2878843e-001
 1.2885332e-001
 1.2886587e-001
 1.2894581e-001
 1.2896813e-001
 1.2902328e-001
 1.2909395e-001
 1.2910698e-001
 1.2908421e-001
 1.2915219e-001
 1.2920512e-001
 1.2925126e-001
 1.2932625e-001
 1.2931794e-001
 1.2934522e-001
 1.2942094e-001
 1.2947015e-001
 1.2947071e-001
 1.2942113e-001
 1.2945361e-001
 1.2947792e-001
 1.2950590e-001
 1.2954159e-001
 1.2952073e-001
 1.2955232e-001
 1.2961040e-001
 1.2962484e-001
 1.2973160e-001
 1.2970512e-001
 1.2970793e-001
 1.2966518e-001
 1.2960169e-001
 1.2957478e-001
 1.2960897e-001
 1.2965065e-001
 1.2967500e-001
 1.2978925e-001
 1.2974234e-001
 1.2971680e-001
 1.2984805e-001
 1.2988381e-001
 1.2981984e-001
 1.2979715e-001
 1.2973657e-001
 1.2966003e-001
 1.2967221e-001
 1.2970090e-001
 1.2973112e-001
 1.2966178e-001
 1.2971167e-001
 1.2963855e-001
 1.2964682e-001
 1.2955858e-001
 1.2965047e-001
 1.2972857e-001
 1.2960064e-001
 1.2964165e-001
 1.2962538e-001
 1.2961774e-001
 1.2951195e-001
 1.2934773e-001
 1.2930672e-001
 1.2925112e-001
 1.2906407e-001
 1.2901188e-001
 1.2896132e-001
 1.2902193e-001
 1.2901334e-001
 1.2896976e-001
 1.2914711e-001
 1.2916563e-001
 1.2925087e-001
 1.2957215e-001
 1.2969254e-001
 1.2992251e-001
 1.3005151e-001
 1.3019466e-001
 1.3039798e-001
 1.3057199e-001
 1.3054888e-001
 1.3065684e-001
 1.3076386e-001
 1.3089377e-001
 1.3091926e-001
 1.3098852e-001
 1.3096416e-001
 1.3095486e-001
 1.3088135e-001
 1.3087824e-001
 1.3098383e-001
 1.3112612e-001
 1.3123275e-001
 1.3124765e-001
 1.3142872e-001
 1.3162039e-001
 1.3178121e-001
 1.3208276e-001
 1.3225988e-001
 1.3224317e-001
 1.3232715e-001
 1.3249516e-001
 1.3271567e-001
 1.3284940e-001
 1.3292800e-001
 1.3277154e-001
 1.3290077e-001
 1.3308240e-001
 1.3288939e-001
 1.3291436e-001
 1.3314052e-001
 1.3306309e-001
 1.3301826e-001
 1.3301569e-001
 1.3277946e-001
 1.3275778e-001
 1.3277352e-001
 1.3268761e-001
 1.3276041e-001
 1.3257509e-001
 1.3251391e-001
-1.2300000e+034
