s07_AV97 Record=319: Analcime GDS1 Zeolite       NIC4aaa RREF
-1.2300000e+034
-1.2300000e+034
-1.2300000e+034
-1.2300000e+034
-1.2300000e+034
-1.2300000e+034
-1.2300000e+034
-1.2300000e+034
-1.2300000e+034
-1.2300000e+034
-1.2300000e+034
-1.2300000e+034
-1.2300000e+034
-1.2300000e+034
-1.2300000e+034
-1.2300000e+034
-1.2300000e+034
-1.2300000e+034
-1.2300000e+034
-1.2300000e+034
-1.2300000e+034
-1.2300000e+034
-1.2300000e+034
-1.2300000e+034
-1.2300000e+034
-1.2300000e+034
-1.2300000e+034
-1.2300000e+034
-1.2300000e+034
-1.2300000e+034
-1.2300000e+034
-1.2300000e+034
-1.2300000e+034
-1.2300000e+034
-1.2300000e+034
-1.2300000e+034
-1.2300000e+034
-1.2300000e+034
-1.2300000e+034
-1.2300000e+034
-1.2300000e+034
-1.2300000e+034
-1.2300000e+034
-1.2300000e+034
-1.2300000e+034
-1.2300000e+034
-1.2300000e+034
-1.2300000e+034
-1.2300000e+034
-1.2300000e+034
-1.2300000e+034
-1.2300000e+034
-1.2300000e+034
-1.2300000e+034
-1.2300000e+034
-1.2300000e+034
-1.2300000e+034
-1.2300000e+034
-1.2300000e+034
-1.2300000e+034
-1.2300000e+034
-1.2300000e+034
-1.2300000e+034
-1.2300000e+034
-1.2300000e+034
-1.2300000e+034
-1.2300000e+034
-1.2300000e+034
-1.2300000e+034
-1.2300000e+034
-1.2300000e+034
-1.2300000e+034
-1.2300000e+034
-1.2300000e+034
-1.2300000e+034
-1.2300000e+034
-1.2300000e+034
-1.2300000e+034
-1.2300000e+034
-1.2300000e+034
-1.2300000e+034
-1.2300000e+034
-1.2300000e+034
-1.2300000e+034
-1.2300000e+034
-1.2300000e+034
-1.2300000e+034
-1.2300000e+034
-1.2300000e+034
-1.2300000e+034
-1.2300000e+034
-1.2300000e+034
-1.2300000e+034
-1.2300000e+034
-1.2300000e+034
-1.2300000e+034
-1.2300000e+034
-1.2300000e+034
-1.2300000e+034
-1.2300000e+034
-1.2300000e+034
-1.2300000e+034
-1.2300000e+034
-1.2300000e+034
-1.2300000e+034
-1.2300000e+034
-1.2300000e+034
-1.2300000e+034
-1.2300000e+034
-1.2300000e+034
 6.6899639e-001
 6.1907810e-001
 5.2440959e-001
 4.5176893e-001
 4.9176428e-001
 5.5928892e-001
 5.9378409e-001
 5.8420008e-001
 5.9369832e-001
 6.3040662e-001
 6.5101629e-001
 6.6324347e-001
 6.7149639e-001
 6.7797124e-001
 6.8345940e-001
 6.8903148e-001
 6.9422066e-001
 6.9911438e-001
 7.0348704e-001
 7.0727956e-001
 7.1100032e-001
 7.1506757e-001
 7.1928507e-001
 7.2335690e-001
 7.2663534e-001
 7.2925669e-001
 7.3130935e-001
 7.3339576e-001
 7.3581356e-001
 7.3814040e-001
 7.3997861e-001
 7.4063158e-001
 7.3988247e-001
 7.3753977e-001
 7.3339325e-001
 7.2644573e-001
 7.1515691e-001
 6.9977885e-001
 6.8481737e-001
 6.7622524e-001
 6.7269307e-001
 6.7150575e-001
 6.8123341e-001
 6.9703543e-001
 7.0703346e-001
 7.0956647e-001
 7.0573449e-001
 6.9316059e-001
 6.6646141e-001
 6.1173487e-001
 6.3282835e-001
 5.5435306e-001
 4.3717435e-001
 2.9721108e-001
 3.2107189e-001
 4.2812434e-001
 5.0531542e-001
 5.5856740e-001
 6.0038942e-001
 6.3458437e-001
 6.6133416e-001
 6.8079054e-001
 6.9366699e-001
 7.0121574e-001
 7.0467693e-001
 7.0635784e-001
 7.0807451e-001
 7.0972818e-001
 7.1024299e-001
 7.1037370e-001
 7.0989424e-001
 7.0729458e-001
 7.0273119e-001
 6.9676429e-001
 6.8961698e-001
 6.8391657e-001
 6.8249029e-001
 6.8452394e-001
 6.8906862e-001
 6.9336623e-001
 6.9551235e-001
 6.9600701e-001
 6.9522989e-001
 6.9389611e-001
 6.9200933e-001
 6.8986636e-001
 6.8769449e-001
 6.8567187e-001
 6.8321884e-001
 6.8038237e-001
 6.7697501e-001
 6.7207026e-001
 6.6647232e-001
 6.6113895e-001
 6.5576208e-001
 6.4976948e-001
 6.4265656e-001
 6.3500863e-001
 6.2582290e-001
 6.1516041e-001
 6.0262990e-001
 5.8782893e-001
 5.6906247e-001
 5.4462051e-001
 5.1332462e-001
 4.7447267e-001
 4.3158647e-001
 3.8986880e-001
 3.5307083e-001
 3.2250664e-001
 2.9775465e-001
 2.7939922e-001
 2.6804438e-001
 2.6144174e-001
