s07_AV97 Record=2172: Montmorillonite SCa-2.b       BECKb AREF
 2.8724203e-001
 3.0006370e-001
 3.1294614e-001
 3.2274976e-001
 3.3000508e-001
 3.3603984e-001
 3.4258005e-001
 3.5003993e-001
 3.6025801e-001
 3.7017101e-001
 3.7869397e-001
 3.8661793e-001
 3.9434972e-001
 4.0296957e-001
 4.1178310e-001
 4.2110676e-001
 4.3054560e-001
 4.4142905e-001
 4.5328102e-001
 4.6767661e-001
 4.8563761e-001
 5.0481236e-001
 5.2125835e-001
 5.3147703e-001
 5.3959566e-001
 5.4570258e-001
 5.5212873e-001
 5.5781192e-001
 5.6365561e-001
 5.6934828e-001
 5.7535309e-001
 5.8128589e-001
 5.7437533e-001
 5.8023548e-001
 5.8516413e-001
 5.9045029e-001
 5.9521288e-001
 5.9945017e-001
 6.0271549e-001
 6.0602927e-001
 6.0816127e-001
 6.1194581e-001
 6.1424607e-001
 6.1791313e-001
 6.1935508e-001
 6.2184191e-001
 6.2289655e-001
 6.2490982e-001
 6.2529534e-001
 6.2462819e-001
 6.2258053e-001
 6.2665403e-001
 6.3051188e-001
 6.2968975e-001
 6.3099843e-001
 6.3301003e-001
 6.3582909e-001
 6.3614351e-001
 6.3200617e-001
 6.3613033e-001
 6.3957250e-001
 6.3703984e-001
 6.3452590e-001
 6.3358915e-001
 6.3578665e-001
 6.4113081e-001
 6.4429295e-001
 6.4631557e-001
 6.4846098e-001
 6.5056288e-001
 6.5308154e-001
 6.5528405e-001
 6.5767246e-001
 6.5990937e-001
 6.6171110e-001
 6.6284430e-001
 6.6611874e-001
 6.6642106e-001
 6.6710091e-001
 6.6883296e-001
 6.6935062e-001
 6.6899008e-001
 6.6554862e-001
 6.5903676e-001
 6.6011649e-001
 6.6588342e-001
 6.6844076e-001
 6.7110944e-001
 6.7115319e-001
 6.7329299e-001
 6.7553961e-001
 6.7576331e-001
 6.7582315e-001
 6.7737377e-001
 6.7831302e-001
 6.7964774e-001
 6.7776352e-001
 6.7918366e-001
 6.7922765e-001
 6.7820251e-001
 6.7630881e-001
 6.7399842e-001
 6.7168397e-001
 6.6815346e-001
 6.6415423e-001
 6.5788209e-001
 6.5137392e-001
 6.4505100e-001
 6.3003284e-001
 5.9686166e-001
 5.3443831e-001
 4.6712616e-001
 4.2541403e-001
 4.3608779e-001
 4.7824547e-001
 5.1099044e-001
 5.2410132e-001
 5.2747846e-001
 5.3866810e-001
 5.5826986e-001
 5.7445931e-001
 5.8682603e-001
 5.9776759e-001
 6.0880244e-001
 6.1483979e-001
 6.2194812e-001
 6.2801051e-001
 6.3420820e-001
 6.3739437e-001
 6.4185143e-001
 6.4402318e-001
 6.4756238e-001
 6.5031707e-001
 6.5310621e-001
 6.5443337e-001
 6.5638167e-001
 6.5706939e-001
 6.5902734e-001
 6.5866810e-001
 6.5961647e-001
 6.6197288e-001
 6.5904194e-001
 6.5679812e-001
 6.5043390e-001
 6.5083259e-001
 6.4783531e-001
 6.4466769e-001
 6.4030969e-001
 6.3434529e-001
 6.3099939e-001
 6.2829840e-001
 6.2640476e-001
 6.2368315e-001
 6.2007982e-001
 6.2010336e-001
 6.1483479e-001
 6.0171515e-001
 5.8327979e-001
 5.4394722e-001
 4.7575033e-001
 5.0081050e-001
 4.0564731e-001
 2.9076087e-001
 2.2758234e-001
 2.3948784e-001
 2.7866301e-001
 3.1021941e-001
 3.3266193e-001
 3.4813964e-001
 3.6160341e-001
 3.7515977e-001
 3.9343452e-001
 4.1165915e-001
 4.2874491e-001
 4.4679183e-001
 4.6395800e-001
 4.7689512e-001
 4.8641285e-001
 4.9846828e-001
 5.0397354e-001
 5.0868464e-001
 5.1083529e-001
 5.1442736e-001
 5.2085590e-001
 5.2191460e-001
 5.2575368e-001
 5.2994663e-001
 5.2959961e-001
 5.3159392e-001
 5.2792120e-001
 5.1385331e-001
 4.9361777e-001
 4.5212790e-001
 3.9374492e-001
 3.7379518e-001
 3.9501905e-001
 4.1394117e-001
 4.3498021e-001
 4.5353526e-001
 4.6384579e-001
 4.6403888e-001
 4.5576817e-001
 4.3895373e-001
 4.2086279e-001
 4.0898755e-001
 3.9390367e-001
 3.8222992e-001
 3.7160319e-001
 3.5752076e-001
 3.4534171e-001
 3.3663118e-001
 3.2353303e-001
 3.1429484e-001
 3.0590963e-001
 2.9713294e-001
 2.8850761e-001
 2.8026730e-001
 2.7253702e-001
 2.6597446e-001
 2.5899449e-001
 2.5220922e-001
 2.4548280e-001
 2.3867948e-001
 2.3180589e-001
