s07_AV97 Record=983: Cummingtonite HS294.2B       ASDFRc AREF
 8.2724214e-002
 9.1307372e-002
 9.9214889e-002
 1.0627583e-001
 1.1239886e-001
 1.1777649e-001
 1.2322146e-001
 1.2803453e-001
 1.3283946e-001
 1.3692193e-001
 1.4068162e-001
 1.4420846e-001
 1.4840601e-001
 1.5285154e-001
 1.5593664e-001
 1.5952428e-001
 1.6408540e-001
 1.6718785e-001
 1.6899581e-001
 1.7066245e-001
 1.7332134e-001
 1.7449594e-001
 1.7481047e-001
 1.7457648e-001
 1.7403783e-001
 1.7360342e-001
 1.7259695e-001
 1.7137431e-001
 1.7024460e-001
 1.6902974e-001
 1.6782750e-001
 1.6673288e-001
 1.6800396e-001
 1.6694270e-001
 1.6592318e-001
 1.6499934e-001
 1.6417083e-001
 1.6352998e-001
 1.6308050e-001
 1.6282515e-001
 1.6267245e-001
 1.6264558e-001
 1.6280229e-001
 1.6290557e-001
 1.6291742e-001
 1.6268957e-001
 1.6192421e-001
 1.6057871e-001
 1.5859376e-001
 1.5589170e-001
 1.5269598e-001
 1.4886893e-001
 1.4467581e-001
 1.4028820e-001
 1.3580529e-001
 1.3136433e-001
 1.2708631e-001
 1.2315081e-001
 1.1954524e-001
 1.1624689e-001
 1.1342024e-001
 1.1101820e-001
 1.0904101e-001
 1.0757054e-001
 1.0640104e-001
 1.0585138e-001
 1.0581943e-001
 1.0631052e-001
 1.0728405e-001
 1.0929903e-001
 1.1375938e-001
 1.1719187e-001
 1.2183969e-001
 1.2594886e-001
 1.2987728e-001
 1.3408107e-001
 1.3699146e-001
 1.4006968e-001
 1.4276290e-001
 1.4434202e-001
 1.4624862e-001
 1.4747903e-001
 1.4883043e-001
 1.5019940e-001
 1.5125252e-001
 1.5268685e-001
 1.5378456e-001
 1.5516455e-001
 1.5675724e-001
 1.5810762e-001
 1.6006185e-001
 1.6200532e-001
 1.6385691e-001
 1.6562262e-001
 1.6747072e-001
 1.6953655e-001
 1.6626175e-001
 1.6851425e-001
 1.7071475e-001
 1.7284089e-001
 1.7498802e-001
 1.7731181e-001
 1.7987546e-001
 1.8227834e-001
 1.8480660e-001
 1.8734075e-001
 1.9013295e-001
 1.9302852e-001
 1.9537698e-001
 1.9758527e-001
 1.9901544e-001
 1.9889143e-001
 2.0136991e-001
 2.0782177e-001
 2.1156549e-001
 2.1405175e-001
 2.1616246e-001
 2.1880700e-001
 2.2121853e-001
 2.2378519e-001
 2.2598469e-001
 2.2829695e-001
 2.3049657e-001
 2.3266639e-001
 2.3483072e-001
 2.3653965e-001
 2.3851585e-001
 2.4054524e-001
 2.4266437e-001
 2.4425797e-001
 2.4593224e-001
 2.4767981e-001
 2.4952802e-001
 2.5096220e-001
 2.5264177e-001
 2.5428799e-001
 2.5575185e-001
 2.5697505e-001
 2.5830775e-001
 2.5964630e-001
 2.6087987e-001
 2.6214752e-001
 2.6331830e-001
 2.6433796e-001
 2.6556277e-001
 2.6617247e-001
 2.6728690e-001
 2.6782322e-001
 2.6872918e-001
 2.7009928e-001
 2.7114269e-001
 2.7190807e-001
 2.7274877e-001
 2.7360606e-001
 2.7424526e-001
 2.7503204e-001
 2.7572659e-001
 2.7615327e-001
 2.7665067e-001
 2.7697232e-001
 2.7694532e-001
 2.7725691e-001
 2.7797809e-001
 2.7823344e-001
 2.7834013e-001
 2.7847475e-001
 2.7844369e-001
 2.7836180e-001
 2.7854151e-001
 2.7869046e-001
 2.7843574e-001
 2.7842844e-001
 2.7776286e-001
 2.7797472e-001
 2.7839035e-001
 2.7896643e-001
 2.7915573e-001
 2.7981302e-001
 2.7982944e-001
 2.8009123e-001
 2.8010619e-001
 2.7955246e-001
 2.7915353e-001
 2.7849165e-001
 2.7742785e-001
 2.7644795e-001
 2.7576762e-001
 2.7473435e-001
 2.7360779e-001
 2.7292922e-001
 2.7176395e-001
 2.7061340e-001
 2.6985273e-001
 2.6875272e-001
 2.6642099e-001
 2.6429346e-001
 2.6145095e-001
 2.5798243e-001
 2.5447246e-001
 2.5388920e-001
 2.5368249e-001
 2.5165567e-001
 2.4894607e-001
 2.4492377e-001
 2.4143480e-001
 2.3941420e-001
 2.3752639e-001
 2.3728359e-001
 2.3840606e-001
 2.3880672e-001
 2.3955245e-001
 2.3841938e-001
 2.3751092e-001
 2.3572890e-001
 2.3525734e-001
 2.3463832e-001
 2.3469324e-001
 2.3286799e-001
 2.3121580e-001
 2.2945239e-001
 2.2774380e-001
 2.2618107e-001
 2.2619221e-001
-1.2300000e+034
