s07_AV97 Record=2974: Serpentine HS8.2B            ASDFRc AREF
 3.0420917e-001
 3.0859363e-001
 3.1390458e-001
 3.1995338e-001
 3.2324445e-001
 3.2879731e-001
 3.3490533e-001
 3.4034565e-001
 3.4386849e-001
 3.4909970e-001
 3.5715753e-001
 3.6673233e-001
 3.7285063e-001
 3.7575442e-001
 3.7940827e-001
 3.8060501e-001
 3.7957698e-001
 3.7830347e-001
 3.7736934e-001
 3.7607333e-001
 3.7427577e-001
 3.7196231e-001
 3.6942637e-001
 3.6683494e-001
 3.6395675e-001
 3.6085504e-001
 3.5724121e-001
 3.5364577e-001
 3.5011154e-001
 3.4670520e-001
 3.4367803e-001
 3.4097019e-001
 3.4411839e-001
 3.4146804e-001
 3.3915281e-001
 3.3714733e-001
 3.3558306e-001
 3.3443245e-001
 3.3385822e-001
 3.3393100e-001
 3.3450326e-001
 3.3573303e-001
 3.3767906e-001
 3.4011748e-001
 3.4255958e-001
 3.4466469e-001
 3.4595412e-001
 3.4661144e-001
 3.4628159e-001
 3.4521544e-001
 3.4380260e-001
 3.4188420e-001
 3.4006366e-001
 3.3840227e-001
 3.3682507e-001
 3.3543819e-001
 3.3449805e-001
 3.3385858e-001
 3.3368012e-001
 3.3397144e-001
 3.3441547e-001
 3.3458826e-001
 3.3491978e-001
 3.3590606e-001
 3.3716184e-001
 3.3798361e-001
 3.3841655e-001
 3.3862597e-001
 3.3865750e-001
 3.3858633e-001
 3.3838996e-001
 3.3772039e-001
 3.3709466e-001
 3.3681762e-001
 3.3642858e-001
 3.3613822e-001
 3.3570680e-001
 3.3562991e-001
 3.3569542e-001
 3.3589807e-001
 3.3633244e-001
 3.3654699e-001
 3.3713084e-001
 3.3760175e-001
 3.3830822e-001
 3.3910528e-001
 3.3981478e-001
 3.4072745e-001
 3.4179968e-001
 3.4275693e-001
 3.4401003e-001
 3.4534469e-001
 3.4625560e-001
 3.4718290e-001
 3.4811628e-001
 3.4867582e-001
 3.4752229e-001
 3.4847859e-001
 3.4885144e-001
 3.4948844e-001
 3.5104024e-001
 3.5239929e-001
 3.5363847e-001
 3.5468435e-001
 3.5537404e-001
 3.5626087e-001
 3.5569292e-001
 3.5421172e-001
 3.5224128e-001
 3.3137423e-001
 3.2427874e-001
 3.3426252e-001
 3.5099113e-001
 3.5724416e-001
 3.5947892e-001
 3.6107326e-001
 3.6204904e-001
 3.6294937e-001
 3.6349490e-001
 3.6384144e-001
 3.6423552e-001
 3.6461392e-001
 3.6494777e-001
 3.6508700e-001
 3.6531907e-001
 3.6529019e-001
 3.6562949e-001
 3.6622444e-001
 3.6637998e-001
 3.6637720e-001
 3.6669770e-001
 3.6713499e-001
 3.6644602e-001
 3.6636049e-001
 3.6641350e-001
 3.6640742e-001
 3.6656135e-001
 3.6619362e-001
 3.6583471e-001
 3.6599299e-001
 3.6622718e-001
 3.6607754e-001
 3.6588252e-001
 3.6605993e-001
 3.6529660e-001
 3.6488983e-001
 3.6410889e-001
 3.6369011e-001
 3.6347368e-001
 3.6331826e-001
 3.6322033e-001
 3.6260229e-001
 3.6227638e-001
 3.6229950e-001
 3.6198872e-001
 3.6161429e-001
 3.6130750e-001
 3.6091903e-001
 3.6017296e-001
 3.5856524e-001
 3.5913199e-001
 3.5803562e-001
 3.5625163e-001
 3.5463428e-001
 3.5318789e-001
 3.5207400e-001
 3.5121518e-001
 3.5012823e-001
 3.4813207e-001
 3.4680775e-001
 3.4587058e-001
 3.4657687e-001
 3.4729609e-001
 3.4779504e-001
 3.4879136e-001
 3.5032362e-001
 3.5190764e-001
 3.5341763e-001
 3.5449147e-001
 3.5468477e-001
 3.5301337e-001
 3.4983328e-001
 3.4825188e-001
 3.4766224e-001
 3.4843042e-001
 3.4749877e-001
 3.4744707e-001
 3.4895799e-001
 3.4957972e-001
 3.5034233e-001
 3.5014862e-001
 3.4908766e-001
 3.4917253e-001
 3.4824979e-001
 3.4548879e-001
 3.4001982e-001
 3.3204299e-001
 3.2673925e-001
 3.2333609e-001
 3.1558576e-001
 3.0904016e-001
 3.0307400e-001
 2.9371521e-001
 2.7871022e-001
 2.6299554e-001
 2.6119873e-001
 2.7728996e-001
 2.9996908e-001
 3.1201005e-001
 3.1088907e-001
 3.0344567e-001
 3.0055520e-001
 3.0005896e-001
 2.9542848e-001
 2.9082969e-001
 2.8833166e-001
 2.8704795e-001
 2.8225878e-001
 2.8219426e-001
 2.8631899e-001
 2.8543612e-001
 2.7870843e-001
 2.7084181e-001
-1.2300000e+034
