s07_AV97 Record=2783: Pyrrhotite HS269.4B          ASDFRc AREF
 3.2688338e-002
 3.4564719e-002
 3.5444591e-002
 3.6404401e-002
 3.7348218e-002
 3.8292412e-002
 3.9707728e-002
 4.1592225e-002
 4.3498941e-002
 4.4499427e-002
 4.4868104e-002
 4.5401875e-002
 4.6513930e-002
 4.8587918e-002
 5.1590640e-002
 5.5379163e-002
 5.9769902e-002
 6.4547315e-002
 6.9245085e-002
 7.3479645e-002
 7.6990582e-002
 7.9649433e-002
 8.1364542e-002
 8.2477018e-002
 8.3197594e-002
 8.3534747e-002
 8.3786145e-002
 8.3950169e-002
 8.4089547e-002
 8.4270045e-002
 8.4528469e-002
 8.4854938e-002
 8.4484152e-002
 8.4782630e-002
 8.5158952e-002
 8.5600466e-002
 8.6085461e-002
 8.6599611e-002
 8.7111354e-002
 8.7563671e-002
 8.7939918e-002
 8.8199250e-002
 8.8356674e-002
 8.8377617e-002
 8.8293143e-002
 8.8089652e-002
 8.7789111e-002
 8.7402537e-002
 8.6972266e-002
 8.6538166e-002
 8.6086147e-002
 8.5645951e-002
 8.5276231e-002
 8.4942549e-002
 8.4664188e-002
 8.4440693e-002
 8.4311955e-002
 8.4240921e-002
 8.4212691e-002
 8.4275782e-002
 8.4325485e-002
 8.4407374e-002
 8.4509455e-002
 8.4659532e-002
 8.4820688e-002
 8.4993400e-002
 8.5200258e-002
 8.5635185e-002
 8.5685067e-002
 8.6406209e-002
 8.6787663e-002
 8.7185547e-002
 8.7690763e-002
 8.8206522e-002
 8.8884257e-002
 8.9614578e-002
 9.0453409e-002
 9.1252446e-002
 9.2066251e-002
 9.3059525e-002
 9.3864359e-002
 9.4857782e-002
 9.5831960e-002
 9.6822426e-002
 9.7661853e-002
 9.8541670e-002
 9.9335305e-002
 1.0018236e-001
 1.0107733e-001
 1.0183559e-001
 1.0263728e-001
 1.0333985e-001
 1.0401727e-001
 1.0465825e-001
 1.0526180e-001
 1.0595594e-001
 1.0498099e-001
 1.0563955e-001
 1.0625915e-001
 1.0683288e-001
 1.0748926e-001
 1.0804792e-001
 1.0862999e-001
 1.0920815e-001
 1.0975856e-001
 1.1032091e-001
 1.1090554e-001
 1.1142918e-001
 1.1188891e-001
 1.1200226e-001
 1.1156628e-001
 1.1222006e-001
 1.1289523e-001
 1.1336770e-001
 1.1385390e-001
 1.1435691e-001
 1.1477490e-001
 1.1523831e-001
 1.1574719e-001
 1.1624882e-001
 1.1665987e-001
 1.1712342e-001
 1.1757382e-001
 1.1805947e-001
 1.1845157e-001
 1.1884105e-001
 1.1927044e-001
 1.1972243e-001
 1.2011404e-001
 1.2048449e-001
 1.2078305e-001
 1.2109246e-001
 1.2137038e-001
 1.2163544e-001
 1.2194314e-001
 1.2225559e-001
 1.2257456e-001
 1.2293405e-001
 1.2323183e-001
 1.2358701e-001
 1.2389673e-001
 1.2427850e-001
 1.2466236e-001
 1.2495364e-001
 1.2520778e-001
 1.2538888e-001
 1.2557209e-001
 1.2580955e-001
 1.2608168e-001
 1.2640350e-001
 1.2673321e-001
 1.2692496e-001
 1.2716931e-001
 1.2730879e-001
 1.2750915e-001
 1.2758826e-001
 1.2764935e-001
 1.2756485e-001
 1.2751909e-001
 1.2692840e-001
 1.2720929e-001
 1.2638541e-001
 1.2501281e-001
 1.2371295e-001
 1.2329854e-001
 1.2315287e-001
 1.2308949e-001
 1.2314902e-001
 1.2343187e-001
 1.2369046e-001
 1.2389474e-001
 1.2420751e-001
 1.2451182e-001
 1.2483559e-001
 1.2515010e-001
 1.2554725e-001
 1.2582444e-001
 1.2623082e-001
 1.2642713e-001
 1.2649858e-001
 1.2663989e-001
 1.2665860e-001
 1.2680092e-001
 1.2685069e-001
 1.2675048e-001
 1.2672637e-001
 1.2670036e-001
 1.2659562e-001
 1.2653872e-001
 1.2636076e-001
 1.2608774e-001
 1.2594797e-001
 1.2576754e-001
 1.2557083e-001
 1.2515634e-001
 1.2476348e-001
 1.2437709e-001
 1.2425983e-001
 1.2400310e-001
 1.2360671e-001
 1.2277368e-001
 1.2159019e-001
 1.2056849e-001
 1.1992398e-001
 1.1942811e-001
 1.2028194e-001
 1.2111463e-001
 1.2121860e-001
 1.2109933e-001
 1.2069048e-001
 1.2002248e-001
 1.1920951e-001
 1.1895507e-001
 1.1905071e-001
 1.1903565e-001
 1.1900250e-001
 1.1895461e-001
 1.1840961e-001
 1.1837701e-001
 1.1849812e-001
 1.1878684e-001
 1.1769471e-001
 1.1870591e-001
-1.2300000e+034
