s07_AV97 Record=2648: Prehnite GDS613.b >60um      ASDFRa AREF
 2.2732380e-001
 2.6359895e-001
 3.0809981e-001
 3.5181341e-001
 3.8927343e-001
 4.1831604e-001
 4.4296789e-001
 4.7422624e-001
 5.0736117e-001
 5.3559017e-001
 5.5744827e-001
 5.7353860e-001
 5.8486962e-001
 5.9252739e-001
 5.9757674e-001
 6.0079795e-001
 6.0273260e-001
 6.0359126e-001
 6.0349339e-001
 6.0273975e-001
 6.0180891e-001
 6.0120088e-001
 6.0112512e-001
 6.0160118e-001
 6.0278594e-001
 6.0473609e-001
 6.0739541e-001
 6.1037844e-001
 6.1328417e-001
 6.1600667e-001
 6.1835808e-001
 6.2039894e-001
 6.1801225e-001
 6.2001997e-001
 6.2190229e-001
 6.2368762e-001
 6.2533188e-001
 6.2675488e-001
 6.2794954e-001
 6.2889326e-001
 6.2957144e-001
 6.3005221e-001
 6.3022065e-001
 6.3003772e-001
 6.2970769e-001
 6.2952268e-001
 6.2935942e-001
 6.2890708e-001
 6.2839603e-001
 6.2772673e-001
 6.2687421e-001
 6.2590373e-001
 6.2515509e-001
 6.2451410e-001
 6.2390304e-001
 6.2335819e-001
 6.2285084e-001
 6.2234962e-001
 6.2159437e-001
 6.2083089e-001
 6.2123221e-001
 6.2150788e-001
 6.2170643e-001
 6.2186337e-001
 6.2182856e-001
 6.2157327e-001
 6.2118948e-001
 6.1981082e-001
 6.1782676e-001
 6.1976761e-001
 6.2584263e-001
 6.2998569e-001
 6.3275611e-001
 6.3463682e-001
 6.3639182e-001
 6.3798684e-001
 6.3937038e-001
 6.4085364e-001
 6.4215767e-001
 6.4319324e-001
 6.4422095e-001
 6.4484525e-001
 6.4521027e-001
 6.4510518e-001
 6.4545983e-001
 6.4662600e-001
 6.4724594e-001
 6.4736056e-001
 6.4683193e-001
 6.4662069e-001
 6.4712709e-001
 6.4752954e-001
 6.4734101e-001
 6.4639437e-001
 6.4432758e-001
 6.3929749e-001
 6.4565247e-001
 6.4224476e-001
 6.3509059e-001
 6.1850798e-001
 6.1336803e-001
 6.1865354e-001
 6.2647527e-001
 6.3032192e-001
 6.3237232e-001
 6.3513780e-001
 6.3527083e-001
 6.3371140e-001
 6.3062704e-001
 6.2532753e-001
 6.1555219e-001
 6.0188270e-001
 5.8863318e-001
 5.7272983e-001
 5.4586869e-001
 5.3284383e-001
 5.1109856e-001
 4.5803365e-001
 3.7517068e-001
 3.4240979e-001
 4.3788403e-001
 5.0105298e-001
 5.4320824e-001
 5.7227385e-001
 5.8724892e-001
 5.9483039e-001
 6.0038447e-001
 6.0441798e-001
 6.0810506e-001
 6.1028254e-001
 6.1067569e-001
 6.1094600e-001
 6.1084878e-001
 6.1134869e-001
 6.1283392e-001
 6.1355424e-001
 6.1375326e-001
 6.1330843e-001
 6.1227506e-001
 6.1137509e-001
 6.0905969e-001
 6.0441113e-001
 5.9892052e-001
 5.9329420e-001
 5.8820778e-001
 5.8611137e-001
 5.8672661e-001
 5.8846289e-001
 5.9070933e-001
 5.9204096e-001
 5.9175038e-001
 5.8730870e-001
 5.7800162e-001
 5.6578493e-001
 5.5470473e-001
 5.4962236e-001
 5.4649943e-001
 5.3637552e-001
 5.1537907e-001
 5.0020397e-001
 5.0418913e-001
 4.9633703e-001
 4.8153850e-001
 4.7160164e-001
 4.7286046e-001
 4.7315642e-001
 4.7578928e-001
 4.8500985e-001
 4.9431965e-001
 4.9954653e-001
 4.9952278e-001
 4.9713004e-001
 4.9786088e-001
 5.0097889e-001
 5.0316167e-001
 5.0670040e-001
 5.1175976e-001
 5.1580477e-001
 5.1748699e-001
 5.1752293e-001
 5.1614898e-001
 5.1257461e-001
 5.0601012e-001
 4.9832016e-001
 4.9216214e-001
 4.8787865e-001
 4.8380280e-001
 4.7772369e-001
 4.6992192e-001
 4.6037033e-001
 4.4980940e-001
 4.3725455e-001
 4.1253838e-001
 3.6440328e-001
 3.0040026e-001
 2.5482345e-001
 2.4336663e-001
 2.6831725e-001
 2.9509160e-001
 2.8888363e-001
 2.6042071e-001
 2.5281039e-001
 2.6933867e-001
 2.8626797e-001
 2.4651778e-001
 1.6963802e-001
 1.2052786e-001
 1.0771535e-001
 1.0902630e-001
 1.2674136e-001
 1.3824673e-001
 1.3957916e-001
 1.5383591e-001
 1.7229240e-001
 1.9064267e-001
 2.1077763e-001
 2.2731386e-001
 2.3192158e-001
 2.2152209e-001
 2.0832278e-001
 1.9487564e-001
 1.9698124e-001
 1.9448206e-001
-1.2300000e+034
