s07_AV97 Record=1990: Malachite HS254.4B           ASDFRb AREF
 4.9826909e-002
 6.0769640e-002
 7.4851759e-002
 8.9868098e-002
 1.0358936e-001
 1.1469573e-001
 1.2336523e-001
 1.3086560e-001
 1.3818674e-001
 1.4589041e-001
 1.5422422e-001
 1.6265932e-001
 1.7091320e-001
 1.7840807e-001
 1.8485640e-001
 1.8979149e-001
 1.9263326e-001
 1.9247580e-001
 1.8884337e-001
 1.8185224e-001
 1.7247891e-001
 1.6191491e-001
 1.5120010e-001
 1.4144009e-001
 1.3228586e-001
 1.2427639e-001
 1.1672576e-001
 1.1022716e-001
 1.0477595e-001
 1.0025241e-001
 9.6545905e-002
 9.3465999e-002
 9.7080924e-002
 9.4014265e-002
 9.1366895e-002
 8.9125693e-002
 8.7061040e-002
 8.5207544e-002
 8.3537757e-002
 8.2110994e-002
 8.0863774e-002
 7.9789571e-002
 7.8942657e-002
 7.8256927e-002
 7.7768549e-002
 7.7397779e-002
 7.7133119e-002
 7.7011026e-002
 7.6925606e-002
 7.6934531e-002
 7.7173539e-002
 7.7647954e-002
 7.8340404e-002
 7.9213232e-002
 8.0414228e-002
 8.1928715e-002
 8.3694398e-002
 8.5767090e-002
 8.8006981e-002
 9.0440027e-002
 9.2956193e-002
 9.5540851e-002
 9.8061107e-002
 1.0052535e-001
 1.0303361e-001
 1.0549609e-001
 1.0793122e-001
 1.1010387e-001
 1.1205258e-001
 1.1246129e-001
 1.1534221e-001
 1.1571892e-001
 1.1642466e-001
 1.1743756e-001
 1.1723312e-001
 1.1787087e-001
 1.1789749e-001
 1.1807369e-001
 1.1800238e-001
 1.1725529e-001
 1.1722519e-001
 1.1670091e-001
 1.1650355e-001
 1.1623738e-001
 1.1596783e-001
 1.1600060e-001
 1.1582106e-001
 1.1580349e-001
 1.1576591e-001
 1.1577310e-001
 1.1589758e-001
 1.1629631e-001
 1.1655067e-001
 1.1697825e-001
 1.1716568e-001
 1.1752403e-001
 1.1679459e-001
 1.1748321e-001
 1.1792896e-001
 1.1841858e-001
 1.1901844e-001
 1.1954732e-001
 1.2043296e-001
 1.2121298e-001
 1.2189315e-001
 1.2284213e-001
 1.2393890e-001
 1.2509523e-001
 1.2604772e-001
 1.2693784e-001
 1.2795457e-001
 1.2908709e-001
 1.3024101e-001
 1.3155325e-001
 1.3299784e-001
 1.3443716e-001
 1.3587791e-001
 1.3745347e-001
 1.3897377e-001
 1.4051345e-001
 1.4204627e-001
 1.4365919e-001
 1.4512832e-001
 1.4669941e-001
 1.4809126e-001
 1.5009023e-001
 1.5236220e-001
 1.5456571e-001
 1.5657037e-001
 1.5848880e-001
 1.6069983e-001
 1.6319259e-001
 1.6544396e-001
 1.6832849e-001
 1.7085734e-001
 1.7333779e-001
 1.7618427e-001
 1.7915459e-001
 1.8215796e-001
 1.8461646e-001
 1.8741052e-001
 1.9027022e-001
 1.9331756e-001
 1.9634944e-001
 1.9949153e-001
 2.0254332e-001
 2.0598774e-001
 2.0893049e-001
 2.1230014e-001
 2.1564896e-001
 2.1867609e-001
 2.2178386e-001
 2.2489502e-001
 2.2717924e-001
 2.2924905e-001
 2.3071428e-001
 2.3349884e-001
 2.3778079e-001
 2.4097115e-001
 2.4261159e-001
 2.4220033e-001
 2.4275137e-001
 2.4278194e-001
 2.4261205e-001
 2.4389510e-001
 2.4593209e-001
 2.4746117e-001
 2.4876086e-001
 2.5070944e-001
 2.5316855e-001
 2.5446454e-001
 2.5443694e-001
 2.5373626e-001
 2.5318184e-001
 2.5158644e-001
 2.5150847e-001
 2.5491920e-001
 2.5909874e-001
 2.6120934e-001
 2.6242387e-001
 2.6376280e-001
 2.6383016e-001
 2.6319459e-001
 2.6385242e-001
 2.6660037e-001
 2.6903012e-001
 2.6887187e-001
 2.6461825e-001
 2.5821435e-001
 2.5182018e-001
 2.4449287e-001
 2.3460066e-001
 2.1862499e-001
 1.9823545e-001
 1.8822585e-001
 1.8668643e-001
 1.8222557e-001
 1.7403431e-001
 1.5974510e-001
 1.5174082e-001
 1.5617673e-001
 1.6589582e-001
 1.7717810e-001
 1.8931480e-001
 1.9588052e-001
 1.9285107e-001
 1.7956468e-001
 1.6335487e-001
 1.5587412e-001
 1.5914589e-001
 1.5958333e-001
 1.5815021e-001
 1.5644129e-001
 1.5658443e-001
 1.6002780e-001
 1.6046405e-001
 1.6344425e-001
 1.6853970e-001
 1.7826591e-001
 1.8440510e-001
 1.8949912e-001
 1.9497485e-001
 1.9804962e-001
-1.2300000e+034
