s07_AV97 Record=1493: Hematite GDS69.e 20-30um    NIC4bbb RREF
-1.2300000e+034
-1.2300000e+034
-1.2300000e+034
-1.2300000e+034
-1.2300000e+034
-1.2300000e+034
-1.2300000e+034
-1.2300000e+034
-1.2300000e+034
-1.2300000e+034
-1.2300000e+034
-1.2300000e+034
-1.2300000e+034
-1.2300000e+034
-1.2300000e+034
-1.2300000e+034
-1.2300000e+034
-1.2300000e+034
-1.2300000e+034
-1.2300000e+034
-1.2300000e+034
-1.2300000e+034
-1.2300000e+034
-1.2300000e+034
-1.2300000e+034
-1.2300000e+034
-1.2300000e+034
-1.2300000e+034
-1.2300000e+034
-1.2300000e+034
-1.2300000e+034
-1.2300000e+034
-1.2300000e+034
-1.2300000e+034
-1.2300000e+034
-1.2300000e+034
-1.2300000e+034
-1.2300000e+034
-1.2300000e+034
-1.2300000e+034
-1.2300000e+034
-1.2300000e+034
-1.2300000e+034
-1.2300000e+034
-1.2300000e+034
-1.2300000e+034
-1.2300000e+034
-1.2300000e+034
-1.2300000e+034
-1.2300000e+034
-1.2300000e+034
-1.2300000e+034
-1.2300000e+034
-1.2300000e+034
-1.2300000e+034
-1.2300000e+034
-1.2300000e+034
-1.2300000e+034
-1.2300000e+034
-1.2300000e+034
-1.2300000e+034
-1.2300000e+034
-1.2300000e+034
-1.2300000e+034
-1.2300000e+034
-1.2300000e+034
-1.2300000e+034
-1.2300000e+034
-1.2300000e+034
-1.2300000e+034
-1.2300000e+034
-1.2300000e+034
-1.2300000e+034
-1.2300000e+034
-1.2300000e+034
-1.2300000e+034
-1.2300000e+034
-1.2300000e+034
-1.2300000e+034
-1.2300000e+034
-1.2300000e+034
-1.2300000e+034
-1.2300000e+034
-1.2300000e+034
-1.2300000e+034
-1.2300000e+034
-1.2300000e+034
-1.2300000e+034
-1.2300000e+034
-1.2300000e+034
-1.2300000e+034
-1.2300000e+034
-1.2300000e+034
-1.2300000e+034
-1.2300000e+034
-1.2300000e+034
-1.2300000e+034
-1.2300000e+034
-1.2300000e+034
-1.2300000e+034
-1.2300000e+034
-1.2300000e+034
-1.2300000e+034
-1.2300000e+034
-1.2300000e+034
-1.2300000e+034
-1.2300000e+034
-1.2300000e+034
-1.2300000e+034
-1.2300000e+034
-1.2300000e+034
-1.2300000e+034
-1.2300000e+034
-1.2300000e+034
-1.2300000e+034
 2.0726973e-001
 2.0748894e-001
 2.0752960e-001
 2.0782693e-001
 2.0838156e-001
 2.0919864e-001
 2.1013393e-001
 2.1106769e-001
 2.1171948e-001
 2.1254835e-001
 2.1378168e-001
 2.1515955e-001
 2.1640308e-001
 2.1768488e-001
 2.1879394e-001
 2.1994306e-001
 2.2132574e-001
 2.2286654e-001
 2.2436799e-001
 2.2584131e-001
 2.2714907e-001
 2.2838771e-001
 2.2961524e-001
 2.3097275e-001
 2.3263165e-001
 2.3407979e-001
 2.3570216e-001
 2.3711950e-001
 2.3833957e-001
 2.3969971e-001
 2.4105075e-001
 2.4266165e-001
 2.4436784e-001
 2.4593370e-001
 2.4744661e-001
 2.4870573e-001
 2.4992992e-001
 2.5118858e-001
 2.5265548e-001
 2.5413769e-001
 2.5594163e-001
 2.5745621e-001
 2.5888956e-001
 2.6005659e-001
 2.6097798e-001
 2.6072258e-001
 2.6148885e-001
 2.6223966e-001
 2.6335105e-001
 2.6481837e-001
 2.6648012e-001
 2.6820782e-001
 2.6981908e-001
 2.7124467e-001
 2.7237514e-001
 2.7351505e-001
 2.7470440e-001
 2.7607250e-001
 2.7767608e-001
 2.7947319e-001
 2.8119260e-001
 2.8285053e-001
 2.8438747e-001
 2.8552389e-001
 2.8668228e-001
 2.8772125e-001
 2.8862178e-001
 2.8988680e-001
 2.9120409e-001
 2.9281858e-001
 2.9443809e-001
 2.9604411e-001
 2.9765537e-001
 2.9895478e-001
 3.0020252e-001
 3.0125004e-001
 3.0224106e-001
 3.0300447e-001
 3.0405214e-001
 3.0522287e-001
 3.0641961e-001
 3.0796742e-001
 3.0958647e-001
 3.1105956e-001
 3.1249177e-001
 3.1408888e-001
 3.1535536e-001
 3.1641465e-001
 3.1713301e-001
 3.1892478e-001
 3.2033405e-001
 3.2158852e-001
 3.2302323e-001
 3.2399794e-001
 3.2534391e-001
 3.2659113e-001
 3.2801625e-001
 3.2943845e-001
 3.3080146e-001
 3.3219078e-001
 3.3310503e-001
 3.3435601e-001
 3.3539295e-001
 3.3667311e-001
 3.3788732e-001
 3.3897164e-001
 3.3999002e-001
 3.4092137e-001
 3.4202418e-001
