s07_AV97 Record=1282: Glauconite HS313.3B           BECKc AREF
 9.0229400e-002
 9.5807724e-002
 1.0076103e-001
 1.0670136e-001
 1.1085517e-001
 1.1470693e-001
 1.1932159e-001
 1.2323364e-001
 1.2560514e-001
 1.3014877e-001
 1.3646506e-001
 1.4309520e-001
 1.4849849e-001
 1.5292996e-001
 1.5723795e-001
 1.6161875e-001
 1.6479973e-001
 1.6659015e-001
 1.6935937e-001
 1.6931956e-001
 1.6801390e-001
 1.6535655e-001
 1.6091740e-001
 1.5670978e-001
 1.5111728e-001
 1.4783932e-001
 1.4329205e-001
 1.3868771e-001
 1.3515346e-001
 1.3083763e-001
 1.2781036e-001
 1.2379278e-001
 1.2844805e-001
 1.2420347e-001
 1.2212311e-001
 1.1887893e-001
 1.1552258e-001
 1.1355155e-001
 1.1156803e-001
 1.0973041e-001
 1.0893320e-001
 1.0641239e-001
 1.0656806e-001
 1.0647397e-001
 1.0626736e-001
 1.0650583e-001
 1.0626595e-001
 1.0788081e-001
 1.0737581e-001
 1.0591290e-001
 1.0978036e-001
 1.0770859e-001
 1.0783758e-001
 1.0694207e-001
 1.0302674e-001
 1.0141124e-001
 1.0051703e-001
 1.0182783e-001
 1.0093219e-001
 9.9438630e-002
 9.9248201e-002
 9.6315101e-002
 9.5763318e-002
 9.5485151e-002
 9.5645748e-002
 9.4181992e-002
 9.0440869e-002
 9.3140513e-002
 9.3132749e-002
 9.1759525e-002
 9.0590395e-002
 9.0381868e-002
 9.0953499e-002
 8.9770786e-002
 9.0365328e-002
 8.8810071e-002
 8.8021487e-002
 8.7850541e-002
 8.8292785e-002
 8.8195220e-002
 8.8894896e-002
 8.7679811e-002
 8.8412911e-002
 8.8833220e-002
 8.9474283e-002
 8.8680483e-002
 9.0670437e-002
 9.0656310e-002
 9.1694467e-002
 9.1211766e-002
 9.1489911e-002
 9.2496820e-002
 9.3171135e-002
 9.5204279e-002
 9.5323041e-002
 9.6822895e-002
 9.5268376e-002
 9.5901951e-002
 9.6893236e-002
 9.6658766e-002
 9.8840661e-002
 9.9339075e-002
 9.8862290e-002
 1.0000600e-001
 1.0095573e-001
 1.0277957e-001
 1.0252787e-001
 1.0466596e-001
 1.0643759e-001
 1.0709947e-001
 1.0629585e-001
 1.0730969e-001
 1.0788148e-001
 1.1027984e-001
 1.0995651e-001
 1.1008605e-001
 1.1136302e-001
 1.1269822e-001
 1.1420897e-001
 1.1576182e-001
 1.1748342e-001
 1.1854487e-001
 1.1924339e-001
 1.2229926e-001
 1.2253559e-001
 1.2443868e-001
 1.2531412e-001
 1.2698764e-001
 1.2732302e-001
 1.2802134e-001
 1.2938033e-001
 1.3040845e-001
 1.3372268e-001
 1.3405162e-001
 1.3596216e-001
 1.3562773e-001
 1.3965704e-001
 1.3992757e-001
 1.4146559e-001
 1.4415401e-001
 1.4469308e-001
 1.4533611e-001
 1.4943042e-001
 1.5140454e-001
 1.5126812e-001
 1.5429707e-001
 1.5621768e-001
 1.5975231e-001
 1.6361846e-001
 1.6463228e-001
 1.6596051e-001
 1.6886367e-001
 1.7003566e-001
 1.7263709e-001
 1.7339276e-001
 1.7444333e-001
 1.7730898e-001
 1.8188933e-001
 1.8367155e-001
 1.8414736e-001
 1.8378212e-001
 1.8603459e-001
 1.8749970e-001
 1.8643688e-001
 1.8729955e-001
 1.8958779e-001
 1.9370165e-001
 1.9677036e-001
 1.9545400e-001
 2.0127253e-001
 2.1115245e-001
 2.1071194e-001
 2.1604262e-001
 2.2051954e-001
 2.1884783e-001
 2.2228876e-001
 2.3085146e-001
 2.3127951e-001
 2.3715891e-001
 2.4191011e-001
 2.4477722e-001
 2.4779132e-001
 2.4981020e-001
 2.5361767e-001
 2.5765046e-001
 2.6077390e-001
 2.6268032e-001
 2.6401532e-001
 2.7050087e-001
 2.7242127e-001
 2.7099776e-001
 2.7044556e-001
 2.7076972e-001
 2.7227497e-001
 2.7208844e-001
 2.7059188e-001
 2.6002488e-001
 2.5484923e-001
 2.5282940e-001
 2.5210196e-001
 2.5706857e-001
 2.4642251e-001
 2.1838018e-001
 2.0697397e-001
 2.1129826e-001
 2.3239119e-001
 2.3563074e-001
 2.3204942e-001
 2.2429857e-001
 2.2100602e-001
 2.2991814e-001
 2.4856772e-001
 2.6116905e-001
 2.6655743e-001
 2.6692453e-001
 2.6460010e-001
 2.6060212e-001
 2.5563908e-001
 2.5122705e-001
 2.4752805e-001
 2.4585426e-001
 2.4558887e-001
 2.4583364e-001
 2.4598081e-001
