s07_AV97 Record=2464: Olivine KI3188 Fo51 <60um     BECKb AREF
 1.4176150e-001
 1.7043528e-001
 1.9754383e-001
 2.1472955e-001
 2.3428623e-001
 2.5293618e-001
 2.6103279e-001
 2.6731881e-001
 2.6763737e-001
 2.7076662e-001
 2.8241101e-001
 2.9809630e-001
 3.0848643e-001
 3.1457978e-001
 3.3255607e-001
 3.4697166e-001
 3.5538113e-001
 3.6659747e-001
 3.7780234e-001
 3.8635135e-001
 3.9079934e-001
 3.9427629e-001
 3.9580098e-001
 3.9726180e-001
 3.9744100e-001
 3.9782414e-001
 4.0006992e-001
 4.0417841e-001
 4.0991542e-001
 4.1574979e-001
 4.1904455e-001
 4.1852671e-001
 4.1893667e-001
 4.1878277e-001
 4.1720748e-001
 4.1582492e-001
 4.1195706e-001
 4.0634173e-001
 4.0230840e-001
 3.9459720e-001
 3.8650405e-001
 3.7856761e-001
 3.7093171e-001
 3.6195207e-001
 3.5191739e-001
 3.4224984e-001
 3.3268279e-001
 3.2143894e-001
 3.1286126e-001
 3.0484176e-001
 2.9959553e-001
 2.8888240e-001
 2.8084868e-001
 2.7611354e-001
 2.6722157e-001
 2.6000327e-001
 2.5889510e-001
 2.5191379e-001
 2.4989037e-001
 2.4848379e-001
 2.4240710e-001
 2.3745629e-001
 2.3085469e-001
 2.2502290e-001
 2.2101671e-001
 2.1610789e-001
 2.1333180e-001
 2.0531254e-001
 2.0223853e-001
 1.9774203e-001
 1.9521387e-001
 1.9263673e-001
 1.8946968e-001
 1.8953015e-001
 1.8839644e-001
 1.8780056e-001
 1.8907234e-001
 1.9329172e-001
 1.9523847e-001
 1.9608964e-001
 1.9929346e-001
 2.0248200e-001
 2.0571588e-001
 2.0917785e-001
 2.1348858e-001
 2.1476291e-001
 2.1417744e-001
 2.1689418e-001
 2.1952967e-001
 2.2042282e-001
 2.2336732e-001
 2.2553195e-001
 2.2323990e-001
 2.2761835e-001
 2.2944899e-001
 2.3009044e-001
 2.2749843e-001
 2.3038141e-001
 2.3212957e-001
 2.3423469e-001
 2.3705988e-001
 2.3986393e-001
 2.4279498e-001
 2.4526624e-001
 2.4794990e-001
 2.5349492e-001
 2.5775447e-001
 2.6194954e-001
 2.6630002e-001
 2.7417114e-001
 2.7853429e-001
 2.8371823e-001
 2.9085922e-001
 2.9850373e-001
 3.0513886e-001
 3.1453973e-001
 3.1946725e-001
 3.2711774e-001
 3.3446902e-001
 3.4236947e-001
 3.5108849e-001
 3.6029723e-001
 3.6629811e-001
 3.7626925e-001
 3.8621843e-001
 3.9267415e-001
 3.9909193e-001
 4.0817913e-001
 4.1481146e-001
 4.2403147e-001
 4.2966262e-001
 4.3642327e-001
 4.4262931e-001
 4.4738787e-001
 4.5370510e-001
 4.6012250e-001
 4.6458066e-001
 4.6951339e-001
 4.7652993e-001
 4.7812727e-001
 4.8123378e-001
 4.8642814e-001
 4.8992342e-001
 4.9343231e-001
 4.9385461e-001
 4.9705684e-001
 4.9953443e-001
 5.0384241e-001
 5.0654030e-001
 5.0760597e-001
 5.1252902e-001
 5.0839919e-001
 5.1092178e-001
 5.1508904e-001
 5.1410115e-001
 5.1292723e-001
 5.1356936e-001
 5.1833874e-001
 5.1964128e-001
 5.1755553e-001
 5.1803195e-001
 5.1905602e-001
 5.2187830e-001
 5.2041197e-001
 5.2112478e-001
 5.2191532e-001
 5.2088910e-001
 5.2298498e-001
 5.2416956e-001
 5.2558517e-001
 5.2793497e-001
 5.2870816e-001
 5.2703577e-001
 5.2835143e-001
 5.2792788e-001
 5.2935463e-001
 5.3238153e-001
 5.3264713e-001
 5.3037000e-001
 5.2912992e-001
 5.3127390e-001
 5.3297025e-001
 5.3283489e-001
 5.3325409e-001
 5.3462607e-001
 5.3623855e-001
 5.3906828e-001
 5.3934711e-001
 5.3786105e-001
 5.3871840e-001
 5.3709733e-001
 5.3519177e-001
 5.3177530e-001
 5.3292942e-001
 5.3309786e-001
 5.3309977e-001
 5.3407985e-001
 5.2706087e-001
 5.2662772e-001
 5.3293413e-001
 5.3299356e-001
 5.3279507e-001
 5.3313488e-001
 5.3434438e-001
 5.3547168e-001
 5.3646213e-001
 5.3816783e-001
 5.4133815e-001
 5.4441756e-001
 5.4407364e-001
 5.4120940e-001
 5.4490805e-001
 5.4421902e-001
 5.4527539e-001
 5.4736191e-001
 5.4621220e-001
 5.4319900e-001
 5.4101789e-001
 5.4063445e-001
 5.4216582e-001
 5.4551977e-001
 5.4904699e-001
 5.5081719e-001
 5.4968214e-001
