s07_AV97 Record=1496: Hematite GDS69.f 10-20um    NIC4bbb RREF
-1.2300000e+034
-1.2300000e+034
-1.2300000e+034
-1.2300000e+034
-1.2300000e+034
-1.2300000e+034
-1.2300000e+034
-1.2300000e+034
-1.2300000e+034
-1.2300000e+034
-1.2300000e+034
-1.2300000e+034
-1.2300000e+034
-1.2300000e+034
-1.2300000e+034
-1.2300000e+034
-1.2300000e+034
-1.2300000e+034
-1.2300000e+034
-1.2300000e+034
-1.2300000e+034
-1.2300000e+034
-1.2300000e+034
-1.2300000e+034
-1.2300000e+034
-1.2300000e+034
-1.2300000e+034
-1.2300000e+034
-1.2300000e+034
-1.2300000e+034
-1.2300000e+034
-1.2300000e+034
-1.2300000e+034
-1.2300000e+034
-1.2300000e+034
-1.2300000e+034
-1.2300000e+034
-1.2300000e+034
-1.2300000e+034
-1.2300000e+034
-1.2300000e+034
-1.2300000e+034
-1.2300000e+034
-1.2300000e+034
-1.2300000e+034
-1.2300000e+034
-1.2300000e+034
-1.2300000e+034
-1.2300000e+034
-1.2300000e+034
-1.2300000e+034
-1.2300000e+034
-1.2300000e+034
-1.2300000e+034
-1.2300000e+034
-1.2300000e+034
-1.2300000e+034
-1.2300000e+034
-1.2300000e+034
-1.2300000e+034
-1.2300000e+034
-1.2300000e+034
-1.2300000e+034
-1.2300000e+034
-1.2300000e+034
-1.2300000e+034
-1.2300000e+034
-1.2300000e+034
-1.2300000e+034
-1.2300000e+034
-1.2300000e+034
-1.2300000e+034
-1.2300000e+034
-1.2300000e+034
-1.2300000e+034
-1.2300000e+034
-1.2300000e+034
-1.2300000e+034
-1.2300000e+034
-1.2300000e+034
-1.2300000e+034
-1.2300000e+034
-1.2300000e+034
-1.2300000e+034
-1.2300000e+034
-1.2300000e+034
-1.2300000e+034
-1.2300000e+034
-1.2300000e+034
-1.2300000e+034
-1.2300000e+034
-1.2300000e+034
-1.2300000e+034
-1.2300000e+034
-1.2300000e+034
-1.2300000e+034
-1.2300000e+034
-1.2300000e+034
-1.2300000e+034
-1.2300000e+034
-1.2300000e+034
-1.2300000e+034
-1.2300000e+034
-1.2300000e+034
-1.2300000e+034
-1.2300000e+034
-1.2300000e+034
-1.2300000e+034
-1.2300000e+034
-1.2300000e+034
-1.2300000e+034
-1.2300000e+034
-1.2300000e+034
-1.2300000e+034
-1.2300000e+034
-1.2300000e+034
-1.2300000e+034
-1.2300000e+034
 3.0689472e-001
 3.0769783e-001
 3.0902976e-001
 3.1038183e-001
 3.1188238e-001
 3.1330559e-001
 3.1496343e-001
 3.1702825e-001
 3.1934345e-001
 3.2159993e-001
 3.2378164e-001
 3.2569152e-001
 3.2770205e-001
 3.2999083e-001
 3.3236125e-001
 3.3485410e-001
 3.3716893e-001
 3.3929205e-001
 3.4112039e-001
 3.4308118e-001
 3.4515527e-001
 3.4730861e-001
 3.4951532e-001
 3.5151786e-001
 3.5326099e-001
 3.5492229e-001
 3.5667920e-001
 3.5850793e-001
 3.6046645e-001
 3.6233225e-001
 3.6423129e-001
 3.6586457e-001
 3.6731508e-001
 3.6862099e-001
 3.7012401e-001
 3.7171197e-001
 3.7326089e-001
 3.7497455e-001
 3.7666240e-001
 3.7818462e-001
 3.7921411e-001
 3.8026682e-001
 3.7992385e-001
 3.8087139e-001
 3.8165611e-001
 3.8269746e-001
 3.8432738e-001
 3.8614827e-001
 3.8788080e-001
 3.8946119e-001
 3.9063203e-001
 3.9179054e-001
 3.9295304e-001
 3.9426216e-001
 3.9564994e-001
 3.9719188e-001
 3.9886340e-001
 4.0044862e-001
 4.0184617e-001
 4.0316230e-001
 4.0428156e-001
 4.0514204e-001
 4.0600181e-001
 4.0685982e-001
 4.0786329e-001
 4.0907282e-001
 4.1040304e-001
 4.1189104e-001
 4.1326100e-001
 4.1457394e-001
 4.1561726e-001
 4.1647083e-001
 4.1720805e-001
 4.1778335e-001
 4.1837984e-001
 4.1900122e-001
 4.1990179e-001
 4.2094767e-001
 4.2211854e-001
 4.2327097e-001
 4.2430797e-001
 4.2538744e-001
 4.2638844e-001
 4.2719725e-001
 4.2763099e-001
 4.2804834e-001
 4.2874050e-001
 4.2960143e-001
 4.3035254e-001
 4.3137082e-001
 4.3193087e-001
 4.3261805e-001
 4.3347764e-001
 4.3415469e-001
 4.3491480e-001
 4.3557364e-001
 4.3626925e-001
 4.3695173e-001
 4.3751174e-001
 4.3813121e-001
 4.3881753e-001
 4.3948060e-001
 4.4001716e-001
 4.4065550e-001
 4.4112182e-001
 4.4164938e-001
