s07_AV97 Record=1172: Epsomite GDS149             NIC4ccu RREF
-1.2300000e+034
-1.2300000e+034
-1.2300000e+034
-1.2300000e+034
-1.2300000e+034
-1.2300000e+034
-1.2300000e+034
-1.2300000e+034
-1.2300000e+034
-1.2300000e+034
-1.2300000e+034
-1.2300000e+034
-1.2300000e+034
-1.2300000e+034
-1.2300000e+034
-1.2300000e+034
-1.2300000e+034
-1.2300000e+034
-1.2300000e+034
-1.2300000e+034
-1.2300000e+034
-1.2300000e+034
-1.2300000e+034
-1.2300000e+034
-1.2300000e+034
-1.2300000e+034
-1.2300000e+034
-1.2300000e+034
-1.2300000e+034
-1.2300000e+034
-1.2300000e+034
-1.2300000e+034
-1.2300000e+034
-1.2300000e+034
-1.2300000e+034
-1.2300000e+034
-1.2300000e+034
-1.2300000e+034
-1.2300000e+034
-1.2300000e+034
-1.2300000e+034
-1.2300000e+034
-1.2300000e+034
-1.2300000e+034
-1.2300000e+034
-1.2300000e+034
-1.2300000e+034
-1.2300000e+034
-1.2300000e+034
-1.2300000e+034
-1.2300000e+034
-1.2300000e+034
-1.2300000e+034
-1.2300000e+034
-1.2300000e+034
-1.2300000e+034
-1.2300000e+034
-1.2300000e+034
-1.2300000e+034
-1.2300000e+034
-1.2300000e+034
-1.2300000e+034
-1.2300000e+034
-1.2300000e+034
-1.2300000e+034
-1.2300000e+034
-1.2300000e+034
-1.2300000e+034
-1.2300000e+034
-1.2300000e+034
-1.2300000e+034
-1.2300000e+034
-1.2300000e+034
-1.2300000e+034
-1.2300000e+034
-1.2300000e+034
-1.2300000e+034
-1.2300000e+034
-1.2300000e+034
-1.2300000e+034
-1.2300000e+034
-1.2300000e+034
-1.2300000e+034
-1.2300000e+034
-1.2300000e+034
-1.2300000e+034
-1.2300000e+034
-1.2300000e+034
-1.2300000e+034
-1.2300000e+034
-1.2300000e+034
-1.2300000e+034
-1.2300000e+034
-1.2300000e+034
-1.2300000e+034
-1.2300000e+034
-1.2300000e+034
-1.2300000e+034
-1.2300000e+034
-1.2300000e+034
-1.2300000e+034
-1.2300000e+034
-1.2300000e+034
-1.2300000e+034
-1.2300000e+034
-1.2300000e+034
-1.2300000e+034
-1.2300000e+034
-1.2300000e+034
-1.2300000e+034
-1.2300000e+034
-1.2300000e+034
-1.2300000e+034
-1.2300000e+034
-1.2300000e+034
-1.2300000e+034
-1.2300000e+034
-1.2300000e+034
-1.2300000e+034
 7.2610714e-002
 7.1278527e-002
 7.0671104e-002
 7.0523463e-002
 7.0600748e-002
 7.0759006e-002
 7.1085975e-002
 7.1552016e-002
 7.2149344e-002
 7.2838828e-002
 7.3496655e-002
 7.4167937e-002
 7.5046591e-002
 7.5923815e-002
 7.6869458e-002
 7.7811845e-002
 7.8782104e-002
 7.9702049e-002
 8.0528416e-002
 8.1193373e-002
 8.1688501e-002
 8.1917584e-002
 8.1941225e-002
 8.1932679e-002
 8.2035132e-002
 8.2259290e-002
 8.2499132e-002
 8.2719855e-002
 8.2903363e-002
 8.3036192e-002
 8.3125956e-002
 8.3195418e-002
 8.3303370e-002
 8.3422005e-002
 8.3469421e-002
 8.3202451e-002
 8.2346693e-002
 8.0623619e-002
 7.7467889e-002
 7.2137579e-002
 6.4391069e-002
 6.7146562e-002
 5.7652861e-002
 4.6524178e-002
 3.5910334e-002
 2.7898809e-002
 2.2907229e-002
 2.0951381e-002
 2.1867357e-002
 2.3149120e-002
 2.4046756e-002
 2.5481423e-002
 2.7802223e-002
 3.0763878e-002
 3.3966042e-002
 3.7125323e-002
 4.0147375e-002
 4.2783581e-002
 4.5162790e-002
 4.7335241e-002
 4.9255732e-002
 5.1023901e-002
 5.2587792e-002
 5.3834695e-002
 5.4728419e-002
 5.5536103e-002
 5.6247387e-002
 5.6852341e-002
 5.7373062e-002
 5.7874005e-002
 5.8300741e-002
 5.8565103e-002
 5.8769077e-002
 5.9044827e-002
 5.9217110e-002
 5.9348438e-002
 5.9440341e-002
 5.9349608e-002
 5.8997333e-002
 5.8235466e-002
 5.7066545e-002
 5.5448860e-002
 5.3464029e-002
 5.0883193e-002
 4.7733244e-002
 4.4250745e-002
 4.0360887e-002
 3.6355045e-002
 3.2667197e-002
 2.9513652e-002
 2.7039064e-002
 2.4947900e-002
 2.3048799e-002
 2.1407165e-002
 2.0213803e-002
 1.9462965e-002
 1.9013865e-002
 1.8802894e-002
 1.8614054e-002
 1.8373245e-002
 1.7962394e-002
 1.7413842e-002
 1.6920153e-002
 1.6334899e-002
 1.5828269e-002
