s07_AV97 Record=1096: Dolomite HS102.3B           NIC4bbb RREF
-1.2300000e+034
-1.2300000e+034
-1.2300000e+034
-1.2300000e+034
-1.2300000e+034
-1.2300000e+034
-1.2300000e+034
-1.2300000e+034
-1.2300000e+034
-1.2300000e+034
-1.2300000e+034
-1.2300000e+034
-1.2300000e+034
-1.2300000e+034
-1.2300000e+034
-1.2300000e+034
-1.2300000e+034
-1.2300000e+034
-1.2300000e+034
-1.2300000e+034
-1.2300000e+034
-1.2300000e+034
-1.2300000e+034
-1.2300000e+034
-1.2300000e+034
-1.2300000e+034
-1.2300000e+034
-1.2300000e+034
-1.2300000e+034
-1.2300000e+034
-1.2300000e+034
-1.2300000e+034
-1.2300000e+034
-1.2300000e+034
-1.2300000e+034
-1.2300000e+034
-1.2300000e+034
-1.2300000e+034
-1.2300000e+034
-1.2300000e+034
-1.2300000e+034
-1.2300000e+034
-1.2300000e+034
-1.2300000e+034
-1.2300000e+034
-1.2300000e+034
-1.2300000e+034
-1.2300000e+034
-1.2300000e+034
-1.2300000e+034
-1.2300000e+034
-1.2300000e+034
-1.2300000e+034
-1.2300000e+034
-1.2300000e+034
-1.2300000e+034
-1.2300000e+034
-1.2300000e+034
-1.2300000e+034
-1.2300000e+034
-1.2300000e+034
-1.2300000e+034
-1.2300000e+034
-1.2300000e+034
-1.2300000e+034
-1.2300000e+034
-1.2300000e+034
-1.2300000e+034
-1.2300000e+034
-1.2300000e+034
-1.2300000e+034
-1.2300000e+034
-1.2300000e+034
-1.2300000e+034
-1.2300000e+034
-1.2300000e+034
-1.2300000e+034
-1.2300000e+034
-1.2300000e+034
-1.2300000e+034
-1.2300000e+034
-1.2300000e+034
-1.2300000e+034
-1.2300000e+034
-1.2300000e+034
-1.2300000e+034
-1.2300000e+034
-1.2300000e+034
-1.2300000e+034
-1.2300000e+034
-1.2300000e+034
-1.2300000e+034
-1.2300000e+034
-1.2300000e+034
-1.2300000e+034
-1.2300000e+034
-1.2300000e+034
-1.2300000e+034
-1.2300000e+034
-1.2300000e+034
-1.2300000e+034
-1.2300000e+034
-1.2300000e+034
-1.2300000e+034
-1.2300000e+034
-1.2300000e+034
-1.2300000e+034
-1.2300000e+034
-1.2300000e+034
-1.2300000e+034
-1.2300000e+034
-1.2300000e+034
-1.2300000e+034
-1.2300000e+034
-1.2300000e+034
-1.2300000e+034
-1.2300000e+034
-1.2300000e+034
-1.2300000e+034
-1.2300000e+034
-1.2300000e+034
-1.2300000e+034
-1.2300000e+034
-1.2300000e+034
-1.2300000e+034
-1.2300000e+034
-1.2300000e+034
 5.1332510e-001
 5.1663369e-001
 5.1977116e-001
 5.2270824e-001
 5.2573586e-001
 5.2893728e-001
 5.3207636e-001
 5.3497064e-001
 5.3763533e-001
 5.3985429e-001
 5.4212290e-001
 5.4457271e-001
 5.4694903e-001
 5.4909992e-001
 5.5110121e-001
 5.5284017e-001
 5.5427796e-001
 5.5571324e-001
 5.5742306e-001
 5.5960202e-001
 5.6201488e-001
 5.6364375e-001
 5.6494081e-001
 5.6568640e-001
 5.6612563e-001
 5.6598604e-001
 5.6598872e-001
 5.6622243e-001
 5.6602389e-001
 5.6461978e-001
 5.6413066e-001
 5.6804991e-001
 5.7094288e-001
 5.7032210e-001
 5.7120323e-001
 5.7050246e-001
 5.6974369e-001
 5.6946790e-001
 5.6918454e-001
 5.6878430e-001
 5.6866670e-001
 5.6817287e-001
 5.6677252e-001
 5.6565422e-001
 5.6750059e-001
 5.7153469e-001
 5.7436889e-001
 5.7610196e-001
 5.7708395e-001
 5.7770991e-001
 5.7791167e-001
 5.7765526e-001
 5.7706469e-001
 5.7606930e-001
 5.7493347e-001
 5.7354909e-001
 5.7098794e-001
 5.6751496e-001
 5.6372678e-001
 5.6058311e-001
 5.6034881e-001
 5.6140882e-001
 5.6169182e-001
 5.6098706e-001
 5.5848098e-001
 5.5448198e-001
 5.4926282e-001
 5.4372048e-001
 5.3756869e-001
 5.2851856e-001
 5.1430595e-001
 4.9669105e-001
 4.8165473e-001
 4.7375941e-001
 4.6548924e-001
 4.5359188e-001
 4.4227704e-001
 4.3372369e-001
 4.3897229e-001
 4.6896005e-001
 5.0640857e-001
 5.2933681e-001
 5.3384286e-001
 5.2940470e-001
 5.2348042e-001
 5.1717544e-001
 5.0957572e-001
 4.9943686e-001
 4.8118693e-001
 4.6053198e-001
 4.3600687e-001
 4.1637155e-001
 4.0727907e-001
 4.0047446e-001
 3.8296089e-001
 3.6205146e-001
 3.4551716e-001
