s07_AV97 Record=1010: Datolite HS442.4B            ASDFRb AREF
 5.3475410e-001
 5.5791026e-001
 5.8004683e-001
 5.9924614e-001
 6.1549056e-001
 6.3022971e-001
 6.4422548e-001
 6.5745199e-001
 6.6934437e-001
 6.7949384e-001
 6.8812722e-001
 6.9604510e-001
 7.0315540e-001
 7.0947969e-001
 7.1596330e-001
 7.2307813e-001
 7.2884864e-001
 7.3262733e-001
 7.3491794e-001
 7.3646098e-001
 7.3726857e-001
 7.3779321e-001
 7.3845249e-001
 7.3988336e-001
 7.4193442e-001
 7.4421012e-001
 7.4758255e-001
 7.5079590e-001
 7.5333089e-001
 7.5556457e-001
 7.5752175e-001
 7.5921375e-001
 7.5724107e-001
 7.5890666e-001
 7.6037812e-001
 7.6176268e-001
 7.6266867e-001
 7.6348686e-001
 7.6445752e-001
 7.6557869e-001
 7.6662803e-001
 7.6779479e-001
 7.6876682e-001
 7.6875901e-001
 7.6889175e-001
 7.7305162e-001
 7.7586764e-001
 7.7748221e-001
 7.7908474e-001
 7.8045750e-001
 7.8147668e-001
 7.8230876e-001
 7.8302753e-001
 7.8358316e-001
 7.8396213e-001
 7.8431255e-001
 7.8358358e-001
 7.8112698e-001
 7.8193671e-001
 7.8390026e-001
 7.8539884e-001
 7.8675979e-001
 7.8771007e-001
 7.8832912e-001
 7.8768563e-001
 7.8352302e-001
 7.7401662e-001
 7.5872195e-001
 7.2724426e-001
 7.6256710e-001
 7.9222500e-001
 8.0009508e-001
 8.0373216e-001
 8.0511582e-001
 8.0549943e-001
 8.0560344e-001
 8.0388302e-001
 8.0215603e-001
 8.0215609e-001
 8.0315727e-001
 8.0401289e-001
 8.0531478e-001
 8.0687839e-001
 8.0713665e-001
 8.0686444e-001
 8.0653226e-001
 8.0660647e-001
 8.0685544e-001
 8.0561984e-001
 8.0313826e-001
 7.9645079e-001
 7.8208470e-001
 7.6508427e-001
 7.2219861e-001
 7.0243990e-001
 7.2444808e-001
 7.0959789e-001
 7.0840669e-001
 7.3840892e-001
 7.4933881e-001
 7.5390643e-001
 7.5934178e-001
 7.6757705e-001
 7.7189314e-001
 7.7877706e-001
 7.7419478e-001
 7.7148795e-001
 7.7126658e-001
 7.7274436e-001
 7.6962852e-001
 7.5548959e-001
 7.3760748e-001
 7.1703917e-001
 6.7177767e-001
 6.2190574e-001
 5.9386140e-001
 5.5396247e-001
 4.1288766e-001
 2.6331347e-001
 4.8844874e-001
 6.3542956e-001
 6.9400352e-001
 7.2580308e-001
 7.5185591e-001
 7.7466798e-001
 7.8752226e-001
 7.9286170e-001
 7.9660803e-001
 7.9869622e-001
 7.9903656e-001
 7.9915702e-001
 7.9778165e-001
 7.9645991e-001
 7.9495358e-001
 7.9223537e-001
 7.8723943e-001
 7.7850568e-001
 7.6826221e-001
 7.5404632e-001
 7.3328424e-001
 7.0441282e-001
 6.8019831e-001
 6.4989382e-001
 6.2970906e-001
 6.2673193e-001
 6.3679653e-001
 6.4597005e-001
 6.5015882e-001
 6.4363319e-001
 6.3692725e-001
 6.3170415e-001
 6.3556868e-001
 6.4577001e-001
 6.6036302e-001
 6.6990703e-001
 6.7592150e-001
 6.7813444e-001
 6.8108118e-001
 6.8188673e-001
 6.7925799e-001
 6.8033314e-001
 6.7849368e-001
 6.7599541e-001
 6.6966748e-001
 6.6926247e-001
 6.7098081e-001
 6.6964364e-001
 6.6820884e-001
 6.6544765e-001
 6.5877622e-001
 6.5505779e-001
 6.5728712e-001
 6.5866506e-001
 6.5544719e-001
 6.4902973e-001
 6.4337748e-001
 6.3559407e-001
 6.0575092e-001
 5.5513412e-001
 5.2734071e-001
 5.1801682e-001
 5.3063107e-001
 4.8661375e-001
 3.6519688e-001
 2.4979541e-001
 2.2826257e-001
 2.3929736e-001
 2.0132677e-001
 1.7514542e-001
 2.0191799e-001
 2.3460034e-001
 2.6493132e-001
 2.8712457e-001
 2.8500283e-001
 2.4165125e-001
 2.3051326e-001
 2.5000039e-001
 2.4479766e-001
 2.2477020e-001
 2.2650178e-001
 2.2155234e-001
 2.6184180e-001
 3.3264908e-001
 3.4753376e-001
 3.3110344e-001
 3.3283472e-001
 3.1911084e-001
 3.2352883e-001
 4.0606406e-001
 3.8513142e-001
 2.4593173e-001
 1.2525526e-001
 1.1470785e-001
 9.6989021e-002
 1.3255267e-001
 1.9136052e-001
 1.4903274e-001
 1.4376958e-001
 1.5885143e-001
 1.3865198e-001
 1.4002451e-001
 1.7113417e-001
 1.9816197e-001
-1.2300000e+034
