s07_AV97 Record=2069: Microcline NMNH135231 Fspar   BECKc AREF
 5.1486874e-001
 5.2365834e-001
 5.3863066e-001
 5.5390358e-001
 5.6992543e-001
 5.8592325e-001
 6.0367978e-001
 6.2220550e-001
 6.3822782e-001
 6.5020174e-001
 6.5991431e-001
 6.6832078e-001
 6.7723113e-001
 6.8702263e-001
 6.9738626e-001
 7.0585907e-001
 7.1290159e-001
 7.1543270e-001
 7.1501887e-001
 7.0941836e-001
 7.0092589e-001
 6.9133162e-001
 6.8125778e-001
 6.7076629e-001
 6.6321915e-001
 6.5833545e-001
 6.5667802e-001
 6.5761954e-001
 6.6093379e-001
 6.6619325e-001
 6.7269123e-001
 6.7912781e-001
 6.7171109e-001
 6.7781091e-001
 6.8495136e-001
 6.9295192e-001
 7.0130658e-001
 7.0847088e-001
 7.1419328e-001
 7.2128367e-001
 7.2808725e-001
 7.3471940e-001
 7.4051917e-001
 7.4768138e-001
 7.5331008e-001
 7.5952393e-001
 7.6587725e-001
 7.7065831e-001
 7.7486199e-001
 7.8009880e-001
 7.8204226e-001
 7.8596044e-001
 7.9269850e-001
 7.9379469e-001
 7.9409975e-001
 7.9901791e-001
 7.9979372e-001
 7.9964346e-001
 8.0089414e-001
 8.0342489e-001
 8.0359423e-001
 8.0218321e-001
 8.0494261e-001
 8.0564094e-001
 8.0741322e-001
 8.0843043e-001
 8.0636102e-001
 8.0830532e-001
 8.1027824e-001
 8.1046939e-001
 8.1189620e-001
 8.1044447e-001
 8.1139255e-001
 8.1087637e-001
 8.1135565e-001
 8.1027162e-001
 8.1108075e-001
 8.1178761e-001
 8.1188089e-001
 8.1171626e-001
 8.1108260e-001
 8.1003726e-001
 8.1035471e-001
 8.1119335e-001
 8.1167173e-001
 8.0983925e-001
 8.1160116e-001
 8.1135052e-001
 8.0941212e-001
 8.1078595e-001
 8.1086260e-001
 8.0873007e-001
 8.0916154e-001
 8.1026733e-001
 8.1132454e-001
 8.1058842e-001
 8.1046849e-001
 8.1089312e-001
 8.1010288e-001
 8.1038994e-001
 8.1011695e-001
 8.0982846e-001
 8.1021976e-001
 8.0927068e-001
 8.1036127e-001
 8.1008905e-001
 8.1072426e-001
 8.0995721e-001
 8.1133777e-001
 8.1177652e-001
 8.1155878e-001
 8.1096786e-001
 8.1114388e-001
 8.1071144e-001
 8.1163108e-001
 8.1229776e-001
 8.1365788e-001
 8.1440455e-001
 8.1426662e-001
 8.1263614e-001
 8.1571567e-001
 8.1681985e-001
 8.1795961e-001
 8.1924808e-001
 8.1880146e-001
 8.1902277e-001
 8.2194984e-001
 8.2222664e-001
 8.2103944e-001
 8.2331121e-001
 8.2271081e-001
 8.2364219e-001
 8.2541996e-001
 8.2384151e-001
 8.2365036e-001
 8.2625985e-001
 8.2541203e-001
 8.2539213e-001
 8.2475942e-001
 8.2479137e-001
 8.2805574e-001
 8.2895178e-001
 8.2827836e-001
 8.2555145e-001
 8.2640916e-001
 8.2839519e-001
 8.3124918e-001
 8.3119494e-001
 8.3047920e-001
 8.3067697e-001
 8.3437675e-001
 8.3027917e-001
 8.2860202e-001
 8.2735842e-001
 8.3043832e-001
 8.2575428e-001
 8.2951176e-001
 8.2932633e-001
 8.2620347e-001
 8.2475394e-001
 8.2557136e-001
 8.2221520e-001
 8.2011235e-001
 8.1686234e-001
 8.1213790e-001
 8.1603307e-001
 8.1733024e-001
 8.1623542e-001
 8.2162672e-001
 8.2303405e-001
 8.2496905e-001
 8.2710254e-001
 8.2703197e-001
 8.2811660e-001
 8.2876694e-001
 8.3495826e-001
 8.3361411e-001
 8.3042872e-001
 8.3307827e-001
 8.3148360e-001
 8.3253855e-001
 8.3202529e-001
 8.3643383e-001
 8.3970439e-001
 8.3865672e-001
 8.4104377e-001
 8.4031224e-001
 8.3676910e-001
 8.3931309e-001
 8.3729619e-001
 8.3044803e-001
 8.3144051e-001
 8.2858735e-001
 8.2342160e-001
 8.2789499e-001
 8.2547975e-001
 8.2829142e-001
 8.3036727e-001
 8.2725757e-001
 8.2776707e-001
 8.2986969e-001
 8.2997549e-001
 8.3401251e-001
 8.3041841e-001
 8.3032805e-001
 8.3600646e-001
 8.3248329e-001
 8.3184630e-001
 8.3473259e-001
 8.3522576e-001
 8.3639145e-001
 8.3553004e-001
 8.3442813e-001
 8.3432430e-001
 8.3416814e-001
 8.3241993e-001
 8.2989424e-001
 8.2793021e-001
 8.2701379e-001
 8.2694083e-001
 8.2764280e-001
 8.2820934e-001
 8.2759333e-001
 8.2522094e-001
