s07_AV97 Record=1385: Gypsum HS333.3B (Selenite)   ASDNGa AREF
 8.5680521e-001
 8.5990185e-001
 8.6386198e-001
 8.6765206e-001
 8.7144738e-001
 8.7516761e-001
 8.7898254e-001
 8.8299358e-001
 8.8708895e-001
 8.9123404e-001
 8.9525080e-001
 8.9906615e-001
 9.0260476e-001
 9.0587854e-001
 9.0892434e-001
 9.1170549e-001
 9.1411316e-001
 9.1621244e-001
 9.1806942e-001
 9.1975290e-001
 9.2133045e-001
 9.2257148e-001
 9.2365581e-001
 9.2449343e-001
 9.2516917e-001
 9.2562091e-001
 9.2595500e-001
 9.2628402e-001
 9.2662293e-001
 9.2694676e-001
 9.2728943e-001
 9.2755276e-001
 9.2723995e-001
 9.2750162e-001
 9.2776573e-001
 9.2809659e-001
 9.2819071e-001
 9.2803007e-001
 9.2766136e-001
 9.2728931e-001
 9.2654562e-001
 9.2523253e-001
 9.2375946e-001
 9.2310852e-001
 9.2343068e-001
 9.2436999e-001
 9.2550927e-001
 9.2652094e-001
 9.2702889e-001
 9.2684656e-001
 9.2582059e-001
 9.2365491e-001
 9.2131901e-001
 9.1988581e-001
 9.1945440e-001
 9.1893679e-001
 9.1745317e-001
 9.1471702e-001
 9.1213328e-001
 9.1105330e-001
 9.1006291e-001
 9.0671420e-001
 9.0013480e-001
 8.9142108e-001
 8.8077581e-001
 8.6892939e-001
 8.5952502e-001
 8.5860455e-001
 8.6968148e-001
 8.8136131e-001
 8.9246613e-001
 9.0101218e-001
 9.0685296e-001
 9.1029263e-001
 9.1156489e-001
 9.1127878e-001
 9.0945560e-001
 9.0593714e-001
 9.0089363e-001
 8.9639902e-001
 8.9173484e-001
 8.8588101e-001
 8.7469232e-001
 8.5265130e-001
 8.2070500e-001
 7.8937089e-001
 7.7477521e-001
 7.7272475e-001
 7.6921731e-001
 7.7253002e-001
 7.8582001e-001
 7.8882015e-001
 7.9916728e-001
 8.1333411e-001
 8.1908405e-001
 8.2264996e-001
 8.1650364e-001
 8.2087642e-001
 8.2423145e-001
 8.2555932e-001
 8.2404244e-001
 8.1931663e-001
 8.0961186e-001
 7.9534292e-001
 7.7754366e-001
 7.5413418e-001
 7.2906351e-001
 7.0887536e-001
 6.9199032e-001
 6.8026561e-001
 6.6720086e-001
 6.3565308e-001
 5.8256716e-001
 5.2061492e-001
 4.6113524e-001
 3.9117783e-001
 4.0528041e-001
 4.4296765e-001
 4.5708722e-001
 4.5286423e-001
 4.5035049e-001
 4.8439574e-001
 5.0859755e-001
 5.0915104e-001
 4.9937668e-001
 5.0817412e-001
 5.4445344e-001
 5.8035934e-001
 6.0695344e-001
 6.2760490e-001
 6.4738160e-001
 6.6885430e-001
 6.8907696e-001
 7.0602357e-001
 7.2181851e-001
 7.3658884e-001
 7.4776524e-001
 7.5448328e-001
 7.5543505e-001
 7.4865478e-001
 7.3174536e-001
 7.0088303e-001
 6.5544844e-001
 6.0170865e-001
 5.4895234e-001
 5.1012552e-001
 5.0274670e-001
 5.1946938e-001
 5.3105718e-001
 5.4632014e-001
 5.7469988e-001
 6.0007179e-001
 6.1583251e-001
 6.2494540e-001
 6.2718153e-001
 6.2110478e-001
 6.0177594e-001
 5.6136680e-001
 5.0038314e-001
 4.2793700e-001
 4.5182687e-001
 3.7925124e-001
 3.1352484e-001
 2.5503966e-001
 2.0336871e-001
 1.5643293e-001
 1.2891114e-001
 1.2597091e-001
 1.4770943e-001
 1.6489050e-001
 1.7588559e-001
 2.0096278e-001
 2.6308435e-001
 3.3288786e-001
 3.7953991e-001
 4.0902534e-001
 4.2870894e-001
 4.4109303e-001
 4.4292587e-001
 4.4141045e-001
 4.4118297e-001
 4.3443856e-001
 4.2187107e-001
 4.0664047e-001
 3.9119866e-001
 3.7746069e-001
 3.6659917e-001
 3.5487926e-001
 3.4131819e-001
 3.2844424e-001
 3.2049236e-001
 3.1666631e-001
 3.0802175e-001
 2.9417026e-001
 2.8736812e-001
 3.0428436e-001
 3.1913257e-001
 3.2241452e-001
 3.1610203e-001
 3.0987969e-001
 3.2408404e-001
 3.3882192e-001
 3.4559441e-001
 3.4840587e-001
 3.4823611e-001
 3.4409019e-001
 3.3449432e-001
 3.2059741e-001
 3.0330485e-001
 2.8118804e-001
 2.5415921e-001
 2.2330274e-001
 1.9159561e-001
 1.6501276e-001
 1.4930043e-001
 1.4020310e-001
 1.3447718e-001
 1.3132212e-001
 1.2790889e-001
 1.2091612e-001
 1.1649419e-001
 1.1601114e-001
 1.1710434e-001
-1.2300000e+034
