s07_AV97 Record=2500: Olivine NMNH137044.a 160u     BECKa AREF
 2.0675665e-001
 2.2197722e-001
 2.3502992e-001
 2.5134924e-001
 2.7134982e-001
 2.8697613e-001
 2.9678658e-001
 3.0756000e-001
 3.1225118e-001
 3.2103977e-001
 3.3526805e-001
 3.5264921e-001
 3.6364013e-001
 3.7940261e-001
 4.0746680e-001
 4.2351526e-001
 4.3754485e-001
 4.5452935e-001
 4.7049773e-001
 4.8009121e-001
 4.8313794e-001
 4.8062325e-001
 4.7490662e-001
 4.6631333e-001
 4.5532569e-001
 4.4270748e-001
 4.3132773e-001
 4.2431462e-001
 4.2506033e-001
 4.2872787e-001
 4.2966476e-001
 4.2867902e-001
 4.2982966e-001
 4.2887440e-001
 4.2536026e-001
 4.1662616e-001
 4.0722725e-001
 3.9633659e-001
 3.8409102e-001
 3.7117654e-001
 3.5650563e-001
 3.4060425e-001
 3.2400236e-001
 3.0863664e-001
 2.9370576e-001
 2.7972636e-001
 2.6803124e-001
 2.5685889e-001
 2.4684438e-001
 2.3792745e-001
 2.2944628e-001
 2.2340231e-001
 2.1905902e-001
 2.1150884e-001
 2.0647815e-001
 2.0504814e-001
 1.9947402e-001
 1.9162947e-001
 1.8440425e-001
 1.7717636e-001
 1.6921483e-001
 1.5978935e-001
 1.4886035e-001
 1.4129527e-001
 1.3242038e-001
 1.2506872e-001
 1.1890564e-001
 1.1204135e-001
 1.0775841e-001
 1.0317681e-001
 1.0227709e-001
 9.9622183e-002
 9.7560965e-002
 9.6400648e-002
 9.9124238e-002
 1.0142603e-001
 1.0385527e-001
 1.0893928e-001
 1.1214156e-001
 1.1579094e-001
 1.2019449e-001
 1.2411460e-001
 1.2852588e-001
 1.3373800e-001
 1.3578524e-001
 1.3741119e-001
 1.4168587e-001
 1.4483897e-001
 1.4601265e-001
 1.4981817e-001
 1.5290010e-001
 1.5474340e-001
 1.5798445e-001
 1.6058411e-001
 1.6361164e-001
 1.6768225e-001
 1.6227864e-001
 1.6563170e-001
 1.6979288e-001
 1.7412078e-001
 1.8007249e-001
 1.8491498e-001
 1.9145116e-001
 1.9803964e-001
 2.0521648e-001
 2.1261549e-001
 2.2124451e-001
 2.3050670e-001
 2.3986121e-001
 2.4989213e-001
 2.5971115e-001
 2.7155986e-001
 2.8407490e-001
 2.9536238e-001
 3.0706549e-001
 3.2033402e-001
 3.3299664e-001
 3.4646747e-001
 3.6110762e-001
 3.7556633e-001
 3.9180225e-001
 4.0416071e-001
 4.1754422e-001
 4.3300501e-001
 4.4653970e-001
 4.5944807e-001
 4.7343644e-001
 4.8552671e-001
 4.9750629e-001
 5.0844961e-001
 5.1926690e-001
 5.2906227e-001
 5.3982747e-001
 5.4856914e-001
 5.5755621e-001
 5.6393838e-001
 5.7266134e-001
 5.8008385e-001
 5.8390510e-001
 5.8790594e-001
 5.9709758e-001
 6.0403782e-001
 6.0418630e-001
 6.0584599e-001
 6.0920966e-001
 6.1485010e-001
 6.1908191e-001
 6.1816478e-001
 6.2210310e-001
 6.2499475e-001
 6.3021803e-001
 6.3046986e-001
 6.2876880e-001
 6.3149124e-001
 6.3067180e-001
 6.3496268e-001
 6.3825935e-001
 6.3902342e-001
 6.4112800e-001
 6.4230633e-001
 6.4200890e-001
 6.4289135e-001
 6.4403063e-001
 6.4556992e-001
 6.4635038e-001
 6.4831948e-001
 6.5115041e-001
 6.5234184e-001
 6.5835339e-001
 6.6046101e-001
 6.6091967e-001
 6.6803175e-001
 6.7033958e-001
 6.7124122e-001
 6.7426819e-001
 6.7898524e-001
 6.8332654e-001
 6.8520963e-001
 6.8771344e-001
 6.9129503e-001
 6.9424808e-001
 6.9348991e-001
 6.9583893e-001
 7.0289308e-001
 7.0605677e-001
 7.1087253e-001
 7.1034539e-001
 7.1452051e-001
 7.1546990e-001
 7.1432537e-001
 7.1679574e-001
 7.1524602e-001
 7.1501756e-001
 7.1727365e-001
 7.2121608e-001
 7.2251850e-001
 7.2386891e-001
 7.2491360e-001
 7.2433299e-001
 7.2679573e-001
 7.2891104e-001
 7.3012942e-001
 7.3130161e-001
 7.3321313e-001
 7.3475885e-001
 7.3498648e-001
 7.3871928e-001
 7.3803431e-001
 7.3578447e-001
 7.4115998e-001
 7.4200976e-001
 7.4048799e-001
 7.4128228e-001
 7.4223119e-001
 7.4156410e-001
 7.3877805e-001
 7.3573172e-001
 7.3463047e-001
 7.3523778e-001
 7.3655856e-001
 7.3759097e-001
 7.3805213e-001
 7.3780346e-001
 7.3679918e-001
