s07_AV97 Record=62: Actinolite HS315.2B          ASDFRb AREF
 4.9449366e-001
 5.0814259e-001
 5.2264518e-001
 5.3570533e-001
 5.4705906e-001
 5.6045043e-001
 5.7573229e-001
 5.9088445e-001
 6.0230249e-001
 6.1284888e-001
 6.2227321e-001
 6.3197130e-001
 6.4111328e-001
 6.4905441e-001
 6.5750331e-001
 6.6705245e-001
 6.7463118e-001
 6.8096387e-001
 6.8651640e-001
 6.9254977e-001
 6.9712150e-001
 7.0064586e-001
 7.0323193e-001
 7.0420313e-001
 7.0483768e-001
 7.0510268e-001
 7.0556158e-001
 7.0582098e-001
 7.0498997e-001
 7.0425713e-001
 7.0357519e-001
 7.0337182e-001
 7.0364320e-001
 7.0338154e-001
 7.0347387e-001
 7.0471352e-001
 7.0395988e-001
 7.0404965e-001
 7.0470977e-001
 7.0531511e-001
 7.0670438e-001
 7.0828807e-001
 7.1017122e-001
 7.1219307e-001
 7.1403611e-001
 7.1553028e-001
 7.1614087e-001
 7.1600598e-001
 7.1515632e-001
 7.1369565e-001
 7.1117669e-001
 7.0811939e-001
 7.0473063e-001
 7.0091385e-001
 6.9674981e-001
 6.9214535e-001
 6.8704271e-001
 6.8120992e-001
 6.7497021e-001
 6.6765356e-001
 6.5956330e-001
 6.5024304e-001
 6.3746953e-001
 6.2979257e-001
 6.1994803e-001
 6.0986060e-001
 6.0049784e-001
 5.9244823e-001
 5.8703870e-001
 5.8187538e-001
 5.8080792e-001
 5.8359504e-001
 5.9214443e-001
 6.0464239e-001
 6.2260395e-001
 6.4407241e-001
 6.6340244e-001
 6.8323290e-001
 7.0090091e-001
 7.1567315e-001
 7.3033237e-001
 7.4137890e-001
 7.5138974e-001
 7.5963092e-001
 7.6623851e-001
 7.7272964e-001
 7.7810782e-001
 7.8406698e-001
 7.8918576e-001
 7.9403573e-001
 7.9950655e-001
 8.0469853e-001
 8.0899924e-001
 8.1362271e-001
 8.1768048e-001
 8.2080007e-001
 8.1540561e-001
 8.1936371e-001
 8.2212663e-001
 8.2647246e-001
 8.3027107e-001
 8.3409929e-001
 8.3816397e-001
 8.4198767e-001
 8.4562105e-001
 8.4924591e-001
 8.5030091e-001
 8.4878236e-001
 8.4093481e-001
 7.9953927e-001
 7.1223372e-001
 8.0282867e-001
 8.4469461e-001
 8.5820860e-001
 8.6413723e-001
 8.6813736e-001
 8.7154287e-001
 8.7395489e-001
 8.7582219e-001
 8.7758559e-001
 8.7972873e-001
 8.8117057e-001
 8.8278568e-001
 8.8423961e-001
 8.8571972e-001
 8.8743120e-001
 8.8886666e-001
 8.8996410e-001
 8.9099324e-001
 8.9203238e-001
 8.9293796e-001
 8.9396620e-001
 8.9442593e-001
 8.9500511e-001
 8.9612377e-001
 8.9742452e-001
 8.9808869e-001
 8.9869624e-001
 8.9864814e-001
 8.9837712e-001
 8.9947689e-001
 9.0006292e-001
 8.9964241e-001
 9.0000129e-001
 8.9874947e-001
 8.9800751e-001
 8.9676231e-001
 8.9567542e-001
 8.9561057e-001
 8.9463389e-001
 8.9400661e-001
 8.9219797e-001
 8.9129311e-001
 8.8900268e-001
 8.8564914e-001
 8.8669002e-001
 8.8692611e-001
 8.8865840e-001
 8.8873708e-001
 8.8756639e-001
 8.8805044e-001
 8.8574302e-001
 8.8141173e-001
 8.7413841e-001
 8.7136567e-001
 8.7204558e-001
 8.7186116e-001
 8.6953926e-001
 8.6668783e-001
 8.6404890e-001
 8.5979837e-001
 8.5685390e-001
 8.5459781e-001
 8.5380441e-001
 8.5602212e-001
 8.5889089e-001
 8.5810572e-001
 8.5418117e-001
 8.5143000e-001
 8.4996122e-001
 8.4406066e-001
 8.3838153e-001
 8.3353913e-001
 8.1695241e-001
 8.1485718e-001
 8.1471139e-001
 8.1859946e-001
 8.1977427e-001
 8.2106125e-001
 8.2117605e-001
 8.1883603e-001
 8.1761545e-001
 8.1506664e-001
 8.1270236e-001
 8.0742365e-001
 7.9689622e-001
 7.7998060e-001
 7.6498616e-001
 7.5651520e-001
 7.2421652e-001
 6.7716086e-001
 6.2196773e-001
 5.7268882e-001
 5.5530775e-001
 5.5942178e-001
 6.4391041e-001
 7.0611602e-001
 7.2203803e-001
 7.1572387e-001
 6.8581831e-001
 6.3133687e-001
 6.1024398e-001
 6.5997899e-001
 6.9161946e-001
 6.8951797e-001
 6.9461942e-001
 6.8764693e-001
 6.7612457e-001
 6.6717565e-001
 6.6656744e-001
 6.7151791e-001
 6.7407119e-001
 6.7251885e-001
-1.2300000e+034
