s07_AV97 Record=1304: Goethite GDS134             NIC4bbu RREF
-1.2300000e+034
-1.2300000e+034
-1.2300000e+034
-1.2300000e+034
-1.2300000e+034
-1.2300000e+034
-1.2300000e+034
-1.2300000e+034
-1.2300000e+034
-1.2300000e+034
-1.2300000e+034
-1.2300000e+034
-1.2300000e+034
-1.2300000e+034
-1.2300000e+034
-1.2300000e+034
-1.2300000e+034
-1.2300000e+034
-1.2300000e+034
-1.2300000e+034
-1.2300000e+034
-1.2300000e+034
-1.2300000e+034
-1.2300000e+034
-1.2300000e+034
-1.2300000e+034
-1.2300000e+034
-1.2300000e+034
-1.2300000e+034
-1.2300000e+034
-1.2300000e+034
-1.2300000e+034
-1.2300000e+034
-1.2300000e+034
-1.2300000e+034
-1.2300000e+034
-1.2300000e+034
-1.2300000e+034
-1.2300000e+034
-1.2300000e+034
-1.2300000e+034
-1.2300000e+034
-1.2300000e+034
-1.2300000e+034
-1.2300000e+034
-1.2300000e+034
-1.2300000e+034
-1.2300000e+034
-1.2300000e+034
-1.2300000e+034
-1.2300000e+034
-1.2300000e+034
-1.2300000e+034
-1.2300000e+034
-1.2300000e+034
-1.2300000e+034
-1.2300000e+034
-1.2300000e+034
-1.2300000e+034
-1.2300000e+034
-1.2300000e+034
-1.2300000e+034
-1.2300000e+034
-1.2300000e+034
-1.2300000e+034
-1.2300000e+034
-1.2300000e+034
-1.2300000e+034
-1.2300000e+034
-1.2300000e+034
-1.2300000e+034
-1.2300000e+034
-1.2300000e+034
-1.2300000e+034
-1.2300000e+034
-1.2300000e+034
-1.2300000e+034
-1.2300000e+034
-1.2300000e+034
-1.2300000e+034
-1.2300000e+034
-1.2300000e+034
-1.2300000e+034
-1.2300000e+034
-1.2300000e+034
-1.2300000e+034
-1.2300000e+034
-1.2300000e+034
-1.2300000e+034
-1.2300000e+034
-1.2300000e+034
-1.2300000e+034
-1.2300000e+034
-1.2300000e+034
-1.2300000e+034
-1.2300000e+034
-1.2300000e+034
-1.2300000e+034
-1.2300000e+034
-1.2300000e+034
-1.2300000e+034
-1.2300000e+034
-1.2300000e+034
-1.2300000e+034
-1.2300000e+034
-1.2300000e+034
-1.2300000e+034
-1.2300000e+034
-1.2300000e+034
-1.2300000e+034
-1.2300000e+034
-1.2300000e+034
-1.2300000e+034
-1.2300000e+034
-1.2300000e+034
-1.2300000e+034
-1.2300000e+034
-1.2300000e+034
-1.2300000e+034
-1.2300000e+034
-1.2300000e+034
-1.2300000e+034
-1.2300000e+034
-1.2300000e+034
-1.2300000e+034
-1.2300000e+034
-1.2300000e+034
-1.2300000e+034
-1.2300000e+034
-1.2300000e+034
-1.2300000e+034
-1.2300000e+034
-1.2300000e+034
-1.2300000e+034
-1.2300000e+034
-1.2300000e+034
-1.2300000e+034
-1.2300000e+034
-1.2300000e+034
-1.2300000e+034
-1.2300000e+034
-1.2300000e+034
-1.2300000e+034
-1.2300000e+034
 2.7943170e-001
 2.8111196e-001
 2.8270274e-001
 2.8422704e-001
 2.8581861e-001
 2.8760237e-001
 2.8943828e-001
 2.9154530e-001
 2.9358160e-001
 2.9568753e-001
 2.9769382e-001
 2.9964647e-001
 3.0126321e-001
 3.0259308e-001
 3.0385441e-001
 3.0445853e-001
 3.0429491e-001
 3.0462512e-001
 3.0423558e-001
 3.0361086e-001
 3.0341768e-001
 3.0379280e-001
 3.0456445e-001
 3.0553332e-001
 3.0679673e-001
 3.0788407e-001
 3.0894417e-001
 3.0983198e-001
 3.1090084e-001
 3.1243998e-001
 3.1458747e-001
 3.1718302e-001
 3.1986663e-001
 3.2245743e-001
 3.2474741e-001
 3.2662922e-001
 3.2823235e-001
 3.2973287e-001
 3.3101490e-001
 3.3208022e-001
 3.3301964e-001
 3.3353776e-001
 3.3349779e-001
 3.3310029e-001
 3.3241695e-001
 3.3165351e-001
 3.3071753e-001
 3.2960439e-001
 3.2828569e-001
 3.2696170e-001
 3.2540920e-001
 3.2361621e-001
 3.2172334e-001
 3.1965193e-001
 3.1778803e-001
 3.1611273e-001
 3.1440043e-001
 3.1241265e-001
 3.1023505e-001
 3.0783752e-001
 3.0538517e-001
 3.0264801e-001
 2.9977354e-001
 2.9687008e-001
 2.9371467e-001
 2.9012373e-001
 2.8565690e-001
 2.8046489e-001
 2.7543208e-001
 2.7205497e-001
 2.7069882e-001
 2.7054244e-001
 2.7070639e-001
 2.7083552e-001
 2.7061191e-001
 2.6987657e-001
 2.6897731e-001
 2.6813117e-001
 2.6760274e-001
 2.6771700e-001
